1 1 0.99 0 0 0 0 0 0 0 0 0 0 0 0 0 0 0 0 0 0 0 0 0 0 0 0 0 0 0 
1 1 0.99 0.01 0 0 0 0 0 0 0 0 0 0 0 0 0 0 0 0 0 0 0 0 0 0 0 0 0 0 
1 1 0.98 0.01 0 0 0 0 0 0 0 0 0 0 0 0 0 0 0 0 0 0 0 0 0 0 0 0 0 0 
1 1 0.97 0.01 0 0 0 0 0 0 0 0 0 0 0 0 0 0 0 0 0 0 0 0 0 0 0 0 0 0 
1 1 0.97 0.02 0 0 0 0 0 0 0 0 0 0 0 0 0 0 0 0 0 0 0 0 0 0 0 0 0 0 
1 1 0.96 0.02 0 0 0 0 0 0 0 0 0 0 0 0 0 0 0 0 0 0 0 0 0 0 0 0 0 0 
1 1 0.96 0.03 0 0 0 0 0 0 0 0 0 0 0 0 0 0 0 0 0 0 0 0 0 0 0 0 0 0 
1 1 0.95 0.03 0 0 0 0 0 0 0 0 0 0 0 0 0 0 0 0 0 0 0 0 0 0 0 0 0 0 
1 1 0.95 0.04 0 0 0 0 0 0 0 0 0 0 0 0 0 0 0 0 0 0 0 0 0 0 0 0 0 0 
1 1 0.94 0.04 0 0 0 0 0 0 0 0 0 0 0 0 0 0 0 0 0 0 0 0 0 0 0 0 0 0 
1 1 0.93 0.04 0 0 0 0 0 0 0 0 0 0 0 0 0 0 0 0 0 0 0 0 0 0 0 0 0 0 
1 1 0.92 0.04 0 0 0 0 0 0 0 0 0 0 0 0 0 0 0 0 0 0 0 0 0 0 0 0 0 0 
1 1 0.92 0.05 0 0 0 0 0 0 0 0 0 0 0 0 0 0 0 0 0 0 0 0 0 0 0 0 0 0 
1 1 0.91 0.05 0 0 0 0 0 0 0 0 0 0 0 0 0 0 0 0 0 0 0 0 0 0 0 0 0 0 
1 1 0.91 0.06 0 0 0 0 0 0 0 0 0 0 0 0 0 0 0 0 0 0 0 0 0 0 0 0 0 0 
1 1 0.91 0.07 0 0 0 0 0 0 0 0 0 0 0 0 0 0 0 0 0 0 0 0 0 0 0 0 0 0 
1 1 0.91 0.08 0 0 0 0 0 0 0 0 0 0 0 0 0 0 0 0 0 0 0 0 0 0 0 0 0 0 
1 1 0.91 0.09 0 0 0 0 0 0 0 0 0 0 0 0 0 0 0 0 0 0 0 0 0 0 0 0 0 0 
1 1 0.91 0.1 0 0 0 0 0 0 0 0 0 0 0 0 0 0 0 0 0 0 0 0 0 0 0 0 0 0 
1 1 0.9 0.1 0 0 0 0 0 0 0 0 0 0 0 0 0 0 0 0 0 0 0 0 0 0 0 0 0 0 
1 1 0.9 0.11 0 0 0 0 0 0 0 0 0 0 0 0 0 0 0 0 0 0 0 0 0 0 0 0 0 0 
1 1 0.89 0.11 0 0 0 0 0 0 0 0 0 0 0 0 0 0 0 0 0 0 0 0 0 0 0 0 0 0 
1 1 0.89 0.12 0 0 0 0 0 0 0 0 0 0 0 0 0 0 0 0 0 0 0 0 0 0 0 0 0 0 
1 1 0.89 0.13 0 0 0 0 0 0 0 0 0 0 0 0 0 0 0 0 0 0 0 0 0 0 0 0 0 0 
1 1 0.89 0.14 0 0 0 0 0 0 0 0 0 0 0 0 0 0 0 0 0 0 0 0 0 0 0 0 0 0 
1 1 0.88 0.14 0 0 0 0 0 0 0 0 0 0 0 0 0 0 0 0 0 0 0 0 0 0 0 0 0 0 
1 1 0.88 0.15 0 0 0 0 0 0 0 0 0 0 0 0 0 0 0 0 0 0 0 0 0 0 0 0 0 0 
1 0.99 0.88 0.15 0 0 0 0 0 0 0 0 0 0 0 0 0 0 0 0 0 0 0 0 0 0 0 0 0 0 
1 0.99 0.87 0.15 0 0 0 0 0 0 0 0 0 0 0 0 0 0 0 0 0 0 0 0 0 0 0 0 0 0 
1 0.98 0.87 0.15 0 0 0 0 0 0 0 0 0 0 0 0 0 0 0 0 0 0 0 0 0 0 0 0 0 0 
1 0.98 0.86 0.15 0 0 0 0 0 0 0 0 0 0 0 0 0 0 0 0 0 0 0 0 0 0 0 0 0 0 
1 0.98 0.85 0.15 0 0 0 0 0 0 0 0 0 0 0 0 0 0 0 0 0 0 0 0 0 0 0 0 0 0 
1 0.97 0.85 0.15 0 0 0 0 0 0 0 0 0 0 0 0 0 0 0 0 0 0 0 0 0 0 0 0 0 0 
1 0.97 0.84 0.15 0 0 0 0 0 0 0 0 0 0 0 0 0 0 0 0 0 0 0 0 0 0 0 0 0 0 
1 0.97 0.84 0.16 0 0 0 0 0 0 0 0 0 0 0 0 0 0 0 0 0 0 0 0 0 0 0 0 0 0 
1 0.97 0.83 0.16 0 0 0 0 0 0 0 0 0 0 0 0 0 0 0 0 0 0 0 0 0 0 0 0 0 0 
1 0.97 0.82 0.16 0 0 0 0 0 0 0 0 0 0 0 0 0 0 0 0 0 0 0 0 0 0 0 0 0 0 
1 0.97 0.82 0.17 0 0 0 0 0 0 0 0 0 0 0 0 0 0 0 0 0 0 0 0 0 0 0 0 0 0 
1 0.97 0.82 0.18 0 0 0 0 0 0 0 0 0 0 0 0 0 0 0 0 0 0 0 0 0 0 0 0 0 0 
1 0.97 0.82 0.19 0 0 0 0 0 0 0 0 0 0 0 0 0 0 0 0 0 0 0 0 0 0 0 0 0 0 
1 0.97 0.82 0.2 0 0 0 0 0 0 0 0 0 0 0 0 0 0 0 0 0 0 0 0 0 0 0 0 0 0 
1 0.97 0.81 0.2 0 0 0 0 0 0 0 0 0 0 0 0 0 0 0 0 0 0 0 0 0 0 0 0 0 0 
1 0.97 0.8 0.2 0 0 0 0 0 0 0 0 0 0 0 0 0 0 0 0 0 0 0 0 0 0 0 0 0 0 
1 0.96 0.8 0.2 0 0 0 0 0 0 0 0 0 0 0 0 0 0 0 0 0 0 0 0 0 0 0 0 0 0 
1 0.96 0.8 0.21 0 0 0 0 0 0 0 0 0 0 0 0 0 0 0 0 0 0 0 0 0 0 0 0 0 0 
1 0.96 0.81 0.21 0 0 0 0 0 0 0 0 0 0 0 0 0 0 0 0 0 0 0 0 0 0 0 0 0 0 
1 0.96 0.8 0.21 0 0 0 0 0 0 0 0 0 0 0 0 0 0 0 0 0 0 0 0 0 0 0 0 0 0 
1 0.96 0.8 0.22 0 0 0 0 0 0 0 0 0 0 0 0 0 0 0 0 0 0 0 0 0 0 0 0 0 0 
1 0.96 0.79 0.22 0 0 0 0 0 0 0 0 0 0 0 0 0 0 0 0 0 0 0 0 0 0 0 0 0 0 
1 0.95 0.79 0.22 0 0 0 0 0 0 0 0 0 0 0 0 0 0 0 0 0 0 0 0 0 0 0 0 0 0 
1 0.94 0.79 0.22 0 0 0 0 0 0 0 0 0 0 0 0 0 0 0 0 0 0 0 0 0 0 0 0 0 0 
1 0.94 0.79 0.21 0 0 0 0 0 0 0 0 0 0 0 0 0 0 0 0 0 0 0 0 0 0 0 0 0 0 
1 0.94 0.79 0.2 0 0 0 0 0 0 0 0 0 0 0 0 0 0 0 0 0 0 0 0 0 0 0 0 0 0 
1 0.93 0.79 0.2 0 0 0 0 0 0 0 0 0 0 0 0 0 0 0 0 0 0 0 0 0 0 0 0 0 0 
1 0.93 0.79 0.21 0 0 0 0 0 0 0 0 0 0 0 0 0 0 0 0 0 0 0 0 0 0 0 0 0 0 
1 0.92 0.79 0.21 0 0 0 0 0 0 0 0 0 0 0 0 0 0 0 0 0 0 0 0 0 0 0 0 0 0 
1 0.92 0.79 0.2 0 0 0 0 0 0 0 0 0 0 0 0 0 0 0 0 0 0 0 0 0 0 0 0 0 0 
1 0.92 0.78 0.2 0 0 0 0 0 0 0 0 0 0 0 0 0 0 0 0 0 0 0 0 0 0 0 0 0 0 
1 0.92 0.77 0.2 0 0 0 0 0 0 0 0 0 0 0 0 0 0 0 0 0 0 0 0 0 0 0 0 0 0 
1 0.92 0.77 0.2 0.01 0 0 0 0 0 0 0 0 0 0 0 0 0 0 0 0 0 0 0 0 0 0 0 0 0 
1 0.92 0.77 0.21 0.01 0 0 0 0 0 0 0 0 0 0 0 0 0 0 0 0 0 0 0 0 0 0 0 0 0 
1 0.92 0.77 0.2 0.01 0 0 0 0 0 0 0 0 0 0 0 0 0 0 0 0 0 0 0 0 0 0 0 0 0 
1 0.92 0.77 0.2 0.01 0 0 0 0 0 0 0 0 0 0 0 0 0 0 0 0 0 0 0 0 0 0 0 0 0 
1 0.91 0.77 0.2 0.01 0 0 0 0 0 0 0 0 0 0 0 0 0 0 0 0 0 0 0 0 0 0 0 0 0 
1 0.91 0.77 0.2 0.02 0 0 0 0 0 0 0 0 0 0 0 0 0 0 0 0 0 0 0 0 0 0 0 0 0 
1 0.91 0.76 0.2 0.02 0 0 0 0 0 0 0 0 0 0 0 0 0 0 0 0 0 0 0 0 0 0 0 0 0 
1 0.91 0.75 0.2 0.02 0 0 0 0 0 0 0 0 0 0 0 0 0 0 0 0 0 0 0 0 0 0 0 0 0 
1 0.91 0.74 0.2 0.02 0 0 0 0 0 0 0 0 0 0 0 0 0 0 0 0 0 0 0 0 0 0 0 0 0 
1 0.91 0.74 0.21 0.02 0 0 0 0 0 0 0 0 0 0 0 0 0 0 0 0 0 0 0 0 0 0 0 0 0 
1 0.9 0.74 0.21 0.02 0 0 0 0 0 0 0 0 0 0 0 0 0 0 0 0 0 0 0 0 0 0 0 0 0 
1 0.89 0.74 0.21 0.02 0 0 0 0 0 0 0 0 0 0 0 0 0 0 0 0 0 0 0 0 0 0 0 0 0 
1 0.89 0.74 0.22 0.02 0 0 0 0 0 0 0 0 0 0 0 0 0 0 0 0 0 0 0 0 0 0 0 0 0 
1 0.89 0.74 0.21 0.02 0 0 0 0 0 0 0 0 0 0 0 0 0 0 0 0 0 0 0 0 0 0 0 0 0 
1 0.89 0.73 0.21 0.02 0 0 0 0 0 0 0 0 0 0 0 0 0 0 0 0 0 0 0 0 0 0 0 0 0 
1 0.88 0.73 0.21 0.02 0 0 0 0 0 0 0 0 0 0 0 0 0 0 0 0 0 0 0 0 0 0 0 0 0 
1 0.88 0.72 0.21 0.02 0 0 0 0 0 0 0 0 0 0 0 0 0 0 0 0 0 0 0 0 0 0 0 0 0 
1 0.88 0.72 0.21 0.03 0 0 0 0 0 0 0 0 0 0 0 0 0 0 0 0 0 0 0 0 0 0 0 0 0 
1 0.88 0.72 0.22 0.03 0 0 0 0 0 0 0 0 0 0 0 0 0 0 0 0 0 0 0 0 0 0 0 0 0 
1 0.88 0.72 0.21 0.03 0 0 0 0 0 0 0 0 0 0 0 0 0 0 0 0 0 0 0 0 0 0 0 0 0 
1 0.88 0.72 0.22 0.03 0 0 0 0 0 0 0 0 0 0 0 0 0 0 0 0 0 0 0 0 0 0 0 0 0 
1 0.88 0.72 0.22 0.04 0 0 0 0 0 0 0 0 0 0 0 0 0 0 0 0 0 0 0 0 0 0 0 0 0 
1 0.88 0.72 0.23 0.04 0 0 0 0 0 0 0 0 0 0 0 0 0 0 0 0 0 0 0 0 0 0 0 0 0 
1 0.87 0.72 0.23 0.04 0 0 0 0 0 0 0 0 0 0 0 0 0 0 0 0 0 0 0 0 0 0 0 0 0 
1 0.87 0.72 0.23 0.04 0 0 0 0 0 0 0 0 0 0 0 0 0 0 0 0 0 0 0 0 0 0 0 0 0 
1 0.87 0.72 0.24 0.04 0 0 0 0 0 0 0 0 0 0 0 0 0 0 0 0 0 0 0 0 0 0 0 0 0 
1 0.87 0.71 0.24 0.04 0 0 0 0 0 0 0 0 0 0 0 0 0 0 0 0 0 0 0 0 0 0 0 0 0 
1 0.87 0.71 0.25 0.04 0 0 0 0 0 0 0 0 0 0 0 0 0 0 0 0 0 0 0 0 0 0 0 0 0 
1 0.87 0.7 0.25 0.04 0 0 0 0 0 0 0 0 0 0 0 0 0 0 0 0 0 0 0 0 0 0 0 0 0 
1 0.87 0.7 0.24 0.04 0 0 0 0 0 0 0 0 0 0 0 0 0 0 0 0 0 0 0 0 0 0 0 0 0 
1 0.87 0.7 0.23 0.04 0 0 0 0 0 0 0 0 0 0 0 0 0 0 0 0 0 0 0 0 0 0 0 0 0 
1 0.87 0.7 0.23 0.05 0 0 0 0 0 0 0 0 0 0 0 0 0 0 0 0 0 0 0 0 0 0 0 0 0 
1 0.87 0.69 0.23 0.05 0 0 0 0 0 0 0 0 0 0 0 0 0 0 0 0 0 0 0 0 0 0 0 0 0 
1 0.87 0.69 0.24 0.05 0 0 0 0 0 0 0 0 0 0 0 0 0 0 0 0 0 0 0 0 0 0 0 0 0 
1 0.86 0.69 0.24 0.05 0 0 0 0 0 0 0 0 0 0 0 0 0 0 0 0 0 0 0 0 0 0 0 0 0 
1 0.86 0.7 0.24 0.05 0 0 0 0 0 0 0 0 0 0 0 0 0 0 0 0 0 0 0 0 0 0 0 0 0 
1 0.86 0.7 0.24 0.05 0 0 0 0 0 0 0 0 0 0 0 0 0 0 0 0 0 0 0 0 0 0 0 0 0 
1 0.86 0.69 0.24 0.05 0 0 0 0 0 0 0 0 0 0 0 0 0 0 0 0 0 0 0 0 0 0 0 0 0 
1 0.86 0.69 0.24 0.06 0 0 0 0 0 0 0 0 0 0 0 0 0 0 0 0 0 0 0 0 0 0 0 0 0 
1 0.86 0.69 0.24 0.05 0 0 0 0 0 0 0 0 0 0 0 0 0 0 0 0 0 0 0 0 0 0 0 0 0 
1 0.86 0.69 0.24 0.04 0 0 0 0 0 0 0 0 0 0 0 0 0 0 0 0 0 0 0 0 0 0 0 0 0 
1 0.86 0.69 0.24 0.04 0 0 0 0 0 0 0 0 0 0 0 0 0 0 0 0 0 0 0 0 0 0 0 0 0 
1 0.85 0.69 0.24 0.04 0 0 0 0 0 0 0 0 0 0 0 0 0 0 0 0 0 0 0 0 0 0 0 0 0 
1 0.85 0.68 0.24 0.04 0 0 0 0 0 0 0 0 0 0 0 0 0 0 0 0 0 0 0 0 0 0 0 0 0 
1 0.85 0.68 0.24 0.05 0 0 0 0 0 0 0 0 0 0 0 0 0 0 0 0 0 0 0 0 0 0 0 0 0 
1 0.85 0.68 0.23 0.05 0 0 0 0 0 0 0 0 0 0 0 0 0 0 0 0 0 0 0 0 0 0 0 0 0 
1 0.84 0.68 0.23 0.05 0 0 0 0 0 0 0 0 0 0 0 0 0 0 0 0 0 0 0 0 0 0 0 0 0 
1 0.84 0.67 0.23 0.05 0 0 0 0 0 0 0 0 0 0 0 0 0 0 0 0 0 0 0 0 0 0 0 0 0 
1 0.84 0.67 0.24 0.05 0 0 0 0 0 0 0 0 0 0 0 0 0 0 0 0 0 0 0 0 0 0 0 0 0 
1 0.84 0.66 0.24 0.05 0 0 0 0 0 0 0 0 0 0 0 0 0 0 0 0 0 0 0 0 0 0 0 0 0 
1 0.84 0.66 0.25 0.05 0 0 0 0 0 0 0 0 0 0 0 0 0 0 0 0 0 0 0 0 0 0 0 0 0 
1 0.84 0.65 0.25 0.05 0 0 0 0 0 0 0 0 0 0 0 0 0 0 0 0 0 0 0 0 0 0 0 0 0 
1 0.84 0.65 0.24 0.05 0 0 0 0 0 0 0 0 0 0 0 0 0 0 0 0 0 0 0 0 0 0 0 0 0 
1 0.84 0.64 0.24 0.05 0 0 0 0 0 0 0 0 0 0 0 0 0 0 0 0 0 0 0 0 0 0 0 0 0 
1 0.84 0.64 0.24 0.06 0 0 0 0 0 0 0 0 0 0 0 0 0 0 0 0 0 0 0 0 0 0 0 0 0 
1 0.83 0.64 0.24 0.06 0 0 0 0 0 0 0 0 0 0 0 0 0 0 0 0 0 0 0 0 0 0 0 0 0 
1 0.83 0.63 0.24 0.06 0 0 0 0 0 0 0 0 0 0 0 0 0 0 0 0 0 0 0 0 0 0 0 0 0 
1 0.83 0.63 0.25 0.06 0 0 0 0 0 0 0 0 0 0 0 0 0 0 0 0 0 0 0 0 0 0 0 0 0 
1 0.83 0.63 0.26 0.06 0 0 0 0 0 0 0 0 0 0 0 0 0 0 0 0 0 0 0 0 0 0 0 0 0 
1 0.83 0.62 0.26 0.06 0 0 0 0 0 0 0 0 0 0 0 0 0 0 0 0 0 0 0 0 0 0 0 0 0 
1 0.83 0.62 0.26 0.06 0.01 0 0 0 0 0 0 0 0 0 0 0 0 0 0 0 0 0 0 0 0 0 0 0 0 
1 0.83 0.62 0.26 0.05 0.01 0 0 0 0 0 0 0 0 0 0 0 0 0 0 0 0 0 0 0 0 0 0 0 0 
1 0.83 0.61 0.26 0.05 0.01 0 0 0 0 0 0 0 0 0 0 0 0 0 0 0 0 0 0 0 0 0 0 0 0 
1 0.82 0.61 0.26 0.05 0.01 0 0 0 0 0 0 0 0 0 0 0 0 0 0 0 0 0 0 0 0 0 0 0 0 
1 0.82 0.61 0.25 0.05 0.01 0 0 0 0 0 0 0 0 0 0 0 0 0 0 0 0 0 0 0 0 0 0 0 0 
1 0.82 0.61 0.25 0.06 0.01 0 0 0 0 0 0 0 0 0 0 0 0 0 0 0 0 0 0 0 0 0 0 0 0 
1 0.82 0.61 0.25 0.06 0.01 0 0 0 0 0 0 0 0 0 0 0 0 0 0 0 0 0 0 0 0 0 0 0 0 
1 0.81 0.61 0.25 0.06 0.01 0 0 0 0 0 0 0 0 0 0 0 0 0 0 0 0 0 0 0 0 0 0 0 0 
1 0.81 0.6 0.25 0.06 0.01 0 0 0 0 0 0 0 0 0 0 0 0 0 0 0 0 0 0 0 0 0 0 0 0 
1 0.81 0.6 0.24 0.06 0.01 0 0 0 0 0 0 0 0 0 0 0 0 0 0 0 0 0 0 0 0 0 0 0 0 
1 0.81 0.6 0.23 0.06 0.01 0 0 0 0 0 0 0 0 0 0 0 0 0 0 0 0 0 0 0 0 0 0 0 0 
1 0.81 0.6 0.23 0.06 0.02 0 0 0 0 0 0 0 0 0 0 0 0 0 0 0 0 0 0 0 0 0 0 0 0 
1 0.81 0.6 0.24 0.06 0.02 0 0 0 0 0 0 0 0 0 0 0 0 0 0 0 0 0 0 0 0 0 0 0 0 
1 0.81 0.59 0.24 0.06 0.02 0 0 0 0 0 0 0 0 0 0 0 0 0 0 0 0 0 0 0 0 0 0 0 0 
1 0.81 0.59 0.24 0.07 0.02 0 0 0 0 0 0 0 0 0 0 0 0 0 0 0 0 0 0 0 0 0 0 0 0 
1 0.81 0.59 0.24 0.08 0.02 0 0 0 0 0 0 0 0 0 0 0 0 0 0 0 0 0 0 0 0 0 0 0 0 
1 0.81 0.58 0.24 0.08 0.02 0 0 0 0 0 0 0 0 0 0 0 0 0 0 0 0 0 0 0 0 0 0 0 0 
1 0.81 0.58 0.25 0.08 0.02 0 0 0 0 0 0 0 0 0 0 0 0 0 0 0 0 0 0 0 0 0 0 0 0 
1 0.81 0.58 0.26 0.08 0.02 0 0 0 0 0 0 0 0 0 0 0 0 0 0 0 0 0 0 0 0 0 0 0 0 
1 0.81 0.58 0.26 0.08 0.02 0 0 0 0 0 0 0 0 0 0 0 0 0 0 0 0 0 0 0 0 0 0 0 0 
1 0.81 0.58 0.26 0.09 0.02 0 0 0 0 0 0 0 0 0 0 0 0 0 0 0 0 0 0 0 0 0 0 0 0 
1 0.81 0.58 0.27 0.09 0.02 0 0 0 0 0 0 0 0 0 0 0 0 0 0 0 0 0 0 0 0 0 0 0 0 
1 0.8 0.58 0.27 0.09 0.02 0 0 0 0 0 0 0 0 0 0 0 0 0 0 0 0 0 0 0 0 0 0 0 0 
1 0.8 0.58 0.27 0.09 0.02 0 0 0 0 0 0 0 0 0 0 0 0 0 0 0 0 0 0 0 0 0 0 0 0 
1 0.8 0.59 0.27 0.09 0.02 0 0 0 0 0 0 0 0 0 0 0 0 0 0 0 0 0 0 0 0 0 0 0 0 
1 0.8 0.6 0.27 0.09 0.02 0 0 0 0 0 0 0 0 0 0 0 0 0 0 0 0 0 0 0 0 0 0 0 0 
1 0.8 0.6 0.28 0.09 0.02 0 0 0 0 0 0 0 0 0 0 0 0 0 0 0 0 0 0 0 0 0 0 0 0 
1 0.8 0.6 0.28 0.09 0.02 0.01 0 0 0 0 0 0 0 0 0 0 0 0 0 0 0 0 0 0 0 0 0 0 0 
1 0.79 0.6 0.28 0.09 0.02 0.01 0 0 0 0 0 0 0 0 0 0 0 0 0 0 0 0 0 0 0 0 0 0 0 
1 0.79 0.6 0.29 0.09 0.02 0.01 0 0 0 0 0 0 0 0 0 0 0 0 0 0 0 0 0 0 0 0 0 0 0 
1 0.78 0.6 0.29 0.09 0.02 0.01 0 0 0 0 0 0 0 0 0 0 0 0 0 0 0 0 0 0 0 0 0 0 0 
1 0.77 0.6 0.29 0.09 0.02 0.01 0 0 0 0 0 0 0 0 0 0 0 0 0 0 0 0 0 0 0 0 0 0 0 
1 0.77 0.6 0.28 0.09 0.02 0.01 0 0 0 0 0 0 0 0 0 0 0 0 0 0 0 0 0 0 0 0 0 0 0 
1 0.77 0.6 0.28 0.09 0.02 0.01 0 0 0 0 0 0 0 0 0 0 0 0 0 0 0 0 0 0 0 0 0 0 0 
1 0.77 0.6 0.28 0.1 0.02 0.01 0 0 0 0 0 0 0 0 0 0 0 0 0 0 0 0 0 0 0 0 0 0 0 
1 0.76 0.6 0.28 0.1 0.02 0.01 0 0 0 0 0 0 0 0 0 0 0 0 0 0 0 0 0 0 0 0 0 0 0 
1 0.76 0.6 0.28 0.11 0.02 0.01 0 0 0 0 0 0 0 0 0 0 0 0 0 0 0 0 0 0 0 0 0 0 0 
1 0.76 0.6 0.27 0.11 0.02 0.01 0 0 0 0 0 0 0 0 0 0 0 0 0 0 0 0 0 0 0 0 0 0 0 
1 0.76 0.6 0.28 0.11 0.02 0.01 0 0 0 0 0 0 0 0 0 0 0 0 0 0 0 0 0 0 0 0 0 0 0 
1 0.76 0.6 0.28 0.11 0.03 0.01 0 0 0 0 0 0 0 0 0 0 0 0 0 0 0 0 0 0 0 0 0 0 0 
1 0.76 0.6 0.29 0.11 0.03 0.01 0 0 0 0 0 0 0 0 0 0 0 0 0 0 0 0 0 0 0 0 0 0 0 
1 0.76 0.59 0.29 0.11 0.03 0.01 0 0 0 0 0 0 0 0 0 0 0 0 0 0 0 0 0 0 0 0 0 0 0 
1 0.76 0.59 0.29 0.11 0.03 0.01 0 0 0 0 0 0 0 0 0 0 0 0 0 0 0 0 0 0 0 0 0 0 0 
1 0.77 0.59 0.29 0.11 0.03 0.01 0 0 0 0 0 0 0 0 0 0 0 0 0 0 0 0 0 0 0 0 0 0 0 
1 0.77 0.59 0.29 0.12 0.03 0.01 0 0 0 0 0 0 0 0 0 0 0 0 0 0 0 0 0 0 0 0 0 0 0 
1 0.77 0.59 0.29 0.12 0.03 0.01 0 0 0 0 0 0 0 0 0 0 0 0 0 0 0 0 0 0 0 0 0 0 0 
1 0.77 0.58 0.29 0.12 0.03 0.01 0 0 0 0 0 0 0 0 0 0 0 0 0 0 0 0 0 0 0 0 0 0 0 
1 0.77 0.58 0.29 0.13 0.03 0.01 0 0 0 0 0 0 0 0 0 0 0 0 0 0 0 0 0 0 0 0 0 0 0 
1 0.76 0.58 0.29 0.13 0.03 0.01 0 0 0 0 0 0 0 0 0 0 0 0 0 0 0 0 0 0 0 0 0 0 0 
1 0.76 0.58 0.29 0.14 0.03 0.01 0 0 0 0 0 0 0 0 0 0 0 0 0 0 0 0 0 0 0 0 0 0 0 
1 0.76 0.57 0.29 0.14 0.03 0.01 0 0 0 0 0 0 0 0 0 0 0 0 0 0 0 0 0 0 0 0 0 0 0 
1 0.76 0.57 0.3 0.14 0.03 0.01 0 0 0 0 0 0 0 0 0 0 0 0 0 0 0 0 0 0 0 0 0 0 0 
1 0.76 0.57 0.3 0.13 0.03 0.01 0 0 0 0 0 0 0 0 0 0 0 0 0 0 0 0 0 0 0 0 0 0 0 
1 0.76 0.56 0.3 0.13 0.03 0.01 0 0 0 0 0 0 0 0 0 0 0 0 0 0 0 0 0 0 0 0 0 0 0 
1 0.75 0.56 0.3 0.13 0.03 0.01 0 0 0 0 0 0 0 0 0 0 0 0 0 0 0 0 0 0 0 0 0 0 0 
1 0.75 0.55 0.3 0.13 0.03 0.01 0 0 0 0 0 0 0 0 0 0 0 0 0 0 0 0 0 0 0 0 0 0 0 
1 0.75 0.55 0.3 0.13 0.03 0.01 0 0 0 0 0 0 0 0 0 0 0 0 0 0 0 0 0 0 0 0 0 0 0 
1 0.75 0.54 0.3 0.13 0.03 0.01 0 0 0 0 0 0 0 0 0 0 0 0 0 0 0 0 0 0 0 0 0 0 0 
1 0.75 0.55 0.3 0.13 0.03 0.01 0 0 0 0 0 0 0 0 0 0 0 0 0 0 0 0 0 0 0 0 0 0 0 
1 0.75 0.55 0.3 0.13 0.03 0.01 0 0 0 0 0 0 0 0 0 0 0 0 0 0 0 0 0 0 0 0 0 0 0 
1 0.74 0.55 0.3 0.13 0.03 0.01 0 0 0 0 0 0 0 0 0 0 0 0 0 0 0 0 0 0 0 0 0 0 0 
1 0.74 0.55 0.3 0.14 0.03 0.01 0 0 0 0 0 0 0 0 0 0 0 0 0 0 0 0 0 0 0 0 0 0 0 
1 0.74 0.55 0.3 0.14 0.03 0.01 0 0 0 0 0 0 0 0 0 0 0 0 0 0 0 0 0 0 0 0 0 0 0 
1 0.74 0.56 0.3 0.14 0.03 0.01 0 0 0 0 0 0 0 0 0 0 0 0 0 0 0 0 0 0 0 0 0 0 0 
1 0.74 0.55 0.3 0.14 0.03 0.01 0 0 0 0 0 0 0 0 0 0 0 0 0 0 0 0 0 0 0 0 0 0 0 
1 0.74 0.55 0.3 0.13 0.03 0.01 0 0 0 0 0 0 0 0 0 0 0 0 0 0 0 0 0 0 0 0 0 0 0 
1 0.74 0.55 0.3 0.14 0.03 0.01 0 0 0 0 0 0 0 0 0 0 0 0 0 0 0 0 0 0 0 0 0 0 0 
1 0.74 0.55 0.29 0.14 0.03 0.01 0 0 0 0 0 0 0 0 0 0 0 0 0 0 0 0 0 0 0 0 0 0 0 
1 0.74 0.55 0.29 0.14 0.03 0.01 0 0 0 0 0 0 0 0 0 0 0 0 0 0 0 0 0 0 0 0 0 0 0 
1 0.74 0.55 0.29 0.15 0.03 0.01 0 0 0 0 0 0 0 0 0 0 0 0 0 0 0 0 0 0 0 0 0 0 0 
1 0.74 0.55 0.29 0.15 0.03 0.01 0 0 0 0 0 0 0 0 0 0 0 0 0 0 0 0 0 0 0 0 0 0 0 
1 0.74 0.55 0.29 0.15 0.03 0.01 0 0 0 0 0 0 0 0 0 0 0 0 0 0 0 0 0 0 0 0 0 0 0 
1 0.73 0.55 0.29 0.15 0.03 0.01 0 0 0 0 0 0 0 0 0 0 0 0 0 0 0 0 0 0 0 0 0 0 0 
1 0.73 0.55 0.3 0.15 0.03 0.01 0 0 0 0 0 0 0 0 0 0 0 0 0 0 0 0 0 0 0 0 0 0 0 
1 0.73 0.55 0.3 0.15 0.03 0.01 0 0 0 0 0 0 0 0 0 0 0 0 0 0 0 0 0 0 0 0 0 0 0 
1 0.73 0.55 0.3 0.15 0.04 0.01 0 0 0 0 0 0 0 0 0 0 0 0 0 0 0 0 0 0 0 0 0 0 0 
1 0.73 0.55 0.3 0.15 0.05 0.01 0 0 0 0 0 0 0 0 0 0 0 0 0 0 0 0 0 0 0 0 0 0 0 
1 0.73 0.55 0.29 0.15 0.05 0.01 0 0 0 0 0 0 0 0 0 0 0 0 0 0 0 0 0 0 0 0 0 0 0 
1 0.73 0.55 0.29 0.15 0.06 0.01 0 0 0 0 0 0 0 0 0 0 0 0 0 0 0 0 0 0 0 0 0 0 0 
1 0.73 0.55 0.29 0.15 0.06 0.01 0 0 0 0 0 0 0 0 0 0 0 0 0 0 0 0 0 0 0 0 0 0 0 
1 0.73 0.55 0.29 0.15 0.05 0.01 0 0 0 0 0 0 0 0 0 0 0 0 0 0 0 0 0 0 0 0 0 0 0 
1 0.73 0.54 0.29 0.15 0.05 0.01 0 0 0 0 0 0 0 0 0 0 0 0 0 0 0 0 0 0 0 0 0 0 0 
1 0.73 0.54 0.29 0.15 0.06 0.01 0 0 0 0 0 0 0 0 0 0 0 0 0 0 0 0 0 0 0 0 0 0 0 
1 0.73 0.53 0.29 0.15 0.06 0.01 0 0 0 0 0 0 0 0 0 0 0 0 0 0 0 0 0 0 0 0 0 0 0 
1 0.73 0.53 0.29 0.15 0.06 0.01 0 0 0 0 0 0 0 0 0 0 0 0 0 0 0 0 0 0 0 0 0 0 0 
1 0.73 0.53 0.29 0.15 0.06 0.01 0 0 0 0 0 0 0 0 0 0 0 0 0 0 0 0 0 0 0 0 0 0 0 
1 0.73 0.53 0.28 0.15 0.06 0.01 0 0 0 0 0 0 0 0 0 0 0 0 0 0 0 0 0 0 0 0 0 0 0 
1 0.73 0.53 0.29 0.15 0.06 0.01 0 0 0 0 0 0 0 0 0 0 0 0 0 0 0 0 0 0 0 0 0 0 0 
1 0.73 0.53 0.29 0.15 0.06 0.01 0 0 0 0 0 0 0 0 0 0 0 0 0 0 0 0 0 0 0 0 0 0 0 
1 0.73 0.52 0.29 0.15 0.06 0.01 0 0 0 0 0 0 0 0 0 0 0 0 0 0 0 0 0 0 0 0 0 0 0 
1 0.73 0.52 0.3 0.15 0.06 0.01 0 0 0 0 0 0 0 0 0 0 0 0 0 0 0 0 0 0 0 0 0 0 0 
1 0.73 0.53 0.3 0.15 0.06 0.01 0 0 0 0 0 0 0 0 0 0 0 0 0 0 0 0 0 0 0 0 0 0 0 
1 0.72 0.53 0.3 0.15 0.06 0.01 0 0 0 0 0 0 0 0 0 0 0 0 0 0 0 0 0 0 0 0 0 0 0 
1 0.72 0.53 0.3 0.15 0.06 0.01 0 0 0 0 0 0 0 0 0 0 0 0 0 0 0 0 0 0 0 0 0 0 0 
1 0.72 0.52 0.3 0.15 0.06 0.01 0 0 0 0 0 0 0 0 0 0 0 0 0 0 0 0 0 0 0 0 0 0 0 
1 0.72 0.51 0.3 0.15 0.06 0.01 0 0 0 0 0 0 0 0 0 0 0 0 0 0 0 0 0 0 0 0 0 0 0 
1 0.71 0.51 0.3 0.15 0.06 0.01 0 0 0 0 0 0 0 0 0 0 0 0 0 0 0 0 0 0 0 0 0 0 0 
1 0.72 0.51 0.3 0.15 0.06 0.01 0 0 0 0 0 0 0 0 0 0 0 0 0 0 0 0 0 0 0 0 0 0 0 
1 0.72 0.5 0.3 0.15 0.06 0.01 0 0 0 0 0 0 0 0 0 0 0 0 0 0 0 0 0 0 0 0 0 0 0 
1 0.72 0.5 0.29 0.15 0.06 0.01 0 0 0 0 0 0 0 0 0 0 0 0 0 0 0 0 0 0 0 0 0 0 0 
1 0.71 0.5 0.29 0.15 0.06 0.01 0 0 0 0 0 0 0 0 0 0 0 0 0 0 0 0 0 0 0 0 0 0 0 
1 0.7 0.5 0.29 0.15 0.06 0.01 0 0 0 0 0 0 0 0 0 0 0 0 0 0 0 0 0 0 0 0 0 0 0 
1 0.7 0.5 0.3 0.15 0.06 0.01 0 0 0 0 0 0 0 0 0 0 0 0 0 0 0 0 0 0 0 0 0 0 0 
1 0.7 0.5 0.3 0.15 0.07 0.01 0 0 0 0 0 0 0 0 0 0 0 0 0 0 0 0 0 0 0 0 0 0 0 
1 0.7 0.49 0.3 0.15 0.07 0.01 0 0 0 0 0 0 0 0 0 0 0 0 0 0 0 0 0 0 0 0 0 0 0 
1 0.7 0.49 0.29 0.15 0.07 0.01 0 0 0 0 0 0 0 0 0 0 0 0 0 0 0 0 0 0 0 0 0 0 0 
1 0.7 0.49 0.29 0.14 0.07 0.01 0 0 0 0 0 0 0 0 0 0 0 0 0 0 0 0 0 0 0 0 0 0 0 
1 0.7 0.49 0.29 0.14 0.08 0.01 0 0 0 0 0 0 0 0 0 0 0 0 0 0 0 0 0 0 0 0 0 0 0 
1 0.7 0.49 0.29 0.14 0.08 0.01 0 0 0 0 0 0 0 0 0 0 0 0 0 0 0 0 0 0 0 0 0 0 0 
1 0.69 0.49 0.29 0.14 0.08 0.01 0 0 0 0 0 0 0 0 0 0 0 0 0 0 0 0 0 0 0 0 0 0 0 
1 0.69 0.49 0.29 0.13 0.08 0.01 0 0 0 0 0 0 0 0 0 0 0 0 0 0 0 0 0 0 0 0 0 0 0 
1 0.69 0.48 0.29 0.13 0.08 0.01 0 0 0 0 0 0 0 0 0 0 0 0 0 0 0 0 0 0 0 0 0 0 0 
1 0.69 0.48 0.29 0.13 0.08 0.01 0 0 0 0 0 0 0 0 0 0 0 0 0 0 0 0 0 0 0 0 0 0 0 
1 0.69 0.48 0.3 0.13 0.08 0.01 0 0 0 0 0 0 0 0 0 0 0 0 0 0 0 0 0 0 0 0 0 0 0 
1 0.69 0.48 0.3 0.13 0.08 0.01 0 0 0 0 0 0 0 0 0 0 0 0 0 0 0 0 0 0 0 0 0 0 0 
1 0.69 0.48 0.29 0.13 0.08 0.01 0 0 0 0 0 0 0 0 0 0 0 0 0 0 0 0 0 0 0 0 0 0 0 
1 0.69 0.48 0.28 0.13 0.08 0.01 0 0 0 0 0 0 0 0 0 0 0 0 0 0 0 0 0 0 0 0 0 0 0 
1 0.69 0.48 0.28 0.13 0.08 0.02 0 0 0 0 0 0 0 0 0 0 0 0 0 0 0 0 0 0 0 0 0 0 0 
1 0.69 0.48 0.28 0.13 0.08 0.02 0 0 0 0 0 0 0 0 0 0 0 0 0 0 0 0 0 0 0 0 0 0 0 
1 0.69 0.48 0.28 0.14 0.08 0.02 0 0 0 0 0 0 0 0 0 0 0 0 0 0 0 0 0 0 0 0 0 0 0 
1 0.69 0.48 0.28 0.15 0.08 0.02 0 0 0 0 0 0 0 0 0 0 0 0 0 0 0 0 0 0 0 0 0 0 0 
1 0.69 0.48 0.27 0.15 0.08 0.02 0 0 0 0 0 0 0 0 0 0 0 0 0 0 0 0 0 0 0 0 0 0 0 
1 0.68 0.48 0.27 0.15 0.08 0.02 0 0 0 0 0 0 0 0 0 0 0 0 0 0 0 0 0 0 0 0 0 0 0 
1 0.68 0.48 0.27 0.14 0.08 0.02 0 0 0 0 0 0 0 0 0 0 0 0 0 0 0 0 0 0 0 0 0 0 0 
1 0.67 0.48 0.27 0.14 0.08 0.02 0 0 0 0 0 0 0 0 0 0 0 0 0 0 0 0 0 0 0 0 0 0 0 
1 0.67 0.48 0.28 0.14 0.08 0.02 0 0 0 0 0 0 0 0 0 0 0 0 0 0 0 0 0 0 0 0 0 0 0 
1 0.67 0.48 0.28 0.15 0.08 0.02 0 0 0 0 0 0 0 0 0 0 0 0 0 0 0 0 0 0 0 0 0 0 0 
1 0.67 0.48 0.28 0.16 0.08 0.02 0 0 0 0 0 0 0 0 0 0 0 0 0 0 0 0 0 0 0 0 0 0 0 
1 0.66 0.48 0.28 0.16 0.08 0.02 0 0 0 0 0 0 0 0 0 0 0 0 0 0 0 0 0 0 0 0 0 0 0 
1 0.66 0.48 0.28 0.15 0.08 0.02 0 0 0 0 0 0 0 0 0 0 0 0 0 0 0 0 0 0 0 0 0 0 0 
1 0.67 0.48 0.28 0.15 0.08 0.02 0 0 0 0 0 0 0 0 0 0 0 0 0 0 0 0 0 0 0 0 0 0 0 
1 0.67 0.49 0.28 0.15 0.08 0.02 0 0 0 0 0 0 0 0 0 0 0 0 0 0 0 0 0 0 0 0 0 0 0 
1 0.67 0.49 0.27 0.15 0.08 0.02 0 0 0 0 0 0 0 0 0 0 0 0 0 0 0 0 0 0 0 0 0 0 0 
1 0.67 0.49 0.27 0.15 0.08 0.02 0 0 0 0 0 0 0 0 0 0 0 0 0 0 0 0 0 0 0 0 0 0 0 
1 0.67 0.49 0.28 0.15 0.08 0.02 0 0 0 0 0 0 0 0 0 0 0 0 0 0 0 0 0 0 0 0 0 0 0 
1 0.67 0.48 0.28 0.15 0.08 0.02 0 0 0 0 0 0 0 0 0 0 0 0 0 0 0 0 0 0 0 0 0 0 0 
1 0.67 0.48 0.29 0.15 0.08 0.02 0 0 0 0 0 0 0 0 0 0 0 0 0 0 0 0 0 0 0 0 0 0 0 
1 0.67 0.48 0.3 0.15 0.08 0.02 0 0 0 0 0 0 0 0 0 0 0 0 0 0 0 0 0 0 0 0 0 0 0 
1 0.67 0.48 0.3 0.15 0.09 0.02 0 0 0 0 0 0 0 0 0 0 0 0 0 0 0 0 0 0 0 0 0 0 0 
1 0.67 0.48 0.3 0.15 0.09 0.03 0 0 0 0 0 0 0 0 0 0 0 0 0 0 0 0 0 0 0 0 0 0 0 
1 0.67 0.49 0.3 0.15 0.09 0.03 0 0 0 0 0 0 0 0 0 0 0 0 0 0 0 0 0 0 0 0 0 0 0 
1 0.67 0.5 0.3 0.15 0.09 0.03 0 0 0 0 0 0 0 0 0 0 0 0 0 0 0 0 0 0 0 0 0 0 0 
1 0.67 0.5 0.29 0.15 0.09 0.03 0 0 0 0 0 0 0 0 0 0 0 0 0 0 0 0 0 0 0 0 0 0 0 
1 0.67 0.49 0.29 0.15 0.09 0.03 0 0 0 0 0 0 0 0 0 0 0 0 0 0 0 0 0 0 0 0 0 0 0 
1 0.67 0.49 0.29 0.14 0.09 0.03 0 0 0 0 0 0 0 0 0 0 0 0 0 0 0 0 0 0 0 0 0 0 0 
1 0.67 0.49 0.28 0.14 0.09 0.03 0 0 0 0 0 0 0 0 0 0 0 0 0 0 0 0 0 0 0 0 0 0 0 
1 0.67 0.49 0.28 0.14 0.09 0.03 0 0 0 0 0 0 0 0 0 0 0 0 0 0 0 0 0 0 0 0 0 0 0 
1 0.67 0.49 0.27 0.14 0.09 0.03 0 0 0 0 0 0 0 0 0 0 0 0 0 0 0 0 0 0 0 0 0 0 0 
1 0.67 0.49 0.27 0.14 0.09 0.03 0 0 0 0 0 0 0 0 0 0 0 0 0 0 0 0 0 0 0 0 0 0 0 
1 0.67 0.49 0.28 0.14 0.09 0.03 0 0 0 0 0 0 0 0 0 0 0 0 0 0 0 0 0 0 0 0 0 0 0 
1 0.68 0.49 0.28 0.14 0.09 0.03 0 0 0 0 0 0 0 0 0 0 0 0 0 0 0 0 0 0 0 0 0 0 0 
1 0.68 0.49 0.28 0.14 0.09 0.03 0 0 0 0 0 0 0 0 0 0 0 0 0 0 0 0 0 0 0 0 0 0 0 
1 0.68 0.49 0.27 0.14 0.09 0.03 0 0 0 0 0 0 0 0 0 0 0 0 0 0 0 0 0 0 0 0 0 0 0 
1 0.68 0.49 0.27 0.14 0.09 0.03 0 0 0 0 0 0 0 0 0 0 0 0 0 0 0 0 0 0 0 0 0 0 0 
1 0.68 0.49 0.27 0.15 0.09 0.03 0 0 0 0 0 0 0 0 0 0 0 0 0 0 0 0 0 0 0 0 0 0 0 
1 0.68 0.49 0.27 0.15 0.09 0.03 0.01 0 0 0 0 0 0 0 0 0 0 0 0 0 0 0 0 0 0 0 0 0 0 
1 0.68 0.49 0.27 0.14 0.09 0.03 0.01 0 0 0 0 0 0 0 0 0 0 0 0 0 0 0 0 0 0 0 0 0 0 
1 0.68 0.49 0.28 0.14 0.09 0.03 0.01 0 0 0 0 0 0 0 0 0 0 0 0 0 0 0 0 0 0 0 0 0 0 
1 0.68 0.5 0.28 0.14 0.09 0.03 0.01 0 0 0 0 0 0 0 0 0 0 0 0 0 0 0 0 0 0 0 0 0 0 
1 0.68 0.5 0.28 0.14 0.09 0.03 0.01 0 0 0 0 0 0 0 0 0 0 0 0 0 0 0 0 0 0 0 0 0 0 
1 0.68 0.5 0.28 0.14 0.09 0.03 0.01 0 0 0 0 0 0 0 0 0 0 0 0 0 0 0 0 0 0 0 0 0 0 
1 0.68 0.5 0.28 0.14 0.09 0.04 0.01 0 0 0 0 0 0 0 0 0 0 0 0 0 0 0 0 0 0 0 0 0 0 
1 0.67 0.5 0.28 0.14 0.09 0.04 0.01 0 0 0 0 0 0 0 0 0 0 0 0 0 0 0 0 0 0 0 0 0 0 
1 0.67 0.5 0.28 0.14 0.09 0.05 0.01 0 0 0 0 0 0 0 0 0 0 0 0 0 0 0 0 0 0 0 0 0 0 
1 0.67 0.5 0.29 0.14 0.09 0.05 0.01 0 0 0 0 0 0 0 0 0 0 0 0 0 0 0 0 0 0 0 0 0 0 
1 0.67 0.5 0.28 0.14 0.09 0.05 0.01 0 0 0 0 0 0 0 0 0 0 0 0 0 0 0 0 0 0 0 0 0 0 
1 0.67 0.5 0.28 0.14 0.09 0.05 0.01 0 0 0 0 0 0 0 0 0 0 0 0 0 0 0 0 0 0 0 0 0 0 
1 0.67 0.51 0.28 0.14 0.09 0.05 0.01 0 0 0 0 0 0 0 0 0 0 0 0 0 0 0 0 0 0 0 0 0 0 
1 0.67 0.51 0.28 0.15 0.09 0.05 0.01 0 0 0 0 0 0 0 0 0 0 0 0 0 0 0 0 0 0 0 0 0 0 
1 0.67 0.51 0.28 0.15 0.09 0.06 0.01 0 0 0 0 0 0 0 0 0 0 0 0 0 0 0 0 0 0 0 0 0 0 
1 0.67 0.51 0.27 0.15 0.09 0.06 0.01 0 0 0 0 0 0 0 0 0 0 0 0 0 0 0 0 0 0 0 0 0 0 
1 0.67 0.51 0.27 0.15 0.09 0.06 0.01 0 0 0 0 0 0 0 0 0 0 0 0 0 0 0 0 0 0 0 0 0 0 
1 0.67 0.51 0.27 0.15 0.09 0.06 0.01 0.01 0 0 0 0 0 0 0 0 0 0 0 0 0 0 0 0 0 0 0 0 0 
1 0.67 0.52 0.27 0.15 0.09 0.06 0.01 0.01 0 0 0 0 0 0 0 0 0 0 0 0 0 0 0 0 0 0 0 0 0 
1 0.67 0.52 0.28 0.15 0.09 0.06 0.01 0.01 0 0 0 0 0 0 0 0 0 0 0 0 0 0 0 0 0 0 0 0 0 
1 0.67 0.53 0.28 0.15 0.09 0.06 0.01 0.01 0 0 0 0 0 0 0 0 0 0 0 0 0 0 0 0 0 0 0 0 0 
1 0.67 0.53 0.28 0.14 0.09 0.06 0.01 0.01 0 0 0 0 0 0 0 0 0 0 0 0 0 0 0 0 0 0 0 0 0 
1 0.67 0.53 0.28 0.15 0.09 0.06 0.01 0.01 0 0 0 0 0 0 0 0 0 0 0 0 0 0 0 0 0 0 0 0 0 
1 0.67 0.53 0.27 0.15 0.09 0.06 0.01 0.01 0 0 0 0 0 0 0 0 0 0 0 0 0 0 0 0 0 0 0 0 0 
1 0.67 0.53 0.27 0.14 0.09 0.06 0.01 0.01 0 0 0 0 0 0 0 0 0 0 0 0 0 0 0 0 0 0 0 0 0 
1 0.67 0.53 0.27 0.15 0.09 0.06 0.01 0.01 0 0 0 0 0 0 0 0 0 0 0 0 0 0 0 0 0 0 0 0 0 
1 0.66 0.53 0.27 0.15 0.09 0.06 0.01 0.01 0 0 0 0 0 0 0 0 0 0 0 0 0 0 0 0 0 0 0 0 0 
1 0.66 0.53 0.27 0.15 0.08 0.06 0.01 0.01 0 0 0 0 0 0 0 0 0 0 0 0 0 0 0 0 0 0 0 0 0 
1 0.66 0.53 0.27 0.16 0.08 0.06 0.01 0.01 0 0 0 0 0 0 0 0 0 0 0 0 0 0 0 0 0 0 0 0 0 
1 0.66 0.53 0.28 0.16 0.08 0.06 0.01 0.01 0 0 0 0 0 0 0 0 0 0 0 0 0 0 0 0 0 0 0 0 0 
1 0.67 0.53 0.28 0.16 0.08 0.06 0.01 0.01 0 0 0 0 0 0 0 0 0 0 0 0 0 0 0 0 0 0 0 0 0 
1 0.67 0.53 0.28 0.16 0.08 0.06 0.02 0.01 0 0 0 0 0 0 0 0 0 0 0 0 0 0 0 0 0 0 0 0 0 
1 0.67 0.52 0.28 0.16 0.08 0.06 0.02 0.01 0 0 0 0 0 0 0 0 0 0 0 0 0 0 0 0 0 0 0 0 0 
1 0.67 0.53 0.28 0.16 0.08 0.06 0.02 0.01 0 0 0 0 0 0 0 0 0 0 0 0 0 0 0 0 0 0 0 0 0 
1 0.67 0.53 0.28 0.16 0.08 0.06 0.02 0.01 0 0 0 0 0 0 0 0 0 0 0 0 0 0 0 0 0 0 0 0 0 
1 0.67 0.53 0.28 0.16 0.08 0.06 0.02 0.01 0 0 0 0 0 0 0 0 0 0 0 0 0 0 0 0 0 0 0 0 0 
1 0.67 0.53 0.28 0.17 0.08 0.06 0.02 0.01 0 0 0 0 0 0 0 0 0 0 0 0 0 0 0 0 0 0 0 0 0 
1 0.67 0.53 0.28 0.17 0.08 0.06 0.02 0.01 0 0 0 0 0 0 0 0 0 0 0 0 0 0 0 0 0 0 0 0 0 
1 0.67 0.53 0.28 0.17 0.09 0.06 0.02 0.01 0 0 0 0 0 0 0 0 0 0 0 0 0 0 0 0 0 0 0 0 0 
1 0.67 0.53 0.28 0.17 0.09 0.06 0.02 0.01 0 0 0 0 0 0 0 0 0 0 0 0 0 0 0 0 0 0 0 0 0 
1 0.67 0.53 0.27 0.17 0.09 0.06 0.02 0.01 0 0 0 0 0 0 0 0 0 0 0 0 0 0 0 0 0 0 0 0 0 
1 0.67 0.53 0.27 0.16 0.09 0.06 0.02 0.01 0 0 0 0 0 0 0 0 0 0 0 0 0 0 0 0 0 0 0 0 0 
1 0.67 0.53 0.26 0.16 0.09 0.06 0.02 0.01 0 0 0 0 0 0 0 0 0 0 0 0 0 0 0 0 0 0 0 0 0 
1 0.67 0.53 0.26 0.16 0.09 0.07 0.02 0.01 0 0 0 0 0 0 0 0 0 0 0 0 0 0 0 0 0 0 0 0 0 
1 0.66 0.53 0.26 0.16 0.09 0.07 0.02 0.01 0 0 0 0 0 0 0 0 0 0 0 0 0 0 0 0 0 0 0 0 0 
1 0.66 0.52 0.26 0.16 0.09 0.07 0.02 0.01 0 0 0 0 0 0 0 0 0 0 0 0 0 0 0 0 0 0 0 0 0 
1 0.66 0.51 0.26 0.16 0.09 0.07 0.02 0.01 0 0 0 0 0 0 0 0 0 0 0 0 0 0 0 0 0 0 0 0 0 
1 0.66 0.52 0.26 0.16 0.09 0.07 0.02 0.01 0 0 0 0 0 0 0 0 0 0 0 0 0 0 0 0 0 0 0 0 0 
1 0.66 0.52 0.26 0.16 0.09 0.07 0.02 0.01 0 0 0 0 0 0 0 0 0 0 0 0 0 0 0 0 0 0 0 0 0 
1 0.66 0.52 0.26 0.17 0.09 0.07 0.02 0.01 0 0 0 0 0 0 0 0 0 0 0 0 0 0 0 0 0 0 0 0 0 
1 0.66 0.52 0.26 0.17 0.09 0.07 0.02 0.01 0 0 0 0 0 0 0 0 0 0 0 0 0 0 0 0 0 0 0 0 0 
1 0.66 0.53 0.26 0.17 0.09 0.07 0.02 0.01 0 0 0 0 0 0 0 0 0 0 0 0 0 0 0 0 0 0 0 0 0 
1 0.66 0.53 0.26 0.17 0.09 0.08 0.02 0.01 0 0 0 0 0 0 0 0 0 0 0 0 0 0 0 0 0 0 0 0 0 
1 0.66 0.52 0.26 0.17 0.09 0.08 0.02 0.01 0 0 0 0 0 0 0 0 0 0 0 0 0 0 0 0 0 0 0 0 0 
1 0.66 0.52 0.26 0.17 0.09 0.08 0.02 0.01 0 0 0 0 0 0 0 0 0 0 0 0 0 0 0 0 0 0 0 0 0 
1 0.65 0.52 0.26 0.17 0.09 0.08 0.02 0.01 0 0 0 0 0 0 0 0 0 0 0 0 0 0 0 0 0 0 0 0 0 
1 0.65 0.52 0.26 0.18 0.09 0.08 0.02 0.01 0 0 0 0 0 0 0 0 0 0 0 0 0 0 0 0 0 0 0 0 0 
1 0.65 0.52 0.26 0.17 0.09 0.08 0.02 0.01 0 0 0 0 0 0 0 0 0 0 0 0 0 0 0 0 0 0 0 0 0 
1 0.65 0.52 0.25 0.17 0.09 0.08 0.02 0.01 0 0 0 0 0 0 0 0 0 0 0 0 0 0 0 0 0 0 0 0 0 
1 0.65 0.51 0.25 0.17 0.09 0.08 0.02 0.01 0 0 0 0 0 0 0 0 0 0 0 0 0 0 0 0 0 0 0 0 0 
1 0.65 0.51 0.25 0.17 0.09 0.08 0.02 0.01 0 0 0 0 0 0 0 0 0 0 0 0 0 0 0 0 0 0 0 0 0 
1 0.65 0.51 0.25 0.17 0.09 0.08 0.02 0.01 0 0 0 0 0 0 0 0 0 0 0 0 0 0 0 0 0 0 0 0 0 
1 0.65 0.51 0.25 0.17 0.1 0.08 0.02 0.01 0 0 0 0 0 0 0 0 0 0 0 0 0 0 0 0 0 0 0 0 0 
1 0.65 0.51 0.26 0.17 0.1 0.08 0.02 0.01 0 0 0 0 0 0 0 0 0 0 0 0 0 0 0 0 0 0 0 0 0 
1 0.65 0.51 0.25 0.17 0.1 0.08 0.02 0.01 0 0 0 0 0 0 0 0 0 0 0 0 0 0 0 0 0 0 0 0 0 
1 0.65 0.52 0.25 0.17 0.1 0.08 0.02 0.01 0 0 0 0 0 0 0 0 0 0 0 0 0 0 0 0 0 0 0 0 0 
1 0.65 0.52 0.25 0.16 0.1 0.08 0.02 0.01 0 0 0 0 0 0 0 0 0 0 0 0 0 0 0 0 0 0 0 0 0 
1 0.65 0.52 0.26 0.16 0.1 0.08 0.02 0.01 0 0 0 0 0 0 0 0 0 0 0 0 0 0 0 0 0 0 0 0 0 
1 0.65 0.52 0.26 0.16 0.11 0.08 0.02 0.01 0 0 0 0 0 0 0 0 0 0 0 0 0 0 0 0 0 0 0 0 0 
1 0.66 0.52 0.26 0.16 0.11 0.08 0.02 0.01 0 0 0 0 0 0 0 0 0 0 0 0 0 0 0 0 0 0 0 0 0 
1 0.66 0.52 0.27 0.16 0.11 0.08 0.02 0.01 0 0 0 0 0 0 0 0 0 0 0 0 0 0 0 0 0 0 0 0 0 
1 0.66 0.52 0.27 0.16 0.11 0.08 0.02 0.01 0 0 0 0 0 0 0 0 0 0 0 0 0 0 0 0 0 0 0 0 0 
1 0.66 0.52 0.28 0.16 0.11 0.08 0.02 0.01 0 0 0 0 0 0 0 0 0 0 0 0 0 0 0 0 0 0 0 0 0 
1 0.66 0.52 0.29 0.16 0.11 0.08 0.02 0.01 0 0 0 0 0 0 0 0 0 0 0 0 0 0 0 0 0 0 0 0 0 
1 0.66 0.52 0.29 0.16 0.12 0.08 0.02 0.01 0 0 0 0 0 0 0 0 0 0 0 0 0 0 0 0 0 0 0 0 0 
1 0.66 0.52 0.29 0.16 0.12 0.08 0.03 0.01 0 0 0 0 0 0 0 0 0 0 0 0 0 0 0 0 0 0 0 0 0 
1 0.65 0.52 0.29 0.16 0.12 0.08 0.03 0.01 0 0 0 0 0 0 0 0 0 0 0 0 0 0 0 0 0 0 0 0 0 
1 0.65 0.51 0.29 0.16 0.12 0.08 0.03 0.01 0 0 0 0 0 0 0 0 0 0 0 0 0 0 0 0 0 0 0 0 0 
1 0.65 0.51 0.29 0.16 0.11 0.08 0.03 0.01 0 0 0 0 0 0 0 0 0 0 0 0 0 0 0 0 0 0 0 0 0 
1 0.65 0.51 0.29 0.16 0.12 0.08 0.03 0.01 0 0 0 0 0 0 0 0 0 0 0 0 0 0 0 0 0 0 0 0 0 
1 0.65 0.5 0.29 0.16 0.12 0.08 0.03 0.01 0 0 0 0 0 0 0 0 0 0 0 0 0 0 0 0 0 0 0 0 0 
1 0.65 0.5 0.29 0.16 0.12 0.08 0.02 0.01 0 0 0 0 0 0 0 0 0 0 0 0 0 0 0 0 0 0 0 0 0 
1 0.65 0.5 0.28 0.16 0.12 0.08 0.02 0.01 0 0 0 0 0 0 0 0 0 0 0 0 0 0 0 0 0 0 0 0 0 
1 0.65 0.49 0.28 0.16 0.12 0.08 0.02 0.01 0 0 0 0 0 0 0 0 0 0 0 0 0 0 0 0 0 0 0 0 0 
1 0.65 0.49 0.28 0.16 0.12 0.08 0.02 0.01 0 0 0 0 0 0 0 0 0 0 0 0 0 0 0 0 0 0 0 0 0 
1 0.65 0.49 0.28 0.16 0.12 0.08 0.02 0.01 0 0 0 0 0 0 0 0 0 0 0 0 0 0 0 0 0 0 0 0 0 
1 0.65 0.49 0.27 0.16 0.12 0.08 0.02 0.01 0 0 0 0 0 0 0 0 0 0 0 0 0 0 0 0 0 0 0 0 0 
1 0.65 0.49 0.27 0.16 0.12 0.07 0.02 0.01 0 0 0 0 0 0 0 0 0 0 0 0 0 0 0 0 0 0 0 0 0 
1 0.65 0.49 0.28 0.16 0.12 0.07 0.02 0.01 0 0 0 0 0 0 0 0 0 0 0 0 0 0 0 0 0 0 0 0 0 
1 0.65 0.49 0.29 0.16 0.12 0.07 0.02 0.01 0 0 0 0 0 0 0 0 0 0 0 0 0 0 0 0 0 0 0 0 0 
1 0.65 0.49 0.29 0.16 0.12 0.07 0.02 0.01 0 0 0 0 0 0 0 0 0 0 0 0 0 0 0 0 0 0 0 0 0 
1 0.66 0.49 0.29 0.16 0.12 0.07 0.02 0.01 0 0 0 0 0 0 0 0 0 0 0 0 0 0 0 0 0 0 0 0 0 
1 0.66 0.48 0.29 0.16 0.12 0.07 0.02 0.01 0 0 0 0 0 0 0 0 0 0 0 0 0 0 0 0 0 0 0 0 0 
1 0.66 0.48 0.29 0.16 0.13 0.07 0.02 0.01 0 0 0 0 0 0 0 0 0 0 0 0 0 0 0 0 0 0 0 0 0 
1 0.66 0.48 0.3 0.16 0.13 0.07 0.02 0.01 0 0 0 0 0 0 0 0 0 0 0 0 0 0 0 0 0 0 0 0 0 
1 0.66 0.48 0.3 0.16 0.13 0.07 0.02 0.01 0 0 0 0 0 0 0 0 0 0 0 0 0 0 0 0 0 0 0 0 0 
1 0.66 0.48 0.3 0.16 0.13 0.06 0.02 0.01 0 0 0 0 0 0 0 0 0 0 0 0 0 0 0 0 0 0 0 0 0 
1 0.66 0.48 0.29 0.16 0.13 0.06 0.02 0.01 0 0 0 0 0 0 0 0 0 0 0 0 0 0 0 0 0 0 0 0 0 
1 0.66 0.49 0.29 0.16 0.13 0.06 0.02 0.01 0 0 0 0 0 0 0 0 0 0 0 0 0 0 0 0 0 0 0 0 0 
1 0.66 0.49 0.3 0.16 0.13 0.06 0.02 0.01 0 0 0 0 0 0 0 0 0 0 0 0 0 0 0 0 0 0 0 0 0 
1 0.66 0.48 0.3 0.16 0.13 0.06 0.02 0.01 0 0 0 0 0 0 0 0 0 0 0 0 0 0 0 0 0 0 0 0 0 
1 0.66 0.48 0.3 0.16 0.13 0.06 0.02 0.01 0 0 0 0 0 0 0 0 0 0 0 0 0 0 0 0 0 0 0 0 0 
1 0.66 0.49 0.3 0.16 0.13 0.06 0.02 0.01 0 0 0 0 0 0 0 0 0 0 0 0 0 0 0 0 0 0 0 0 0 
1 0.66 0.49 0.3 0.17 0.13 0.06 0.02 0.01 0 0 0 0 0 0 0 0 0 0 0 0 0 0 0 0 0 0 0 0 0 
1 0.66 0.49 0.3 0.17 0.13 0.06 0.03 0.01 0 0 0 0 0 0 0 0 0 0 0 0 0 0 0 0 0 0 0 0 0 
1 0.66 0.49 0.29 0.17 0.13 0.06 0.03 0.01 0 0 0 0 0 0 0 0 0 0 0 0 0 0 0 0 0 0 0 0 0 
1 0.66 0.49 0.3 0.17 0.13 0.06 0.03 0.01 0 0 0 0 0 0 0 0 0 0 0 0 0 0 0 0 0 0 0 0 0 
1 0.66 0.49 0.3 0.18 0.13 0.06 0.03 0.01 0 0 0 0 0 0 0 0 0 0 0 0 0 0 0 0 0 0 0 0 0 
1 0.66 0.49 0.3 0.18 0.12 0.06 0.03 0.01 0 0 0 0 0 0 0 0 0 0 0 0 0 0 0 0 0 0 0 0 0 
1 0.66 0.49 0.3 0.19 0.12 0.06 0.03 0.01 0 0 0 0 0 0 0 0 0 0 0 0 0 0 0 0 0 0 0 0 0 
1 0.66 0.49 0.31 0.19 0.12 0.06 0.03 0.01 0 0 0 0 0 0 0 0 0 0 0 0 0 0 0 0 0 0 0 0 0 
1 0.66 0.49 0.31 0.2 0.12 0.06 0.03 0.01 0 0 0 0 0 0 0 0 0 0 0 0 0 0 0 0 0 0 0 0 0 
1 0.66 0.49 0.32 0.2 0.12 0.06 0.03 0.01 0 0 0 0 0 0 0 0 0 0 0 0 0 0 0 0 0 0 0 0 0 
1 0.66 0.49 0.33 0.2 0.12 0.06 0.03 0.01 0 0 0 0 0 0 0 0 0 0 0 0 0 0 0 0 0 0 0 0 0 
1 0.66 0.49 0.33 0.21 0.12 0.06 0.03 0.01 0 0 0 0 0 0 0 0 0 0 0 0 0 0 0 0 0 0 0 0 0 
1 0.66 0.49 0.34 0.21 0.12 0.06 0.03 0.01 0 0 0 0 0 0 0 0 0 0 0 0 0 0 0 0 0 0 0 0 0 
1 0.65 0.49 0.34 0.21 0.12 0.06 0.03 0.01 0 0 0 0 0 0 0 0 0 0 0 0 0 0 0 0 0 0 0 0 0 
1 0.66 0.49 0.34 0.21 0.12 0.06 0.03 0.01 0 0 0 0 0 0 0 0 0 0 0 0 0 0 0 0 0 0 0 0 0 
1 0.66 0.48 0.34 0.21 0.12 0.06 0.03 0.01 0 0 0 0 0 0 0 0 0 0 0 0 0 0 0 0 0 0 0 0 0 
1 0.66 0.48 0.34 0.21 0.13 0.06 0.03 0.01 0 0 0 0 0 0 0 0 0 0 0 0 0 0 0 0 0 0 0 0 0 
1 0.66 0.48 0.34 0.21 0.13 0.07 0.03 0.01 0 0 0 0 0 0 0 0 0 0 0 0 0 0 0 0 0 0 0 0 0 
1 0.66 0.48 0.34 0.22 0.13 0.07 0.03 0.01 0 0 0 0 0 0 0 0 0 0 0 0 0 0 0 0 0 0 0 0 0 
1 0.66 0.48 0.34 0.21 0.13 0.07 0.03 0.01 0 0 0 0 0 0 0 0 0 0 0 0 0 0 0 0 0 0 0 0 0 
1 0.67 0.48 0.34 0.21 0.13 0.07 0.03 0.01 0 0 0 0 0 0 0 0 0 0 0 0 0 0 0 0 0 0 0 0 0 
1 0.67 0.48 0.34 0.21 0.13 0.07 0.03 0 0 0 0 0 0 0 0 0 0 0 0 0 0 0 0 0 0 0 0 0 0 
1 0.66 0.48 0.34 0.21 0.13 0.07 0.03 0 0 0 0 0 0 0 0 0 0 0 0 0 0 0 0 0 0 0 0 0 0 
1 0.65 0.48 0.34 0.21 0.13 0.07 0.03 0 0 0 0 0 0 0 0 0 0 0 0 0 0 0 0 0 0 0 0 0 0 
1 0.65 0.48 0.34 0.2 0.13 0.07 0.03 0 0 0 0 0 0 0 0 0 0 0 0 0 0 0 0 0 0 0 0 0 0 
1 0.65 0.47 0.34 0.2 0.13 0.07 0.03 0 0 0 0 0 0 0 0 0 0 0 0 0 0 0 0 0 0 0 0 0 0 
1 0.65 0.47 0.34 0.2 0.13 0.06 0.03 0 0 0 0 0 0 0 0 0 0 0 0 0 0 0 0 0 0 0 0 0 0 
1 0.65 0.46 0.34 0.2 0.13 0.06 0.03 0 0 0 0 0 0 0 0 0 0 0 0 0 0 0 0 0 0 0 0 0 0 
1 0.65 0.46 0.33 0.2 0.13 0.06 0.03 0 0 0 0 0 0 0 0 0 0 0 0 0 0 0 0 0 0 0 0 0 0 
1 0.65 0.45 0.33 0.2 0.13 0.06 0.03 0 0 0 0 0 0 0 0 0 0 0 0 0 0 0 0 0 0 0 0 0 0 
1 0.66 0.45 0.33 0.2 0.13 0.06 0.03 0 0 0 0 0 0 0 0 0 0 0 0 0 0 0 0 0 0 0 0 0 0 
1 0.66 0.45 0.34 0.2 0.13 0.06 0.03 0 0 0 0 0 0 0 0 0 0 0 0 0 0 0 0 0 0 0 0 0 0 
1 0.66 0.45 0.34 0.21 0.13 0.06 0.03 0 0 0 0 0 0 0 0 0 0 0 0 0 0 0 0 0 0 0 0 0 0 
1 0.66 0.45 0.34 0.22 0.13 0.06 0.03 0 0 0 0 0 0 0 0 0 0 0 0 0 0 0 0 0 0 0 0 0 0 
1 0.66 0.45 0.33 0.22 0.13 0.06 0.03 0 0 0 0 0 0 0 0 0 0 0 0 0 0 0 0 0 0 0 0 0 0 
1 0.66 0.45 0.33 0.22 0.14 0.06 0.03 0 0 0 0 0 0 0 0 0 0 0 0 0 0 0 0 0 0 0 0 0 0 
1 0.66 0.46 0.33 0.22 0.14 0.06 0.03 0 0 0 0 0 0 0 0 0 0 0 0 0 0 0 0 0 0 0 0 0 0 
1 0.66 0.46 0.33 0.22 0.13 0.06 0.03 0 0 0 0 0 0 0 0 0 0 0 0 0 0 0 0 0 0 0 0 0 0 
1 0.66 0.45 0.33 0.22 0.13 0.06 0.03 0 0 0 0 0 0 0 0 0 0 0 0 0 0 0 0 0 0 0 0 0 0 
1 0.66 0.45 0.33 0.22 0.13 0.07 0.03 0 0 0 0 0 0 0 0 0 0 0 0 0 0 0 0 0 0 0 0 0 0 
1 0.65 0.45 0.33 0.22 0.13 0.07 0.03 0 0 0 0 0 0 0 0 0 0 0 0 0 0 0 0 0 0 0 0 0 0 
1 0.65 0.45 0.33 0.23 0.13 0.07 0.03 0 0 0 0 0 0 0 0 0 0 0 0 0 0 0 0 0 0 0 0 0 0 
1 0.66 0.45 0.33 0.23 0.13 0.07 0.03 0 0 0 0 0 0 0 0 0 0 0 0 0 0 0 0 0 0 0 0 0 0 
1 0.65 0.45 0.33 0.23 0.13 0.07 0.03 0 0 0 0 0 0 0 0 0 0 0 0 0 0 0 0 0 0 0 0 0 0 
1 0.65 0.45 0.33 0.23 0.13 0.07 0.03 0 0 0 0 0 0 0 0 0 0 0 0 0 0 0 0 0 0 0 0 0 0 
1 0.65 0.45 0.34 0.23 0.13 0.07 0.03 0 0 0 0 0 0 0 0 0 0 0 0 0 0 0 0 0 0 0 0 0 0 
1 0.64 0.45 0.34 0.23 0.13 0.07 0.03 0 0 0 0 0 0 0 0 0 0 0 0 0 0 0 0 0 0 0 0 0 0 
1 0.63 0.45 0.34 0.23 0.13 0.07 0.03 0 0 0 0 0 0 0 0 0 0 0 0 0 0 0 0 0 0 0 0 0 0 
1 0.63 0.45 0.34 0.23 0.13 0.07 0.03 0 0 0 0 0 0 0 0 0 0 0 0 0 0 0 0 0 0 0 0 0 0 
1 0.63 0.45 0.35 0.23 0.13 0.07 0.03 0 0 0 0 0 0 0 0 0 0 0 0 0 0 0 0 0 0 0 0 0 0 
1 0.63 0.45 0.35 0.23 0.13 0.06 0.03 0 0 0 0 0 0 0 0 0 0 0 0 0 0 0 0 0 0 0 0 0 0 
1 0.63 0.45 0.35 0.23 0.13 0.06 0.03 0 0 0 0 0 0 0 0 0 0 0 0 0 0 0 0 0 0 0 0 0 0 
1 0.63 0.45 0.35 0.23 0.13 0.07 0.03 0 0 0 0 0 0 0 0 0 0 0 0 0 0 0 0 0 0 0 0 0 0 
1 0.63 0.45 0.35 0.23 0.13 0.07 0.03 0 0 0 0 0 0 0 0 0 0 0 0 0 0 0 0 0 0 0 0 0 0 
1 0.63 0.45 0.35 0.23 0.13 0.07 0.03 0 0 0 0 0 0 0 0 0 0 0 0 0 0 0 0 0 0 0 0 0 0 
1 0.63 0.45 0.35 0.23 0.13 0.07 0.03 0 0 0 0 0 0 0 0 0 0 0 0 0 0 0 0 0 0 0 0 0 0 
1 0.63 0.46 0.35 0.23 0.13 0.07 0.03 0 0 0 0 0 0 0 0 0 0 0 0 0 0 0 0 0 0 0 0 0 0 
1 0.63 0.47 0.35 0.23 0.13 0.07 0.03 0 0 0 0 0 0 0 0 0 0 0 0 0 0 0 0 0 0 0 0 0 0 
1 0.63 0.47 0.35 0.23 0.13 0.07 0.04 0 0 0 0 0 0 0 0 0 0 0 0 0 0 0 0 0 0 0 0 0 0 
1 0.63 0.47 0.35 0.23 0.13 0.07 0.03 0 0 0 0 0 0 0 0 0 0 0 0 0 0 0 0 0 0 0 0 0 0 
1 0.63 0.47 0.34 0.23 0.13 0.07 0.03 0 0 0 0 0 0 0 0 0 0 0 0 0 0 0 0 0 0 0 0 0 0 
1 0.63 0.47 0.34 0.23 0.13 0.07 0.03 0.01 0 0 0 0 0 0 0 0 0 0 0 0 0 0 0 0 0 0 0 0 0 
1 0.62 0.47 0.34 0.23 0.13 0.07 0.03 0.01 0 0 0 0 0 0 0 0 0 0 0 0 0 0 0 0 0 0 0 0 0 
1 0.62 0.46 0.34 0.23 0.13 0.07 0.03 0.01 0 0 0 0 0 0 0 0 0 0 0 0 0 0 0 0 0 0 0 0 0 
1 0.62 0.46 0.35 0.23 0.13 0.07 0.03 0.01 0 0 0 0 0 0 0 0 0 0 0 0 0 0 0 0 0 0 0 0 0 
1 0.62 0.45 0.35 0.23 0.13 0.07 0.03 0.01 0 0 0 0 0 0 0 0 0 0 0 0 0 0 0 0 0 0 0 0 0 
1 0.62 0.45 0.35 0.23 0.13 0.07 0.03 0.01 0 0 0 0 0 0 0 0 0 0 0 0 0 0 0 0 0 0 0 0 0 
1 0.62 0.45 0.34 0.23 0.13 0.07 0.03 0.01 0 0 0 0 0 0 0 0 0 0 0 0 0 0 0 0 0 0 0 0 0 
1 0.62 0.46 0.34 0.23 0.13 0.07 0.03 0.01 0 0 0 0 0 0 0 0 0 0 0 0 0 0 0 0 0 0 0 0 0 
1 0.62 0.46 0.34 0.23 0.13 0.07 0.04 0.01 0 0 0 0 0 0 0 0 0 0 0 0 0 0 0 0 0 0 0 0 0 
1 0.62 0.46 0.34 0.23 0.13 0.07 0.04 0.01 0 0 0 0 0 0 0 0 0 0 0 0 0 0 0 0 0 0 0 0 0 
1 0.62 0.46 0.34 0.23 0.13 0.07 0.04 0.02 0 0 0 0 0 0 0 0 0 0 0 0 0 0 0 0 0 0 0 0 0 
1 0.62 0.45 0.34 0.23 0.13 0.07 0.04 0.02 0 0 0 0 0 0 0 0 0 0 0 0 0 0 0 0 0 0 0 0 0 
1 0.61 0.45 0.34 0.23 0.13 0.07 0.04 0.02 0 0 0 0 0 0 0 0 0 0 0 0 0 0 0 0 0 0 0 0 0 
1 0.61 0.46 0.34 0.23 0.13 0.07 0.04 0.02 0 0 0 0 0 0 0 0 0 0 0 0 0 0 0 0 0 0 0 0 0 
1 0.61 0.47 0.34 0.23 0.13 0.07 0.04 0.02 0 0 0 0 0 0 0 0 0 0 0 0 0 0 0 0 0 0 0 0 0 
1 0.61 0.47 0.34 0.23 0.13 0.07 0.04 0.02 0 0 0 0 0 0 0 0 0 0 0 0 0 0 0 0 0 0 0 0 0 
1 0.61 0.46 0.34 0.23 0.13 0.07 0.04 0.02 0 0 0 0 0 0 0 0 0 0 0 0 0 0 0 0 0 0 0 0 0 
1 0.61 0.46 0.34 0.23 0.13 0.06 0.04 0.02 0 0 0 0 0 0 0 0 0 0 0 0 0 0 0 0 0 0 0 0 0 
1 0.61 0.46 0.35 0.23 0.13 0.06 0.04 0.02 0 0 0 0 0 0 0 0 0 0 0 0 0 0 0 0 0 0 0 0 0 
1 0.61 0.46 0.35 0.23 0.13 0.06 0.04 0.02 0 0 0 0 0 0 0 0 0 0 0 0 0 0 0 0 0 0 0 0 0 
1 0.61 0.46 0.35 0.23 0.13 0.07 0.04 0.02 0 0 0 0 0 0 0 0 0 0 0 0 0 0 0 0 0 0 0 0 0 
1 0.61 0.46 0.35 0.23 0.12 0.07 0.04 0.02 0 0 0 0 0 0 0 0 0 0 0 0 0 0 0 0 0 0 0 0 0 
1 0.61 0.46 0.35 0.23 0.12 0.07 0.04 0.02 0.01 0 0 0 0 0 0 0 0 0 0 0 0 0 0 0 0 0 0 0 0 
1 0.61 0.46 0.35 0.23 0.12 0.07 0.04 0.02 0.01 0 0 0 0 0 0 0 0 0 0 0 0 0 0 0 0 0 0 0 0 
1 0.61 0.46 0.35 0.23 0.12 0.07 0.05 0.02 0.01 0 0 0 0 0 0 0 0 0 0 0 0 0 0 0 0 0 0 0 0 
1 0.61 0.47 0.35 0.23 0.12 0.07 0.05 0.02 0.01 0 0 0 0 0 0 0 0 0 0 0 0 0 0 0 0 0 0 0 0 
1 0.61 0.47 0.35 0.23 0.13 0.07 0.05 0.02 0.01 0 0 0 0 0 0 0 0 0 0 0 0 0 0 0 0 0 0 0 0 
1 0.6 0.47 0.35 0.23 0.13 0.07 0.05 0.02 0.01 0 0 0 0 0 0 0 0 0 0 0 0 0 0 0 0 0 0 0 0 
1 0.6 0.46 0.35 0.23 0.13 0.07 0.05 0.02 0.01 0 0 0 0 0 0 0 0 0 0 0 0 0 0 0 0 0 0 0 0 
1 0.6 0.46 0.35 0.23 0.13 0.07 0.05 0.02 0.01 0 0 0 0 0 0 0 0 0 0 0 0 0 0 0 0 0 0 0 0 
1 0.6 0.46 0.35 0.23 0.13 0.07 0.05 0.01 0.01 0 0 0 0 0 0 0 0 0 0 0 0 0 0 0 0 0 0 0 0 
1 0.6 0.46 0.35 0.23 0.14 0.07 0.05 0.01 0.01 0 0 0 0 0 0 0 0 0 0 0 0 0 0 0 0 0 0 0 0 
1 0.6 0.46 0.36 0.23 0.14 0.07 0.05 0.01 0.01 0 0 0 0 0 0 0 0 0 0 0 0 0 0 0 0 0 0 0 0 
1 0.6 0.46 0.36 0.23 0.14 0.07 0.05 0.01 0.01 0 0 0 0 0 0 0 0 0 0 0 0 0 0 0 0 0 0 0 0 
1 0.6 0.46 0.36 0.23 0.15 0.07 0.05 0.01 0.01 0 0 0 0 0 0 0 0 0 0 0 0 0 0 0 0 0 0 0 0 
1 0.61 0.46 0.36 0.23 0.15 0.07 0.05 0.01 0.01 0 0 0 0 0 0 0 0 0 0 0 0 0 0 0 0 0 0 0 0 
1 0.61 0.46 0.36 0.24 0.15 0.07 0.05 0.01 0.01 0 0 0 0 0 0 0 0 0 0 0 0 0 0 0 0 0 0 0 0 
1 0.61 0.46 0.37 0.24 0.15 0.07 0.05 0.01 0.01 0 0 0 0 0 0 0 0 0 0 0 0 0 0 0 0 0 0 0 0 
1 0.61 0.46 0.37 0.24 0.15 0.08 0.05 0.01 0.01 0 0 0 0 0 0 0 0 0 0 0 0 0 0 0 0 0 0 0 0 
1 0.61 0.46 0.37 0.24 0.15 0.08 0.05 0.01 0.01 0 0 0 0 0 0 0 0 0 0 0 0 0 0 0 0 0 0 0 0 
1 0.61 0.46 0.37 0.25 0.15 0.08 0.05 0.01 0.01 0 0 0 0 0 0 0 0 0 0 0 0 0 0 0 0 0 0 0 0 
1 0.62 0.46 0.37 0.25 0.15 0.08 0.05 0.01 0.01 0 0 0 0 0 0 0 0 0 0 0 0 0 0 0 0 0 0 0 0 
1 0.62 0.46 0.37 0.25 0.14 0.08 0.05 0.01 0.01 0 0 0 0 0 0 0 0 0 0 0 0 0 0 0 0 0 0 0 0 
1 0.62 0.46 0.38 0.25 0.14 0.08 0.05 0.01 0.01 0 0 0 0 0 0 0 0 0 0 0 0 0 0 0 0 0 0 0 0 
1 0.62 0.46 0.38 0.26 0.14 0.08 0.05 0.01 0.01 0 0 0 0 0 0 0 0 0 0 0 0 0 0 0 0 0 0 0 0 
1 0.63 0.46 0.38 0.26 0.14 0.08 0.05 0.01 0.01 0 0 0 0 0 0 0 0 0 0 0 0 0 0 0 0 0 0 0 0 
1 0.64 0.46 0.38 0.26 0.14 0.08 0.05 0.01 0.01 0 0 0 0 0 0 0 0 0 0 0 0 0 0 0 0 0 0 0 0 
1 0.64 0.46 0.38 0.26 0.14 0.08 0.05 0.01 0.01 0 0 0 0 0 0 0 0 0 0 0 0 0 0 0 0 0 0 0 0 
1 0.64 0.46 0.38 0.26 0.13 0.08 0.05 0.01 0.01 0 0 0 0 0 0 0 0 0 0 0 0 0 0 0 0 0 0 0 0 
1 0.64 0.46 0.38 0.26 0.13 0.08 0.05 0.01 0.01 0 0 0 0 0 0 0 0 0 0 0 0 0 0 0 0 0 0 0 0 
1 0.65 0.46 0.38 0.26 0.13 0.08 0.05 0.01 0.01 0 0 0 0 0 0 0 0 0 0 0 0 0 0 0 0 0 0 0 0 
1 0.65 0.46 0.38 0.27 0.13 0.08 0.05 0.01 0.01 0 0 0 0 0 0 0 0 0 0 0 0 0 0 0 0 0 0 0 0 
1 0.65 0.46 0.38 0.27 0.13 0.08 0.05 0.01 0.01 0 0 0 0 0 0 0 0 0 0 0 0 0 0 0 0 0 0 0 0 
1 0.66 0.46 0.38 0.27 0.13 0.08 0.05 0.01 0.01 0 0 0 0 0 0 0 0 0 0 0 0 0 0 0 0 0 0 0 0 
1 0.66 0.46 0.38 0.27 0.13 0.08 0.05 0.01 0.01 0 0 0 0 0 0 0 0 0 0 0 0 0 0 0 0 0 0 0 0 
1 0.66 0.46 0.38 0.26 0.13 0.08 0.05 0.01 0.01 0 0 0 0 0 0 0 0 0 0 0 0 0 0 0 0 0 0 0 0 
1 0.65 0.46 0.38 0.26 0.13 0.08 0.05 0.01 0.01 0 0 0 0 0 0 0 0 0 0 0 0 0 0 0 0 0 0 0 0 
1 0.65 0.46 0.38 0.27 0.13 0.08 0.05 0.01 0.01 0 0 0 0 0 0 0 0 0 0 0 0 0 0 0 0 0 0 0 0 
1 0.65 0.46 0.38 0.28 0.13 0.08 0.05 0.01 0.01 0 0 0 0 0 0 0 0 0 0 0 0 0 0 0 0 0 0 0 0 
1 0.65 0.45 0.38 0.28 0.13 0.08 0.05 0.01 0.01 0 0 0 0 0 0 0 0 0 0 0 0 0 0 0 0 0 0 0 0 
1 0.65 0.45 0.38 0.28 0.13 0.09 0.05 0.01 0.01 0 0 0 0 0 0 0 0 0 0 0 0 0 0 0 0 0 0 0 0 
1 0.66 0.45 0.38 0.28 0.13 0.09 0.05 0.01 0.01 0 0 0 0 0 0 0 0 0 0 0 0 0 0 0 0 0 0 0 0 
1 0.66 0.45 0.38 0.28 0.13 0.09 0.05 0.02 0.01 0 0 0 0 0 0 0 0 0 0 0 0 0 0 0 0 0 0 0 0 
1 0.66 0.45 0.38 0.29 0.13 0.09 0.05 0.02 0.01 0 0 0 0 0 0 0 0 0 0 0 0 0 0 0 0 0 0 0 0 
1 0.66 0.45 0.38 0.29 0.14 0.09 0.05 0.02 0.01 0 0 0 0 0 0 0 0 0 0 0 0 0 0 0 0 0 0 0 0 
1 0.66 0.45 0.38 0.29 0.14 0.09 0.05 0.02 0.01 0 0 0 0 0 0 0 0 0 0 0 0 0 0 0 0 0 0 0 0 
1 0.66 0.46 0.38 0.29 0.14 0.09 0.05 0.02 0.01 0 0 0 0 0 0 0 0 0 0 0 0 0 0 0 0 0 0 0 0 
1 0.67 0.46 0.38 0.29 0.14 0.09 0.05 0.02 0.01 0 0 0 0 0 0 0 0 0 0 0 0 0 0 0 0 0 0 0 0 
1 0.67 0.46 0.38 0.29 0.14 0.09 0.06 0.02 0.01 0 0 0 0 0 0 0 0 0 0 0 0 0 0 0 0 0 0 0 0 
1 0.68 0.46 0.38 0.29 0.14 0.09 0.06 0.02 0.01 0 0 0 0 0 0 0 0 0 0 0 0 0 0 0 0 0 0 0 0 
1 0.68 0.46 0.38 0.29 0.14 0.09 0.06 0.02 0.01 0 0 0 0 0 0 0 0 0 0 0 0 0 0 0 0 0 0 0 0 
1 0.68 0.47 0.38 0.29 0.14 0.09 0.06 0.02 0.01 0 0 0 0 0 0 0 0 0 0 0 0 0 0 0 0 0 0 0 0 
1 0.68 0.48 0.38 0.29 0.14 0.09 0.06 0.02 0.01 0 0 0 0 0 0 0 0 0 0 0 0 0 0 0 0 0 0 0 0 
1 0.68 0.48 0.38 0.29 0.14 0.09 0.05 0.02 0.01 0 0 0 0 0 0 0 0 0 0 0 0 0 0 0 0 0 0 0 0 
1 0.68 0.48 0.38 0.28 0.14 0.09 0.05 0.02 0.01 0 0 0 0 0 0 0 0 0 0 0 0 0 0 0 0 0 0 0 0 
1 0.68 0.48 0.38 0.28 0.14 0.08 0.05 0.02 0.01 0 0 0 0 0 0 0 0 0 0 0 0 0 0 0 0 0 0 0 0 
1 0.68 0.48 0.38 0.28 0.14 0.08 0.05 0.02 0.01 0 0 0 0 0 0 0 0 0 0 0 0 0 0 0 0 0 0 0 0 
1 0.68 0.48 0.38 0.28 0.15 0.08 0.05 0.02 0.01 0 0 0 0 0 0 0 0 0 0 0 0 0 0 0 0 0 0 0 0 
1 0.68 0.48 0.38 0.28 0.15 0.09 0.05 0.02 0.01 0 0 0 0 0 0 0 0 0 0 0 0 0 0 0 0 0 0 0 0 
1 0.67 0.48 0.38 0.28 0.15 0.09 0.05 0.02 0.01 0 0 0 0 0 0 0 0 0 0 0 0 0 0 0 0 0 0 0 0 
1 0.67 0.47 0.38 0.28 0.15 0.09 0.05 0.02 0.01 0 0 0 0 0 0 0 0 0 0 0 0 0 0 0 0 0 0 0 0 
1 0.66 0.47 0.38 0.28 0.15 0.09 0.05 0.02 0.01 0 0 0 0 0 0 0 0 0 0 0 0 0 0 0 0 0 0 0 0 
1 0.66 0.47 0.38 0.28 0.15 0.09 0.05 0.03 0.01 0 0 0 0 0 0 0 0 0 0 0 0 0 0 0 0 0 0 0 0 
1 0.65 0.47 0.38 0.28 0.15 0.09 0.05 0.03 0.01 0 0 0 0 0 0 0 0 0 0 0 0 0 0 0 0 0 0 0 0 
1 0.65 0.47 0.38 0.28 0.15 0.09 0.05 0.03 0.01 0 0 0 0 0 0 0 0 0 0 0 0 0 0 0 0 0 0 0 0 
1 0.65 0.47 0.38 0.28 0.15 0.1 0.05 0.03 0.01 0 0 0 0 0 0 0 0 0 0 0 0 0 0 0 0 0 0 0 0 
1 0.65 0.47 0.38 0.28 0.16 0.1 0.05 0.03 0.01 0 0 0 0 0 0 0 0 0 0 0 0 0 0 0 0 0 0 0 0 
1 0.65 0.46 0.38 0.28 0.16 0.1 0.05 0.03 0.01 0 0 0 0 0 0 0 0 0 0 0 0 0 0 0 0 0 0 0 0 
1 0.65 0.46 0.39 0.28 0.16 0.1 0.05 0.03 0.01 0 0 0 0 0 0 0 0 0 0 0 0 0 0 0 0 0 0 0 0 
1 0.66 0.46 0.39 0.28 0.16 0.1 0.05 0.03 0.01 0 0 0 0 0 0 0 0 0 0 0 0 0 0 0 0 0 0 0 0 
1 0.66 0.46 0.39 0.28 0.16 0.1 0.06 0.03 0.01 0 0 0 0 0 0 0 0 0 0 0 0 0 0 0 0 0 0 0 0 
1 0.66 0.46 0.4 0.28 0.16 0.1 0.06 0.03 0.01 0 0 0 0 0 0 0 0 0 0 0 0 0 0 0 0 0 0 0 0 
1 0.66 0.46 0.4 0.28 0.17 0.1 0.06 0.03 0.01 0 0 0 0 0 0 0 0 0 0 0 0 0 0 0 0 0 0 0 0 
1 0.66 0.46 0.4 0.28 0.18 0.1 0.06 0.03 0.01 0 0 0 0 0 0 0 0 0 0 0 0 0 0 0 0 0 0 0 0 
1 0.66 0.46 0.4 0.28 0.18 0.1 0.06 0.03 0.01 0 0 0 0 0 0 0 0 0 0 0 0 0 0 0 0 0 0 0 0 
1 0.66 0.46 0.4 0.28 0.19 0.1 0.06 0.03 0.01 0 0 0 0 0 0 0 0 0 0 0 0 0 0 0 0 0 0 0 0 
1 0.66 0.47 0.4 0.28 0.19 0.1 0.06 0.03 0.01 0 0 0 0 0 0 0 0 0 0 0 0 0 0 0 0 0 0 0 0 
1 0.66 0.47 0.4 0.28 0.18 0.1 0.06 0.03 0.01 0 0 0 0 0 0 0 0 0 0 0 0 0 0 0 0 0 0 0 0 
1 0.66 0.47 0.4 0.28 0.19 0.1 0.06 0.03 0.01 0 0 0 0 0 0 0 0 0 0 0 0 0 0 0 0 0 0 0 0 
1 0.66 0.47 0.4 0.28 0.19 0.1 0.06 0.02 0.01 0 0 0 0 0 0 0 0 0 0 0 0 0 0 0 0 0 0 0 0 
1 0.66 0.47 0.4 0.28 0.19 0.1 0.05 0.02 0.01 0 0 0 0 0 0 0 0 0 0 0 0 0 0 0 0 0 0 0 0 
1 0.65 0.47 0.4 0.28 0.19 0.1 0.05 0.02 0.01 0 0 0 0 0 0 0 0 0 0 0 0 0 0 0 0 0 0 0 0 
1 0.65 0.47 0.4 0.28 0.19 0.1 0.06 0.02 0.01 0 0 0 0 0 0 0 0 0 0 0 0 0 0 0 0 0 0 0 0 
1 0.65 0.47 0.39 0.28 0.19 0.1 0.06 0.02 0.01 0 0 0 0 0 0 0 0 0 0 0 0 0 0 0 0 0 0 0 0 
1 0.65 0.48 0.39 0.28 0.19 0.1 0.06 0.02 0.01 0 0 0 0 0 0 0 0 0 0 0 0 0 0 0 0 0 0 0 0 
1 0.65 0.48 0.39 0.28 0.19 0.1 0.06 0.02 0.01 0 0 0 0 0 0 0 0 0 0 0 0 0 0 0 0 0 0 0 0 
1 0.65 0.48 0.39 0.28 0.19 0.1 0.06 0.02 0 0 0 0 0 0 0 0 0 0 0 0 0 0 0 0 0 0 0 0 0 
1 0.65 0.48 0.39 0.28 0.19 0.11 0.06 0.02 0 0 0 0 0 0 0 0 0 0 0 0 0 0 0 0 0 0 0 0 0 
1 0.66 0.48 0.39 0.28 0.19 0.11 0.06 0.02 0 0 0 0 0 0 0 0 0 0 0 0 0 0 0 0 0 0 0 0 0 
1 0.66 0.47 0.39 0.28 0.19 0.11 0.06 0.02 0 0 0 0 0 0 0 0 0 0 0 0 0 0 0 0 0 0 0 0 0 
1 0.66 0.47 0.39 0.29 0.19 0.11 0.06 0.02 0 0 0 0 0 0 0 0 0 0 0 0 0 0 0 0 0 0 0 0 0 
1 0.66 0.47 0.39 0.29 0.19 0.11 0.06 0.01 0 0 0 0 0 0 0 0 0 0 0 0 0 0 0 0 0 0 0 0 0 
1 0.66 0.47 0.39 0.29 0.19 0.1 0.06 0.01 0 0 0 0 0 0 0 0 0 0 0 0 0 0 0 0 0 0 0 0 0 
1 0.66 0.47 0.38 0.29 0.19 0.1 0.06 0.01 0 0 0 0 0 0 0 0 0 0 0 0 0 0 0 0 0 0 0 0 0 
1 0.66 0.47 0.38 0.29 0.2 0.1 0.06 0.01 0 0 0 0 0 0 0 0 0 0 0 0 0 0 0 0 0 0 0 0 0 
1 0.66 0.47 0.38 0.28 0.2 0.1 0.06 0.01 0 0 0 0 0 0 0 0 0 0 0 0 0 0 0 0 0 0 0 0 0 
1 0.66 0.47 0.38 0.28 0.2 0.1 0.06 0.02 0 0 0 0 0 0 0 0 0 0 0 0 0 0 0 0 0 0 0 0 0 
1 0.66 0.46 0.38 0.28 0.2 0.1 0.06 0.02 0 0 0 0 0 0 0 0 0 0 0 0 0 0 0 0 0 0 0 0 0 
1 0.66 0.46 0.38 0.28 0.19 0.1 0.06 0.02 0 0 0 0 0 0 0 0 0 0 0 0 0 0 0 0 0 0 0 0 0 
1 0.65 0.46 0.38 0.28 0.19 0.1 0.06 0.02 0 0 0 0 0 0 0 0 0 0 0 0 0 0 0 0 0 0 0 0 0 
1 0.64 0.46 0.38 0.28 0.19 0.1 0.06 0.02 0 0 0 0 0 0 0 0 0 0 0 0 0 0 0 0 0 0 0 0 0 
1 0.63 0.46 0.38 0.28 0.19 0.1 0.06 0.02 0 0 0 0 0 0 0 0 0 0 0 0 0 0 0 0 0 0 0 0 0 
1 0.63 0.46 0.38 0.28 0.19 0.1 0.06 0.03 0 0 0 0 0 0 0 0 0 0 0 0 0 0 0 0 0 0 0 0 0 
1 0.63 0.46 0.38 0.28 0.19 0.1 0.06 0.03 0 0 0 0 0 0 0 0 0 0 0 0 0 0 0 0 0 0 0 0 0 
1 0.63 0.46 0.38 0.29 0.19 0.1 0.06 0.03 0 0 0 0 0 0 0 0 0 0 0 0 0 0 0 0 0 0 0 0 0 
1 0.63 0.46 0.38 0.29 0.2 0.1 0.06 0.03 0 0 0 0 0 0 0 0 0 0 0 0 0 0 0 0 0 0 0 0 0 
1 0.63 0.46 0.38 0.29 0.2 0.11 0.06 0.03 0 0 0 0 0 0 0 0 0 0 0 0 0 0 0 0 0 0 0 0 0 
1 0.63 0.46 0.38 0.29 0.2 0.11 0.06 0.03 0 0 0 0 0 0 0 0 0 0 0 0 0 0 0 0 0 0 0 0 0 
1 0.63 0.46 0.38 0.29 0.2 0.12 0.06 0.03 0 0 0 0 0 0 0 0 0 0 0 0 0 0 0 0 0 0 0 0 0 
1 0.63 0.46 0.38 0.29 0.2 0.12 0.06 0.03 0 0 0 0 0 0 0 0 0 0 0 0 0 0 0 0 0 0 0 0 0 
1 0.63 0.47 0.38 0.29 0.2 0.12 0.06 0.03 0 0 0 0 0 0 0 0 0 0 0 0 0 0 0 0 0 0 0 0 0 
1 0.62 0.47 0.38 0.29 0.2 0.12 0.06 0.03 0 0 0 0 0 0 0 0 0 0 0 0 0 0 0 0 0 0 0 0 0 
1 0.62 0.47 0.38 0.3 0.2 0.12 0.06 0.03 0 0 0 0 0 0 0 0 0 0 0 0 0 0 0 0 0 0 0 0 0 
1 0.62 0.47 0.38 0.3 0.2 0.12 0.06 0.03 0 0 0 0 0 0 0 0 0 0 0 0 0 0 0 0 0 0 0 0 0 
1 0.62 0.47 0.38 0.3 0.19 0.12 0.06 0.03 0 0 0 0 0 0 0 0 0 0 0 0 0 0 0 0 0 0 0 0 0 
1 0.62 0.47 0.38 0.3 0.19 0.12 0.06 0.03 0 0 0 0 0 0 0 0 0 0 0 0 0 0 0 0 0 0 0 0 0 
1 0.62 0.47 0.38 0.3 0.19 0.13 0.06 0.03 0 0 0 0 0 0 0 0 0 0 0 0 0 0 0 0 0 0 0 0 0 
1 0.62 0.47 0.39 0.3 0.19 0.13 0.06 0.03 0 0 0 0 0 0 0 0 0 0 0 0 0 0 0 0 0 0 0 0 0 
1 0.62 0.47 0.39 0.3 0.19 0.14 0.06 0.03 0 0 0 0 0 0 0 0 0 0 0 0 0 0 0 0 0 0 0 0 0 
1 0.62 0.47 0.39 0.3 0.19 0.14 0.07 0.03 0 0 0 0 0 0 0 0 0 0 0 0 0 0 0 0 0 0 0 0 0 
1 0.61 0.47 0.39 0.3 0.19 0.14 0.07 0.03 0 0 0 0 0 0 0 0 0 0 0 0 0 0 0 0 0 0 0 0 0 
1 0.61 0.47 0.39 0.3 0.19 0.14 0.07 0.03 0 0 0 0 0 0 0 0 0 0 0 0 0 0 0 0 0 0 0 0 0 
1 0.61 0.47 0.39 0.3 0.19 0.14 0.07 0.03 0 0 0 0 0 0 0 0 0 0 0 0 0 0 0 0 0 0 0 0 0 
1 0.61 0.47 0.39 0.3 0.19 0.14 0.07 0.04 0 0 0 0 0 0 0 0 0 0 0 0 0 0 0 0 0 0 0 0 0 
1 0.62 0.47 0.39 0.3 0.19 0.14 0.07 0.04 0 0 0 0 0 0 0 0 0 0 0 0 0 0 0 0 0 0 0 0 0 
1 0.62 0.47 0.39 0.3 0.19 0.14 0.07 0.04 0.01 0 0 0 0 0 0 0 0 0 0 0 0 0 0 0 0 0 0 0 0 
1 0.62 0.47 0.38 0.3 0.19 0.14 0.07 0.04 0.01 0 0 0 0 0 0 0 0 0 0 0 0 0 0 0 0 0 0 0 0 
1 0.62 0.46 0.38 0.3 0.19 0.14 0.07 0.04 0.01 0 0 0 0 0 0 0 0 0 0 0 0 0 0 0 0 0 0 0 0 
1 0.62 0.46 0.38 0.3 0.19 0.14 0.07 0.04 0.01 0 0 0 0 0 0 0 0 0 0 0 0 0 0 0 0 0 0 0 0 
1 0.62 0.46 0.38 0.31 0.19 0.14 0.07 0.04 0.01 0 0 0 0 0 0 0 0 0 0 0 0 0 0 0 0 0 0 0 0 
1 0.62 0.46 0.38 0.31 0.19 0.14 0.07 0.03 0.01 0 0 0 0 0 0 0 0 0 0 0 0 0 0 0 0 0 0 0 0 
1 0.62 0.46 0.38 0.31 0.19 0.14 0.07 0.04 0.01 0 0 0 0 0 0 0 0 0 0 0 0 0 0 0 0 0 0 0 0 
1 0.62 0.46 0.38 0.31 0.19 0.14 0.07 0.04 0.01 0 0 0 0 0 0 0 0 0 0 0 0 0 0 0 0 0 0 0 0 
1 0.63 0.46 0.38 0.31 0.19 0.14 0.07 0.04 0.01 0 0 0 0 0 0 0 0 0 0 0 0 0 0 0 0 0 0 0 0 
1 0.63 0.46 0.38 0.31 0.19 0.13 0.07 0.04 0.01 0 0 0 0 0 0 0 0 0 0 0 0 0 0 0 0 0 0 0 0 
1 0.63 0.46 0.38 0.31 0.19 0.13 0.08 0.04 0.01 0 0 0 0 0 0 0 0 0 0 0 0 0 0 0 0 0 0 0 0 
1 0.63 0.46 0.38 0.3 0.19 0.13 0.08 0.04 0.01 0 0 0 0 0 0 0 0 0 0 0 0 0 0 0 0 0 0 0 0 
1 0.62 0.46 0.38 0.3 0.19 0.13 0.08 0.04 0.01 0 0 0 0 0 0 0 0 0 0 0 0 0 0 0 0 0 0 0 0 
1 0.62 0.46 0.38 0.3 0.19 0.13 0.08 0.04 0.01 0 0 0 0 0 0 0 0 0 0 0 0 0 0 0 0 0 0 0 0 
1 0.62 0.47 0.38 0.3 0.19 0.13 0.08 0.04 0.01 0 0 0 0 0 0 0 0 0 0 0 0 0 0 0 0 0 0 0 0 
1 0.61 0.47 0.38 0.3 0.19 0.13 0.08 0.04 0.01 0 0 0 0 0 0 0 0 0 0 0 0 0 0 0 0 0 0 0 0 
1 0.61 0.47 0.38 0.3 0.19 0.13 0.08 0.04 0.01 0 0 0 0 0 0 0 0 0 0 0 0 0 0 0 0 0 0 0 0 
1 0.61 0.47 0.38 0.3 0.19 0.13 0.09 0.04 0.01 0 0 0 0 0 0 0 0 0 0 0 0 0 0 0 0 0 0 0 0 
1 0.61 0.47 0.38 0.3 0.19 0.13 0.08 0.04 0.01 0 0 0 0 0 0 0 0 0 0 0 0 0 0 0 0 0 0 0 0 
1 0.61 0.47 0.38 0.3 0.19 0.12 0.08 0.04 0.01 0 0 0 0 0 0 0 0 0 0 0 0 0 0 0 0 0 0 0 0 
1 0.62 0.47 0.38 0.3 0.19 0.12 0.08 0.04 0.01 0 0 0 0 0 0 0 0 0 0 0 0 0 0 0 0 0 0 0 0 
1 0.62 0.47 0.38 0.3 0.19 0.12 0.08 0.04 0.02 0 0 0 0 0 0 0 0 0 0 0 0 0 0 0 0 0 0 0 0 
1 0.62 0.47 0.37 0.3 0.19 0.12 0.08 0.04 0.02 0 0 0 0 0 0 0 0 0 0 0 0 0 0 0 0 0 0 0 0 
1 0.62 0.47 0.37 0.31 0.19 0.12 0.08 0.04 0.02 0 0 0 0 0 0 0 0 0 0 0 0 0 0 0 0 0 0 0 0 
1 0.62 0.47 0.36 0.31 0.19 0.12 0.08 0.04 0.02 0 0 0 0 0 0 0 0 0 0 0 0 0 0 0 0 0 0 0 0 
1 0.62 0.47 0.36 0.31 0.19 0.13 0.08 0.04 0.02 0 0 0 0 0 0 0 0 0 0 0 0 0 0 0 0 0 0 0 0 
1 0.61 0.47 0.36 0.31 0.19 0.13 0.08 0.04 0.02 0 0 0 0 0 0 0 0 0 0 0 0 0 0 0 0 0 0 0 0 
1 0.61 0.47 0.37 0.31 0.19 0.13 0.08 0.04 0.02 0 0 0 0 0 0 0 0 0 0 0 0 0 0 0 0 0 0 0 0 
1 0.61 0.48 0.37 0.31 0.19 0.13 0.08 0.04 0.02 0 0 0 0 0 0 0 0 0 0 0 0 0 0 0 0 0 0 0 0 
1 0.61 0.48 0.37 0.31 0.19 0.13 0.08 0.05 0.02 0 0 0 0 0 0 0 0 0 0 0 0 0 0 0 0 0 0 0 0 
1 0.61 0.48 0.37 0.31 0.19 0.13 0.09 0.05 0.02 0 0 0 0 0 0 0 0 0 0 0 0 0 0 0 0 0 0 0 0 
1 0.62 0.48 0.37 0.31 0.19 0.13 0.09 0.05 0.02 0 0 0 0 0 0 0 0 0 0 0 0 0 0 0 0 0 0 0 0 
1 0.62 0.49 0.37 0.31 0.19 0.13 0.09 0.05 0.02 0 0 0 0 0 0 0 0 0 0 0 0 0 0 0 0 0 0 0 0 
1 0.62 0.48 0.37 0.31 0.19 0.13 0.09 0.05 0.02 0 0 0 0 0 0 0 0 0 0 0 0 0 0 0 0 0 0 0 0 
1 0.62 0.48 0.37 0.31 0.19 0.12 0.09 0.05 0.02 0 0 0 0 0 0 0 0 0 0 0 0 0 0 0 0 0 0 0 0 
1 0.61 0.48 0.37 0.31 0.19 0.12 0.09 0.05 0.02 0 0 0 0 0 0 0 0 0 0 0 0 0 0 0 0 0 0 0 0 
1 0.61 0.48 0.37 0.31 0.19 0.12 0.09 0.05 0.02 0 0 0 0 0 0 0 0 0 0 0 0 0 0 0 0 0 0 0 0 
1 0.61 0.48 0.37 0.31 0.19 0.12 0.09 0.05 0.02 0 0 0 0 0 0 0 0 0 0 0 0 0 0 0 0 0 0 0 0 
1 0.61 0.48 0.37 0.31 0.19 0.12 0.09 0.05 0.01 0 0 0 0 0 0 0 0 0 0 0 0 0 0 0 0 0 0 0 0 
1 0.61 0.48 0.37 0.31 0.19 0.12 0.09 0.05 0.02 0 0 0 0 0 0 0 0 0 0 0 0 0 0 0 0 0 0 0 0 
1 0.61 0.49 0.37 0.31 0.19 0.12 0.09 0.05 0.02 0 0 0 0 0 0 0 0 0 0 0 0 0 0 0 0 0 0 0 0 
1 0.61 0.49 0.37 0.31 0.19 0.13 0.09 0.05 0.02 0 0 0 0 0 0 0 0 0 0 0 0 0 0 0 0 0 0 0 0 
1 0.61 0.5 0.37 0.31 0.19 0.13 0.09 0.05 0.02 0 0 0 0 0 0 0 0 0 0 0 0 0 0 0 0 0 0 0 0 
1 0.61 0.49 0.37 0.31 0.19 0.13 0.09 0.05 0.02 0 0 0 0 0 0 0 0 0 0 0 0 0 0 0 0 0 0 0 0 
1 0.61 0.49 0.37 0.31 0.19 0.13 0.09 0.05 0.02 0 0 0 0 0 0 0 0 0 0 0 0 0 0 0 0 0 0 0 0 
1 0.61 0.48 0.37 0.31 0.19 0.13 0.09 0.05 0.02 0 0 0 0 0 0 0 0 0 0 0 0 0 0 0 0 0 0 0 0 
1 0.61 0.48 0.37 0.31 0.2 0.13 0.09 0.05 0.02 0 0 0 0 0 0 0 0 0 0 0 0 0 0 0 0 0 0 0 0 
1 0.61 0.48 0.37 0.31 0.2 0.13 0.09 0.04 0.02 0 0 0 0 0 0 0 0 0 0 0 0 0 0 0 0 0 0 0 0 
1 0.6 0.48 0.37 0.31 0.2 0.13 0.09 0.04 0.02 0 0 0 0 0 0 0 0 0 0 0 0 0 0 0 0 0 0 0 0 
1 0.6 0.48 0.37 0.31 0.2 0.13 0.09 0.04 0.02 0 0 0 0 0 0 0 0 0 0 0 0 0 0 0 0 0 0 0 0 
1 0.6 0.48 0.37 0.31 0.19 0.13 0.09 0.04 0.02 0 0 0 0 0 0 0 0 0 0 0 0 0 0 0 0 0 0 0 0 
1 0.6 0.48 0.37 0.31 0.2 0.13 0.09 0.04 0.02 0 0 0 0 0 0 0 0 0 0 0 0 0 0 0 0 0 0 0 0 
1 0.59 0.48 0.37 0.31 0.2 0.13 0.09 0.04 0.02 0 0 0 0 0 0 0 0 0 0 0 0 0 0 0 0 0 0 0 0 
1 0.59 0.48 0.37 0.3 0.2 0.13 0.09 0.04 0.02 0 0 0 0 0 0 0 0 0 0 0 0 0 0 0 0 0 0 0 0 
1 0.59 0.48 0.37 0.3 0.2 0.13 0.09 0.04 0.03 0 0 0 0 0 0 0 0 0 0 0 0 0 0 0 0 0 0 0 0 
1 0.59 0.47 0.37 0.3 0.2 0.13 0.09 0.04 0.03 0 0 0 0 0 0 0 0 0 0 0 0 0 0 0 0 0 0 0 0 
1 0.59 0.47 0.37 0.3 0.2 0.13 0.09 0.04 0.03 0 0 0 0 0 0 0 0 0 0 0 0 0 0 0 0 0 0 0 0 
1 0.59 0.47 0.37 0.3 0.21 0.13 0.09 0.04 0.03 0 0 0 0 0 0 0 0 0 0 0 0 0 0 0 0 0 0 0 0 
1 0.6 0.47 0.37 0.3 0.21 0.13 0.09 0.04 0.03 0 0 0 0 0 0 0 0 0 0 0 0 0 0 0 0 0 0 0 0 
1 0.61 0.47 0.37 0.3 0.21 0.13 0.09 0.04 0.03 0 0 0 0 0 0 0 0 0 0 0 0 0 0 0 0 0 0 0 0 
1 0.61 0.47 0.37 0.3 0.21 0.13 0.09 0.05 0.03 0 0 0 0 0 0 0 0 0 0 0 0 0 0 0 0 0 0 0 0 
1 0.61 0.47 0.37 0.3 0.2 0.13 0.09 0.05 0.03 0 0 0 0 0 0 0 0 0 0 0 0 0 0 0 0 0 0 0 0 
1 0.61 0.47 0.37 0.3 0.2 0.13 0.09 0.05 0.03 0 0 0 0 0 0 0 0 0 0 0 0 0 0 0 0 0 0 0 0 
1 0.61 0.47 0.37 0.31 0.2 0.13 0.09 0.05 0.03 0 0 0 0 0 0 0 0 0 0 0 0 0 0 0 0 0 0 0 0 
1 0.61 0.47 0.37 0.31 0.2 0.13 0.09 0.05 0.03 0.01 0 0 0 0 0 0 0 0 0 0 0 0 0 0 0 0 0 0 0 
1 0.61 0.46 0.37 0.31 0.2 0.13 0.09 0.05 0.03 0.01 0 0 0 0 0 0 0 0 0 0 0 0 0 0 0 0 0 0 0 
1 0.6 0.46 0.37 0.31 0.2 0.13 0.09 0.05 0.03 0.01 0 0 0 0 0 0 0 0 0 0 0 0 0 0 0 0 0 0 0 
1 0.6 0.47 0.37 0.31 0.2 0.13 0.09 0.05 0.03 0.01 0 0 0 0 0 0 0 0 0 0 0 0 0 0 0 0 0 0 0 
1 0.6 0.47 0.37 0.31 0.2 0.13 0.09 0.06 0.03 0.01 0 0 0 0 0 0 0 0 0 0 0 0 0 0 0 0 0 0 0 
1 0.61 0.47 0.37 0.31 0.2 0.13 0.09 0.06 0.03 0.01 0 0 0 0 0 0 0 0 0 0 0 0 0 0 0 0 0 0 0 
1 0.62 0.47 0.37 0.31 0.2 0.13 0.09 0.06 0.03 0.01 0 0 0 0 0 0 0 0 0 0 0 0 0 0 0 0 0 0 0 
1 0.62 0.48 0.37 0.31 0.2 0.13 0.09 0.06 0.03 0.01 0 0 0 0 0 0 0 0 0 0 0 0 0 0 0 0 0 0 0 
1 0.62 0.48 0.37 0.31 0.2 0.13 0.1 0.06 0.03 0.01 0 0 0 0 0 0 0 0 0 0 0 0 0 0 0 0 0 0 0 
1 0.62 0.48 0.37 0.31 0.2 0.13 0.1 0.06 0.03 0.02 0 0 0 0 0 0 0 0 0 0 0 0 0 0 0 0 0 0 0 
1 0.63 0.48 0.37 0.31 0.2 0.13 0.1 0.06 0.03 0.02 0 0 0 0 0 0 0 0 0 0 0 0 0 0 0 0 0 0 0 
1 0.63 0.48 0.37 0.31 0.2 0.12 0.1 0.06 0.03 0.02 0 0 0 0 0 0 0 0 0 0 0 0 0 0 0 0 0 0 0 
1 0.63 0.48 0.37 0.31 0.2 0.12 0.1 0.06 0.03 0.02 0.01 0 0 0 0 0 0 0 0 0 0 0 0 0 0 0 0 0 0 
1 0.64 0.48 0.37 0.31 0.2 0.12 0.1 0.06 0.03 0.02 0.01 0 0 0 0 0 0 0 0 0 0 0 0 0 0 0 0 0 0 
1 0.65 0.48 0.37 0.31 0.2 0.12 0.1 0.06 0.03 0.02 0.01 0 0 0 0 0 0 0 0 0 0 0 0 0 0 0 0 0 0 
1 0.65 0.48 0.37 0.31 0.2 0.12 0.1 0.06 0.02 0.02 0.01 0 0 0 0 0 0 0 0 0 0 0 0 0 0 0 0 0 0 
1 0.65 0.48 0.37 0.31 0.2 0.13 0.1 0.06 0.02 0.02 0.01 0 0 0 0 0 0 0 0 0 0 0 0 0 0 0 0 0 0 
1 0.65 0.48 0.37 0.31 0.21 0.13 0.1 0.06 0.02 0.02 0.01 0 0 0 0 0 0 0 0 0 0 0 0 0 0 0 0 0 0 
1 0.65 0.48 0.37 0.32 0.21 0.13 0.1 0.06 0.02 0.02 0.01 0 0 0 0 0 0 0 0 0 0 0 0 0 0 0 0 0 0 
1 0.65 0.48 0.37 0.32 0.21 0.13 0.1 0.06 0.03 0.02 0.01 0 0 0 0 0 0 0 0 0 0 0 0 0 0 0 0 0 0 
1 0.65 0.48 0.37 0.32 0.21 0.13 0.09 0.06 0.03 0.02 0.01 0 0 0 0 0 0 0 0 0 0 0 0 0 0 0 0 0 0 
1 0.65 0.48 0.37 0.31 0.21 0.13 0.09 0.06 0.03 0.02 0.01 0 0 0 0 0 0 0 0 0 0 0 0 0 0 0 0 0 0 
1 0.65 0.48 0.37 0.3 0.21 0.13 0.09 0.06 0.03 0.02 0.01 0 0 0 0 0 0 0 0 0 0 0 0 0 0 0 0 0 0 
1 0.65 0.47 0.37 0.3 0.21 0.13 0.09 0.06 0.03 0.02 0.01 0 0 0 0 0 0 0 0 0 0 0 0 0 0 0 0 0 0 
1 0.65 0.47 0.37 0.3 0.21 0.13 0.09 0.06 0.03 0.02 0.01 0 0 0 0 0 0 0 0 0 0 0 0 0 0 0 0 0 0 
1 0.65 0.47 0.37 0.3 0.21 0.14 0.09 0.06 0.03 0.02 0.01 0 0 0 0 0 0 0 0 0 0 0 0 0 0 0 0 0 0 
1 0.65 0.47 0.37 0.29 0.21 0.14 0.09 0.06 0.03 0.02 0.01 0 0 0 0 0 0 0 0 0 0 0 0 0 0 0 0 0 0 
1 0.64 0.47 0.37 0.29 0.21 0.14 0.09 0.06 0.03 0.02 0.01 0 0 0 0 0 0 0 0 0 0 0 0 0 0 0 0 0 0 
1 0.64 0.47 0.37 0.29 0.21 0.14 0.09 0.06 0.03 0.02 0.01 0 0 0 0 0 0 0 0 0 0 0 0 0 0 0 0 0 0 
1 0.64 0.47 0.37 0.29 0.21 0.15 0.09 0.06 0.03 0.02 0.01 0 0 0 0 0 0 0 0 0 0 0 0 0 0 0 0 0 0 
1 0.64 0.47 0.37 0.29 0.21 0.15 0.09 0.06 0.03 0.02 0.01 0 0 0 0 0 0 0 0 0 0 0 0 0 0 0 0 0 0 
1 0.64 0.46 0.37 0.29 0.21 0.15 0.09 0.06 0.03 0.02 0.01 0 0 0 0 0 0 0 0 0 0 0 0 0 0 0 0 0 0 
1 0.64 0.46 0.37 0.29 0.2 0.15 0.09 0.06 0.03 0.02 0.01 0 0 0 0 0 0 0 0 0 0 0 0 0 0 0 0 0 0 
1 0.64 0.46 0.38 0.29 0.2 0.15 0.09 0.06 0.03 0.02 0.01 0 0 0 0 0 0 0 0 0 0 0 0 0 0 0 0 0 0 
1 0.64 0.46 0.37 0.29 0.2 0.15 0.09 0.06 0.03 0.02 0.01 0 0 0 0 0 0 0 0 0 0 0 0 0 0 0 0 0 0 
1 0.64 0.46 0.36 0.29 0.2 0.15 0.09 0.06 0.03 0.02 0.01 0 0 0 0 0 0 0 0 0 0 0 0 0 0 0 0 0 0 
1 0.64 0.46 0.36 0.29 0.19 0.15 0.09 0.06 0.03 0.02 0.01 0 0 0 0 0 0 0 0 0 0 0 0 0 0 0 0 0 0 
1 0.64 0.46 0.36 0.29 0.19 0.15 0.1 0.06 0.03 0.02 0.01 0 0 0 0 0 0 0 0 0 0 0 0 0 0 0 0 0 0 
1 0.64 0.46 0.36 0.29 0.19 0.15 0.1 0.06 0.04 0.02 0.01 0 0 0 0 0 0 0 0 0 0 0 0 0 0 0 0 0 0 
1 0.64 0.46 0.36 0.29 0.19 0.16 0.1 0.06 0.04 0.02 0.01 0 0 0 0 0 0 0 0 0 0 0 0 0 0 0 0 0 0 
1 0.64 0.46 0.36 0.29 0.18 0.16 0.1 0.06 0.04 0.02 0.01 0 0 0 0 0 0 0 0 0 0 0 0 0 0 0 0 0 0 
1 0.64 0.46 0.36 0.29 0.18 0.16 0.1 0.06 0.04 0.02 0.01 0 0 0 0 0 0 0 0 0 0 0 0 0 0 0 0 0 0 
1 0.64 0.46 0.36 0.29 0.18 0.16 0.1 0.06 0.04 0.02 0.01 0 0 0 0 0 0 0 0 0 0 0 0 0 0 0 0 0 0 
1 0.64 0.46 0.36 0.29 0.18 0.15 0.1 0.06 0.04 0.02 0.01 0 0 0 0 0 0 0 0 0 0 0 0 0 0 0 0 0 0 
1 0.64 0.46 0.36 0.29 0.18 0.15 0.1 0.06 0.04 0.02 0.01 0 0 0 0 0 0 0 0 0 0 0 0 0 0 0 0 0 0 
1 0.63 0.46 0.36 0.29 0.18 0.15 0.1 0.06 0.04 0.02 0.01 0 0 0 0 0 0 0 0 0 0 0 0 0 0 0 0 0 0 
1 0.63 0.46 0.36 0.29 0.18 0.15 0.1 0.06 0.04 0.02 0.01 0 0 0 0 0 0 0 0 0 0 0 0 0 0 0 0 0 0 
1 0.63 0.46 0.36 0.29 0.18 0.15 0.09 0.06 0.04 0.02 0.01 0 0 0 0 0 0 0 0 0 0 0 0 0 0 0 0 0 0 
1 0.63 0.46 0.36 0.29 0.18 0.15 0.09 0.06 0.04 0.02 0.01 0 0 0 0 0 0 0 0 0 0 0 0 0 0 0 0 0 0 
1 0.63 0.46 0.37 0.29 0.18 0.15 0.09 0.06 0.04 0.02 0.01 0 0 0 0 0 0 0 0 0 0 0 0 0 0 0 0 0 0 
1 0.63 0.46 0.37 0.3 0.18 0.15 0.09 0.06 0.04 0.02 0.01 0 0 0 0 0 0 0 0 0 0 0 0 0 0 0 0 0 0 
1 0.63 0.46 0.37 0.3 0.18 0.15 0.09 0.06 0.04 0.02 0.01 0 0 0 0 0 0 0 0 0 0 0 0 0 0 0 0 0 0 
1 0.63 0.46 0.37 0.3 0.18 0.15 0.09 0.06 0.04 0.02 0.01 0 0 0 0 0 0 0 0 0 0 0 0 0 0 0 0 0 0 
1 0.63 0.46 0.37 0.3 0.18 0.14 0.09 0.06 0.04 0.02 0.01 0 0 0 0 0 0 0 0 0 0 0 0 0 0 0 0 0 0 
1 0.63 0.46 0.37 0.3 0.18 0.14 0.09 0.06 0.04 0.03 0.01 0 0 0 0 0 0 0 0 0 0 0 0 0 0 0 0 0 0 
1 0.63 0.46 0.37 0.3 0.18 0.14 0.09 0.06 0.04 0.03 0.01 0 0 0 0 0 0 0 0 0 0 0 0 0 0 0 0 0 0 
1 0.63 0.46 0.36 0.3 0.18 0.14 0.09 0.06 0.04 0.03 0.01 0 0 0 0 0 0 0 0 0 0 0 0 0 0 0 0 0 0 
1 0.62 0.46 0.36 0.3 0.18 0.14 0.09 0.06 0.04 0.03 0.01 0 0 0 0 0 0 0 0 0 0 0 0 0 0 0 0 0 0 
1 0.63 0.46 0.36 0.3 0.18 0.14 0.09 0.06 0.04 0.03 0.01 0 0 0 0 0 0 0 0 0 0 0 0 0 0 0 0 0 0 
1 0.63 0.46 0.36 0.3 0.18 0.14 0.1 0.06 0.04 0.03 0.01 0 0 0 0 0 0 0 0 0 0 0 0 0 0 0 0 0 0 
1 0.64 0.46 0.36 0.3 0.18 0.14 0.1 0.06 0.04 0.03 0.01 0 0 0 0 0 0 0 0 0 0 0 0 0 0 0 0 0 0 
1 0.64 0.46 0.36 0.3 0.19 0.14 0.1 0.06 0.04 0.03 0.01 0 0 0 0 0 0 0 0 0 0 0 0 0 0 0 0 0 0 
1 0.64 0.46 0.36 0.29 0.19 0.14 0.1 0.06 0.04 0.03 0.01 0 0 0 0 0 0 0 0 0 0 0 0 0 0 0 0 0 0 
1 0.64 0.46 0.36 0.29 0.18 0.14 0.1 0.06 0.04 0.03 0.01 0 0 0 0 0 0 0 0 0 0 0 0 0 0 0 0 0 0 
1 0.64 0.46 0.36 0.29 0.19 0.14 0.1 0.06 0.04 0.03 0.01 0 0 0 0 0 0 0 0 0 0 0 0 0 0 0 0 0 0 
1 0.64 0.46 0.36 0.29 0.19 0.14 0.1 0.06 0.04 0.03 0.01 0 0 0 0 0 0 0 0 0 0 0 0 0 0 0 0 0 0 
1 0.64 0.46 0.36 0.29 0.19 0.14 0.1 0.06 0.04 0.03 0.01 0 0 0 0 0 0 0 0 0 0 0 0 0 0 0 0 0 0 
1 0.64 0.46 0.36 0.3 0.19 0.14 0.1 0.06 0.04 0.03 0.01 0 0 0 0 0 0 0 0 0 0 0 0 0 0 0 0 0 0 
1 0.64 0.46 0.35 0.3 0.19 0.14 0.1 0.06 0.04 0.03 0.01 0 0 0 0 0 0 0 0 0 0 0 0 0 0 0 0 0 0 
1 0.64 0.46 0.35 0.3 0.19 0.14 0.11 0.06 0.04 0.03 0.01 0 0 0 0 0 0 0 0 0 0 0 0 0 0 0 0 0 0 
1 0.63 0.46 0.35 0.3 0.19 0.14 0.11 0.06 0.04 0.03 0.01 0 0 0 0 0 0 0 0 0 0 0 0 0 0 0 0 0 0 
1 0.63 0.46 0.35 0.3 0.19 0.14 0.11 0.07 0.04 0.03 0.01 0 0 0 0 0 0 0 0 0 0 0 0 0 0 0 0 0 0 
1 0.63 0.46 0.35 0.3 0.19 0.14 0.11 0.07 0.04 0.03 0 0 0 0 0 0 0 0 0 0 0 0 0 0 0 0 0 0 0 
1 0.63 0.46 0.35 0.3 0.19 0.14 0.11 0.07 0.04 0.03 0 0 0 0 0 0 0 0 0 0 0 0 0 0 0 0 0 0 0 
1 0.63 0.47 0.35 0.3 0.19 0.14 0.11 0.07 0.04 0.03 0 0 0 0 0 0 0 0 0 0 0 0 0 0 0 0 0 0 0 
1 0.62 0.47 0.35 0.3 0.19 0.14 0.11 0.07 0.04 0.03 0 0 0 0 0 0 0 0 0 0 0 0 0 0 0 0 0 0 0 
1 0.62 0.47 0.35 0.3 0.19 0.14 0.11 0.07 0.04 0.03 0 0 0 0 0 0 0 0 0 0 0 0 0 0 0 0 0 0 0 
1 0.62 0.47 0.35 0.3 0.19 0.14 0.12 0.07 0.04 0.03 0 0 0 0 0 0 0 0 0 0 0 0 0 0 0 0 0 0 0 
1 0.63 0.47 0.35 0.3 0.19 0.14 0.12 0.07 0.04 0.03 0 0 0 0 0 0 0 0 0 0 0 0 0 0 0 0 0 0 0 
1 0.62 0.47 0.35 0.3 0.19 0.14 0.12 0.07 0.04 0.03 0 0 0 0 0 0 0 0 0 0 0 0 0 0 0 0 0 0 0 
1 0.62 0.47 0.35 0.3 0.19 0.15 0.12 0.07 0.04 0.03 0 0 0 0 0 0 0 0 0 0 0 0 0 0 0 0 0 0 0 
1 0.62 0.47 0.35 0.29 0.19 0.15 0.12 0.07 0.04 0.03 0 0 0 0 0 0 0 0 0 0 0 0 0 0 0 0 0 0 0 
1 0.62 0.47 0.35 0.29 0.2 0.15 0.12 0.07 0.04 0.03 0 0 0 0 0 0 0 0 0 0 0 0 0 0 0 0 0 0 0 
1 0.62 0.47 0.35 0.29 0.19 0.15 0.12 0.07 0.04 0.03 0 0 0 0 0 0 0 0 0 0 0 0 0 0 0 0 0 0 0 
1 0.62 0.47 0.35 0.29 0.19 0.15 0.12 0.07 0.04 0.03 0 0 0 0 0 0 0 0 0 0 0 0 0 0 0 0 0 0 0 
1 0.62 0.47 0.36 0.29 0.19 0.15 0.12 0.07 0.04 0.03 0 0 0 0 0 0 0 0 0 0 0 0 0 0 0 0 0 0 0 
1 0.62 0.47 0.35 0.29 0.19 0.15 0.12 0.07 0.04 0.03 0 0 0 0 0 0 0 0 0 0 0 0 0 0 0 0 0 0 0 
1 0.62 0.47 0.34 0.29 0.19 0.15 0.12 0.07 0.04 0.03 0 0 0 0 0 0 0 0 0 0 0 0 0 0 0 0 0 0 0 
1 0.62 0.47 0.34 0.29 0.19 0.15 0.12 0.07 0.04 0.03 0 0 0 0 0 0 0 0 0 0 0 0 0 0 0 0 0 0 0 
1 0.62 0.48 0.34 0.29 0.19 0.15 0.12 0.07 0.04 0.03 0 0 0 0 0 0 0 0 0 0 0 0 0 0 0 0 0 0 0 
1 0.62 0.48 0.34 0.29 0.2 0.15 0.12 0.07 0.04 0.03 0 0 0 0 0 0 0 0 0 0 0 0 0 0 0 0 0 0 0 
1 0.62 0.48 0.35 0.29 0.2 0.15 0.12 0.07 0.04 0.03 0 0 0 0 0 0 0 0 0 0 0 0 0 0 0 0 0 0 0 
1 0.63 0.48 0.35 0.29 0.2 0.15 0.12 0.07 0.04 0.03 0 0 0 0 0 0 0 0 0 0 0 0 0 0 0 0 0 0 0 
1 0.62 0.48 0.35 0.29 0.2 0.15 0.12 0.07 0.04 0.03 0 0 0 0 0 0 0 0 0 0 0 0 0 0 0 0 0 0 0 
1 0.62 0.47 0.35 0.29 0.2 0.15 0.12 0.07 0.04 0.03 0 0 0 0 0 0 0 0 0 0 0 0 0 0 0 0 0 0 0 
1 0.62 0.48 0.35 0.29 0.2 0.15 0.12 0.07 0.04 0.03 0 0 0 0 0 0 0 0 0 0 0 0 0 0 0 0 0 0 0 
1 0.62 0.48 0.35 0.29 0.2 0.15 0.12 0.07 0.04 0.03 0 0 0 0 0 0 0 0 0 0 0 0 0 0 0 0 0 0 0 
1 0.62 0.47 0.35 0.29 0.2 0.15 0.12 0.07 0.04 0.03 0 0 0 0 0 0 0 0 0 0 0 0 0 0 0 0 0 0 0 
1 0.62 0.47 0.35 0.29 0.2 0.15 0.12 0.07 0.05 0.03 0 0 0 0 0 0 0 0 0 0 0 0 0 0 0 0 0 0 0 
1 0.61 0.47 0.35 0.29 0.2 0.15 0.12 0.07 0.05 0.03 0 0 0 0 0 0 0 0 0 0 0 0 0 0 0 0 0 0 0 
1 0.61 0.47 0.35 0.29 0.2 0.15 0.13 0.07 0.05 0.03 0 0 0 0 0 0 0 0 0 0 0 0 0 0 0 0 0 0 0 
1 0.61 0.47 0.35 0.29 0.2 0.15 0.13 0.07 0.04 0.03 0 0 0 0 0 0 0 0 0 0 0 0 0 0 0 0 0 0 0 
1 0.61 0.47 0.36 0.29 0.2 0.15 0.13 0.07 0.04 0.03 0 0 0 0 0 0 0 0 0 0 0 0 0 0 0 0 0 0 0 
1 0.61 0.47 0.36 0.29 0.2 0.15 0.14 0.07 0.04 0.03 0 0 0 0 0 0 0 0 0 0 0 0 0 0 0 0 0 0 0 
1 0.61 0.47 0.36 0.28 0.2 0.15 0.14 0.07 0.04 0.03 0 0 0 0 0 0 0 0 0 0 0 0 0 0 0 0 0 0 0 
1 0.61 0.47 0.36 0.28 0.2 0.15 0.14 0.07 0.04 0.03 0 0 0 0 0 0 0 0 0 0 0 0 0 0 0 0 0 0 0 
1 0.61 0.47 0.36 0.28 0.2 0.15 0.14 0.07 0.04 0.03 0 0 0 0 0 0 0 0 0 0 0 0 0 0 0 0 0 0 0 
1 0.61 0.47 0.36 0.28 0.2 0.16 0.14 0.07 0.04 0.03 0 0 0 0 0 0 0 0 0 0 0 0 0 0 0 0 0 0 0 
1 0.61 0.47 0.36 0.28 0.2 0.16 0.14 0.07 0.05 0.03 0 0 0 0 0 0 0 0 0 0 0 0 0 0 0 0 0 0 0 
1 0.61 0.47 0.36 0.28 0.2 0.16 0.14 0.08 0.05 0.03 0 0 0 0 0 0 0 0 0 0 0 0 0 0 0 0 0 0 0 
1 0.6 0.47 0.36 0.28 0.2 0.16 0.14 0.08 0.05 0.03 0 0 0 0 0 0 0 0 0 0 0 0 0 0 0 0 0 0 0 
1 0.6 0.48 0.36 0.28 0.2 0.16 0.14 0.08 0.05 0.03 0 0 0 0 0 0 0 0 0 0 0 0 0 0 0 0 0 0 0 
1 0.6 0.47 0.36 0.28 0.2 0.16 0.14 0.08 0.05 0.03 0 0 0 0 0 0 0 0 0 0 0 0 0 0 0 0 0 0 0 
1 0.6 0.47 0.36 0.28 0.2 0.17 0.14 0.08 0.05 0.03 0 0 0 0 0 0 0 0 0 0 0 0 0 0 0 0 0 0 0 
1 0.6 0.47 0.36 0.28 0.2 0.17 0.14 0.08 0.05 0.03 0 0 0 0 0 0 0 0 0 0 0 0 0 0 0 0 0 0 0 
1 0.6 0.47 0.36 0.28 0.2 0.17 0.15 0.08 0.05 0.03 0 0 0 0 0 0 0 0 0 0 0 0 0 0 0 0 0 0 0 
1 0.6 0.46 0.36 0.28 0.2 0.17 0.15 0.08 0.05 0.03 0 0 0 0 0 0 0 0 0 0 0 0 0 0 0 0 0 0 0 
1 0.61 0.46 0.36 0.28 0.2 0.17 0.15 0.08 0.05 0.03 0 0 0 0 0 0 0 0 0 0 0 0 0 0 0 0 0 0 0 
1 0.61 0.46 0.36 0.28 0.2 0.17 0.15 0.08 0.05 0.03 0 0 0 0 0 0 0 0 0 0 0 0 0 0 0 0 0 0 0 
1 0.62 0.46 0.36 0.28 0.2 0.17 0.15 0.08 0.05 0.03 0 0 0 0 0 0 0 0 0 0 0 0 0 0 0 0 0 0 0 
1 0.62 0.46 0.36 0.28 0.2 0.17 0.15 0.08 0.05 0.03 0 0 0 0 0 0 0 0 0 0 0 0 0 0 0 0 0 0 0 
1 0.62 0.46 0.35 0.28 0.2 0.17 0.15 0.08 0.05 0.03 0 0 0 0 0 0 0 0 0 0 0 0 0 0 0 0 0 0 0 
1 0.62 0.46 0.35 0.28 0.2 0.17 0.15 0.08 0.05 0.03 0 0 0 0 0 0 0 0 0 0 0 0 0 0 0 0 0 0 0 
1 0.62 0.46 0.35 0.27 0.2 0.17 0.15 0.08 0.05 0.03 0 0 0 0 0 0 0 0 0 0 0 0 0 0 0 0 0 0 0 
1 0.62 0.46 0.35 0.27 0.2 0.17 0.14 0.08 0.05 0.03 0 0 0 0 0 0 0 0 0 0 0 0 0 0 0 0 0 0 0 
1 0.62 0.46 0.35 0.27 0.2 0.17 0.14 0.09 0.05 0.03 0 0 0 0 0 0 0 0 0 0 0 0 0 0 0 0 0 0 0 
1 0.62 0.46 0.35 0.27 0.2 0.17 0.14 0.09 0.05 0.04 0 0 0 0 0 0 0 0 0 0 0 0 0 0 0 0 0 0 0 
1 0.62 0.46 0.35 0.28 0.2 0.17 0.14 0.09 0.05 0.04 0 0 0 0 0 0 0 0 0 0 0 0 0 0 0 0 0 0 0 
1 0.62 0.47 0.35 0.28 0.2 0.17 0.14 0.09 0.05 0.04 0 0 0 0 0 0 0 0 0 0 0 0 0 0 0 0 0 0 0 
1 0.62 0.46 0.35 0.28 0.2 0.17 0.14 0.09 0.05 0.04 0 0 0 0 0 0 0 0 0 0 0 0 0 0 0 0 0 0 0 
1 0.62 0.45 0.35 0.28 0.2 0.17 0.14 0.09 0.05 0.04 0 0 0 0 0 0 0 0 0 0 0 0 0 0 0 0 0 0 0 
1 0.62 0.45 0.35 0.28 0.2 0.17 0.15 0.09 0.05 0.04 0 0 0 0 0 0 0 0 0 0 0 0 0 0 0 0 0 0 0 
1 0.61 0.45 0.35 0.28 0.2 0.17 0.15 0.09 0.05 0.04 0 0 0 0 0 0 0 0 0 0 0 0 0 0 0 0 0 0 0 
1 0.61 0.45 0.35 0.28 0.2 0.16 0.15 0.09 0.05 0.04 0 0 0 0 0 0 0 0 0 0 0 0 0 0 0 0 0 0 0 
1 0.61 0.45 0.35 0.28 0.2 0.16 0.14 0.09 0.05 0.04 0 0 0 0 0 0 0 0 0 0 0 0 0 0 0 0 0 0 0 
1 0.62 0.45 0.35 0.28 0.2 0.16 0.14 0.09 0.05 0.04 0 0 0 0 0 0 0 0 0 0 0 0 0 0 0 0 0 0 0 
1 0.62 0.45 0.34 0.28 0.2 0.16 0.14 0.09 0.05 0.04 0 0 0 0 0 0 0 0 0 0 0 0 0 0 0 0 0 0 0 
1 0.62 0.45 0.34 0.28 0.2 0.16 0.14 0.09 0.05 0.03 0 0 0 0 0 0 0 0 0 0 0 0 0 0 0 0 0 0 0 
1 0.61 0.45 0.34 0.28 0.2 0.16 0.14 0.09 0.05 0.03 0 0 0 0 0 0 0 0 0 0 0 0 0 0 0 0 0 0 0 
1 0.61 0.45 0.35 0.28 0.2 0.16 0.14 0.09 0.05 0.03 0 0 0 0 0 0 0 0 0 0 0 0 0 0 0 0 0 0 0 
1 0.61 0.45 0.35 0.27 0.2 0.16 0.14 0.09 0.05 0.03 0 0 0 0 0 0 0 0 0 0 0 0 0 0 0 0 0 0 0 
1 0.61 0.45 0.35 0.27 0.2 0.16 0.14 0.09 0.05 0.03 0 0 0 0 0 0 0 0 0 0 0 0 0 0 0 0 0 0 0 
1 0.62 0.45 0.35 0.27 0.2 0.16 0.14 0.09 0.05 0.03 0 0 0 0 0 0 0 0 0 0 0 0 0 0 0 0 0 0 0 
1 0.62 0.45 0.35 0.27 0.2 0.16 0.14 0.09 0.05 0.03 0 0 0 0 0 0 0 0 0 0 0 0 0 0 0 0 0 0 0 
1 0.62 0.46 0.35 0.27 0.2 0.16 0.14 0.09 0.05 0.03 0 0 0 0 0 0 0 0 0 0 0 0 0 0 0 0 0 0 0 
1 0.62 0.46 0.35 0.27 0.2 0.16 0.14 0.1 0.05 0.03 0 0 0 0 0 0 0 0 0 0 0 0 0 0 0 0 0 0 0 
1 0.62 0.45 0.35 0.27 0.2 0.16 0.14 0.1 0.05 0.03 0 0 0 0 0 0 0 0 0 0 0 0 0 0 0 0 0 0 0 
1 0.62 0.45 0.35 0.27 0.2 0.16 0.14 0.1 0.05 0.03 0 0 0 0 0 0 0 0 0 0 0 0 0 0 0 0 0 0 0 
1 0.62 0.45 0.35 0.27 0.2 0.16 0.14 0.1 0.05 0.03 0 0 0 0 0 0 0 0 0 0 0 0 0 0 0 0 0 0 0 
1 0.62 0.45 0.35 0.27 0.2 0.16 0.14 0.1 0.05 0.02 0 0 0 0 0 0 0 0 0 0 0 0 0 0 0 0 0 0 0 
1 0.62 0.45 0.35 0.27 0.2 0.16 0.15 0.1 0.05 0.02 0 0 0 0 0 0 0 0 0 0 0 0 0 0 0 0 0 0 0 
1 0.62 0.45 0.35 0.27 0.2 0.15 0.15 0.1 0.05 0.02 0 0 0 0 0 0 0 0 0 0 0 0 0 0 0 0 0 0 0 
1 0.62 0.45 0.35 0.27 0.2 0.15 0.15 0.1 0.05 0.02 0 0 0 0 0 0 0 0 0 0 0 0 0 0 0 0 0 0 0 
1 0.63 0.45 0.35 0.27 0.2 0.15 0.15 0.1 0.05 0.02 0 0 0 0 0 0 0 0 0 0 0 0 0 0 0 0 0 0 0 
1 0.63 0.45 0.35 0.27 0.2 0.15 0.15 0.1 0.04 0.02 0 0 0 0 0 0 0 0 0 0 0 0 0 0 0 0 0 0 0 
1 0.63 0.44 0.35 0.27 0.2 0.15 0.15 0.1 0.04 0.02 0 0 0 0 0 0 0 0 0 0 0 0 0 0 0 0 0 0 0 
1 0.63 0.44 0.35 0.27 0.21 0.15 0.15 0.1 0.04 0.02 0 0 0 0 0 0 0 0 0 0 0 0 0 0 0 0 0 0 0 
1 0.62 0.44 0.35 0.27 0.21 0.15 0.15 0.1 0.04 0.02 0 0 0 0 0 0 0 0 0 0 0 0 0 0 0 0 0 0 0 
1 0.62 0.44 0.34 0.27 0.21 0.15 0.15 0.1 0.04 0.02 0 0 0 0 0 0 0 0 0 0 0 0 0 0 0 0 0 0 0 
1 0.62 0.44 0.34 0.27 0.21 0.15 0.15 0.1 0.04 0.02 0 0 0 0 0 0 0 0 0 0 0 0 0 0 0 0 0 0 0 
1 0.62 0.44 0.34 0.27 0.21 0.15 0.14 0.1 0.04 0.02 0 0 0 0 0 0 0 0 0 0 0 0 0 0 0 0 0 0 0 
1 0.61 0.44 0.34 0.27 0.21 0.15 0.14 0.1 0.04 0.02 0 0 0 0 0 0 0 0 0 0 0 0 0 0 0 0 0 0 0 
1 0.61 0.44 0.34 0.27 0.21 0.15 0.14 0.1 0.04 0.02 0 0 0 0 0 0 0 0 0 0 0 0 0 0 0 0 0 0 0 
1 0.61 0.44 0.34 0.27 0.21 0.15 0.14 0.1 0.03 0.02 0 0 0 0 0 0 0 0 0 0 0 0 0 0 0 0 0 0 0 
1 0.61 0.44 0.33 0.27 0.21 0.15 0.14 0.1 0.03 0.02 0 0 0 0 0 0 0 0 0 0 0 0 0 0 0 0 0 0 0 
1 0.61 0.44 0.33 0.27 0.21 0.15 0.14 0.1 0.04 0.02 0 0 0 0 0 0 0 0 0 0 0 0 0 0 0 0 0 0 0 
1 0.6 0.44 0.33 0.27 0.21 0.15 0.14 0.1 0.04 0.02 0 0 0 0 0 0 0 0 0 0 0 0 0 0 0 0 0 0 0 
1 0.6 0.45 0.33 0.27 0.21 0.15 0.14 0.1 0.04 0.02 0 0 0 0 0 0 0 0 0 0 0 0 0 0 0 0 0 0 0 
1 0.6 0.46 0.33 0.27 0.21 0.15 0.14 0.1 0.04 0.02 0 0 0 0 0 0 0 0 0 0 0 0 0 0 0 0 0 0 0 
1 0.61 0.46 0.33 0.27 0.21 0.15 0.14 0.1 0.04 0.02 0 0 0 0 0 0 0 0 0 0 0 0 0 0 0 0 0 0 0 
1 0.61 0.46 0.33 0.28 0.21 0.15 0.14 0.1 0.04 0.02 0 0 0 0 0 0 0 0 0 0 0 0 0 0 0 0 0 0 0 
1 0.61 0.46 0.34 0.28 0.21 0.15 0.14 0.1 0.04 0.02 0 0 0 0 0 0 0 0 0 0 0 0 0 0 0 0 0 0 0 
1 0.61 0.46 0.34 0.28 0.21 0.15 0.13 0.1 0.04 0.02 0 0 0 0 0 0 0 0 0 0 0 0 0 0 0 0 0 0 0 
1 0.61 0.46 0.34 0.28 0.21 0.15 0.13 0.1 0.04 0.01 0 0 0 0 0 0 0 0 0 0 0 0 0 0 0 0 0 0 0 
1 0.61 0.46 0.34 0.28 0.21 0.15 0.13 0.1 0.03 0.01 0 0 0 0 0 0 0 0 0 0 0 0 0 0 0 0 0 0 0 
1 0.61 0.46 0.34 0.28 0.21 0.15 0.13 0.1 0.03 0.01 0 0 0 0 0 0 0 0 0 0 0 0 0 0 0 0 0 0 0 
1 0.61 0.46 0.34 0.29 0.21 0.15 0.13 0.1 0.03 0.01 0 0 0 0 0 0 0 0 0 0 0 0 0 0 0 0 0 0 0 
1 0.61 0.46 0.34 0.29 0.2 0.15 0.13 0.1 0.03 0.01 0 0 0 0 0 0 0 0 0 0 0 0 0 0 0 0 0 0 0 
1 0.61 0.46 0.33 0.29 0.2 0.15 0.13 0.1 0.03 0.01 0 0 0 0 0 0 0 0 0 0 0 0 0 0 0 0 0 0 0 
1 0.61 0.46 0.33 0.29 0.2 0.15 0.13 0.1 0.03 0.01 0 0 0 0 0 0 0 0 0 0 0 0 0 0 0 0 0 0 0 
1 0.61 0.46 0.33 0.28 0.2 0.15 0.13 0.1 0.03 0.01 0 0 0 0 0 0 0 0 0 0 0 0 0 0 0 0 0 0 0 
1 0.61 0.46 0.33 0.28 0.2 0.15 0.13 0.09 0.03 0.01 0 0 0 0 0 0 0 0 0 0 0 0 0 0 0 0 0 0 0 
1 0.61 0.46 0.33 0.28 0.2 0.15 0.13 0.09 0.03 0.01 0 0 0 0 0 0 0 0 0 0 0 0 0 0 0 0 0 0 0 
1 0.61 0.46 0.34 0.28 0.2 0.15 0.13 0.09 0.03 0.01 0 0 0 0 0 0 0 0 0 0 0 0 0 0 0 0 0 0 0 
1 0.61 0.46 0.34 0.28 0.2 0.15 0.13 0.09 0.03 0.01 0 0 0 0 0 0 0 0 0 0 0 0 0 0 0 0 0 0 0 
1 0.61 0.46 0.34 0.28 0.2 0.15 0.13 0.09 0.03 0.01 0 0 0 0 0 0 0 0 0 0 0 0 0 0 0 0 0 0 0 
1 0.61 0.46 0.34 0.28 0.2 0.15 0.13 0.09 0.03 0.01 0 0 0 0 0 0 0 0 0 0 0 0 0 0 0 0 0 0 0 
1 0.61 0.46 0.34 0.28 0.2 0.15 0.13 0.09 0.03 0.01 0 0 0 0 0 0 0 0 0 0 0 0 0 0 0 0 0 0 0 
1 0.61 0.46 0.34 0.28 0.2 0.15 0.13 0.09 0.03 0.01 0 0 0 0 0 0 0 0 0 0 0 0 0 0 0 0 0 0 0 
1 0.6 0.46 0.34 0.28 0.2 0.15 0.13 0.09 0.03 0.01 0 0 0 0 0 0 0 0 0 0 0 0 0 0 0 0 0 0 0 
1 0.6 0.46 0.33 0.28 0.2 0.15 0.13 0.09 0.03 0.01 0 0 0 0 0 0 0 0 0 0 0 0 0 0 0 0 0 0 0 
1 0.6 0.46 0.34 0.28 0.2 0.15 0.13 0.09 0.03 0.01 0 0 0 0 0 0 0 0 0 0 0 0 0 0 0 0 0 0 0 
1 0.6 0.45 0.34 0.28 0.2 0.15 0.13 0.09 0.03 0.01 0 0 0 0 0 0 0 0 0 0 0 0 0 0 0 0 0 0 0 
1 0.6 0.45 0.35 0.28 0.2 0.15 0.13 0.09 0.03 0.01 0 0 0 0 0 0 0 0 0 0 0 0 0 0 0 0 0 0 0 
1 0.6 0.45 0.35 0.28 0.2 0.15 0.13 0.09 0.03 -3.46945e-18 0 0 0 0 0 0 0 0 0 0 0 0 0 0 0 0 0 0 0 
1 0.6 0.45 0.35 0.28 0.2 0.15 0.13 0.09 0.03 -3.46945e-18 0 0 0 0 0 0 0 0 0 0 0 0 0 0 0 0 0 0 0 
1 0.6 0.45 0.35 0.28 0.2 0.15 0.13 0.09 0.04 -3.46945e-18 0 0 0 0 0 0 0 0 0 0 0 0 0 0 0 0 0 0 0 
1 0.6 0.45 0.36 0.28 0.2 0.15 0.13 0.09 0.04 -3.46945e-18 0 0 0 0 0 0 0 0 0 0 0 0 0 0 0 0 0 0 0 
1 0.6 0.45 0.36 0.28 0.2 0.15 0.13 0.09 0.04 -3.46945e-18 0 0 0 0 0 0 0 0 0 0 0 0 0 0 0 0 0 0 0 
1 0.6 0.45 0.36 0.29 0.2 0.15 0.13 0.09 0.04 -3.46945e-18 0 0 0 0 0 0 0 0 0 0 0 0 0 0 0 0 0 0 0 
1 0.6 0.45 0.35 0.29 0.2 0.15 0.13 0.09 0.04 -3.46945e-18 0 0 0 0 0 0 0 0 0 0 0 0 0 0 0 0 0 0 0 
1 0.6 0.45 0.35 0.29 0.2 0.14 0.13 0.09 0.04 -3.46945e-18 0 0 0 0 0 0 0 0 0 0 0 0 0 0 0 0 0 0 0 
1 0.6 0.45 0.35 0.29 0.2 0.14 0.13 0.09 0.05 -3.46945e-18 0 0 0 0 0 0 0 0 0 0 0 0 0 0 0 0 0 0 0 
1 0.6 0.45 0.35 0.29 0.19 0.14 0.13 0.09 0.05 -3.46945e-18 0 0 0 0 0 0 0 0 0 0 0 0 0 0 0 0 0 0 0 
1 0.6 0.45 0.35 0.29 0.19 0.14 0.13 0.09 0.05 -3.46945e-18 0 0 0 0 0 0 0 0 0 0 0 0 0 0 0 0 0 0 0 
1 0.6 0.45 0.35 0.29 0.19 0.14 0.13 0.09 0.05 -3.46945e-18 0 0 0 0 0 0 0 0 0 0 0 0 0 0 0 0 0 0 0 
1 0.59 0.45 0.35 0.29 0.19 0.14 0.13 0.09 0.05 -3.46945e-18 0 0 0 0 0 0 0 0 0 0 0 0 0 0 0 0 0 0 0 
1 0.58 0.45 0.35 0.29 0.19 0.14 0.13 0.09 0.05 -3.46945e-18 0 0 0 0 0 0 0 0 0 0 0 0 0 0 0 0 0 0 0 
1 0.58 0.44 0.35 0.29 0.19 0.14 0.13 0.09 0.05 -3.46945e-18 0 0 0 0 0 0 0 0 0 0 0 0 0 0 0 0 0 0 0 
1 0.58 0.44 0.35 0.29 0.18 0.14 0.13 0.09 0.05 -3.46945e-18 0 0 0 0 0 0 0 0 0 0 0 0 0 0 0 0 0 0 0 
1 0.58 0.44 0.35 0.29 0.18 0.14 0.13 0.09 0.05 -3.46945e-18 0 0 0 0 0 0 0 0 0 0 0 0 0 0 0 0 0 0 0 
1 0.58 0.44 0.35 0.3 0.18 0.14 0.13 0.09 0.05 -3.46945e-18 0 0 0 0 0 0 0 0 0 0 0 0 0 0 0 0 0 0 0 
1 0.59 0.44 0.35 0.3 0.18 0.14 0.13 0.09 0.05 -3.46945e-18 0 0 0 0 0 0 0 0 0 0 0 0 0 0 0 0 0 0 0 
1 0.59 0.45 0.35 0.3 0.18 0.14 0.13 0.09 0.05 -3.46945e-18 0 0 0 0 0 0 0 0 0 0 0 0 0 0 0 0 0 0 0 
1 0.59 0.45 0.35 0.3 0.18 0.14 0.14 0.09 0.05 -3.46945e-18 0 0 0 0 0 0 0 0 0 0 0 0 0 0 0 0 0 0 0 
1 0.59 0.45 0.35 0.3 0.18 0.14 0.14 0.09 0.05 -3.46945e-18 0 0 0 0 0 0 0 0 0 0 0 0 0 0 0 0 0 0 0 
1 0.59 0.45 0.35 0.3 0.18 0.15 0.14 0.09 0.05 -3.46945e-18 0 0 0 0 0 0 0 0 0 0 0 0 0 0 0 0 0 0 0 
1 0.59 0.45 0.35 0.3 0.17 0.15 0.14 0.09 0.05 -3.46945e-18 0 0 0 0 0 0 0 0 0 0 0 0 0 0 0 0 0 0 0 
1 0.59 0.46 0.35 0.3 0.17 0.15 0.14 0.09 0.05 -3.46945e-18 0 0 0 0 0 0 0 0 0 0 0 0 0 0 0 0 0 0 0 
1 0.59 0.46 0.35 0.3 0.17 0.15 0.14 0.09 0.06 -3.46945e-18 0 0 0 0 0 0 0 0 0 0 0 0 0 0 0 0 0 0 0 
1 0.58 0.46 0.35 0.3 0.17 0.15 0.14 0.09 0.06 -3.46945e-18 0 0 0 0 0 0 0 0 0 0 0 0 0 0 0 0 0 0 0 
1 0.58 0.46 0.35 0.3 0.17 0.15 0.14 0.09 0.06 0.01 0 0 0 0 0 0 0 0 0 0 0 0 0 0 0 0 0 0 0 
1 0.59 0.46 0.35 0.3 0.17 0.15 0.14 0.09 0.06 0.01 0 0 0 0 0 0 0 0 0 0 0 0 0 0 0 0 0 0 0 
1 0.59 0.46 0.35 0.29 0.17 0.15 0.14 0.09 0.06 0.01 0 0 0 0 0 0 0 0 0 0 0 0 0 0 0 0 0 0 0 
1 0.59 0.45 0.35 0.29 0.17 0.15 0.14 0.09 0.06 0.01 0 0 0 0 0 0 0 0 0 0 0 0 0 0 0 0 0 0 0 
1 0.58 0.45 0.35 0.29 0.17 0.15 0.14 0.09 0.06 0.01 0 0 0 0 0 0 0 0 0 0 0 0 0 0 0 0 0 0 0 
1 0.59 0.45 0.35 0.29 0.17 0.15 0.14 0.09 0.06 0.01 0 0 0 0 0 0 0 0 0 0 0 0 0 0 0 0 0 0 0 
1 0.59 0.45 0.35 0.29 0.17 0.15 0.14 0.09 0.07 0.01 0 0 0 0 0 0 0 0 0 0 0 0 0 0 0 0 0 0 0 
1 0.59 0.45 0.36 0.29 0.17 0.15 0.14 0.09 0.07 0.01 0 0 0 0 0 0 0 0 0 0 0 0 0 0 0 0 0 0 0 
1 0.59 0.45 0.36 0.29 0.17 0.15 0.14 0.09 0.07 0.01 0 0 0 0 0 0 0 0 0 0 0 0 0 0 0 0 0 0 0 
1 0.58 0.45 0.36 0.29 0.17 0.15 0.14 0.09 0.07 0.01 0 0 0 0 0 0 0 0 0 0 0 0 0 0 0 0 0 0 0 
1 0.58 0.45 0.36 0.3 0.17 0.15 0.14 0.09 0.07 0.01 0 0 0 0 0 0 0 0 0 0 0 0 0 0 0 0 0 0 0 
1 0.58 0.45 0.36 0.3 0.17 0.15 0.14 0.09 0.07 0.01 0 0 0 0 0 0 0 0 0 0 0 0 0 0 0 0 0 0 0 
1 0.58 0.45 0.36 0.3 0.17 0.15 0.14 0.09 0.07 0.01 0 0 0 0 0 0 0 0 0 0 0 0 0 0 0 0 0 0 0 
1 0.58 0.45 0.36 0.3 0.17 0.15 0.14 0.09 0.07 0.01 0 0 0 0 0 0 0 0 0 0 0 0 0 0 0 0 0 0 0 
1 0.58 0.44 0.36 0.3 0.17 0.15 0.14 0.09 0.07 0.01 0 0 0 0 0 0 0 0 0 0 0 0 0 0 0 0 0 0 0 
1 0.58 0.44 0.36 0.3 0.18 0.15 0.14 0.09 0.07 0.01 0 0 0 0 0 0 0 0 0 0 0 0 0 0 0 0 0 0 0 
1 0.58 0.44 0.36 0.3 0.18 0.15 0.14 0.09 0.07 0.02 0 0 0 0 0 0 0 0 0 0 0 0 0 0 0 0 0 0 0 
1 0.59 0.44 0.36 0.3 0.18 0.15 0.14 0.09 0.07 0.02 0 0 0 0 0 0 0 0 0 0 0 0 0 0 0 0 0 0 0 
1 0.6 0.44 0.36 0.3 0.18 0.15 0.14 0.09 0.07 0.02 0 0 0 0 0 0 0 0 0 0 0 0 0 0 0 0 0 0 0 
1 0.6 0.44 0.36 0.29 0.18 0.15 0.14 0.09 0.07 0.02 0 0 0 0 0 0 0 0 0 0 0 0 0 0 0 0 0 0 0 
1 0.61 0.44 0.36 0.29 0.18 0.15 0.14 0.09 0.07 0.02 0 0 0 0 0 0 0 0 0 0 0 0 0 0 0 0 0 0 0 
1 0.61 0.44 0.36 0.29 0.18 0.16 0.14 0.09 0.07 0.02 0 0 0 0 0 0 0 0 0 0 0 0 0 0 0 0 0 0 0 
1 0.61 0.44 0.36 0.29 0.18 0.16 0.14 0.09 0.06 0.02 0 0 0 0 0 0 0 0 0 0 0 0 0 0 0 0 0 0 0 
1 0.61 0.44 0.36 0.29 0.19 0.16 0.14 0.09 0.06 0.02 0 0 0 0 0 0 0 0 0 0 0 0 0 0 0 0 0 0 0 
1 0.61 0.44 0.36 0.29 0.19 0.16 0.13 0.09 0.06 0.02 0 0 0 0 0 0 0 0 0 0 0 0 0 0 0 0 0 0 0 
1 0.61 0.44 0.36 0.29 0.19 0.16 0.13 0.09 0.06 0.02 0 0 0 0 0 0 0 0 0 0 0 0 0 0 0 0 0 0 0 
1 0.61 0.44 0.36 0.29 0.2 0.16 0.13 0.09 0.06 0.02 0 0 0 0 0 0 0 0 0 0 0 0 0 0 0 0 0 0 0 
1 0.61 0.44 0.36 0.29 0.2 0.16 0.13 0.09 0.06 0.02 0 0 0 0 0 0 0 0 0 0 0 0 0 0 0 0 0 0 0 
1 0.6 0.44 0.36 0.29 0.2 0.16 0.13 0.09 0.06 0.02 0 0 0 0 0 0 0 0 0 0 0 0 0 0 0 0 0 0 0 
1 0.6 0.44 0.36 0.29 0.2 0.16 0.13 0.09 0.06 0.02 0 0 0 0 0 0 0 0 0 0 0 0 0 0 0 0 0 0 0 
1 0.6 0.44 0.35 0.29 0.2 0.16 0.13 0.09 0.06 0.02 0 0 0 0 0 0 0 0 0 0 0 0 0 0 0 0 0 0 0 
1 0.6 0.44 0.35 0.3 0.2 0.16 0.13 0.09 0.06 0.02 0 0 0 0 0 0 0 0 0 0 0 0 0 0 0 0 0 0 0 
1 0.6 0.44 0.35 0.3 0.2 0.16 0.13 0.09 0.06 0.02 0 0 0 0 0 0 0 0 0 0 0 0 0 0 0 0 0 0 0 
1 0.61 0.44 0.35 0.3 0.2 0.16 0.13 0.09 0.06 0.02 0 0 0 0 0 0 0 0 0 0 0 0 0 0 0 0 0 0 0 
1 0.61 0.44 0.35 0.3 0.2 0.16 0.13 0.09 0.06 0.02 0 0 0 0 0 0 0 0 0 0 0 0 0 0 0 0 0 0 0 
1 0.61 0.44 0.36 0.3 0.2 0.16 0.13 0.09 0.06 0.02 0 0 0 0 0 0 0 0 0 0 0 0 0 0 0 0 0 0 0 
1 0.61 0.44 0.36 0.3 0.21 0.16 0.13 0.09 0.06 0.02 0 0 0 0 0 0 0 0 0 0 0 0 0 0 0 0 0 0 0 
1 0.61 0.44 0.35 0.3 0.21 0.16 0.13 0.09 0.06 0.02 0 0 0 0 0 0 0 0 0 0 0 0 0 0 0 0 0 0 0 
1 0.62 0.44 0.35 0.3 0.21 0.16 0.13 0.09 0.06 0.02 0 0 0 0 0 0 0 0 0 0 0 0 0 0 0 0 0 0 0 
1 0.61 0.44 0.35 0.3 0.21 0.16 0.13 0.09 0.06 0.02 0 0 0 0 0 0 0 0 0 0 0 0 0 0 0 0 0 0 0 
1 0.61 0.44 0.35 0.3 0.21 0.16 0.12 0.09 0.06 0.02 0 0 0 0 0 0 0 0 0 0 0 0 0 0 0 0 0 0 0 
1 0.62 0.44 0.35 0.3 0.21 0.16 0.12 0.09 0.06 0.02 0 0 0 0 0 0 0 0 0 0 0 0 0 0 0 0 0 0 0 
1 0.62 0.44 0.35 0.3 0.21 0.16 0.12 0.09 0.06 0.01 0 0 0 0 0 0 0 0 0 0 0 0 0 0 0 0 0 0 0 
1 0.62 0.44 0.35 0.3 0.2 0.16 0.12 0.09 0.06 0.01 0 0 0 0 0 0 0 0 0 0 0 0 0 0 0 0 0 0 0 
1 0.62 0.43 0.35 0.3 0.2 0.16 0.12 0.09 0.06 0.01 0 0 0 0 0 0 0 0 0 0 0 0 0 0 0 0 0 0 0 
1 0.62 0.43 0.35 0.3 0.2 0.16 0.12 0.09 0.06 0.01 0 0 0 0 0 0 0 0 0 0 0 0 0 0 0 0 0 0 0 
1 0.62 0.43 0.35 0.3 0.2 0.16 0.12 0.09 0.06 0.01 0 0 0 0 0 0 0 0 0 0 0 0 0 0 0 0 0 0 0 
1 0.63 0.43 0.35 0.3 0.2 0.16 0.12 0.09 0.06 0.01 0 0 0 0 0 0 0 0 0 0 0 0 0 0 0 0 0 0 0 
1 0.63 0.43 0.35 0.3 0.2 0.17 0.12 0.09 0.06 0.01 0 0 0 0 0 0 0 0 0 0 0 0 0 0 0 0 0 0 0 
1 0.63 0.43 0.36 0.3 0.2 0.17 0.12 0.09 0.06 0.01 0 0 0 0 0 0 0 0 0 0 0 0 0 0 0 0 0 0 0 
1 0.63 0.43 0.36 0.3 0.2 0.17 0.13 0.09 0.06 0.01 0 0 0 0 0 0 0 0 0 0 0 0 0 0 0 0 0 0 0 
1 0.63 0.43 0.36 0.3 0.2 0.17 0.13 0.09 0.06 0.01 0 0 0 0 0 0 0 0 0 0 0 0 0 0 0 0 0 0 0 
1 0.63 0.43 0.36 0.3 0.2 0.17 0.13 0.09 0.06 0.01 0 0 0 0 0 0 0 0 0 0 0 0 0 0 0 0 0 0 0 
1 0.64 0.43 0.36 0.3 0.2 0.17 0.13 0.09 0.06 0.01 0 0 0 0 0 0 0 0 0 0 0 0 0 0 0 0 0 0 0 
1 0.64 0.43 0.36 0.3 0.21 0.17 0.13 0.09 0.06 0.01 0 0 0 0 0 0 0 0 0 0 0 0 0 0 0 0 0 0 0 
1 0.64 0.43 0.36 0.31 0.21 0.17 0.13 0.09 0.06 0.01 0 0 0 0 0 0 0 0 0 0 0 0 0 0 0 0 0 0 0 
1 0.64 0.43 0.36 0.31 0.21 0.17 0.13 0.09 0.06 0.02 0 0 0 0 0 0 0 0 0 0 0 0 0 0 0 0 0 0 0 
1 0.64 0.43 0.36 0.31 0.22 0.17 0.13 0.09 0.06 0.02 0 0 0 0 0 0 0 0 0 0 0 0 0 0 0 0 0 0 0 
1 0.64 0.43 0.36 0.31 0.22 0.17 0.13 0.09 0.06 0.02 0 0 0 0 0 0 0 0 0 0 0 0 0 0 0 0 0 0 0 
1 0.64 0.43 0.36 0.31 0.22 0.17 0.13 0.09 0.06 0.02 0 0 0 0 0 0 0 0 0 0 0 0 0 0 0 0 0 0 0 
1 0.65 0.43 0.36 0.31 0.22 0.17 0.13 0.09 0.06 0.02 0 0 0 0 0 0 0 0 0 0 0 0 0 0 0 0 0 0 0 
1 0.65 0.43 0.36 0.31 0.22 0.17 0.13 0.09 0.06 0.02 0 0 0 0 0 0 0 0 0 0 0 0 0 0 0 0 0 0 0 
1 0.65 0.43 0.36 0.31 0.23 0.17 0.13 0.09 0.06 0.02 0 0 0 0 0 0 0 0 0 0 0 0 0 0 0 0 0 0 0 
1 0.65 0.43 0.36 0.31 0.23 0.17 0.12 0.09 0.06 0.02 0 0 0 0 0 0 0 0 0 0 0 0 0 0 0 0 0 0 0 
1 0.65 0.43 0.36 0.31 0.23 0.17 0.12 0.09 0.06 0.02 0 0 0 0 0 0 0 0 0 0 0 0 0 0 0 0 0 0 0 
1 0.65 0.43 0.36 0.31 0.23 0.17 0.12 0.09 0.06 0.02 0 0 0 0 0 0 0 0 0 0 0 0 0 0 0 0 0 0 0 
1 0.65 0.43 0.36 0.31 0.23 0.17 0.12 0.09 0.06 0.02 0 0 0 0 0 0 0 0 0 0 0 0 0 0 0 0 0 0 0 
1 0.64 0.43 0.36 0.31 0.23 0.17 0.12 0.09 0.06 0.02 0 0 0 0 0 0 0 0 0 0 0 0 0 0 0 0 0 0 0 
1 0.64 0.43 0.36 0.31 0.23 0.17 0.12 0.09 0.05 0.02 0 0 0 0 0 0 0 0 0 0 0 0 0 0 0 0 0 0 0 
1 0.65 0.43 0.36 0.31 0.23 0.17 0.12 0.09 0.05 0.02 0 0 0 0 0 0 0 0 0 0 0 0 0 0 0 0 0 0 0 
1 0.65 0.43 0.36 0.31 0.24 0.17 0.12 0.09 0.05 0.02 0 0 0 0 0 0 0 0 0 0 0 0 0 0 0 0 0 0 0 
1 0.65 0.43 0.36 0.31 0.24 0.17 0.12 0.09 0.05 0.03 0 0 0 0 0 0 0 0 0 0 0 0 0 0 0 0 0 0 0 
1 0.64 0.43 0.36 0.31 0.24 0.17 0.12 0.09 0.05 0.03 0 0 0 0 0 0 0 0 0 0 0 0 0 0 0 0 0 0 0 
1 0.64 0.43 0.36 0.3 0.24 0.17 0.12 0.09 0.05 0.03 0 0 0 0 0 0 0 0 0 0 0 0 0 0 0 0 0 0 0 
1 0.64 0.43 0.36 0.3 0.24 0.17 0.12 0.09 0.05 0.03 0 0 0 0 0 0 0 0 0 0 0 0 0 0 0 0 0 0 0 
1 0.63 0.43 0.36 0.3 0.24 0.17 0.12 0.09 0.05 0.03 0 0 0 0 0 0 0 0 0 0 0 0 0 0 0 0 0 0 0 
1 0.63 0.43 0.36 0.3 0.24 0.17 0.11 0.09 0.05 0.03 0 0 0 0 0 0 0 0 0 0 0 0 0 0 0 0 0 0 0 
1 0.64 0.43 0.36 0.3 0.24 0.17 0.11 0.09 0.05 0.03 0 0 0 0 0 0 0 0 0 0 0 0 0 0 0 0 0 0 0 
1 0.64 0.43 0.36 0.3 0.23 0.17 0.11 0.09 0.05 0.03 0 0 0 0 0 0 0 0 0 0 0 0 0 0 0 0 0 0 0 
1 0.63 0.43 0.36 0.3 0.23 0.17 0.11 0.09 0.05 0.03 0 0 0 0 0 0 0 0 0 0 0 0 0 0 0 0 0 0 0 
1 0.63 0.43 0.36 0.3 0.24 0.17 0.11 0.09 0.05 0.03 0 0 0 0 0 0 0 0 0 0 0 0 0 0 0 0 0 0 0 
1 0.63 0.43 0.36 0.31 0.24 0.17 0.11 0.09 0.05 0.03 0 0 0 0 0 0 0 0 0 0 0 0 0 0 0 0 0 0 0 
1 0.63 0.43 0.36 0.31 0.24 0.17 0.1 0.09 0.05 0.03 0 0 0 0 0 0 0 0 0 0 0 0 0 0 0 0 0 0 0 
1 0.63 0.43 0.36 0.31 0.24 0.17 0.1 0.09 0.05 0.03 0 0 0 0 0 0 0 0 0 0 0 0 0 0 0 0 0 0 0 
1 0.63 0.43 0.36 0.31 0.25 0.17 0.1 0.09 0.05 0.03 0 0 0 0 0 0 0 0 0 0 0 0 0 0 0 0 0 0 0 
1 0.62 0.43 0.36 0.31 0.25 0.17 0.1 0.09 0.05 0.03 0 0 0 0 0 0 0 0 0 0 0 0 0 0 0 0 0 0 0 
1 0.62 0.43 0.36 0.31 0.25 0.17 0.1 0.08 0.05 0.03 0 0 0 0 0 0 0 0 0 0 0 0 0 0 0 0 0 0 0 
1 0.62 0.43 0.36 0.31 0.25 0.17 0.09 0.08 0.05 0.03 0 0 0 0 0 0 0 0 0 0 0 0 0 0 0 0 0 0 0 
1 0.62 0.43 0.36 0.31 0.25 0.17 0.09 0.08 0.04 0.03 0 0 0 0 0 0 0 0 0 0 0 0 0 0 0 0 0 0 0 
1 0.62 0.43 0.36 0.31 0.25 0.17 0.09 0.08 0.05 0.03 0 0 0 0 0 0 0 0 0 0 0 0 0 0 0 0 0 0 0 
1 0.62 0.43 0.36 0.31 0.25 0.17 0.09 0.07 0.05 0.03 0 0 0 0 0 0 0 0 0 0 0 0 0 0 0 0 0 0 0 
1 0.62 0.43 0.36 0.31 0.25 0.16 0.09 0.07 0.05 0.03 0 0 0 0 0 0 0 0 0 0 0 0 0 0 0 0 0 0 0 
1 0.62 0.43 0.36 0.31 0.25 0.16 0.1 0.07 0.05 0.03 0 0 0 0 0 0 0 0 0 0 0 0 0 0 0 0 0 0 0 
1 0.62 0.43 0.36 0.31 0.25 0.16 0.1 0.07 0.05 0.03 0.01 0 0 0 0 0 0 0 0 0 0 0 0 0 0 0 0 0 0 
1 0.62 0.43 0.36 0.31 0.24 0.16 0.1 0.07 0.05 0.03 0.01 0 0 0 0 0 0 0 0 0 0 0 0 0 0 0 0 0 0 
1 0.61 0.43 0.36 0.31 0.24 0.16 0.1 0.07 0.05 0.03 0.01 0 0 0 0 0 0 0 0 0 0 0 0 0 0 0 0 0 0 
1 0.62 0.43 0.36 0.31 0.24 0.16 0.1 0.07 0.05 0.03 0.01 0 0 0 0 0 0 0 0 0 0 0 0 0 0 0 0 0 0 
1 0.62 0.44 0.36 0.31 0.24 0.16 0.1 0.07 0.05 0.03 0.01 0 0 0 0 0 0 0 0 0 0 0 0 0 0 0 0 0 0 
1 0.62 0.44 0.35 0.31 0.24 0.16 0.1 0.07 0.05 0.03 0.01 0 0 0 0 0 0 0 0 0 0 0 0 0 0 0 0 0 0 
1 0.62 0.44 0.35 0.31 0.24 0.16 0.1 0.07 0.05 0.03 0.01 0 0 0 0 0 0 0 0 0 0 0 0 0 0 0 0 0 0 
1 0.62 0.44 0.35 0.31 0.24 0.16 0.11 0.07 0.05 0.03 0.01 0 0 0 0 0 0 0 0 0 0 0 0 0 0 0 0 0 0 
1 0.62 0.43 0.35 0.31 0.24 0.16 0.11 0.07 0.05 0.03 0.01 0 0 0 0 0 0 0 0 0 0 0 0 0 0 0 0 0 0 
1 0.63 0.43 0.35 0.31 0.24 0.16 0.11 0.07 0.05 0.03 0.01 0 0 0 0 0 0 0 0 0 0 0 0 0 0 0 0 0 0 
1 0.62 0.43 0.35 0.31 0.24 0.16 0.11 0.07 0.05 0.03 0.01 0 0 0 0 0 0 0 0 0 0 0 0 0 0 0 0 0 0 
1 0.62 0.43 0.35 0.31 0.24 0.16 0.11 0.07 0.05 0.03 0.01 0 0 0 0 0 0 0 0 0 0 0 0 0 0 0 0 0 0 
1 0.61 0.43 0.35 0.31 0.24 0.16 0.11 0.07 0.05 0.03 0.01 0 0 0 0 0 0 0 0 0 0 0 0 0 0 0 0 0 0 
1 0.61 0.43 0.35 0.31 0.24 0.16 0.11 0.08 0.05 0.03 0.01 0 0 0 0 0 0 0 0 0 0 0 0 0 0 0 0 0 0 
1 0.61 0.43 0.35 0.31 0.25 0.16 0.11 0.08 0.05 0.03 0.01 0 0 0 0 0 0 0 0 0 0 0 0 0 0 0 0 0 0 
1 0.61 0.43 0.35 0.31 0.25 0.16 0.12 0.08 0.05 0.03 0.01 0 0 0 0 0 0 0 0 0 0 0 0 0 0 0 0 0 0 
1 0.61 0.43 0.34 0.31 0.25 0.16 0.12 0.08 0.05 0.03 0.01 0 0 0 0 0 0 0 0 0 0 0 0 0 0 0 0 0 0 
1 0.61 0.43 0.34 0.31 0.25 0.16 0.12 0.08 0.05 0.03 0.01 0 0 0 0 0 0 0 0 0 0 0 0 0 0 0 0 0 0 
1 0.61 0.43 0.34 0.31 0.24 0.16 0.12 0.08 0.05 0.03 0.01 0 0 0 0 0 0 0 0 0 0 0 0 0 0 0 0 0 0 
1 0.61 0.43 0.34 0.31 0.23 0.16 0.12 0.08 0.05 0.03 0.01 0 0 0 0 0 0 0 0 0 0 0 0 0 0 0 0 0 0 
1 0.6 0.43 0.34 0.31 0.23 0.16 0.12 0.08 0.05 0.03 0.01 0 0 0 0 0 0 0 0 0 0 0 0 0 0 0 0 0 0 
1 0.6 0.43 0.34 0.31 0.23 0.16 0.12 0.08 0.05 0.03 0.01 0 0 0 0 0 0 0 0 0 0 0 0 0 0 0 0 0 0 
1 0.6 0.43 0.34 0.31 0.23 0.16 0.12 0.08 0.05 0.03 0.01 0 0 0 0 0 0 0 0 0 0 0 0 0 0 0 0 0 0 
1 0.59 0.43 0.34 0.31 0.23 0.16 0.12 0.08 0.05 0.03 0.01 0 0 0 0 0 0 0 0 0 0 0 0 0 0 0 0 0 0 
1 0.6 0.43 0.34 0.31 0.23 0.16 0.12 0.08 0.05 0.03 0.01 0 0 0 0 0 0 0 0 0 0 0 0 0 0 0 0 0 0 
1 0.6 0.43 0.35 0.31 0.23 0.16 0.12 0.08 0.05 0.03 0.01 0 0 0 0 0 0 0 0 0 0 0 0 0 0 0 0 0 0 
1 0.6 0.44 0.35 0.31 0.23 0.16 0.12 0.08 0.05 0.03 0.01 0 0 0 0 0 0 0 0 0 0 0 0 0 0 0 0 0 0 
1 0.61 0.44 0.35 0.31 0.23 0.16 0.12 0.08 0.05 0.03 0.01 0 0 0 0 0 0 0 0 0 0 0 0 0 0 0 0 0 0 
1 0.61 0.44 0.35 0.31 0.23 0.16 0.12 0.08 0.05 0.03 0.01 0 0 0 0 0 0 0 0 0 0 0 0 0 0 0 0 0 0 
1 0.61 0.45 0.35 0.31 0.23 0.16 0.12 0.08 0.05 0.03 0.01 0 0 0 0 0 0 0 0 0 0 0 0 0 0 0 0 0 0 
1 0.61 0.45 0.35 0.31 0.23 0.16 0.12 0.08 0.05 0.03 0.01 0 0 0 0 0 0 0 0 0 0 0 0 0 0 0 0 0 0 
1 0.61 0.45 0.35 0.31 0.23 0.16 0.12 0.08 0.05 0.03 0.01 0 0 0 0 0 0 0 0 0 0 0 0 0 0 0 0 0 0 
1 0.61 0.45 0.34 0.31 0.23 0.16 0.12 0.08 0.05 0.03 0.01 0 0 0 0 0 0 0 0 0 0 0 0 0 0 0 0 0 0 
1 0.62 0.45 0.34 0.31 0.23 0.16 0.12 0.08 0.05 0.03 0.01 0 0 0 0 0 0 0 0 0 0 0 0 0 0 0 0 0 0 
1 0.62 0.45 0.34 0.31 0.23 0.16 0.11 0.08 0.05 0.03 0.01 0 0 0 0 0 0 0 0 0 0 0 0 0 0 0 0 0 0 
1 0.62 0.45 0.34 0.3 0.23 0.16 0.11 0.08 0.05 0.03 0.01 0 0 0 0 0 0 0 0 0 0 0 0 0 0 0 0 0 0 
1 0.61 0.45 0.34 0.3 0.23 0.16 0.11 0.08 0.05 0.03 0.01 0 0 0 0 0 0 0 0 0 0 0 0 0 0 0 0 0 0 
1 0.61 0.45 0.33 0.3 0.23 0.16 0.11 0.08 0.05 0.03 0.01 0 0 0 0 0 0 0 0 0 0 0 0 0 0 0 0 0 0 
1 0.61 0.46 0.33 0.3 0.23 0.16 0.11 0.08 0.05 0.03 0.01 0 0 0 0 0 0 0 0 0 0 0 0 0 0 0 0 0 0 
