1 0.497175 0.140275 0.01933 0.00157 0.0001 0 0 0 0 0 0 0 0 0 0 0 0 0 0 
1 0.502415 0.142695 0.01944 0.00159 7.5e-05 5e-06 0 0 0 0 0 0 0 0 0 0 0 0 0 
1 0.502075 0.14383 0.020015 0.00154 8.5e-05 0 0 0 0 0 0 0 0 0 0 0 0 0 0 
1 0.500025 0.141285 0.01905 0.00155 0.00012 0 0 0 0 0 0 0 0 0 0 0 0 0 0 
1 0.498985 0.14081 0.01955 0.00159 0.000105 1e-05 0 0 0 0 0 0 0 0 0 0 0 0 0 
1 0.498735 0.14213 0.019745 0.00155 8.5e-05 1e-05 0 0 0 0 0 0 0 0 0 0 0 0 0 
1 0.50138 0.14192 0.019365 0.001525 9.5e-05 5e-06 0 0 0 0 0 0 0 0 0 0 0 0 0 
1 0.50145 0.14067 0.01895 0.00141 8e-05 1e-05 0 0 0 0 0 0 0 0 0 0 0 0 0 
1 0.50224 0.14236 0.019105 0.001515 8e-05 0 0 0 0 0 0 0 0 0 0 0 0 0 0 
1 0.499705 0.140375 0.0196 0.001745 0.000125 1.5e-05 5e-06 0 0 0 0 0 0 0 0 0 0 0 0 
1 0.49944 0.14148 0.019435 0.001565 8e-05 5e-06 0 0 0 0 0 0 0 0 0 0 0 0 0 
1 0.49879 0.141425 0.01964 0.00148 9e-05 1e-05 0 0 0 0 0 0 0 0 0 0 0 0 0 
1 0.49987 0.141835 0.01979 0.001655 0.00013 5e-06 0 0 0 0 0 0 0 0 0 0 0 0 0 
1 0.49954 0.14252 0.019645 0.00149 9.5e-05 0 0 0 0 0 0 0 0 0 0 0 0 0 0 
1 0.500555 0.14008 0.018825 0.001425 0.0001 2e-05 0 0 0 0 0 0 0 0 0 0 0 0 0 
1 0.50102 0.14251 0.019195 0.001625 4.5e-05 1e-05 0 0 0 0 0 0 0 0 0 0 0 0 0 
1 0.499785 0.141095 0.01949 0.00159 9e-05 1e-05 0 0 0 0 0 0 0 0 0 0 0 0 0 
1 0.500625 0.144285 0.020735 0.00162 8.5e-05 5e-06 0 0 0 0 0 0 0 0 0 0 0 0 0 
1 0.49865 0.141505 0.020045 0.001455 5.5e-05 1e-05 5e-06 0 0 0 0 0 0 0 0 0 0 0 0 
1 0.501185 0.14098 0.019295 0.001395 8.5e-05 5e-06 0 0 0 0 0 0 0 0 0 0 0 0 0 
1 0.501365 0.142475 0.020025 0.001685 0.000105 1.5e-05 0 0 0 0 0 0 0 0 0 0 0 0 0 
1 0.500135 0.140715 0.01971 0.0015 8.5e-05 5e-06 0 0 0 0 0 0 0 0 0 0 0 0 0 
1 0.499525 0.13964 0.018685 0.001415 8.5e-05 5e-06 0 0 0 0 0 0 0 0 0 0 0 0 0 
1 0.499955 0.1414 0.019355 0.001575 0.00013 2.5e-05 5e-06 0 0 0 0 0 0 0 0 0 0 0 0 
1 0.501145 0.14305 0.01984 0.001385 9.5e-05 5e-06 0 0 0 0 0 0 0 0 0 0 0 0 0 
1 0.49941 0.14082 0.018755 0.001435 0.0001 5e-06 0 0 0 0 0 0 0 0 0 0 0 0 0 
1 0.498925 0.13973 0.018965 0.00143 8e-05 1.5e-05 0 0 0 0 0 0 0 0 0 0 0 0 0 
1 0.500985 0.142415 0.019265 0.001585 8.5e-05 1e-05 0 0 0 0 0 0 0 0 0 0 0 0 0 
1 0.49832 0.140665 0.018995 0.001615 9.5e-05 0 0 0 0 0 0 0 0 0 0 0 0 0 0 
1 0.499525 0.143095 0.019665 0.001515 7.5e-05 5e-06 0 0 0 0 0 0 0 0 0 0 0 0 0 
1 0.500045 0.14055 0.01916 0.001475 0.000125 5e-06 0 0 0 0 0 0 0 0 0 0 0 0 0 
1 0.49999 0.140945 0.019305 0.001665 0.0001 5e-06 0 0 0 0 0 0 0 0 0 0 0 0 0 
1 0.50191 0.14245 0.019745 0.001655 0.000125 2e-05 0 0 0 0 0 0 0 0 0 0 0 0 0 
1 0.49908 0.1423 0.0198 0.001555 5e-05 5e-06 0 0 0 0 0 0 0 0 0 0 0 0 0 
1 0.499795 0.140485 0.01957 0.00161 0.000115 1.5e-05 0 0 0 0 0 0 0 0 0 0 0 0 0 
1 0.49895 0.14 0.01926 0.001535 7.5e-05 1e-05 0 0 0 0 0 0 0 0 0 0 0 0 0 
1 0.50069 0.14118 0.019515 0.001585 8.5e-05 1e-05 0 0 0 0 0 0 0 0 0 0 0 0 0 
1 0.499695 0.14035 0.01895 0.001475 7e-05 0 0 0 0 0 0 0 0 0 0 0 0 0 0 
1 0.50027 0.140545 0.01887 0.001535 8e-05 0 0 0 0 0 0 0 0 0 0 0 0 0 0 
1 0.500595 0.140455 0.01891 0.001435 0.00011 5e-06 0 0 0 0 0 0 0 0 0 0 0 0 0 
1 0.4995 0.142085 0.01977 0.00158 9e-05 1.5e-05 0 0 0 0 0 0 0 0 0 0 0 0 0 
1 0.49971 0.143325 0.019245 0.00154 9.5e-05 5e-06 0 0 0 0 0 0 0 0 0 0 0 0 0 
1 0.500375 0.141775 0.01991 0.00148 6.5e-05 1.5e-05 0 0 0 0 0 0 0 0 0 0 0 0 0 
1 0.500125 0.141915 0.019345 0.00163 6.5e-05 5e-06 0 0 0 0 0 0 0 0 0 0 0 0 0 
1 0.49968 0.14307 0.019295 0.00143 8e-05 0 0 0 0 0 0 0 0 0 0 0 0 0 0 
1 0.498755 0.139635 0.018865 0.001465 4.5e-05 0 0 0 0 0 0 0 0 0 0 0 0 0 0 
1 0.498405 0.14073 0.01933 0.001545 9e-05 0 0 0 0 0 0 0 0 0 0 0 0 0 0 
1 0.500315 0.14064 0.019135 0.001515 6.5e-05 5e-06 0 0 0 0 0 0 0 0 0 0 0 0 0 
1 0.498915 0.139995 0.019125 0.001395 0.000105 2.5e-05 5e-06 0 0 0 0 0 0 0 0 0 0 0 0 
1 0.50013 0.14274 0.01967 0.00147 7e-05 5e-06 0 0 0 0 0 0 0 0 0 0 0 0 0 
1 0.49982 0.142145 0.019565 0.00165 8e-05 0 0 0 0 0 0 0 0 0 0 0 0 0 0 
1 0.49936 0.140195 0.019335 0.00152 7.5e-05 1e-05 0 0 0 0 0 0 0 0 0 0 0 0 0 
1 0.500115 0.14159 0.01895 0.001335 8.5e-05 0 0 0 0 0 0 0 0 0 0 0 0 0 0 
1 0.49977 0.14235 0.019925 0.001555 9e-05 5e-06 0 0 0 0 0 0 0 0 0 0 0 0 0 
1 0.499495 0.141595 0.019935 0.0014 6e-05 5e-06 0 0 0 0 0 0 0 0 0 0 0 0 0 
1 0.50065 0.14191 0.01894 0.00163 7e-05 5e-06 0 0 0 0 0 0 0 0 0 0 0 0 0 
1 0.5003 0.141675 0.01885 0.00159 5.5e-05 0 0 0 0 0 0 0 0 0 0 0 0 0 0 
1 0.499455 0.141085 0.01942 0.001525 9.5e-05 1.5e-05 0 0 0 0 0 0 0 0 0 0 0 0 0 
1 0.49886 0.14153 0.01957 0.00154 7.5e-05 0 0 0 0 0 0 0 0 0 0 0 0 0 0 
1 0.50424 0.14302 0.019675 0.001535 7.5e-05 0 0 0 0 0 0 0 0 0 0 0 0 0 0 
1 0.498155 0.1403 0.018875 0.001495 6.5e-05 0 0 0 0 0 0 0 0 0 0 0 0 0 0 
1 0.497485 0.140445 0.01931 0.00163 6.5e-05 0 0 0 0 0 0 0 0 0 0 0 0 0 0 
1 0.500345 0.14246 0.02008 0.001555 8e-05 0 0 0 0 0 0 0 0 0 0 0 0 0 0 
1 0.497105 0.139495 0.019035 0.001505 8.5e-05 5e-06 0 0 0 0 0 0 0 0 0 0 0 0 0 
1 0.50154 0.143205 0.02001 0.001555 7e-05 0 0 0 0 0 0 0 0 0 0 0 0 0 0 
1 0.498985 0.142165 0.019325 0.001515 7e-05 5e-06 0 0 0 0 0 0 0 0 0 0 0 0 0 
1 0.500835 0.140575 0.01926 0.001415 8e-05 0 0 0 0 0 0 0 0 0 0 0 0 0 0 
1 0.49988 0.143045 0.019845 0.00156 7.5e-05 5e-06 0 0 0 0 0 0 0 0 0 0 0 0 0 
1 0.498865 0.142015 0.01935 0.00141 7.5e-05 2e-05 0 0 0 0 0 0 0 0 0 0 0 0 0 
1 0.49941 0.13996 0.019315 0.001395 7.5e-05 0 0 0 0 0 0 0 0 0 0 0 0 0 0 
1 0.49982 0.142725 0.020315 0.00166 0.00014 5e-06 0 0 0 0 0 0 0 0 0 0 0 0 0 
1 0.499705 0.141555 0.01956 0.00162 8.5e-05 1e-05 0 0 0 0 0 0 0 0 0 0 0 0 0 
1 0.50215 0.143105 0.02018 0.00156 7.5e-05 1e-05 0 0 0 0 0 0 0 0 0 0 0 0 0 
1 0.501025 0.14158 0.019045 0.0014 7.5e-05 1e-05 0 0 0 0 0 0 0 0 0 0 0 0 0 
1 0.501445 0.14226 0.019965 0.001555 7.5e-05 5e-06 0 0 0 0 0 0 0 0 0 0 0 0 0 
1 0.5021 0.14285 0.019575 0.001575 0.0001 0 0 0 0 0 0 0 0 0 0 0 0 0 0 
1 0.499965 0.141285 0.01944 0.00145 9e-05 0 0 0 0 0 0 0 0 0 0 0 0 0 0 
1 0.498305 0.1397 0.01942 0.001585 0.000115 0 0 0 0 0 0 0 0 0 0 0 0 0 0 
1 0.499635 0.13998 0.01906 0.001545 0.00011 0 0 0 0 0 0 0 0 0 0 0 0 0 0 
1 0.499915 0.140925 0.019325 0.001505 9e-05 5e-06 0 0 0 0 0 0 0 0 0 0 0 0 0 
1 0.49999 0.141005 0.02017 0.001585 7e-05 5e-06 0 0 0 0 0 0 0 0 0 0 0 0 0 
1 0.501705 0.141505 0.01965 0.001555 8.5e-05 1.5e-05 0 0 0 0 0 0 0 0 0 0 0 0 0 
1 0.499875 0.14121 0.019495 0.001645 0.0001 2e-05 5e-06 0 0 0 0 0 0 0 0 0 0 0 0 
1 0.50053 0.142715 0.01942 0.00159 9.5e-05 0 0 0 0 0 0 0 0 0 0 0 0 0 0 
1 0.49911 0.141105 0.01908 0.001545 9.5e-05 1e-05 0 0 0 0 0 0 0 0 0 0 0 0 0 
1 0.49858 0.141765 0.01928 0.001545 0.00014 5e-06 0 0 0 0 0 0 0 0 0 0 0 0 0 
1 0.49916 0.140875 0.019805 0.001615 0.000125 1e-05 0 0 0 0 0 0 0 0 0 0 0 0 0 
1 0.50079 0.14208 0.019155 0.001575 9e-05 0 0 0 0 0 0 0 0 0 0 0 0 0 0 
1 0.50177 0.14188 0.01962 0.00165 9.5e-05 0 0 0 0 0 0 0 0 0 0 0 0 0 0 
1 0.500265 0.14216 0.01974 0.001545 0.000105 5e-06 0 0 0 0 0 0 0 0 0 0 0 0 0 
1 0.499225 0.1399 0.0197 0.001405 8.5e-05 5e-06 0 0 0 0 0 0 0 0 0 0 0 0 0 
1 0.499755 0.14148 0.01946 0.001465 7e-05 0 0 0 0 0 0 0 0 0 0 0 0 0 0 
1 0.49947 0.1422 0.02036 0.00167 6.5e-05 0 0 0 0 0 0 0 0 0 0 0 0 0 0 
1 0.499895 0.14043 0.01948 0.001575 9e-05 0 0 0 0 0 0 0 0 0 0 0 0 0 0 
1 0.500865 0.142335 0.01973 0.00148 0.000105 0 0 0 0 0 0 0 0 0 0 0 0 0 0 
1 0.499325 0.140895 0.019165 0.001425 7.5e-05 1e-05 0 0 0 0 0 0 0 0 0 0 0 0 0 
1 0.4988 0.141275 0.01881 0.00139 9e-05 1e-05 0 0 0 0 0 0 0 0 0 0 0 0 0 
1 0.50075 0.142485 0.019435 0.001675 9.5e-05 0 0 0 0 0 0 0 0 0 0 0 0 0 0 
1 0.498985 0.14169 0.01938 0.00156 0.00011 1.5e-05 5e-06 0 0 0 0 0 0 0 0 0 0 0 0 
1 0.499095 0.142455 0.01955 0.00147 8e-05 0 0 0 0 0 0 0 0 0 0 0 0 0 0 
1 0.50057 0.142475 0.01939 0.00132 0.0001 5e-06 0 0 0 0 0 0 0 0 0 0 0 0 0 
1 0.498575 0.140265 0.019455 0.00158 0.000135 5e-06 0 0 0 0 0 0 0 0 0 0 0 0 0 
1 0.497845 0.140795 0.019345 0.001595 7.5e-05 5e-06 0 0 0 0 0 0 0 0 0 0 0 0 0 
1 0.498445 0.14059 0.01885 0.001255 7.5e-05 1e-05 0 0 0 0 0 0 0 0 0 0 0 0 0 
1 0.49914 0.14173 0.020005 0.00142 9.5e-05 0 0 0 0 0 0 0 0 0 0 0 0 0 0 
