1 0.69936 0.36597 0.124855 0.027 0.00384 0.000435 5e-05 5e-06 0 0 0 0 0 0 0 0 0 0 0 
1 0.69931 0.364535 0.124665 0.026325 0.004065 0.00046 5e-05 0 0 0 0 0 0 0 0 0 0 0 0 
1 0.698315 0.36247 0.12212 0.02603 0.00375 0.000415 4e-05 5e-06 0 0 0 0 0 0 0 0 0 0 0 
1 0.700015 0.364185 0.12508 0.02676 0.00418 0.00049 1.5e-05 0 0 0 0 0 0 0 0 0 0 0 0 
1 0.69836 0.361675 0.123095 0.02567 0.003515 0.000325 4.5e-05 5e-06 0 0 0 0 0 0 0 0 0 0 0 
1 0.69923 0.36187 0.121175 0.026055 0.003545 0.000395 2e-05 0 0 0 0 0 0 0 0 0 0 0 0 
1 0.697495 0.35884 0.12149 0.025935 0.00373 0.000355 1e-05 0 0 0 0 0 0 0 0 0 0 0 0 
1 0.70081 0.365295 0.12391 0.025865 0.003725 0.000445 1.5e-05 0 0 0 0 0 0 0 0 0 0 0 0 
1 0.700915 0.366275 0.126195 0.02769 0.004115 0.000495 3e-05 5e-06 0 0 0 0 0 0 0 0 0 0 0 
1 0.700305 0.3619 0.12377 0.026515 0.003765 0.000435 4.5e-05 5e-06 0 0 0 0 0 0 0 0 0 0 0 
1 0.69966 0.36279 0.12402 0.02711 0.00384 0.000435 6.5e-05 1.5e-05 0 0 0 0 0 0 0 0 0 0 0 
1 0.700305 0.36377 0.12374 0.026105 0.00386 0.00044 5.5e-05 0 0 0 0 0 0 0 0 0 0 0 0 
1 0.701295 0.365025 0.12429 0.026525 0.003815 0.00042 5e-05 5e-06 0 0 0 0 0 0 0 0 0 0 0 
1 0.69913 0.36414 0.124825 0.027295 0.00406 0.000465 3.5e-05 0 0 0 0 0 0 0 0 0 0 0 0 
1 0.700245 0.36582 0.124545 0.02669 0.004075 0.000535 9e-05 0 0 0 0 0 0 0 0 0 0 0 0 
1 0.69834 0.359855 0.1208 0.025455 0.003435 0.00033 4.5e-05 0 0 0 0 0 0 0 0 0 0 0 0 
1 0.698365 0.36221 0.12464 0.02695 0.004085 0.00045 2e-05 0 0 0 0 0 0 0 0 0 0 0 0 
1 0.70108 0.365685 0.12698 0.027445 0.004025 0.000485 5e-05 1e-05 0 0 0 0 0 0 0 0 0 0 0 
1 0.69907 0.362865 0.123445 0.02665 0.003725 0.00043 2.5e-05 5e-06 0 0 0 0 0 0 0 0 0 0 0 
1 0.700285 0.364255 0.12524 0.026975 0.00387 0.000455 3.5e-05 0 0 0 0 0 0 0 0 0 0 0 0 
1 0.70031 0.36436 0.124465 0.027045 0.003935 0.00038 3.5e-05 5e-06 0 0 0 0 0 0 0 0 0 0 0 
1 0.70019 0.364885 0.12529 0.02746 0.004 0.000495 6e-05 0 0 0 0 0 0 0 0 0 0 0 0 
1 0.70044 0.364225 0.124385 0.026715 0.003915 0.00046 3e-05 1e-05 0 0 0 0 0 0 0 0 0 0 0 
1 0.70022 0.36438 0.12441 0.027 0.00411 0.000525 4.5e-05 0 0 0 0 0 0 0 0 0 0 0 0 
1 0.698555 0.362095 0.12346 0.02689 0.00397 0.000425 4e-05 0 0 0 0 0 0 0 0 0 0 0 0 
1 0.70026 0.364895 0.12453 0.026965 0.003855 0.000475 2.5e-05 5e-06 0 0 0 0 0 0 0 0 0 0 0 
1 0.69982 0.363545 0.123165 0.026075 0.00388 0.00036 3.5e-05 5e-06 0 0 0 0 0 0 0 0 0 0 0 
1 0.698295 0.36403 0.12442 0.02655 0.00399 0.00045 5.5e-05 5e-06 0 0 0 0 0 0 0 0 0 0 0 
1 0.6999 0.362495 0.122565 0.0257 0.00371 0.000465 4.5e-05 0 0 0 0 0 0 0 0 0 0 0 0 
1 0.698835 0.36583 0.126325 0.02784 0.00445 0.00061 4.5e-05 0 0 0 0 0 0 0 0 0 0 0 0 
1 0.698765 0.362875 0.122555 0.02609 0.003695 0.00039 3e-05 0 0 0 0 0 0 0 0 0 0 0 0 
1 0.70296 0.368505 0.128985 0.02844 0.00435 0.00058 6e-05 0 0 0 0 0 0 0 0 0 0 0 0 
1 0.70157 0.36664 0.12506 0.027375 0.00404 0.000435 4.5e-05 0 0 0 0 0 0 0 0 0 0 0 0 
1 0.69941 0.363045 0.122495 0.026355 0.00354 0.000355 1e-05 0 0 0 0 0 0 0 0 0 0 0 0 
1 0.699105 0.36352 0.1258 0.0272 0.003835 0.00044 6.5e-05 1e-05 5e-06 0 0 0 0 0 0 0 0 0 0 
1 0.6993 0.364895 0.12446 0.027455 0.00411 0.00047 7e-05 5e-06 0 0 0 0 0 0 0 0 0 0 0 
1 0.699425 0.363015 0.12311 0.02674 0.004015 0.000535 3.5e-05 5e-06 0 0 0 0 0 0 0 0 0 0 0 
1 0.70136 0.364935 0.125565 0.0262 0.0037 0.00037 5.5e-05 5e-06 0 0 0 0 0 0 0 0 0 0 0 
1 0.698575 0.36427 0.123635 0.026585 0.00373 0.000455 7e-05 0 0 0 0 0 0 0 0 0 0 0 0 
1 0.702395 0.36665 0.126735 0.02692 0.00391 0.000435 4e-05 5e-06 0 0 0 0 0 0 0 0 0 0 0 
1 0.700635 0.365435 0.12364 0.02671 0.003775 0.00038 4.5e-05 0 0 0 0 0 0 0 0 0 0 0 0 
1 0.70055 0.363855 0.125645 0.027005 0.003845 0.00051 3.5e-05 0 0 0 0 0 0 0 0 0 0 0 0 
1 0.699595 0.36165 0.124355 0.027385 0.004415 0.000535 8e-05 2e-05 0 0 0 0 0 0 0 0 0 0 0 
1 0.6985 0.362325 0.12273 0.026555 0.00388 0.000435 4.5e-05 0 0 0 0 0 0 0 0 0 0 0 0 
1 0.700455 0.364425 0.12298 0.025665 0.003685 0.000385 3e-05 5e-06 0 0 0 0 0 0 0 0 0 0 0 
1 0.701315 0.36238 0.122715 0.02677 0.004005 0.0005 3.5e-05 0 0 0 0 0 0 0 0 0 0 0 0 
1 0.699925 0.3619 0.12148 0.02576 0.00387 0.00041 3e-05 0 0 0 0 0 0 0 0 0 0 0 0 
1 0.70098 0.364605 0.125035 0.027085 0.00387 0.000465 5.5e-05 0 0 0 0 0 0 0 0 0 0 0 0 
1 0.69981 0.365345 0.124515 0.027225 0.003925 0.00048 6e-05 5e-06 0 0 0 0 0 0 0 0 0 0 0 
1 0.702385 0.365325 0.12364 0.02723 0.004045 0.00049 4.5e-05 0 0 0 0 0 0 0 0 0 0 0 0 
1 0.702005 0.366015 0.12378 0.02679 0.004015 0.000355 3e-05 0 0 0 0 0 0 0 0 0 0 0 0 
1 0.699385 0.363265 0.125055 0.02688 0.00407 0.000495 4.5e-05 0 0 0 0 0 0 0 0 0 0 0 0 
1 0.698815 0.36168 0.123225 0.026565 0.00394 0.000475 6e-05 5e-06 0 0 0 0 0 0 0 0 0 0 0 
1 0.70124 0.363435 0.12407 0.02657 0.004095 0.000375 2.5e-05 5e-06 0 0 0 0 0 0 0 0 0 0 0 
1 0.698995 0.363125 0.12372 0.027085 0.00413 0.00043 3.5e-05 5e-06 0 0 0 0 0 0 0 0 0 0 0 
1 0.700895 0.364755 0.125455 0.028225 0.00442 0.00048 8e-05 1e-05 0 0 0 0 0 0 0 0 0 0 0 
1 0.6983 0.36442 0.124675 0.02765 0.00419 0.000475 5e-05 0 0 0 0 0 0 0 0 0 0 0 0 
1 0.699655 0.36185 0.123175 0.02657 0.00389 0.000385 2e-05 0 0 0 0 0 0 0 0 0 0 0 0 
1 0.70243 0.36781 0.125565 0.027105 0.00416 0.00042 4.5e-05 5e-06 0 0 0 0 0 0 0 0 0 0 0 
1 0.700235 0.36268 0.123775 0.026135 0.00352 0.000385 2.5e-05 0 0 0 0 0 0 0 0 0 0 0 0 
1 0.70129 0.3646 0.12356 0.02622 0.004145 0.000535 3e-05 0 0 0 0 0 0 0 0 0 0 0 0 
1 0.69958 0.36437 0.12366 0.0264 0.003595 0.00048 3.5e-05 0 0 0 0 0 0 0 0 0 0 0 0 
1 0.700315 0.36426 0.123495 0.02617 0.003965 0.00052 4.5e-05 0 0 0 0 0 0 0 0 0 0 0 0 
1 0.69724 0.35977 0.12052 0.02571 0.00374 0.000465 4.5e-05 1e-05 5e-06 0 0 0 0 0 0 0 0 0 0 
1 0.698785 0.362355 0.12322 0.027055 0.003805 0.000475 5.5e-05 0 0 0 0 0 0 0 0 0 0 0 0 
1 0.70085 0.36655 0.125965 0.02721 0.003945 0.000465 3.5e-05 5e-06 0 0 0 0 0 0 0 0 0 0 0 
1 0.701505 0.36494 0.12392 0.027205 0.004065 0.000425 5e-05 1.5e-05 0 0 0 0 0 0 0 0 0 0 0 
1 0.698505 0.36141 0.122215 0.026305 0.00405 0.000395 3.5e-05 5e-06 0 0 0 0 0 0 0 0 0 0 0 
1 0.699465 0.36162 0.12267 0.02623 0.00398 0.000475 5.5e-05 0 0 0 0 0 0 0 0 0 0 0 0 
1 0.70005 0.363835 0.12616 0.028665 0.0047 0.00061 3.5e-05 5e-06 0 0 0 0 0 0 0 0 0 0 0 
1 0.701195 0.36456 0.124675 0.027415 0.004105 0.00044 3.5e-05 0 0 0 0 0 0 0 0 0 0 0 0 
1 0.700405 0.364585 0.124195 0.02757 0.00404 0.00048 3e-05 1e-05 5e-06 0 0 0 0 0 0 0 0 0 0 
1 0.702595 0.36752 0.126165 0.027275 0.004115 0.0005 5e-05 0 0 0 0 0 0 0 0 0 0 0 0 
1 0.701225 0.3649 0.12518 0.027205 0.00399 0.000495 6e-05 1e-05 0 0 0 0 0 0 0 0 0 0 0 
1 0.69842 0.360935 0.12311 0.02691 0.00394 0.00038 1.5e-05 5e-06 0 0 0 0 0 0 0 0 0 0 0 
1 0.70061 0.36461 0.122795 0.02649 0.00379 0.000495 2e-05 0 0 0 0 0 0 0 0 0 0 0 0 
1 0.698775 0.362375 0.121925 0.026485 0.003715 0.000435 6.5e-05 1.5e-05 0 0 0 0 0 0 0 0 0 0 0 
1 0.700615 0.36382 0.12451 0.027045 0.003965 0.00048 6e-05 5e-06 5e-06 0 0 0 0 0 0 0 0 0 0 
1 0.700455 0.36358 0.124755 0.026485 0.00388 0.000395 2e-05 0 0 0 0 0 0 0 0 0 0 0 0 
1 0.69831 0.36054 0.1211 0.02531 0.003665 0.000435 4e-05 5e-06 5e-06 0 0 0 0 0 0 0 0 0 0 
1 0.69948 0.363905 0.123845 0.027015 0.00384 0.000435 4.5e-05 5e-06 0 0 0 0 0 0 0 0 0 0 0 
1 0.69997 0.36592 0.125535 0.02677 0.003755 0.0004 2.5e-05 0 0 0 0 0 0 0 0 0 0 0 0 
1 0.69921 0.36273 0.12261 0.025915 0.00361 0.00035 4e-05 5e-06 0 0 0 0 0 0 0 0 0 0 0 
1 0.70135 0.364825 0.124965 0.026945 0.003915 0.00038 3e-05 0 0 0 0 0 0 0 0 0 0 0 0 
1 0.69991 0.36532 0.125125 0.027055 0.00396 0.00036 4e-05 5e-06 5e-06 5e-06 0 0 0 0 0 0 0 0 0 
1 0.70178 0.366515 0.12663 0.02743 0.00383 0.00038 2e-05 0 0 0 0 0 0 0 0 0 0 0 0 
1 0.69803 0.365005 0.123325 0.02666 0.003875 0.000515 4.5e-05 0 0 0 0 0 0 0 0 0 0 0 0 
1 0.69888 0.36257 0.12379 0.027185 0.00402 0.00042 2.5e-05 0 0 0 0 0 0 0 0 0 0 0 0 
1 0.701555 0.36475 0.12568 0.026725 0.003915 0.000445 1.5e-05 0 0 0 0 0 0 0 0 0 0 0 0 
1 0.69955 0.363945 0.12415 0.02723 0.00402 0.000475 3e-05 0 0 0 0 0 0 0 0 0 0 0 0 
1 0.699885 0.362995 0.123355 0.02614 0.0037 0.00041 4e-05 0 0 0 0 0 0 0 0 0 0 0 0 
1 0.699885 0.36585 0.12625 0.027775 0.004225 0.000515 2e-05 0 0 0 0 0 0 0 0 0 0 0 0 
1 0.700715 0.362905 0.12344 0.02652 0.00386 0.00053 5.5e-05 5e-06 0 0 0 0 0 0 0 0 0 0 0 
1 0.701705 0.365205 0.124555 0.026935 0.004 0.00046 5.5e-05 0 0 0 0 0 0 0 0 0 0 0 0 
1 0.699065 0.36256 0.12403 0.026375 0.003685 0.000415 3e-05 5e-06 0 0 0 0 0 0 0 0 0 0 0 
1 0.70244 0.365045 0.125635 0.02669 0.00392 0.00045 4.5e-05 0 0 0 0 0 0 0 0 0 0 0 0 
1 0.70001 0.365605 0.123705 0.025975 0.003695 0.00036 3.5e-05 1.5e-05 0 0 0 0 0 0 0 0 0 0 0 
1 0.699975 0.362965 0.123175 0.026525 0.00389 0.000355 2e-05 0 0 0 0 0 0 0 0 0 0 0 0 
1 0.700135 0.366875 0.126595 0.027285 0.00401 0.00044 2e-05 0 0 0 0 0 0 0 0 0 0 0 0 
1 0.7011 0.364895 0.124535 0.026915 0.003705 0.00043 5e-05 5e-06 0 0 0 0 0 0 0 0 0 0 0 
1 0.70106 0.36549 0.12583 0.02725 0.00406 0.000425 3.5e-05 5e-06 0 0 0 0 0 0 0 0 0 0 0 
1 0.70241 0.36716 0.12546 0.02757 0.003995 0.000425 3.5e-05 0 0 0 0 0 0 0 0 0 0 0 0 
1 0.697545 0.362065 0.12266 0.026495 0.003905 0.000485 2.5e-05 0 0 0 0 0 0 0 0 0 0 0 0 
1 0.700355 0.3658 0.12637 0.02747 0.004265 0.000545 4e-05 0 0 0 0 0 0 0 0 0 0 0 0 
1 0.700475 0.3634 0.12327 0.02654 0.003885 0.000475 4e-05 0 0 0 0 0 0 0 0 0 0 0 0 
1 0.6994 0.36549 0.125455 0.026935 0.004045 0.00049 6.5e-05 5e-06 0 0 0 0 0 0 0 0 0 0 0 
