1 0.500744 0.129966 0.0110263 0.00025625 3.75e-06 0 0 0 0 0 0 0 0 0 0 0 0 0 0 
1 0.499209 0.129394 0.0105463 0.0002375 2.5e-06 0 0 0 0 0 0 0 0 0 0 0 0 0 0 
1 0.500822 0.129297 0.0107838 0.0002275 0 0 0 0 0 0 0 0 0 0 0 0 0 0 0 
1 0.49999 0.129641 0.0109113 0.0002275 7.5e-06 0 0 0 0 0 0 0 0 0 0 0 0 0 0 
1 0.500162 0.129517 0.0106725 0.00024875 6.25e-06 0 0 0 0 0 0 0 0 0 0 0 0 0 0 
1 0.499359 0.129254 0.0109788 0.00023125 6.25e-06 0 0 0 0 0 0 0 0 0 0 0 0 0 0 
1 0.499354 0.129696 0.0109613 0.00026625 0 0 0 0 0 0 0 0 0 0 0 0 0 0 0 
1 0.5006 0.129729 0.0107138 0.00026 1.25e-06 0 0 0 0 0 0 0 0 0 0 0 0 0 0 
1 0.500901 0.130257 0.0110638 0.000225 1.25e-06 0 0 0 0 0 0 0 0 0 0 0 0 0 0 
1 0.5 0.129334 0.0108463 0.000245 3.75e-06 0 0 0 0 0 0 0 0 0 0 0 0 0 0 
1 0.500214 0.129267 0.0107813 0.00026375 3.75e-06 0 0 0 0 0 0 0 0 0 0 0 0 0 0 
1 0.500552 0.129939 0.0107688 0.00025125 1.25e-06 0 0 0 0 0 0 0 0 0 0 0 0 0 0 
1 0.499045 0.129712 0.0109025 0.0002375 1.25e-06 0 0 0 0 0 0 0 0 0 0 0 0 0 0 
1 0.499866 0.129275 0.01073 0.0002175 5e-06 0 0 0 0 0 0 0 0 0 0 0 0 0 0 
1 0.500154 0.1292 0.01078 0.00022 1.25e-06 0 0 0 0 0 0 0 0 0 0 0 0 0 0 
1 0.50029 0.129267 0.0105375 0.000235 5e-06 0 0 0 0 0 0 0 0 0 0 0 0 0 0 
1 0.499327 0.129177 0.0106625 0.00023125 3.75e-06 0 0 0 0 0 0 0 0 0 0 0 0 0 0 
1 0.499316 0.128412 0.0106613 0.00022 3.75e-06 0 0 0 0 0 0 0 0 0 0 0 0 0 0 
1 0.500061 0.129731 0.0109175 0.00021125 6.25e-06 0 0 0 0 0 0 0 0 0 0 0 0 0 0 
1 0.499542 0.127592 0.01039 0.00021625 1.25e-06 0 0 0 0 0 0 0 0 0 0 0 0 0 0 
1 0.500957 0.129981 0.0106563 0.00027125 2.5e-06 0 0 0 0 0 0 0 0 0 0 0 0 0 0 
1 0.500194 0.128691 0.0107038 0.00021375 2.5e-06 0 0 0 0 0 0 0 0 0 0 0 0 0 0 
1 0.500109 0.129225 0.0105313 0.00023875 2.5e-06 0 0 0 0 0 0 0 0 0 0 0 0 0 0 
1 0.499621 0.1286 0.0104025 0.00026125 3.75e-06 0 0 0 0 0 0 0 0 0 0 0 0 0 0 
1 0.499362 0.129216 0.0109613 0.00024 0 0 0 0 0 0 0 0 0 0 0 0 0 0 0 
1 0.501464 0.130894 0.011155 0.000245 2.5e-06 0 0 0 0 0 0 0 0 0 0 0 0 0 0 
1 0.499382 0.128682 0.0108125 0.00027375 7.5e-06 0 0 0 0 0 0 0 0 0 0 0 0 0 0 
1 0.500479 0.129835 0.0107825 0.0002475 8.75e-06 1.25e-06 0 0 0 0 0 0 0 0 0 0 0 0 0 
1 0.49905 0.128492 0.010525 0.000225 2.5e-06 0 0 0 0 0 0 0 0 0 0 0 0 0 0 
1 0.500521 0.129791 0.01085 0.00021 3.75e-06 0 0 0 0 0 0 0 0 0 0 0 0 0 0 
1 0.498961 0.128654 0.0104113 0.00023625 0 0 0 0 0 0 0 0 0 0 0 0 0 0 0 
1 0.499915 0.128524 0.0107038 0.00024 3.75e-06 0 0 0 0 0 0 0 0 0 0 0 0 0 0 
1 0.49994 0.129262 0.0107288 0.00025875 3.75e-06 0 0 0 0 0 0 0 0 0 0 0 0 0 0 
1 0.501031 0.130242 0.0108413 0.00025625 5e-06 0 0 0 0 0 0 0 0 0 0 0 0 0 0 
1 0.500001 0.12902 0.0104738 0.000215 1.25e-06 0 0 0 0 0 0 0 0 0 0 0 0 0 0 
1 0.501077 0.130377 0.0109613 0.00023125 1.25e-06 0 0 0 0 0 0 0 0 0 0 0 0 0 0 
1 0.501259 0.130345 0.0109388 0.0002275 0 0 0 0 0 0 0 0 0 0 0 0 0 0 0 
1 0.499369 0.128511 0.0103325 0.00022875 8.75e-06 0 0 0 0 0 0 0 0 0 0 0 0 0 0 
1 0.500199 0.129217 0.0107175 0.00025 2.5e-06 0 0 0 0 0 0 0 0 0 0 0 0 0 0 
1 0.498436 0.12763 0.0104313 0.00024125 5e-06 0 0 0 0 0 0 0 0 0 0 0 0 0 0 
1 0.501097 0.129165 0.0105738 0.0002125 5e-06 0 0 0 0 0 0 0 0 0 0 0 0 0 0 
1 0.500696 0.12989 0.010825 0.00025875 6.25e-06 0 0 0 0 0 0 0 0 0 0 0 0 0 0 
1 0.500791 0.129724 0.0106388 0.00022 2.5e-06 0 0 0 0 0 0 0 0 0 0 0 0 0 0 
1 0.500457 0.130332 0.0109575 0.00022875 2.5e-06 0 0 0 0 0 0 0 0 0 0 0 0 0 0 
1 0.500972 0.130284 0.0109763 0.00026625 0 0 0 0 0 0 0 0 0 0 0 0 0 0 0 
1 0.5004 0.128952 0.0105663 0.00024125 1.25e-06 0 0 0 0 0 0 0 0 0 0 0 0 0 0 
1 0.500935 0.130274 0.01098 0.000255 2.5e-06 0 0 0 0 0 0 0 0 0 0 0 0 0 0 
1 0.500111 0.129236 0.01067 0.0002325 3.75e-06 0 0 0 0 0 0 0 0 0 0 0 0 0 0 
1 0.50137 0.129804 0.0106688 0.0002425 2.5e-06 0 0 0 0 0 0 0 0 0 0 0 0 0 0 
1 0.500411 0.129346 0.0107213 0.000215 1.25e-06 0 0 0 0 0 0 0 0 0 0 0 0 0 0 
1 0.50045 0.12983 0.010885 0.00020875 2.5e-06 0 0 0 0 0 0 0 0 0 0 0 0 0 0 
1 0.501089 0.129226 0.0104625 0.000215 6.25e-06 0 0 0 0 0 0 0 0 0 0 0 0 0 0 
1 0.49952 0.129142 0.0108188 0.00023875 2.5e-06 0 0 0 0 0 0 0 0 0 0 0 0 0 0 
1 0.500494 0.130009 0.01091 0.0002525 3.75e-06 0 0 0 0 0 0 0 0 0 0 0 0 0 0 
1 0.500776 0.129446 0.0106225 0.000235 0 0 0 0 0 0 0 0 0 0 0 0 0 0 0 
1 0.500656 0.129585 0.010725 0.00026875 3.75e-06 1.25e-06 0 0 0 0 0 0 0 0 0 0 0 0 0 
1 0.499612 0.129044 0.0106588 0.0001825 1.25e-06 0 0 0 0 0 0 0 0 0 0 0 0 0 0 
1 0.500182 0.129395 0.0104563 0.0002725 5e-06 0 0 0 0 0 0 0 0 0 0 0 0 0 0 
1 0.500414 0.130119 0.0110988 0.0002425 5e-06 0 0 0 0 0 0 0 0 0 0 0 0 0 0 
1 0.500997 0.129891 0.011065 0.00022375 2.5e-06 0 0 0 0 0 0 0 0 0 0 0 0 0 0 
1 0.5001 0.128729 0.0105225 0.00024125 0 0 0 0 0 0 0 0 0 0 0 0 0 0 0 
1 0.499782 0.128621 0.0102875 0.000205 5e-06 0 0 0 0 0 0 0 0 0 0 0 0 0 0 
1 0.499472 0.12856 0.0103738 0.0002225 2.5e-06 0 0 0 0 0 0 0 0 0 0 0 0 0 0 
1 0.499585 0.129039 0.0106475 0.00019625 0 0 0 0 0 0 0 0 0 0 0 0 0 0 0 
1 0.499552 0.128687 0.0105113 0.000215 0 0 0 0 0 0 0 0 0 0 0 0 0 0 0 
1 0.499391 0.128364 0.01063 0.00021875 1.25e-06 0 0 0 0 0 0 0 0 0 0 0 0 0 0 
1 0.499304 0.128527 0.0108013 0.0002475 1.25e-06 0 0 0 0 0 0 0 0 0 0 0 0 0 0 
1 0.500485 0.12924 0.01067 0.00021875 0 0 0 0 0 0 0 0 0 0 0 0 0 0 0 
1 0.501719 0.130322 0.0109263 0.00021375 2.5e-06 0 0 0 0 0 0 0 0 0 0 0 0 0 0 
1 0.500379 0.128549 0.0102763 0.00019625 0 0 0 0 0 0 0 0 0 0 0 0 0 0 0 
1 0.50123 0.130434 0.0109975 0.00025 6.25e-06 0 0 0 0 0 0 0 0 0 0 0 0 0 0 
1 0.500689 0.130431 0.0107588 0.00024 0 0 0 0 0 0 0 0 0 0 0 0 0 0 0 
1 0.499742 0.129649 0.0104763 0.00020375 2.5e-06 0 0 0 0 0 0 0 0 0 0 0 0 0 0 
1 0.499516 0.128747 0.0105088 0.0002475 1.25e-06 0 0 0 0 0 0 0 0 0 0 0 0 0 0 
1 0.50106 0.129244 0.0108788 0.0002375 6.25e-06 0 0 0 0 0 0 0 0 0 0 0 0 0 0 
1 0.50117 0.130622 0.0109425 0.00023875 6.25e-06 0 0 0 0 0 0 0 0 0 0 0 0 0 0 
1 0.500616 0.129624 0.0110075 0.00023375 3.75e-06 0 0 0 0 0 0 0 0 0 0 0 0 0 0 
1 0.499914 0.129177 0.01089 0.00023375 8.75e-06 0 0 0 0 0 0 0 0 0 0 0 0 0 0 
1 0.499162 0.128427 0.0106825 0.00023125 8.75e-06 0 0 0 0 0 0 0 0 0 0 0 0 0 0 
1 0.499956 0.129155 0.0105663 0.00024625 3.75e-06 0 0 0 0 0 0 0 0 0 0 0 0 0 0 
1 0.500985 0.129996 0.01079 0.000235 1.25e-06 0 0 0 0 0 0 0 0 0 0 0 0 0 0 
1 0.50158 0.130146 0.010915 0.00022 8.75e-06 0 0 0 0 0 0 0 0 0 0 0 0 0 0 
1 0.500227 0.130146 0.0108188 0.00023125 3.75e-06 0 0 0 0 0 0 0 0 0 0 0 0 0 0 
1 0.500976 0.129805 0.0104838 0.00021375 7.5e-06 0 0 0 0 0 0 0 0 0 0 0 0 0 0 
1 0.500884 0.129835 0.0105725 0.00019875 2.5e-06 0 0 0 0 0 0 0 0 0 0 0 0 0 0 
1 0.500684 0.129377 0.0103838 0.0002325 2.5e-06 0 0 0 0 0 0 0 0 0 0 0 0 0 0 
1 0.499921 0.129361 0.010835 0.00024125 5e-06 0 0 0 0 0 0 0 0 0 0 0 0 0 0 
1 0.500169 0.128931 0.0106025 0.0002575 3.75e-06 0 0 0 0 0 0 0 0 0 0 0 0 0 0 
1 0.499821 0.129282 0.010685 0.00023125 1.25e-06 0 0 0 0 0 0 0 0 0 0 0 0 0 0 
1 0.49788 0.128055 0.0104 0.00026125 2.5e-06 0 0 0 0 0 0 0 0 0 0 0 0 0 0 
1 0.500181 0.130465 0.0108725 0.00027375 3.75e-06 0 0 0 0 0 0 0 0 0 0 0 0 0 0 
1 0.500565 0.130354 0.01078 0.00024375 1.25e-06 0 0 0 0 0 0 0 0 0 0 0 0 0 0 
1 0.500759 0.12961 0.0109938 0.0002125 3.75e-06 0 0 0 0 0 0 0 0 0 0 0 0 0 0 
1 0.499965 0.128899 0.01059 0.00023625 0 0 0 0 0 0 0 0 0 0 0 0 0 0 0 
1 0.499347 0.128884 0.0105338 0.00021125 0 0 0 0 0 0 0 0 0 0 0 0 0 0 0 
1 0.500372 0.12931 0.0108563 0.000255 3.75e-06 0 0 0 0 0 0 0 0 0 0 0 0 0 0 
1 0.500306 0.130022 0.0108438 0.00025375 7.5e-06 0 0 0 0 0 0 0 0 0 0 0 0 0 0 
1 0.499425 0.128944 0.0104325 0.0002175 1.25e-06 0 0 0 0 0 0 0 0 0 0 0 0 0 0 
1 0.500667 0.129955 0.010625 0.00022875 2.5e-06 0 0 0 0 0 0 0 0 0 0 0 0 0 0 
1 0.500916 0.129352 0.01063 0.000205 1.25e-06 0 0 0 0 0 0 0 0 0 0 0 0 0 0 
