1 0.649668 0.279102 0.055369 0.003321 9.2e-05 0 0 0 0 0 0 0 0 0 0 0 0 0 0 
1 0.64968 0.280688 0.056988 0.003511 5.2e-05 0 0 0 0 0 0 0 0 0 0 0 0 0 0 
1 0.649273 0.277612 0.055431 0.003411 6.6e-05 0 0 0 0 0 0 0 0 0 0 0 0 0 0 
1 0.649798 0.278125 0.055429 0.003328 6.4e-05 0 0 0 0 0 0 0 0 0 0 0 0 0 0 
1 0.650371 0.280277 0.056747 0.003358 6.2e-05 0 0 0 0 0 0 0 0 0 0 0 0 0 0 
1 0.650462 0.279124 0.056342 0.003397 6.8e-05 0 0 0 0 0 0 0 0 0 0 0 0 0 0 
1 0.648864 0.278 0.055152 0.003314 4.5e-05 0 0 0 0 0 0 0 0 0 0 0 0 0 0 
1 0.6503 0.279804 0.055806 0.003223 4e-05 0 0 0 0 0 0 0 0 0 0 0 0 0 0 
1 0.649844 0.279236 0.055678 0.003245 5.5e-05 0 0 0 0 0 0 0 0 0 0 0 0 0 0 
1 0.650811 0.279252 0.055746 0.003344 8.1e-05 0 0 0 0 0 0 0 0 0 0 0 0 0 0 
1 0.649454 0.277953 0.054939 0.003278 7.5e-05 4e-06 1e-06 0 0 0 0 0 0 0 0 0 0 0 0 
1 0.649484 0.277878 0.055162 0.00327 7e-05 0 0 0 0 0 0 0 0 0 0 0 0 0 0 
1 0.648666 0.277914 0.055119 0.003285 4.9e-05 0 0 0 0 0 0 0 0 0 0 0 0 0 0 
1 0.649014 0.277863 0.054528 0.003338 4.7e-05 2e-06 0 0 0 0 0 0 0 0 0 0 0 0 0 
1 0.652025 0.280352 0.055295 0.00324 4.8e-05 2e-06 0 0 0 0 0 0 0 0 0 0 0 0 0 
1 0.64878 0.277309 0.054671 0.003307 6.4e-05 1e-06 0 0 0 0 0 0 0 0 0 0 0 0 0 
1 0.651552 0.281765 0.057529 0.003669 7.2e-05 0 0 0 0 0 0 0 0 0 0 0 0 0 0 
1 0.647068 0.275682 0.0541 0.003093 4.2e-05 0 0 0 0 0 0 0 0 0 0 0 0 0 0 
1 0.650103 0.277283 0.055106 0.003148 6e-05 0 0 0 0 0 0 0 0 0 0 0 0 0 0 
1 0.650258 0.279196 0.056131 0.003457 7.1e-05 2e-06 0 0 0 0 0 0 0 0 0 0 0 0 0 
1 0.650173 0.278386 0.055325 0.003366 6.2e-05 6e-06 0 0 0 0 0 0 0 0 0 0 0 0 0 
1 0.65037 0.279089 0.056341 0.003455 6.7e-05 4e-06 0 0 0 0 0 0 0 0 0 0 0 0 0 
1 0.650827 0.278753 0.055705 0.003374 8.3e-05 0 0 0 0 0 0 0 0 0 0 0 0 0 0 
1 0.649478 0.278001 0.055242 0.003286 6.4e-05 2e-06 0 0 0 0 0 0 0 0 0 0 0 0 0 
1 0.650691 0.28008 0.056689 0.003385 5.3e-05 1e-06 0 0 0 0 0 0 0 0 0 0 0 0 0 
1 0.650408 0.279869 0.056127 0.003421 0.000112 0 0 0 0 0 0 0 0 0 0 0 0 0 0 
1 0.648879 0.277946 0.055391 0.003297 7.1e-05 0 0 0 0 0 0 0 0 0 0 0 0 0 0 
1 0.649526 0.277763 0.055725 0.003366 5e-05 0 0 0 0 0 0 0 0 0 0 0 0 0 0 
1 0.648948 0.277024 0.054959 0.003227 6.8e-05 0 0 0 0 0 0 0 0 0 0 0 0 0 0 
1 0.651077 0.279612 0.05607 0.003387 5.7e-05 0 0 0 0 0 0 0 0 0 0 0 0 0 0 
1 0.649549 0.278645 0.055107 0.003296 6.9e-05 0 0 0 0 0 0 0 0 0 0 0 0 0 0 
1 0.649345 0.278298 0.055384 0.0032 5.5e-05 0 0 0 0 0 0 0 0 0 0 0 0 0 0 
1 0.651186 0.279481 0.056094 0.003555 4.9e-05 0 0 0 0 0 0 0 0 0 0 0 0 0 0 
1 0.651395 0.280531 0.056461 0.003488 6.4e-05 0 0 0 0 0 0 0 0 0 0 0 0 0 0 
1 0.649622 0.277507 0.055215 0.003258 4.6e-05 0 0 0 0 0 0 0 0 0 0 0 0 0 0 
1 0.649422 0.277567 0.055246 0.003339 7.4e-05 0 0 0 0 0 0 0 0 0 0 0 0 0 0 
1 0.650002 0.279325 0.056131 0.003367 7.1e-05 2e-06 0 0 0 0 0 0 0 0 0 0 0 0 0 
1 0.647178 0.275988 0.054518 0.003134 6.3e-05 0 0 0 0 0 0 0 0 0 0 0 0 0 0 
1 0.650047 0.279463 0.055596 0.003411 6.2e-05 2e-06 0 0 0 0 0 0 0 0 0 0 0 0 0 
1 0.650076 0.279129 0.055998 0.003324 6.5e-05 1e-06 0 0 0 0 0 0 0 0 0 0 0 0 0 
1 0.649833 0.278444 0.055656 0.00348 8.1e-05 1e-06 0 0 0 0 0 0 0 0 0 0 0 0 0 
1 0.648851 0.277274 0.055326 0.003309 6.9e-05 8e-06 0 0 0 0 0 0 0 0 0 0 0 0 0 
1 0.650998 0.280195 0.056105 0.003511 7.1e-05 1e-06 0 0 0 0 0 0 0 0 0 0 0 0 0 
1 0.650408 0.280031 0.056755 0.003485 5.5e-05 1e-06 0 0 0 0 0 0 0 0 0 0 0 0 0 
1 0.648519 0.276748 0.054741 0.003302 5e-05 0 0 0 0 0 0 0 0 0 0 0 0 0 0 
1 0.649358 0.27777 0.054698 0.003121 6.4e-05 2e-06 0 0 0 0 0 0 0 0 0 0 0 0 0 
1 0.652808 0.282265 0.057315 0.003601 7.3e-05 0 0 0 0 0 0 0 0 0 0 0 0 0 0 
1 0.650565 0.279016 0.056007 0.003269 6.4e-05 0 0 0 0 0 0 0 0 0 0 0 0 0 0 
1 0.650161 0.279044 0.056293 0.003552 9.3e-05 0 0 0 0 0 0 0 0 0 0 0 0 0 0 
1 0.651077 0.279651 0.055714 0.003184 5.2e-05 0 0 0 0 0 0 0 0 0 0 0 0 0 0 
1 0.648909 0.277723 0.055536 0.003255 9.5e-05 1e-06 0 0 0 0 0 0 0 0 0 0 0 0 0 
1 0.650694 0.279908 0.056482 0.00341 6.6e-05 0 0 0 0 0 0 0 0 0 0 0 0 0 0 
1 0.649634 0.278231 0.055291 0.003276 6e-05 2e-06 0 0 0 0 0 0 0 0 0 0 0 0 0 
1 0.651907 0.281608 0.056499 0.003499 7.3e-05 0 0 0 0 0 0 0 0 0 0 0 0 0 0 
1 0.650415 0.278984 0.055777 0.003369 6e-05 0 0 0 0 0 0 0 0 0 0 0 0 0 0 
1 0.648636 0.276778 0.055272 0.003232 7.1e-05 2e-06 0 0 0 0 0 0 0 0 0 0 0 0 0 
1 0.65018 0.279572 0.056873 0.003681 6.7e-05 4e-06 0 0 0 0 0 0 0 0 0 0 0 0 0 
1 0.647922 0.276255 0.055534 0.003463 6.4e-05 2e-06 0 0 0 0 0 0 0 0 0 0 0 0 0 
1 0.650374 0.279069 0.056147 0.003442 9.8e-05 0 0 0 0 0 0 0 0 0 0 0 0 0 0 
1 0.648603 0.278562 0.055629 0.003275 7.2e-05 1e-06 0 0 0 0 0 0 0 0 0 0 0 0 0 
1 0.650674 0.279962 0.056852 0.003474 8e-05 0 0 0 0 0 0 0 0 0 0 0 0 0 0 
1 0.649904 0.27896 0.055401 0.003362 6.4e-05 0 0 0 0 0 0 0 0 0 0 0 0 0 0 
1 0.650542 0.280385 0.056334 0.003527 8.6e-05 4e-06 0 0 0 0 0 0 0 0 0 0 0 0 0 
1 0.649191 0.277146 0.054564 0.003102 4.7e-05 3e-06 0 0 0 0 0 0 0 0 0 0 0 0 0 
1 0.647353 0.275426 0.054312 0.003327 6.3e-05 0 0 0 0 0 0 0 0 0 0 0 0 0 0 
1 0.651024 0.280458 0.056359 0.003448 6.9e-05 0 0 0 0 0 0 0 0 0 0 0 0 0 0 
1 0.650705 0.280947 0.056544 0.003447 8.2e-05 1e-06 0 0 0 0 0 0 0 0 0 0 0 0 0 
1 0.64925 0.278073 0.055185 0.003379 4.6e-05 0 0 0 0 0 0 0 0 0 0 0 0 0 0 
1 0.648899 0.278265 0.055444 0.003349 5.2e-05 2e-06 0 0 0 0 0 0 0 0 0 0 0 0 0 
1 0.651943 0.281543 0.057542 0.00359 7e-05 1e-06 0 0 0 0 0 0 0 0 0 0 0 0 0 
1 0.649085 0.278609 0.055824 0.003316 6.3e-05 0 0 0 0 0 0 0 0 0 0 0 0 0 0 
1 0.649244 0.277642 0.055289 0.003366 6.2e-05 1e-06 0 0 0 0 0 0 0 0 0 0 0 0 0 
1 0.651087 0.280258 0.055939 0.003407 6.5e-05 0 0 0 0 0 0 0 0 0 0 0 0 0 0 
1 0.649686 0.278899 0.056036 0.00353 7.8e-05 3e-06 0 0 0 0 0 0 0 0 0 0 0 0 0 
1 0.649592 0.278511 0.055927 0.003347 6.6e-05 0 0 0 0 0 0 0 0 0 0 0 0 0 0 
1 0.649017 0.277598 0.054895 0.003101 5.4e-05 0 0 0 0 0 0 0 0 0 0 0 0 0 0 
1 0.652085 0.281325 0.056227 0.003354 6.6e-05 0 0 0 0 0 0 0 0 0 0 0 0 0 0 
1 0.649277 0.278235 0.056335 0.003467 7.5e-05 0 0 0 0 0 0 0 0 0 0 0 0 0 0 
1 0.650626 0.279772 0.056007 0.003269 5.9e-05 1e-06 0 0 0 0 0 0 0 0 0 0 0 0 0 
1 0.649697 0.279021 0.056289 0.003309 5.6e-05 0 0 0 0 0 0 0 0 0 0 0 0 0 0 
1 0.649296 0.277825 0.055145 0.003266 5.5e-05 3e-06 0 0 0 0 0 0 0 0 0 0 0 0 0 
1 0.65125 0.280015 0.056196 0.003383 4.2e-05 0 0 0 0 0 0 0 0 0 0 0 0 0 0 
1 0.650647 0.279875 0.056312 0.003338 7.2e-05 2e-06 0 0 0 0 0 0 0 0 0 0 0 0 0 
1 0.650155 0.279066 0.055948 0.003426 7.9e-05 0 0 0 0 0 0 0 0 0 0 0 0 0 0 
1 0.647336 0.275693 0.053633 0.003054 4.5e-05 1e-06 0 0 0 0 0 0 0 0 0 0 0 0 0 
1 0.65121 0.280202 0.056677 0.003437 7.3e-05 0 0 0 0 0 0 0 0 0 0 0 0 0 0 
1 0.649428 0.27869 0.05613 0.003405 8.3e-05 2e-06 0 0 0 0 0 0 0 0 0 0 0 0 0 
1 0.650087 0.278329 0.055251 0.003203 5.3e-05 1e-06 0 0 0 0 0 0 0 0 0 0 0 0 0 
1 0.651091 0.278783 0.05507 0.003238 7.5e-05 1e-06 0 0 0 0 0 0 0 0 0 0 0 0 0 
1 0.649885 0.278259 0.055275 0.003388 6.1e-05 0 0 0 0 0 0 0 0 0 0 0 0 0 0 
1 0.651057 0.280267 0.05694 0.003444 6.1e-05 0 0 0 0 0 0 0 0 0 0 0 0 0 0 
1 0.650027 0.278588 0.055622 0.003454 7e-05 4e-06 0 0 0 0 0 0 0 0 0 0 0 0 0 
1 0.651123 0.280991 0.057368 0.003572 7.2e-05 3e-06 0 0 0 0 0 0 0 0 0 0 0 0 0 
1 0.648676 0.278142 0.055472 0.003382 7.6e-05 1e-06 0 0 0 0 0 0 0 0 0 0 0 0 0 
1 0.649294 0.27765 0.054869 0.003246 5.7e-05 0 0 0 0 0 0 0 0 0 0 0 0 0 0 
1 0.650844 0.280153 0.05598 0.00351 8e-05 0 0 0 0 0 0 0 0 0 0 0 0 0 0 
1 0.650993 0.279278 0.056023 0.003487 7.1e-05 0 0 0 0 0 0 0 0 0 0 0 0 0 0 
1 0.647899 0.276519 0.054979 0.003316 5.3e-05 2e-06 0 0 0 0 0 0 0 0 0 0 0 0 0 
1 0.652118 0.281007 0.056682 0.003467 6.5e-05 0 0 0 0 0 0 0 0 0 0 0 0 0 0 
1 0.650293 0.278825 0.055828 0.00338 8.8e-05 0 0 0 0 0 0 0 0 0 0 0 0 0 0 
1 0.649778 0.278925 0.05604 0.003584 7.6e-05 0 0 0 0 0 0 0 0 0 0 0 0 0 0 
1 0.648996 0.278098 0.055389 0.003392 6e-05 0 0 0 0 0 0 0 0 0 0 0 0 0 0 
1 0.649824 0.277771 0.055818 0.003236 6.8e-05 0 0 0 0 0 0 0 0 0 0 0 0 0 0 
1 0.64854 0.27757 0.055092 0.003343 6.1e-05 0 0 0 0 0 0 0 0 0 0 0 0 0 0 
1 0.648535 0.278187 0.056294 0.003514 7.6e-05 0 0 0 0 0 0 0 0 0 0 0 0 0 0 
1 0.648491 0.276783 0.054576 0.003227 6.7e-05 4e-06 0 0 0 0 0 0 0 0 0 0 0 0 0 
1 0.65021 0.279553 0.056331 0.00348 6.5e-05 0 0 0 0 0 0 0 0 0 0 0 0 0 0 
1 0.648731 0.277725 0.055555 0.003384 5.3e-05 0 0 0 0 0 0 0 0 0 0 0 0 0 0 
1 0.648708 0.277488 0.054989 0.003154 6.9e-05 1e-06 0 0 0 0 0 0 0 0 0 0 0 0 0 
1 0.649828 0.279851 0.056683 0.003673 7.9e-05 0 0 0 0 0 0 0 0 0 0 0 0 0 0 
1 0.64952 0.277153 0.055361 0.003236 5.7e-05 0 0 0 0 0 0 0 0 0 0 0 0 0 0 
1 0.648578 0.277228 0.05527 0.003349 6.1e-05 0 0 0 0 0 0 0 0 0 0 0 0 0 0 
1 0.649527 0.277673 0.055072 0.003318 5.3e-05 2e-06 0 0 0 0 0 0 0 0 0 0 0 0 0 
1 0.648492 0.277056 0.055348 0.003291 6.2e-05 0 0 0 0 0 0 0 0 0 0 0 0 0 0 
1 0.650472 0.280001 0.056792 0.003372 7.1e-05 0 0 0 0 0 0 0 0 0 0 0 0 0 0 
1 0.648832 0.278234 0.055533 0.003313 6.4e-05 1e-06 0 0 0 0 0 0 0 0 0 0 0 0 0 
1 0.652079 0.281607 0.056318 0.003337 5.7e-05 1e-06 0 0 0 0 0 0 0 0 0 0 0 0 0 
1 0.649574 0.278539 0.055826 0.003304 5.5e-05 0 0 0 0 0 0 0 0 0 0 0 0 0 0 
1 0.649069 0.277926 0.054814 0.003177 6.2e-05 0 0 0 0 0 0 0 0 0 0 0 0 0 0 
1 0.650649 0.279622 0.055746 0.00337 5.7e-05 2e-06 0 0 0 0 0 0 0 0 0 0 0 0 0 
1 0.650534 0.280045 0.056494 0.003562 8.1e-05 0 0 0 0 0 0 0 0 0 0 0 0 0 0 
1 0.652683 0.282001 0.056941 0.003515 4.8e-05 0 0 0 0 0 0 0 0 0 0 0 0 0 0 
1 0.650685 0.280147 0.056263 0.003437 7.6e-05 2e-06 0 0 0 0 0 0 0 0 0 0 0 0 0 
1 0.649904 0.279055 0.055637 0.003334 6.5e-05 0 0 0 0 0 0 0 0 0 0 0 0 0 0 
1 0.650664 0.279959 0.056515 0.003455 7.4e-05 0 0 0 0 0 0 0 0 0 0 0 0 0 0 
1 0.650086 0.279732 0.056461 0.003378 6.3e-05 1e-06 0 0 0 0 0 0 0 0 0 0 0 0 0 
1 0.648833 0.278057 0.05499 0.003312 6e-05 3e-06 0 0 0 0 0 0 0 0 0 0 0 0 0 
1 0.650446 0.280041 0.057013 0.003514 5e-05 1e-06 0 0 0 0 0 0 0 0 0 0 0 0 0 
1 0.64842 0.276819 0.054419 0.003251 6.1e-05 0 0 0 0 0 0 0 0 0 0 0 0 0 0 
1 0.648922 0.278268 0.055039 0.0032 7.3e-05 0 0 0 0 0 0 0 0 0 0 0 0 0 0 
1 0.649972 0.278896 0.05606 0.003418 5.8e-05 1e-06 0 0 0 0 0 0 0 0 0 0 0 0 0 
1 0.648988 0.278597 0.055787 0.00341 7.8e-05 2e-06 0 0 0 0 0 0 0 0 0 0 0 0 0 
1 0.647028 0.276108 0.054581 0.003206 5.1e-05 1e-06 0 0 0 0 0 0 0 0 0 0 0 0 0 
1 0.649656 0.278693 0.055232 0.003282 6.6e-05 1e-06 0 0 0 0 0 0 0 0 0 0 0 0 0 
1 0.652001 0.281753 0.057125 0.003488 7.6e-05 1e-06 0 0 0 0 0 0 0 0 0 0 0 0 0 
1 0.65012 0.278488 0.055535 0.003324 6.5e-05 0 0 0 0 0 0 0 0 0 0 0 0 0 0 
1 0.650819 0.280123 0.055957 0.003469 6.3e-05 0 0 0 0 0 0 0 0 0 0 0 0 0 0 
1 0.649532 0.277803 0.054823 0.003101 4.6e-05 0 0 0 0 0 0 0 0 0 0 0 0 0 0 
1 0.649394 0.279027 0.055994 0.003417 7.2e-05 1e-06 0 0 0 0 0 0 0 0 0 0 0 0 0 
1 0.649237 0.277557 0.055296 0.003303 5.4e-05 0 0 0 0 0 0 0 0 0 0 0 0 0 0 
1 0.650965 0.279631 0.055746 0.003432 7.9e-05 0 0 0 0 0 0 0 0 0 0 0 0 0 0 
1 0.651887 0.2809 0.056899 0.003457 6.2e-05 1e-06 0 0 0 0 0 0 0 0 0 0 0 0 0 
1 0.650877 0.279391 0.05589 0.003389 6.8e-05 1e-06 0 0 0 0 0 0 0 0 0 0 0 0 0 
1 0.650248 0.279423 0.055423 0.003247 4.4e-05 1e-06 0 0 0 0 0 0 0 0 0 0 0 0 0 
1 0.650284 0.278821 0.056035 0.003374 5.9e-05 0 0 0 0 0 0 0 0 0 0 0 0 0 0 
1 0.651203 0.280707 0.056766 0.003662 6.9e-05 0 0 0 0 0 0 0 0 0 0 0 0 0 0 
1 0.650043 0.278534 0.054621 0.003252 7.3e-05 2e-06 0 0 0 0 0 0 0 0 0 0 0 0 0 
1 0.65078 0.279049 0.055938 0.003458 6.9e-05 2e-06 0 0 0 0 0 0 0 0 0 0 0 0 0 
1 0.64912 0.278004 0.055273 0.00332 5.9e-05 0 0 0 0 0 0 0 0 0 0 0 0 0 0 
1 0.649895 0.278887 0.055887 0.003393 5.8e-05 0 0 0 0 0 0 0 0 0 0 0 0 0 0 
1 0.647391 0.275415 0.054066 0.003185 5.1e-05 6e-06 0 0 0 0 0 0 0 0 0 0 0 0 0 
1 0.651161 0.28069 0.056431 0.00349 6e-05 0 0 0 0 0 0 0 0 0 0 0 0 0 0 
1 0.650355 0.279153 0.055769 0.003293 4.4e-05 0 0 0 0 0 0 0 0 0 0 0 0 0 0 
1 0.650548 0.279796 0.056257 0.003476 4.6e-05 0 0 0 0 0 0 0 0 0 0 0 0 0 0 
1 0.650393 0.278888 0.055249 0.003207 4.8e-05 0 0 0 0 0 0 0 0 0 0 0 0 0 0 
1 0.65034 0.27972 0.056035 0.00344 6.5e-05 0 0 0 0 0 0 0 0 0 0 0 0 0 0 
1 0.647477 0.275858 0.054605 0.003227 5.4e-05 0 0 0 0 0 0 0 0 0 0 0 0 0 0 
1 0.651249 0.279571 0.056238 0.003314 6.5e-05 0 0 0 0 0 0 0 0 0 0 0 0 0 0 
1 0.652614 0.282313 0.057575 0.003585 6.5e-05 0 0 0 0 0 0 0 0 0 0 0 0 0 0 
1 0.650011 0.2798 0.056877 0.003526 5.7e-05 0 0 0 0 0 0 0 0 0 0 0 0 0 0 
1 0.650439 0.279675 0.055918 0.003391 4.4e-05 1e-06 0 0 0 0 0 0 0 0 0 0 0 0 0 
1 0.649754 0.278378 0.055383 0.003442 5.3e-05 0 0 0 0 0 0 0 0 0 0 0 0 0 0 
1 0.650222 0.280241 0.056619 0.003523 9.2e-05 1e-06 0 0 0 0 0 0 0 0 0 0 0 0 0 
1 0.64992 0.278843 0.056558 0.0035 7.6e-05 0 0 0 0 0 0 0 0 0 0 0 0 0 0 
1 0.650284 0.280374 0.056238 0.003394 8.4e-05 2e-06 0 0 0 0 0 0 0 0 0 0 0 0 0 
1 0.6509 0.281279 0.057343 0.00352 5.5e-05 0 0 0 0 0 0 0 0 0 0 0 0 0 0 
1 0.652264 0.282594 0.05771 0.003452 4.7e-05 0 0 0 0 0 0 0 0 0 0 0 0 0 0 
1 0.650414 0.278854 0.05563 0.003331 7.2e-05 1e-06 0 0 0 0 0 0 0 0 0 0 0 0 0 
1 0.649298 0.277412 0.055101 0.00325 7.3e-05 0 0 0 0 0 0 0 0 0 0 0 0 0 0 
1 0.651242 0.280277 0.05637 0.003446 6e-05 1e-06 0 0 0 0 0 0 0 0 0 0 0 0 0 
1 0.64993 0.278394 0.055484 0.00327 7.5e-05 0 0 0 0 0 0 0 0 0 0 0 0 0 0 
1 0.650057 0.281582 0.057034 0.003452 8.6e-05 0 0 0 0 0 0 0 0 0 0 0 0 0 0 
1 0.650627 0.278566 0.055684 0.003349 6.4e-05 1e-06 0 0 0 0 0 0 0 0 0 0 0 0 0 
1 0.650738 0.280523 0.056899 0.003565 7.8e-05 0 0 0 0 0 0 0 0 0 0 0 0 0 0 
1 0.649116 0.27778 0.055718 0.003376 7.1e-05 0 0 0 0 0 0 0 0 0 0 0 0 0 0 
1 0.648709 0.277934 0.054907 0.003241 8.1e-05 0 0 0 0 0 0 0 0 0 0 0 0 0 0 
1 0.649723 0.279238 0.055945 0.003573 6.5e-05 1e-06 0 0 0 0 0 0 0 0 0 0 0 0 0 
1 0.649644 0.277969 0.055354 0.003234 7.4e-05 0 0 0 0 0 0 0 0 0 0 0 0 0 0 
1 0.65113 0.281228 0.056837 0.003569 7.3e-05 2e-06 0 0 0 0 0 0 0 0 0 0 0 0 0 
1 0.649222 0.279402 0.056505 0.003595 8.6e-05 1e-06 0 0 0 0 0 0 0 0 0 0 0 0 0 
1 0.650974 0.280807 0.056583 0.003523 6.8e-05 0 0 0 0 0 0 0 0 0 0 0 0 0 0 
1 0.650109 0.278392 0.055619 0.003264 6.1e-05 0 0 0 0 0 0 0 0 0 0 0 0 0 0 
1 0.649966 0.278367 0.055957 0.003458 7e-05 0 0 0 0 0 0 0 0 0 0 0 0 0 0 
1 0.649117 0.277172 0.05478 0.00323 5.7e-05 0 0 0 0 0 0 0 0 0 0 0 0 0 0 
1 0.649214 0.278712 0.055411 0.003204 6.2e-05 3e-06 0 0 0 0 0 0 0 0 0 0 0 0 0 
1 0.650678 0.279031 0.055869 0.003417 6.1e-05 0 0 0 0 0 0 0 0 0 0 0 0 0 0 
1 0.650545 0.281236 0.056965 0.003477 8.9e-05 3e-06 0 0 0 0 0 0 0 0 0 0 0 0 0 
1 0.649634 0.27976 0.056291 0.003384 7e-05 1e-06 0 0 0 0 0 0 0 0 0 0 0 0 0 
1 0.651005 0.280681 0.056537 0.003389 5.9e-05 0 0 0 0 0 0 0 0 0 0 0 0 0 0 
1 0.649526 0.277674 0.054744 0.003172 6.4e-05 2e-06 0 0 0 0 0 0 0 0 0 0 0 0 0 
1 0.65134 0.280429 0.056473 0.003444 9e-05 1e-06 0 0 0 0 0 0 0 0 0 0 0 0 0 
1 0.649876 0.27902 0.056415 0.003405 6.4e-05 0 0 0 0 0 0 0 0 0 0 0 0 0 0 
1 0.651774 0.280846 0.056791 0.003437 7.1e-05 0 0 0 0 0 0 0 0 0 0 0 0 0 0 
1 0.650741 0.279823 0.056485 0.003528 6.8e-05 1e-06 0 0 0 0 0 0 0 0 0 0 0 0 0 
1 0.649684 0.279165 0.056358 0.003541 8.1e-05 0 0 0 0 0 0 0 0 0 0 0 0 0 0 
1 0.649456 0.277723 0.055209 0.003178 6.1e-05 2e-06 0 0 0 0 0 0 0 0 0 0 0 0 0 
1 0.649282 0.278114 0.055126 0.003339 7.3e-05 2e-06 0 0 0 0 0 0 0 0 0 0 0 0 0 
1 0.651242 0.28114 0.056924 0.003582 8.1e-05 3e-06 0 0 0 0 0 0 0 0 0 0 0 0 0 
1 0.652833 0.283211 0.057785 0.003482 7.3e-05 0 0 0 0 0 0 0 0 0 0 0 0 0 0 
1 0.650449 0.278809 0.055036 0.003289 5.8e-05 3e-06 0 0 0 0 0 0 0 0 0 0 0 0 0 
1 0.649693 0.278523 0.056227 0.003514 8.3e-05 2e-06 0 0 0 0 0 0 0 0 0 0 0 0 0 
1 0.649742 0.279478 0.056372 0.003441 8.8e-05 1e-06 0 0 0 0 0 0 0 0 0 0 0 0 0 
1 0.64894 0.278808 0.055636 0.003334 5.4e-05 3e-06 0 0 0 0 0 0 0 0 0 0 0 0 0 
1 0.651422 0.280397 0.056287 0.003286 6.3e-05 1e-06 0 0 0 0 0 0 0 0 0 0 0 0 0 
1 0.649665 0.280036 0.056684 0.003466 7.3e-05 2e-06 0 0 0 0 0 0 0 0 0 0 0 0 0 
1 0.64998 0.278713 0.055552 0.003337 6.5e-05 1e-06 0 0 0 0 0 0 0 0 0 0 0 0 0 
1 0.65056 0.278305 0.055504 0.00339 5.9e-05 0 0 0 0 0 0 0 0 0 0 0 0 0 0 
1 0.650776 0.280322 0.056532 0.003663 6.7e-05 1e-06 0 0 0 0 0 0 0 0 0 0 0 0 0 
1 0.649934 0.27885 0.055829 0.003321 5e-05 2e-06 0 0 0 0 0 0 0 0 0 0 0 0 0 
1 0.649654 0.278907 0.055579 0.003392 5.5e-05 0 0 0 0 0 0 0 0 0 0 0 0 0 0 
1 0.649919 0.279417 0.056235 0.003481 7.6e-05 2e-06 0 0 0 0 0 0 0 0 0 0 0 0 0 
1 0.652376 0.28102 0.056455 0.003452 5.7e-05 0 0 0 0 0 0 0 0 0 0 0 0 0 0 
1 0.650942 0.279832 0.055764 0.003299 5.4e-05 1e-06 0 0 0 0 0 0 0 0 0 0 0 0 0 
1 0.649477 0.278347 0.056148 0.003532 7.6e-05 4e-06 0 0 0 0 0 0 0 0 0 0 0 0 0 
1 0.649649 0.278945 0.055378 0.003282 5.3e-05 0 0 0 0 0 0 0 0 0 0 0 0 0 0 
1 0.649081 0.277658 0.055478 0.003318 6.6e-05 3e-06 0 0 0 0 0 0 0 0 0 0 0 0 0 
1 0.651596 0.280844 0.056938 0.003562 8.2e-05 1e-06 1e-06 0 0 0 0 0 0 0 0 0 0 0 0 
1 0.651948 0.280909 0.056898 0.003753 8.7e-05 2e-06 0 0 0 0 0 0 0 0 0 0 0 0 0 
1 0.649561 0.277464 0.055424 0.003344 8.1e-05 0 0 0 0 0 0 0 0 0 0 0 0 0 0 
1 0.648969 0.277339 0.055274 0.003335 6e-05 1e-06 0 0 0 0 0 0 0 0 0 0 0 0 0 
1 0.653363 0.282853 0.058167 0.003873 6.9e-05 0 0 0 0 0 0 0 0 0 0 0 0 0 0 
1 0.64939 0.27879 0.055985 0.003279 6.6e-05 0 0 0 0 0 0 0 0 0 0 0 0 0 0 
1 0.650845 0.279585 0.056575 0.003367 6.6e-05 2e-06 0 0 0 0 0 0 0 0 0 0 0 0 0 
1 0.648879 0.276921 0.054515 0.003197 6.7e-05 0 0 0 0 0 0 0 0 0 0 0 0 0 0 
1 0.650753 0.280115 0.057006 0.003611 5.8e-05 3e-06 0 0 0 0 0 0 0 0 0 0 0 0 0 
1 0.650203 0.278862 0.055397 0.003429 7.4e-05 0 0 0 0 0 0 0 0 0 0 0 0 0 0 
1 0.65176 0.281995 0.057573 0.00352 5.3e-05 0 0 0 0 0 0 0 0 0 0 0 0 0 0 
1 0.650363 0.280148 0.056188 0.00334 5.3e-05 0 0 0 0 0 0 0 0 0 0 0 0 0 0 
1 0.651196 0.280534 0.056975 0.003612 7.7e-05 3e-06 0 0 0 0 0 0 0 0 0 0 0 0 0 
1 0.651173 0.280383 0.05654 0.003542 7.7e-05 1e-06 0 0 0 0 0 0 0 0 0 0 0 0 0 
1 0.648708 0.277727 0.055282 0.003233 5.3e-05 0 0 0 0 0 0 0 0 0 0 0 0 0 0 
1 0.649164 0.278976 0.055917 0.003457 7.2e-05 6e-06 2e-06 0 0 0 0 0 0 0 0 0 0 0 0 
1 0.649831 0.279529 0.055942 0.003342 7.7e-05 2e-06 0 0 0 0 0 0 0 0 0 0 0 0 0 
1 0.650487 0.278466 0.055348 0.003173 6.4e-05 0 0 0 0 0 0 0 0 0 0 0 0 0 0 
1 0.647369 0.27584 0.054598 0.003109 7e-05 0 0 0 0 0 0 0 0 0 0 0 0 0 0 
1 0.651282 0.280561 0.056559 0.003534 7.4e-05 0 0 0 0 0 0 0 0 0 0 0 0 0 0 
1 0.649484 0.278392 0.055573 0.003245 4.3e-05 0 0 0 0 0 0 0 0 0 0 0 0 0 0 
1 0.649742 0.27908 0.055958 0.003329 7e-05 1e-06 0 0 0 0 0 0 0 0 0 0 0 0 0 
1 0.651386 0.280554 0.056162 0.003525 7.8e-05 1e-06 0 0 0 0 0 0 0 0 0 0 0 0 0 
1 0.651421 0.281167 0.056427 0.003457 8.3e-05 2e-06 0 0 0 0 0 0 0 0 0 0 0 0 0 
1 0.650203 0.278324 0.055586 0.00348 7.3e-05 5e-06 0 0 0 0 0 0 0 0 0 0 0 0 0 
1 0.65266 0.281229 0.056659 0.003567 6e-05 1e-06 0 0 0 0 0 0 0 0 0 0 0 0 0 
1 0.647577 0.276153 0.054698 0.003345 8.7e-05 4e-06 0 0 0 0 0 0 0 0 0 0 0 0 0 
1 0.649679 0.27897 0.056186 0.003451 0.0001 1e-06 0 0 0 0 0 0 0 0 0 0 0 0 0 
1 0.651585 0.281283 0.056848 0.003405 5.7e-05 0 0 0 0 0 0 0 0 0 0 0 0 0 0 
1 0.64904 0.27641 0.054545 0.003289 7e-05 0 0 0 0 0 0 0 0 0 0 0 0 0 0 
1 0.649398 0.278316 0.05576 0.003333 7.9e-05 0 0 0 0 0 0 0 0 0 0 0 0 0 0 
1 0.648053 0.27682 0.055056 0.003372 7.3e-05 3e-06 0 0 0 0 0 0 0 0 0 0 0 0 0 
1 0.649868 0.278789 0.055332 0.003303 5.8e-05 2e-06 1e-06 0 0 0 0 0 0 0 0 0 0 0 0 
1 0.64943 0.277597 0.055556 0.003438 4.4e-05 1e-06 0 0 0 0 0 0 0 0 0 0 0 0 0 
1 0.65006 0.278473 0.055726 0.003471 8e-05 2e-06 0 0 0 0 0 0 0 0 0 0 0 0 0 
1 0.649066 0.276674 0.054802 0.003331 5.9e-05 0 0 0 0 0 0 0 0 0 0 0 0 0 0 
1 0.647976 0.276252 0.054438 0.003343 6.2e-05 2e-06 0 0 0 0 0 0 0 0 0 0 0 0 0 
1 0.649168 0.2774 0.055626 0.003194 6.6e-05 0 0 0 0 0 0 0 0 0 0 0 0 0 0 
1 0.649016 0.278693 0.055626 0.003334 4.9e-05 0 0 0 0 0 0 0 0 0 0 0 0 0 0 
1 0.650026 0.278484 0.055433 0.003384 6.8e-05 3e-06 0 0 0 0 0 0 0 0 0 0 0 0 0 
1 0.650141 0.279072 0.05595 0.003344 6.3e-05 0 0 0 0 0 0 0 0 0 0 0 0 0 0 
1 0.651206 0.279968 0.055973 0.003397 4.8e-05 0 0 0 0 0 0 0 0 0 0 0 0 0 0 
1 0.648091 0.276351 0.054532 0.003257 6.7e-05 1e-06 0 0 0 0 0 0 0 0 0 0 0 0 0 
1 0.650183 0.280202 0.05611 0.003396 7e-05 0 0 0 0 0 0 0 0 0 0 0 0 0 0 
1 0.648868 0.277542 0.055257 0.003333 4.9e-05 0 0 0 0 0 0 0 0 0 0 0 0 0 0 
1 0.649976 0.279887 0.056218 0.003411 6.9e-05 1e-06 0 0 0 0 0 0 0 0 0 0 0 0 0 
1 0.650895 0.280172 0.056445 0.003352 6e-05 0 0 0 0 0 0 0 0 0 0 0 0 0 0 
1 0.652141 0.280444 0.056303 0.003476 6.2e-05 0 0 0 0 0 0 0 0 0 0 0 0 0 0 
1 0.651499 0.281185 0.056908 0.003656 5.8e-05 0 0 0 0 0 0 0 0 0 0 0 0 0 0 
1 0.649074 0.278037 0.055303 0.003352 8.7e-05 0 0 0 0 0 0 0 0 0 0 0 0 0 0 
1 0.650064 0.280062 0.056289 0.003392 4.4e-05 0 0 0 0 0 0 0 0 0 0 0 0 0 0 
1 0.649455 0.277763 0.055134 0.003419 7.2e-05 0 0 0 0 0 0 0 0 0 0 0 0 0 0 
1 0.650315 0.280045 0.05635 0.003651 7.6e-05 2e-06 0 0 0 0 0 0 0 0 0 0 0 0 0 
1 0.649775 0.279562 0.056057 0.003388 7.1e-05 1e-06 0 0 0 0 0 0 0 0 0 0 0 0 0 
1 0.649069 0.277087 0.055194 0.003128 6.5e-05 2e-06 0 0 0 0 0 0 0 0 0 0 0 0 0 
1 0.649842 0.278544 0.055132 0.003316 5.1e-05 0 0 0 0 0 0 0 0 0 0 0 0 0 0 
1 0.648253 0.277018 0.055267 0.003302 5.9e-05 1e-06 0 0 0 0 0 0 0 0 0 0 0 0 0 
1 0.650436 0.279303 0.056519 0.003547 8.5e-05 3e-06 0 0 0 0 0 0 0 0 0 0 0 0 0 
1 0.649421 0.278936 0.055474 0.003354 7.6e-05 0 0 0 0 0 0 0 0 0 0 0 0 0 0 
1 0.650124 0.2791 0.055784 0.003397 6.4e-05 2e-06 0 0 0 0 0 0 0 0 0 0 0 0 0 
1 0.649602 0.278546 0.056102 0.003482 6.9e-05 1e-06 0 0 0 0 0 0 0 0 0 0 0 0 0 
1 0.649949 0.278188 0.055149 0.003266 6.6e-05 1e-06 0 0 0 0 0 0 0 0 0 0 0 0 0 
1 0.651293 0.280423 0.056459 0.003387 8.6e-05 1e-06 0 0 0 0 0 0 0 0 0 0 0 0 0 
1 0.649056 0.277248 0.054794 0.003231 5.7e-05 0 0 0 0 0 0 0 0 0 0 0 0 0 0 
1 0.650242 0.279912 0.056232 0.003473 5.6e-05 0 0 0 0 0 0 0 0 0 0 0 0 0 0 
1 0.648945 0.277631 0.055947 0.003276 6.2e-05 0 0 0 0 0 0 0 0 0 0 0 0 0 0 
1 0.650161 0.278488 0.055874 0.003379 5.2e-05 6e-06 0 0 0 0 0 0 0 0 0 0 0 0 0 
1 0.649337 0.277289 0.055246 0.003271 6.1e-05 0 0 0 0 0 0 0 0 0 0 0 0 0 0 
1 0.65119 0.281007 0.057103 0.003736 8.3e-05 0 0 0 0 0 0 0 0 0 0 0 0 0 0 
1 0.651883 0.281424 0.056946 0.003741 7.7e-05 2e-06 0 0 0 0 0 0 0 0 0 0 0 0 0 
1 0.649578 0.279272 0.055457 0.003275 5.9e-05 3e-06 0 0 0 0 0 0 0 0 0 0 0 0 0 
1 0.650626 0.279288 0.055755 0.003216 5.3e-05 1e-06 0 0 0 0 0 0 0 0 0 0 0 0 0 
1 0.649776 0.277834 0.055507 0.00332 5e-05 2e-06 0 0 0 0 0 0 0 0 0 0 0 0 0 
1 0.650288 0.279801 0.056355 0.003437 0.000104 6e-06 0 0 0 0 0 0 0 0 0 0 0 0 0 
1 0.650653 0.279511 0.056155 0.003512 5.6e-05 1e-06 0 0 0 0 0 0 0 0 0 0 0 0 0 
1 0.649196 0.277978 0.055685 0.003323 7e-05 0 0 0 0 0 0 0 0 0 0 0 0 0 0 
1 0.649691 0.278402 0.055873 0.003453 6.2e-05 0 0 0 0 0 0 0 0 0 0 0 0 0 0 
1 0.649602 0.278441 0.055439 0.003349 6.6e-05 0 0 0 0 0 0 0 0 0 0 0 0 0 0 
1 0.650783 0.279113 0.055458 0.003238 7.1e-05 0 0 0 0 0 0 0 0 0 0 0 0 0 0 
1 0.64991 0.278706 0.05588 0.00335 6.8e-05 0 0 0 0 0 0 0 0 0 0 0 0 0 0 
1 0.650971 0.280671 0.056562 0.00346 9.3e-05 0 0 0 0 0 0 0 0 0 0 0 0 0 0 
1 0.650702 0.280038 0.056061 0.003416 5e-05 0 0 0 0 0 0 0 0 0 0 0 0 0 0 
1 0.649877 0.278548 0.055064 0.003341 6.3e-05 0 0 0 0 0 0 0 0 0 0 0 0 0 0 
1 0.649473 0.278757 0.055528 0.003356 7e-05 0 0 0 0 0 0 0 0 0 0 0 0 0 0 
1 0.649659 0.278529 0.055358 0.003393 5.9e-05 0 0 0 0 0 0 0 0 0 0 0 0 0 0 
1 0.650273 0.280125 0.055862 0.003372 6.8e-05 1e-06 0 0 0 0 0 0 0 0 0 0 0 0 0 
1 0.649671 0.277687 0.055315 0.003274 6e-05 0 0 0 0 0 0 0 0 0 0 0 0 0 0 
1 0.651911 0.280386 0.05616 0.003372 6.4e-05 3e-06 0 0 0 0 0 0 0 0 0 0 0 0 0 
1 0.650032 0.279373 0.05628 0.003505 7.1e-05 0 0 0 0 0 0 0 0 0 0 0 0 0 0 
1 0.648673 0.276275 0.054558 0.003098 4.4e-05 1e-06 0 0 0 0 0 0 0 0 0 0 0 0 0 
1 0.648798 0.27801 0.055037 0.003224 6.8e-05 0 0 0 0 0 0 0 0 0 0 0 0 0 0 
1 0.651198 0.279916 0.056509 0.003507 7.6e-05 1e-06 0 0 0 0 0 0 0 0 0 0 0 0 0 
1 0.648388 0.277749 0.055334 0.003348 6.3e-05 1e-06 0 0 0 0 0 0 0 0 0 0 0 0 0 
1 0.650469 0.279231 0.05594 0.003371 6e-05 0 0 0 0 0 0 0 0 0 0 0 0 0 0 
1 0.650452 0.279795 0.056121 0.003437 8e-05 0 0 0 0 0 0 0 0 0 0 0 0 0 0 
1 0.648498 0.277595 0.055073 0.003263 7.3e-05 0 0 0 0 0 0 0 0 0 0 0 0 0 0 
1 0.650305 0.279377 0.056012 0.003311 7.2e-05 2e-06 0 0 0 0 0 0 0 0 0 0 0 0 0 
1 0.649257 0.278303 0.055122 0.003393 7e-05 0 0 0 0 0 0 0 0 0 0 0 0 0 0 
1 0.649018 0.276782 0.054475 0.003225 6.4e-05 1e-06 0 0 0 0 0 0 0 0 0 0 0 0 0 
1 0.650667 0.279786 0.056257 0.003292 4.9e-05 0 0 0 0 0 0 0 0 0 0 0 0 0 0 
1 0.649248 0.2784 0.05498 0.003254 4.7e-05 0 0 0 0 0 0 0 0 0 0 0 0 0 0 
1 0.649048 0.277037 0.054149 0.003166 6.7e-05 4e-06 0 0 0 0 0 0 0 0 0 0 0 0 0 
1 0.647951 0.276176 0.054595 0.003255 4.6e-05 0 0 0 0 0 0 0 0 0 0 0 0 0 0 
1 0.650952 0.279424 0.055815 0.003502 5.4e-05 0 0 0 0 0 0 0 0 0 0 0 0 0 0 
1 0.650287 0.278673 0.055976 0.003297 6.1e-05 1e-06 0 0 0 0 0 0 0 0 0 0 0 0 0 
1 0.647709 0.274805 0.053988 0.003163 6.6e-05 1e-06 0 0 0 0 0 0 0 0 0 0 0 0 0 
1 0.650238 0.278893 0.055834 0.003418 7e-05 0 0 0 0 0 0 0 0 0 0 0 0 0 0 
1 0.648947 0.277477 0.055527 0.00356 7.6e-05 0 0 0 0 0 0 0 0 0 0 0 0 0 0 
1 0.650417 0.279713 0.056061 0.003427 6.5e-05 0 0 0 0 0 0 0 0 0 0 0 0 0 0 
1 0.650261 0.279301 0.056165 0.003481 8.6e-05 2e-06 0 0 0 0 0 0 0 0 0 0 0 0 0 
1 0.649035 0.276311 0.054672 0.00315 4.6e-05 3e-06 0 0 0 0 0 0 0 0 0 0 0 0 0 
1 0.649083 0.277966 0.055217 0.003235 6.7e-05 0 0 0 0 0 0 0 0 0 0 0 0 0 0 
1 0.648767 0.277498 0.05484 0.0032 6.6e-05 0 0 0 0 0 0 0 0 0 0 0 0 0 0 
1 0.650998 0.281157 0.0574 0.003676 8.1e-05 0 0 0 0 0 0 0 0 0 0 0 0 0 0 
1 0.649623 0.278785 0.055958 0.003379 6.1e-05 0 0 0 0 0 0 0 0 0 0 0 0 0 0 
1 0.650324 0.281017 0.056639 0.0036 7.1e-05 1e-06 0 0 0 0 0 0 0 0 0 0 0 0 0 
1 0.649647 0.278538 0.055976 0.003358 6.5e-05 1e-06 0 0 0 0 0 0 0 0 0 0 0 0 0 
1 0.649574 0.278503 0.056019 0.003362 7.1e-05 2e-06 0 0 0 0 0 0 0 0 0 0 0 0 0 
1 0.648615 0.27769 0.05497 0.003153 5.8e-05 2e-06 0 0 0 0 0 0 0 0 0 0 0 0 0 
1 0.651682 0.282238 0.057002 0.003422 7.2e-05 1e-06 0 0 0 0 0 0 0 0 0 0 0 0 0 
1 0.650538 0.279819 0.056563 0.003422 7.2e-05 1e-06 0 0 0 0 0 0 0 0 0 0 0 0 0 
1 0.650278 0.279368 0.055635 0.003321 7.5e-05 0 0 0 0 0 0 0 0 0 0 0 0 0 0 
1 0.647691 0.276589 0.054569 0.003322 3.9e-05 1e-06 0 0 0 0 0 0 0 0 0 0 0 0 0 
1 0.648436 0.277858 0.055715 0.00346 6.6e-05 2e-06 0 0 0 0 0 0 0 0 0 0 0 0 0 
1 0.650527 0.279588 0.056201 0.003377 5.8e-05 1e-06 0 0 0 0 0 0 0 0 0 0 0 0 0 
1 0.6504 0.279379 0.056093 0.003329 6e-05 0 0 0 0 0 0 0 0 0 0 0 0 0 0 
1 0.648734 0.277254 0.055334 0.003258 7.2e-05 1e-06 0 0 0 0 0 0 0 0 0 0 0 0 0 
1 0.649961 0.279165 0.056282 0.003497 9e-05 0 0 0 0 0 0 0 0 0 0 0 0 0 0 
1 0.650838 0.279524 0.055922 0.003513 8.2e-05 3e-06 0 0 0 0 0 0 0 0 0 0 0 0 0 
1 0.648313 0.276463 0.054578 0.003294 5e-05 3e-06 0 0 0 0 0 0 0 0 0 0 0 0 0 
1 0.647753 0.275346 0.053907 0.003055 6.8e-05 0 0 0 0 0 0 0 0 0 0 0 0 0 0 
1 0.649138 0.277234 0.05441 0.003179 7.2e-05 0 0 0 0 0 0 0 0 0 0 0 0 0 0 
1 0.651314 0.282034 0.056939 0.003407 6e-05 0 0 0 0 0 0 0 0 0 0 0 0 0 0 
1 0.650467 0.279841 0.055921 0.0033 7.7e-05 1e-06 0 0 0 0 0 0 0 0 0 0 0 0 0 
1 0.649243 0.278161 0.055361 0.003397 6.7e-05 0 0 0 0 0 0 0 0 0 0 0 0 0 0 
1 0.650414 0.278461 0.055412 0.003433 7.9e-05 1e-06 0 0 0 0 0 0 0 0 0 0 0 0 0 
1 0.65051 0.280877 0.057045 0.003565 9.9e-05 2e-06 0 0 0 0 0 0 0 0 0 0 0 0 0 
1 0.648761 0.277604 0.054919 0.003303 6.5e-05 0 0 0 0 0 0 0 0 0 0 0 0 0 0 
1 0.648735 0.277514 0.054907 0.003089 5.4e-05 0 0 0 0 0 0 0 0 0 0 0 0 0 0 
1 0.65128 0.279501 0.055972 0.003353 6.4e-05 0 0 0 0 0 0 0 0 0 0 0 0 0 0 
1 0.650823 0.279702 0.056117 0.003363 5.5e-05 1e-06 0 0 0 0 0 0 0 0 0 0 0 0 0 
1 0.649394 0.278792 0.055947 0.003368 8.4e-05 0 0 0 0 0 0 0 0 0 0 0 0 0 0 
1 0.650921 0.280414 0.056394 0.003415 5.8e-05 1e-06 0 0 0 0 0 0 0 0 0 0 0 0 0 
1 0.649524 0.278726 0.056387 0.003464 6.7e-05 0 0 0 0 0 0 0 0 0 0 0 0 0 0 
1 0.650143 0.278476 0.055431 0.003402 9.9e-05 1e-06 0 0 0 0 0 0 0 0 0 0 0 0 0 
1 0.648352 0.277101 0.054983 0.003263 7.8e-05 0 0 0 0 0 0 0 0 0 0 0 0 0 0 
1 0.651072 0.280311 0.056324 0.003267 5.9e-05 0 0 0 0 0 0 0 0 0 0 0 0 0 0 
1 0.648846 0.278449 0.056028 0.003386 9.2e-05 1e-06 0 0 0 0 0 0 0 0 0 0 0 0 0 
1 0.650736 0.278282 0.05575 0.003326 5.4e-05 0 0 0 0 0 0 0 0 0 0 0 0 0 0 
1 0.649305 0.277323 0.055927 0.003507 7.9e-05 2e-06 0 0 0 0 0 0 0 0 0 0 0 0 0 
1 0.651205 0.281702 0.057262 0.003482 6.5e-05 0 0 0 0 0 0 0 0 0 0 0 0 0 0 
1 0.649343 0.277399 0.054792 0.003085 7.6e-05 0 0 0 0 0 0 0 0 0 0 0 0 0 0 
1 0.64805 0.276584 0.054499 0.003123 5.2e-05 1e-06 0 0 0 0 0 0 0 0 0 0 0 0 0 
1 0.650883 0.279656 0.05565 0.00327 4.9e-05 1e-06 0 0 0 0 0 0 0 0 0 0 0 0 0 
1 0.64941 0.279235 0.055831 0.003468 5.8e-05 0 0 0 0 0 0 0 0 0 0 0 0 0 0 
1 0.65081 0.278148 0.05568 0.00343 7.3e-05 2e-06 0 0 0 0 0 0 0 0 0 0 0 0 0 
1 0.65137 0.278939 0.055289 0.003199 6.8e-05 0 0 0 0 0 0 0 0 0 0 0 0 0 0 
1 0.649383 0.278462 0.05548 0.003223 6.7e-05 0 0 0 0 0 0 0 0 0 0 0 0 0 0 
1 0.651283 0.281443 0.056908 0.003401 7.1e-05 0 0 0 0 0 0 0 0 0 0 0 0 0 0 
1 0.649739 0.278804 0.055669 0.003274 6.2e-05 0 0 0 0 0 0 0 0 0 0 0 0 0 0 
1 0.649286 0.277678 0.054952 0.003307 5.4e-05 1e-06 0 0 0 0 0 0 0 0 0 0 0 0 0 
1 0.650793 0.280432 0.056861 0.003472 6.7e-05 2e-06 0 0 0 0 0 0 0 0 0 0 0 0 0 
1 0.650722 0.280608 0.056856 0.003611 7.9e-05 2e-06 0 0 0 0 0 0 0 0 0 0 0 0 0 
1 0.650874 0.280632 0.056436 0.003513 8.3e-05 0 0 0 0 0 0 0 0 0 0 0 0 0 0 
1 0.650111 0.279341 0.055364 0.003224 5.9e-05 1e-06 0 0 0 0 0 0 0 0 0 0 0 0 0 
1 0.647747 0.275945 0.054711 0.003325 6.7e-05 1e-06 0 0 0 0 0 0 0 0 0 0 0 0 0 
1 0.649211 0.279002 0.05597 0.003313 7.4e-05 1e-06 0 0 0 0 0 0 0 0 0 0 0 0 0 
1 0.649745 0.27977 0.055893 0.003439 7.1e-05 1e-06 0 0 0 0 0 0 0 0 0 0 0 0 0 
1 0.649824 0.278595 0.054901 0.003175 4.2e-05 2e-06 0 0 0 0 0 0 0 0 0 0 0 0 0 
1 0.650792 0.279605 0.056338 0.003487 6.7e-05 2e-06 0 0 0 0 0 0 0 0 0 0 0 0 0 
1 0.649688 0.278446 0.055673 0.00347 6.3e-05 0 0 0 0 0 0 0 0 0 0 0 0 0 0 
1 0.649997 0.277417 0.054987 0.00322 5.1e-05 0 0 0 0 0 0 0 0 0 0 0 0 0 0 
1 0.65118 0.280794 0.056544 0.003464 6.6e-05 0 0 0 0 0 0 0 0 0 0 0 0 0 0 
1 0.649863 0.28007 0.05607 0.003384 5.9e-05 0 0 0 0 0 0 0 0 0 0 0 0 0 0 
1 0.650387 0.278802 0.055204 0.003181 6.4e-05 0 0 0 0 0 0 0 0 0 0 0 0 0 0 
1 0.648806 0.276905 0.054965 0.003193 5.9e-05 0 0 0 0 0 0 0 0 0 0 0 0 0 0 
1 0.650585 0.27936 0.056075 0.003409 5.1e-05 1e-06 0 0 0 0 0 0 0 0 0 0 0 0 0 
1 0.651433 0.281235 0.056663 0.003504 4.5e-05 0 0 0 0 0 0 0 0 0 0 0 0 0 0 
1 0.651054 0.28015 0.056736 0.003669 6.9e-05 3e-06 0 0 0 0 0 0 0 0 0 0 0 0 0 
1 0.650535 0.280248 0.056712 0.003537 7.4e-05 1e-06 0 0 0 0 0 0 0 0 0 0 0 0 0 
1 0.649483 0.27803 0.055194 0.003363 5.6e-05 0 0 0 0 0 0 0 0 0 0 0 0 0 0 
1 0.652284 0.281944 0.056516 0.003565 8e-05 0 0 0 0 0 0 0 0 0 0 0 0 0 0 
1 0.650842 0.280223 0.056119 0.003368 8.8e-05 0 0 0 0 0 0 0 0 0 0 0 0 0 0 
1 0.649741 0.27819 0.055084 0.003268 5.4e-05 0 0 0 0 0 0 0 0 0 0 0 0 0 0 
1 0.650824 0.279578 0.055797 0.003314 5.8e-05 1e-06 0 0 0 0 0 0 0 0 0 0 0 0 0 
1 0.649735 0.278851 0.05612 0.003556 8e-05 0 0 0 0 0 0 0 0 0 0 0 0 0 0 
1 0.650335 0.278672 0.056193 0.003482 7.5e-05 1e-06 0 0 0 0 0 0 0 0 0 0 0 0 0 
1 0.650873 0.279524 0.056043 0.003446 5.9e-05 1e-06 0 0 0 0 0 0 0 0 0 0 0 0 0 
1 0.649786 0.277881 0.055788 0.003466 9.7e-05 1e-06 0 0 0 0 0 0 0 0 0 0 0 0 0 
1 0.651745 0.281284 0.057191 0.003603 6.5e-05 0 0 0 0 0 0 0 0 0 0 0 0 0 0 
1 0.65041 0.278799 0.055317 0.003309 5.7e-05 4e-06 0 0 0 0 0 0 0 0 0 0 0 0 0 
1 0.647418 0.27589 0.055144 0.003265 4.8e-05 0 0 0 0 0 0 0 0 0 0 0 0 0 0 
1 0.650555 0.279433 0.055978 0.003334 8.7e-05 2e-06 0 0 0 0 0 0 0 0 0 0 0 0 0 
1 0.649243 0.278586 0.055764 0.003322 6.9e-05 1e-06 0 0 0 0 0 0 0 0 0 0 0 0 0 
1 0.648454 0.278257 0.055169 0.003277 7.7e-05 0 0 0 0 0 0 0 0 0 0 0 0 0 0 
1 0.650771 0.278964 0.055936 0.003324 7.1e-05 0 0 0 0 0 0 0 0 0 0 0 0 0 0 
1 0.650841 0.281094 0.057039 0.003532 6.5e-05 0 0 0 0 0 0 0 0 0 0 0 0 0 0 
1 0.649447 0.278905 0.055702 0.003469 6.8e-05 0 0 0 0 0 0 0 0 0 0 0 0 0 0 
1 0.650676 0.279952 0.056317 0.003496 7.1e-05 0 0 0 0 0 0 0 0 0 0 0 0 0 0 
1 0.64862 0.278182 0.05628 0.003405 6.8e-05 1e-06 0 0 0 0 0 0 0 0 0 0 0 0 0 
1 0.650678 0.280283 0.056251 0.003457 5.8e-05 0 0 0 0 0 0 0 0 0 0 0 0 0 0 
1 0.650982 0.280444 0.05656 0.003389 5.4e-05 2e-06 0 0 0 0 0 0 0 0 0 0 0 0 0 
1 0.650235 0.279643 0.056313 0.003389 6.7e-05 0 0 0 0 0 0 0 0 0 0 0 0 0 0 
1 0.650211 0.279576 0.056644 0.00353 8.6e-05 0 0 0 0 0 0 0 0 0 0 0 0 0 0 
1 0.649283 0.277462 0.055029 0.003252 5.1e-05 0 0 0 0 0 0 0 0 0 0 0 0 0 0 
1 0.650375 0.280172 0.055942 0.003426 7e-05 0 0 0 0 0 0 0 0 0 0 0 0 0 0 
1 0.651392 0.279961 0.056853 0.003535 7.8e-05 0 0 0 0 0 0 0 0 0 0 0 0 0 0 
1 0.649654 0.278178 0.055918 0.00346 6.8e-05 1e-06 0 0 0 0 0 0 0 0 0 0 0 0 0 
1 0.648087 0.276538 0.055175 0.003263 5.5e-05 0 0 0 0 0 0 0 0 0 0 0 0 0 0 
1 0.649977 0.27887 0.055481 0.003432 6e-05 1e-06 0 0 0 0 0 0 0 0 0 0 0 0 0 
1 0.647923 0.276728 0.054636 0.003437 5.9e-05 2e-06 0 0 0 0 0 0 0 0 0 0 0 0 0 
1 0.648841 0.277205 0.055574 0.003396 6.5e-05 0 0 0 0 0 0 0 0 0 0 0 0 0 0 
1 0.649192 0.278091 0.05547 0.003231 6.3e-05 2e-06 0 0 0 0 0 0 0 0 0 0 0 0 0 
1 0.649848 0.278254 0.055616 0.003346 8.8e-05 0 0 0 0 0 0 0 0 0 0 0 0 0 0 
1 0.652232 0.280898 0.05681 0.003525 5.5e-05 0 0 0 0 0 0 0 0 0 0 0 0 0 0 
1 0.649096 0.27719 0.055032 0.003268 6.9e-05 8e-06 0 0 0 0 0 0 0 0 0 0 0 0 0 
1 0.650284 0.278822 0.055427 0.003362 5.6e-05 0 0 0 0 0 0 0 0 0 0 0 0 0 0 
1 0.650077 0.278811 0.056368 0.003426 6.6e-05 0 0 0 0 0 0 0 0 0 0 0 0 0 0 
1 0.650575 0.279766 0.056056 0.003303 5.3e-05 0 0 0 0 0 0 0 0 0 0 0 0 0 0 
1 0.651439 0.28081 0.056182 0.003456 7.2e-05 1e-06 0 0 0 0 0 0 0 0 0 0 0 0 0 
1 0.649664 0.2777 0.055108 0.00331 7.1e-05 0 0 0 0 0 0 0 0 0 0 0 0 0 0 
1 0.650927 0.279879 0.056726 0.003458 9.1e-05 0 0 0 0 0 0 0 0 0 0 0 0 0 0 
1 0.650335 0.278946 0.055876 0.00346 6.7e-05 0 0 0 0 0 0 0 0 0 0 0 0 0 0 
1 0.650353 0.279861 0.055755 0.003415 5.6e-05 0 0 0 0 0 0 0 0 0 0 0 0 0 0 
1 0.649915 0.279163 0.055675 0.003489 7.9e-05 0 0 0 0 0 0 0 0 0 0 0 0 0 0 
1 0.648572 0.277563 0.055716 0.00342 5.3e-05 0 0 0 0 0 0 0 0 0 0 0 0 0 0 
1 0.649814 0.278697 0.056055 0.003508 8.3e-05 2e-06 0 0 0 0 0 0 0 0 0 0 0 0 0 
1 0.649064 0.278113 0.05515 0.003383 6e-05 0 0 0 0 0 0 0 0 0 0 0 0 0 0 
1 0.649018 0.277316 0.055322 0.003325 4.8e-05 3e-06 1e-06 0 0 0 0 0 0 0 0 0 0 0 0 
1 0.650018 0.277937 0.055249 0.003135 6.3e-05 4e-06 0 0 0 0 0 0 0 0 0 0 0 0 0 
1 0.650489 0.278917 0.055587 0.003181 6.2e-05 0 0 0 0 0 0 0 0 0 0 0 0 0 0 
1 0.650824 0.28038 0.056534 0.003423 7.9e-05 1e-06 0 0 0 0 0 0 0 0 0 0 0 0 0 
1 0.648683 0.278444 0.055154 0.00321 4.9e-05 2e-06 0 0 0 0 0 0 0 0 0 0 0 0 0 
1 0.649647 0.279164 0.056042 0.003282 6.1e-05 0 0 0 0 0 0 0 0 0 0 0 0 0 0 
1 0.650807 0.280558 0.056824 0.00353 7.3e-05 2e-06 0 0 0 0 0 0 0 0 0 0 0 0 0 
1 0.648369 0.277327 0.054936 0.003248 7.1e-05 1e-06 0 0 0 0 0 0 0 0 0 0 0 0 0 
1 0.649795 0.278887 0.056429 0.003367 7e-05 2e-06 0 0 0 0 0 0 0 0 0 0 0 0 0 
1 0.650195 0.278626 0.055384 0.003413 7.7e-05 0 0 0 0 0 0 0 0 0 0 0 0 0 0 
1 0.649845 0.279486 0.056539 0.003358 7.5e-05 0 0 0 0 0 0 0 0 0 0 0 0 0 0 
1 0.65089 0.278896 0.055529 0.003225 7.1e-05 1e-06 0 0 0 0 0 0 0 0 0 0 0 0 0 
1 0.649601 0.278258 0.055669 0.003429 5.8e-05 0 0 0 0 0 0 0 0 0 0 0 0 0 0 
1 0.648493 0.277849 0.055433 0.00325 7e-05 1e-06 0 0 0 0 0 0 0 0 0 0 0 0 0 
1 0.64888 0.276724 0.055095 0.00327 6.7e-05 0 0 0 0 0 0 0 0 0 0 0 0 0 0 
1 0.648789 0.278115 0.055567 0.003385 6.2e-05 0 0 0 0 0 0 0 0 0 0 0 0 0 0 
1 0.650823 0.280836 0.05658 0.003467 7.6e-05 0 0 0 0 0 0 0 0 0 0 0 0 0 0 
1 0.650567 0.279904 0.056463 0.003374 7.5e-05 0 0 0 0 0 0 0 0 0 0 0 0 0 0 
1 0.650517 0.27942 0.056142 0.003413 6.4e-05 0 0 0 0 0 0 0 0 0 0 0 0 0 0 
1 0.648589 0.2779 0.055139 0.003452 8.8e-05 0 0 0 0 0 0 0 0 0 0 0 0 0 0 
1 0.648557 0.277153 0.054981 0.003223 6.7e-05 0 0 0 0 0 0 0 0 0 0 0 0 0 0 
1 0.650656 0.279654 0.055973 0.003284 8.6e-05 2e-06 0 0 0 0 0 0 0 0 0 0 0 0 0 
1 0.64971 0.279081 0.05562 0.003306 5.7e-05 1e-06 0 0 0 0 0 0 0 0 0 0 0 0 0 
1 0.649397 0.277883 0.055214 0.003286 7.1e-05 2e-06 0 0 0 0 0 0 0 0 0 0 0 0 0 
1 0.651074 0.28048 0.056825 0.003428 5.3e-05 0 0 0 0 0 0 0 0 0 0 0 0 0 0 
1 0.650788 0.279629 0.055818 0.003498 8.4e-05 1e-06 0 0 0 0 0 0 0 0 0 0 0 0 0 
1 0.649921 0.279526 0.056174 0.003336 7.9e-05 1e-06 0 0 0 0 0 0 0 0 0 0 0 0 0 
1 0.652503 0.281445 0.056429 0.003397 8e-05 3e-06 0 0 0 0 0 0 0 0 0 0 0 0 0 
1 0.650444 0.279246 0.055772 0.003417 7.1e-05 2e-06 0 0 0 0 0 0 0 0 0 0 0 0 0 
1 0.650863 0.280214 0.056178 0.003235 4.9e-05 0 0 0 0 0 0 0 0 0 0 0 0 0 0 
1 0.649625 0.277606 0.054837 0.003308 5.5e-05 0 0 0 0 0 0 0 0 0 0 0 0 0 0 
1 0.650975 0.279816 0.056293 0.003431 5.4e-05 1e-06 0 0 0 0 0 0 0 0 0 0 0 0 0 
1 0.648942 0.27719 0.055355 0.003351 6.4e-05 0 0 0 0 0 0 0 0 0 0 0 0 0 0 
1 0.650963 0.280294 0.056586 0.003494 8.9e-05 1e-06 0 0 0 0 0 0 0 0 0 0 0 0 0 
1 0.649083 0.277832 0.055265 0.003197 6.3e-05 2e-06 0 0 0 0 0 0 0 0 0 0 0 0 0 
1 0.650676 0.2793 0.056076 0.003483 9.2e-05 6e-06 0 0 0 0 0 0 0 0 0 0 0 0 0 
1 0.64878 0.278724 0.055998 0.003245 6.8e-05 0 0 0 0 0 0 0 0 0 0 0 0 0 0 
1 0.648275 0.27702 0.055148 0.003326 6.2e-05 0 0 0 0 0 0 0 0 0 0 0 0 0 0 
1 0.650235 0.279502 0.055927 0.003506 5.3e-05 0 0 0 0 0 0 0 0 0 0 0 0 0 0 
1 0.650829 0.27978 0.055762 0.003252 5.2e-05 0 0 0 0 0 0 0 0 0 0 0 0 0 0 
1 0.651729 0.280661 0.056863 0.003559 7.6e-05 1e-06 0 0 0 0 0 0 0 0 0 0 0 0 0 
1 0.649788 0.279928 0.055963 0.003454 7e-05 0 0 0 0 0 0 0 0 0 0 0 0 0 0 
1 0.651015 0.280088 0.056912 0.003498 6.2e-05 1e-06 0 0 0 0 0 0 0 0 0 0 0 0 0 
1 0.650499 0.278391 0.055423 0.003314 6.8e-05 0 0 0 0 0 0 0 0 0 0 0 0 0 0 
1 0.648709 0.278114 0.05584 0.003518 9e-05 3e-06 0 0 0 0 0 0 0 0 0 0 0 0 0 
1 0.650992 0.280173 0.056199 0.003469 6.1e-05 0 0 0 0 0 0 0 0 0 0 0 0 0 0 
1 0.648287 0.277726 0.05542 0.003381 8.3e-05 4e-06 0 0 0 0 0 0 0 0 0 0 0 0 0 
1 0.649888 0.279379 0.056035 0.003335 5.9e-05 0 0 0 0 0 0 0 0 0 0 0 0 0 0 
1 0.650507 0.278387 0.055303 0.003433 6e-05 0 0 0 0 0 0 0 0 0 0 0 0 0 0 
1 0.650747 0.279611 0.056323 0.003475 6.5e-05 3e-06 0 0 0 0 0 0 0 0 0 0 0 0 0 
1 0.649776 0.2792 0.05604 0.003412 6.7e-05 0 0 0 0 0 0 0 0 0 0 0 0 0 0 
1 0.648735 0.277189 0.055259 0.003245 5.3e-05 2e-06 0 0 0 0 0 0 0 0 0 0 0 0 0 
1 0.650711 0.278763 0.05636 0.003506 7.4e-05 0 0 0 0 0 0 0 0 0 0 0 0 0 0 
1 0.650684 0.279876 0.056498 0.003554 5.5e-05 2e-06 0 0 0 0 0 0 0 0 0 0 0 0 0 
1 0.650186 0.279415 0.055771 0.003285 6.9e-05 0 0 0 0 0 0 0 0 0 0 0 0 0 0 
1 0.649429 0.278338 0.055201 0.003279 6.4e-05 0 0 0 0 0 0 0 0 0 0 0 0 0 0 
