1 0.791445 0.614955 0.466885 0.340185 0.23177 0.13902 0.06415 0.005075 -0.037395 -0.06448 -0.080595 -0.090305 -0.094995 -0.097405 -0.09872 0.00032 0.00023 0.000135 0.00011 6.5e-05 4e-05 1e-05 5e-06 0 0 0 0 0 0 
1 0.79128 0.612715 0.46433 0.339395 0.2322 0.139785 0.0636 0.00448 -0.03818 -0.06597 -0.082365 -0.09147 -0.096195 -0.09822 -0.099165 -0.087245 0.00012 7.5e-05 4e-05 2.5e-05 1e-05 5e-06 0 0 0 0 0 0 0 
1 0.78867 0.610765 0.462645 0.33767 0.229945 0.138065 0.062335 0.003475 -0.0384 -0.06557 -0.0821 -0.091105 -0.093395 -0.09555 -0.09669 0.000185 8e-05 4e-05 2.5e-05 2e-05 1.5e-05 0 0 0 0 0 0 0 0 
1 0.79336 0.61797 0.47032 0.34371 0.23569 0.144205 0.066525 0.00663 -0.03647 -0.064935 -0.08181 -0.09117 -0.093435 -0.092745 -0.090835 -0.09134 -0.08338 -0.08347 3e-05 2e-05 1e-05 5e-06 5e-06 5e-06 0 0 0 0 0 
1 0.789865 0.61419 0.465015 0.33738 0.229005 0.136585 0.061245 0.00167 -0.039635 -0.06643 -0.082185 -0.091055 -0.09553 -0.097845 -0.099095 0.00015 6.5e-05 4e-05 2e-05 1e-05 0 0 0 0 0 0 0 0 0 
1 0.78922 0.61096 0.46213 0.336485 0.229545 0.137155 0.060665 0.001635 -0.04092 -0.06744 -0.08298 -0.091995 -0.09651 -0.06913 -0.060975 0.000215 0.00014 8e-05 3e-05 1e-05 5e-06 0 0 0 0 0 0 0 0 
1 0.789465 0.612475 0.463555 0.33813 0.229975 0.137205 0.06179 0.0024 -0.04003 -0.067515 -0.082925 -0.09164 -0.096005 -0.082205 -0.083075 -0.083565 0.0001 4.5e-05 1.5e-05 5e-06 5e-06 5e-06 0 0 0 0 0 0 0 
1 0.787525 0.61019 0.459465 0.3358 0.22915 0.136065 0.05929 0.000275 -0.042255 -0.06921 -0.08491 -0.093425 -0.097195 -0.08112 -0.081685 0.00013 8e-05 3e-05 1.5e-05 1e-05 0 0 0 0 0 0 0 0 0 
1 0.788605 0.611855 0.46183 0.334615 0.226935 0.135445 0.059395 0.000615 -0.040755 -0.06812 -0.084495 -0.092585 -0.09648 -0.08616 -0.086895 0.0001 6.5e-05 1.5e-05 1e-05 1e-05 0 0 0 0 0 0 0 0 0 
1 0.790005 0.61304 0.463525 0.33724 0.22917 0.13679 0.061285 0.001355 -0.040495 -0.06798 -0.08366 -0.09235 -0.09684 -0.09873 -0.09948 -0.09978 4.5e-05 1.5e-05 1e-05 5e-06 0 0 0 0 0 0 0 0 0 
1 0.790555 0.613175 0.4647 0.339225 0.232115 0.139245 0.06297 0.00301 -0.038795 -0.06611 -0.08219 -0.08349 -0.08811 -0.07395 -0.026315 -0.026535 -0.026605 7e-05 2.5e-05 1e-05 5e-06 0 0 0 0 0 0 0 0 
1 0.78844 0.61342 0.464445 0.337385 0.23096 0.13842 0.062005 0.00225 -0.039645 -0.0667 -0.083245 -0.08721 -0.091505 -0.09346 -0.058635 0.000155 0.0001 3.5e-05 1.5e-05 1e-05 0 0 0 0 0 0 0 0 0 
1 0.78849 0.611195 0.462485 0.335615 0.228275 0.137145 0.06093 0.001455 -0.04028 -0.06737 -0.083255 -0.0917 -0.09614 -0.09825 -0.09343 -0.071485 -0.07165 4.5e-05 2e-05 1e-05 5e-06 5e-06 5e-06 0 0 0 0 0 0 
1 0.78857 0.612015 0.461075 0.333795 0.225905 0.134465 0.05821 -0.001675 -0.043665 -0.069855 -0.08518 -0.09299 -0.076655 -0.078225 -0.06039 0.000145 9e-05 2.5e-05 2e-05 5e-06 5e-06 0 0 0 0 0 0 0 0 
1 0.786225 0.610105 0.458925 0.334545 0.226665 0.13506 0.0585 2e-05 -0.04116 -0.068045 -0.083975 -0.092475 -0.0882 -0.074275 0.000275 0.00016 6.5e-05 1e-05 5e-06 0 0 0 0 0 0 0 0 0 0 
1 0.78783 0.608305 0.45752 0.331725 0.224695 0.131805 0.056095 -0.002425 -0.04313 -0.06943 -0.084625 -0.09281 -0.09661 -0.098495 -0.09935 -0.099055 -0.099195 -0.099275 -0.0993 5e-06 5e-06 0 0 0 0 0 0 0 0 
1 0.78895 0.610565 0.46112 0.335645 0.229255 0.138245 0.06214 0.00264 -0.03966 -0.06638 -0.08243 -0.091215 -0.093545 -0.090165 -0.086455 -0.014615 -0.0148 -0.014875 6e-05 3e-05 5e-06 0 0 0 0 0 0 0 0 
1 0.78944 0.611545 0.46112 0.33477 0.227735 0.13507 0.05854 -0.000515 -0.04156 -0.068035 -0.083795 -0.09203 -0.094155 -0.09604 -0.081585 -0.04502 -0.045155 5e-05 2.5e-05 1.5e-05 1e-05 0 0 0 0 0 0 0 0 
1 0.79111 0.61512 0.46663 0.340415 0.234295 0.142635 0.06563 0.007205 -0.03605 -0.063885 -0.07781 -0.087085 -0.09194 -0.09067 -0.056325 0.000255 0.00012 7e-05 2.5e-05 2e-05 1e-05 5e-06 5e-06 0 0 0 0 0 0 
1 0.79222 0.615625 0.466535 0.340395 0.23179 0.139455 0.06224 0.00178 -0.040425 -0.066975 -0.083265 -0.09191 -0.093095 -0.09519 0.000385 0.000215 0.000125 7e-05 3.5e-05 5e-06 0 0 0 0 0 0 0 0 0 
1 0.789 0.612815 0.46324 0.33699 0.2289 0.13604 0.05906 -0.00016 -0.042385 -0.06892 -0.083875 -0.0922 -0.096525 -0.098665 -0.099425 0.000135 5e-05 2.5e-05 5e-06 0 0 0 0 0 0 0 0 0 0 
1 0.787605 0.609945 0.460045 0.33325 0.225075 0.135205 0.058125 -0.00099 -0.04231 -0.068415 -0.083635 -0.091685 -0.096075 -0.098195 -0.09917 0.000175 0.000105 5.5e-05 1.5e-05 0 0 0 0 0 0 0 0 0 0 
1 0.78737 0.60921 0.458255 0.33133 0.224025 0.13223 0.056555 -0.00218 -0.04324 -0.068925 -0.083875 -0.09224 -0.090015 -0.09202 -0.06982 -0.05118 6.5e-05 3.5e-05 2.5e-05 2e-05 1.5e-05 5e-06 5e-06 0 0 0 0 0 0 
1 0.790485 0.614545 0.467855 0.34151 0.23413 0.141975 0.06532 0.00534 -0.037875 -0.065885 -0.082285 -0.09158 -0.096215 -0.097655 -0.093255 -0.03534 3e-05 1e-05 5e-06 0 0 0 0 0 0 0 0 0 0 
1 0.788595 0.611355 0.459955 0.3335 0.22584 0.134305 0.057735 0.00047 -0.03966 -0.06657 -0.08248 -0.091245 -0.094155 -0.096285 -0.058265 0.00016 7.5e-05 3.5e-05 1.5e-05 5e-06 0 0 0 0 0 0 0 0 0 
1 0.79107 0.61606 0.46862 0.343345 0.2358 0.1433 0.066715 0.00605 -0.037395 -0.066345 -0.082765 -0.09184 -0.095925 -0.09016 -0.050765 -0.05102 -0.051155 6.5e-05 4e-05 3e-05 2e-05 1e-05 5e-06 0 0 0 0 0 0 
1 0.788335 0.611225 0.46162 0.33633 0.228935 0.13774 0.06216 0.003305 -0.03887 -0.066165 -0.082445 -0.09134 -0.09578 -0.088345 -0.07434 -0.074165 6.5e-05 6e-05 3e-05 2e-05 0 0 0 0 0 0 0 0 0 
1 0.7881 0.6092 0.460755 0.33501 0.228205 0.13718 0.060975 0.000955 -0.04159 -0.06848 -0.08418 -0.09266 -0.094915 -0.096615 -0.097455 8.5e-05 3.5e-05 2.5e-05 5e-06 5e-06 0 0 0 0 0 0 0 0 0 
1 0.78771 0.61083 0.460925 0.333035 0.22474 0.13399 0.05799 -0.00076 -0.04191 -0.068775 -0.084085 -0.08826 -0.09071 -0.061175 -0.06187 -0.06215 -0.02237 -0.02243 5.5e-05 3.5e-05 1.5e-05 1.5e-05 1.5e-05 1e-05 1e-05 5e-06 5e-06 0 0 
1 0.79186 0.614095 0.465505 0.340345 0.23135 0.139335 0.062085 0.00336 -0.039025 -0.06618 -0.08296 -0.091965 -0.096645 -0.03393 -0.03449 -0.034715 4.5e-05 1e-05 0 0 0 0 0 0 0 0 0 0 0 
1 0.79032 0.613375 0.467205 0.34155 0.23531 0.142915 0.065625 0.005385 -0.036995 -0.06432 -0.081315 -0.0909 -0.095615 -0.09233 0.000405 0.00022 0.000125 6e-05 3.5e-05 2e-05 1.5e-05 1.5e-05 1.5e-05 5e-06 5e-06 5e-06 0 0 0 
1 0.786835 0.607595 0.456045 0.330635 0.2227 0.131935 0.056265 -0.001725 -0.042675 -0.068575 -0.083255 -0.09191 -0.096075 -0.05906 -0.00684 -0.00705 -0.00715 5.5e-05 3.5e-05 1e-05 5e-06 5e-06 0 0 0 0 0 0 0 
1 0.790395 0.61242 0.46283 0.338445 0.23118 0.140445 0.064575 0.00462 -0.03926 -0.06711 -0.08374 -0.09262 -0.096895 -0.098725 -0.09951 6e-05 4e-05 2e-05 1e-05 0 0 0 0 0 0 0 0 0 0 
1 0.789225 0.610965 0.459975 0.333185 0.225555 0.132975 0.05719 -0.00091 -0.04252 -0.06914 -0.08446 -0.092355 -0.096315 -0.0825 0.000405 0.000195 0.000135 6.5e-05 4.5e-05 1e-05 5e-06 5e-06 5e-06 0 0 0 0 0 0 
1 0.789 0.61105 0.461895 0.334585 0.226985 0.135095 0.058985 -0.00121 -0.0423 -0.068815 -0.084425 -0.092465 -0.0968 -0.09885 0.000245 0.0001 4.5e-05 1.5e-05 1e-05 0 0 0 0 0 0 0 0 0 0 
1 0.790235 0.614705 0.466025 0.339925 0.231365 0.13916 0.063665 0.00334 -0.039165 -0.06653 -0.08288 -0.09205 -0.091775 -0.093785 -0.09472 -0.017445 7e-05 1.5e-05 0 0 0 0 0 0 0 0 0 0 0 
1 0.78864 0.61075 0.46288 0.337075 0.228095 0.13546 0.059645 0.00023 -0.041515 -0.06886 -0.08431 -0.09259 -0.096735 -0.095955 -0.096845 -0.097125 -0.097205 3.5e-05 1e-05 1e-05 0 0 0 0 0 0 0 0 0 
1 0.788605 0.61117 0.461775 0.336625 0.230635 0.138195 0.063125 0.00435 -0.03835 -0.066145 -0.082115 -0.09142 -0.09581 -0.098065 -0.03016 0.00018 0.00011 5.5e-05 3.5e-05 2.5e-05 1.5e-05 5e-06 0 0 0 0 0 0 0 
1 0.78849 0.61164 0.462155 0.33675 0.229675 0.13758 0.062935 0.004415 -0.038075 -0.06585 -0.082405 -0.08924 -0.093595 -0.09121 0.000395 0.000195 9.5e-05 6.5e-05 3e-05 2e-05 1e-05 5e-06 0 0 0 0 0 0 0 
1 0.788695 0.611405 0.461095 0.335315 0.228225 0.13615 0.05863 -0.001355 -0.04237 -0.068445 -0.084025 -0.09226 -0.096475 -0.0774 -0.07819 -0.07851 -0.07862 -0.07873 4e-05 2e-05 1e-05 1e-05 5e-06 0 0 0 0 0 0 
1 0.790115 0.614355 0.465535 0.337475 0.22971 0.138175 0.06223 0.00267 -0.039845 -0.067045 -0.083715 -0.092335 -0.096725 -0.09578 -0.082015 9e-05 3e-05 1e-05 0 0 0 0 0 0 0 0 0 0 0 
1 0.788085 0.61026 0.46168 0.334975 0.22842 0.137155 0.061065 0.00183 -0.04007 -0.066805 -0.082795 -0.09134 -0.09591 -0.0947 -0.09578 -0.09628 0.000165 8.5e-05 6.5e-05 3e-05 1.5e-05 5e-06 0 0 0 0 0 0 0 
1 0.7876 0.60979 0.459875 0.33325 0.225975 0.134005 0.0578 -0.000635 -0.04216 -0.06883 -0.084185 -0.09252 -0.096585 -0.082965 -0.06552 -0.06587 -0.06601 -0.06608 5.5e-05 5e-05 3.5e-05 2e-05 1.5e-05 5e-06 0 0 0 0 0 
1 0.79367 0.617655 0.4708 0.34509 0.23821 0.146365 0.06897 0.009615 -0.0338 -0.062795 -0.080115 -0.08971 -0.09489 -0.09759 -0.067065 -0.05466 -0.054885 9.5e-05 4.5e-05 1.5e-05 5e-06 5e-06 5e-06 5e-06 5e-06 0 0 0 0 
1 0.79046 0.613935 0.464 0.336635 0.228855 0.137005 0.060655 0.00141 -0.040415 -0.06766 -0.08337 -0.091675 -0.096045 -0.09817 -0.09922 0.000165 9.5e-05 6.5e-05 3e-05 2e-05 1.5e-05 1e-05 1e-05 5e-06 0 0 0 0 0 
1 0.78923 0.60973 0.45956 0.33289 0.224975 0.134325 0.058905 -0.00034 -0.041855 -0.06887 -0.08381 -0.092195 -0.096435 -0.098275 -0.099365 0.000125 8.5e-05 5e-05 2.5e-05 1.5e-05 5e-06 0 0 0 0 0 0 0 0 
1 0.78709 0.608845 0.45847 0.33257 0.225955 0.13457 0.058585 -0.00089 -0.04199 -0.068895 -0.08413 -0.09247 -0.096325 -0.098395 -0.09939 -0.09976 -0.099905 5e-06 0 0 0 0 0 0 0 0 0 0 0 
1 0.789385 0.612805 0.4633 0.336775 0.22884 0.136655 0.060275 0.001555 -0.04003 -0.06746 -0.083415 -0.092245 -0.09651 -0.098385 -0.099255 0.00015 8.5e-05 3e-05 3e-05 2.5e-05 5e-06 0 0 0 0 0 0 0 0 
1 0.791205 0.616115 0.46676 0.340445 0.23178 0.14062 0.06324 0.004145 -0.038475 -0.06567 -0.082245 -0.091355 -0.095935 -0.09814 -0.09918 -0.04162 8e-05 6e-05 4e-05 3e-05 2e-05 0 0 0 0 0 0 0 0 
1 0.78887 0.61162 0.45968 0.33448 0.22568 0.13341 0.058725 -0.000435 -0.042015 -0.068395 -0.08376 -0.09214 -0.09441 -0.08045 -0.007965 0.0001 6e-05 4.5e-05 2.5e-05 2.5e-05 1.5e-05 5e-06 0 0 0 0 0 0 0 
1 0.79011 0.614005 0.464695 0.337635 0.231545 0.14025 0.06323 0.002915 -0.03972 -0.067085 -0.08331 -0.091865 -0.0962 -0.098215 -0.09927 -0.07523 5.5e-05 3.5e-05 1.5e-05 1e-05 5e-06 5e-06 5e-06 0 0 0 0 0 0 
1 0.78784 0.61173 0.46119 0.334085 0.227255 0.134495 0.059295 0.00088 -0.04077 -0.06763 -0.082745 -0.09116 -0.095685 -0.0738 -0.03087 -0.017835 -0.018005 -0.01816 9.5e-05 5e-05 3e-05 2e-05 2e-05 1e-05 1e-05 0 0 0 0 
1 0.79022 0.6106 0.46047 0.334095 0.22687 0.133655 0.057535 -0.00134 -0.041535 -0.067795 -0.08376 -0.09207 -0.096125 -0.098135 -0.099135 -0.09958 0.000105 8e-05 5.5e-05 4.5e-05 2.5e-05 1.5e-05 1e-05 5e-06 0 0 0 0 0 
1 0.787885 0.61078 0.460105 0.333655 0.22565 0.13228 0.056075 -0.003215 -0.044365 -0.070035 -0.085185 -0.09334 -0.097145 -0.098745 -0.053835 -0.05408 -0.054165 -0.054195 -0.05423 1.5e-05 1e-05 1e-05 1e-05 5e-06 5e-06 0 0 0 0 
1 0.78816 0.609105 0.46058 0.334035 0.22715 0.13447 0.05862 -0.000625 -0.04232 -0.068995 -0.084515 -0.09262 -0.096435 -0.084495 -0.02712 -0.0068 -0.00689 -0.006955 7e-05 3.5e-05 1.5e-05 5e-06 0 0 0 0 0 0 0 
1 0.78935 0.611895 0.461535 0.3354 0.229295 0.137995 0.061515 0.002675 -0.039485 -0.066885 -0.082645 -0.091465 -0.08539 -0.06922 -0.07023 0.00017 0.00011 5.5e-05 2.5e-05 0 0 0 0 0 0 0 0 0 0 
1 0.78893 0.61247 0.463975 0.33731 0.23007 0.137695 0.06147 0.001535 -0.04101 -0.06769 -0.08354 -0.09225 -0.09659 -0.091625 0.000365 0.00024 0.000125 5.5e-05 3.5e-05 1.5e-05 1e-05 5e-06 0 0 0 0 0 0 0 
1 0.789075 0.611315 0.46119 0.335385 0.228185 0.134815 0.05859 0.00057 -0.04196 -0.068355 -0.08395 -0.092195 -0.09635 -0.09817 -0.0851 -0.085545 -0.085785 -0.085915 1.5e-05 1e-05 5e-06 0 0 0 0 0 0 0 0 
1 0.789755 0.61209 0.462605 0.335185 0.22732 0.136815 0.06141 0.00234 -0.039225 -0.06624 -0.082375 -0.091095 -0.09336 -0.0956 -0.09653 -0.086305 -0.086425 5e-05 3.5e-05 1e-05 5e-06 0 0 0 0 0 0 0 0 
1 0.79154 0.61476 0.46776 0.34203 0.23468 0.143165 0.067385 0.007125 -0.03592 -0.06414 -0.081425 -0.091045 -0.095915 -0.098105 -0.08438 -0.078675 -0.078815 2e-05 1e-05 0 0 0 0 0 0 0 0 0 0 
1 0.789935 0.61168 0.462335 0.336175 0.22881 0.137465 0.061445 0.002345 -0.039965 -0.067455 -0.083875 -0.09213 -0.08912 -0.091215 -0.06604 0.000135 8e-05 3e-05 1e-05 5e-06 5e-06 0 0 0 0 0 0 0 0 
1 0.79036 0.61417 0.465815 0.340295 0.233595 0.142615 0.065755 0.00533 -0.03767 -0.06574 -0.082475 -0.09145 -0.09617 -0.07955 -0.048115 0.000155 9e-05 5e-05 1.5e-05 1.5e-05 5e-06 0 0 0 0 0 0 0 0 
1 0.786675 0.60801 0.458205 0.330795 0.22398 0.13268 0.056235 -0.00217 -0.04311 -0.06841 -0.083615 -0.09173 -0.09477 -0.06896 -0.044455 -0.044845 0.00015 9e-05 5.5e-05 3e-05 0 0 0 0 0 0 0 0 0 
1 0.790015 0.61206 0.463495 0.33682 0.229165 0.137135 0.060765 0.00167 -0.04009 -0.067665 -0.08361 -0.092225 -0.0911 -0.07921 -0.0798 0.00022 0.00014 7.5e-05 2e-05 5e-06 0 0 0 0 0 0 0 0 0 
1 0.790585 0.612985 0.46404 0.336665 0.22866 0.136025 0.06002 0.001325 -0.040595 -0.06757 -0.083065 -0.09187 -0.0964 -0.09407 -0.092265 7e-05 2e-05 5e-06 5e-06 5e-06 5e-06 0 0 0 0 0 0 0 0 
1 0.78998 0.611975 0.46309 0.337075 0.22848 0.13667 0.06052 0.00063 -0.04179 -0.06874 -0.084175 -0.092385 -0.09651 -0.086385 -0.08715 0.000125 5.5e-05 1.5e-05 1e-05 0 0 0 0 0 0 0 0 0 0 
1 0.78833 0.61223 0.462435 0.33618 0.229215 0.136875 0.06203 0.002175 -0.040845 -0.067415 -0.083515 -0.09204 -0.09458 -0.096545 -0.097475 -0.097855 9.5e-05 5.5e-05 1.5e-05 0 0 0 0 0 0 0 0 0 0 
1 0.79116 0.615665 0.467315 0.340795 0.23366 0.14285 0.06558 0.00558 -0.03744 -0.065215 -0.08172 -0.090645 -0.09544 -0.097835 -0.05266 0.000265 0.000155 9.5e-05 5.5e-05 4e-05 2e-05 1e-05 0 0 0 0 0 0 0 
1 0.789065 0.611715 0.463685 0.33578 0.2283 0.135835 0.05986 1.5e-05 -0.040585 -0.067925 -0.083985 -0.09267 -0.096765 -0.098655 -0.09948 0.0001 8e-05 5e-05 3.5e-05 2.5e-05 1e-05 1e-05 5e-06 5e-06 5e-06 0 0 0 0 
1 0.787915 0.60963 0.459035 0.333385 0.224925 0.133855 0.05858 -0.001195 -0.04249 -0.06926 -0.084545 -0.09272 -0.095665 -0.097375 -0.098235 0.000115 7.5e-05 4e-05 1.5e-05 5e-06 0 0 0 0 0 0 0 0 0 
1 0.78863 0.61343 0.46392 0.33707 0.230055 0.138535 0.06175 0.00251 -0.03964 -0.06687 -0.08304 -0.09192 -0.0963 -0.07624 -0.06349 -0.06375 7e-05 4e-05 1e-05 1e-05 5e-06 5e-06 0 0 0 0 0 0 0 
1 0.7892 0.612495 0.4635 0.33601 0.228115 0.1374 0.0613 0.001785 -0.040095 -0.067425 -0.083525 -0.09224 -0.078425 -0.06566 -0.047785 -0.048115 -0.048245 6e-05 4e-05 2e-05 1e-05 5e-06 5e-06 0 0 0 0 0 0 
1 0.78819 0.610495 0.46072 0.33288 0.22532 0.133275 0.057625 -0.000245 -0.04072 -0.06752 -0.082945 -0.091505 -0.09487 -0.09252 -0.054735 0.00018 0.000115 6e-05 4e-05 3e-05 5e-06 5e-06 5e-06 0 0 0 0 0 0 
1 0.790875 0.61236 0.462455 0.336295 0.228935 0.1382 0.061965 0.00306 -0.03952 -0.06668 -0.08299 -0.091835 -0.09377 -0.09585 -0.09679 -0.09723 8e-05 5e-05 1.5e-05 0 0 0 0 0 0 0 0 0 0 
1 0.789695 0.611675 0.4622 0.33694 0.227945 0.135925 0.05954 0.00011 -0.04121 -0.06783 -0.08309 -0.089665 -0.093875 -0.091465 -0.09274 0.000205 0.00013 8e-05 5e-05 4.5e-05 3e-05 3e-05 2e-05 1.5e-05 5e-06 5e-06 0 0 0 
1 0.79095 0.613435 0.46604 0.340545 0.233215 0.140755 0.065135 0.00562 -0.037515 -0.066 -0.082225 -0.091425 -0.093675 -0.09575 -0.05719 0.00013 7e-05 4.5e-05 1e-05 0 0 0 0 0 0 0 0 0 0 
1 0.790275 0.61347 0.46207 0.33585 0.22842 0.13767 0.06219 0.003105 -0.038605 -0.066165 -0.082285 -0.09084 -0.093445 -0.090405 -0.022405 -0.00567 -0.005855 9e-05 5.5e-05 3e-05 1.5e-05 1.5e-05 5e-06 5e-06 0 0 0 0 0 
1 0.78764 0.609125 0.46012 0.334545 0.22553 0.13314 0.05747 -0.000725 -0.04175 -0.06796 -0.0838 -0.09224 -0.096465 -0.09845 -0.09929 -0.099675 8e-05 4e-05 2e-05 1.5e-05 1e-05 0 0 0 0 0 0 0 0 
1 0.78855 0.61098 0.461295 0.33465 0.2277 0.137245 0.06163 0.002425 -0.03968 -0.067235 -0.083345 -0.09087 -0.095205 -0.065035 -0.06596 0.00019 0.00011 5.5e-05 2.5e-05 2e-05 1e-05 0 0 0 0 0 0 0 0 
1 0.78863 0.61104 0.46258 0.335305 0.228705 0.136615 0.061345 0.003025 -0.038945 -0.066385 -0.083085 -0.091665 -0.093845 -0.07952 -0.08053 -0.019595 -0.0197 5e-05 2.5e-05 1.5e-05 5e-06 0 0 0 0 0 0 0 0 
1 0.78993 0.61387 0.464915 0.33911 0.23146 0.14082 0.065095 0.005175 -0.03743 -0.065435 -0.08175 -0.090035 -0.094935 -0.0953 -0.090495 -0.09091 -0.091165 -0.091255 3.5e-05 2.5e-05 1e-05 5e-06 5e-06 5e-06 0 0 0 0 0 
1 0.790845 0.61272 0.46469 0.338295 0.230665 0.13924 0.061145 0.00103 -0.040715 -0.06724 -0.08318 -0.091735 -0.086835 -0.06909 -0.06856 0.000185 8.5e-05 4.5e-05 2e-05 1.5e-05 1e-05 0 0 0 0 0 0 0 0 
1 0.79023 0.60984 0.459365 0.332765 0.225455 0.13459 0.05911 -7e-05 -0.041475 -0.06729 -0.082875 -0.08741 -0.091845 -0.082345 -0.073575 -0.073945 -0.07408 -0.074235 -0.074365 -0.07442 1.5e-05 1e-05 5e-06 0 0 0 0 0 0 
1 0.78993 0.61336 0.464495 0.33819 0.229795 0.13866 0.06323 0.00356 -0.03823 -0.06559 -0.08157 -0.090575 -0.094465 -0.09687 -0.097975 -0.051945 9.5e-05 4.5e-05 3e-05 1e-05 0 0 0 0 0 0 0 0 0 
1 0.791405 0.61587 0.46713 0.341785 0.234655 0.14244 0.066625 0.00649 -0.03644 -0.064995 -0.08176 -0.091165 -0.082065 -0.084155 -0.08521 -0.073685 -0.073865 5e-05 3.5e-05 1.5e-05 1.5e-05 1.5e-05 1e-05 5e-06 0 0 0 0 0 
1 0.78892 0.610345 0.459595 0.33464 0.22716 0.136 0.05999 0.00066 -0.04187 -0.06929 -0.08485 -0.092935 -0.09694 -0.09872 0.00021 9.5e-05 5.5e-05 2.5e-05 5e-06 0 0 0 0 0 0 0 0 0 0 
1 0.79144 0.61395 0.463355 0.33625 0.229535 0.137225 0.061135 0.00134 -0.04059 -0.067955 -0.08427 -0.09281 -0.097 -0.02664 -0.00372 -0.0039 -0.003985 -0.00401 2.5e-05 2e-05 5e-06 5e-06 5e-06 0 0 0 0 0 0 
1 0.78736 0.608205 0.458925 0.33329 0.22456 0.132305 0.056755 -0.002075 -0.042705 -0.06872 -0.08358 -0.091825 -0.0959 -0.097955 -0.095335 -0.057 -0.057205 6.5e-05 5e-05 2.5e-05 1.5e-05 5e-06 5e-06 0 0 0 0 0 0 
1 0.788115 0.60965 0.459755 0.332525 0.22558 0.133235 0.05682 -0.002295 -0.043735 -0.069715 -0.08437 -0.09221 -0.09615 -0.083105 -0.083875 -0.084205 -0.084425 -0.08452 5e-05 2.5e-05 1e-05 5e-06 0 0 0 0 0 0 0 
1 0.790885 0.612415 0.464705 0.339525 0.231885 0.14014 0.06418 0.00412 -0.03739 -0.06547 -0.08183 -0.091065 -0.088 -0.090355 -0.07689 -0.0499 0.00011 6.5e-05 3.5e-05 2.5e-05 5e-06 0 0 0 0 0 0 0 0 
1 0.791585 0.615165 0.466075 0.339255 0.230525 0.13878 0.0631 0.004055 -0.03827 -0.06617 -0.082315 -0.091285 -0.09609 -0.087045 -0.058415 -0.058715 7e-05 3.5e-05 5e-06 0 0 0 0 0 0 0 0 0 0 
1 0.78991 0.61402 0.46395 0.337245 0.2294 0.13825 0.060955 0.00178 -0.040315 -0.067335 -0.083335 -0.090455 -0.09465 -0.096785 -0.0364 -0.013185 0.00014 9.5e-05 7.5e-05 4e-05 1.5e-05 1e-05 1e-05 1e-05 1e-05 5e-06 5e-06 5e-06 5e-06 
1 0.78993 0.613095 0.46446 0.339155 0.23261 0.141125 0.064175 0.00365 -0.03898 -0.066635 -0.082875 -0.091755 -0.09631 -0.089595 -0.0705 0.000135 7.5e-05 4.5e-05 2.5e-05 5e-06 5e-06 5e-06 5e-06 0 0 0 0 0 0 
1 0.79063 0.61271 0.462425 0.33624 0.229105 0.13714 0.060825 0.00049 -0.042845 -0.06932 -0.08483 -0.09309 -0.09692 -0.098595 0.00026 9e-05 4e-05 3e-05 1e-05 5e-06 0 0 0 0 0 0 0 0 0 
1 0.78875 0.61084 0.46314 0.33807 0.231255 0.141035 0.0655 0.00605 -0.036445 -0.06498 -0.08194 -0.091065 -0.09244 -0.077955 -0.07897 -0.078295 7e-05 4.5e-05 2.5e-05 1.5e-05 0 0 0 0 0 0 0 0 0 
1 0.788155 0.60904 0.458085 0.33175 0.223905 0.13222 0.056025 -0.0029 -0.04421 -0.070075 -0.08542 -0.09342 -0.092415 -0.08588 0.00026 0.00015 7.5e-05 4e-05 1.5e-05 1e-05 5e-06 0 0 0 0 0 0 0 0 
1 0.789415 0.6119 0.461475 0.33728 0.229975 0.13898 0.062665 0.003715 -0.038635 -0.06669 -0.083515 -0.09244 -0.096585 -0.062465 -0.06318 -0.010825 7.5e-05 5e-05 3.5e-05 1.5e-05 0 0 0 0 0 0 0 0 0 
1 0.7922 0.61456 0.46502 0.33978 0.2324 0.140815 0.06521 0.005635 -0.03682 -0.06525 -0.0814 -0.09096 -0.09583 -0.081015 0.00043 0.00019 8e-05 4e-05 2.5e-05 5e-06 0 0 0 0 0 0 0 0 0 
1 0.789005 0.61107 0.46146 0.335605 0.22811 0.137255 0.06146 0.002055 -0.03942 -0.066675 -0.082365 -0.09147 -0.09589 -0.098185 -0.09924 -0.099755 -0.099955 1e-05 0 0 0 0 0 0 0 0 0 0 0 
1 0.78718 0.60943 0.45894 0.33297 0.224375 0.13258 0.056475 -0.00208 -0.04373 -0.07032 -0.085205 -0.092945 -0.09678 -0.06513 -0.065865 -0.066165 3.5e-05 1e-05 0 0 0 0 0 0 0 0 0 0 0 
1 0.78852 0.610985 0.46104 0.33505 0.226905 0.13616 0.060905 0.0022 -0.040335 -0.06747 -0.083445 -0.09212 -0.09659 -0.09862 -0.0904 -0.05984 4e-05 1.5e-05 5e-06 5e-06 0 0 0 0 0 0 0 0 0 
1 0.78875 0.61144 0.46118 0.334835 0.22562 0.13316 0.056725 -0.00144 -0.043585 -0.0698 -0.08466 -0.086785 -0.07712 -0.07868 0.00031 0.000175 0.000105 5.5e-05 4.5e-05 3.5e-05 3e-05 2.5e-05 1.5e-05 1.5e-05 1.5e-05 1e-05 5e-06 5e-06 5e-06 
1 0.78951 0.61321 0.46274 0.336835 0.22918 0.136885 0.0615 0.00232 -0.039715 -0.06722 -0.083235 -0.091815 -0.080415 -0.065175 -0.019045 0.00025 0.00015 6.5e-05 4e-05 2.5e-05 1.5e-05 5e-06 0 0 0 0 0 0 0 
1 0.789965 0.61227 0.46351 0.338055 0.231055 0.139805 0.06373 0.004195 -0.038565 -0.065465 -0.08226 -0.091105 -0.094605 -0.080005 -0.08095 0.00015 7e-05 4e-05 2e-05 1.5e-05 5e-06 5e-06 5e-06 0 0 0 0 0 0 
1 0.789925 0.61524 0.46719 0.342645 0.236345 0.144295 0.067335 0.00691 -0.03621 -0.064325 -0.081075 -0.0906 -0.09537 -0.09789 -0.09902 -0.07062 -0.07076 5.5e-05 2e-05 1e-05 1e-05 1e-05 1e-05 1e-05 1e-05 5e-06 5e-06 0 0 
1 0.78974 0.61308 0.46488 0.33724 0.22929 0.137125 0.06006 -4.5e-05 -0.0422 -0.0688 -0.08409 -0.092535 -0.09654 -0.098665 -0.084925 0.000125 8e-05 4.5e-05 2e-05 1.5e-05 1.5e-05 5e-06 5e-06 5e-06 5e-06 0 0 0 0 
1 0.78906 0.61142 0.46303 0.33692 0.2291 0.137465 0.062455 0.003705 -0.03855 -0.06616 -0.081985 -0.091315 -0.095965 -0.098345 -0.04931 -0.04956 -0.004255 5e-05 3e-05 2.5e-05 2e-05 2e-05 1.5e-05 1e-05 1e-05 1e-05 1e-05 5e-06 5e-06 
1 0.791415 0.614285 0.466155 0.33901 0.230465 0.137955 0.061175 0.00104 -0.041365 -0.068265 -0.08452 -0.091125 -0.08656 -0.078335 -0.01986 -0.020125 0.00014 9.5e-05 5.5e-05 3e-05 2e-05 0 0 0 0 0 0 0 0 
1 0.788775 0.611285 0.461635 0.33412 0.226335 0.13544 0.05946 0.00056 -0.04104 -0.068385 -0.08394 -0.09219 -0.09629 -0.098325 -0.099245 0.00015 7.5e-05 4e-05 3.5e-05 2.5e-05 2.5e-05 1e-05 1e-05 5e-06 5e-06 0 0 0 0 
1 0.789085 0.61151 0.460895 0.3336 0.22497 0.134235 0.057405 -0.003075 -0.04472 -0.070355 -0.084715 -0.09016 -0.093905 -0.09357 -0.072755 -0.073015 -0.073145 -0.073225 -0.07327 2.5e-05 2e-05 5e-06 0 0 0 0 0 0 0 
1 0.788915 0.61037 0.461195 0.336055 0.22855 0.13746 0.06128 0.00284 -0.039355 -0.06697 -0.08365 -0.092565 -0.096675 -0.098245 -0.099085 -0.099465 -0.099625 3.5e-05 2e-05 1.5e-05 1.5e-05 5e-06 0 0 0 0 0 0 0 
1 0.789635 0.61283 0.464205 0.337985 0.230735 0.137965 0.06101 0.001085 -0.04125 -0.06798 -0.08359 -0.091945 -0.096415 -0.092245 -0.09306 -0.055615 8e-05 5e-05 3.5e-05 1e-05 5e-06 5e-06 5e-06 0 0 0 0 0 0 
1 0.791255 0.61645 0.46862 0.34204 0.234905 0.142395 0.065975 0.006255 -0.037235 -0.06551 -0.082275 -0.091115 -0.09555 -0.08924 -0.08623 -0.086705 -0.00162 -0.00173 -0.00179 3.5e-05 1.5e-05 1e-05 5e-06 0 0 0 0 0 0 
1 0.787595 0.611195 0.460945 0.335225 0.22785 0.136785 0.060685 0.000695 -0.041105 -0.067955 -0.0839 -0.09267 -0.09675 -0.08235 -0.083035 -0.08329 -0.083415 -0.083455 5e-06 0 0 0 0 0 0 0 0 0 0 
1 0.78945 0.61318 0.46498 0.339475 0.231865 0.139295 0.062705 0.00327 -0.039315 -0.066905 -0.083115 -0.092125 -0.08372 -0.08302 -0.083815 -0.08425 5.5e-05 1e-05 0 0 0 0 0 0 0 0 0 0 0 
1 0.78767 0.61083 0.46153 0.33376 0.227535 0.136435 0.060475 0.001225 -0.041485 -0.068865 -0.084565 -0.09285 -0.08912 -0.08499 0.000295 0.000165 0.00012 6e-05 3e-05 2e-05 1.5e-05 5e-06 5e-06 0 0 0 0 0 0 
1 0.790695 0.614835 0.465775 0.34078 0.234045 0.14181 0.06595 0.00597 -0.03653 -0.064665 -0.081515 -0.090745 -0.09556 -0.088365 -0.089365 -0.089885 -0.09022 6e-05 3e-05 5e-06 5e-06 0 0 0 0 0 0 0 0 
1 0.78944 0.61127 0.461335 0.33458 0.22698 0.13574 0.05964 0.00104 -0.04133 -0.067885 -0.08373 -0.08995 -0.076115 -0.07782 -0.07346 -0.073845 -0.074045 2e-05 1.5e-05 5e-06 5e-06 0 0 0 0 0 0 0 0 
1 0.7918 0.61456 0.464725 0.338435 0.2314 0.138705 0.0623 0.003155 -0.03946 -0.06614 -0.082335 -0.090985 -0.09566 -0.097935 -0.068555 -0.06894 0.00014 7e-05 5.5e-05 2.5e-05 1e-05 1e-05 1e-05 1e-05 1e-05 5e-06 0 0 0 
1 0.7917 0.61449 0.465525 0.33832 0.231355 0.14 0.06451 0.005895 -0.037365 -0.06485 -0.0817 -0.090775 -0.095245 -0.09654 -0.087355 -0.08791 -0.08715 3e-05 2e-05 1e-05 5e-06 0 0 0 0 0 0 0 0 
1 0.78971 0.613255 0.46488 0.337495 0.231115 0.13862 0.062 0.002695 -0.039555 -0.06682 -0.082865 -0.091325 -0.09438 -0.096485 -0.09768 -0.098285 -0.020965 3.5e-05 0 0 0 0 0 0 0 0 0 0 0 
1 0.789565 0.61261 0.46249 0.335945 0.227625 0.136105 0.059175 -0.000165 -0.042765 -0.06956 -0.08508 -0.092965 -0.097135 -0.095345 -0.078985 0.0001 3.5e-05 5e-06 5e-06 0 0 0 0 0 0 0 0 0 0 
1 0.7866 0.609665 0.459475 0.33188 0.224935 0.133085 0.056645 -0.002135 -0.04297 -0.06982 -0.085195 -0.092955 -0.08921 -0.07881 -0.04795 -0.048165 -0.04832 -0.048445 4e-05 2.5e-05 2e-05 1.5e-05 5e-06 0 0 0 0 0 0 
1 0.78883 0.61143 0.462705 0.338075 0.23123 0.14091 0.063285 0.003145 -0.03899 -0.066335 -0.082885 -0.09184 -0.093445 -0.09558 -0.051415 0.000105 6.5e-05 4.5e-05 2.5e-05 1.5e-05 5e-06 0 0 0 0 0 0 0 0 
1 0.790075 0.612795 0.46274 0.33694 0.22785 0.134815 0.05793 -0.00196 -0.04321 -0.06972 -0.08432 -0.092275 -0.090815 -0.072335 -0.070715 -0.046365 0.000165 9.5e-05 6.5e-05 3.5e-05 2e-05 1.5e-05 5e-06 0 0 0 0 0 0 
1 0.78932 0.61086 0.461055 0.33425 0.227945 0.13747 0.06186 0.00249 -0.039635 -0.06669 -0.082835 -0.09176 -0.09098 -0.07745 -0.078285 -0.073775 -0.073995 5e-05 2.5e-05 1e-05 5e-06 5e-06 0 0 0 0 0 0 0 
1 0.7876 0.610575 0.461815 0.335765 0.229 0.13765 0.061545 0.00267 -0.03942 -0.066805 -0.08223 -0.09118 -0.09595 -0.082105 -0.00829 0.00028 0.00019 9e-05 5e-05 3.5e-05 1e-05 5e-06 0 0 0 0 0 0 0 
1 0.789095 0.61221 0.461705 0.335655 0.22788 0.13526 0.057185 -0.00203 -0.043565 -0.06916 -0.08434 -0.092295 -0.09626 -0.09401 -0.094925 -0.08493 7e-05 4.5e-05 3e-05 2.5e-05 5e-06 5e-06 5e-06 5e-06 0 0 0 0 0 
1 0.788435 0.60913 0.459745 0.3333 0.224545 0.132205 0.055995 -0.002755 -0.044885 -0.07029 -0.085295 -0.093285 -0.09491 -0.062505 0.00019 0.0001 3e-05 1.5e-05 5e-06 0 0 0 0 0 0 0 0 0 0 
1 0.787865 0.6099 0.461165 0.336345 0.228425 0.137245 0.059775 0.001075 -0.04116 -0.068335 -0.083985 -0.09212 -0.096655 -0.098575 -0.099435 8e-05 6e-05 4e-05 1e-05 5e-06 0 0 0 0 0 0 0 0 0 
1 0.789385 0.61329 0.46396 0.33854 0.23113 0.139275 0.06311 0.005135 -0.037595 -0.06442 -0.080945 -0.09023 -0.095145 -0.09544 -0.06419 -0.03841 -0.038585 9e-05 4.5e-05 5e-06 0 0 0 0 0 0 0 0 0 
1 0.78902 0.610205 0.46133 0.33497 0.22778 0.13592 0.0596 0.000535 -0.040295 -0.06659 -0.082495 -0.0907 -0.09511 -0.090875 -0.0735 -0.074115 -0.07443 -0.022545 -0.022615 8.5e-05 4.5e-05 2e-05 5e-06 5e-06 0 0 0 0 0 
1 0.789595 0.612945 0.46555 0.33981 0.23204 0.138785 0.062735 0.003315 -0.03913 -0.066825 -0.08345 -0.09208 -0.096385 -0.098435 -0.05931 0.00012 6e-05 2.5e-05 1e-05 1e-05 5e-06 5e-06 5e-06 0 0 0 0 0 0 
1 0.789065 0.61262 0.46323 0.33621 0.22815 0.135575 0.05845 -0.000105 -0.04217 -0.06831 -0.08411 -0.092675 -0.096835 -0.066245 0.00026 0.000105 6.5e-05 3e-05 1.5e-05 1e-05 1e-05 0 0 0 0 0 0 0 0 
1 0.78769 0.61065 0.46023 0.33458 0.226085 0.13478 0.05906 -8e-05 -0.042165 -0.06925 -0.084485 -0.09248 -0.094625 -0.089365 -0.051545 0.000125 5.5e-05 3e-05 2.5e-05 0 0 0 0 0 0 0 0 0 0 
1 0.792215 0.6146 0.46499 0.339425 0.230895 0.13988 0.06386 0.004415 -0.038195 -0.06558 -0.081735 -0.090675 -0.092475 -0.07708 -0.073275 0.00036 0.000225 0.000125 6.5e-05 4e-05 3e-05 5e-06 5e-06 5e-06 0 0 0 0 0 
1 0.78929 0.61253 0.46329 0.337835 0.231265 0.13822 0.06292 0.003665 -0.039625 -0.06724 -0.08322 -0.091935 -0.091825 -0.093785 -0.094655 0.00014 9.5e-05 5e-05 3e-05 5e-06 0 0 0 0 0 0 0 0 0 
1 0.790835 0.615265 0.46632 0.338625 0.23142 0.139345 0.063 0.001505 -0.04113 -0.068005 -0.083475 -0.09223 -0.096595 -0.09855 -0.09493 -0.095205 5.5e-05 3.5e-05 1.5e-05 5e-06 0 0 0 0 0 0 0 0 0 
1 0.79043 0.612215 0.463365 0.336905 0.22872 0.13644 0.060175 0.001625 -0.0402 -0.06753 -0.08297 -0.088105 -0.073705 -0.07552 -0.05743 0.000195 0.00011 7e-05 5e-05 2e-05 2e-05 1e-05 5e-06 0 0 0 0 0 0 
1 0.78656 0.6079 0.457345 0.33188 0.224655 0.133995 0.058595 -0.000195 -0.041625 -0.069115 -0.08435 -0.092405 -0.089935 -0.091525 -0.09226 0.000105 6e-05 3.5e-05 1.5e-05 5e-06 0 0 0 0 0 0 0 0 0 
1 0.790015 0.613965 0.463965 0.338215 0.231285 0.13958 0.062175 0.004015 -0.03871 -0.06699 -0.08257 -0.091485 -0.07632 -0.078305 -0.07925 0.0002 0.000105 7e-05 5.5e-05 2e-05 1e-05 5e-06 5e-06 0 0 0 0 0 0 
1 0.78709 0.609495 0.462145 0.335885 0.228295 0.13605 0.060905 0.002855 -0.038285 -0.06496 -0.0806 -0.090095 -0.095155 -0.091295 -0.092545 0.000165 8e-05 3.5e-05 5e-06 5e-06 0 0 0 0 0 0 0 0 0 
1 0.78851 0.611245 0.46206 0.335515 0.22825 0.13479 0.058625 -0.00099 -0.043465 -0.07027 -0.08537 -0.09327 -0.09231 -0.094035 -0.09479 -0.095165 8.5e-05 4e-05 2.5e-05 1.5e-05 5e-06 5e-06 0 0 0 0 0 0 0 
1 0.789795 0.61219 0.46391 0.339375 0.231475 0.14137 0.065725 0.00571 -0.036665 -0.064975 -0.082025 -0.09129 -0.092295 -0.094365 -0.07146 -0.07189 -0.07202 5e-05 4e-05 3e-05 5e-06 0 0 0 0 0 0 0 0 
1 0.786905 0.610285 0.46224 0.335545 0.228865 0.137575 0.06176 0.00249 -0.03905 -0.06705 -0.083335 -0.09239 -0.096685 -0.098595 -0.06486 0.00012 6.5e-05 3.5e-05 2e-05 0 0 0 0 0 0 0 0 0 0 
1 0.788475 0.61181 0.46543 0.338265 0.2296 0.13781 0.06102 0.00263 -0.03954 -0.066975 -0.08316 -0.091715 -0.088575 -0.08554 -0.08635 0.00015 7.5e-05 4e-05 3e-05 5e-06 0 0 0 0 0 0 0 0 0 
1 0.788195 0.61095 0.45918 0.33281 0.224865 0.132215 0.056375 -0.001575 -0.043135 -0.06913 -0.084605 -0.092935 -0.09679 -0.057635 -0.058285 0.00012 7e-05 4.5e-05 1.5e-05 5e-06 5e-06 5e-06 0 0 0 0 0 0 0 
1 0.79027 0.61364 0.46312 0.336035 0.22904 0.137225 0.06011 0.00036 -0.04245 -0.06958 -0.0847 -0.092685 -0.09666 -0.098705 -0.09944 9e-05 4.5e-05 0 0 0 0 0 0 0 0 0 0 0 0 
1 0.79094 0.615565 0.464655 0.338235 0.22972 0.136965 0.059515 0.000565 -0.042015 -0.068595 -0.08439 -0.092615 -0.09665 -0.092735 0.000245 0.000105 5.5e-05 2e-05 5e-06 0 0 0 0 0 0 0 0 0 0 
1 0.78836 0.60951 0.45851 0.332845 0.225565 0.1343 0.057905 -0.00094 -0.04273 -0.0692 -0.084235 -0.092795 -0.09135 -0.093195 -0.09389 0.00013 6.5e-05 2e-05 1e-05 1e-05 0 0 0 0 0 0 0 0 0 
1 0.788495 0.61256 0.46124 0.33465 0.228565 0.137605 0.06137 0.002695 -0.03947 -0.06691 -0.083025 -0.09197 -0.096085 -0.09829 -0.007555 -0.007795 0.000125 9e-05 4.5e-05 3e-05 3e-05 1.5e-05 5e-06 5e-06 0 0 0 0 0 
1 0.790835 0.612615 0.46361 0.339315 0.23086 0.139265 0.061725 0.001075 -0.040835 -0.06756 -0.08319 -0.092045 -0.09662 -0.0986 -0.041585 0.000105 4.5e-05 4e-05 2e-05 1.5e-05 1e-05 5e-06 0 0 0 0 0 0 0 
1 0.789365 0.609635 0.459785 0.333595 0.22556 0.134445 0.05709 -0.00155 -0.04394 -0.06963 -0.085125 -0.092895 -0.096815 -0.098675 -0.05379 -0.05398 5e-05 2e-05 2e-05 5e-06 0 0 0 0 0 0 0 0 0 
1 0.7889 0.61077 0.460465 0.334795 0.22744 0.135345 0.059035 0.00073 -0.04003 -0.066805 -0.0831 -0.09181 -0.089295 -0.0694 -0.00153 -0.0017 -0.001795 7e-05 5e-05 3e-05 1.5e-05 5e-06 5e-06 0 0 0 0 0 0 
1 0.79096 0.61426 0.46572 0.338205 0.22978 0.13761 0.06149 0.00205 -0.04064 -0.067905 -0.0838 -0.09249 -0.09672 -0.098585 -0.099405 -0.067835 -0.06799 5e-06 5e-06 0 0 0 0 0 0 0 0 0 0 
1 0.789195 0.612255 0.462755 0.33765 0.229605 0.138075 0.062275 0.00193 -0.040495 -0.068005 -0.083855 -0.09069 -0.08546 -0.08397 -0.084745 -0.0277 0.00011 6e-05 2e-05 1e-05 5e-06 0 0 0 0 0 0 0 0 
1 0.789805 0.614045 0.465825 0.338875 0.23155 0.13907 0.061785 0.00228 -0.039935 -0.066745 -0.082815 -0.09185 -0.096025 -0.09815 -0.09923 0.00014 8.5e-05 3.5e-05 2e-05 1e-05 5e-06 0 0 0 0 0 0 0 0 
1 0.789205 0.611635 0.460865 0.33419 0.227225 0.13507 0.058575 0.000115 -0.04135 -0.068015 -0.083925 -0.092485 -0.09656 -0.098455 -0.09941 -0.06915 3e-05 2e-05 0 0 0 0 0 0 0 0 0 0 0 
1 0.78895 0.612205 0.46259 0.33567 0.22858 0.136625 0.060485 0.00163 -0.039355 -0.066615 -0.08291 -0.091415 -0.08943 -0.09141 -0.07202 0.00019 0.000105 4.5e-05 2.5e-05 1.5e-05 1e-05 0 0 0 0 0 0 0 0 
1 0.78906 0.611365 0.46184 0.336185 0.22805 0.13665 0.06129 0.00225 -0.04003 -0.067295 -0.08346 -0.09226 -0.096565 -0.09848 -0.078525 0.00012 6e-05 4e-05 3e-05 1.5e-05 1.5e-05 1.5e-05 1e-05 5e-06 5e-06 0 0 0 0 
1 0.78895 0.611455 0.461235 0.33589 0.228085 0.13557 0.059105 0.00099 -0.04077 -0.06735 -0.083305 -0.092175 -0.096515 -0.095455 -0.096365 0.00011 5e-05 1.5e-05 1e-05 5e-06 0 0 0 0 0 0 0 0 0 
1 0.789965 0.614125 0.464975 0.33879 0.23061 0.138145 0.06203 0.0026 -0.03915 -0.065945 -0.082335 -0.09055 -0.09508 -0.08864 -0.08002 -0.064545 -0.064765 -0.064925 -0.064985 5.5e-05 3.5e-05 2e-05 1e-05 1e-05 5e-06 5e-06 0 0 0 
1 0.79135 0.614865 0.466465 0.339365 0.233205 0.14053 0.063065 0.00251 -0.040405 -0.067735 -0.083575 -0.09203 -0.09648 -0.098535 -0.0344 -0.034595 0.00014 0.00011 7e-05 4.5e-05 2.5e-05 1e-05 0 0 0 0 0 0 0 
1 0.79333 0.61725 0.468095 0.341995 0.233975 0.14205 0.065725 0.004605 -0.0384 -0.06689 -0.08281 -0.09184 -0.09624 -0.098445 -0.035245 -0.03546 8.5e-05 5.5e-05 2e-05 0 0 0 0 0 0 0 0 0 0 
1 0.78949 0.61225 0.461855 0.33429 0.22621 0.13353 0.058045 -3.5e-05 -0.041625 -0.06805 -0.083325 -0.0923 -0.07919 -0.08108 -0.023725 0.00011 6e-05 3.5e-05 1e-05 5e-06 5e-06 5e-06 0 0 0 0 0 0 0 
1 0.788175 0.609655 0.45983 0.33424 0.22558 0.134055 0.058 -0.00031 -0.04144 -0.068495 -0.08429 -0.092835 -0.059345 -0.03237 -0.03284 -0.03302 0.000155 9.5e-05 5.5e-05 4e-05 2e-05 5e-06 0 0 0 0 0 0 0 
1 0.78839 0.609095 0.457485 0.331655 0.224735 0.13463 0.058665 0.00024 -0.041275 -0.06775 -0.082795 -0.091555 -0.096225 -0.098425 -0.09944 -0.099795 -0.099935 -0.099985 -0.1 -0.1 -0.1 -0.1 -0.1 -0.1 -0.1 -0.1 0 0 0 
1 0.792785 0.617145 0.468425 0.343765 0.23723 0.145655 0.06911 0.00809 -0.0352 -0.06421 -0.08134 -0.090945 -0.09579 -0.098285 -0.099265 -0.09974 4.5e-05 3.5e-05 2.5e-05 1.5e-05 1e-05 0 0 0 0 0 0 0 0 
1 0.78983 0.61285 0.46498 0.33912 0.23188 0.14005 0.063295 0.004035 -0.038635 -0.065855 -0.08278 -0.091575 -0.094475 -0.09658 -0.06269 -0.06306 0.00011 6e-05 5e-05 2.5e-05 1.5e-05 1e-05 1e-05 1e-05 5e-06 0 0 0 0 
1 0.789575 0.61133 0.462795 0.336205 0.22846 0.136065 0.059535 0.000905 -0.041445 -0.06829 -0.08435 -0.09254 -0.09246 -0.068245 0.000305 0.0002 0.000115 7e-05 5.5e-05 3e-05 1.5e-05 5e-06 0 0 0 0 0 0 0 
1 0.790825 0.6145 0.46654 0.340685 0.233115 0.14083 0.064255 0.005365 -0.037345 -0.065025 -0.08156 -0.090955 -0.095745 -0.098075 -0.09924 0.000125 4.5e-05 1.5e-05 5e-06 0 0 0 0 0 0 0 0 0 0 
1 0.789135 0.609445 0.45926 0.33269 0.225515 0.133115 0.05706 -0.001815 -0.0421 -0.0678 -0.08336 -0.09222 -0.09629 -0.06125 -0.022865 -0.00461 0.000145 9e-05 5.5e-05 2.5e-05 1.5e-05 5e-06 5e-06 0 0 0 0 0 0 
1 0.789095 0.61202 0.46362 0.33915 0.232045 0.13997 0.06265 0.003215 -0.03817 -0.066345 -0.08265 -0.091475 -0.095955 -0.087215 -0.065605 -0.06605 -0.06624 0.000145 7.5e-05 3.5e-05 1e-05 5e-06 0 0 0 0 0 0 0 
1 0.78873 0.61079 0.460615 0.334825 0.228075 0.13555 0.05887 -0.00018 -0.041945 -0.06898 -0.08431 -0.0925 -0.08515 -0.08688 -0.06311 -0.063285 -0.063385 -0.06343 -0.063445 4.5e-05 3.5e-05 2.5e-05 2.5e-05 2e-05 2e-05 2e-05 5e-06 5e-06 5e-06 
1 0.789165 0.613065 0.463795 0.33898 0.230555 0.13856 0.06185 0.001425 -0.040745 -0.0681 -0.08426 -0.09253 -0.096795 -0.089445 0.000315 0.00017 0.000105 7.5e-05 4e-05 2e-05 5e-06 5e-06 0 0 0 0 0 0 0 
1 0.7913 0.61582 0.46523 0.33907 0.232405 0.141285 0.06529 0.00583 -0.03598 -0.063855 -0.080835 -0.09016 -0.09509 -0.097515 -0.09587 -0.096485 -0.06701 -0.01355 -0.01363 4e-05 1e-05 1e-05 1e-05 5e-06 0 0 0 0 0 
1 0.787535 0.61089 0.461905 0.33565 0.22808 0.13526 0.059365 0.00099 -0.040625 -0.06813 -0.08354 -0.0919 -0.089965 -0.085595 -0.08297 0.000155 7e-05 2e-05 0 0 0 0 0 0 0 0 0 0 0 
1 0.79245 0.61462 0.46736 0.34132 0.2326 0.14027 0.063785 0.00328 -0.039925 -0.06767 -0.083585 -0.092225 -0.096665 -0.098575 -0.07201 0.00017 0.00011 6.5e-05 3.5e-05 2.5e-05 2.5e-05 1e-05 5e-06 5e-06 5e-06 5e-06 5e-06 5e-06 5e-06 
1 0.788645 0.611255 0.461275 0.333775 0.22481 0.132765 0.05706 -0.002345 -0.042615 -0.068415 -0.08361 -0.09168 -0.096025 -0.09715 -0.07892 -0.079295 -0.0795 4.5e-05 3e-05 5e-06 0 0 0 0 0 0 0 0 0 
1 0.79013 0.613035 0.463035 0.33747 0.22986 0.137875 0.061315 0.001455 -0.04109 -0.06747 -0.0832 -0.09211 -0.09657 -0.098545 -0.08013 0.000115 6.5e-05 3.5e-05 2e-05 1e-05 0 0 0 0 0 0 0 0 0 
1 0.788515 0.61007 0.459525 0.332605 0.225245 0.13431 0.057845 -0.001315 -0.042875 -0.06895 -0.08491 -0.09295 -0.096925 -0.098735 -0.031945 0.00012 9e-05 6e-05 1.5e-05 5e-06 0 0 0 0 0 0 0 0 0 
1 0.787975 0.61095 0.461585 0.3344 0.225665 0.133365 0.05777 -0.000995 -0.042795 -0.06934 -0.084965 -0.092835 -0.096755 -0.098655 0.000265 0.00014 8e-05 4.5e-05 1.5e-05 5e-06 5e-06 5e-06 5e-06 5e-06 0 0 0 0 0 
1 0.791515 0.613415 0.46451 0.33849 0.23121 0.139295 0.063215 0.00429 -0.039155 -0.066625 -0.082805 -0.09184 -0.093305 -0.095215 -0.07963 0.00012 5e-05 3e-05 1.5e-05 5e-06 5e-06 0 0 0 0 0 0 0 0 
1 0.7897 0.61353 0.463105 0.337185 0.23024 0.13916 0.06355 0.004235 -0.038525 -0.06591 -0.082145 -0.09124 -0.09574 -0.09806 -0.062025 -0.062305 0.000155 8.5e-05 7e-05 5.5e-05 1.5e-05 5e-06 5e-06 5e-06 0 0 0 0 0 
1 0.79037 0.6141 0.46607 0.34096 0.23328 0.141195 0.06543 0.0055 -0.038175 -0.06567 -0.082785 -0.091855 -0.09641 -0.09841 -0.076595 9e-05 5e-05 3e-05 5e-06 0 0 0 0 0 0 0 0 0 0 
1 0.789305 0.61188 0.461505 0.336035 0.22937 0.13617 0.05973 0.00064 -0.04127 -0.068515 -0.084725 -0.092895 -0.09121 -0.092855 -0.093585 -0.09042 7.5e-05 6e-05 3.5e-05 2.5e-05 1.5e-05 1.5e-05 1.5e-05 1e-05 1e-05 0 0 0 0 
1 0.788305 0.61124 0.463415 0.33777 0.231605 0.14067 0.06541 0.005525 -0.03732 -0.065495 -0.08192 -0.090895 -0.09577 -0.07616 -0.077075 -0.039545 0.00012 5e-05 2.5e-05 1e-05 0 0 0 0 0 0 0 0 0 
1 0.7896 0.61246 0.463265 0.33708 0.22861 0.136845 0.061045 0.001995 -0.040665 -0.06809 -0.08358 -0.09188 -0.096335 -0.075405 -0.07618 -0.02016 5.5e-05 4e-05 2e-05 5e-06 0 0 0 0 0 0 0 0 0 
1 0.791465 0.61457 0.465 0.338785 0.23007 0.13877 0.062375 0.00286 -0.039435 -0.066855 -0.082955 -0.091105 -0.09134 -0.093445 -0.01797 0.00016 7e-05 3e-05 1e-05 5e-06 5e-06 0 0 0 0 0 0 0 0 
1 0.790145 0.61256 0.46168 0.334165 0.225875 0.13286 0.05725 -0.002195 -0.043415 -0.06945 -0.08446 -0.092365 -0.09637 -0.095795 0.0004 0.00023 0.00014 7e-05 5e-05 3.5e-05 2e-05 5e-06 0 0 0 0 0 0 0 
1 0.788295 0.60942 0.458295 0.33027 0.22109 0.12766 0.051975 -0.00531 -0.045655 -0.070745 -0.085405 -0.09328 -0.09713 -0.098875 -0.037775 0.00011 5.5e-05 4e-05 2e-05 1e-05 5e-06 5e-06 5e-06 5e-06 0 0 0 0 0 
1 0.78865 0.61019 0.46022 0.33316 0.22538 0.13274 0.05784 -0.00075 -0.04257 -0.068855 -0.0845 -0.091895 -0.092865 -0.05396 0.00027 0.00016 9e-05 3.5e-05 2.5e-05 1e-05 0 0 0 0 0 0 0 0 0 
1 0.78766 0.60913 0.45985 0.33293 0.22554 0.13409 0.05844 -0.000315 -0.04206 -0.06848 -0.083885 -0.091855 -0.09238 -0.094395 -0.08767 -0.088145 8.5e-05 4e-05 1.5e-05 5e-06 5e-06 0 0 0 0 0 0 0 0 
1 0.789135 0.61026 0.4599 0.332255 0.225625 0.133825 0.05793 -0.000735 -0.042605 -0.069205 -0.08475 -0.092825 -0.096535 -0.098305 -0.09913 -0.063405 -0.063585 -0.06367 4.5e-05 1.5e-05 5e-06 5e-06 0 0 0 0 0 0 0 
1 0.78919 0.61138 0.46096 0.33514 0.22693 0.13481 0.058185 2e-05 -0.041815 -0.06819 -0.0841 -0.092585 -0.096845 -0.085335 -0.086005 0.000165 0.0001 7e-05 5e-05 3e-05 2e-05 1.5e-05 1.5e-05 5e-06 0 0 0 0 0 
1 0.78871 0.61082 0.46023 0.334225 0.227625 0.13576 0.05846 -0.00108 -0.042465 -0.06976 -0.085475 -0.093315 -0.09723 -0.098945 -0.09968 -0.09994 -0.099995 0 0 0 0 0 0 0 0 0 0 0 0 
1 0.787925 0.61052 0.462065 0.33565 0.227795 0.134755 0.05782 2e-05 -0.04156 -0.068185 -0.08373 -0.09215 -0.071445 -0.04247 -0.034515 0.000245 0.00012 6.5e-05 2.5e-05 5e-06 5e-06 0 0 0 0 0 0 0 0 
1 0.78889 0.610505 0.46029 0.33519 0.22671 0.13434 0.05877 -0.00071 -0.042835 -0.06895 -0.08415 -0.09234 -0.0966 -0.04201 -0.02435 0.000135 4e-05 3e-05 2.5e-05 1e-05 1e-05 5e-06 5e-06 5e-06 0 0 0 0 0 
1 0.79072 0.613275 0.463345 0.33715 0.229835 0.13794 0.06181 0.002555 -0.039955 -0.0674 -0.08347 -0.09214 -0.096605 -0.0523 0.00035 0.000215 0.000105 4.5e-05 5e-06 5e-06 0 0 0 0 0 0 0 0 0 
1 0.791665 0.61425 0.46495 0.340335 0.2335 0.141855 0.06512 0.005065 -0.036995 -0.064715 -0.0811 -0.09044 -0.095315 -0.096305 -0.089705 -0.08489 8.5e-05 5.5e-05 4e-05 2.5e-05 1e-05 0 0 0 0 0 0 0 0 
1 0.78959 0.61228 0.462285 0.33633 0.22915 0.13733 0.06072 0.00194 -0.03931 -0.066505 -0.082995 -0.091735 -0.096085 -0.09824 -0.05881 -0.01502 9e-05 3.5e-05 3e-05 0 0 0 0 0 0 0 0 0 0 
1 0.7893 0.61349 0.461445 0.333915 0.227875 0.135255 0.059405 0.000235 -0.04245 -0.06905 -0.084585 -0.092775 -0.08898 -0.06435 0.00023 0.00011 5.5e-05 4e-05 1.5e-05 5e-06 0 0 0 0 0 0 0 0 0 
1 0.791905 0.616695 0.4687 0.34387 0.236775 0.145155 0.068325 0.008485 -0.03491 -0.063175 -0.08079 -0.090485 -0.09549 -0.08974 -0.09082 -0.091335 4e-05 2e-05 5e-06 0 0 0 0 0 0 0 0 0 0 
1 0.787885 0.60949 0.459505 0.33319 0.226715 0.134615 0.058315 0.00016 -0.0413 -0.068175 -0.083825 -0.092285 -0.09658 -0.09864 0.000245 0.000135 5e-05 3e-05 5e-06 0 0 0 0 0 0 0 0 0 0 
1 0.789985 0.61368 0.466415 0.340375 0.232865 0.1405 0.063285 0.003 -0.03995 -0.0675 -0.083195 -0.09168 -0.09023 -0.071335 0.00047 0.000275 0.00015 8e-05 5.5e-05 3e-05 1.5e-05 1e-05 5e-06 5e-06 0 0 0 0 0 
1 0.790235 0.61451 0.465875 0.34142 0.23401 0.14117 0.06473 0.005675 -0.03708 -0.06473 -0.081455 -0.09099 -0.09579 -0.0902 -0.08327 -0.02795 -0.02809 5e-05 4e-05 2e-05 1e-05 1e-05 5e-06 5e-06 0 0 0 0 0 
1 0.785295 0.608225 0.457735 0.33153 0.2237 0.131835 0.05626 -0.002435 -0.044725 -0.07117 -0.08599 -0.09373 -0.09737 -0.098915 0.00021 0.000145 8e-05 3.5e-05 2.5e-05 5e-06 5e-06 0 0 0 0 0 0 0 0 
1 0.79045 0.61399 0.465415 0.338585 0.23153 0.139495 0.063145 0.00366 -0.03941 -0.06669 -0.082505 -0.09138 -0.095075 -0.08841 -0.086445 -0.086945 -0.06663 5.5e-05 3e-05 1e-05 0 0 0 0 0 0 0 0 0 
1 0.79107 0.61564 0.466105 0.339605 0.232495 0.14125 0.06558 0.00607 -0.037355 -0.06558 -0.082495 -0.091705 -0.096355 -0.098425 -0.09744 -0.09778 -0.09793 4.5e-05 5e-06 0 0 0 0 0 0 0 0 0 0 
1 0.790945 0.61282 0.464985 0.337595 0.22977 0.138505 0.061895 0.001995 -0.040325 -0.06711 -0.08232 -0.091055 -0.09567 -0.08724 -0.088305 -0.087125 0.00011 5e-05 2e-05 1.5e-05 1e-05 0 0 0 0 0 0 0 0 
1 0.786395 0.60981 0.4609 0.33478 0.227005 0.13483 0.05887 0.00029 -0.04045 -0.066085 -0.08204 -0.084955 -0.08611 -0.088435 -0.050275 -0.05075 -0.050975 0.000115 5.5e-05 3e-05 1.5e-05 5e-06 0 0 0 0 0 0 0 
1 0.78862 0.61131 0.46201 0.336625 0.22947 0.13837 0.062625 0.003405 -0.03938 -0.067005 -0.083285 -0.091885 -0.09615 -0.089115 0.00043 0.00024 0.00012 7e-05 4.5e-05 2e-05 5e-06 5e-06 0 0 0 0 0 0 0 
1 0.78845 0.61046 0.46033 0.33364 0.22626 0.133945 0.057515 -0.00154 -0.04324 -0.070185 -0.085535 -0.093515 -0.097185 -0.09436 -0.0952 -0.095465 5e-06 0 0 0 0 0 0 0 0 0 0 0 0 
1 0.78929 0.61215 0.46276 0.334705 0.227265 0.1363 0.06035 0.00159 -0.040105 -0.06747 -0.08364 -0.092135 -0.09585 -0.09782 -0.05474 -0.05507 0.000105 6.5e-05 3e-05 1.5e-05 1e-05 0 0 0 0 0 0 0 0 
1 0.79111 0.61578 0.46717 0.34031 0.234135 0.14224 0.0658 0.004615 -0.038855 -0.067 -0.08305 -0.091985 -0.09654 -0.09861 -0.082355 -0.082645 8e-05 5e-05 3.5e-05 2.5e-05 1e-05 0 0 0 0 0 0 0 0 
1 0.790015 0.61273 0.464545 0.339105 0.23144 0.139215 0.063245 0.0039 -0.03784 -0.06591 -0.082385 -0.090945 -0.09553 -0.097875 -0.01575 -0.016025 0.00013 7e-05 3e-05 1e-05 5e-06 0 0 0 0 0 0 0 0 
1 0.78978 0.61347 0.46393 0.338095 0.231415 0.138645 0.062465 0.00238 -0.039415 -0.066895 -0.0832 -0.09208 -0.09642 -0.09846 -0.06054 0.000185 9.5e-05 3.5e-05 2.5e-05 1e-05 0 0 0 0 0 0 0 0 0 
1 0.79008 0.613445 0.4633 0.33636 0.22908 0.13725 0.06085 0.001825 -0.04047 -0.067485 -0.08329 -0.091905 -0.096025 -0.097905 -0.064295 -0.008055 0.000215 0.00013 8.5e-05 5e-05 2.5e-05 1e-05 1e-05 0 0 0 0 0 0 
1 0.788945 0.61196 0.46343 0.336655 0.22958 0.13666 0.060895 0.001515 -0.041325 -0.068595 -0.08465 -0.092825 -0.096665 -0.098605 0.000245 0.000125 0.000105 6.5e-05 3.5e-05 3e-05 2e-05 2e-05 1.5e-05 1e-05 5e-06 5e-06 5e-06 0 0 
1 0.78983 0.613085 0.46307 0.3387 0.22976 0.138685 0.062115 0.003515 -0.03739 -0.06502 -0.08184 -0.09151 -0.08634 -0.088505 -0.059455 -0.05982 -0.048345 -0.02461 -0.024665 0.0001 5e-05 3e-05 1.5e-05 5e-06 5e-06 5e-06 0 0 0 
1 0.78827 0.60994 0.461075 0.336975 0.230325 0.13914 0.06286 0.00409 -0.038695 -0.065465 -0.081725 -0.09083 -0.095555 -0.092845 -0.093995 -0.094485 -0.0947 6.5e-05 3e-05 2e-05 1.5e-05 5e-06 0 0 0 0 0 0 0 
1 0.788935 0.61234 0.46211 0.33648 0.22787 0.136115 0.06073 0.00136 -0.04069 -0.068075 -0.08347 -0.09196 -0.096365 -0.098435 -0.00065 -0.00083 9.5e-05 6e-05 2.5e-05 1e-05 1e-05 1e-05 1e-05 0 0 0 0 0 0 
1 0.79016 0.612385 0.463435 0.33634 0.230195 0.138735 0.062015 0.00368 -0.038015 -0.064745 -0.08152 -0.08867 -0.09106 -0.09103 -0.092145 -0.00555 -0.005655 -0.00572 5.5e-05 3e-05 2e-05 1.5e-05 0 0 0 0 0 0 0 
1 0.787665 0.60957 0.46121 0.335545 0.22771 0.13548 0.059795 0.00073 -0.041045 -0.06842 -0.08408 -0.09273 -0.09693 -0.077945 -0.03304 -0.033235 0.000115 7.5e-05 4e-05 3.5e-05 2e-05 5e-06 5e-06 0 0 0 0 0 0 
1 0.79008 0.61251 0.46252 0.335075 0.227235 0.13569 0.0599 0.00073 -0.04125 -0.068315 -0.083815 -0.092495 -0.096745 -0.092845 -0.093565 -0.093895 -0.09403 -0.09407 -0.094125 2e-05 1.5e-05 1.5e-05 1e-05 1e-05 1e-05 1e-05 0 0 0 
1 0.79128 0.61665 0.46884 0.34251 0.234605 0.14348 0.06759 0.006945 -0.035925 -0.0631 -0.080215 -0.08987 -0.095 -0.09761 -0.098845 -0.089235 -0.0895 2.5e-05 1.5e-05 5e-06 5e-06 0 0 0 0 0 0 0 0 
1 0.791425 0.61364 0.464835 0.33864 0.231205 0.13941 0.065025 0.005285 -0.036585 -0.06413 -0.080885 -0.09009 -0.09477 -0.097495 -0.09425 0.0002 0.000105 6e-05 3.5e-05 2.5e-05 1e-05 5e-06 0 0 0 0 0 0 0 
1 0.79175 0.61713 0.468245 0.341405 0.23511 0.1432 0.06751 0.007425 -0.035305 -0.062835 -0.08042 -0.08987 -0.09495 -0.097775 -0.09895 0.000245 0.00014 7.5e-05 4e-05 1.5e-05 5e-06 0 0 0 0 0 0 0 0 
1 0.791215 0.61495 0.465685 0.339935 0.232455 0.14071 0.062905 0.00309 -0.039 -0.06648 -0.083245 -0.092095 -0.096545 -0.097725 -0.06311 0.00014 7e-05 5.5e-05 3e-05 5e-06 0 0 0 0 0 0 0 0 0 
1 0.78949 0.614675 0.46744 0.341105 0.234025 0.14333 0.066645 0.00729 -0.036045 -0.06428 -0.08199 -0.091465 -0.09606 -0.05598 -0.056715 -0.05707 0.000155 8.5e-05 6e-05 1e-05 5e-06 0 0 0 0 0 0 0 0 
1 0.78858 0.612895 0.462575 0.335795 0.228155 0.136565 0.061 0.00202 -0.040235 -0.06687 -0.08289 -0.09165 -0.09604 -0.09825 -0.099215 -0.099625 -0.09984 2.5e-05 1e-05 5e-06 5e-06 5e-06 5e-06 0 0 0 0 0 0 
1 0.791315 0.613855 0.465995 0.341 0.233625 0.14109 0.064705 0.004055 -0.03914 -0.06694 -0.08336 -0.09202 -0.092905 -0.094735 -0.095495 -0.09588 -0.09604 -0.096115 -0.096145 -0.096205 0 0 0 0 0 0 0 0 0 
1 0.79073 0.61292 0.46348 0.338465 0.23111 0.138635 0.06204 0.002165 -0.04058 -0.06824 -0.084205 -0.09267 -0.09702 -0.098835 -0.099485 -0.099805 -0.09995 1.5e-05 1e-05 5e-06 0 0 0 0 0 0 0 0 0 
1 0.78941 0.61089 0.463215 0.337975 0.229685 0.138135 0.061555 0.001945 -0.039935 -0.067715 -0.08376 -0.092555 -0.0966 -0.098635 -0.099405 -0.078735 8e-05 4.5e-05 3e-05 5e-06 0 0 0 0 0 0 0 0 0 
1 0.78916 0.613685 0.464595 0.34015 0.23302 0.1429 0.066725 0.00733 -0.035645 -0.06397 -0.081005 -0.09025 -0.095505 -0.08573 -0.04195 -0.042225 0.0001 4.5e-05 4e-05 2e-05 1e-05 5e-06 5e-06 5e-06 0 0 0 0 0 
1 0.790355 0.61588 0.468035 0.342265 0.23663 0.145265 0.068505 0.009285 -0.034175 -0.063415 -0.080915 -0.090315 -0.09559 -0.09803 0.00038 0.000235 0.0001 6.5e-05 4e-05 3e-05 2e-05 1.5e-05 1e-05 5e-06 0 0 0 0 0 
1 0.78901 0.61176 0.461345 0.33536 0.22803 0.135895 0.05851 -9e-05 -0.04112 -0.068055 -0.083695 -0.09179 -0.09614 -0.09831 -0.078625 -0.079025 -0.07921 4e-05 2.5e-05 1e-05 0 0 0 0 0 0 0 0 0 
1 0.78824 0.61113 0.462055 0.33741 0.23004 0.13813 0.063145 0.003085 -0.039275 -0.06771 -0.083905 -0.092495 -0.09042 -0.09226 -0.07519 0.000155 9e-05 4.5e-05 2.5e-05 1.5e-05 1.5e-05 1e-05 0 0 0 0 0 0 0 
1 0.78964 0.612165 0.462395 0.33619 0.230005 0.138235 0.061445 0.00173 -0.04055 -0.06813 -0.08387 -0.090995 -0.09213 -0.081655 -0.073865 -0.07419 -0.07433 -0.07439 0.00011 7.5e-05 4e-05 1e-05 1e-05 5e-06 0 0 0 0 0 
1 0.789535 0.61334 0.464825 0.337735 0.2323 0.141115 0.06469 0.005055 -0.037425 -0.065465 -0.082355 -0.09157 -0.0875 -0.08958 -0.09038 0.00019 9e-05 4.5e-05 3e-05 1.5e-05 5e-06 0 0 0 0 0 0 0 0 
1 0.788075 0.60983 0.460825 0.334535 0.227455 0.13498 0.058755 -3e-05 -0.041715 -0.067895 -0.083265 -0.091945 -0.096365 -0.0107 -0.011065 0.000245 0.000135 8.5e-05 6.5e-05 4.5e-05 3.5e-05 3e-05 2e-05 2e-05 1e-05 5e-06 5e-06 5e-06 0 
1 0.790445 0.61181 0.46211 0.33486 0.22665 0.13356 0.05756 -0.001885 -0.042745 -0.069175 -0.084555 -0.092685 -0.09703 -0.098765 -0.09945 0.00014 8.5e-05 4e-05 1e-05 0 0 0 0 0 0 0 0 0 0 
1 0.79047 0.61425 0.46471 0.338375 0.23027 0.13859 0.062245 0.00289 -0.039595 -0.067185 -0.08313 -0.09199 -0.09645 -0.07408 -0.074855 0.00012 5e-05 1.5e-05 1e-05 1e-05 5e-06 0 0 0 0 0 0 0 0 
1 0.791395 0.615105 0.46802 0.342865 0.236435 0.145105 0.06787 0.007735 -0.035585 -0.064535 -0.081305 -0.09094 -0.09549 -0.097855 -0.010585 0.00024 0.000115 7.5e-05 6e-05 4.5e-05 1.5e-05 1e-05 0 0 0 0 0 0 0 
1 0.790505 0.611455 0.463425 0.3367 0.228625 0.136645 0.060475 0.001185 -0.0401 -0.06738 -0.083325 -0.09185 -0.09548 -0.040565 -0.041255 -0.041585 -0.01103 7.5e-05 4.5e-05 3e-05 1e-05 5e-06 0 0 0 0 0 0 0 
1 0.78855 0.609295 0.461295 0.33524 0.228055 0.136435 0.059805 0.00157 -0.039515 -0.066555 -0.08248 -0.091325 -0.09606 -0.095965 -0.02697 -0.027225 -0.027365 -0.027425 4.5e-05 4e-05 1.5e-05 1.5e-05 1e-05 1e-05 1e-05 1e-05 0 0 0 
1 0.78949 0.61384 0.4634 0.338035 0.23009 0.13789 0.061965 0.0022 -0.039855 -0.067205 -0.083515 -0.089225 -0.093565 -0.071255 -0.05668 -0.05703 7.5e-05 2.5e-05 5e-06 5e-06 5e-06 5e-06 0 0 0 0 0 0 0 
1 0.79024 0.61203 0.463245 0.334825 0.22648 0.13413 0.057335 -0.00122 -0.04185 -0.068295 -0.083835 -0.092095 -0.096455 -0.09849 -0.065025 0.0001 6e-05 2.5e-05 1.5e-05 5e-06 0 0 0 0 0 0 0 0 0 
1 0.786615 0.60676 0.45739 0.332155 0.224475 0.13306 0.057285 -0.00168 -0.043415 -0.068905 -0.08404 -0.092125 -0.094995 -0.04498 -0.045595 -0.01237 9.5e-05 6e-05 2e-05 1.5e-05 0 0 0 0 0 0 0 0 0 
1 0.789285 0.613335 0.4644 0.338625 0.230895 0.139635 0.0637 0.003675 -0.03906 -0.066125 -0.081755 -0.09078 -0.07827 -0.080665 -0.081605 0.00017 8.5e-05 4.5e-05 2e-05 5e-06 0 0 0 0 0 0 0 0 0 
1 0.79063 0.61484 0.4657 0.340315 0.233155 0.141655 0.06556 0.00597 -0.036665 -0.065175 -0.081805 -0.091075 -0.094195 -0.096555 -0.075475 -0.009975 9.5e-05 2.5e-05 5e-06 5e-06 0 0 0 0 0 0 0 0 0 
1 0.788745 0.611605 0.463575 0.337215 0.23002 0.13795 0.0623 0.00272 -0.038845 -0.066185 -0.082515 -0.091005 -0.094895 -0.04571 -0.04638 -0.046715 -0.046935 -0.047095 7e-05 4.5e-05 2e-05 5e-06 0 0 0 0 0 0 0 
1 0.7888 0.609735 0.46073 0.335635 0.2281 0.13591 0.060195 0.0008 -0.04134 -0.067645 -0.08345 -0.09176 -0.095 -0.089275 -0.090185 -0.090525 -0.09072 3.5e-05 1e-05 1e-05 1e-05 0 0 0 0 0 0 0 0 
1 0.790285 0.614395 0.466075 0.33913 0.23228 0.14083 0.06416 0.00384 -0.039125 -0.06672 -0.08313 -0.09185 -0.091525 -0.09081 -0.0339 0.000325 0.000215 0.000145 0.0001 6e-05 4.5e-05 3e-05 1e-05 1e-05 0 0 0 0 0 
1 0.79 0.613095 0.465295 0.340935 0.232895 0.14125 0.06468 0.005505 -0.03831 -0.06576 -0.082135 -0.09148 -0.096095 -0.09823 -0.027285 -0.02425 -0.02434 8.5e-05 5.5e-05 3.5e-05 1.5e-05 5e-06 5e-06 0 0 0 0 0 0 
1 0.78791 0.611235 0.462765 0.336715 0.229255 0.13762 0.061345 0.000545 -0.040895 -0.06753 -0.083575 -0.09225 -0.096545 -0.0986 -0.09949 0.00011 5e-05 3.5e-05 1.5e-05 1e-05 0 0 0 0 0 0 0 0 0 
1 0.78736 0.60917 0.458325 0.33246 0.224025 0.13228 0.0558 -0.00299 -0.04467 -0.070305 -0.084685 -0.091895 -0.096155 -0.0621 -0.017325 0.00015 5.5e-05 3.5e-05 2e-05 5e-06 0 0 0 0 0 0 0 0 0 
1 0.79038 0.61237 0.463955 0.33739 0.229835 0.13687 0.05955 4.5e-05 -0.042405 -0.069285 -0.0847 -0.092805 -0.09671 -0.0987 -0.07605 -0.07631 -0.076425 2.5e-05 5e-06 5e-06 5e-06 0 0 0 0 0 0 0 0 
1 0.79012 0.61341 0.462905 0.3377 0.23046 0.13855 0.061315 0.001795 -0.04035 -0.06769 -0.083895 -0.092465 -0.096835 -0.09877 -0.08697 -0.08728 4e-05 2.5e-05 1.5e-05 1e-05 1e-05 5e-06 5e-06 0 0 0 0 0 0 
1 0.787845 0.610625 0.461615 0.33609 0.230355 0.13871 0.06202 0.002475 -0.039695 -0.06689 -0.08338 -0.091775 -0.09279 -0.08513 -0.085875 -0.086275 0.000165 0.000115 6e-05 4e-05 2.5e-05 2e-05 1e-05 5e-06 5e-06 0 0 0 0 
1 0.78819 0.61167 0.46325 0.337895 0.22967 0.139055 0.06185 0.002315 -0.04001 -0.06667 -0.083 -0.091505 -0.095855 -0.098 -0.099125 -0.079355 -0.02457 -0.024605 -0.02466 2.5e-05 1.5e-05 5e-06 0 0 0 0 0 0 0 
1 0.78967 0.614115 0.46454 0.338735 0.23107 0.141035 0.06547 0.005895 -0.03684 -0.064535 -0.08153 -0.090575 -0.095635 -0.097955 -0.043125 -0.04341 0.000175 0.00011 8e-05 5e-05 3.5e-05 3e-05 2e-05 1.5e-05 5e-06 0 0 0 0 
1 0.78802 0.61107 0.462335 0.33643 0.228725 0.13755 0.05987 0.00067 -0.04131 -0.068485 -0.083945 -0.092395 -0.09627 -0.093215 -0.045175 0.00019 0.00013 7.5e-05 4.5e-05 2e-05 1.5e-05 5e-06 0 0 0 0 0 0 0 
1 0.78908 0.611395 0.46163 0.33646 0.228685 0.136835 0.061065 0.002105 -0.039725 -0.067455 -0.083525 -0.092055 -0.089475 -0.09064 -0.07478 -0.07512 0.00012 6.5e-05 2e-05 1e-05 1e-05 5e-06 0 0 0 0 0 0 0 
1 0.78998 0.613415 0.4655 0.339415 0.2323 0.14073 0.065 0.00585 -0.037035 -0.06537 -0.081885 -0.09094 -0.0947 -0.097065 -0.098015 -0.09844 8.5e-05 5e-05 1.5e-05 1e-05 0 0 0 0 0 0 0 0 0 
1 0.788985 0.61308 0.462305 0.33642 0.230305 0.13905 0.062405 0.003655 -0.03903 -0.0661 -0.082125 -0.087735 -0.092535 -0.088655 -0.03815 -0.0385 7e-05 3.5e-05 2.5e-05 1.5e-05 1e-05 5e-06 0 0 0 0 0 0 0 
1 0.790205 0.614075 0.465355 0.339185 0.233005 0.140635 0.06488 0.005865 -0.036725 -0.065285 -0.08223 -0.091255 -0.093605 -0.09579 -0.078055 0.00023 0.00012 8.5e-05 6e-05 3e-05 2.5e-05 1e-05 5e-06 5e-06 0 0 0 0 0 
1 0.78863 0.61168 0.46186 0.33537 0.228565 0.13694 0.060375 0.001865 -0.039685 -0.066645 -0.082895 -0.091615 -0.096055 -0.09825 -0.06887 0.00012 5.5e-05 1e-05 5e-06 5e-06 5e-06 0 0 0 0 0 0 0 0 
1 0.789815 0.612325 0.463765 0.336255 0.230625 0.13879 0.06219 0.003715 -0.03915 -0.066445 -0.082465 -0.09113 -0.095635 -0.09809 -0.02807 0.00019 9e-05 4.5e-05 2e-05 5e-06 0 0 0 0 0 0 0 0 0 
1 0.78936 0.61146 0.46347 0.33551 0.227965 0.13591 0.059225 -0.000605 -0.042285 -0.0686 -0.08386 -0.08174 -0.08573 -0.08085 -0.081655 -0.082045 -0.082155 4.5e-05 2e-05 1.5e-05 1e-05 1e-05 1e-05 0 0 0 0 0 0 
1 0.790945 0.61334 0.464695 0.33775 0.22998 0.13705 0.06046 0.000165 -0.041395 -0.068845 -0.084375 -0.092675 -0.09646 -0.09346 -0.094285 0.00015 9e-05 6e-05 3.5e-05 1.5e-05 1e-05 0 0 0 0 0 0 0 0 
1 0.78926 0.60909 0.45983 0.332595 0.224785 0.133125 0.05652 -0.002225 -0.043145 -0.06905 -0.0842 -0.092445 -0.096265 -0.09557 -0.096375 -0.096745 -0.09698 6.5e-05 4.5e-05 3.5e-05 1.5e-05 1e-05 1e-05 1e-05 5e-06 0 0 0 0 
1 0.79163 0.615385 0.46603 0.34028 0.234 0.141635 0.063725 0.00335 -0.039 -0.06666 -0.08376 -0.092645 -0.09684 -0.08663 0.00023 0.00013 7.5e-05 3.5e-05 5e-06 5e-06 0 0 0 0 0 0 0 0 0 
1 0.78805 0.609625 0.46028 0.3332 0.225695 0.134255 0.058045 -0.001285 -0.042495 -0.06927 -0.084675 -0.092765 -0.09699 -0.098775 -0.09955 9e-05 4e-05 2.5e-05 1e-05 0 0 0 0 0 0 0 0 0 0 
1 0.791675 0.612855 0.46404 0.338135 0.230405 0.13831 0.06341 0.003395 -0.039535 -0.067695 -0.08387 -0.09267 -0.094235 -0.09593 -0.072865 8e-05 3.5e-05 1.5e-05 5e-06 0 0 0 0 0 0 0 0 0 0 
1 0.788885 0.61073 0.461275 0.33484 0.227625 0.13497 0.05832 -0.00075 -0.041915 -0.06829 -0.083995 -0.092555 -0.08676 -0.0885 -0.08928 0.000115 4e-05 1e-05 1e-05 5e-06 0 0 0 0 0 0 0 0 0 
1 0.78788 0.60902 0.45794 0.33138 0.22383 0.131485 0.05551 -0.002535 -0.043115 -0.06968 -0.085195 -0.093385 -0.09731 -0.09883 -0.09946 9.5e-05 2.5e-05 1e-05 5e-06 0 0 0 0 0 0 0 0 0 0 
1 0.789115 0.611985 0.46411 0.339165 0.23083 0.138705 0.061885 0.001795 -0.040995 -0.06843 -0.084335 -0.090085 -0.09142 -0.014325 0.000305 0.000165 7.5e-05 4.5e-05 2.5e-05 2e-05 5e-06 0 0 0 0 0 0 0 0 
1 0.789445 0.61287 0.464665 0.338865 0.231305 0.138865 0.06216 0.003265 -0.03874 -0.066165 -0.0828 -0.091835 -0.09616 -0.09443 -0.095275 -0.075885 -0.07598 5e-05 2e-05 1e-05 1e-05 5e-06 0 0 0 0 0 0 0 
1 0.78823 0.610435 0.460965 0.33561 0.228175 0.13612 0.060405 0.00212 -0.03956 -0.06648 -0.082445 -0.09114 -0.09054 -0.07395 -0.074885 -0.02838 -0.028525 -0.028565 -0.028595 -0.028615 -0.028665 2e-05 1.5e-05 5e-06 5e-06 0 0 0 0 
1 0.788065 0.60843 0.458135 0.332905 0.225925 0.13327 0.05737 -0.00092 -0.04245 -0.069045 -0.08417 -0.092265 -0.08146 -0.023205 -0.02388 0.00024 0.00014 8.5e-05 5.5e-05 3.5e-05 2e-05 1e-05 0 0 0 0 0 0 0 
1 0.79204 0.614005 0.46509 0.33817 0.231725 0.140595 0.064425 0.00516 -0.036735 -0.06419 -0.08098 -0.090105 -0.09497 -0.088055 -0.08917 -0.08984 -0.090135 8e-05 6e-05 4e-05 1.5e-05 5e-06 5e-06 0 0 0 0 0 0 
1 0.78856 0.61081 0.462005 0.33517 0.226895 0.134395 0.059105 0.00024 -0.041675 -0.06854 -0.083775 -0.09238 -0.08515 -0.064295 -0.050185 0.00027 0.000165 9.5e-05 7.5e-05 3.5e-05 2e-05 2e-05 5e-06 5e-06 5e-06 0 0 0 0 
1 0.79067 0.61369 0.46487 0.33825 0.2303 0.138095 0.061205 0.00114 -0.041205 -0.068205 -0.083845 -0.092485 -0.09673 -0.086205 -0.086985 -0.087275 9.5e-05 7.5e-05 4.5e-05 4e-05 2.5e-05 2e-05 2e-05 1e-05 5e-06 0 0 0 0 
1 0.7888 0.60967 0.460125 0.334585 0.226505 0.134645 0.059255 -0.000135 -0.0408 -0.06779 -0.083705 -0.087165 -0.091165 -0.077035 -0.077875 0.00012 8e-05 5.5e-05 3.5e-05 1e-05 5e-06 0 0 0 0 0 0 0 0 
1 0.79051 0.61569 0.46728 0.341785 0.23485 0.143375 0.067505 0.007525 -0.03605 -0.06493 -0.08187 -0.09099 -0.08688 -0.089225 -0.08035 0.00015 8e-05 2e-05 5e-06 5e-06 0 0 0 0 0 0 0 0 0 
1 0.78766 0.60941 0.460225 0.332855 0.226335 0.135035 0.05935 0.00059 -0.04057 -0.06762 -0.083355 -0.091345 -0.08125 -0.0517 -0.052335 -0.052625 0.00018 9.5e-05 6e-05 4.5e-05 2.5e-05 2e-05 5e-06 0 0 0 0 0 0 
1 0.789845 0.61296 0.46338 0.33581 0.22842 0.136635 0.06009 0.00104 -0.041405 -0.06817 -0.083945 -0.092305 -0.09662 -0.067305 -0.04627 0.000145 6.5e-05 4e-05 5e-06 0 0 0 0 0 0 0 0 0 0 
1 0.78942 0.6112 0.461605 0.337065 0.228895 0.135935 0.058965 0.000475 -0.041175 -0.06776 -0.083525 -0.09234 -0.09531 -0.07227 -0.069225 -0.069545 4e-05 1.5e-05 1.5e-05 1.5e-05 1e-05 0 0 0 0 0 0 0 0 
1 0.787045 0.60908 0.460635 0.335325 0.229045 0.137415 0.061425 0.001965 -0.03904 -0.06615 -0.08204 -0.090575 -0.08735 -0.07227 -0.01017 0.000275 0.00014 6.5e-05 2e-05 1.5e-05 1e-05 5e-06 5e-06 5e-06 0 0 0 0 0 
1 0.7905 0.613185 0.462975 0.33681 0.229165 0.139005 0.0626 0.003565 -0.038585 -0.06601 -0.08197 -0.09135 -0.09474 -0.09052 -0.025405 0.000215 0.000135 9.5e-05 5e-05 3.5e-05 3e-05 1.5e-05 1.5e-05 1e-05 0 0 0 0 0 
1 0.78969 0.613985 0.464695 0.34038 0.234615 0.144375 0.06695 0.00737 -0.035765 -0.06417 -0.08107 -0.09037 -0.09275 -0.09524 -0.081645 -0.082055 0.00013 6.5e-05 5e-05 2e-05 1e-05 1e-05 5e-06 0 0 0 0 0 0 
1 0.78693 0.60913 0.460015 0.332695 0.22562 0.13323 0.055205 -0.00401 -0.045565 -0.07142 -0.08613 -0.09401 -0.097525 -0.09898 -0.099545 -0.08855 0.000125 0.0001 8.5e-05 8e-05 6.5e-05 5.5e-05 4.5e-05 4.5e-05 2.5e-05 1.5e-05 1.5e-05 1e-05 5e-06 
1 0.789695 0.613755 0.46521 0.33852 0.23265 0.140515 0.06453 0.00516 -0.037985 -0.066145 -0.082115 -0.09121 -0.095605 -0.08837 -0.057665 -0.007065 0.000185 0.00012 9.5e-05 7.5e-05 4.5e-05 4e-05 3e-05 3e-05 2e-05 2e-05 1.5e-05 1.5e-05 5e-06 
1 0.790335 0.61447 0.46509 0.339535 0.233135 0.14105 0.064115 0.004765 -0.03792 -0.06618 -0.08254 -0.091415 -0.096135 -0.09824 -0.09925 -0.09404 -0.06548 1e-05 5e-06 0 0 0 0 0 0 0 0 0 0 
1 0.788725 0.61121 0.461745 0.335025 0.22497 0.133335 0.057575 -0.00102 -0.043395 -0.069555 -0.084645 -0.092555 -0.09564 -0.062745 -0.063405 -0.063695 0.00015 0.00011 7.5e-05 6e-05 4e-05 3.5e-05 2e-05 1.5e-05 5e-06 5e-06 0 0 0 
1 0.790295 0.61271 0.46468 0.340485 0.233305 0.14171 0.06524 0.005545 -0.03775 -0.06545 -0.08231 -0.08799 -0.08194 -0.07061 -0.07146 -0.00263 -0.00276 -0.002825 -0.00287 -0.002915 5e-05 3e-05 2.5e-05 2e-05 5e-06 5e-06 0 0 0 
1 0.79048 0.615165 0.466025 0.33906 0.230835 0.138515 0.061785 0.000635 -0.04125 -0.06797 -0.083555 -0.092195 -0.096585 -0.09843 -0.067145 -0.067525 -0.067685 -0.067735 1e-05 5e-06 5e-06 0 0 0 0 0 0 0 0 
1 0.78602 0.606415 0.45584 0.33045 0.22382 0.13278 0.05645 -0.001855 -0.043565 -0.06928 -0.084955 -0.092795 -0.0853 -0.075865 -0.061955 0.00017 9e-05 5.5e-05 3.5e-05 2e-05 1e-05 1e-05 0 0 0 0 0 0 0 
1 0.787925 0.60935 0.458305 0.33156 0.225805 0.133605 0.05702 -0.0023 -0.043275 -0.068805 -0.08405 -0.09228 -0.07957 -0.07978 -0.080655 0.000175 0.0001 4.5e-05 3e-05 2e-05 1e-05 0 0 0 0 0 0 0 0 
1 0.79016 0.61326 0.46357 0.337125 0.228895 0.13702 0.06135 0.001795 -0.040995 -0.0683 -0.083845 -0.089705 -0.080515 -0.048135 0.000435 0.000265 0.00013 8.5e-05 6e-05 3.5e-05 3e-05 1.5e-05 1e-05 1e-05 5e-06 0 0 0 0 
1 0.78755 0.61112 0.46311 0.33814 0.229845 0.138115 0.06075 0.001095 -0.040555 -0.067145 -0.0832 -0.092115 -0.09662 -0.071415 -0.07209 -0.07238 -0.07247 1.5e-05 1e-05 1e-05 5e-06 0 0 0 0 0 0 0 0 
1 0.7892 0.61194 0.461605 0.33571 0.227695 0.135715 0.05971 0.000465 -0.041535 -0.067725 -0.083575 -0.092225 -0.085285 -0.086965 -0.02524 -0.025435 -0.025595 6.5e-05 4e-05 3e-05 2.5e-05 2e-05 1e-05 0 0 0 0 0 0 
1 0.789315 0.611845 0.461485 0.33506 0.22757 0.135515 0.05887 -0.000885 -0.042755 -0.069325 -0.084385 -0.09259 -0.0967 -0.098615 0.00031 0.000205 0.00013 7.5e-05 4.5e-05 4e-05 2.5e-05 1.5e-05 1e-05 5e-06 0 0 0 0 0 
1 0.787535 0.61076 0.46228 0.33659 0.228385 0.13575 0.06058 0.001585 -0.04094 -0.068395 -0.08449 -0.09271 -0.096635 -0.098615 -0.044735 0.0001 6.5e-05 4e-05 2.5e-05 1e-05 5e-06 5e-06 5e-06 0 0 0 0 0 0 
1 0.789425 0.6132 0.46281 0.33545 0.227595 0.134495 0.05724 -0.002155 -0.04337 -0.06989 -0.084875 -0.09053 -0.090365 -0.075475 -0.054935 0.00014 7e-05 3.5e-05 1.5e-05 1e-05 0 0 0 0 0 0 0 0 0 
1 0.79171 0.614855 0.465935 0.341205 0.234915 0.142935 0.06565 0.005855 -0.03786 -0.06597 -0.082525 -0.091705 -0.09645 -0.098395 -0.074535 -0.074825 9.5e-05 6.5e-05 5e-05 4e-05 3e-05 2.5e-05 2e-05 2e-05 1.5e-05 5e-06 5e-06 5e-06 0 
1 0.788285 0.61106 0.46113 0.33587 0.228355 0.13604 0.05961 0.0016 -0.040445 -0.06753 -0.08337 -0.090675 -0.09521 -0.095685 -0.09657 -0.097005 4.5e-05 2e-05 1.5e-05 5e-06 0 0 0 0 0 0 0 0 0 
1 0.788115 0.610775 0.46232 0.336445 0.228695 0.138375 0.06349 0.00442 -0.037185 -0.065005 -0.08149 -0.09057 -0.094965 -0.09455 -0.0449 -0.0165 -0.007745 -0.00788 -0.00794 4.5e-05 3e-05 1.5e-05 5e-06 5e-06 5e-06 0 0 0 0 
1 0.79246 0.616515 0.468985 0.34387 0.23734 0.14591 0.069245 0.00907 -0.03446 -0.063565 -0.08063 -0.09025 -0.095055 -0.097745 -0.078545 -0.079145 -0.079355 8.5e-05 5e-05 3.5e-05 3e-05 2e-05 1e-05 0 0 0 0 0 0 
1 0.78877 0.60963 0.460245 0.335325 0.228075 0.136525 0.059975 0.00137 -0.03983 -0.066975 -0.08227 -0.0911 -0.0956 -0.08213 -0.081355 -0.079085 -0.07922 -0.079245 1.5e-05 1.5e-05 1e-05 5e-06 0 0 0 0 0 0 0 
1 0.79094 0.613445 0.464435 0.338905 0.23087 0.139785 0.06333 0.0036 -0.03906 -0.06649 -0.083035 -0.09164 -0.094715 -0.088305 -0.02803 -0.02131 -0.02145 -0.021485 -0.021515 -0.02156 4.5e-05 2.5e-05 2.5e-05 2.5e-05 2e-05 2e-05 5e-06 5e-06 5e-06 
1 0.79131 0.615055 0.465525 0.337715 0.228345 0.136075 0.059655 0.00026 -0.041615 -0.068215 -0.083835 -0.090565 -0.09461 -0.03645 -0.036695 -0.037005 0.00013 9.5e-05 6e-05 4e-05 2.5e-05 1.5e-05 1.5e-05 5e-06 5e-06 5e-06 0 0 0 
1 0.78999 0.611675 0.46202 0.33467 0.2279 0.135415 0.05967 0.00152 -0.04016 -0.067155 -0.083415 -0.09181 -0.09631 -0.07867 -0.04472 -0.04505 9.5e-05 7.5e-05 4e-05 2e-05 5e-06 0 0 0 0 0 0 0 0 
1 0.79033 0.61386 0.465105 0.3388 0.232265 0.13998 0.063085 0.00337 -0.039105 -0.06581 -0.082435 -0.09128 -0.09585 -0.093535 -0.028105 0.0003 0.00016 9e-05 3e-05 2e-05 1e-05 5e-06 0 0 0 0 0 0 0 
1 0.790085 0.61155 0.462465 0.33686 0.22998 0.137535 0.061525 0.00216 -0.039955 -0.06702 -0.08322 -0.091915 -0.09161 -0.09354 -0.008935 0.000105 5.5e-05 3e-05 1.5e-05 1e-05 0 0 0 0 0 0 0 0 0 
1 0.7904 0.61311 0.465955 0.341715 0.233725 0.142145 0.065105 0.005365 -0.03762 -0.06528 -0.081305 -0.09038 -0.095225 -0.0977 -0.07807 0.00026 0.000145 9.5e-05 3.5e-05 1e-05 5e-06 0 0 0 0 0 0 0 0 
1 0.79202 0.614685 0.465 0.339685 0.232565 0.1399 0.06364 0.0044 -0.03739 -0.064815 -0.08196 -0.09125 -0.09607 -0.097875 -0.09073 -0.09116 -0.09134 3.5e-05 2e-05 5e-06 5e-06 0 0 0 0 0 0 0 0 
1 0.789835 0.610455 0.46229 0.336835 0.22977 0.13805 0.06221 0.00218 -0.03979 -0.067465 -0.083785 -0.092565 -0.09669 -0.09853 -0.093325 0.00017 9e-05 5e-05 4e-05 1.5e-05 5e-06 0 0 0 0 0 0 0 0 
1 0.79089 0.614055 0.46361 0.337265 0.2307 0.138965 0.06402 0.005775 -0.037135 -0.06509 -0.081875 -0.09128 -0.08994 -0.092195 -0.06111 0.00015 0.0001 4.5e-05 2e-05 5e-06 5e-06 5e-06 0 0 0 0 0 0 0 
1 0.79063 0.614015 0.464795 0.33964 0.23349 0.14158 0.06565 0.005415 -0.03686 -0.06457 -0.081345 -0.09035 -0.09172 -0.0683 -0.04776 0.000315 0.00019 9.5e-05 7e-05 3.5e-05 2.5e-05 2e-05 2e-05 1e-05 1e-05 1e-05 5e-06 0 0 
1 0.78948 0.61391 0.464215 0.33801 0.229065 0.13565 0.060125 0.001835 -0.04063 -0.06776 -0.083745 -0.09209 -0.09395 -0.0869 -0.02375 -0.01906 -0.019165 8.5e-05 6e-05 3e-05 5e-06 0 0 0 0 0 0 0 0 
1 0.788775 0.61083 0.461775 0.335375 0.227565 0.134295 0.05881 0.00015 -0.041145 -0.067825 -0.08362 -0.09172 -0.09609 -0.09822 -0.09925 -0.09966 -0.01052 4e-05 2e-05 1e-05 0 0 0 0 0 0 0 0 0 
1 0.78957 0.612395 0.462665 0.335265 0.22775 0.13578 0.060225 1e-05 -0.04147 -0.067805 -0.08276 -0.091665 -0.09623 -0.08105 0.000315 0.000185 9.5e-05 4.5e-05 1.5e-05 0 0 0 0 0 0 0 0 0 0 
1 0.79116 0.615045 0.46605 0.339865 0.23249 0.139775 0.062835 0.004365 -0.037955 -0.06582 -0.08233 -0.09022 -0.076995 -0.068285 -0.06025 -0.06063 -0.06078 6.5e-05 5e-05 2.5e-05 1e-05 1e-05 0 0 0 0 0 0 0 
1 0.78803 0.6099 0.45948 0.33298 0.22572 0.134485 0.057395 -0.000715 -0.04274 -0.06901 -0.084355 -0.092735 -0.09641 -0.096475 0.000215 0.000125 7e-05 5e-05 3e-05 3e-05 1e-05 5e-06 0 0 0 0 0 0 0 
1 0.790055 0.613905 0.46591 0.340235 0.233765 0.143275 0.0666 0.006665 -0.036175 -0.06399 -0.081635 -0.09152 -0.096655 -0.087755 -0.052955 0.00011 5.5e-05 2.5e-05 1e-05 1e-05 0 0 0 0 0 0 0 0 0 
1 0.78997 0.61194 0.4638 0.33793 0.230745 0.13784 0.06061 0.00186 -0.039875 -0.067085 -0.08318 -0.09202 -0.07643 -0.0784 -0.028605 -0.02883 6e-05 3.5e-05 1.5e-05 1e-05 0 0 0 0 0 0 0 0 0 
1 0.79024 0.612725 0.46301 0.337275 0.23076 0.138445 0.061845 0.00205 -0.039855 -0.066865 -0.08334 -0.092295 -0.09639 -0.09833 -0.099285 -0.069585 4e-05 2e-05 5e-06 5e-06 0 0 0 0 0 0 0 0 0 
1 0.78917 0.612105 0.463645 0.337655 0.22982 0.13748 0.061135 0.002015 -0.040575 -0.06797 -0.083515 -0.09206 -0.0963 -0.08564 -0.08654 -0.08692 6.5e-05 4e-05 2.5e-05 2e-05 5e-06 0 0 0 0 0 0 0 0 
1 0.78713 0.6087 0.458405 0.332065 0.22348 0.132595 0.055495 -0.00314 -0.04429 -0.07044 -0.08545 -0.093295 -0.09715 -0.09122 0.00023 0.00012 6e-05 5.5e-05 2.5e-05 1e-05 0 0 0 0 0 0 0 0 0 
1 0.790765 0.61558 0.466845 0.3408 0.23448 0.14267 0.06603 0.005855 -0.0376 -0.066075 -0.08262 -0.09064 -0.095285 -0.097275 -0.09825 -0.0988 -0.09905 7e-05 5e-05 3.5e-05 2e-05 1.5e-05 1.5e-05 0 0 0 0 0 0 
1 0.789675 0.61278 0.462955 0.337685 0.22954 0.137565 0.061445 0.001945 -0.040575 -0.067675 -0.08307 -0.0907 -0.09104 -0.09323 -0.09434 -0.0717 -0.071835 -0.0719 1e-05 5e-06 0 0 0 0 0 0 0 0 0 
1 0.787795 0.60937 0.459785 0.333415 0.223845 0.13121 0.056165 -0.00186 -0.04273 -0.06901 -0.083675 -0.09153 -0.09584 -0.09494 -0.083455 -0.003555 0.000125 6e-05 2.5e-05 1.5e-05 5e-06 0 0 0 0 0 0 0 0 
1 0.78955 0.612535 0.46124 0.333745 0.22677 0.135885 0.060875 0.00165 -0.040605 -0.06797 -0.083965 -0.09231 -0.096085 -0.077405 -0.07822 -0.04064 5.5e-05 1e-05 0 0 0 0 0 0 0 0 0 0 0 
1 0.787945 0.60999 0.459715 0.33345 0.226015 0.13274 0.05688 -0.00131 -0.04262 -0.069455 -0.084565 -0.092935 -0.096805 -0.08115 -0.00511 -0.005295 -0.00538 5e-05 2.5e-05 1.5e-05 1.5e-05 1.5e-05 1e-05 1e-05 0 0 0 0 0 
1 0.787955 0.610365 0.460655 0.33471 0.22661 0.13486 0.05932 0.00087 -0.041535 -0.068315 -0.08402 -0.09234 -0.09653 -0.09855 -0.05082 -0.05107 -0.051205 5.5e-05 3e-05 1e-05 0 0 0 0 0 0 0 0 0 
1 0.78645 0.60774 0.458085 0.33107 0.22326 0.130975 0.05486 -0.003045 -0.043485 -0.069915 -0.085 -0.085325 -0.07277 -0.054965 -0.034205 0.00027 0.000165 0.00012 6.5e-05 2.5e-05 1e-05 5e-06 0 0 0 0 0 0 0 
1 0.791535 0.615245 0.466585 0.3402 0.233155 0.141105 0.063965 0.00403 -0.039255 -0.066975 -0.08239 -0.091505 -0.09616 -0.098375 -0.099395 0.0001 5.5e-05 3.5e-05 2e-05 1e-05 5e-06 0 0 0 0 0 0 0 0 
1 0.788985 0.612635 0.462375 0.33638 0.22853 0.135985 0.05979 -0.00064 -0.04233 -0.06926 -0.085025 -0.09317 -0.09708 -0.098835 -0.099545 9e-05 4e-05 1.5e-05 1.5e-05 5e-06 0 0 0 0 0 0 0 0 0 
1 0.789005 0.611515 0.462965 0.33618 0.227645 0.136275 0.060465 0.002875 -0.03868 -0.065925 -0.08235 -0.0916 -0.096325 -0.098485 0.000285 0.00015 7.5e-05 3.5e-05 2e-05 5e-06 0 0 0 0 0 0 0 0 0 
1 0.788945 0.611995 0.46276 0.337975 0.23118 0.139865 0.063575 0.00358 -0.038835 -0.065965 -0.082205 -0.09103 -0.09555 -0.094585 -0.09577 0.00022 0.00014 6.5e-05 4e-05 1e-05 5e-06 0 0 0 0 0 0 0 0 
1 0.79154 0.61259 0.462405 0.33523 0.227615 0.13656 0.06021 0.001225 -0.04071 -0.067715 -0.083285 -0.091765 -0.09642 -0.039155 -0.03985 -0.040055 0.00012 6.5e-05 4e-05 1.5e-05 1e-05 1e-05 5e-06 5e-06 0 0 0 0 0 
1 0.79157 0.61532 0.46496 0.338795 0.23206 0.140015 0.06261 0.0023 -0.039875 -0.06673 -0.08297 -0.091005 -0.08811 -0.074985 -0.05238 -0.052715 0.000115 6.5e-05 4e-05 1.5e-05 0 0 0 0 0 0 0 0 0 
1 0.789 0.61073 0.46209 0.335695 0.22791 0.135235 0.05878 0.000715 -0.041495 -0.06842 -0.083655 -0.0922 -0.09493 -0.064955 -0.054085 -0.054305 -0.05442 5.5e-05 3.5e-05 2.5e-05 2e-05 1e-05 1e-05 1e-05 0 0 0 0 0 
1 0.7892 0.612565 0.46417 0.33754 0.22902 0.13766 0.06103 0.002205 -0.04054 -0.0679 -0.084045 -0.092645 -0.09163 -0.083485 0.00029 0.00017 0.0001 4e-05 1.5e-05 1e-05 5e-06 5e-06 5e-06 0 0 0 0 0 0 
1 0.789775 0.610055 0.460455 0.333715 0.22705 0.13626 0.05991 0.001345 -0.03978 -0.06749 -0.0837 -0.069705 -0.04561 -0.02716 -0.01217 -0.012395 -0.01256 0.000115 8e-05 4.5e-05 1.5e-05 1.5e-05 5e-06 5e-06 0 0 0 0 0 
1 0.791525 0.61483 0.466135 0.340325 0.23296 0.141265 0.064435 0.004215 -0.03886 -0.066175 -0.082995 -0.09191 -0.09627 -0.097075 -0.09798 -0.098365 -0.0985 8e-05 5.5e-05 3e-05 2e-05 5e-06 5e-06 0 0 0 0 0 0 
1 0.78808 0.60898 0.458565 0.33151 0.22425 0.13334 0.05715 -0.001345 -0.041815 -0.06819 -0.083345 -0.091775 -0.09247 -0.090375 -0.08036 0.0002 0.00013 8.5e-05 7e-05 4.5e-05 3.5e-05 2.5e-05 2e-05 2e-05 1.5e-05 1e-05 1e-05 1e-05 1e-05 
1 0.791955 0.6171 0.469555 0.34439 0.237105 0.145035 0.068925 0.008535 -0.03529 -0.063865 -0.080815 -0.09074 -0.094145 -0.09648 -0.04988 -0.050255 0.00012 7.5e-05 3.5e-05 1.5e-05 5e-06 0 0 0 0 0 0 0 0 
1 0.786275 0.60881 0.457795 0.332625 0.225475 0.13365 0.05769 -0.00115 -0.042665 -0.06926 -0.084505 -0.092635 -0.080115 -0.08174 -0.014235 -0.014405 9.5e-05 6e-05 4.5e-05 3e-05 2.5e-05 2e-05 2e-05 2e-05 5e-06 5e-06 5e-06 0 0 
1 0.789185 0.612855 0.461745 0.334905 0.22812 0.13662 0.060635 0.001235 -0.041085 -0.067915 -0.08345 -0.09202 -0.09642 -0.075415 -0.014355 0.000135 8.5e-05 3e-05 1e-05 0 0 0 0 0 0 0 0 0 0 
1 0.790795 0.613905 0.463635 0.337235 0.22972 0.1381 0.06097 0.00216 -0.04016 -0.067365 -0.083405 -0.09223 -0.09678 -0.098675 -0.099495 -0.0998 -0.099935 1.5e-05 1.5e-05 1e-05 5e-06 0 0 0 0 0 0 0 0 
1 0.79123 0.61424 0.46473 0.337395 0.230595 0.13902 0.062965 0.002685 -0.040095 -0.067175 -0.083555 -0.09209 -0.09652 -0.08578 0.00025 0.00014 6e-05 3e-05 1e-05 0 0 0 0 0 0 0 0 0 0 
1 0.789805 0.61274 0.46366 0.33766 0.231635 0.14035 0.064235 0.005145 -0.037245 -0.06469 -0.08141 -0.09006 -0.08813 -0.09027 -0.091455 -0.001255 -0.00138 8e-05 5e-05 3e-05 2e-05 2e-05 2e-05 1e-05 1e-05 5e-06 5e-06 5e-06 0 
1 0.7897 0.61239 0.46483 0.338445 0.23202 0.14109 0.06492 0.00642 -0.03629 -0.064125 -0.080825 -0.08491 -0.081505 -0.05916 -0.05417 -0.002675 -0.000965 6.5e-05 3e-05 1.5e-05 5e-06 0 0 0 0 0 0 0 0 
1 0.78867 0.61286 0.4632 0.337285 0.23042 0.138395 0.06086 -0.00028 -0.04296 -0.070405 -0.086015 -0.09371 -0.09745 -0.098955 -0.09964 -0.09982 -0.077495 -0.077535 -0.077575 1.5e-05 5e-06 5e-06 5e-06 0 0 0 0 0 0 
1 0.787695 0.609225 0.45997 0.332585 0.225385 0.134325 0.057685 -0.000765 -0.042385 -0.069245 -0.084545 -0.092615 -0.08902 -0.09076 -0.06867 -0.001085 -0.00118 3e-05 2e-05 1e-05 1e-05 0 0 0 0 0 0 0 0 
1 0.79014 0.61439 0.46525 0.339215 0.232525 0.14125 0.06578 0.00577 -0.03772 -0.06607 -0.082665 -0.091125 -0.087665 -0.0858 -0.086835 -0.087295 -0.087515 3e-05 1e-05 5e-06 5e-06 0 0 0 0 0 0 0 0 
1 0.78838 0.609735 0.45832 0.331435 0.222635 0.13024 0.05461 -0.002995 -0.044315 -0.070375 -0.08523 -0.09232 -0.096325 -0.048055 -0.014895 0.000205 0.000135 9.5e-05 3.5e-05 1.5e-05 1e-05 1e-05 0 0 0 0 0 0 0 
1 0.791365 0.61393 0.465615 0.339185 0.23193 0.14034 0.06307 0.00364 -0.03865 -0.066335 -0.082735 -0.09144 -0.091925 -0.09044 -0.083775 9.5e-05 4e-05 2e-05 1.5e-05 5e-06 0 0 0 0 0 0 0 0 0 
1 0.787585 0.60884 0.45794 0.330525 0.222515 0.13115 0.05432 -0.00391 -0.044585 -0.07 -0.085085 -0.092905 -0.09672 -0.095655 -0.068565 -0.068915 7.5e-05 2.5e-05 5e-06 5e-06 5e-06 0 0 0 0 0 0 0 0 
1 0.79081 0.61329 0.464995 0.33791 0.23067 0.13922 0.062175 0.002315 -0.039855 -0.06698 -0.08327 -0.092275 -0.096475 -0.086145 -0.072185 -0.04719 0.000125 0.0001 4.5e-05 3.5e-05 3e-05 2.5e-05 2e-05 1.5e-05 1.5e-05 1.5e-05 5e-06 5e-06 5e-06 
1 0.789355 0.610945 0.46151 0.337215 0.230915 0.14052 0.064755 0.00529 -0.037775 -0.06585 -0.08257 -0.09153 -0.096155 -0.098265 -0.07085 0.00019 0.00014 7e-05 4.5e-05 2e-05 0 0 0 0 0 0 0 0 0 
1 0.787115 0.607685 0.4586 0.332795 0.22462 0.13256 0.05722 -0.000885 -0.041465 -0.06848 -0.08373 -0.092515 -0.08807 -0.089905 0.000215 6.5e-05 2.5e-05 5e-06 5e-06 0 0 0 0 0 0 0 0 0 0 
1 0.791165 0.614935 0.46663 0.34257 0.2351 0.14303 0.066405 0.006155 -0.036925 -0.06567 -0.08179 -0.090965 -0.095525 -0.09098 -0.06144 -0.05221 -0.052415 0.000105 6e-05 3.5e-05 1.5e-05 1e-05 1e-05 0 0 0 0 0 0 
1 0.787025 0.608615 0.460655 0.33311 0.225685 0.13472 0.05847 -0.00054 -0.04165 -0.068145 -0.08362 -0.092 -0.087475 -0.08947 -0.090525 -0.043865 -0.044025 5e-05 2e-05 1e-05 0 0 0 0 0 0 0 0 0 
1 0.79205 0.61612 0.46855 0.34222 0.236165 0.14396 0.067585 0.00731 -0.035395 -0.063675 -0.081035 -0.090845 -0.08504 -0.08505 -0.08137 -0.033985 -0.03416 -0.03422 7e-05 5.5e-05 4.5e-05 2.5e-05 2.5e-05 1.5e-05 1e-05 5e-06 5e-06 5e-06 0 
1 0.78968 0.61109 0.46357 0.33737 0.230215 0.139105 0.06187 0.00202 -0.039445 -0.066735 -0.08299 -0.09191 -0.092565 -0.06694 -0.067645 -0.06806 9e-05 3.5e-05 1.5e-05 0 0 0 0 0 0 0 0 0 0 
1 0.78827 0.612745 0.46543 0.338815 0.231605 0.140035 0.06344 0.003585 -0.038405 -0.065795 -0.0825 -0.091295 -0.09578 -0.072305 -0.073285 0.000225 0.000125 6e-05 5e-05 2.5e-05 1.5e-05 5e-06 0 0 0 0 0 0 0 
1 0.789295 0.61145 0.462425 0.336825 0.22954 0.137295 0.06189 0.00326 -0.039105 -0.067495 -0.083865 -0.092535 -0.088985 -0.09076 -0.04374 -0.043985 9e-05 6e-05 3e-05 1.5e-05 5e-06 0 0 0 0 0 0 0 0 
1 0.78839 0.61151 0.46329 0.33845 0.231805 0.1396 0.063635 0.003435 -0.038865 -0.066345 -0.08234 -0.09152 -0.096205 -0.098325 -0.099305 0.00016 0.000105 7e-05 4.5e-05 2.5e-05 1e-05 5e-06 5e-06 5e-06 0 0 0 0 0 
1 0.78868 0.610475 0.4612 0.33526 0.226215 0.134865 0.05907 0.000735 -0.041105 -0.068355 -0.083995 -0.09209 -0.07223 -0.05715 -0.04237 0.00014 7e-05 4e-05 1.5e-05 1.5e-05 5e-06 0 0 0 0 0 0 0 0 
1 0.789175 0.609435 0.45937 0.333985 0.226255 0.133735 0.056755 -0.00249 -0.042305 -0.068495 -0.083195 -0.09133 -0.091085 -0.09308 -0.02807 -0.00041 -0.000555 0.00032 0.000215 0.000145 8e-05 3e-05 1.5e-05 1e-05 0 0 0 0 0 
1 0.78756 0.609805 0.459995 0.334105 0.22715 0.135655 0.059535 0.000845 -0.04137 -0.06806 -0.08393 -0.09239 -0.0888 -0.06094 -0.05154 0.00021 0.00013 6.5e-05 3.5e-05 2e-05 1.5e-05 1e-05 1e-05 0 0 0 0 0 0 
1 0.78702 0.60994 0.46212 0.33632 0.228385 0.136885 0.06009 0.001885 -0.03956 -0.06636 -0.082345 -0.09121 -0.09538 -0.096555 -0.09755 -0.039605 -0.039795 -0.03987 5.5e-05 3e-05 1e-05 1e-05 5e-06 0 0 0 0 0 0 
1 0.78969 0.6125 0.463055 0.33771 0.22955 0.138435 0.062245 0.002985 -0.038715 -0.0668 -0.082305 -0.09138 -0.087395 -0.089445 -0.090365 -0.09079 -0.09094 -0.09098 5e-06 0 0 0 0 0 0 0 0 0 0 
1 0.789795 0.61306 0.4629 0.33691 0.230135 0.13853 0.061975 0.002295 -0.03974 -0.067045 -0.082465 -0.091115 -0.085115 -0.071265 -0.06118 -0.061635 -0.061925 4.5e-05 4e-05 1.5e-05 5e-06 0 0 0 0 0 0 0 0 
1 0.78796 0.609475 0.46011 0.334115 0.22497 0.134465 0.05905 -0.00062 -0.042455 -0.069195 -0.08471 -0.093045 -0.09722 -0.09381 -0.07621 5e-05 3.5e-05 1e-05 0 0 0 0 0 0 0 0 0 0 0 
1 0.78916 0.612415 0.46236 0.33574 0.22833 0.1366 0.06197 0.003205 -0.03921 -0.06674 -0.082915 -0.09157 -0.09625 -0.077355 -0.07807 0.000135 5.5e-05 4.5e-05 3e-05 2.5e-05 2e-05 5e-06 0 0 0 0 0 0 0 
1 0.789385 0.611795 0.46168 0.33462 0.226915 0.13583 0.05895 -0.000525 -0.041665 -0.06776 -0.083395 -0.091965 -0.096405 -0.098335 -0.046675 -0.04692 -0.047105 0.00012 7e-05 5e-05 2e-05 1e-05 1e-05 0 0 0 0 0 0 
1 0.79045 0.613755 0.464725 0.33777 0.22984 0.137645 0.060805 0.00122 -0.040965 -0.068205 -0.08366 -0.09214 -0.094415 -0.096425 -0.043935 0.000205 0.00014 6.5e-05 2.5e-05 1.5e-05 0 0 0 0 0 0 0 0 0 
1 0.789205 0.61193 0.46412 0.3384 0.229805 0.139635 0.063695 0.004485 -0.039395 -0.06653 -0.082545 -0.091305 -0.08413 -0.080155 -0.06703 -0.06749 -0.06387 5e-05 3e-05 1e-05 1e-05 5e-06 0 0 0 0 0 0 0 
1 0.78967 0.612225 0.46302 0.337285 0.229785 0.137685 0.06039 0.001005 -0.04055 -0.067065 -0.083045 -0.091455 -0.07072 -0.066575 -0.067625 -0.06802 -0.02615 7e-05 2e-05 1.5e-05 5e-06 5e-06 0 0 0 0 0 0 0 
1 0.790395 0.613 0.464435 0.338505 0.23142 0.13912 0.062375 0.00249 -0.04013 -0.06717 -0.083645 -0.09235 -0.096415 -0.06222 0.000345 0.00017 9e-05 4.5e-05 1e-05 0 0 0 0 0 0 0 0 0 0 
1 0.78855 0.611535 0.460815 0.33558 0.228055 0.136375 0.060345 0.001385 -0.04136 -0.06815 -0.083435 -0.091945 -0.09358 -0.092965 -0.018125 -0.016435 -0.016535 -0.0166 2e-05 1e-05 0 0 0 0 0 0 0 0 0 
1 0.789445 0.611675 0.463195 0.3367 0.228575 0.1368 0.06066 0.002335 -0.0398 -0.066675 -0.08282 -0.09176 -0.08331 -0.055025 -0.05445 -0.05478 -0.054945 4e-05 2e-05 1e-05 5e-06 5e-06 5e-06 0 0 0 0 0 0 
1 0.791645 0.617245 0.46906 0.34343 0.234875 0.14339 0.066835 0.00687 -0.03637 -0.064455 -0.082235 -0.090995 -0.09567 -0.09807 -0.09563 0.00028 0.000195 0.000135 8e-05 5e-05 4.5e-05 2.5e-05 1e-05 0 0 0 0 0 0 
1 0.788955 0.611925 0.46322 0.337655 0.23147 0.13903 0.062925 0.00426 -0.03818 -0.065625 -0.082395 -0.091405 -0.09596 -0.057865 -0.05869 -0.020165 0.000135 9e-05 5.5e-05 3e-05 2e-05 5e-06 5e-06 5e-06 5e-06 5e-06 0 0 0 
1 0.78817 0.61284 0.463735 0.337975 0.231255 0.139055 0.061505 0.00195 -0.03956 -0.066925 -0.082995 -0.090665 -0.08386 -0.07218 -0.013685 0.00026 0.000175 9e-05 4.5e-05 2e-05 5e-06 0 0 0 0 0 0 0 0 
1 0.79184 0.614045 0.46571 0.338615 0.231415 0.13972 0.064605 0.005805 -0.036955 -0.06428 -0.08121 -0.0905 -0.095385 -0.097915 -0.08509 -0.085575 0.000155 9.5e-05 6.5e-05 5e-05 3.5e-05 2.5e-05 1e-05 0 0 0 0 0 0 
1 0.79006 0.61225 0.461895 0.336115 0.22898 0.136255 0.05947 0.001415 -0.040535 -0.06763 -0.083 -0.09148 -0.09605 -0.09014 -0.0567 0.000185 0.0001 7e-05 2e-05 1e-05 0 0 0 0 0 0 0 0 0 
1 0.7897 0.611955 0.463265 0.33852 0.23013 0.13707 0.061035 0.001505 -0.04045 -0.066515 -0.082385 -0.091285 -0.095805 -0.09104 -0.092055 -0.09255 -0.09287 -0.09301 2e-05 1e-05 0 0 0 0 0 0 0 0 0 
1 0.78969 0.611345 0.462105 0.33571 0.22847 0.136665 0.060745 0.001015 -0.041125 -0.068045 -0.08404 -0.092435 -0.096565 -0.09845 -0.09926 0.00015 0.0001 6e-05 3.5e-05 1.5e-05 0 0 0 0 0 0 0 0 0 
1 0.787225 0.609425 0.4605 0.33322 0.226565 0.13436 0.05927 8.5e-05 -0.041735 -0.068445 -0.083855 -0.092205 -0.09207 -0.094005 -0.09499 -0.03296 4.5e-05 2.5e-05 1.5e-05 1.5e-05 1.5e-05 1e-05 1e-05 5e-06 0 0 0 0 0 
1 0.790655 0.61443 0.463715 0.3375 0.231335 0.13954 0.06339 0.00465 -0.03804 -0.06534 -0.08229 -0.09155 -0.09588 -0.09816 -0.09926 -0.09975 -0.09993 0 0 0 0 0 0 0 0 0 0 0 0 
1 0.788145 0.60895 0.458305 0.33325 0.225145 0.13251 0.056875 -0.00178 -0.043135 -0.06931 -0.083925 -0.092165 -0.0962 -0.098225 -0.09916 0.000185 0.000115 7e-05 5.5e-05 3.5e-05 2.5e-05 1e-05 5e-06 0 0 0 0 0 0 
1 0.7884 0.609165 0.460035 0.333295 0.225895 0.13409 0.057655 -0.000675 -0.041735 -0.067965 -0.08354 -0.092005 -0.096325 -0.09845 -0.09944 9.5e-05 4e-05 1e-05 0 0 0 0 0 0 0 0 0 0 0 
1 0.78948 0.611405 0.461435 0.335475 0.227985 0.136515 0.060805 0.001815 -0.040085 -0.0674 -0.08362 -0.09247 -0.09652 -0.07835 -0.01912 -0.002715 0.00011 6e-05 4e-05 2e-05 5e-06 5e-06 5e-06 0 0 0 0 0 0 
1 0.788225 0.609895 0.460675 0.33603 0.228365 0.13638 0.0607 0.001885 -0.039825 -0.066655 -0.083405 -0.09255 -0.09681 -0.09809 0.00027 0.000145 7.5e-05 4e-05 3e-05 2e-05 1.5e-05 5e-06 0 0 0 0 0 0 0 
