1 0.80372 0.55333 0.3219 0.16014 0.0721 0.02955 0.01137 0.00424 0.00133 0.00042 0.00016 2e-05 0 0 0 0 0 0 0 
1 0.80189 0.5495 0.3138 0.15503 0.06811 0.02714 0.01042 0.00365 0.00131 0.00035 0.00012 2e-05 0 0 0 0 0 0 0 
1 0.80085 0.5509 0.31706 0.15475 0.06658 0.02569 0.00952 0.00342 0.00135 0.0006 0.0002 7e-05 3e-05 1e-05 0 0 0 0 0 
1 0.80209 0.55325 0.31656 0.15401 0.06665 0.0264 0.00985 0.00321 0.00127 0.00046 0.00016 3e-05 4.05453e-17 0 0 0 0 0 0 
1 0.79951 0.54761 0.31592 0.15384 0.06576 0.02594 0.00918 0.00335 0.00131 0.00058 0.00024 0.0001 1e-05 0 0 0 0 0 0 
1 0.80001 0.5477 0.31602 0.15648 0.06773 0.02604 0.00988 0.00359 0.00103 0.00021 6e-05 2.63511e-17 0 0 0 0 0 0 0 
1 0.80166 0.55185 0.31658 0.15322 0.06597 0.02555 0.00926 0.00311 0.00096 0.00031 6e-05 3e-05 0 0 0 0 0 0 0 
1 0.79964 0.55072 0.31388 0.15185 0.06458 0.02519 0.00889 0.00283 0.00083 0.00014 4e-05 0 0 0 0 0 0 0 0 
1 0.79867 0.54688 0.31288 0.15274 0.06764 0.0278 0.01057 0.00375 0.00146 0.00063 0.00015 3e-05 0 0 0 0 0 0 0 
1 0.79887 0.54524 0.31123 0.15116 0.06437 0.02452 0.00904 0.00351 0.00136 0.00061 0.00031 0.00014 5e-05 1e-05 1e-05 0 0 0 0 
1 0.8002 0.5477 0.31584 0.15731 0.06878 0.02763 0.01014 0.00375 0.00141 0.00049 0.00018 5e-05 1e-05 0 0 0 0 0 0 
1 0.79674 0.54316 0.31048 0.15044 0.06493 0.02525 0.00926 0.00369 0.00137 0.00041 7e-05 2e-05 2e-05 0 0 0 0 0 0 
1 0.79909 0.54914 0.31622 0.15564 0.06796 0.02683 0.00929 0.00312 0.00114 0.00032 5e-05 1e-05 0 0 0 0 0 0 0 
1 0.80165 0.55099 0.31532 0.15444 0.06692 0.02633 0.00928 0.00301 0.00085 0.00026 6e-05 3e-05 0 0 0 0 0 0 0 
1 0.80132 0.54849 0.31692 0.15595 0.06879 0.02785 0.01053 0.00383 0.00138 0.00048 0.00013 2e-05 1e-05 0 0 0 0 0 0 
1 0.79862 0.54647 0.31391 0.1547 0.0664 0.02537 0.00937 0.00336 0.00103 0.00032 9e-05 2.71033e-17 0 0 0 0 0 0 0 
1 0.79888 0.54812 0.31142 0.14965 0.06534 0.02539 0.00946 0.00365 0.00127 0.00049 0.00012 3e-05 2e-05 0 0 0 0 0 0 
1 0.79963 0.5466 0.31311 0.15545 0.06645 0.02617 0.00973 0.00389 0.0015 0.00067 0.00025 7e-05 3e-05 1e-05 0 0 0 0 0 
1 0.79719 0.54412 0.31286 0.15254 0.06632 0.02638 0.00969 0.00322 0.00107 0.00032 7e-05 1e-05 0 0 0 0 0 0 0 
1 0.80057 0.54818 0.31388 0.15219 0.06526 0.02561 0.0094 0.00345 0.00117 0.00042 0.00012 1e-05 0 0 0 0 0 0 0 
1 0.79873 0.54689 0.31257 0.15348 0.06586 0.02572 0.00971 0.00331 0.00118 0.00046 0.00016 4e-05 0 0 0 0 0 0 0 
1 0.79844 0.54474 0.31196 0.15154 0.06556 0.02581 0.0099 0.00346 0.00134 0.00051 0.00022 8e-05 2e-05 1e-05 0 0 0 0 0 
1 0.80092 0.54921 0.31656 0.15531 0.06797 0.02611 0.00954 0.00352 0.00115 0.00039 8e-05 2e-05 0 0 0 0 0 0 0 
1 0.79985 0.5449 0.31441 0.15491 0.06632 0.02566 0.00945 0.00292 0.00091 0.00019 7e-05 0 0 0 0 0 0 0 0 
1 0.80154 0.55193 0.31616 0.15492 0.0659 0.02596 0.00928 0.00341 0.00113 0.00034 9e-05 0 0 0 0 0 0 0 0 
1 0.80029 0.54674 0.31419 0.15207 0.06579 0.02526 0.0089 0.00316 0.00099 0.00031 0.00012 2e-05 0 0 0 0 0 0 0 
1 0.80113 0.54897 0.31308 0.15183 0.06566 0.02658 0.01006 0.00354 0.00115 0.00035 9e-05 0 0 0 0 0 0 0 0 
1 0.79906 0.54753 0.31467 0.15279 0.06587 0.02602 0.0096 0.00321 0.00105 0.00037 0.00013 6e-05 2e-05 0 0 0 0 0 0 
1 0.79961 0.54881 0.31328 0.15471 0.0679 0.02761 0.01072 0.00403 0.00158 0.00049 0.00022 0.00011 2e-05 0 0 0 0 0 0 
1 0.7958 0.54509 0.31185 0.15215 0.0668 0.02745 0.0104 0.00346 0.00122 0.00033 8e-05 2e-05 0 0 0 0 0 0 0 
1 0.80153 0.55217 0.31877 0.15545 0.06759 0.02697 0.01007 0.0036 0.00131 0.00037 9e-05 1e-05 0 0 0 0 0 0 0 
1 0.79977 0.55077 0.31841 0.1573 0.07018 0.02906 0.01125 0.00408 0.00138 0.00041 0.00017 3e-05 2e-05 1e-05 0 0 0 0 0 
1 0.80037 0.54484 0.31116 0.15231 0.06572 0.0252 0.00869 0.00291 0.00085 0.00027 6e-05 1e-05 0 0 0 0 0 0 0 
1 0.79975 0.5482 0.31489 0.15581 0.06821 0.02763 0.01072 0.00388 0.00129 0.00046 0.00023 0.00013 0.00013 9e-05 3e-05 2e-05 0 0 0 
1 0.80074 0.54964 0.31435 0.15421 0.06496 0.02523 0.00965 0.00358 0.00126 0.00035 0.00013 2e-05 1e-05 0 0 0 0 0 0 
1 0.80112 0.55153 0.31876 0.15585 0.06825 0.0269 0.0105 0.00375 0.00133 0.00033 0.0001 2e-05 0 0 0 0 0 0 0 
1 0.80261 0.55115 0.31608 0.15517 0.06609 0.02609 0.00938 0.00347 0.00121 0.00036 0.00012 6e-05 4e-05 1e-05 0 0 0 0 0 
1 0.79796 0.54581 0.31396 0.15431 0.06582 0.0259 0.00935 0.00328 0.00129 0.00049 6e-05 1e-05 0 0 0 0 0 0 0 
1 0.7997 0.54605 0.31488 0.15419 0.06635 0.02704 0.01035 0.00356 0.00128 0.00053 0.00022 9e-05 4e-05 3e-05 2e-05 0 0 0 0 
1 0.7998 0.55093 0.31865 0.15841 0.06893 0.02744 0.01011 0.00369 0.00124 0.00045 0.00015 1e-05 0 0 0 0 0 0 0 
1 0.79715 0.54702 0.31501 0.15641 0.06943 0.02804 0.01055 0.00397 0.0013 0.00043 0.00016 6e-05 2e-05 1e-05 0 0 0 0 0 
1 0.7998 0.54972 0.31528 0.15527 0.06706 0.02769 0.01018 0.00382 0.00131 0.00045 0.00021 0.00011 2e-05 0 0 0 0 0 0 
1 0.79861 0.54397 0.3092 0.15016 0.06642 0.02597 0.00924 0.00325 0.00105 0.00037 9e-05 4e-05 0 0 0 0 0 0 0 
1 0.8017 0.55092 0.31686 0.15598 0.06708 0.02597 0.00917 0.00326 0.00113 0.00035 0.0001 2e-05 0 0 0 0 0 0 0 
1 0.79884 0.54707 0.31251 0.15051 0.06304 0.0245 0.00915 0.00321 0.00104 0.00033 0.00011 6e-05 1e-05 0 0 0 0 0 0 
1 0.8038 0.54941 0.31552 0.15263 0.06694 0.02604 0.00972 0.00336 0.00097 0.00029 8e-05 3e-05 0 0 0 0 0 0 0 
1 0.80006 0.54701 0.31552 0.15667 0.0682 0.02768 0.01019 0.00393 0.00138 0.0004 0.00017 6e-05 2e-05 0 0 0 0 0 0 
1 0.79855 0.54489 0.31207 0.15225 0.06586 0.02532 0.00939 0.00292 0.00068 0.00017 4e-05 0 0 0 0 0 0 0 0 
1 0.80291 0.55071 0.3182 0.15585 0.0678 0.02641 0.00972 0.00328 0.00107 0.00027 5e-05 0 0 0 0 0 0 0 0 
1 0.80276 0.5481 0.31296 0.1511 0.06474 0.02584 0.00964 0.00357 0.00123 0.00032 8e-05 4e-05 0 0 0 0 0 0 0 
1 0.80164 0.55028 0.31624 0.15494 0.06626 0.02595 0.00971 0.0034 0.0011 0.00036 0.00013 3e-05 1e-05 1e-05 1e-05 1e-05 0 0 0 
1 0.7986 0.54415 0.30842 0.14982 0.0642 0.02471 0.00864 0.00304 0.00092 0.00017 5e-05 1e-05 0 0 0 0 0 0 0 
1 0.80134 0.55112 0.31666 0.15433 0.06651 0.02741 0.01058 0.00401 0.00148 0.00041 0.00015 3e-05 1e-05 0 0 0 0 0 0 
1 0.80093 0.54866 0.31389 0.15254 0.06627 0.02776 0.01065 0.0041 0.00149 0.00039 9e-05 3e-05 1e-05 1e-05 0 0 0 0 0 
1 0.79717 0.54248 0.30985 0.15066 0.06479 0.02506 0.00912 0.00311 0.00111 0.00041 0.00018 4e-05 1e-05 0 0 0 0 0 0 
1 0.80196 0.55044 0.31543 0.15451 0.06669 0.02573 0.00891 0.00291 0.00093 0.00027 8e-05 3e-05 1e-05 0 0 0 0 0 0 
1 0.79992 0.54617 0.31182 0.15035 0.06385 0.02502 0.00901 0.0029 0.00072 0.00021 7e-05 1e-05 0 0 0 0 0 0 0 
1 0.79881 0.54565 0.31156 0.15138 0.06464 0.0255 0.00879 0.00284 0.00092 0.00029 8e-05 3e-05 1.01003e-17 0 0 0 0 0 0 
1 0.79747 0.54583 0.31746 0.15592 0.06725 0.02702 0.01051 0.00351 0.00105 0.00038 0.00011 2e-05 1e-05 0 0 0 0 0 0 
1 0.79985 0.54615 0.31212 0.1541 0.06752 0.02637 0.01037 0.00345 0.00103 0.0003 6e-05 3.36314e-17 0 0 0 0 0 0 0 
1 0.79851 0.54613 0.31352 0.15197 0.0646 0.02582 0.00978 0.00375 0.00144 0.00064 0.00031 9e-05 1e-05 0 0 0 0 0 0 
1 0.79748 0.54493 0.30928 0.15021 0.06447 0.02515 0.00923 0.00362 0.00134 0.00035 9e-05 2e-05 1e-05 0 0 0 0 0 0 
1 0.7991 0.54434 0.30982 0.15153 0.06447 0.02462 0.00934 0.0033 0.00107 0.0004 0.00019 0.00013 8e-05 4e-05 1e-05 1e-05 0 0 0 
1 0.80479 0.55581 0.322 0.15887 0.07021 0.02817 0.01085 0.00385 0.00144 0.00046 0.00019 5e-05 2e-05 0 0 0 0 0 0 
1 0.79997 0.54656 0.312 0.1522 0.06609 0.02615 0.00981 0.00359 0.0014 0.00044 8e-05 1e-05 1e-05 0 0 0 0 0 0 
1 0.80324 0.55147 0.31715 0.15699 0.06715 0.02643 0.01037 0.0039 0.00168 0.00067 0.00032 9e-05 2e-05 0 0 0 0 0 0 
1 0.79876 0.54758 0.31576 0.15482 0.06765 0.02665 0.01018 0.00372 0.00135 0.0004 0.00012 2e-05 1e-05 0 0 0 0 0 0 
1 0.79947 0.54526 0.31332 0.15333 0.06456 0.02497 0.00919 0.00346 0.00114 0.00041 0.0002 5e-05 1e-05 0 0 0 0 0 0 
1 0.79902 0.54456 0.31223 0.15064 0.06441 0.02494 0.00933 0.00307 0.00101 0.00031 0.00014 5e-05 1e-05 0 0 0 0 0 0 
1 0.79849 0.54667 0.31491 0.15455 0.06744 0.02745 0.01016 0.0041 0.00159 0.00051 0.00017 8e-05 3e-05 2.31037e-17 0 0 0 0 0 
1 0.79989 0.54598 0.31265 0.15119 0.06446 0.02549 0.00924 0.00304 0.001 0.00037 0.00012 7e-05 4e-05 1e-05 0 0 0 0 0 
1 0.80087 0.55008 0.31372 0.15475 0.06762 0.02756 0.0107 0.00376 0.0014 0.00057 0.00024 0.00015 7e-05 3.57631e-17 0 0 0 0 0 
1 0.80038 0.54523 0.30908 0.14903 0.06437 0.02505 0.00918 0.00331 0.00111 0.00043 0.00017 0.0001 5e-05 2e-05 0 0 0 0 0 
1 0.79782 0.54621 0.31281 0.15228 0.06485 0.02581 0.00971 0.00331 0.0013 0.00048 0.00019 3e-05 0 0 0 0 0 0 0 
1 0.8007 0.54662 0.3118 0.15204 0.06521 0.02543 0.00925 0.00314 0.00102 0.00027 7e-05 0 0 0 0 0 0 0 0 
1 0.79855 0.54403 0.31207 0.15223 0.067 0.02657 0.0102 0.00396 0.00146 0.00051 0.00016 3e-05 3.85803e-18 3.85803e-18 0 0 0 0 0 
1 0.79946 0.54719 0.31659 0.15618 0.06879 0.0274 0.00988 0.00352 0.00102 0.00029 6e-05 1e-05 0 0 0 0 0 0 0 
1 0.79833 0.54667 0.31385 0.15309 0.06605 0.0257 0.00922 0.00295 0.00092 0.00022 3e-05 0 0 0 0 0 0 0 0 
1 0.79848 0.54562 0.31172 0.15154 0.06634 0.02569 0.00981 0.0037 0.00143 0.00043 0.00014 3e-05 0 0 0 0 0 0 0 
1 0.80243 0.55124 0.31577 0.15478 0.06803 0.02758 0.00993 0.00324 0.00115 0.00036 0.0001 3e-05 3e-05 0 0 0 0 0 0 
1 0.80089 0.54814 0.31683 0.15432 0.06726 0.0273 0.01048 0.00356 0.00112 0.00035 9e-05 1e-05 0 0 0 0 0 0 0 
1 0.80172 0.54789 0.31355 0.15302 0.06577 0.02544 0.00911 0.00311 0.00087 0.00022 2e-05 0 0 0 0 0 0 0 0 
1 0.79891 0.54778 0.31553 0.15505 0.06703 0.02592 0.00935 0.00329 0.00108 0.00057 0.00031 0.00022 0.00013 7e-05 4e-05 1e-05 0 0 0 
1 0.8017 0.55009 0.31467 0.15206 0.06525 0.02581 0.0095 0.00291 0.00102 0.00025 4e-05 2e-05 0 0 0 0 0 0 0 
1 0.79856 0.54366 0.31098 0.15155 0.06661 0.02604 0.00959 0.00357 0.00134 0.00051 0.00031 0.00018 0.00013 5e-05 3e-05 4.50584e-17 0 0 0 
1 0.79766 0.54619 0.31583 0.15429 0.0675 0.02643 0.00976 0.00407 0.00152 0.00059 0.00021 7e-05 4e-05 1e-05 1e-05 1e-05 1e-05 0 0 
1 0.80157 0.54797 0.31257 0.15123 0.06468 0.02577 0.00975 0.0033 0.00113 0.00048 0.0002 5e-05 2e-05 0 0 0 0 0 0 
1 0.79869 0.54991 0.3151 0.15262 0.06562 0.02588 0.0093 0.00339 0.00094 0.00028 0.00011 3e-05 0 0 0 0 0 0 0 
1 0.79856 0.549 0.31408 0.15183 0.06494 0.02527 0.00969 0.00348 0.00132 0.00049 0.00013 4e-05 3e-05 0 0 0 0 0 0 
1 0.80138 0.55126 0.31604 0.15593 0.06722 0.02625 0.00984 0.00344 0.00109 0.00037 0.0001 2e-05 0 0 0 0 0 0 0 
1 0.79831 0.54594 0.31224 0.15432 0.06567 0.02595 0.0094 0.00322 0.00115 0.00035 0.00011 2e-05 0 0 0 0 0 0 0 
1 0.80338 0.55467 0.32068 0.15927 0.06943 0.02717 0.01031 0.00378 0.00154 0.00058 0.00018 4e-05 0 0 0 0 0 0 0 
1 0.80049 0.5487 0.31491 0.15358 0.06535 0.02548 0.00935 0.00276 0.00076 0.00018 3e-05 1e-05 0 0 0 0 0 0 0 
1 0.79941 0.54941 0.31646 0.1555 0.06912 0.02831 0.01103 0.00404 0.00132 0.00035 6e-05 3e-05 0 0 0 0 0 0 0 
1 0.80041 0.54999 0.31773 0.15703 0.06898 0.02826 0.01109 0.0043 0.00156 0.00049 0.00014 6e-05 1e-05 0 0 0 0 0 0 
1 0.80438 0.55196 0.31696 0.15686 0.06781 0.02709 0.01016 0.00359 0.00132 0.00056 0.00016 5e-05 0 0 0 0 0 0 0 
1 0.80111 0.54793 0.314 0.15583 0.06718 0.02736 0.01139 0.00468 0.00188 0.00089 0.00042 0.00023 9e-05 1e-05 1e-05 1e-05 1e-05 0 0 
1 0.79699 0.54398 0.30905 0.1512 0.06441 0.0254 0.00938 0.0031 0.00094 0.00024 6e-05 1e-05 0 0 0 0 0 0 0 
1 0.79964 0.54881 0.31404 0.15293 0.06554 0.02586 0.00981 0.00301 0.0009 0.00027 7e-05 2e-05 0 0 0 0 0 0 0 
1 0.79711 0.54721 0.31325 0.15462 0.06868 0.02758 0.0103 0.00354 0.00124 0.00033 0.0001 3e-05 1e-05 0 0 0 0 0 0 
1 0.80213 0.55125 0.31762 0.15517 0.06777 0.02653 0.00966 0.0032 0.00109 0.00028 0.0001 6e-05 1e-05 3.81722e-17 3.81722e-17 0 0 0 0 
1 0.79972 0.54725 0.31204 0.15111 0.06424 0.02577 0.0099 0.00371 0.00138 0.00049 0.00017 7e-05 2e-05 1e-05 0 0 0 0 0 
1 0.8017 0.554 0.31889 0.15765 0.06897 0.02708 0.01029 0.00363 0.00113 0.00028 0.0001 2e-05 0 0 0 0 0 0 0 
1 0.80038 0.54709 0.31381 0.15352 0.06765 0.02804 0.01106 0.00408 0.00168 0.00052 0.00011 1e-05 0 0 0 0 0 0 0 
1 0.80014 0.54874 0.31667 0.15502 0.06797 0.02757 0.01053 0.00362 0.00133 0.00039 0.00016 0.0001 3e-05 0 0 0 0 0 0 
1 0.80137 0.54865 0.31357 0.15312 0.0656 0.02579 0.00944 0.00349 0.0011 0.00038 9e-05 3e-05 0 0 0 0 0 0 0 
1 0.79672 0.54541 0.31415 0.15317 0.06735 0.0273 0.01033 0.00385 0.00134 0.00038 0.00015 6e-05 1e-05 5.16559e-17 0 0 0 0 0 
1 0.80368 0.55281 0.31952 0.15967 0.06988 0.02759 0.00984 0.00331 0.00121 0.00049 0.00019 6e-05 0 0 0 0 0 0 0 
1 0.79962 0.54652 0.31119 0.15249 0.06645 0.02621 0.0102 0.00365 0.00127 0.0004 0.00012 2e-05 0 0 0 0 0 0 0 
1 0.80178 0.54923 0.31842 0.15562 0.06701 0.02628 0.00937 0.00347 0.00117 0.0004 0.00012 3e-05 0 0 0 0 0 0 0 
1 0.7996 0.54675 0.31533 0.15412 0.06731 0.02714 0.00999 0.00346 0.00105 0.00042 0.00019 0.00012 6e-05 3e-05 0 0 0 0 0 
1 0.7995 0.54644 0.31342 0.15289 0.06536 0.02538 0.00939 0.00334 0.00107 0.00024 6e-05 0 0 0 0 0 0 0 0 
1 0.79855 0.5489 0.31462 0.15523 0.06767 0.02643 0.00999 0.00395 0.00136 0.0005 0.00024 6e-05 1e-05 0 0 0 0 0 0 
1 0.80121 0.55255 0.3203 0.1593 0.06992 0.0286 0.01075 0.00385 0.00136 0.00042 0.00013 1e-05 0 0 0 0 0 0 0 
1 0.7995 0.54866 0.31439 0.15552 0.06808 0.02711 0.00976 0.00357 0.00131 0.00048 0.00016 3e-05 1e-05 0 0 0 0 0 0 
1 0.80024 0.54763 0.31193 0.15121 0.06475 0.02499 0.00869 0.00317 0.0011 0.00036 0.00013 1e-05 0 0 0 0 0 0 0 
1 0.79845 0.54495 0.31186 0.15142 0.06505 0.02653 0.01038 0.00373 0.00139 0.00048 0.00015 5e-05 1e-05 0 0 0 0 0 0 
1 0.80053 0.55047 0.31415 0.1537 0.06618 0.02677 0.00985 0.00356 0.00138 0.00045 0.00011 3e-05 0 0 0 0 0 0 0 
1 0.80194 0.54842 0.31704 0.15506 0.06542 0.02594 0.00936 0.0032 0.00096 0.00031 7e-05 0 0 0 0 0 0 0 0 
1 0.80075 0.54545 0.31211 0.15131 0.06413 0.02534 0.00864 0.00303 0.00095 0.00034 0.00014 8e-05 1e-05 1e-05 0 0 0 0 0 
1 0.79953 0.54459 0.31212 0.15142 0.06585 0.0266 0.01033 0.0036 0.00116 0.00033 0.00012 5e-05 1e-05 1e-05 0 0 0 0 0 
1 0.80191 0.54963 0.31618 0.15568 0.06732 0.02759 0.01002 0.00348 0.00111 0.00038 0.00011 5e-05 1e-05 0 0 0 0 0 0 
1 0.79873 0.54654 0.3112 0.15041 0.06441 0.0252 0.00955 0.00351 0.00118 0.00041 0.00013 6e-05 1e-05 0 0 0 0 0 0 
1 0.79811 0.54607 0.31325 0.15283 0.06598 0.02573 0.00932 0.00341 0.00126 0.00046 8e-05 2e-05 1e-05 0 0 0 0 0 0 
1 0.8003 0.55021 0.31526 0.15403 0.06705 0.02647 0.0097 0.00357 0.00116 0.00044 0.00018 9e-05 7e-05 2e-05 0 0 0 0 0 
1 0.79828 0.54498 0.31472 0.1554 0.06832 0.02753 0.01025 0.00395 0.00147 0.00061 0.00029 0.00015 8e-05 5e-05 3e-05 0 0 0 0 
1 0.80026 0.54865 0.31589 0.15628 0.06922 0.02773 0.01088 0.00399 0.00147 0.00049 0.0003 0.0002 0.00014 5e-05 1e-05 0 0 0 0 
1 0.80095 0.54912 0.31748 0.15632 0.06709 0.02544 0.00945 0.00315 0.00104 0.00032 8e-05 4e-05 2e-05 0 0 0 0 0 0 
1 0.79913 0.54482 0.30998 0.1499 0.06389 0.02429 0.00913 0.00361 0.0013 0.00052 0.00019 3e-05 2e-05 1e-05 0 0 0 0 0 
1 0.79918 0.54838 0.31422 0.15257 0.06559 0.0254 0.00914 0.00325 0.00109 0.00023 6e-05 1e-05 0 0 0 0 0 0 0 
1 0.80058 0.55241 0.32022 0.15809 0.06899 0.02814 0.01083 0.00397 0.00135 0.00032 5e-05 5.53058e-17 0 0 0 0 0 0 0 
1 0.80103 0.54825 0.31532 0.15345 0.06599 0.02583 0.01049 0.00423 0.00161 0.00072 0.00026 9e-05 1e-05 0 0 0 0 0 0 
1 0.79867 0.54826 0.31488 0.1552 0.06974 0.02816 0.01103 0.00423 0.00156 0.00057 0.00017 6e-05 0 0 0 0 0 0 0 
1 0.80241 0.54548 0.31248 0.15087 0.0641 0.02538 0.00977 0.00347 0.00106 0.00036 0.00017 4e-05 3e-05 2e-05 2e-05 0 0 0 0 
1 0.80293 0.54989 0.31735 0.15679 0.06724 0.02548 0.0091 0.00305 0.00095 0.00019 7e-05 3e-05 1e-05 1e-05 0 0 0 0 0 
1 0.79971 0.54566 0.31196 0.154 0.06566 0.02667 0.01009 0.00383 0.00122 0.00047 0.00019 8e-05 3e-05 3.09364e-17 0 0 0 0 0 
1 0.79914 0.54518 0.31236 0.15238 0.06556 0.02633 0.0099 0.00391 0.0014 0.00035 8e-05 4e-05 0 0 0 0 0 0 0 
1 0.8036 0.54979 0.31596 0.1551 0.06644 0.02627 0.01021 0.00391 0.00146 0.00057 0.00023 0.00011 4e-05 1e-05 1e-05 0 0 0 0 
1 0.79848 0.54645 0.31342 0.15431 0.0686 0.02813 0.01156 0.00469 0.00197 0.00084 0.00031 0.00012 4e-05 0 0 0 0 0 0 
1 0.79736 0.54348 0.30884 0.1501 0.06479 0.02579 0.00979 0.00377 0.00154 0.00074 0.00023 7e-05 1e-05 0 0 0 0 0 0 
1 0.80031 0.54843 0.31759 0.15664 0.06995 0.0281 0.01093 0.00435 0.00147 0.00052 0.00013 2e-05 0 0 0 0 0 0 0 
1 0.79835 0.54659 0.31317 0.15287 0.06519 0.02523 0.00966 0.00342 0.00129 0.00052 0.0002 0.00015 0.00011 8e-05 4e-05 0 0 0 0 
1 0.79691 0.54424 0.30893 0.14985 0.06407 0.02618 0.00934 0.0031 0.00083 0.00024 3e-05 1e-05 0 0 0 0 0 0 0 
1 0.80392 0.55236 0.32081 0.15928 0.07135 0.02877 0.01088 0.00417 0.00137 0.00046 0.00013 4e-05 0 0 0 0 0 0 0 
1 0.79908 0.54829 0.31393 0.15209 0.06683 0.02672 0.0106 0.00392 0.00149 0.00067 0.00028 9e-05 4e-05 2e-05 0 0 0 0 0 
1 0.80021 0.54731 0.31391 0.15239 0.0664 0.02604 0.00931 0.00298 0.00095 0.00038 0.0001 4e-05 2e-05 0 0 0 0 0 0 
1 0.80055 0.54905 0.31527 0.15439 0.0679 0.02746 0.01016 0.00377 0.00151 0.00057 0.00029 9e-05 2e-05 2e-05 1e-05 0 0 0 0 
1 0.80157 0.54894 0.31643 0.15451 0.06605 0.02547 0.009 0.00277 0.00117 0.00048 0.00018 7e-05 2e-05 0 0 0 0 0 0 
1 0.79884 0.54836 0.31778 0.1555 0.06794 0.02731 0.01028 0.00365 0.00139 0.00048 0.00021 7e-05 0 0 0 0 0 0 0 
1 0.80161 0.54905 0.31499 0.15335 0.06581 0.02587 0.00947 0.00321 0.00103 0.00037 8e-05 1e-05 0 0 0 0 0 0 0 
1 0.79926 0.54794 0.31448 0.1546 0.06712 0.02665 0.0096 0.00319 0.0011 0.00022 7e-05 1e-05 1e-05 1e-05 0 0 0 0 0 
1 0.80034 0.54874 0.31443 0.1541 0.0655 0.02627 0.00983 0.00381 0.00154 0.00061 0.00023 6e-05 4.11365e-17 0 0 0 0 0 0 
1 0.80245 0.55083 0.31632 0.15619 0.06899 0.02789 0.01065 0.00407 0.00155 0.0006 0.00021 7e-05 2e-05 5.19723e-17 0 0 0 0 0 
1 0.80143 0.54814 0.31174 0.15095 0.06365 0.02499 0.00923 0.00331 0.00117 0.0004 0.00018 7e-05 1e-05 1e-05 0 0 0 0 0 
1 0.80168 0.54957 0.31497 0.15249 0.06606 0.02582 0.00929 0.00332 0.00109 0.0004 0.00016 9e-05 1e-05 0 0 0 0 0 0 
1 0.80288 0.55045 0.31612 0.15533 0.06742 0.0273 0.00986 0.00337 0.00113 0.00031 7e-05 0 0 0 0 0 0 0 0 
1 0.80206 0.54954 0.31348 0.15465 0.06718 0.02699 0.01005 0.00384 0.00135 0.00038 0.00012 3e-05 1e-05 0 0 0 0 0 0 
1 0.79984 0.54602 0.31155 0.15015 0.06271 0.02403 0.00848 0.00283 0.00102 0.00031 0.0001 2e-05 0 0 0 0 0 0 0 
1 0.79755 0.54562 0.3157 0.15436 0.06663 0.02683 0.01011 0.0036 0.00128 0.00044 0.00021 7e-05 1e-05 0 0 0 0 0 0 
1 0.80104 0.54974 0.31538 0.15525 0.068 0.02782 0.01085 0.00376 0.00119 0.00035 9e-05 2e-05 0 0 0 0 0 0 0 
1 0.80119 0.54751 0.31368 0.1543 0.06737 0.0267 0.00995 0.00353 0.00119 0.00037 0.00015 6e-05 4e-05 3e-05 2.85327e-17 0 0 0 0 
1 0.79784 0.54556 0.31126 0.14966 0.06377 0.02409 0.00843 0.00269 0.00067 0.00013 3e-05 1e-05 0 0 0 0 0 0 0 
1 0.79941 0.54624 0.31231 0.15233 0.0653 0.02592 0.00946 0.00306 0.00098 0.00034 0.00014 2e-05 1e-05 0 0 0 0 0 0 
1 0.80142 0.54731 0.31442 0.15629 0.06825 0.02735 0.01084 0.00382 0.00119 0.00037 9e-05 4e-05 0 0 0 0 0 0 0 
1 0.79757 0.54344 0.30984 0.15201 0.06664 0.0269 0.01035 0.00409 0.00163 0.00048 9e-05 5e-05 0 0 0 0 0 0 0 
1 0.80059 0.54858 0.31644 0.15445 0.06701 0.02617 0.00957 0.00352 0.00103 0.00025 8e-05 3e-05 2e-05 0 0 0 0 0 0 
1 0.79833 0.54693 0.31455 0.15627 0.06857 0.02732 0.01054 0.00374 0.00127 0.00043 9e-05 2e-05 0 0 0 0 0 0 0 
1 0.79879 0.54538 0.31114 0.15329 0.06674 0.02588 0.00939 0.00329 0.00125 0.00048 0.00024 0.0001 1e-05 0 0 0 0 0 0 
1 0.79876 0.54891 0.31509 0.15553 0.06638 0.02594 0.00949 0.00302 0.00098 0.00031 8e-05 2e-05 1e-05 0 0 0 0 0 0 
1 0.8015 0.5458 0.31164 0.15209 0.06511 0.02517 0.01002 0.00348 0.00117 0.00036 0.00012 2e-05 0 0 0 0 0 0 0 
1 0.80093 0.54715 0.31375 0.1551 0.06559 0.0248 0.00868 0.00288 0.00092 0.00044 0.00014 4e-05 0 0 0 0 0 0 0 
1 0.80076 0.54865 0.31181 0.15006 0.06276 0.02435 0.00886 0.0032 0.00098 0.00036 0.00013 5e-05 2e-05 1e-05 0 0 0 0 0 
1 0.80087 0.55078 0.31581 0.15436 0.06673 0.02562 0.00941 0.00303 0.00094 0.00031 8e-05 2e-05 0 0 0 0 0 0 0 
1 0.80038 0.54944 0.31577 0.15617 0.06815 0.02755 0.01013 0.00348 0.00111 0.00035 0.00012 3e-05 1e-05 0 0 0 0 0 0 
1 0.79804 0.5455 0.31094 0.15073 0.06283 0.024 0.00837 0.00287 0.00079 0.00024 7e-05 3.72397e-17 0 0 0 0 0 0 0 
