1 0.600377 0.226372 0.040055 0.0030725 0.0001175 5e-06 0 0 0 0 0 0 0 0 0 0 0 0 0 
1 0.5991 0.224945 0.0395025 0.00295 0.000105 0 0 0 0 0 0 0 0 0 0 0 0 0 0 
1 0.599857 0.227065 0.0404675 0.002925 7.25e-05 0 0 0 0 0 0 0 0 0 0 0 0 0 0 
1 0.598847 0.225262 0.03965 0.002955 0.00012 2.5e-06 0 0 0 0 0 0 0 0 0 0 0 0 0 
1 0.600523 0.227872 0.0407 0.003 0.0001375 5e-06 0 0 0 0 0 0 0 0 0 0 0 0 0 
1 0.60024 0.225317 0.04048 0.0029825 0.000165 2.5e-06 0 0 0 0 0 0 0 0 0 0 0 0 0 
1 0.597497 0.22393 0.040115 0.003055 0.00013 5e-06 0 0 0 0 0 0 0 0 0 0 0 0 0 
1 0.59978 0.22638 0.0402125 0.0029925 0.000105 7.5e-06 0 0 0 0 0 0 0 0 0 0 0 0 0 
1 0.601085 0.228222 0.04089 0.00312 0.00012 2.5e-06 0 0 0 0 0 0 0 0 0 0 0 0 0 
1 0.599837 0.225455 0.0401675 0.0029775 0.000115 5e-06 0 0 0 0 0 0 0 0 0 0 0 0 0 
1 0.599527 0.226567 0.04062 0.003075 0.00017 0 0 0 0 0 0 0 0 0 0 0 0 0 0 
1 0.599735 0.225582 0.0396525 0.002765 0.000115 2.5e-06 0 0 0 0 0 0 0 0 0 0 0 0 0 
1 0.600405 0.225142 0.0404175 0.0030325 0.0001175 1.5e-05 0 0 0 0 0 0 0 0 0 0 0 0 0 
1 0.599608 0.224335 0.040005 0.00299 0.0001175 5e-06 0 0 0 0 0 0 0 0 0 0 0 0 0 
1 0.599652 0.226345 0.0400325 0.0028225 0.0001175 0 0 0 0 0 0 0 0 0 0 0 0 0 0 
1 0.600487 0.22773 0.04032 0.00299 0.000105 2.5e-06 0 0 0 0 0 0 0 0 0 0 0 0 0 
1 0.600835 0.228242 0.0409775 0.0030075 0.0001175 0 0 0 0 0 0 0 0 0 0 0 0 0 0 
1 0.600843 0.226532 0.040815 0.0031325 0.0001275 2.5e-06 0 0 0 0 0 0 0 0 0 0 0 0 0 
1 0.60088 0.226132 0.04047 0.003155 0.0001025 2.5e-06 0 0 0 0 0 0 0 0 0 0 0 0 0 
1 0.601157 0.227617 0.040325 0.003035 0.0001 7.5e-06 0 0 0 0 0 0 0 0 0 0 0 0 0 
1 0.600425 0.227345 0.0405775 0.0030375 0.0001225 0 0 0 0 0 0 0 0 0 0 0 0 0 0 
1 0.59667 0.224152 0.0388425 0.0028225 0.0001075 0 0 0 0 0 0 0 0 0 0 0 0 0 0 
1 0.599057 0.225145 0.039885 0.0028275 0.0001325 2.5e-06 0 0 0 0 0 0 0 0 0 0 0 0 0 
1 0.600085 0.226012 0.0397025 0.0030225 0.0001175 0 0 0 0 0 0 0 0 0 0 0 0 0 0 
1 0.598492 0.224807 0.0396925 0.00279 0.0001125 2.5e-06 0 0 0 0 0 0 0 0 0 0 0 0 0 
1 0.599097 0.22598 0.0404775 0.0029875 0.00013 2.5e-06 0 0 0 0 0 0 0 0 0 0 0 0 0 
1 0.599567 0.225432 0.0403875 0.0030125 0.0001325 2.5e-06 0 0 0 0 0 0 0 0 0 0 0 0 0 
1 0.599162 0.226565 0.040455 0.0028925 0.0001275 2.5e-06 0 0 0 0 0 0 0 0 0 0 0 0 0 
1 0.600092 0.226925 0.0408525 0.002985 0.000125 5e-06 0 0 0 0 0 0 0 0 0 0 0 0 0 
1 0.60106 0.22866 0.0412175 0.0030325 0.000125 1e-05 0 0 0 0 0 0 0 0 0 0 0 0 0 
1 0.602045 0.22911 0.0410875 0.0031025 0.0001125 2.5e-06 0 0 0 0 0 0 0 0 0 0 0 0 0 
1 0.599717 0.225145 0.0392175 0.00287 0.000125 2.5e-06 0 0 0 0 0 0 0 0 0 0 0 0 0 
1 0.59934 0.224417 0.03955 0.00278 0.0001325 5e-06 0 0 0 0 0 0 0 0 0 0 0 0 0 
1 0.602192 0.228532 0.041445 0.0030325 0.0001275 1e-05 0 0 0 0 0 0 0 0 0 0 0 0 0 
1 0.598465 0.224455 0.0396275 0.0028475 0.00012 5e-06 0 0 0 0 0 0 0 0 0 0 0 0 0 
1 0.599458 0.22556 0.03985 0.00296 8.25e-05 1.25e-05 2.5e-06 0 0 0 0 0 0 0 0 0 0 0 0 
1 0.59941 0.224225 0.0387175 0.00283 0.000105 0 0 0 0 0 0 0 0 0 0 0 0 0 0 
1 0.600145 0.225795 0.0396175 0.00282 0.0001025 2.5e-06 0 0 0 0 0 0 0 0 0 0 0 0 0 
1 0.601065 0.22868 0.0414425 0.0031075 0.0001425 5e-06 0 0 0 0 0 0 0 0 0 0 0 0 0 
1 0.59769 0.223175 0.03927 0.0029775 0.0001325 7.5e-06 0 0 0 0 0 0 0 0 0 0 0 0 0 
1 0.599382 0.226162 0.0403625 0.0028875 0.0001225 7.5e-06 2.5e-06 0 0 0 0 0 0 0 0 0 0 0 0 
1 0.598997 0.22573 0.0404075 0.0029575 0.0001025 5e-06 0 0 0 0 0 0 0 0 0 0 0 0 0 
1 0.601202 0.22732 0.040405 0.0028425 0.000105 0 0 0 0 0 0 0 0 0 0 0 0 0 0 
1 0.599702 0.225265 0.0401175 0.003195 0.0001325 5e-06 0 0 0 0 0 0 0 0 0 0 0 0 0 
1 0.59919 0.22381 0.039505 0.00283 0.000115 0 0 0 0 0 0 0 0 0 0 0 0 0 0 
1 0.600412 0.226362 0.040535 0.003145 0.0001225 2.5e-06 0 0 0 0 0 0 0 0 0 0 0 0 0 
1 0.598092 0.224415 0.039695 0.003005 0.00011 2.5e-06 0 0 0 0 0 0 0 0 0 0 0 0 0 
1 0.600605 0.22733 0.04025 0.0029625 0.00012 7.5e-06 2.5e-06 0 0 0 0 0 0 0 0 0 0 0 0 
1 0.6005 0.225785 0.04033 0.002965 0.0001025 2.5e-06 0 0 0 0 0 0 0 0 0 0 0 0 0 
1 0.600727 0.226015 0.0396225 0.002835 0.00014 0 0 0 0 0 0 0 0 0 0 0 0 0 0 
1 0.599497 0.227065 0.0408 0.003115 0.000115 5e-06 0 0 0 0 0 0 0 0 0 0 0 0 0 
1 0.59987 0.225262 0.03977 0.002875 0.0001375 5e-06 0 0 0 0 0 0 0 0 0 0 0 0 0 
1 0.60125 0.228222 0.040805 0.0031625 0.0001125 0 0 0 0 0 0 0 0 0 0 0 0 0 0 
1 0.59904 0.22409 0.0398775 0.00277 0.0001275 5e-06 2.5e-06 0 0 0 0 0 0 0 0 0 0 0 0 
1 0.599345 0.226542 0.040665 0.0030225 0.0001225 2.5e-06 0 0 0 0 0 0 0 0 0 0 0 0 0 
1 0.599965 0.226007 0.040315 0.0028925 0.000105 7.5e-06 0 0 0 0 0 0 0 0 0 0 0 0 0 
1 0.599642 0.2248 0.0396375 0.002945 0.000105 0 0 0 0 0 0 0 0 0 0 0 0 0 0 
1 0.600657 0.226945 0.04061 0.003045 0.0001225 0 0 0 0 0 0 0 0 0 0 0 0 0 0 
1 0.597982 0.224595 0.039795 0.002745 8e-05 0 0 0 0 0 0 0 0 0 0 0 0 0 0 
1 0.60036 0.225965 0.03992 0.00298 0.00013 5e-06 0 0 0 0 0 0 0 0 0 0 0 0 0 
1 0.599492 0.225075 0.039945 0.0028275 0.00011 5e-06 0 0 0 0 0 0 0 0 0 0 0 0 0 
1 0.5987 0.224875 0.039975 0.0028375 0.00012 2.5e-06 0 0 0 0 0 0 0 0 0 0 0 0 0 
1 0.602892 0.22819 0.0413225 0.003055 0.0001425 1.25e-05 0 0 0 0 0 0 0 0 0 0 0 0 0 
1 0.59856 0.22624 0.04095 0.002995 0.00012 0 0 0 0 0 0 0 0 0 0 0 0 0 0 
1 0.600507 0.226012 0.0402875 0.0028 0.000115 2.5e-06 0 0 0 0 0 0 0 0 0 0 0 0 0 
1 0.600637 0.227602 0.0401225 0.0029475 0.0001325 0 0 0 0 0 0 0 0 0 0 0 0 0 0 
1 0.598218 0.223937 0.040105 0.0029725 0.000115 0 0 0 0 0 0 0 0 0 0 0 0 0 0 
1 0.600267 0.22674 0.04005 0.002965 0.0001025 7.5e-06 2.5e-06 0 0 0 0 0 0 0 0 0 0 0 0 
1 0.599913 0.22528 0.0399075 0.0028825 9.5e-05 2.5e-06 0 0 0 0 0 0 0 0 0 0 0 0 0 
1 0.602012 0.22651 0.04072 0.0030725 0.0001025 2.5e-06 0 0 0 0 0 0 0 0 0 0 0 0 0 
1 0.59861 0.225167 0.03981 0.00287 0.00011 0 0 0 0 0 0 0 0 0 0 0 0 0 0 
1 0.601185 0.227247 0.041035 0.00286 0.0001125 0 0 0 0 0 0 0 0 0 0 0 0 0 0 
1 0.600342 0.2264 0.04047 0.0028725 0.0001175 2.5e-06 0 0 0 0 0 0 0 0 0 0 0 0 0 
1 0.598687 0.22491 0.0394925 0.00284 0.0001175 2.5e-06 0 0 0 0 0 0 0 0 0 0 0 0 0 
1 0.60219 0.227302 0.0412075 0.0030275 0.000115 2.5e-06 0 0 0 0 0 0 0 0 0 0 0 0 0 
1 0.597543 0.223302 0.03942 0.002965 8e-05 7.5e-06 2.5e-06 0 0 0 0 0 0 0 0 0 0 0 0 
1 0.59884 0.22394 0.0386875 0.0028525 0.0001125 7.5e-06 0 0 0 0 0 0 0 0 0 0 0 0 0 
1 0.60025 0.2276 0.040615 0.00306 0.00011 7.5e-06 0 0 0 0 0 0 0 0 0 0 0 0 0 
1 0.599497 0.226055 0.040325 0.0031825 0.000145 1.5e-05 0 0 0 0 0 0 0 0 0 0 0 0 0 
1 0.598557 0.223707 0.0395675 0.0028775 0.000125 2.5e-06 0 0 0 0 0 0 0 0 0 0 0 0 0 
1 0.59989 0.225477 0.0404975 0.0030025 0.000105 0 0 0 0 0 0 0 0 0 0 0 0 0 0 
1 0.600752 0.228015 0.0406275 0.00301 0.000145 5e-06 0 0 0 0 0 0 0 0 0 0 0 0 0 
1 0.601777 0.228162 0.0408 0.002955 0.00013 0 0 0 0 0 0 0 0 0 0 0 0 0 0 
1 0.601767 0.226212 0.040625 0.00305 0.0001175 2.5e-06 0 0 0 0 0 0 0 0 0 0 0 0 0 
1 0.600385 0.227415 0.0398275 0.0028925 0.0001 0 0 0 0 0 0 0 0 0 0 0 0 0 0 
1 0.597027 0.224462 0.039905 0.002885 0.0001075 2.5e-06 0 0 0 0 0 0 0 0 0 0 0 0 0 
1 0.600127 0.22677 0.0407825 0.0030425 0.00013 5e-06 0 0 0 0 0 0 0 0 0 0 0 0 0 
1 0.599527 0.22489 0.039365 0.002805 0.00011 5e-06 0 0 0 0 0 0 0 0 0 0 0 0 0 
1 0.600522 0.227047 0.0406075 0.0028675 0.0001175 0 0 0 0 0 0 0 0 0 0 0 0 0 0 
1 0.600738 0.228182 0.041095 0.00304 0.00013 2.5e-06 0 0 0 0 0 0 0 0 0 0 0 0 0 
1 0.59983 0.226055 0.0400625 0.0029525 9.5e-05 5e-06 0 0 0 0 0 0 0 0 0 0 0 0 0 
1 0.59827 0.22603 0.03946 0.002775 0.000135 5e-06 0 0 0 0 0 0 0 0 0 0 0 0 0 
1 0.599137 0.22526 0.0404325 0.0029275 0.00011 2.5e-06 0 0 0 0 0 0 0 0 0 0 0 0 0 
1 0.601042 0.227402 0.0407275 0.0032 0.000135 7.5e-06 0 0 0 0 0 0 0 0 0 0 0 0 0 
1 0.600638 0.22586 0.039815 0.0029075 0.00012 5e-06 0 0 0 0 0 0 0 0 0 0 0 0 0 
1 0.599008 0.225865 0.0401425 0.002995 0.000145 7.5e-06 0 0 0 0 0 0 0 0 0 0 0 0 0 
1 0.599858 0.22538 0.040215 0.00314 0.0001725 5e-06 0 0 0 0 0 0 0 0 0 0 0 0 0 
1 0.599857 0.226387 0.041285 0.0031375 0.0001175 5e-06 0 0 0 0 0 0 0 0 0 0 0 0 0 
1 0.601827 0.226535 0.0399475 0.0029725 0.00012 5e-06 0 0 0 0 0 0 0 0 0 0 0 0 0 
1 0.599512 0.225635 0.040095 0.002965 0.0001425 5e-06 0 0 0 0 0 0 0 0 0 0 0 0 0 
1 0.598552 0.223507 0.0394925 0.0026775 0.0001125 1.5e-05 0 0 0 0 0 0 0 0 0 0 0 0 0 
1 0.601575 0.227 0.0409725 0.003065 0.0001625 2.5e-06 0 0 0 0 0 0 0 0 0 0 0 0 0 
1 0.601345 0.22679 0.04047 0.0027425 8.75e-05 5e-06 0 0 0 0 0 0 0 0 0 0 0 0 0 
1 0.599212 0.227182 0.04102 0.00309 0.0001275 1.25e-05 0 0 0 0 0 0 0 0 0 0 0 0 0 
1 0.601297 0.226455 0.0398075 0.0029675 0.0001375 5e-06 0 0 0 0 0 0 0 0 0 0 0 0 0 
