1 0.49705 0.25315 0.12685 0.06395 0.0316 0.0155 0.0072 0.0035 0.00155 0.0006 0.0004 0.0001 0 0 0 0 0 0 0 
1 0.49835 0.2453 0.1247 0.06035 0.03065 0.0161 0.00865 0.0042 0.00195 0.00075 0.00035 5e-05 5e-05 5e-05 5e-05 0 0 0 0 
1 0.5027 0.2543 0.12765 0.0652 0.03215 0.0156 0.00795 0.00375 0.0019 0.00075 0.00035 0.0001 0 0 0 0 0 0 0 
1 0.50085 0.2506 0.12475 0.0627 0.03085 0.01515 0.00775 0.00335 0.00155 0.00065 0.00045 0.0001 5e-05 0 0 0 0 0 0 
1 0.4988 0.24915 0.12595 0.061 0.0306 0.0146 0.0068 0.00345 0.00165 0.0008 0.00055 0.00015 0 0 0 0 0 0 0 
1 0.5022 0.25185 0.12255 0.0603 0.0297 0.01565 0.00785 0.00445 0.00235 0.00135 0.00075 0.0003 0.0003 0.0002 0.0001 5e-05 0 0 0 
1 0.49835 0.2521 0.1281 0.06485 0.03305 0.01695 0.00835 0.00435 0.002 0.0012 0.0008 0.0004 0.0002 0.00015 5e-05 0 0 0 0 
1 0.50195 0.2472 0.1253 0.0626 0.03055 0.0139 0.007 0.00335 0.0019 0.00095 0.00045 0.0002 5e-05 0 0 0 0 0 0 
1 0.49545 0.2466 0.12655 0.06385 0.03155 0.01595 0.00835 0.00415 0.00205 0.001 0.0005 0.0002 0.0001 5e-05 0 0 0 0 0 
1 0.5031 0.2477 0.1233 0.05825 0.02835 0.0152 0.0073 0.0035 0.00185 0.0009 0.00045 0.00025 0.00015 0.00015 0.0001 5e-05 5e-05 5e-05 5e-05 
1 0.49835 0.24995 0.12515 0.0634 0.0324 0.01695 0.00805 0.0036 0.0016 0.0007 0.0003 0.00025 0.0001 0 0 0 0 0 0 
1 0.5035 0.25235 0.12335 0.0616 0.0324 0.01615 0.008 0.0038 0.00165 0.00075 0.00045 0.00025 5e-05 0 0 0 0 0 0 
1 0.4961 0.2484 0.1228 0.06455 0.03285 0.0164 0.0081 0.0044 0.0027 0.0011 0.0006 0.00025 0.0001 0 0 0 0 0 0 
1 0.503 0.25075 0.12625 0.0625 0.03065 0.01595 0.0079 0.0046 0.00215 0.00085 0.0006 0.00025 0 0 0 0 0 0 0 
1 0.5004 0.25215 0.12605 0.0628 0.03125 0.0163 0.0084 0.0043 0.0023 0.00085 0.00055 0.00035 5e-05 5e-05 0 0 0 0 0 
1 0.5033 0.2488 0.123 0.0587 0.0305 0.01585 0.0076 0.0035 0.0023 0.0009 0.0006 0.0002 0.00015 5e-05 0 0 0 0 0 
1 0.50625 0.25415 0.1252 0.06295 0.03275 0.01585 0.00785 0.004 0.00205 0.0009 0.0003 0.0002 5e-05 0 0 0 0 0 0 
1 0.50515 0.2487 0.12435 0.062 0.0295 0.0149 0.0067 0.00335 0.00175 0.0009 0.0005 0.0002 5e-05 5e-05 5e-05 5e-05 0 0 0 
1 0.49925 0.24525 0.12525 0.06225 0.03025 0.0145 0.0069 0.00355 0.0016 0.0009 0.00035 0.0002 0.00015 0.00015 0 0 0 0 0 
1 0.4974 0.24725 0.1254 0.0611 0.03045 0.0155 0.00835 0.00435 0.0021 0.00105 0.0005 0.0002 0.00015 0.0001 0.0001 0.0001 5e-05 0 0 
1 0.5038 0.24965 0.12185 0.062 0.02865 0.01465 0.00795 0.00455 0.00245 0.00125 0.00055 0.0003 0.00015 0.0001 0.0001 0.0001 0.0001 0 0 
1 0.5008 0.248 0.1239 0.063 0.031 0.0157 0.00765 0.00335 0.00155 0.0009 0.0006 0.00025 0.0001 5e-05 0 0 0 0 0 
1 0.49325 0.2463 0.12255 0.06325 0.0303 0.01575 0.0089 0.0042 0.002 0.00115 0.00045 0.0002 5e-05 5e-05 5e-05 0 0 0 0 
1 0.50065 0.2558 0.1279 0.06585 0.033 0.0165 0.0085 0.0043 0.00195 0.00095 0.0004 0.00025 5e-05 0 0 0 0 0 0 
1 0.49735 0.25315 0.12505 0.06255 0.0301 0.0162 0.0086 0.0047 0.00215 0.0011 0.00045 0.0003 5e-05 0 0 0 0 0 0 
1 0.499 0.25125 0.1252 0.0631 0.03365 0.01715 0.0088 0.00465 0.0025 0.001 0.0003 0.0002 0.00015 0.00015 5e-05 5e-05 0 0 0 
1 0.4923 0.2455 0.1217 0.0594 0.02835 0.01495 0.0066 0.00335 0.00155 0.0007 0.00015 0.00015 0.0001 0 0 0 0 0 0 
1 0.4989 0.2457 0.1232 0.06075 0.03005 0.0147 0.00765 0.0035 0.0016 0.0009 0.0006 0.00035 0.0002 5e-05 0 0 0 0 0 
1 0.4943 0.24965 0.12445 0.0642 0.03215 0.016 0.0081 0.0044 0.00185 0.00095 0.0005 0.0003 0.0002 0.00015 0.0001 5e-05 5e-05 0 0 
1 0.50045 0.2484 0.1241 0.0622 0.03025 0.01625 0.00835 0.0041 0.00175 0.00085 0.00025 5e-05 0 0 0 0 0 0 0 
1 0.49545 0.2503 0.1286 0.06555 0.03295 0.01635 0.00775 0.0033 0.0015 0.0007 0.0002 0.0001 0.0001 0.0001 5e-05 0 0 0 0 
1 0.4935 0.24655 0.12365 0.06025 0.0292 0.01505 0.0073 0.00355 0.00185 0.0008 0.0004 0.00015 0 0 0 0 0 0 0 
1 0.5016 0.25015 0.12685 0.06355 0.03055 0.01515 0.0075 0.00405 0.00205 0.0006 0.00025 0.0001 0 0 0 0 0 0 0 
1 0.5045 0.25535 0.1273 0.0635 0.0298 0.0145 0.00675 0.00325 0.00175 0.001 0.00055 0.00015 0.0001 5e-05 5e-05 0 0 0 0 
1 0.49765 0.2484 0.1251 0.0636 0.03025 0.01575 0.00865 0.0043 0.00215 0.0013 0.00065 0.0003 0.00015 0.00015 0.0001 0.0001 5e-05 5e-05 5e-05 
1 0.49855 0.25445 0.121 0.0619 0.03035 0.01505 0.0079 0.00435 0.0021 0.00085 0.00055 0.0003 0.0002 0.0001 5e-05 0 0 0 0 
1 0.4999 0.25 0.1249 0.06315 0.03045 0.0155 0.00855 0.0051 0.00275 0.0016 0.0008 0.0004 0.00015 0 0 0 0 0 0 
1 0.50105 0.25315 0.12625 0.0617 0.03 0.01535 0.0076 0.0038 0.0021 0.00075 0.0003 0.0001 5e-05 0 0 0 0 0 0 
1 0.49925 0.2519 0.1246 0.0617 0.03195 0.0175 0.00925 0.00435 0.00225 0.0012 0.0005 0.0003 0.00025 0.0001 5e-05 0 0 0 0 
1 0.50195 0.2517 0.12425 0.0635 0.03155 0.0149 0.0076 0.00345 0.0013 0.00065 0.00035 0.00015 5e-05 5e-05 5e-05 5e-05 5e-05 0 0 
1 0.50535 0.2554 0.12885 0.06625 0.03345 0.01545 0.0068 0.00305 0.0014 0.0008 0.0006 0.0002 5e-05 5e-05 0 0 0 0 0 
1 0.49745 0.24455 0.1237 0.06195 0.03095 0.0157 0.0073 0.0034 0.00175 0.0006 0.0003 0.0003 0.00015 0.0001 5e-05 5e-05 0 0 0 
1 0.49905 0.2508 0.12705 0.06275 0.0311 0.0149 0.00795 0.00415 0.0019 0.00105 0.00065 0.0004 5e-05 0 0 0 0 0 0 
1 0.4978 0.2504 0.12685 0.0633 0.03305 0.01695 0.0086 0.00425 0.0016 0.0006 0.0003 0.00015 0.0001 0.0001 0.0001 5e-05 5e-05 5e-05 5e-05 
1 0.4965 0.24825 0.12565 0.0639 0.0321 0.01625 0.0086 0.00415 0.0021 0.0011 0.00065 0.0003 0.0001 5e-05 5e-05 5e-05 0 0 0 
1 0.50385 0.25475 0.1234 0.0608 0.0309 0.0148 0.00715 0.00365 0.00195 0.0009 0.00055 0.00035 0.0002 5e-05 5e-05 0 0 0 0 
1 0.4983 0.2464 0.1192 0.05975 0.03035 0.01515 0.00815 0.00445 0.00225 0.0011 0.00065 0.00035 0.00015 0.0001 5e-05 0 0 0 0 
1 0.5011 0.252 0.1242 0.0627 0.0319 0.01535 0.00735 0.00315 0.00145 0.0006 0.00015 0.0001 0 0 0 0 0 0 0 
1 0.5014 0.25545 0.1261 0.06385 0.0331 0.016 0.00745 0.00385 0.00215 0.001 0.00065 0.00025 0.00015 5e-05 0 0 0 0 0 
1 0.49465 0.2457 0.12275 0.0602 0.031 0.01575 0.0078 0.00385 0.00165 0.00075 0.0005 0.0002 0.0001 5e-05 5e-05 0 0 0 0 
1 0.50155 0.254 0.1229 0.06145 0.02985 0.01455 0.00745 0.0039 0.00185 0.00105 0.00045 0.0004 0.0003 0.0002 0 0 0 0 0 
1 0.4979 0.24795 0.1235 0.06025 0.0317 0.0155 0.0075 0.00395 0.0016 0.0007 0.00055 0.0002 5e-05 5e-05 0 0 0 0 0 
1 0.49915 0.2463 0.1227 0.0617 0.03 0.01495 0.0079 0.0036 0.00195 0.001 0.0004 0.0002 5e-05 5e-05 0 0 0 0 0 
1 0.49595 0.2524 0.12605 0.06265 0.0317 0.0169 0.0094 0.00395 0.002 0.0009 0.00035 0.0002 5e-05 5e-05 5e-05 5e-05 0 0 0 
1 0.5008 0.25245 0.12835 0.06345 0.033 0.017 0.00855 0.0038 0.0017 0.001 0.0005 0.0002 0.0001 5e-05 5e-05 0 0 0 0 
1 0.498 0.24885 0.1268 0.06255 0.0321 0.01585 0.00755 0.00355 0.0017 0.0007 0.0003 0.0002 5e-05 5e-05 0 0 0 0 0 
1 0.49925 0.24615 0.1222 0.0608 0.0311 0.0167 0.0085 0.00425 0.00235 0.00135 0.0007 0.0004 0.0001 5e-05 5e-05 0 0 0 0 
1 0.50595 0.25085 0.1234 0.06185 0.0299 0.01585 0.00815 0.004 0.00185 0.001 0.0005 0.00025 0 0 0 0 0 0 0 
1 0.5028 0.25605 0.1282 0.06365 0.0322 0.01535 0.00675 0.0039 0.00195 0.00075 0.0004 0.0002 5e-05 5e-05 0 0 0 0 0 
1 0.50535 0.2532 0.12595 0.0645 0.0316 0.0159 0.00805 0.00425 0.00225 0.00105 0.0006 0.0002 5e-05 5e-05 0 0 0 0 0 
1 0.4984 0.2472 0.1204 0.0608 0.03125 0.0147 0.00745 0.0038 0.00195 0.00055 0.0003 0.00025 5e-05 5e-05 5e-05 0 0 0 0 
1 0.49915 0.24885 0.1243 0.06205 0.03065 0.0153 0.0079 0.0034 0.0019 0.00065 0.00025 0.00015 5e-05 0 0 0 0 0 0 
1 0.50515 0.2551 0.12825 0.0643 0.0333 0.01695 0.00845 0.00455 0.0023 0.0012 0.0006 0.00035 0.00015 5e-05 5e-05 0 0 0 0 
1 0.49485 0.2517 0.1245 0.0624 0.0305 0.01615 0.0075 0.00395 0.002 0.0008 0.0005 0.00015 0.0001 5e-05 5e-05 0 0 0 0 
1 0.49705 0.24355 0.1255 0.06185 0.0323 0.0159 0.0077 0.00355 0.00145 0.0009 0.00045 0.0002 0.0001 0.0001 5e-05 0 0 0 0 
1 0.49965 0.24915 0.12555 0.06165 0.03095 0.01555 0.0083 0.00405 0.0023 0.0012 0.00065 0.00035 5e-05 0 0 0 0 0 0 
1 0.4994 0.25175 0.12665 0.0622 0.03305 0.0172 0.00865 0.00405 0.00205 0.0011 0.00045 0.0002 0 0 0 0 0 0 0 
1 0.49925 0.2463 0.12645 0.06395 0.0338 0.01785 0.00855 0.0047 0.00245 0.0012 0.0007 0.00035 0.00015 0.00015 0.00015 0 0 0 0 
1 0.4992 0.2487 0.1232 0.0618 0.03005 0.0135 0.0065 0.00315 0.0015 0.0005 0.00015 5e-05 0 0 0 0 0 0 0 
1 0.5011 0.24975 0.1278 0.0656 0.0339 0.01695 0.00765 0.004 0.002 0.0008 0.0004 0.0002 5e-05 5e-05 5e-05 5e-05 0 0 0 
1 0.5019 0.2521 0.1275 0.0621 0.0313 0.0159 0.00875 0.00435 0.00215 0.00095 0.00055 0.00015 0.00015 0.00015 5e-05 5e-05 5e-05 0 0 
1 0.50235 0.2481 0.1238 0.06085 0.0304 0.016 0.00815 0.00405 0.00195 0.001 0.0006 0.00035 0.00015 0 0 0 0 0 0 
1 0.495 0.24815 0.12265 0.0614 0.0303 0.0144 0.0075 0.00385 0.00155 0.00095 0.00035 0.00025 0.00015 0.00015 0.0001 0.0001 5e-05 5e-05 0 
1 0.48745 0.2409 0.12305 0.0613 0.03005 0.0145 0.00745 0.00395 0.0022 0.0011 0.00035 0.0001 5e-05 5e-05 0 0 0 0 0 
1 0.4997 0.2518 0.1266 0.0627 0.032 0.0156 0.00805 0.0045 0.00195 0.0009 0.0003 0.00015 0.0001 0 0 0 0 0 0 
1 0.5042 0.2529 0.12815 0.0651 0.0323 0.0165 0.00915 0.0043 0.0022 0.0009 0.0006 0.00025 5e-05 5e-05 0 0 0 0 0 
1 0.4998 0.24715 0.12615 0.0639 0.03265 0.0162 0.00825 0.00395 0.0023 0.00125 0.0007 0.00035 0.0002 0.0001 0 0 0 0 0 
1 0.49985 0.2453 0.12175 0.06095 0.0311 0.0162 0.00815 0.0045 0.002 0.0009 0.00045 0.0003 0.00015 5e-05 0 0 0 0 0 
1 0.5055 0.2528 0.127 0.06235 0.03255 0.01605 0.0078 0.0039 0.0019 0.001 0.00055 0.0004 0.0002 0.0001 0 0 0 0 0 
1 0.5023 0.24895 0.12425 0.06285 0.03205 0.01605 0.00755 0.00345 0.0019 0.0008 0.0003 0.00015 0.0001 5e-05 0 0 0 0 0 
1 0.50035 0.2558 0.12705 0.0625 0.031 0.0159 0.0073 0.00405 0.00195 0.00125 0.0008 0.0004 0.0001 5e-05 0 0 0 0 0 
1 0.4991 0.2508 0.12175 0.0609 0.03045 0.0147 0.00745 0.0037 0.00235 0.001 0.00065 0.00035 0.0002 0.00015 5e-05 0 0 0 0 
1 0.49625 0.2464 0.1218 0.06145 0.03065 0.01505 0.0072 0.0035 0.0017 0.00095 0.00055 0.00025 0.00015 0 0 0 0 0 0 
1 0.49495 0.24925 0.1244 0.06215 0.0308 0.01625 0.008 0.00395 0.002 0.00115 0.00035 0.00015 5e-05 0 0 0 0 0 0 
1 0.4997 0.2463 0.1226 0.06135 0.032 0.01625 0.00815 0.004 0.00195 0.0008 0.00055 0.0003 0.0001 5e-05 5e-05 5e-05 0 0 0 
1 0.5003 0.24915 0.12855 0.06585 0.0342 0.01635 0.00905 0.00455 0.00225 0.0012 0.0006 0.0005 0.0002 0.0001 0 0 0 0 0 
1 0.5028 0.2525 0.1266 0.0631 0.0315 0.0164 0.00775 0.00405 0.0022 0.0016 0.0009 0.0004 0.00025 0.0001 5e-05 0 0 0 0 
1 0.50535 0.2533 0.12475 0.06375 0.03095 0.0159 0.00785 0.00385 0.00205 0.00105 0.0006 0.0004 0.0001 5e-05 0 0 0 0 0 
1 0.4994 0.2536 0.1302 0.0647 0.03375 0.01605 0.00855 0.00445 0.0024 0.00125 0.0006 0.0003 0.0001 0 0 0 0 0 0 
1 0.4943 0.2426 0.12015 0.06235 0.03105 0.0165 0.0075 0.004 0.0021 0.0012 0.00065 0.00025 0.0002 0.0001 5e-05 0 0 0 0 
1 0.4979 0.2464 0.12015 0.05965 0.03 0.0144 0.0077 0.0038 0.00175 0.0011 0.00065 0.0003 0.0001 5e-05 5e-05 0 0 0 0 
1 0.4964 0.25 0.1264 0.0627 0.0309 0.01645 0.0084 0.00405 0.00205 0.00105 0.00055 0.00025 0.00015 5e-05 5e-05 0 0 0 0 
1 0.49495 0.24905 0.1241 0.0615 0.0319 0.01615 0.0074 0.00335 0.0019 0.0011 0.00035 0.0003 0.00015 0.0001 5e-05 0 0 0 0 
1 0.4963 0.2479 0.12295 0.06405 0.03055 0.01495 0.008 0.0036 0.0018 0.00065 0.00035 0.0001 0 0 0 0 0 0 0 
1 0.5028 0.2501 0.12495 0.06295 0.03075 0.01575 0.0077 0.00385 0.0016 0.0011 0.0004 0.00025 0.0001 5e-05 5e-05 0 0 0 0 
1 0.5081 0.25445 0.1248 0.0626 0.0305 0.0156 0.00785 0.004 0.0019 0.00075 0.00035 0.0002 5e-05 5e-05 0 0 0 0 0 
1 0.49825 0.2486 0.1251 0.0621 0.03035 0.0159 0.00755 0.004 0.0022 0.0011 0.00055 0.00035 0.00035 0.00025 0.00015 0.0001 0.0001 0.0001 0 
1 0.49995 0.25315 0.12625 0.05965 0.0294 0.01275 0.0058 0.00315 0.00145 0.0007 0.00035 0.0002 0 0 0 0 0 0 0 
1 0.50305 0.2494 0.12525 0.0641 0.03205 0.0159 0.00785 0.0041 0.00195 0.00105 0.0004 0.0003 0.0001 5e-05 0 0 0 0 0 
1 0.50075 0.2551 0.12545 0.0647 0.03195 0.0152 0.00815 0.00445 0.0023 0.001 0.0005 0.0002 5e-05 5e-05 5e-05 5e-05 5e-05 0 0 
1 0.49895 0.2509 0.1235 0.0631 0.03275 0.01705 0.00775 0.0038 0.0019 0.0007 0.0003 0.0002 0.0001 5e-05 5e-05 0 0 0 0 
1 0.5013 0.2556 0.12775 0.0626 0.0328 0.01705 0.0077 0.004 0.0021 0.00125 0.00045 0.0001 0 0 0 0 0 0 0 
1 0.5009 0.25 0.1244 0.0621 0.02935 0.0157 0.0082 0.00385 0.0022 0.00095 0.0003 0.00015 0.0001 5e-05 5e-05 5e-05 0 0 0 
1 0.5012 0.25895 0.1281 0.0604 0.0293 0.01545 0.0085 0.00465 0.00275 0.00125 0.00065 0.0005 0.00015 0.00015 5e-05 0 0 0 0 
1 0.50045 0.24595 0.1242 0.06025 0.0284 0.01365 0.0059 0.00325 0.002 0.00115 0.0006 0.0003 0.0001 0 0 0 0 0 0 
