1 0.500298 0.125409 0.00800657 3.45714e-05 0 0 0 0 0 0 0 0 0 0 0 0 0 0 0 
1 0.500789 0.12544 0.00811621 3.56429e-05 0 0 0 0 0 0 0 0 0 0 0 0 0 0 0 
1 0.498655 0.124627 0.00793871 3.65e-05 0 0 0 0 0 0 0 0 0 0 0 0 0 0 0 
1 0.500939 0.12595 0.00792379 4.05714e-05 0 0 0 0 0 0 0 0 0 0 0 0 0 0 0 
1 0.499617 0.125288 0.00786536 2.65e-05 0 0 0 0 0 0 0 0 0 0 0 0 0 0 0 
1 0.498397 0.123781 0.00777293 3.71429e-05 0 0 0 0 0 0 0 0 0 0 0 0 0 0 0 
1 0.50098 0.125767 0.0081705 2.78571e-05 0 0 0 0 0 0 0 0 0 0 0 0 0 0 0 
1 0.500668 0.125733 0.00801179 3.84286e-05 0 0 0 0 0 0 0 0 0 0 0 0 0 0 0 
1 0.499655 0.124563 0.00770343 3.92143e-05 0 0 0 0 0 0 0 0 0 0 0 0 0 0 0 
1 0.500086 0.12566 0.008029 4.17143e-05 0 0 0 0 0 0 0 0 0 0 0 0 0 0 0 
1 0.501055 0.125554 0.00818193 4.13571e-05 0 0 0 0 0 0 0 0 0 0 0 0 0 0 0 
1 0.501241 0.126518 0.00823971 4.95e-05 0 0 0 0 0 0 0 0 0 0 0 0 0 0 0 
1 0.500764 0.125722 0.00811343 6.05e-05 0 0 0 0 0 0 0 0 0 0 0 0 0 0 0 
1 0.498593 0.12423 0.00763314 2.67857e-05 0 0 0 0 0 0 0 0 0 0 0 0 0 0 0 
1 0.499312 0.124801 0.00787107 3.51429e-05 5e-07 0 0 0 0 0 0 0 0 0 0 0 0 0 0 
1 0.50016 0.125752 0.00817429 3.53571e-05 0 0 0 0 0 0 0 0 0 0 0 0 0 0 0 
1 0.500272 0.12522 0.00809543 5.17857e-05 0 0 0 0 0 0 0 0 0 0 0 0 0 0 0 
1 0.499661 0.124225 0.00771286 2.44286e-05 0 0 0 0 0 0 0 0 0 0 0 0 0 0 0 
1 0.499437 0.124861 0.00826914 5.1e-05 0 0 0 0 0 0 0 0 0 0 0 0 0 0 0 
1 0.500315 0.126505 0.00828029 4.15e-05 0 0 0 0 0 0 0 0 0 0 0 0 0 0 0 
1 0.499107 0.124606 0.00789193 4.87857e-05 2.85714e-07 0 0 0 0 0 0 0 0 0 0 0 0 0 0 
1 0.498286 0.12418 0.0080215 3.97143e-05 0 0 0 0 0 0 0 0 0 0 0 0 0 0 0 
1 0.499921 0.12462 0.00806743 3.15714e-05 0 0 0 0 0 0 0 0 0 0 0 0 0 0 0 
1 0.498613 0.124235 0.00779486 4.84286e-05 0 0 0 0 0 0 0 0 0 0 0 0 0 0 0 
1 0.500811 0.126532 0.00818314 3.87857e-05 0 0 0 0 0 0 0 0 0 0 0 0 0 0 0 
1 0.50048 0.124898 0.00787114 3.97143e-05 0 0 0 0 0 0 0 0 0 0 0 0 0 0 0 
1 0.499984 0.125597 0.00793393 2.3e-05 0 0 0 0 0 0 0 0 0 0 0 0 0 0 0 
1 0.50067 0.126354 0.00809293 2.62143e-05 0 0 0 0 0 0 0 0 0 0 0 0 0 0 0 
1 0.500414 0.125016 0.00796321 4.16429e-05 0 0 0 0 0 0 0 0 0 0 0 0 0 0 0 
1 0.500204 0.125099 0.00810236 3.82857e-05 0 0 0 0 0 0 0 0 0 0 0 0 0 0 0 
1 0.498959 0.124278 0.00772386 3.13571e-05 0 0 0 0 0 0 0 0 0 0 0 0 0 0 0 
1 0.50019 0.124604 0.00789929 4.02857e-05 0 0 0 0 0 0 0 0 0 0 0 0 0 0 0 
1 0.500302 0.125642 0.00794157 5.84286e-05 0 0 0 0 0 0 0 0 0 0 0 0 0 0 0 
1 0.500482 0.125844 0.00796021 4.72857e-05 0 0 0 0 0 0 0 0 0 0 0 0 0 0 0 
1 0.500193 0.125116 0.00791279 3.92143e-05 0 0 0 0 0 0 0 0 0 0 0 0 0 0 0 
1 0.499954 0.12541 0.00809743 5.67857e-05 0 0 0 0 0 0 0 0 0 0 0 0 0 0 0 
1 0.500459 0.125834 0.00816764 3.82143e-05 0 0 0 0 0 0 0 0 0 0 0 0 0 0 0 
1 0.500308 0.126121 0.008214 4.15714e-05 0 0 0 0 0 0 0 0 0 0 0 0 0 0 0 
1 0.499735 0.124762 0.00776836 3.87143e-05 0 0 0 0 0 0 0 0 0 0 0 0 0 0 0 
1 0.500666 0.125795 0.00807407 3.28571e-05 0 0 0 0 0 0 0 0 0 0 0 0 0 0 0 
1 0.500398 0.125542 0.00809236 4.11429e-05 0 0 0 0 0 0 0 0 0 0 0 0 0 0 0 
1 0.499287 0.124525 0.00786171 2.78571e-05 0 0 0 0 0 0 0 0 0 0 0 0 0 0 0 
1 0.500581 0.12596 0.00804621 4.6e-05 0 0 0 0 0 0 0 0 0 0 0 0 0 0 0 
1 0.501455 0.126566 0.008381 4.12143e-05 0 0 0 0 0 0 0 0 0 0 0 0 0 0 0 
1 0.499952 0.125522 0.00810757 4e-05 0 0 0 0 0 0 0 0 0 0 0 0 0 0 0 
1 0.499076 0.124778 0.00779229 3.70714e-05 0 0 0 0 0 0 0 0 0 0 0 0 0 0 0 
1 0.500608 0.124671 0.0078695 3.91429e-05 0 0 0 0 0 0 0 0 0 0 0 0 0 0 0 
1 0.499979 0.125026 0.00800036 5.3e-05 0 0 0 0 0 0 0 0 0 0 0 0 0 0 0 
1 0.500075 0.125298 0.00777914 2.52857e-05 0 0 0 0 0 0 0 0 0 0 0 0 0 0 0 
1 0.500999 0.126236 0.00817021 4.15e-05 0 0 0 0 0 0 0 0 0 0 0 0 0 0 0 
1 0.500748 0.126031 0.00792393 3.82143e-05 0 0 0 0 0 0 0 0 0 0 0 0 0 0 0 
1 0.500139 0.124963 0.00805736 3.08571e-05 0 0 0 0 0 0 0 0 0 0 0 0 0 0 0 
1 0.499125 0.124563 0.00801536 3.72143e-05 0 0 0 0 0 0 0 0 0 0 0 0 0 0 0 
1 0.499634 0.125507 0.00821357 4.77143e-05 0 0 0 0 0 0 0 0 0 0 0 0 0 0 0 
1 0.501077 0.126255 0.00805943 3.67143e-05 0 0 0 0 0 0 0 0 0 0 0 0 0 0 0 
1 0.500249 0.125076 0.00796707 3.12143e-05 0 0 0 0 0 0 0 0 0 0 0 0 0 0 0 
1 0.49834 0.123713 0.00785221 4.56429e-05 0 0 0 0 0 0 0 0 0 0 0 0 0 0 0 
1 0.498983 0.124821 0.00799586 2.77857e-05 0 0 0 0 0 0 0 0 0 0 0 0 0 0 0 
1 0.499514 0.124668 0.00787764 4.50714e-05 0 0 0 0 0 0 0 0 0 0 0 0 0 0 0 
1 0.500861 0.126053 0.00819021 3.30714e-05 0 0 0 0 0 0 0 0 0 0 0 0 0 0 0 
1 0.501972 0.126216 0.0083405 4.32143e-05 0 0 0 0 0 0 0 0 0 0 0 0 0 0 0 
1 0.499378 0.124758 0.00783607 3.26429e-05 0 0 0 0 0 0 0 0 0 0 0 0 0 0 0 
1 0.500409 0.125158 0.00792379 2.75e-05 0 0 0 0 0 0 0 0 0 0 0 0 0 0 0 
1 0.499548 0.124912 0.00784671 5.04286e-05 0 0 0 0 0 0 0 0 0 0 0 0 0 0 0 
1 0.500002 0.125465 0.00786721 3.4e-05 7.85714e-07 0 0 0 0 0 0 0 0 0 0 0 0 0 0 
1 0.498867 0.124737 0.00803571 4.17857e-05 0 0 0 0 0 0 0 0 0 0 0 0 0 0 0 
1 0.498692 0.124188 0.00772457 6.07857e-05 0 0 0 0 0 0 0 0 0 0 0 0 0 0 0 
1 0.499039 0.124202 0.00783829 3.05e-05 0 0 0 0 0 0 0 0 0 0 0 0 0 0 0 
1 0.500127 0.125229 0.00802021 3.87143e-05 0 0 0 0 0 0 0 0 0 0 0 0 0 0 0 
1 0.498884 0.124585 0.00779964 4.29286e-05 0 0 0 0 0 0 0 0 0 0 0 0 0 0 0 
1 0.499528 0.125059 0.00804521 3.37143e-05 0 0 0 0 0 0 0 0 0 0 0 0 0 0 0 
1 0.499809 0.125246 0.00798443 3.25714e-05 0 0 0 0 0 0 0 0 0 0 0 0 0 0 0 
1 0.498802 0.123896 0.00783071 2.97857e-05 0 0 0 0 0 0 0 0 0 0 0 0 0 0 0 
1 0.498191 0.124765 0.00799786 3.38571e-05 0 0 0 0 0 0 0 0 0 0 0 0 0 0 0 
1 0.499586 0.124545 0.00807871 3.87143e-05 0 0 0 0 0 0 0 0 0 0 0 0 0 0 0 
1 0.499246 0.12414 0.00790514 5.94286e-05 0 0 0 0 0 0 0 0 0 0 0 0 0 0 0 
1 0.499812 0.12514 0.00803007 4.58571e-05 0 0 0 0 0 0 0 0 0 0 0 0 0 0 0 
1 0.498702 0.124037 0.007851 3.83571e-05 0 0 0 0 0 0 0 0 0 0 0 0 0 0 0 
1 0.499571 0.12454 0.00773357 4.33571e-05 0 0 0 0 0 0 0 0 0 0 0 0 0 0 0 
1 0.498869 0.124609 0.00775314 5.01429e-05 0 0 0 0 0 0 0 0 0 0 0 0 0 0 0 
1 0.49968 0.124532 0.00789207 2.52143e-05 9.28571e-07 0 0 0 0 0 0 0 0 0 0 0 0 0 0 
1 0.501225 0.126469 0.00823521 4.38571e-05 0 0 0 0 0 0 0 0 0 0 0 0 0 0 0 
1 0.500353 0.125494 0.00801064 3.12857e-05 0 0 0 0 0 0 0 0 0 0 0 0 0 0 0 
1 0.500685 0.126029 0.00797864 3.43571e-05 0 0 0 0 0 0 0 0 0 0 0 0 0 0 0 
1 0.500035 0.125454 0.00796336 4.99286e-05 0 0 0 0 0 0 0 0 0 0 0 0 0 0 0 
1 0.499775 0.124695 0.007973 3.97857e-05 0 0 0 0 0 0 0 0 0 0 0 0 0 0 0 
1 0.500208 0.126183 0.00831586 4.67143e-05 0 0 0 0 0 0 0 0 0 0 0 0 0 0 0 
1 0.499837 0.125424 0.00800457 4.22857e-05 0 0 0 0 0 0 0 0 0 0 0 0 0 0 0 
1 0.499852 0.125429 0.0079625 4.25714e-05 0 0 0 0 0 0 0 0 0 0 0 0 0 0 0 
1 0.499901 0.125446 0.00796643 2.97143e-05 0 0 0 0 0 0 0 0 0 0 0 0 0 0 0 
1 0.500642 0.126433 0.00813193 5.14286e-05 0 0 0 0 0 0 0 0 0 0 0 0 0 0 0 
1 0.500202 0.124978 0.00784 4.12143e-05 0 0 0 0 0 0 0 0 0 0 0 0 0 0 0 
1 0.500704 0.125924 0.00792121 4.7e-05 0 0 0 0 0 0 0 0 0 0 0 0 0 0 0 
1 0.500106 0.125128 0.00776957 4.27143e-05 0 0 0 0 0 0 0 0 0 0 0 0 0 0 0 
1 0.498427 0.124193 0.0078805 3.54286e-05 0 0 0 0 0 0 0 0 0 0 0 0 0 0 0 
1 0.498898 0.124438 0.00774057 3.58571e-05 0 0 0 0 0 0 0 0 0 0 0 0 0 0 0 
1 0.499889 0.125106 0.00780186 2.88571e-05 0 0 0 0 0 0 0 0 0 0 0 0 0 0 0 
1 0.501067 0.125583 0.00788236 3.81429e-05 2.14286e-07 0 0 0 0 0 0 0 0 0 0 0 0 0 0 
1 0.500395 0.125646 0.00787207 4.25714e-05 0 0 0 0 0 0 0 0 0 0 0 0 0 0 0 
1 0.498859 0.124427 0.00785964 2.9e-05 0 0 0 0 0 0 0 0 0 0 0 0 0 0 0 
1 0.499044 0.124928 0.00796421 4.00714e-05 0 0 0 0 0 0 0 0 0 0 0 0 0 0 0 
1 0.501433 0.126146 0.00805986 4.56429e-05 0 0 0 0 0 0 0 0 0 0 0 0 0 0 0 
1 0.500835 0.126143 0.00808386 4.84286e-05 0 0 0 0 0 0 0 0 0 0 0 0 0 0 0 
1 0.500745 0.125585 0.00807114 4.37143e-05 0 0 0 0 0 0 0 0 0 0 0 0 0 0 0 
1 0.499925 0.125526 0.00788279 4.01429e-05 0 0 0 0 0 0 0 0 0 0 0 0 0 0 0 
1 0.499911 0.125219 0.00805979 4.97857e-05 0 0 0 0 0 0 0 0 0 0 0 0 0 0 0 
1 0.498935 0.124548 0.00785993 2.77857e-05 0 0 0 0 0 0 0 0 0 0 0 0 0 0 0 
1 0.498159 0.123932 0.00780886 4.00714e-05 0 0 0 0 0 0 0 0 0 0 0 0 0 0 0 
1 0.499606 0.124328 0.00797429 4.15714e-05 0 0 0 0 0 0 0 0 0 0 0 0 0 0 0 
1 0.502233 0.127124 0.00815443 3.17143e-05 0 0 0 0 0 0 0 0 0 0 0 0 0 0 0 
1 0.501401 0.125914 0.00814279 4.16429e-05 0 0 0 0 0 0 0 0 0 0 0 0 0 0 0 
1 0.499432 0.124608 0.00773707 4.35e-05 0 0 0 0 0 0 0 0 0 0 0 0 0 0 0 
1 0.500501 0.125633 0.00812414 4.03571e-05 0 0 0 0 0 0 0 0 0 0 0 0 0 0 0 
1 0.499447 0.125461 0.00790821 4.45e-05 0 0 0 0 0 0 0 0 0 0 0 0 0 0 0 
1 0.499551 0.124962 0.00809836 4.63571e-05 0 0 0 0 0 0 0 0 0 0 0 0 0 0 0 
1 0.501038 0.125947 0.00812886 4.07143e-05 0 0 0 0 0 0 0 0 0 0 0 0 0 0 0 
1 0.499918 0.124906 0.00779264 5.07857e-05 0 0 0 0 0 0 0 0 0 0 0 0 0 0 0 
1 0.501767 0.126321 0.00813786 3.77857e-05 0 0 0 0 0 0 0 0 0 0 0 0 0 0 0 
1 0.499679 0.124772 0.00789693 3.88571e-05 0 0 0 0 0 0 0 0 0 0 0 0 0 0 0 
1 0.500804 0.126234 0.00813 4.22857e-05 0 0 0 0 0 0 0 0 0 0 0 0 0 0 0 
1 0.499187 0.124398 0.00779671 2.7e-05 0 0 0 0 0 0 0 0 0 0 0 0 0 0 0 
1 0.498271 0.123765 0.00777871 4.16429e-05 0 0 0 0 0 0 0 0 0 0 0 0 0 0 0 
1 0.4999 0.125035 0.00795379 3.2e-05 0 0 0 0 0 0 0 0 0 0 0 0 0 0 0 
1 0.499923 0.124822 0.00803429 3.07143e-05 0 0 0 0 0 0 0 0 0 0 0 0 0 0 0 
1 0.501526 0.126562 0.00829843 5.42143e-05 0 0 0 0 0 0 0 0 0 0 0 0 0 0 0 
1 0.499694 0.125009 0.00771357 3.39286e-05 0 0 0 0 0 0 0 0 0 0 0 0 0 0 0 
1 0.500423 0.12544 0.00796279 2.99286e-05 0 0 0 0 0 0 0 0 0 0 0 0 0 0 0 
1 0.499746 0.125387 0.00802386 3.64286e-05 0 0 0 0 0 0 0 0 0 0 0 0 0 0 0 
1 0.500786 0.126159 0.00816029 3.16429e-05 0 0 0 0 0 0 0 0 0 0 0 0 0 0 0 
1 0.499541 0.125053 0.00801043 3.62143e-05 0 0 0 0 0 0 0 0 0 0 0 0 0 0 0 
1 0.500429 0.125038 0.00801136 5.23571e-05 0 0 0 0 0 0 0 0 0 0 0 0 0 0 0 
1 0.501205 0.125365 0.0079995 3.62143e-05 0 0 0 0 0 0 0 0 0 0 0 0 0 0 0 
1 0.499735 0.124787 0.00803871 4.55e-05 0 0 0 0 0 0 0 0 0 0 0 0 0 0 0 
1 0.499799 0.124604 0.00789457 3.92857e-05 0 0 0 0 0 0 0 0 0 0 0 0 0 0 0 
1 0.4997 0.124891 0.00803736 7.00714e-05 0 0 0 0 0 0 0 0 0 0 0 0 0 0 0 
1 0.498991 0.125011 0.00804 3.85714e-05 0 0 0 0 0 0 0 0 0 0 0 0 0 0 0 
1 0.49927 0.125228 0.00791321 3.99286e-05 0 0 0 0 0 0 0 0 0 0 0 0 0 0 0 
1 0.500138 0.125161 0.00808629 4.92857e-05 0 0 0 0 0 0 0 0 0 0 0 0 0 0 0 
1 0.50168 0.126054 0.00819543 3.73571e-05 0 0 0 0 0 0 0 0 0 0 0 0 0 0 0 
1 0.500003 0.125627 0.00818221 3.47143e-05 0 0 0 0 0 0 0 0 0 0 0 0 0 0 0 
1 0.500402 0.125311 0.00817343 4.73571e-05 0 0 0 0 0 0 0 0 0 0 0 0 0 0 0 
1 0.500311 0.125524 0.00808486 3.51429e-05 0 0 0 0 0 0 0 0 0 0 0 0 0 0 0 
1 0.498787 0.123714 0.00752414 4.54286e-05 5e-07 0 0 0 0 0 0 0 0 0 0 0 0 0 0 
1 0.500255 0.125654 0.007938 2.36429e-05 0 0 0 0 0 0 0 0 0 0 0 0 0 0 0 
1 0.501348 0.126534 0.0081355 3.76429e-05 0 0 0 0 0 0 0 0 0 0 0 0 0 0 0 
1 0.499041 0.124885 0.00788729 3.79286e-05 0 0 0 0 0 0 0 0 0 0 0 0 0 0 0 
1 0.500396 0.124942 0.00777629 4.38571e-05 0 0 0 0 0 0 0 0 0 0 0 0 0 0 0 
1 0.500966 0.1265 0.00815793 5.40714e-05 0 0 0 0 0 0 0 0 0 0 0 0 0 0 0 
1 0.499201 0.12503 0.0079015 3.42857e-05 0 0 0 0 0 0 0 0 0 0 0 0 0 0 0 
1 0.501419 0.126382 0.00801771 5.02857e-05 0 0 0 0 0 0 0 0 0 0 0 0 0 0 0 
1 0.501617 0.126584 0.00816564 3.95714e-05 0 0 0 0 0 0 0 0 0 0 0 0 0 0 0 
1 0.499685 0.124858 0.00795686 2.9e-05 0 0 0 0 0 0 0 0 0 0 0 0 0 0 0 
1 0.499498 0.125307 0.00793471 4.12143e-05 0 0 0 0 0 0 0 0 0 0 0 0 0 0 0 
1 0.500364 0.125421 0.00790143 4.57857e-05 0 0 0 0 0 0 0 0 0 0 0 0 0 0 0 
1 0.498846 0.124722 0.00790286 4.13571e-05 0 0 0 0 0 0 0 0 0 0 0 0 0 0 0 
1 0.500367 0.125759 0.00799857 4.87857e-05 0 0 0 0 0 0 0 0 0 0 0 0 0 0 0 
1 0.499085 0.125308 0.00808364 2.75714e-05 0 0 0 0 0 0 0 0 0 0 0 0 0 0 0 
1 0.500943 0.125518 0.0079365 2.67857e-05 0 0 0 0 0 0 0 0 0 0 0 0 0 0 0 
1 0.500345 0.125272 0.00788843 3.85714e-05 0 0 0 0 0 0 0 0 0 0 0 0 0 0 0 
1 0.499979 0.12498 0.00789371 2.95714e-05 0 0 0 0 0 0 0 0 0 0 0 0 0 0 0 
1 0.499433 0.125022 0.00791686 5.3e-05 0 0 0 0 0 0 0 0 0 0 0 0 0 0 0 
1 0.500536 0.125692 0.00802007 5.32143e-05 1.42857e-07 0 0 0 0 0 0 0 0 0 0 0 0 0 0 
1 0.500222 0.125278 0.00801643 3.88571e-05 0 0 0 0 0 0 0 0 0 0 0 0 0 0 0 
1 0.498714 0.1239 0.00781329 4.6e-05 0 0 0 0 0 0 0 0 0 0 0 0 0 0 0 
1 0.498876 0.125214 0.00799043 3.4e-05 0 0 0 0 0 0 0 0 0 0 0 0 0 0 0 
1 0.499438 0.124753 0.00797657 4.4e-05 0 0 0 0 0 0 0 0 0 0 0 0 0 0 0 
1 0.499858 0.125368 0.00815743 3.9e-05 0 0 0 0 0 0 0 0 0 0 0 0 0 0 0 
1 0.498691 0.124186 0.00787514 3.00714e-05 0 0 0 0 0 0 0 0 0 0 0 0 0 0 0 
1 0.500421 0.125855 0.00789386 2.99286e-05 0 0 0 0 0 0 0 0 0 0 0 0 0 0 0 
1 0.500101 0.125324 0.00797779 5.32857e-05 0 0 0 0 0 0 0 0 0 0 0 0 0 0 0 
1 0.500506 0.125656 0.00786257 4.72857e-05 0 0 0 0 0 0 0 0 0 0 0 0 0 0 0 
1 0.50001 0.12558 0.00797036 4.00714e-05 0 0 0 0 0 0 0 0 0 0 0 0 0 0 0 
1 0.501649 0.126475 0.00818964 2.85714e-05 0 0 0 0 0 0 0 0 0 0 0 0 0 0 0 
1 0.499596 0.124874 0.0078 2.65714e-05 0 0 0 0 0 0 0 0 0 0 0 0 0 0 0 
1 0.499512 0.125338 0.00793871 4.50714e-05 0 0 0 0 0 0 0 0 0 0 0 0 0 0 0 
1 0.500043 0.124584 0.00791943 3.82143e-05 0 0 0 0 0 0 0 0 0 0 0 0 0 0 0 
1 0.499872 0.124797 0.00793936 5.00714e-05 0 0 0 0 0 0 0 0 0 0 0 0 0 0 0 
1 0.500939 0.125378 0.00802979 4.02143e-05 0 0 0 0 0 0 0 0 0 0 0 0 0 0 0 
1 0.499857 0.124963 0.00795007 3.25714e-05 0 0 0 0 0 0 0 0 0 0 0 0 0 0 0 
1 0.500955 0.125745 0.00806907 4.40714e-05 0 0 0 0 0 0 0 0 0 0 0 0 0 0 0 
1 0.499136 0.124528 0.00792786 3.66429e-05 0 0 0 0 0 0 0 0 0 0 0 0 0 0 0 
1 0.500935 0.126011 0.00806107 4.25714e-05 0 0 0 0 0 0 0 0 0 0 0 0 0 0 0 
1 0.500527 0.126464 0.00797471 4.58571e-05 0 0 0 0 0 0 0 0 0 0 0 0 0 0 0 
1 0.499593 0.124229 0.0079245 5.19286e-05 0 0 0 0 0 0 0 0 0 0 0 0 0 0 0 
1 0.49997 0.125405 0.00815579 3.57857e-05 0 0 0 0 0 0 0 0 0 0 0 0 0 0 0 
1 0.500761 0.125709 0.00804457 4.05714e-05 0 0 0 0 0 0 0 0 0 0 0 0 0 0 0 
1 0.500321 0.12583 0.00809186 3.74286e-05 0 0 0 0 0 0 0 0 0 0 0 0 0 0 0 
1 0.498156 0.123678 0.0077765 3.09286e-05 0 0 0 0 0 0 0 0 0 0 0 0 0 0 0 
1 0.500113 0.12562 0.00823257 3.89286e-05 0 0 0 0 0 0 0 0 0 0 0 0 0 0 0 
1 0.499834 0.125123 0.00794986 3.64286e-05 0 0 0 0 0 0 0 0 0 0 0 0 0 0 0 
1 0.498969 0.124729 0.00790943 4.15714e-05 0 0 0 0 0 0 0 0 0 0 0 0 0 0 0 
1 0.49865 0.124251 0.007719 3.61429e-05 0 0 0 0 0 0 0 0 0 0 0 0 0 0 0 
1 0.499443 0.124092 0.00791486 3.6e-05 0 0 0 0 0 0 0 0 0 0 0 0 0 0 0 
1 0.500991 0.125825 0.00803514 2.96429e-05 0 0 0 0 0 0 0 0 0 0 0 0 0 0 0 
1 0.500239 0.125703 0.00796943 4.10714e-05 0 0 0 0 0 0 0 0 0 0 0 0 0 0 0 
1 0.500622 0.124666 0.00791129 4.62143e-05 0 0 0 0 0 0 0 0 0 0 0 0 0 0 0 
1 0.500273 0.125078 0.00798829 3.34286e-05 0 0 0 0 0 0 0 0 0 0 0 0 0 0 0 
1 0.500115 0.125331 0.00819636 3.79286e-05 0 0 0 0 0 0 0 0 0 0 0 0 0 0 0 
1 0.50008 0.124302 0.00776921 3.65714e-05 5e-07 0 0 0 0 0 0 0 0 0 0 0 0 0 0 
1 0.499335 0.124089 0.00777393 3.32143e-05 0 0 0 0 0 0 0 0 0 0 0 0 0 0 0 
1 0.501323 0.126779 0.00825629 2.72143e-05 0 0 0 0 0 0 0 0 0 0 0 0 0 0 0 
1 0.499132 0.124273 0.00767121 3.57143e-05 0 0 0 0 0 0 0 0 0 0 0 0 0 0 0 
1 0.499409 0.124835 0.00783329 4.70714e-05 0 0 0 0 0 0 0 0 0 0 0 0 0 0 0 
1 0.501151 0.126714 0.00821071 2.31429e-05 0 0 0 0 0 0 0 0 0 0 0 0 0 0 0 
1 0.500365 0.125862 0.00811686 2.94286e-05 0 0 0 0 0 0 0 0 0 0 0 0 0 0 0 
1 0.500893 0.126112 0.00811286 4.54286e-05 0 0 0 0 0 0 0 0 0 0 0 0 0 0 0 
1 0.498529 0.124285 0.00778907 4.49286e-05 0 0 0 0 0 0 0 0 0 0 0 0 0 0 0 
1 0.499795 0.125046 0.00792071 5.21429e-05 0 0 0 0 0 0 0 0 0 0 0 0 0 0 0 
1 0.50141 0.126367 0.008199 4e-05 0 0 0 0 0 0 0 0 0 0 0 0 0 0 0 
1 0.500273 0.125563 0.00796643 3.55e-05 0 0 0 0 0 0 0 0 0 0 0 0 0 0 0 
1 0.499134 0.124434 0.00782607 3.52143e-05 0 0 0 0 0 0 0 0 0 0 0 0 0 0 0 
1 0.500923 0.126134 0.0082275 4.98571e-05 0 0 0 0 0 0 0 0 0 0 0 0 0 0 0 
1 0.50009 0.125894 0.008048 4.71429e-05 0 0 0 0 0 0 0 0 0 0 0 0 0 0 0 
1 0.500634 0.125401 0.0079775 3.62857e-05 0 0 0 0 0 0 0 0 0 0 0 0 0 0 0 
1 0.499144 0.124401 0.00776007 4.10714e-05 0 0 0 0 0 0 0 0 0 0 0 0 0 0 0 
1 0.500143 0.125543 0.00804614 4.23571e-05 0 0 0 0 0 0 0 0 0 0 0 0 0 0 0 
1 0.500169 0.124771 0.00783757 3.81429e-05 1.42857e-07 0 0 0 0 0 0 0 0 0 0 0 0 0 0 
1 0.500471 0.125093 0.0076755 3.97143e-05 0 0 0 0 0 0 0 0 0 0 0 0 0 0 0 
1 0.50096 0.125791 0.00785164 3.39286e-05 0 0 0 0 0 0 0 0 0 0 0 0 0 0 0 
1 0.500681 0.125738 0.00796207 4.28571e-05 0 0 0 0 0 0 0 0 0 0 0 0 0 0 0 
1 0.500515 0.125837 0.00798207 3.28571e-05 0 0 0 0 0 0 0 0 0 0 0 0 0 0 0 
1 0.501822 0.12692 0.00816079 3.75e-05 0 0 0 0 0 0 0 0 0 0 0 0 0 0 0 
1 0.499824 0.125765 0.00792357 2.45714e-05 0 0 0 0 0 0 0 0 0 0 0 0 0 0 0 
1 0.500902 0.125642 0.00805357 3.64286e-05 0 0 0 0 0 0 0 0 0 0 0 0 0 0 0 
1 0.500033 0.124703 0.00788936 3.20714e-05 0 0 0 0 0 0 0 0 0 0 0 0 0 0 0 
1 0.499387 0.125285 0.00787636 3.78571e-05 0 0 0 0 0 0 0 0 0 0 0 0 0 0 0 
1 0.499847 0.125104 0.00793571 3.08571e-05 0 0 0 0 0 0 0 0 0 0 0 0 0 0 0 
1 0.500202 0.124932 0.00796043 5.28571e-05 0 0 0 0 0 0 0 0 0 0 0 0 0 0 0 
1 0.499348 0.125487 0.00813871 3.91429e-05 0 0 0 0 0 0 0 0 0 0 0 0 0 0 0 
1 0.50218 0.126811 0.00824679 3.45e-05 0 0 0 0 0 0 0 0 0 0 0 0 0 0 0 
1 0.499961 0.124766 0.00791521 4.27143e-05 0 0 0 0 0 0 0 0 0 0 0 0 0 0 0 
1 0.500734 0.125773 0.00821529 4.11429e-05 0 0 0 0 0 0 0 0 0 0 0 0 0 0 0 
1 0.50095 0.126353 0.008008 2.47143e-05 0 0 0 0 0 0 0 0 0 0 0 0 0 0 0 
1 0.501005 0.125291 0.00783964 3.47857e-05 0 0 0 0 0 0 0 0 0 0 0 0 0 0 0 
1 0.499924 0.125026 0.00808964 4.34286e-05 0 0 0 0 0 0 0 0 0 0 0 0 0 0 0 
1 0.501839 0.126708 0.00816343 6.02857e-05 0 0 0 0 0 0 0 0 0 0 0 0 0 0 0 
1 0.500615 0.12564 0.00786986 3.32857e-05 0 0 0 0 0 0 0 0 0 0 0 0 0 0 0 
1 0.499502 0.125705 0.00808714 4.06429e-05 0 0 0 0 0 0 0 0 0 0 0 0 0 0 0 
1 0.500223 0.124678 0.00798993 4.54286e-05 0 0 0 0 0 0 0 0 0 0 0 0 0 0 0 
1 0.501159 0.126381 0.00799543 3.92143e-05 0 0 0 0 0 0 0 0 0 0 0 0 0 0 0 
1 0.49999 0.125152 0.00790514 4.65714e-05 0 0 0 0 0 0 0 0 0 0 0 0 0 0 0 
1 0.499128 0.124529 0.00790136 3.73571e-05 0 0 0 0 0 0 0 0 0 0 0 0 0 0 0 
1 0.499279 0.124789 0.007927 3.73571e-05 0 0 0 0 0 0 0 0 0 0 0 0 0 0 0 
1 0.500187 0.125977 0.0080025 3.39286e-05 0 0 0 0 0 0 0 0 0 0 0 0 0 0 0 
1 0.499737 0.125012 0.00795821 4.52143e-05 0 0 0 0 0 0 0 0 0 0 0 0 0 0 0 
1 0.500812 0.125573 0.008065 4.33571e-05 0 0 0 0 0 0 0 0 0 0 0 0 0 0 0 
1 0.501554 0.126798 0.00814107 3.26429e-05 0 0 0 0 0 0 0 0 0 0 0 0 0 0 0 
1 0.499686 0.124743 0.00796286 4e-05 0 0 0 0 0 0 0 0 0 0 0 0 0 0 0 
1 0.498774 0.124839 0.00795257 3.84286e-05 0 0 0 0 0 0 0 0 0 0 0 0 0 0 0 
1 0.499881 0.124786 0.00796271 3.61429e-05 0 0 0 0 0 0 0 0 0 0 0 0 0 0 0 
1 0.49949 0.124988 0.00782829 3.53571e-05 0 0 0 0 0 0 0 0 0 0 0 0 0 0 0 
1 0.501472 0.126903 0.00836214 5.42857e-05 0 0 0 0 0 0 0 0 0 0 0 0 0 0 0 
1 0.49927 0.124823 0.00792064 2.95714e-05 0 0 0 0 0 0 0 0 0 0 0 0 0 0 0 
1 0.498204 0.123656 0.00780907 3.72857e-05 0 0 0 0 0 0 0 0 0 0 0 0 0 0 0 
1 0.499923 0.12564 0.00808079 4.49286e-05 0 0 0 0 0 0 0 0 0 0 0 0 0 0 0 
1 0.501372 0.126642 0.0082455 4.81429e-05 0 0 0 0 0 0 0 0 0 0 0 0 0 0 0 
1 0.498933 0.125097 0.007863 4.1e-05 0 0 0 0 0 0 0 0 0 0 0 0 0 0 0 
1 0.499868 0.125485 0.00815829 4.19286e-05 0 0 0 0 0 0 0 0 0 0 0 0 0 0 0 
1 0.499821 0.125145 0.00801807 4.45e-05 0 0 0 0 0 0 0 0 0 0 0 0 0 0 0 
1 0.500845 0.125714 0.00803236 2.62143e-05 0 0 0 0 0 0 0 0 0 0 0 0 0 0 0 
1 0.499813 0.125127 0.0078685 3.8e-05 0 0 0 0 0 0 0 0 0 0 0 0 0 0 0 
1 0.499512 0.123933 0.00763443 3.72143e-05 0 0 0 0 0 0 0 0 0 0 0 0 0 0 0 
1 0.500243 0.125247 0.00794371 4.4e-05 0 0 0 0 0 0 0 0 0 0 0 0 0 0 0 
1 0.500106 0.125749 0.00806664 5.76429e-05 0 0 0 0 0 0 0 0 0 0 0 0 0 0 0 
1 0.500556 0.125441 0.00816343 4.98571e-05 0 0 0 0 0 0 0 0 0 0 0 0 0 0 0 
1 0.499873 0.125239 0.007946 3.69286e-05 0 0 0 0 0 0 0 0 0 0 0 0 0 0 0 
1 0.498454 0.123877 0.00787479 4.19286e-05 0 0 0 0 0 0 0 0 0 0 0 0 0 0 0 
1 0.499029 0.124874 0.00800336 3.37143e-05 0 0 0 0 0 0 0 0 0 0 0 0 0 0 0 
1 0.499136 0.125257 0.00797693 3.35714e-05 0 0 0 0 0 0 0 0 0 0 0 0 0 0 0 
1 0.500037 0.124824 0.00786121 2.53571e-05 0 0 0 0 0 0 0 0 0 0 0 0 0 0 0 
1 0.500507 0.124746 0.00777421 4.71429e-05 0 0 0 0 0 0 0 0 0 0 0 0 0 0 0 
1 0.499457 0.12454 0.007791 3.76429e-05 0 0 0 0 0 0 0 0 0 0 0 0 0 0 0 
1 0.499762 0.124688 0.00804543 5.32143e-05 0 0 0 0 0 0 0 0 0 0 0 0 0 0 0 
1 0.50115 0.125952 0.00797807 3.43571e-05 0 0 0 0 0 0 0 0 0 0 0 0 0 0 0 
1 0.498672 0.124232 0.00789007 3.77857e-05 0 0 0 0 0 0 0 0 0 0 0 0 0 0 0 
1 0.501482 0.125978 0.00793771 3.04286e-05 0 0 0 0 0 0 0 0 0 0 0 0 0 0 0 
1 0.500376 0.125275 0.00779786 2.95e-05 0 0 0 0 0 0 0 0 0 0 0 0 0 0 0 
1 0.500475 0.125968 0.007937 3.65714e-05 0 0 0 0 0 0 0 0 0 0 0 0 0 0 0 
1 0.500217 0.125386 0.00793714 4.62857e-05 0 0 0 0 0 0 0 0 0 0 0 0 0 0 0 
1 0.500373 0.125673 0.00800093 3.43571e-05 0 0 0 0 0 0 0 0 0 0 0 0 0 0 0 
1 0.500469 0.125729 0.00798657 6.05e-05 0 0 0 0 0 0 0 0 0 0 0 0 0 0 0 
1 0.499153 0.124591 0.00796043 4.39286e-05 0 0 0 0 0 0 0 0 0 0 0 0 0 0 0 
1 0.499933 0.125693 0.00798014 3.17857e-05 0 0 0 0 0 0 0 0 0 0 0 0 0 0 0 
1 0.500547 0.125959 0.00807721 3.94286e-05 0 0 0 0 0 0 0 0 0 0 0 0 0 0 0 
1 0.500558 0.125698 0.00805243 4.01429e-05 0 0 0 0 0 0 0 0 0 0 0 0 0 0 0 
1 0.498783 0.124463 0.0077395 2.92857e-05 0 0 0 0 0 0 0 0 0 0 0 0 0 0 0 
1 0.498129 0.123689 0.00775321 3.46429e-05 0 0 0 0 0 0 0 0 0 0 0 0 0 0 0 
1 0.500712 0.126015 0.0080715 2.96429e-05 0 0 0 0 0 0 0 0 0 0 0 0 0 0 0 
1 0.500609 0.125888 0.00803529 3.62857e-05 0 0 0 0 0 0 0 0 0 0 0 0 0 0 0 
1 0.500744 0.126178 0.00820529 4.97857e-05 0 0 0 0 0 0 0 0 0 0 0 0 0 0 0 
1 0.500263 0.125925 0.00798471 3.75e-05 0 0 0 0 0 0 0 0 0 0 0 0 0 0 0 
1 0.499653 0.124888 0.00787786 3.37143e-05 0 0 0 0 0 0 0 0 0 0 0 0 0 0 0 
1 0.498762 0.124666 0.00798471 3.32857e-05 0 0 0 0 0 0 0 0 0 0 0 0 0 0 0 
1 0.500052 0.126005 0.008081 4.26429e-05 0 0 0 0 0 0 0 0 0 0 0 0 0 0 0 
1 0.499119 0.124682 0.00780571 3.13571e-05 3.57143e-07 0 0 0 0 0 0 0 0 0 0 0 0 0 0 
1 0.500018 0.125091 0.00796771 3.19286e-05 0 0 0 0 0 0 0 0 0 0 0 0 0 0 0 
1 0.499604 0.124725 0.00784607 3.1e-05 0 0 0 0 0 0 0 0 0 0 0 0 0 0 0 
1 0.498864 0.124313 0.00784629 4.97143e-05 0 0 0 0 0 0 0 0 0 0 0 0 0 0 0 
1 0.500326 0.126093 0.00812979 4.07857e-05 0 0 0 0 0 0 0 0 0 0 0 0 0 0 0 
1 0.498395 0.123891 0.00788414 4.82143e-05 0 0 0 0 0 0 0 0 0 0 0 0 0 0 0 
1 0.50028 0.125643 0.00798293 2.95e-05 0 0 0 0 0 0 0 0 0 0 0 0 0 0 0 
1 0.500658 0.125493 0.00790064 3.08571e-05 0 0 0 0 0 0 0 0 0 0 0 0 0 0 0 
1 0.500228 0.125764 0.00810457 4.08571e-05 0 0 0 0 0 0 0 0 0 0 0 0 0 0 0 
1 0.500338 0.125146 0.00800307 2.86429e-05 0 0 0 0 0 0 0 0 0 0 0 0 0 0 0 
1 0.498651 0.124517 0.00768571 3.68571e-05 0 0 0 0 0 0 0 0 0 0 0 0 0 0 0 
1 0.50016 0.125352 0.00813893 3.30714e-05 0 0 0 0 0 0 0 0 0 0 0 0 0 0 0 
1 0.499355 0.124277 0.00766014 3.47857e-05 0 0 0 0 0 0 0 0 0 0 0 0 0 0 0 
1 0.499462 0.125146 0.00815814 4.44286e-05 0 0 0 0 0 0 0 0 0 0 0 0 0 0 0 
1 0.500645 0.125331 0.00787129 3.2e-05 0 0 0 0 0 0 0 0 0 0 0 0 0 0 0 
1 0.499818 0.125037 0.00793621 3.98571e-05 0 0 0 0 0 0 0 0 0 0 0 0 0 0 0 
1 0.500638 0.126237 0.00821029 3.58571e-05 0 0 0 0 0 0 0 0 0 0 0 0 0 0 0 
1 0.499408 0.12458 0.00787264 4.90714e-05 0 0 0 0 0 0 0 0 0 0 0 0 0 0 0 
1 0.500774 0.125538 0.00801964 4.36429e-05 0 0 0 0 0 0 0 0 0 0 0 0 0 0 0 
1 0.499664 0.125584 0.008036 3.47857e-05 0 0 0 0 0 0 0 0 0 0 0 0 0 0 0 
1 0.500369 0.125533 0.00796193 6.27143e-05 0 0 0 0 0 0 0 0 0 0 0 0 0 0 0 
1 0.4988 0.124496 0.00776057 2.95714e-05 0 0 0 0 0 0 0 0 0 0 0 0 0 0 0 
1 0.50256 0.126989 0.00824414 3.40714e-05 0 0 0 0 0 0 0 0 0 0 0 0 0 0 0 
1 0.49996 0.12462 0.00784614 3.78571e-05 0 0 0 0 0 0 0 0 0 0 0 0 0 0 0 
1 0.499454 0.124931 0.00785221 3.32857e-05 0 0 0 0 0 0 0 0 0 0 0 0 0 0 0 
1 0.499336 0.124766 0.00775179 4.16429e-05 0 0 0 0 0 0 0 0 0 0 0 0 0 0 0 
1 0.498997 0.124278 0.00782871 3.51429e-05 0 0 0 0 0 0 0 0 0 0 0 0 0 0 0 
1 0.499248 0.124309 0.00764107 3.96429e-05 0 0 0 0 0 0 0 0 0 0 0 0 0 0 0 
1 0.501186 0.126238 0.00789693 3.47857e-05 0 0 0 0 0 0 0 0 0 0 0 0 0 0 0 
1 0.500332 0.126336 0.008199 4.27143e-05 0 0 0 0 0 0 0 0 0 0 0 0 0 0 0 
1 0.500177 0.125352 0.00823107 3.87143e-05 0 0 0 0 0 0 0 0 0 0 0 0 0 0 0 
1 0.500035 0.125126 0.00801814 4.22143e-05 1.5e-06 0 0 0 0 0 0 0 0 0 0 0 0 0 0 
1 0.499195 0.124442 0.00789771 3.75e-05 0 0 0 0 0 0 0 0 0 0 0 0 0 0 0 
1 0.500903 0.126338 0.00815736 4.62857e-05 0 0 0 0 0 0 0 0 0 0 0 0 0 0 0 
1 0.500896 0.126101 0.00837121 5.33571e-05 0 0 0 0 0 0 0 0 0 0 0 0 0 0 0 
1 0.501941 0.127568 0.00838986 4.21429e-05 0 0 0 0 0 0 0 0 0 0 0 0 0 0 0 
1 0.499883 0.125324 0.00838029 4.19286e-05 0 0 0 0 0 0 0 0 0 0 0 0 0 0 0 
1 0.499767 0.125118 0.00789886 5.12857e-05 0 0 0 0 0 0 0 0 0 0 0 0 0 0 0 
1 0.502494 0.126911 0.00828564 5.87857e-05 0 0 0 0 0 0 0 0 0 0 0 0 0 0 0 
1 0.498915 0.124421 0.00780143 3.10714e-05 0 0 0 0 0 0 0 0 0 0 0 0 0 0 0 
1 0.499403 0.124909 0.007881 4.69286e-05 0 0 0 0 0 0 0 0 0 0 0 0 0 0 0 
1 0.499481 0.124336 0.00799007 3.92857e-05 0 0 0 0 0 0 0 0 0 0 0 0 0 0 0 
1 0.5002 0.125634 0.00811186 3.52143e-05 0 0 0 0 0 0 0 0 0 0 0 0 0 0 0 
1 0.500572 0.125361 0.00796557 2.37857e-05 0 0 0 0 0 0 0 0 0 0 0 0 0 0 0 
1 0.500258 0.125531 0.00798593 3.1e-05 0 0 0 0 0 0 0 0 0 0 0 0 0 0 0 
1 0.500269 0.125058 0.0078105 3.35e-05 0 0 0 0 0 0 0 0 0 0 0 0 0 0 0 
1 0.499959 0.124998 0.007911 2.37857e-05 0 0 0 0 0 0 0 0 0 0 0 0 0 0 0 
1 0.500456 0.126057 0.00812179 4.58571e-05 0 0 0 0 0 0 0 0 0 0 0 0 0 0 0 
1 0.499665 0.124795 0.00787236 4.07857e-05 0 0 0 0 0 0 0 0 0 0 0 0 0 0 0 
1 0.500397 0.125375 0.00790621 3.43571e-05 0 0 0 0 0 0 0 0 0 0 0 0 0 0 0 
1 0.500313 0.124973 0.00794557 5.23571e-05 0 0 0 0 0 0 0 0 0 0 0 0 0 0 0 
1 0.498597 0.123813 0.00783321 4.18571e-05 0 0 0 0 0 0 0 0 0 0 0 0 0 0 0 
1 0.499372 0.124563 0.00791043 3.18571e-05 0 0 0 0 0 0 0 0 0 0 0 0 0 0 0 
1 0.499339 0.125018 0.007931 4.97857e-05 0 0 0 0 0 0 0 0 0 0 0 0 0 0 0 
1 0.49897 0.123872 0.00771407 4.92143e-05 0 0 0 0 0 0 0 0 0 0 0 0 0 0 0 
1 0.500872 0.125495 0.00792221 2.87857e-05 0 0 0 0 0 0 0 0 0 0 0 0 0 0 0 
1 0.49984 0.125142 0.007978 3.75e-05 0 0 0 0 0 0 0 0 0 0 0 0 0 0 0 
1 0.500343 0.125981 0.00808157 4.03571e-05 0 0 0 0 0 0 0 0 0 0 0 0 0 0 0 
1 0.499046 0.124198 0.00811407 4.12857e-05 0 0 0 0 0 0 0 0 0 0 0 0 0 0 0 
1 0.500448 0.125669 0.00803964 5.49286e-05 0 0 0 0 0 0 0 0 0 0 0 0 0 0 0 
1 0.500777 0.1264 0.008173 4.57143e-05 0 0 0 0 0 0 0 0 0 0 0 0 0 0 0 
1 0.500173 0.125065 0.007837 4e-05 0 0 0 0 0 0 0 0 0 0 0 0 0 0 0 
1 0.499803 0.124872 0.00778221 2.82143e-05 0 0 0 0 0 0 0 0 0 0 0 0 0 0 0 
1 0.499033 0.124644 0.007795 3.24286e-05 0 0 0 0 0 0 0 0 0 0 0 0 0 0 0 
1 0.499287 0.124514 0.00777593 3.14286e-05 0 0 0 0 0 0 0 0 0 0 0 0 0 0 0 
1 0.499717 0.125455 0.00787293 2.63571e-05 0 0 0 0 0 0 0 0 0 0 0 0 0 0 0 
1 0.498918 0.124894 0.00788571 2.55714e-05 0 0 0 0 0 0 0 0 0 0 0 0 0 0 0 
1 0.498655 0.124579 0.00794514 5.40714e-05 0 0 0 0 0 0 0 0 0 0 0 0 0 0 0 
1 0.499202 0.124864 0.00807171 4.05714e-05 0 0 0 0 0 0 0 0 0 0 0 0 0 0 0 
1 0.501705 0.126471 0.00805407 2.68571e-05 0 0 0 0 0 0 0 0 0 0 0 0 0 0 0 
1 0.499174 0.12386 0.00782471 5.27143e-05 0 0 0 0 0 0 0 0 0 0 0 0 0 0 0 
1 0.499692 0.124599 0.0077655 3.55714e-05 0 0 0 0 0 0 0 0 0 0 0 0 0 0 0 
1 0.500501 0.125931 0.00811007 3.31429e-05 0 0 0 0 0 0 0 0 0 0 0 0 0 0 0 
1 0.501755 0.127159 0.00837579 3.46429e-05 0 0 0 0 0 0 0 0 0 0 0 0 0 0 0 
1 0.499769 0.124666 0.00792857 4.21429e-05 0 0 0 0 0 0 0 0 0 0 0 0 0 0 0 
1 0.500613 0.125703 0.00808621 4.10714e-05 0 0 0 0 0 0 0 0 0 0 0 0 0 0 0 
1 0.500193 0.125029 0.00777921 4.52143e-05 0 0 0 0 0 0 0 0 0 0 0 0 0 0 0 
1 0.498807 0.124409 0.00794636 3.49286e-05 0 0 0 0 0 0 0 0 0 0 0 0 0 0 0 
1 0.501486 0.126009 0.00808829 4.40714e-05 0 0 0 0 0 0 0 0 0 0 0 0 0 0 0 
1 0.49995 0.12524 0.00791979 3.84286e-05 9.28571e-07 0 0 0 0 0 0 0 0 0 0 0 0 0 0 
1 0.500331 0.125939 0.00821 5.65714e-05 0 0 0 0 0 0 0 0 0 0 0 0 0 0 0 
1 0.498589 0.124189 0.00783914 3.23571e-05 0 0 0 0 0 0 0 0 0 0 0 0 0 0 0 
1 0.501043 0.126109 0.00804214 3.92143e-05 0 0 0 0 0 0 0 0 0 0 0 0 0 0 0 
1 0.500406 0.125636 0.00786707 4.45e-05 0 0 0 0 0 0 0 0 0 0 0 0 0 0 0 
1 0.499407 0.124795 0.00793857 3.69286e-05 0 0 0 0 0 0 0 0 0 0 0 0 0 0 0 
1 0.499651 0.124874 0.00790764 4.61429e-05 0 0 0 0 0 0 0 0 0 0 0 0 0 0 0 
1 0.499126 0.125177 0.008172 3.97857e-05 0 0 0 0 0 0 0 0 0 0 0 0 0 0 0 
1 0.500207 0.125565 0.00816743 4.12857e-05 0 0 0 0 0 0 0 0 0 0 0 0 0 0 0 
1 0.499654 0.125523 0.00817279 4e-05 0 0 0 0 0 0 0 0 0 0 0 0 0 0 0 
1 0.499584 0.124728 0.00781986 3.37857e-05 0 0 0 0 0 0 0 0 0 0 0 0 0 0 0 
1 0.501516 0.126394 0.00829407 4.41429e-05 0 0 0 0 0 0 0 0 0 0 0 0 0 0 0 
1 0.499006 0.124638 0.00790693 2.98571e-05 0 0 0 0 0 0 0 0 0 0 0 0 0 0 0 
1 0.499103 0.124841 0.00792871 3.33571e-05 0 0 0 0 0 0 0 0 0 0 0 0 0 0 0 
1 0.499438 0.124641 0.00788407 3.47857e-05 0 0 0 0 0 0 0 0 0 0 0 0 0 0 0 
1 0.499212 0.124921 0.00799071 4.11429e-05 0 0 0 0 0 0 0 0 0 0 0 0 0 0 0 
1 0.501266 0.126355 0.00828129 4.49286e-05 0 0 0 0 0 0 0 0 0 0 0 0 0 0 0 
1 0.500394 0.125016 0.00791914 3.87857e-05 0 0 0 0 0 0 0 0 0 0 0 0 0 0 0 
1 0.499071 0.125209 0.00815371 3.70714e-05 0 0 0 0 0 0 0 0 0 0 0 0 0 0 0 
1 0.501211 0.126266 0.00823843 3.82143e-05 0 0 0 0 0 0 0 0 0 0 0 0 0 0 0 
1 0.500205 0.126135 0.008168 3.79286e-05 0 0 0 0 0 0 0 0 0 0 0 0 0 0 0 
1 0.501011 0.12644 0.0080625 5.17857e-05 0 0 0 0 0 0 0 0 0 0 0 0 0 0 0 
1 0.500103 0.125415 0.00801486 4.44286e-05 0 0 0 0 0 0 0 0 0 0 0 0 0 0 0 
1 0.498474 0.124127 0.00788457 3.18571e-05 0 0 0 0 0 0 0 0 0 0 0 0 0 0 0 
1 0.499546 0.124779 0.00801214 4.69286e-05 0 0 0 0 0 0 0 0 0 0 0 0 0 0 0 
1 0.500505 0.125258 0.00812586 4.52143e-05 0 0 0 0 0 0 0 0 0 0 0 0 0 0 0 
1 0.498442 0.124181 0.00795671 2.47143e-05 0 0 0 0 0 0 0 0 0 0 0 0 0 0 0 
1 0.500613 0.125209 0.00814364 5.47143e-05 0 0 0 0 0 0 0 0 0 0 0 0 0 0 0 
1 0.500811 0.125694 0.00834036 6.04286e-05 0 0 0 0 0 0 0 0 0 0 0 0 0 0 0 
1 0.499564 0.12467 0.0078335 2.97857e-05 0 0 0 0 0 0 0 0 0 0 0 0 0 0 0 
1 0.498893 0.124555 0.00796121 2.94286e-05 0 0 0 0 0 0 0 0 0 0 0 0 0 0 0 
1 0.49799 0.123779 0.00767364 3.21429e-05 0 0 0 0 0 0 0 0 0 0 0 0 0 0 0 
1 0.49948 0.124607 0.00791621 4.22143e-05 0 0 0 0 0 0 0 0 0 0 0 0 0 0 0 
1 0.50044 0.125828 0.0078995 3.67857e-05 0 0 0 0 0 0 0 0 0 0 0 0 0 0 0 
1 0.501015 0.12626 0.0079875 4.17143e-05 0 0 0 0 0 0 0 0 0 0 0 0 0 0 0 
1 0.500196 0.12549 0.00799843 4.15e-05 0 0 0 0 0 0 0 0 0 0 0 0 0 0 0 
1 0.499351 0.125512 0.00809507 1.94286e-05 0 0 0 0 0 0 0 0 0 0 0 0 0 0 0 
1 0.500661 0.125095 0.00785079 3.39286e-05 0 0 0 0 0 0 0 0 0 0 0 0 0 0 0 
1 0.500911 0.125878 0.00797443 4.00714e-05 0 0 0 0 0 0 0 0 0 0 0 0 0 0 0 
1 0.500756 0.125987 0.00818579 3.95e-05 0 0 0 0 0 0 0 0 0 0 0 0 0 0 0 
1 0.500743 0.125612 0.0080145 3.61429e-05 0 0 0 0 0 0 0 0 0 0 0 0 0 0 0 
1 0.50031 0.124775 0.00806614 4.54286e-05 0 0 0 0 0 0 0 0 0 0 0 0 0 0 0 
1 0.500307 0.1252 0.00774193 3.26429e-05 0 0 0 0 0 0 0 0 0 0 0 0 0 0 0 
1 0.500596 0.125804 0.00807071 3.27857e-05 0 0 0 0 0 0 0 0 0 0 0 0 0 0 0 
1 0.500401 0.125564 0.00796879 3.62143e-05 0 0 0 0 0 0 0 0 0 0 0 0 0 0 0 
1 0.501543 0.126343 0.008243 4.22143e-05 0 0 0 0 0 0 0 0 0 0 0 0 0 0 0 
1 0.501368 0.126589 0.00809479 5.17143e-05 0 0 0 0 0 0 0 0 0 0 0 0 0 0 0 
1 0.500095 0.125647 0.00793636 4.65714e-05 0 0 0 0 0 0 0 0 0 0 0 0 0 0 0 
1 0.4997 0.125479 0.00807079 3.88571e-05 0 0 0 0 0 0 0 0 0 0 0 0 0 0 0 
1 0.501047 0.126262 0.00824464 3.08571e-05 0 0 0 0 0 0 0 0 0 0 0 0 0 0 0 
1 0.500511 0.126165 0.00807814 3.64286e-05 0 0 0 0 0 0 0 0 0 0 0 0 0 0 0 
1 0.499154 0.124341 0.007856 4.07857e-05 0 0 0 0 0 0 0 0 0 0 0 0 0 0 0 
1 0.500012 0.124956 0.008237 4.10714e-05 0 0 0 0 0 0 0 0 0 0 0 0 0 0 0 
1 0.49931 0.124367 0.00792464 2.85e-05 0 0 0 0 0 0 0 0 0 0 0 0 0 0 0 
1 0.500458 0.125495 0.00777179 5.32857e-05 0 0 0 0 0 0 0 0 0 0 0 0 0 0 0 
1 0.500995 0.12658 0.00826607 3.50714e-05 0 0 0 0 0 0 0 0 0 0 0 0 0 0 0 
1 0.499564 0.125115 0.00787336 2.62857e-05 0 0 0 0 0 0 0 0 0 0 0 0 0 0 0 
1 0.499896 0.124654 0.00765679 3.05714e-05 0 0 0 0 0 0 0 0 0 0 0 0 0 0 0 
1 0.49986 0.125428 0.00813571 3.31429e-05 0 0 0 0 0 0 0 0 0 0 0 0 0 0 0 
1 0.500603 0.12602 0.00829279 3.92143e-05 0 0 0 0 0 0 0 0 0 0 0 0 0 0 0 
1 0.501096 0.126221 0.00812979 3.61429e-05 0 0 0 0 0 0 0 0 0 0 0 0 0 0 0 
1 0.499908 0.125321 0.00799886 3.33571e-05 0 0 0 0 0 0 0 0 0 0 0 0 0 0 0 
1 0.50115 0.126465 0.00828464 3.49286e-05 0 0 0 0 0 0 0 0 0 0 0 0 0 0 0 
1 0.500273 0.125416 0.00793457 4.02857e-05 0 0 0 0 0 0 0 0 0 0 0 0 0 0 0 
1 0.500194 0.125735 0.00792714 5.07857e-05 0 0 0 0 0 0 0 0 0 0 0 0 0 0 0 
1 0.502037 0.126445 0.00811864 3.38571e-05 0 0 0 0 0 0 0 0 0 0 0 0 0 0 0 
1 0.499835 0.124972 0.00780779 4.1e-05 0 0 0 0 0 0 0 0 0 0 0 0 0 0 0 
1 0.501673 0.12614 0.00814457 4.82857e-05 0 0 0 0 0 0 0 0 0 0 0 0 0 0 0 
1 0.500173 0.126163 0.0081295 2.86429e-05 0 0 0 0 0 0 0 0 0 0 0 0 0 0 0 
1 0.499781 0.125353 0.00805471 3.87857e-05 0 0 0 0 0 0 0 0 0 0 0 0 0 0 0 
1 0.499732 0.125122 0.00799271 3.86429e-05 0 0 0 0 0 0 0 0 0 0 0 0 0 0 0 
1 0.499293 0.124855 0.007827 3.58571e-05 0 0 0 0 0 0 0 0 0 0 0 0 0 0 0 
1 0.500778 0.125258 0.00796079 4.83571e-05 0 0 0 0 0 0 0 0 0 0 0 0 0 0 0 
1 0.499753 0.126109 0.00809871 3.87857e-05 0 0 0 0 0 0 0 0 0 0 0 0 0 0 0 
1 0.501151 0.125995 0.00804943 5.65e-05 0 0 0 0 0 0 0 0 0 0 0 0 0 0 0 
1 0.499457 0.125171 0.008024 5.07857e-05 0 0 0 0 0 0 0 0 0 0 0 0 0 0 0 
1 0.500751 0.125548 0.0079565 3.97143e-05 0 0 0 0 0 0 0 0 0 0 0 0 0 0 0 
1 0.500526 0.126123 0.00816143 3.81429e-05 0 0 0 0 0 0 0 0 0 0 0 0 0 0 0 
1 0.500643 0.126159 0.00818607 3.57857e-05 0 0 0 0 0 0 0 0 0 0 0 0 0 0 0 
1 0.499697 0.124847 0.00774657 3.80714e-05 0 0 0 0 0 0 0 0 0 0 0 0 0 0 0 
1 0.499648 0.125777 0.00820271 3.40714e-05 0 0 0 0 0 0 0 0 0 0 0 0 0 0 0 
1 0.499429 0.125219 0.00794693 3.42857e-05 0 0 0 0 0 0 0 0 0 0 0 0 0 0 0 
1 0.500258 0.12591 0.008156 4.05e-05 0 0 0 0 0 0 0 0 0 0 0 0 0 0 0 
1 0.499437 0.124673 0.00796914 3.15e-05 0 0 0 0 0 0 0 0 0 0 0 0 0 0 0 
1 0.499623 0.125878 0.00813029 3.77143e-05 0 0 0 0 0 0 0 0 0 0 0 0 0 0 0 
1 0.499443 0.124744 0.00772357 5.01429e-05 0 0 0 0 0 0 0 0 0 0 0 0 0 0 0 
1 0.500654 0.125518 0.00779714 3.95e-05 0 0 0 0 0 0 0 0 0 0 0 0 0 0 0 
1 0.500232 0.125964 0.00821193 4.17143e-05 0 0 0 0 0 0 0 0 0 0 0 0 0 0 0 
1 0.499433 0.124481 0.0078565 2.46429e-05 0 0 0 0 0 0 0 0 0 0 0 0 0 0 0 
1 0.499204 0.124538 0.0078625 3.85714e-05 0 0 0 0 0 0 0 0 0 0 0 0 0 0 0 
1 0.499941 0.125089 0.00795193 3.73571e-05 0 0 0 0 0 0 0 0 0 0 0 0 0 0 0 
1 0.500134 0.125328 0.00802293 4.12857e-05 0 0 0 0 0 0 0 0 0 0 0 0 0 0 0 
1 0.500504 0.125712 0.00792543 2.1e-05 0 0 0 0 0 0 0 0 0 0 0 0 0 0 0 
1 0.499857 0.125192 0.00794079 4.23571e-05 0 0 0 0 0 0 0 0 0 0 0 0 0 0 0 
1 0.499599 0.124812 0.00787193 3.72857e-05 0 0 0 0 0 0 0 0 0 0 0 0 0 0 0 
1 0.499252 0.124731 0.00786257 4.22857e-05 0 0 0 0 0 0 0 0 0 0 0 0 0 0 0 
1 0.497513 0.123274 0.00774336 3.92857e-05 0 0 0 0 0 0 0 0 0 0 0 0 0 0 0 
1 0.500188 0.125029 0.00788043 2.64286e-05 0 0 0 0 0 0 0 0 0 0 0 0 0 0 0 
1 0.499496 0.125107 0.00790457 4.18571e-05 0 0 0 0 0 0 0 0 0 0 0 0 0 0 0 
1 0.500896 0.125561 0.008085 4.25e-05 0 0 0 0 0 0 0 0 0 0 0 0 0 0 0 
1 0.5002 0.12575 0.00811507 2.72143e-05 0 0 0 0 0 0 0 0 0 0 0 0 0 0 0 
1 0.499516 0.124232 0.0079025 3.72143e-05 0 0 0 0 0 0 0 0 0 0 0 0 0 0 0 
1 0.499981 0.125725 0.00810229 3.67143e-05 0 0 0 0 0 0 0 0 0 0 0 0 0 0 0 
1 0.500862 0.125335 0.00783 4.19286e-05 0 0 0 0 0 0 0 0 0 0 0 0 0 0 0 
1 0.500345 0.12597 0.00807571 4.24286e-05 0 0 0 0 0 0 0 0 0 0 0 0 0 0 0 
1 0.498497 0.123875 0.007844 3.34286e-05 0 0 0 0 0 0 0 0 0 0 0 0 0 0 0 
1 0.49856 0.124808 0.00798093 4.05714e-05 0 0 0 0 0 0 0 0 0 0 0 0 0 0 0 
1 0.499433 0.124525 0.00792729 5.42143e-05 0 0 0 0 0 0 0 0 0 0 0 0 0 0 0 
1 0.498566 0.124428 0.00790429 3.62143e-05 0 0 0 0 0 0 0 0 0 0 0 0 0 0 0 
1 0.499195 0.124569 0.00791293 5.26429e-05 0 0 0 0 0 0 0 0 0 0 0 0 0 0 0 
1 0.500536 0.125802 0.0081125 4.79286e-05 0 0 0 0 0 0 0 0 0 0 0 0 0 0 0 
1 0.500003 0.124999 0.00790943 3.84286e-05 0 0 0 0 0 0 0 0 0 0 0 0 0 0 0 
1 0.500054 0.125226 0.00785829 4.12857e-05 0 0 0 0 0 0 0 0 0 0 0 0 0 0 0 
1 0.497483 0.123748 0.00781843 4.1e-05 0 0 0 0 0 0 0 0 0 0 0 0 0 0 0 
1 0.500216 0.125911 0.008178 5.55714e-05 0 0 0 0 0 0 0 0 0 0 0 0 0 0 0 
1 0.499442 0.124655 0.00779243 4.47143e-05 0 0 0 0 0 0 0 0 0 0 0 0 0 0 0 
1 0.499246 0.124315 0.00791529 4.22143e-05 0 0 0 0 0 0 0 0 0 0 0 0 0 0 0 
1 0.500874 0.125907 0.00821136 5.11429e-05 0 0 0 0 0 0 0 0 0 0 0 0 0 0 0 
1 0.499899 0.12511 0.0081055 5.15e-05 0 0 0 0 0 0 0 0 0 0 0 0 0 0 0 
1 0.499047 0.123963 0.00773593 5.35e-05 0 0 0 0 0 0 0 0 0 0 0 0 0 0 0 
1 0.501271 0.126444 0.00810543 4.47857e-05 0 0 0 0 0 0 0 0 0 0 0 0 0 0 0 
1 0.500482 0.125221 0.00802279 4.54286e-05 0 0 0 0 0 0 0 0 0 0 0 0 0 0 0 
1 0.499549 0.124809 0.00792793 3.46429e-05 6.42857e-07 0 0 0 0 0 0 0 0 0 0 0 0 0 0 
1 0.498561 0.123501 0.007645 3.79286e-05 0 0 0 0 0 0 0 0 0 0 0 0 0 0 0 
1 0.499456 0.12474 0.00791486 3.65714e-05 0 0 0 0 0 0 0 0 0 0 0 0 0 0 0 
1 0.501979 0.126893 0.0082285 4.17857e-05 0 0 0 0 0 0 0 0 0 0 0 0 0 0 0 
1 0.501172 0.125887 0.008018 3.48571e-05 0 0 0 0 0 0 0 0 0 0 0 0 0 0 0 
1 0.499634 0.126013 0.00805871 4.70714e-05 0 0 0 0 0 0 0 0 0 0 0 0 0 0 0 
1 0.499979 0.124979 0.00806307 3.20714e-05 0 0 0 0 0 0 0 0 0 0 0 0 0 0 0 
1 0.499014 0.125017 0.00796286 3.11429e-05 0 0 0 0 0 0 0 0 0 0 0 0 0 0 0 
1 0.500802 0.126503 0.008387 4.14286e-05 0 0 0 0 0 0 0 0 0 0 0 0 0 0 0 
1 0.499792 0.125773 0.007986 3.59286e-05 0 0 0 0 0 0 0 0 0 0 0 0 0 0 0 
1 0.499539 0.125082 0.00802014 3.4e-05 0 0 0 0 0 0 0 0 0 0 0 0 0 0 0 
1 0.501051 0.125703 0.00794886 3.39286e-05 0 0 0 0 0 0 0 0 0 0 0 0 0 0 0 
1 0.501187 0.126245 0.00828179 4.55714e-05 0 0 0 0 0 0 0 0 0 0 0 0 0 0 0 
1 0.499947 0.125011 0.00808671 3.98571e-05 0 0 0 0 0 0 0 0 0 0 0 0 0 0 0 
1 0.499237 0.124836 0.00790721 3.08571e-05 0 0 0 0 0 0 0 0 0 0 0 0 0 0 0 
1 0.501898 0.126253 0.00794679 3.62857e-05 0 0 0 0 0 0 0 0 0 0 0 0 0 0 0 
1 0.499065 0.124579 0.00787521 3.9e-05 0 0 0 0 0 0 0 0 0 0 0 0 0 0 0 
1 0.49918 0.123896 0.00762707 3.47143e-05 0 0 0 0 0 0 0 0 0 0 0 0 0 0 0 
1 0.499351 0.124108 0.00751293 2.78571e-05 0 0 0 0 0 0 0 0 0 0 0 0 0 0 0 
1 0.500498 0.125832 0.00809257 3.44286e-05 0 0 0 0 0 0 0 0 0 0 0 0 0 0 0 
1 0.500479 0.125521 0.00817971 3.12857e-05 0 0 0 0 0 0 0 0 0 0 0 0 0 0 0 
1 0.500516 0.125612 0.00796464 3.98571e-05 0 0 0 0 0 0 0 0 0 0 0 0 0 0 0 
1 0.501714 0.125923 0.00810786 5.64286e-05 0 0 0 0 0 0 0 0 0 0 0 0 0 0 0 
1 0.499274 0.125194 0.00814443 4.04286e-05 0 0 0 0 0 0 0 0 0 0 0 0 0 0 0 
1 0.50083 0.125585 0.00818136 3.46429e-05 0 0 0 0 0 0 0 0 0 0 0 0 0 0 0 
1 0.500105 0.124884 0.00784157 4e-05 2e-06 0 0 0 0 0 0 0 0 0 0 0 0 0 0 
1 0.500588 0.126213 0.00802464 3.55714e-05 0 0 0 0 0 0 0 0 0 0 0 0 0 0 0 
1 0.499305 0.124085 0.00768029 3.24286e-05 0 0 0 0 0 0 0 0 0 0 0 0 0 0 0 
1 0.500231 0.125048 0.0079125 3.50714e-05 0 0 0 0 0 0 0 0 0 0 0 0 0 0 0 
1 0.500192 0.125701 0.00833264 3.75714e-05 0 0 0 0 0 0 0 0 0 0 0 0 0 0 0 
1 0.499486 0.125261 0.00821636 3.1e-05 0 0 0 0 0 0 0 0 0 0 0 0 0 0 0 
1 0.499844 0.124897 0.00779779 3.05e-05 0 0 0 0 0 0 0 0 0 0 0 0 0 0 0 
1 0.500705 0.125826 0.00800886 5.60714e-05 0 0 0 0 0 0 0 0 0 0 0 0 0 0 0 
1 0.500915 0.125564 0.00794193 4.19286e-05 0 0 0 0 0 0 0 0 0 0 0 0 0 0 0 
1 0.500335 0.125024 0.00800664 3.5e-05 0 0 0 0 0 0 0 0 0 0 0 0 0 0 0 
1 0.499766 0.124913 0.00794579 4.08571e-05 0 0 0 0 0 0 0 0 0 0 0 0 0 0 0 
1 0.499989 0.125493 0.00799636 3.60714e-05 0 0 0 0 0 0 0 0 0 0 0 0 0 0 0 
1 0.500286 0.126117 0.00795 1.95e-05 0 0 0 0 0 0 0 0 0 0 0 0 0 0 0 
1 0.500944 0.126044 0.00815521 3.17143e-05 0 0 0 0 0 0 0 0 0 0 0 0 0 0 0 
1 0.500866 0.125163 0.0079675 4.1e-05 0 0 0 0 0 0 0 0 0 0 0 0 0 0 0 
1 0.499166 0.12459 0.00768593 2.59286e-05 0 0 0 0 0 0 0 0 0 0 0 0 0 0 0 
1 0.501191 0.126016 0.00813171 5.47857e-05 0 0 0 0 0 0 0 0 0 0 0 0 0 0 0 
1 0.498614 0.123966 0.00775586 2.86429e-05 0 0 0 0 0 0 0 0 0 0 0 0 0 0 0 
1 0.500105 0.125503 0.00794321 3e-05 0 0 0 0 0 0 0 0 0 0 0 0 0 0 0 
1 0.500062 0.125614 0.00817179 3.80714e-05 0 0 0 0 0 0 0 0 0 0 0 0 0 0 0 
1 0.500949 0.125692 0.00773679 5.22857e-05 0 0 0 0 0 0 0 0 0 0 0 0 0 0 0 
1 0.49958 0.125196 0.00823936 4.33571e-05 0 0 0 0 0 0 0 0 0 0 0 0 0 0 0 
1 0.499455 0.12509 0.00786536 2.87857e-05 0 0 0 0 0 0 0 0 0 0 0 0 0 0 0 
1 0.500238 0.125822 0.00807086 3.8e-05 0 0 0 0 0 0 0 0 0 0 0 0 0 0 0 
1 0.500362 0.125569 0.00811993 3.45e-05 0 0 0 0 0 0 0 0 0 0 0 0 0 0 0 
1 0.498506 0.12357 0.00766943 3.60714e-05 0 0 0 0 0 0 0 0 0 0 0 0 0 0 0 
1 0.500443 0.125497 0.00798921 4.27857e-05 0 0 0 0 0 0 0 0 0 0 0 0 0 0 0 
1 0.500761 0.126159 0.00800521 3.12143e-05 0 0 0 0 0 0 0 0 0 0 0 0 0 0 0 
1 0.50004 0.125479 0.00813664 6.18571e-05 0 0 0 0 0 0 0 0 0 0 0 0 0 0 0 
1 0.500946 0.126011 0.00800793 3.86429e-05 0 0 0 0 0 0 0 0 0 0 0 0 0 0 0 
1 0.500058 0.124352 0.00779821 4.70714e-05 0 0 0 0 0 0 0 0 0 0 0 0 0 0 0 
1 0.501367 0.125565 0.00797457 4.75714e-05 0 0 0 0 0 0 0 0 0 0 0 0 0 0 0 
1 0.500382 0.125854 0.00807621 4.47143e-05 0 0 0 0 0 0 0 0 0 0 0 0 0 0 0 
1 0.500782 0.126512 0.00830243 4.32857e-05 0 0 0 0 0 0 0 0 0 0 0 0 0 0 0 
1 0.500182 0.125201 0.00796186 2.94286e-05 0 0 0 0 0 0 0 0 0 0 0 0 0 0 0 
1 0.50059 0.125675 0.00805636 3.43571e-05 0 0 0 0 0 0 0 0 0 0 0 0 0 0 0 
1 0.500459 0.125799 0.00800779 3.97857e-05 0 0 0 0 0 0 0 0 0 0 0 0 0 0 0 
1 0.500488 0.125932 0.00812357 5.1e-05 0 0 0 0 0 0 0 0 0 0 0 0 0 0 0 
1 0.498163 0.12412 0.00785771 3.77143e-05 0 0 0 0 0 0 0 0 0 0 0 0 0 0 0 
1 0.500208 0.125385 0.00782386 3.24286e-05 0 0 0 0 0 0 0 0 0 0 0 0 0 0 0 
1 0.499835 0.125055 0.00790529 4.27857e-05 0 0 0 0 0 0 0 0 0 0 0 0 0 0 0 
1 0.499501 0.125488 0.00800807 2.96429e-05 0 0 0 0 0 0 0 0 0 0 0 0 0 0 0 
1 0.500191 0.12498 0.007858 4.46429e-05 0 0 0 0 0 0 0 0 0 0 0 0 0 0 0 
1 0.501071 0.125748 0.0080115 6.45714e-05 0 0 0 0 0 0 0 0 0 0 0 0 0 0 0 
1 0.500742 0.125769 0.00807621 4.70714e-05 0 0 0 0 0 0 0 0 0 0 0 0 0 0 0 
1 0.499739 0.125498 0.00814471 4.97143e-05 0 0 0 0 0 0 0 0 0 0 0 0 0 0 0 
1 0.499712 0.124965 0.00807264 5.18571e-05 0 0 0 0 0 0 0 0 0 0 0 0 0 0 0 
1 0.5007 0.126008 0.00815721 3.02857e-05 0 0 0 0 0 0 0 0 0 0 0 0 0 0 0 
1 0.50056 0.125207 0.00807 3.64286e-05 0 0 0 0 0 0 0 0 0 0 0 0 0 0 0 
1 0.500051 0.125669 0.00809171 3.95714e-05 0 0 0 0 0 0 0 0 0 0 0 0 0 0 0 
1 0.500489 0.12545 0.00808229 3.98571e-05 0 0 0 0 0 0 0 0 0 0 0 0 0 0 0 
1 0.500487 0.124726 0.00795707 3.75e-05 0 0 0 0 0 0 0 0 0 0 0 0 0 0 0 
1 0.501098 0.12615 0.00803814 3.97143e-05 0 0 0 0 0 0 0 0 0 0 0 0 0 0 0 
1 0.499001 0.125025 0.00796836 4.00714e-05 0 0 0 0 0 0 0 0 0 0 0 0 0 0 0 
1 0.498781 0.124527 0.00807621 4.20714e-05 0 0 0 0 0 0 0 0 0 0 0 0 0 0 0 
1 0.500101 0.12523 0.00789543 3.72143e-05 0 0 0 0 0 0 0 0 0 0 0 0 0 0 0 
1 0.502094 0.127827 0.00829771 2.93571e-05 0 0 0 0 0 0 0 0 0 0 0 0 0 0 0 
1 0.499931 0.125367 0.00805779 3.4e-05 0 0 0 0 0 0 0 0 0 0 0 0 0 0 0 
1 0.499366 0.124465 0.00773314 3.06429e-05 0 0 0 0 0 0 0 0 0 0 0 0 0 0 0 
1 0.499311 0.124887 0.00793757 3.13571e-05 0 0 0 0 0 0 0 0 0 0 0 0 0 0 0 
1 0.499185 0.124463 0.00795107 4.14286e-05 0 0 0 0 0 0 0 0 0 0 0 0 0 0 0 
1 0.501052 0.125772 0.00782607 2.46429e-05 0 0 0 0 0 0 0 0 0 0 0 0 0 0 0 
1 0.499382 0.124803 0.00788379 3.31429e-05 0 0 0 0 0 0 0 0 0 0 0 0 0 0 0 
1 0.49905 0.124964 0.00785507 3.73571e-05 0 0 0 0 0 0 0 0 0 0 0 0 0 0 0 
1 0.499919 0.124762 0.00782379 2.9e-05 0 0 0 0 0 0 0 0 0 0 0 0 0 0 0 
1 0.501154 0.126089 0.00791914 4.30714e-05 0 0 0 0 0 0 0 0 0 0 0 0 0 0 0 
1 0.501885 0.127146 0.00844557 3.69286e-05 0 0 0 0 0 0 0 0 0 0 0 0 0 0 0 
1 0.499666 0.124641 0.00788543 3.35714e-05 0 0 0 0 0 0 0 0 0 0 0 0 0 0 0 
1 0.500316 0.124812 0.00773664 3.36429e-05 0 0 0 0 0 0 0 0 0 0 0 0 0 0 0 
1 0.500132 0.125193 0.00795064 5.39286e-05 0 0 0 0 0 0 0 0 0 0 0 0 0 0 0 
1 0.499258 0.12486 0.00810043 3.55714e-05 0 0 0 0 0 0 0 0 0 0 0 0 0 0 0 
1 0.498481 0.123632 0.00772821 4.58571e-05 0 0 0 0 0 0 0 0 0 0 0 0 0 0 0 
1 0.500258 0.125724 0.00812079 3.55e-05 0 0 0 0 0 0 0 0 0 0 0 0 0 0 0 
1 0.49852 0.123348 0.00783936 3.25e-05 0 0 0 0 0 0 0 0 0 0 0 0 0 0 0 
1 0.499465 0.125118 0.00790064 5.09286e-05 0 0 0 0 0 0 0 0 0 0 0 0 0 0 0 
1 0.499937 0.124776 0.00782257 3.57857e-05 0 0 0 0 0 0 0 0 0 0 0 0 0 0 0 
1 0.499594 0.12442 0.00784971 4.29286e-05 0 0 0 0 0 0 0 0 0 0 0 0 0 0 0 
1 0.499662 0.12481 0.00793914 5.71429e-05 0 0 0 0 0 0 0 0 0 0 0 0 0 0 0 
1 0.500169 0.125221 0.007967 4.50714e-05 2.85714e-07 0 0 0 0 0 0 0 0 0 0 0 0 0 0 
1 0.50004 0.125175 0.00796479 3.26429e-05 0 0 0 0 0 0 0 0 0 0 0 0 0 0 0 
1 0.499751 0.124778 0.007825 3.97143e-05 0 0 0 0 0 0 0 0 0 0 0 0 0 0 0 
1 0.500014 0.12432 0.00793821 4.56429e-05 0 0 0 0 0 0 0 0 0 0 0 0 0 0 0 
1 0.498881 0.124302 0.007712 2.27857e-05 0 0 0 0 0 0 0 0 0 0 0 0 0 0 0 
1 0.500342 0.125656 0.00800664 2.99286e-05 0 0 0 0 0 0 0 0 0 0 0 0 0 0 0 
1 0.49868 0.12457 0.00795336 5.02857e-05 0 0 0 0 0 0 0 0 0 0 0 0 0 0 0 
1 0.500345 0.125275 0.00787314 3.45e-05 0 0 0 0 0 0 0 0 0 0 0 0 0 0 0 
1 0.500821 0.126155 0.00797293 4.92857e-05 0 0 0 0 0 0 0 0 0 0 0 0 0 0 0 
1 0.49981 0.125451 0.00808079 3.75714e-05 0 0 0 0 0 0 0 0 0 0 0 0 0 0 0 
1 0.499923 0.124839 0.00781714 3.44286e-05 0 0 0 0 0 0 0 0 0 0 0 0 0 0 0 
1 0.499613 0.12546 0.00789771 4.41429e-05 0 0 0 0 0 0 0 0 0 0 0 0 0 0 0 
1 0.501673 0.126524 0.00821443 3.19286e-05 0 0 0 0 0 0 0 0 0 0 0 0 0 0 0 
1 0.500698 0.125501 0.00811929 4.02143e-05 0 0 0 0 0 0 0 0 0 0 0 0 0 0 0 
1 0.499375 0.124799 0.00784314 3.37857e-05 0 0 0 0 0 0 0 0 0 0 0 0 0 0 0 
1 0.499924 0.124726 0.00792393 4.02857e-05 0 0 0 0 0 0 0 0 0 0 0 0 0 0 0 
1 0.499568 0.125417 0.008164 3.55714e-05 0 0 0 0 0 0 0 0 0 0 0 0 0 0 0 
1 0.500661 0.125439 0.00797857 3.79286e-05 0 0 0 0 0 0 0 0 0 0 0 0 0 0 0 
1 0.498133 0.123621 0.00771229 5.14286e-05 0 0 0 0 0 0 0 0 0 0 0 0 0 0 0 
1 0.498359 0.123787 0.00761236 3e-05 0 0 0 0 0 0 0 0 0 0 0 0 0 0 0 
1 0.501101 0.12631 0.00820257 5.00714e-05 0 0 0 0 0 0 0 0 0 0 0 0 0 0 0 
1 0.498455 0.124053 0.00765893 3.03571e-05 0 0 0 0 0 0 0 0 0 0 0 0 0 0 0 
1 0.499177 0.124426 0.00797357 3.43571e-05 0 0 0 0 0 0 0 0 0 0 0 0 0 0 0 
1 0.497867 0.124081 0.00785979 4.95e-05 0 0 0 0 0 0 0 0 0 0 0 0 0 0 0 
1 0.499578 0.125121 0.00796057 3.91429e-05 0 0 0 0 0 0 0 0 0 0 0 0 0 0 0 
1 0.498306 0.124168 0.00775607 4.24286e-05 0 0 0 0 0 0 0 0 0 0 0 0 0 0 0 
1 0.500213 0.125456 0.00797243 3.31429e-05 0 0 0 0 0 0 0 0 0 0 0 0 0 0 0 
1 0.500063 0.125557 0.00812043 3.54286e-05 0 0 0 0 0 0 0 0 0 0 0 0 0 0 0 
1 0.500844 0.1247 0.00777321 4.05e-05 0 0 0 0 0 0 0 0 0 0 0 0 0 0 0 
1 0.50108 0.126412 0.00801229 3.22143e-05 0 0 0 0 0 0 0 0 0 0 0 0 0 0 0 
1 0.499484 0.124515 0.00776114 2.97857e-05 0 0 0 0 0 0 0 0 0 0 0 0 0 0 0 
1 0.500548 0.125455 0.0079825 4.67143e-05 0 0 0 0 0 0 0 0 0 0 0 0 0 0 0 
1 0.502037 0.12575 0.00799229 3.45714e-05 7.85714e-07 0 0 0 0 0 0 0 0 0 0 0 0 0 0 
1 0.499779 0.125552 0.00825736 3.4e-05 0 0 0 0 0 0 0 0 0 0 0 0 0 0 0 
1 0.499452 0.125398 0.00806793 2.79286e-05 0 0 0 0 0 0 0 0 0 0 0 0 0 0 0 
1 0.499726 0.125403 0.00778229 4.63571e-05 0 0 0 0 0 0 0 0 0 0 0 0 0 0 0 
1 0.500759 0.126005 0.00814607 4.44286e-05 0 0 0 0 0 0 0 0 0 0 0 0 0 0 0 
1 0.499507 0.12561 0.00807307 4.44286e-05 0 0 0 0 0 0 0 0 0 0 0 0 0 0 0 
1 0.499476 0.125254 0.00801179 3.32857e-05 0 0 0 0 0 0 0 0 0 0 0 0 0 0 0 
1 0.49877 0.123808 0.00782907 4.28571e-05 0 0 0 0 0 0 0 0 0 0 0 0 0 0 0 
1 0.499096 0.124466 0.00787207 4.15714e-05 0 0 0 0 0 0 0 0 0 0 0 0 0 0 0 
1 0.500046 0.125383 0.0078415 5.3e-05 0 0 0 0 0 0 0 0 0 0 0 0 0 0 0 
1 0.499391 0.124807 0.00795764 3.05e-05 0 0 0 0 0 0 0 0 0 0 0 0 0 0 0 
1 0.500407 0.125573 0.00818707 4.17143e-05 0 0 0 0 0 0 0 0 0 0 0 0 0 0 0 
1 0.499796 0.124964 0.00796057 3.30714e-05 0 0 0 0 0 0 0 0 0 0 0 0 0 0 0 
1 0.499913 0.12517 0.00792714 3.56429e-05 0 0 0 0 0 0 0 0 0 0 0 0 0 0 0 
1 0.500472 0.12599 0.00816657 4.90714e-05 0 0 0 0 0 0 0 0 0 0 0 0 0 0 0 
1 0.499202 0.125001 0.0079635 3.61429e-05 0 0 0 0 0 0 0 0 0 0 0 0 0 0 0 
1 0.500994 0.126079 0.00809607 4.93571e-05 0 0 0 0 0 0 0 0 0 0 0 0 0 0 0 
1 0.499039 0.124468 0.00774093 3.15714e-05 0 0 0 0 0 0 0 0 0 0 0 0 0 0 0 
1 0.499366 0.125546 0.00803879 4.14286e-05 0 0 0 0 0 0 0 0 0 0 0 0 0 0 0 
1 0.500384 0.125405 0.00806993 4.3e-05 0 0 0 0 0 0 0 0 0 0 0 0 0 0 0 
1 0.49998 0.125669 0.00807079 4.19286e-05 0 0 0 0 0 0 0 0 0 0 0 0 0 0 0 
1 0.498981 0.123892 0.00767821 3.85714e-05 0 0 0 0 0 0 0 0 0 0 0 0 0 0 0 
1 0.498967 0.123941 0.007913 4.05714e-05 0 0 0 0 0 0 0 0 0 0 0 0 0 0 0 
1 0.500816 0.125596 0.00809714 4.53571e-05 0 0 0 0 0 0 0 0 0 0 0 0 0 0 0 
1 0.500196 0.125577 0.00800636 4.39286e-05 0 0 0 0 0 0 0 0 0 0 0 0 0 0 0 
1 0.5001 0.125629 0.00807214 3.7e-05 0 0 0 0 0 0 0 0 0 0 0 0 0 0 0 
1 0.499913 0.12559 0.00817029 5.02143e-05 0 0 0 0 0 0 0 0 0 0 0 0 0 0 0 
1 0.500216 0.12528 0.00789857 2.39286e-05 0 0 0 0 0 0 0 0 0 0 0 0 0 0 0 
1 0.498743 0.124544 0.00769736 3.82143e-05 0 0 0 0 0 0 0 0 0 0 0 0 0 0 0 
1 0.500146 0.125287 0.00802136 5.05714e-05 0 0 0 0 0 0 0 0 0 0 0 0 0 0 0 
1 0.500268 0.125042 0.00785493 3.31429e-05 0 0 0 0 0 0 0 0 0 0 0 0 0 0 0 
1 0.500271 0.124878 0.00791536 4.12857e-05 0 0 0 0 0 0 0 0 0 0 0 0 0 0 0 
1 0.500475 0.125936 0.008173 4.70714e-05 0 0 0 0 0 0 0 0 0 0 0 0 0 0 0 
1 0.499772 0.124783 0.00788243 4.3e-05 0 0 0 0 0 0 0 0 0 0 0 0 0 0 0 
1 0.499215 0.1245 0.00802279 4.47857e-05 0 0 0 0 0 0 0 0 0 0 0 0 0 0 0 
1 0.500335 0.124609 0.007897 3.2e-05 0 0 0 0 0 0 0 0 0 0 0 0 0 0 0 
1 0.499318 0.124567 0.0078045 3.65714e-05 0 0 0 0 0 0 0 0 0 0 0 0 0 0 0 
1 0.500283 0.125845 0.008057 4.66429e-05 0 0 0 0 0 0 0 0 0 0 0 0 0 0 0 
1 0.499934 0.125535 0.007964 3.54286e-05 0 0 0 0 0 0 0 0 0 0 0 0 0 0 0 
1 0.499651 0.124703 0.00784007 4.3e-05 0 0 0 0 0 0 0 0 0 0 0 0 0 0 0 
1 0.500186 0.124722 0.00797929 3.77857e-05 0 0 0 0 0 0 0 0 0 0 0 0 0 0 0 
1 0.500838 0.125478 0.00795429 2.80714e-05 0 0 0 0 0 0 0 0 0 0 0 0 0 0 0 
1 0.500698 0.125905 0.00786886 3.47857e-05 0 0 0 0 0 0 0 0 0 0 0 0 0 0 0 
1 0.499577 0.124981 0.00808643 2.91429e-05 0 0 0 0 0 0 0 0 0 0 0 0 0 0 0 
1 0.497856 0.12295 0.00773679 2.67857e-05 0 0 0 0 0 0 0 0 0 0 0 0 0 0 0 
1 0.499655 0.124661 0.00807036 3.3e-05 0 0 0 0 0 0 0 0 0 0 0 0 0 0 0 
1 0.500016 0.125015 0.007835 3.13571e-05 0 0 0 0 0 0 0 0 0 0 0 0 0 0 0 
1 0.500078 0.125219 0.00799286 4.42143e-05 0 0 0 0 0 0 0 0 0 0 0 0 0 0 0 
1 0.499411 0.12423 0.00776807 3.00714e-05 0 0 0 0 0 0 0 0 0 0 0 0 0 0 0 
1 0.498573 0.123581 0.00761586 5.87143e-05 1.42857e-07 0 0 0 0 0 0 0 0 0 0 0 0 0 0 
1 0.4984 0.123623 0.00786721 4.27857e-05 0 0 0 0 0 0 0 0 0 0 0 0 0 0 0 
1 0.499165 0.124666 0.00776121 3.36429e-05 0 0 0 0 0 0 0 0 0 0 0 0 0 0 0 
1 0.501002 0.125619 0.00809757 3.37143e-05 0 0 0 0 0 0 0 0 0 0 0 0 0 0 0 
1 0.499791 0.124863 0.00789536 5e-05 0 0 0 0 0 0 0 0 0 0 0 0 0 0 0 
1 0.500262 0.125444 0.00792043 3.62857e-05 0 0 0 0 0 0 0 0 0 0 0 0 0 0 0 
1 0.499755 0.125598 0.00807043 4.42143e-05 0 0 0 0 0 0 0 0 0 0 0 0 0 0 0 
1 0.499694 0.124842 0.0078655 2.85714e-05 0 0 0 0 0 0 0 0 0 0 0 0 0 0 0 
1 0.49955 0.124767 0.00795193 3.18571e-05 0 0 0 0 0 0 0 0 0 0 0 0 0 0 0 
1 0.499923 0.125098 0.00800771 2.68571e-05 0 0 0 0 0 0 0 0 0 0 0 0 0 0 0 
1 0.499037 0.12425 0.00772779 5e-05 0 0 0 0 0 0 0 0 0 0 0 0 0 0 0 
1 0.500219 0.125245 0.00786793 3.54286e-05 0 0 0 0 0 0 0 0 0 0 0 0 0 0 0 
1 0.501058 0.126623 0.00812921 3.82857e-05 0 0 0 0 0 0 0 0 0 0 0 0 0 0 0 
1 0.501284 0.125879 0.00805857 2.77143e-05 0 0 0 0 0 0 0 0 0 0 0 0 0 0 0 
1 0.499787 0.125352 0.00816579 4.88571e-05 0 0 0 0 0 0 0 0 0 0 0 0 0 0 0 
1 0.500436 0.125402 0.007895 3.77143e-05 0 0 0 0 0 0 0 0 0 0 0 0 0 0 0 
1 0.499204 0.124443 0.00788121 4e-05 0 0 0 0 0 0 0 0 0 0 0 0 0 0 0 
1 0.499725 0.125021 0.00802807 4.13571e-05 0 0 0 0 0 0 0 0 0 0 0 0 0 0 0 
1 0.501448 0.126522 0.00801036 4.57143e-05 0 0 0 0 0 0 0 0 0 0 0 0 0 0 0 
1 0.499814 0.125099 0.00800379 5.59286e-05 0 0 0 0 0 0 0 0 0 0 0 0 0 0 0 
1 0.500413 0.12581 0.00807979 5.77143e-05 0 0 0 0 0 0 0 0 0 0 0 0 0 0 0 
1 0.500599 0.12577 0.00791886 3.22143e-05 0 0 0 0 0 0 0 0 0 0 0 0 0 0 0 
1 0.501926 0.126961 0.00827186 4.59286e-05 0 0 0 0 0 0 0 0 0 0 0 0 0 0 0 
1 0.500051 0.125569 0.00798929 3.14286e-05 0 0 0 0 0 0 0 0 0 0 0 0 0 0 0 
1 0.500972 0.126095 0.00814857 3.65714e-05 0 0 0 0 0 0 0 0 0 0 0 0 0 0 0 
1 0.499058 0.12414 0.00779043 4.12857e-05 0 0 0 0 0 0 0 0 0 0 0 0 0 0 0 
1 0.499297 0.12475 0.00771236 3.47143e-05 0 0 0 0 0 0 0 0 0 0 0 0 0 0 0 
1 0.499722 0.124957 0.00796743 3.18571e-05 0 0 0 0 0 0 0 0 0 0 0 0 0 0 0 
1 0.498565 0.124161 0.00793129 3.87857e-05 0 0 0 0 0 0 0 0 0 0 0 0 0 0 0 
1 0.500365 0.124953 0.0078725 3.47143e-05 0 0 0 0 0 0 0 0 0 0 0 0 0 0 0 
1 0.500781 0.12623 0.00819493 5.50714e-05 0 0 0 0 0 0 0 0 0 0 0 0 0 0 0 
1 0.500057 0.125394 0.00792029 4.28571e-05 0 0 0 0 0 0 0 0 0 0 0 0 0 0 0 
1 0.499207 0.123986 0.00772593 4.26429e-05 0 0 0 0 0 0 0 0 0 0 0 0 0 0 0 
1 0.500379 0.125743 0.00801443 4.84286e-05 0 0 0 0 0 0 0 0 0 0 0 0 0 0 0 
1 0.499686 0.12576 0.00802821 2.6e-05 0 0 0 0 0 0 0 0 0 0 0 0 0 0 0 
1 0.500334 0.125488 0.00815286 5.47857e-05 0 0 0 0 0 0 0 0 0 0 0 0 0 0 0 
1 0.498875 0.124547 0.00797964 3.54286e-05 0 0 0 0 0 0 0 0 0 0 0 0 0 0 0 
1 0.500339 0.125014 0.00796221 3.6e-05 0 0 0 0 0 0 0 0 0 0 0 0 0 0 0 
1 0.499088 0.12442 0.00770286 3.81429e-05 0 0 0 0 0 0 0 0 0 0 0 0 0 0 0 
1 0.500754 0.125886 0.0078355 2.60714e-05 0 0 0 0 0 0 0 0 0 0 0 0 0 0 0 
1 0.500162 0.125617 0.0078465 4.07857e-05 0 0 0 0 0 0 0 0 0 0 0 0 0 0 0 
1 0.500802 0.125708 0.00806021 1.66429e-05 0 0 0 0 0 0 0 0 0 0 0 0 0 0 0 
1 0.502209 0.127051 0.00813786 4.46429e-05 0 0 0 0 0 0 0 0 0 0 0 0 0 0 0 
1 0.500162 0.125111 0.00810257 3.48571e-05 0 0 0 0 0 0 0 0 0 0 0 0 0 0 0 
1 0.499521 0.12498 0.00792586 3.7e-05 0 0 0 0 0 0 0 0 0 0 0 0 0 0 0 
1 0.500783 0.125909 0.00796257 3.92143e-05 0 0 0 0 0 0 0 0 0 0 0 0 0 0 0 
1 0.500185 0.125542 0.008076 3.36429e-05 0 0 0 0 0 0 0 0 0 0 0 0 0 0 0 
1 0.499972 0.125259 0.0078765 3.25714e-05 0 0 0 0 0 0 0 0 0 0 0 0 0 0 0 
1 0.501848 0.125976 0.00789086 4.45714e-05 0 0 0 0 0 0 0 0 0 0 0 0 0 0 0 
1 0.499452 0.124819 0.00775064 3.63571e-05 0 0 0 0 0 0 0 0 0 0 0 0 0 0 0 
1 0.499473 0.12468 0.00779029 4.95e-05 8.57143e-07 0 0 0 0 0 0 0 0 0 0 0 0 0 0 
1 0.500648 0.125851 0.00803914 4.5e-05 0 0 0 0 0 0 0 0 0 0 0 0 0 0 0 
1 0.50053 0.125966 0.00813007 3.64286e-05 0 0 0 0 0 0 0 0 0 0 0 0 0 0 0 
1 0.5001 0.125829 0.00820543 5.67857e-05 0 0 0 0 0 0 0 0 0 0 0 0 0 0 0 
1 0.499293 0.124449 0.00780279 3.55714e-05 0 0 0 0 0 0 0 0 0 0 0 0 0 0 0 
1 0.500008 0.124764 0.00766286 2.90714e-05 0 0 0 0 0 0 0 0 0 0 0 0 0 0 0 
1 0.50122 0.125934 0.0081695 3.58571e-05 0 0 0 0 0 0 0 0 0 0 0 0 0 0 0 
1 0.499453 0.125009 0.00797929 3.05e-05 0 0 0 0 0 0 0 0 0 0 0 0 0 0 0 
1 0.499064 0.123962 0.00758693 5.01429e-05 0 0 0 0 0 0 0 0 0 0 0 0 0 0 0 
1 0.501383 0.126605 0.00826714 5e-05 0 0 0 0 0 0 0 0 0 0 0 0 0 0 0 
1 0.49914 0.12485 0.0077745 3.02143e-05 0 0 0 0 0 0 0 0 0 0 0 0 0 0 0 
1 0.499275 0.124955 0.0078715 3.10714e-05 0 0 0 0 0 0 0 0 0 0 0 0 0 0 0 
1 0.501062 0.12625 0.00815493 3.91429e-05 0 0 0 0 0 0 0 0 0 0 0 0 0 0 0 
1 0.5012 0.126279 0.00826729 4.07143e-05 0 0 0 0 0 0 0 0 0 0 0 0 0 0 0 
1 0.499788 0.125041 0.00786843 4.32143e-05 0 0 0 0 0 0 0 0 0 0 0 0 0 0 0 
1 0.500845 0.126373 0.00806793 4.10714e-05 0 0 0 0 0 0 0 0 0 0 0 0 0 0 0 
1 0.499876 0.124333 0.0078695 3.75714e-05 0 0 0 0 0 0 0 0 0 0 0 0 0 0 0 
1 0.500451 0.125884 0.00800043 4.69286e-05 0 0 0 0 0 0 0 0 0 0 0 0 0 0 0 
1 0.499058 0.124667 0.00800464 3.9e-05 0 0 0 0 0 0 0 0 0 0 0 0 0 0 0 
1 0.499773 0.124832 0.00769771 2.91429e-05 0 0 0 0 0 0 0 0 0 0 0 0 0 0 0 
1 0.499902 0.125513 0.0079615 3.06429e-05 0 0 0 0 0 0 0 0 0 0 0 0 0 0 0 
1 0.500834 0.12628 0.00812986 2.72857e-05 0 0 0 0 0 0 0 0 0 0 0 0 0 0 0 
1 0.49946 0.124816 0.00814129 3.01429e-05 0 0 0 0 0 0 0 0 0 0 0 0 0 0 0 
1 0.500344 0.125971 0.00803829 4.52143e-05 1.28571e-06 0 0 0 0 0 0 0 0 0 0 0 0 0 0 
1 0.499285 0.124894 0.00800643 3.72857e-05 0 0 0 0 0 0 0 0 0 0 0 0 0 0 0 
1 0.500178 0.125474 0.00802414 3.38571e-05 0 0 0 0 0 0 0 0 0 0 0 0 0 0 0 
1 0.500917 0.12592 0.00798486 3.69286e-05 0 0 0 0 0 0 0 0 0 0 0 0 0 0 0 
1 0.498474 0.124729 0.00780379 3.65e-05 0 0 0 0 0 0 0 0 0 0 0 0 0 0 0 
1 0.501007 0.126101 0.00816236 4.39286e-05 0 0 0 0 0 0 0 0 0 0 0 0 0 0 0 
1 0.49859 0.124467 0.007953 2.67857e-05 0 0 0 0 0 0 0 0 0 0 0 0 0 0 0 
1 0.500742 0.125987 0.00810829 3.39286e-05 0 0 0 0 0 0 0 0 0 0 0 0 0 0 0 
1 0.500228 0.125333 0.00809221 3.02143e-05 0 0 0 0 0 0 0 0 0 0 0 0 0 0 0 
1 0.499824 0.125031 0.00798636 3.92143e-05 0 0 0 0 0 0 0 0 0 0 0 0 0 0 0 
1 0.49945 0.124676 0.00791243 4.9e-05 0 0 0 0 0 0 0 0 0 0 0 0 0 0 0 
1 0.500431 0.125008 0.00790779 3.45e-05 0 0 0 0 0 0 0 0 0 0 0 0 0 0 0 
1 0.500558 0.126151 0.00814564 4.05e-05 0 0 0 0 0 0 0 0 0 0 0 0 0 0 0 
1 0.500005 0.125791 0.00816457 4.77143e-05 0 0 0 0 0 0 0 0 0 0 0 0 0 0 0 
1 0.500306 0.126054 0.00825593 3.67143e-05 0 0 0 0 0 0 0 0 0 0 0 0 0 0 0 
1 0.501169 0.126123 0.00804307 3.53571e-05 0 0 0 0 0 0 0 0 0 0 0 0 0 0 0 
1 0.49998 0.125867 0.00819036 7.21429e-05 0 0 0 0 0 0 0 0 0 0 0 0 0 0 0 
1 0.50035 0.125079 0.00767021 2.59286e-05 0 0 0 0 0 0 0 0 0 0 0 0 0 0 0 
1 0.500229 0.125139 0.00773886 4.02143e-05 0 0 0 0 0 0 0 0 0 0 0 0 0 0 0 
1 0.49994 0.124953 0.00798607 2.82143e-05 0 0 0 0 0 0 0 0 0 0 0 0 0 0 0 
1 0.499757 0.12466 0.00782529 3.60714e-05 0 0 0 0 0 0 0 0 0 0 0 0 0 0 0 
1 0.500117 0.125209 0.00786164 2.87143e-05 0 0 0 0 0 0 0 0 0 0 0 0 0 0 0 
1 0.501013 0.126301 0.00817414 5.28571e-05 0 0 0 0 0 0 0 0 0 0 0 0 0 0 0 
1 0.501086 0.12639 0.00821214 2.73571e-05 0 0 0 0 0 0 0 0 0 0 0 0 0 0 0 
1 0.500911 0.12649 0.00839621 4.18571e-05 0 0 0 0 0 0 0 0 0 0 0 0 0 0 0 
1 0.500371 0.125514 0.00812943 5.2e-05 0 0 0 0 0 0 0 0 0 0 0 0 0 0 0 
1 0.500937 0.125573 0.00797486 3.49286e-05 0 0 0 0 0 0 0 0 0 0 0 0 0 0 0 
1 0.50096 0.125711 0.00793107 3.80714e-05 0 0 0 0 0 0 0 0 0 0 0 0 0 0 0 
1 0.500305 0.125207 0.00799157 2.48571e-05 0 0 0 0 0 0 0 0 0 0 0 0 0 0 0 
1 0.500495 0.125104 0.00788829 3.84286e-05 0 0 0 0 0 0 0 0 0 0 0 0 0 0 0 
1 0.500512 0.12533 0.00795586 3.07143e-05 0 0 0 0 0 0 0 0 0 0 0 0 0 0 0 
1 0.500175 0.125439 0.00794786 4.17857e-05 0 0 0 0 0 0 0 0 0 0 0 0 0 0 0 
1 0.499426 0.125468 0.0082325 5.33571e-05 0 0 0 0 0 0 0 0 0 0 0 0 0 0 0 
1 0.500874 0.126069 0.0080285 3.40714e-05 0 0 0 0 0 0 0 0 0 0 0 0 0 0 0 
1 0.499642 0.124387 0.00806736 4.05714e-05 0 0 0 0 0 0 0 0 0 0 0 0 0 0 0 
1 0.500886 0.126495 0.00826829 4.77857e-05 0 0 0 0 0 0 0 0 0 0 0 0 0 0 0 
1 0.499587 0.124637 0.00786143 3.73571e-05 0 0 0 0 0 0 0 0 0 0 0 0 0 0 0 
1 0.500557 0.12594 0.00785907 3.22857e-05 0 0 0 0 0 0 0 0 0 0 0 0 0 0 0 
1 0.500709 0.125568 0.00808121 3.91429e-05 0 0 0 0 0 0 0 0 0 0 0 0 0 0 0 
1 0.50006 0.125055 0.0079145 3.42857e-05 0 0 0 0 0 0 0 0 0 0 0 0 0 0 0 
1 0.499998 0.124437 0.00788771 4.75e-05 0 0 0 0 0 0 0 0 0 0 0 0 0 0 0 
1 0.500488 0.125581 0.00787929 3.55714e-05 0 0 0 0 0 0 0 0 0 0 0 0 0 0 0 
1 0.499227 0.124208 0.00782671 4.17143e-05 0 0 0 0 0 0 0 0 0 0 0 0 0 0 0 
1 0.499244 0.12515 0.00807707 4.75714e-05 0 0 0 0 0 0 0 0 0 0 0 0 0 0 0 
1 0.500916 0.126365 0.00831407 3.26429e-05 0 0 0 0 0 0 0 0 0 0 0 0 0 0 0 
1 0.499718 0.125721 0.00819064 4.27857e-05 0 0 0 0 0 0 0 0 0 0 0 0 0 0 0 
1 0.499564 0.124557 0.00802543 4.7e-05 0 0 0 0 0 0 0 0 0 0 0 0 0 0 0 
1 0.500837 0.125209 0.00782107 2.15e-05 0 0 0 0 0 0 0 0 0 0 0 0 0 0 0 
1 0.498963 0.124177 0.00783829 5.27857e-05 0 0 0 0 0 0 0 0 0 0 0 0 0 0 0 
1 0.498188 0.124041 0.00762907 2.61429e-05 0 0 0 0 0 0 0 0 0 0 0 0 0 0 0 
1 0.500751 0.125821 0.00788364 3.29286e-05 0 0 0 0 0 0 0 0 0 0 0 0 0 0 0 
1 0.499083 0.124864 0.00801029 3.73571e-05 0 0 0 0 0 0 0 0 0 0 0 0 0 0 0 
1 0.498305 0.123935 0.007765 3.82143e-05 3.57143e-07 0 0 0 0 0 0 0 0 0 0 0 0 0 0 
1 0.500211 0.125442 0.00815336 4.76429e-05 0 0 0 0 0 0 0 0 0 0 0 0 0 0 0 
1 0.500312 0.125116 0.00802493 3.16429e-05 0 0 0 0 0 0 0 0 0 0 0 0 0 0 0 
1 0.5004 0.125484 0.00788471 3.5e-05 0 0 0 0 0 0 0 0 0 0 0 0 0 0 0 
1 0.500469 0.125938 0.00790157 4.18571e-05 0 0 0 0 0 0 0 0 0 0 0 0 0 0 0 
1 0.501365 0.126429 0.00804479 3.95714e-05 0 0 0 0 0 0 0 0 0 0 0 0 0 0 0 
1 0.499864 0.124549 0.00772486 3.14286e-05 0 0 0 0 0 0 0 0 0 0 0 0 0 0 0 
1 0.5013 0.126806 0.00822464 4.04286e-05 0 0 0 0 0 0 0 0 0 0 0 0 0 0 0 
1 0.500187 0.125394 0.00796671 5.1e-05 0 0 0 0 0 0 0 0 0 0 0 0 0 0 0 
1 0.499128 0.12466 0.00804014 3.51429e-05 0 0 0 0 0 0 0 0 0 0 0 0 0 0 0 
1 0.500784 0.1256 0.00787386 3.85e-05 0 0 0 0 0 0 0 0 0 0 0 0 0 0 0 
1 0.501057 0.126541 0.00807293 5.02857e-05 7.14286e-07 0 0 0 0 0 0 0 0 0 0 0 0 0 0 
1 0.499923 0.125087 0.00789564 4.47143e-05 0 0 0 0 0 0 0 0 0 0 0 0 0 0 0 
1 0.499328 0.124229 0.00764493 3.9e-05 0 0 0 0 0 0 0 0 0 0 0 0 0 0 0 
1 0.499724 0.125353 0.00808093 4.87143e-05 0 0 0 0 0 0 0 0 0 0 0 0 0 0 0 
1 0.498282 0.12448 0.00783293 3.82143e-05 0 0 0 0 0 0 0 0 0 0 0 0 0 0 0 
1 0.49969 0.124434 0.00799707 2.70714e-05 7.14286e-08 0 0 0 0 0 0 0 0 0 0 0 0 0 0 
1 0.500746 0.125801 0.00805107 4.06429e-05 0 0 0 0 0 0 0 0 0 0 0 0 0 0 0 
1 0.499604 0.124796 0.00771136 4.48571e-05 0 0 0 0 0 0 0 0 0 0 0 0 0 0 0 
1 0.500014 0.125172 0.00798864 2.9e-05 0 0 0 0 0 0 0 0 0 0 0 0 0 0 0 
1 0.500941 0.12627 0.0081465 3.65e-05 0 0 0 0 0 0 0 0 0 0 0 0 0 0 0 
1 0.49925 0.125021 0.007955 5.1e-05 0 0 0 0 0 0 0 0 0 0 0 0 0 0 0 
1 0.500613 0.125462 0.00792136 2.87857e-05 0 0 0 0 0 0 0 0 0 0 0 0 0 0 0 
1 0.500901 0.125977 0.00814564 5.77857e-05 0 0 0 0 0 0 0 0 0 0 0 0 0 0 0 
1 0.501134 0.126521 0.00826314 3.60714e-05 0 0 0 0 0 0 0 0 0 0 0 0 0 0 0 
1 0.498886 0.124186 0.00785771 3.52857e-05 0 0 0 0 0 0 0 0 0 0 0 0 0 0 0 
1 0.499416 0.124678 0.00789071 2.84286e-05 0 0 0 0 0 0 0 0 0 0 0 0 0 0 0 
1 0.500176 0.125201 0.00783271 4.02857e-05 0 0 0 0 0 0 0 0 0 0 0 0 0 0 0 
1 0.500661 0.12589 0.00793471 3.97143e-05 0 0 0 0 0 0 0 0 0 0 0 0 0 0 0 
1 0.499864 0.125494 0.00810286 3.62143e-05 0 0 0 0 0 0 0 0 0 0 0 0 0 0 0 
1 0.499408 0.125031 0.00771929 4.45e-05 0 0 0 0 0 0 0 0 0 0 0 0 0 0 0 
1 0.501343 0.125877 0.00815964 4.24286e-05 0 0 0 0 0 0 0 0 0 0 0 0 0 0 0 
1 0.499744 0.125329 0.00796486 5.30714e-05 0 0 0 0 0 0 0 0 0 0 0 0 0 0 0 
1 0.500926 0.125561 0.00799593 4.42857e-05 0 0 0 0 0 0 0 0 0 0 0 0 0 0 0 
1 0.501154 0.126381 0.00814021 3.98571e-05 0 0 0 0 0 0 0 0 0 0 0 0 0 0 0 
1 0.499607 0.125019 0.00795957 2.47143e-05 0 0 0 0 0 0 0 0 0 0 0 0 0 0 0 
1 0.501615 0.127033 0.00821914 5.15e-05 0 0 0 0 0 0 0 0 0 0 0 0 0 0 0 
1 0.499065 0.124466 0.0078605 3.26429e-05 0 0 0 0 0 0 0 0 0 0 0 0 0 0 0 
1 0.499548 0.125694 0.00795864 4.31429e-05 0 0 0 0 0 0 0 0 0 0 0 0 0 0 0 
1 0.499123 0.124234 0.00792543 3.7e-05 0 0 0 0 0 0 0 0 0 0 0 0 0 0 0 
1 0.500175 0.124989 0.00810021 4e-05 0 0 0 0 0 0 0 0 0 0 0 0 0 0 0 
1 0.499127 0.124765 0.00786457 3.50714e-05 0 0 0 0 0 0 0 0 0 0 0 0 0 0 0 
1 0.499599 0.12497 0.00800057 4.7e-05 0 0 0 0 0 0 0 0 0 0 0 0 0 0 0 
1 0.50025 0.125127 0.00790129 4.62857e-05 0 0 0 0 0 0 0 0 0 0 0 0 0 0 0 
1 0.500964 0.125823 0.00816336 3.32857e-05 0 0 0 0 0 0 0 0 0 0 0 0 0 0 0 
1 0.50055 0.125101 0.00775793 4.55714e-05 0 0 0 0 0 0 0 0 0 0 0 0 0 0 0 
1 0.499935 0.125017 0.00785157 4.5e-05 0 0 0 0 0 0 0 0 0 0 0 0 0 0 0 
1 0.499892 0.125179 0.00784943 2.47857e-05 0 0 0 0 0 0 0 0 0 0 0 0 0 0 0 
1 0.500451 0.125092 0.00780157 2.42857e-05 0 0 0 0 0 0 0 0 0 0 0 0 0 0 0 
1 0.49833 0.124222 0.00776671 3.15714e-05 0 0 0 0 0 0 0 0 0 0 0 0 0 0 0 
1 0.499109 0.123733 0.00759543 3.71429e-05 0 0 0 0 0 0 0 0 0 0 0 0 0 0 0 
1 0.500557 0.125713 0.00792393 4.36429e-05 0 0 0 0 0 0 0 0 0 0 0 0 0 0 0 
1 0.500361 0.125202 0.00787757 4.12143e-05 0 0 0 0 0 0 0 0 0 0 0 0 0 0 0 
1 0.500102 0.125052 0.007966 3.78571e-05 0 0 0 0 0 0 0 0 0 0 0 0 0 0 0 
1 0.501253 0.126074 0.0081985 3.12857e-05 0 0 0 0 0 0 0 0 0 0 0 0 0 0 0 
1 0.500502 0.125563 0.00788864 4.00714e-05 0 0 0 0 0 0 0 0 0 0 0 0 0 0 0 
1 0.501085 0.126153 0.00804729 3.82857e-05 0 0 0 0 0 0 0 0 0 0 0 0 0 0 0 
1 0.498643 0.124543 0.00795443 4.42143e-05 0 0 0 0 0 0 0 0 0 0 0 0 0 0 0 
1 0.500817 0.126444 0.008593 5.04286e-05 0 0 0 0 0 0 0 0 0 0 0 0 0 0 0 
1 0.500006 0.125196 0.00800386 3.18571e-05 0 0 0 0 0 0 0 0 0 0 0 0 0 0 0 
1 0.501462 0.12605 0.00799829 3.64286e-05 0 0 0 0 0 0 0 0 0 0 0 0 0 0 0 
1 0.499797 0.125165 0.00806493 5.35714e-05 0 0 0 0 0 0 0 0 0 0 0 0 0 0 0 
1 0.499987 0.124853 0.00803221 4.97143e-05 0 0 0 0 0 0 0 0 0 0 0 0 0 0 0 
1 0.500154 0.125197 0.00803293 4.21429e-05 0 0 0 0 0 0 0 0 0 0 0 0 0 0 0 
1 0.499065 0.124405 0.00781136 3.46429e-05 0 0 0 0 0 0 0 0 0 0 0 0 0 0 0 
1 0.50052 0.124917 0.00771679 1.61429e-05 0 0 0 0 0 0 0 0 0 0 0 0 0 0 0 
1 0.499144 0.124342 0.00779307 2.44286e-05 0 0 0 0 0 0 0 0 0 0 0 0 0 0 0 
1 0.500384 0.125598 0.00798 4.95714e-05 0 0 0 0 0 0 0 0 0 0 0 0 0 0 0 
1 0.50067 0.125738 0.00799879 3.3e-05 0 0 0 0 0 0 0 0 0 0 0 0 0 0 0 
1 0.499653 0.124891 0.00798879 3.22143e-05 0 0 0 0 0 0 0 0 0 0 0 0 0 0 0 
1 0.500709 0.126425 0.00830321 3.73571e-05 0 0 0 0 0 0 0 0 0 0 0 0 0 0 0 
1 0.501322 0.126547 0.00820229 4.54286e-05 0 0 0 0 0 0 0 0 0 0 0 0 0 0 0 
1 0.500907 0.125087 0.00790979 5.08571e-05 0 0 0 0 0 0 0 0 0 0 0 0 0 0 0 
1 0.498387 0.124808 0.00751871 3.85e-05 0 0 0 0 0 0 0 0 0 0 0 0 0 0 0 
1 0.499297 0.125818 0.00821607 3.95e-05 0 0 0 0 0 0 0 0 0 0 0 0 0 0 0 
1 0.499277 0.12431 0.00788021 3.22857e-05 0 0 0 0 0 0 0 0 0 0 0 0 0 0 0 
1 0.498964 0.12417 0.00794757 5.57143e-05 0 0 0 0 0 0 0 0 0 0 0 0 0 0 0 
1 0.500866 0.125988 0.00816414 3.94286e-05 0 0 0 0 0 0 0 0 0 0 0 0 0 0 0 
1 0.500743 0.126068 0.00814307 3.42857e-05 0 0 0 0 0 0 0 0 0 0 0 0 0 0 0 
1 0.500414 0.125176 0.0079285 3.17143e-05 0 0 0 0 0 0 0 0 0 0 0 0 0 0 0 
1 0.498654 0.124191 0.00786629 4.45714e-05 0 0 0 0 0 0 0 0 0 0 0 0 0 0 0 
1 0.501092 0.126447 0.00809086 3.53571e-05 0 0 0 0 0 0 0 0 0 0 0 0 0 0 0 
1 0.500872 0.125747 0.00826693 3.94286e-05 0 0 0 0 0 0 0 0 0 0 0 0 0 0 0 
1 0.500213 0.125519 0.008084 4.7e-05 0 0 0 0 0 0 0 0 0 0 0 0 0 0 0 
1 0.500599 0.125019 0.0079535 2.75714e-05 0 0 0 0 0 0 0 0 0 0 0 0 0 0 0 
1 0.500425 0.125185 0.0079845 4.08571e-05 0 0 0 0 0 0 0 0 0 0 0 0 0 0 0 
1 0.499199 0.12428 0.00787936 4.58571e-05 0 0 0 0 0 0 0 0 0 0 0 0 0 0 0 
1 0.49973 0.12485 0.00786386 4.27857e-05 0 0 0 0 0 0 0 0 0 0 0 0 0 0 0 
1 0.499543 0.124919 0.00797529 5.04286e-05 0 0 0 0 0 0 0 0 0 0 0 0 0 0 0 
1 0.499142 0.125275 0.00806164 4.22857e-05 0 0 0 0 0 0 0 0 0 0 0 0 0 0 0 
1 0.500828 0.126424 0.0081855 5.29286e-05 0 0 0 0 0 0 0 0 0 0 0 0 0 0 0 
1 0.500832 0.125682 0.00826771 4.08571e-05 0 0 0 0 0 0 0 0 0 0 0 0 0 0 0 
1 0.499309 0.125018 0.00795 3.92143e-05 0 0 0 0 0 0 0 0 0 0 0 0 0 0 0 
1 0.499315 0.124156 0.00783336 3.16429e-05 0 0 0 0 0 0 0 0 0 0 0 0 0 0 0 
1 0.499892 0.125266 0.00805607 4.91429e-05 0 0 0 0 0 0 0 0 0 0 0 0 0 0 0 
1 0.499314 0.12468 0.00780243 3.26429e-05 0 0 0 0 0 0 0 0 0 0 0 0 0 0 0 
1 0.498782 0.124399 0.00775707 4.78571e-05 1.64286e-06 0 0 0 0 0 0 0 0 0 0 0 0 0 0 
