1 0.900467 0.766467 0.6213 0.484267 0.367 0.274833 0.20405 0.1506 0.1127 0.08385 0.06175 0.04505 0.0332333 0.0248333 0.0185667 0.0143833 0.0108667 0.00835 0.00645 
1 0.898867 0.7635 0.614983 0.4763 0.358417 0.265283 0.19275 0.140317 0.102233 0.0746333 0.0535833 0.03915 0.0273333 0.0198 0.01355 0.00918333 0.00646667 0.00426667 0.00301667 
1 0.90045 0.76655 0.619583 0.482217 0.36455 0.2744 0.20125 0.14675 0.1065 0.0774667 0.0563333 0.0404667 0.0292667 0.0210333 0.0149 0.011 0.00778333 0.00571667 0.00428333 
1 0.9001 0.764667 0.618083 0.48015 0.362167 0.270117 0.200217 0.14595 0.106067 0.0787 0.0579333 0.0423 0.0305833 0.0219667 0.0154333 0.0107667 0.00765 0.00565 0.004 
1 0.901333 0.770217 0.62355 0.485533 0.36755 0.275033 0.2004 0.147017 0.1091 0.0802667 0.05935 0.04415 0.0332833 0.0244667 0.0182167 0.0137333 0.0102 0.00745 0.00568333 
1 0.899833 0.763433 0.6133 0.4751 0.3561 0.26325 0.192183 0.140783 0.1013 0.0731833 0.05125 0.0365167 0.0258667 0.0182333 0.0124 0.0079 0.00515 0.00338333 0.00216667 
1 0.8999 0.77045 0.624433 0.489217 0.3729 0.2791 0.206283 0.151533 0.110483 0.0795167 0.0577167 0.0421667 0.03115 0.02265 0.0165833 0.0120167 0.00856667 0.00588333 0.00415 
1 0.900767 0.767633 0.621233 0.4866 0.370267 0.277517 0.205633 0.150133 0.110517 0.0813167 0.0598333 0.0435 0.0313667 0.0218667 0.0152667 0.01045 0.0074 0.00556667 0.00398333 
1 0.9019 0.76645 0.618367 0.480883 0.366283 0.274117 0.202367 0.146783 0.106617 0.0764 0.0556333 0.0399 0.0285 0.0209833 0.0153 0.0113167 0.00863333 0.00628333 0.00493333 
1 0.9004 0.764383 0.617467 0.4797 0.363717 0.271917 0.200517 0.146233 0.106883 0.0799333 0.05775 0.0427 0.0311333 0.023 0.0169167 0.01255 0.00973333 0.00708333 0.00531667 
1 0.899667 0.765417 0.618117 0.480983 0.3644 0.27205 0.201333 0.149217 0.1082 0.0786333 0.05765 0.0415667 0.0300333 0.0217 0.0159667 0.0120667 0.00896667 0.00696667 0.00541667 
1 0.899983 0.764467 0.615183 0.478217 0.361717 0.269167 0.196383 0.142 0.101567 0.0740167 0.0533833 0.0381333 0.0281 0.0214333 0.0162167 0.0123167 0.009 0.00673333 0.00495 
1 0.9006 0.7622 0.613633 0.475933 0.356733 0.265267 0.194633 0.1415 0.102183 0.07465 0.0537833 0.0384833 0.0269333 0.0187 0.01275 0.00883333 0.00613333 0.004 0.00265 
1 0.900717 0.769033 0.622567 0.486783 0.373467 0.28025 0.2099 0.156083 0.1153 0.0842333 0.0612833 0.0445833 0.03265 0.0238833 0.01765 0.0126833 0.0092 0.0069 0.00495 
1 0.895867 0.761283 0.613533 0.4773 0.3607 0.265717 0.194017 0.140333 0.1014 0.0723833 0.0525 0.0379 0.0271833 0.0197167 0.0142833 0.01085 0.00785 0.00573333 0.00395 
1 0.8985 0.758933 0.60905 0.4662 0.349667 0.257067 0.187117 0.135167 0.0977667 0.07185 0.0525667 0.0386 0.0283 0.02085 0.0157167 0.0121667 0.0086 0.00611667 0.00458333 
1 0.899167 0.763433 0.616683 0.4773 0.360483 0.26905 0.19905 0.146217 0.1046 0.0755667 0.0552667 0.0406167 0.0295667 0.0217333 0.0155167 0.0113167 0.00863333 0.00648333 0.00495 
1 0.9015 0.76495 0.616133 0.477633 0.362633 0.2701 0.199583 0.146317 0.107417 0.07905 0.0576167 0.04255 0.03095 0.0228 0.0165667 0.0116167 0.00816667 0.00563333 0.00373333 
1 0.90265 0.77025 0.625583 0.491983 0.374033 0.281783 0.210733 0.156167 0.115117 0.0850167 0.0624167 0.0451667 0.0324667 0.0234833 0.01705 0.0126 0.00926667 0.0068 0.00488333 
1 0.90105 0.767983 0.6234 0.483133 0.367383 0.275133 0.20615 0.154317 0.115033 0.0858 0.0635833 0.0471167 0.03525 0.0259 0.0200833 0.0144333 0.0107667 0.00841667 0.0065 
1 0.900683 0.7694 0.623133 0.485233 0.370317 0.2786 0.207517 0.154967 0.115167 0.0852167 0.0632333 0.0468167 0.0349167 0.0259333 0.0189333 0.01355 0.00971667 0.0072 0.00546667 
1 0.898217 0.762867 0.615533 0.477383 0.361717 0.268183 0.197783 0.14625 0.106167 0.0785333 0.0584333 0.0420667 0.0305 0.0222 0.0163333 0.0121167 0.00895 0.0066 0.00496667 
1 0.901833 0.769267 0.62165 0.485067 0.36765 0.27415 0.20095 0.147783 0.108617 0.0775 0.0555167 0.0402667 0.0289167 0.0201833 0.0142167 0.00958333 0.00651667 0.00446667 0.00251667 
1 0.898183 0.7608 0.6099 0.474633 0.3568 0.266367 0.196017 0.143583 0.104067 0.07735 0.0574833 0.042 0.03095 0.0226167 0.0164833 0.0117833 0.00813333 0.00558333 0.0038 
1 0.901817 0.7671 0.62 0.4828 0.367367 0.27475 0.2032 0.14935 0.108783 0.0795333 0.0578167 0.0417833 0.03045 0.0225333 0.0162667 0.0119833 0.00901667 0.00626667 0.0046 
1 0.903767 0.772817 0.628983 0.493467 0.37925 0.284933 0.213033 0.158367 0.116867 0.086 0.06245 0.0452167 0.0327 0.02365 0.0168167 0.0118667 0.00851667 0.0062 0.00445 
1 0.9011 0.765567 0.61665 0.479033 0.362267 0.26955 0.198583 0.145417 0.107067 0.0789667 0.05885 0.04335 0.0328167 0.0238333 0.0184667 0.0139 0.00988333 0.00753333 0.00553333 
1 0.903517 0.772717 0.62575 0.489217 0.3738 0.2814 0.209133 0.154383 0.11255 0.0837833 0.06225 0.0457667 0.03315 0.0243 0.0177667 0.0128 0.00938333 0.00713333 0.00536667 
1 0.902283 0.764967 0.618967 0.483667 0.36845 0.277367 0.206833 0.151233 0.110983 0.0816167 0.0601833 0.0440667 0.0316333 0.0226333 0.0165333 0.01215 0.00893333 0.00651667 0.00496667 
1 0.899683 0.76825 0.624633 0.490817 0.377067 0.284083 0.212533 0.15745 0.114767 0.08475 0.0611 0.0447167 0.0322667 0.0236667 0.0175167 0.0126833 0.00931667 0.00693333 0.00483333 
1 0.9003 0.76535 0.617933 0.482083 0.365433 0.271917 0.20175 0.148967 0.109717 0.0803 0.05945 0.0448167 0.0337167 0.0257833 0.0195 0.0150167 0.0110167 0.0085 0.0067 
1 0.902667 0.767717 0.622917 0.485717 0.370167 0.27935 0.20675 0.152183 0.112467 0.0829 0.0612167 0.0447333 0.0324 0.02435 0.01785 0.0128 0.0098 0.0075 0.0056 
1 0.895583 0.760433 0.6145 0.47775 0.35895 0.2657 0.193367 0.14075 0.102533 0.0736333 0.0530667 0.03845 0.0276 0.0198667 0.0147 0.01045 0.00763333 0.00541667 0.004 
1 0.899533 0.767567 0.6203 0.48245 0.36705 0.275017 0.203383 0.1496 0.11065 0.0817 0.0599333 0.0435667 0.0327333 0.02445 0.0179667 0.0132167 0.00983333 0.00746667 0.00553333 
1 0.89865 0.7606 0.60925 0.468183 0.350733 0.258367 0.1869 0.134633 0.0960833 0.0689667 0.04925 0.0341667 0.0242833 0.0172167 0.0120167 0.00868333 0.00606667 0.004 0.00263333 
1 0.901917 0.767983 0.624683 0.488 0.373467 0.2795 0.208033 0.151933 0.110767 0.0808333 0.0587167 0.0426167 0.0302 0.0209 0.0147333 0.0105167 0.00773333 0.00525 0.00388333 
1 0.89825 0.763467 0.616983 0.48095 0.3647 0.27395 0.202867 0.14935 0.109567 0.0815667 0.05995 0.0444167 0.0321833 0.0228 0.0165167 0.0119167 0.00863333 0.00646667 0.00485 
1 0.898183 0.7636 0.618417 0.480467 0.363217 0.272867 0.202833 0.14885 0.111567 0.0814 0.05905 0.0435833 0.0327167 0.024 0.0179333 0.0130667 0.0097 0.00695 0.00525 
1 0.89575 0.758117 0.611083 0.47325 0.356 0.2651 0.195133 0.1422 0.103533 0.0762667 0.0554833 0.0405333 0.0297167 0.0223667 0.0161833 0.0115167 0.00796667 0.00576667 0.004 
1 0.902217 0.768517 0.622833 0.48535 0.370017 0.278 0.20645 0.154917 0.11585 0.0863667 0.0637833 0.0470167 0.0348 0.02575 0.0186667 0.0133667 0.0099 0.0076 0.00543333 
1 0.903567 0.770717 0.627117 0.49335 0.378533 0.285917 0.21365 0.159067 0.1188 0.0889667 0.0665167 0.0495167 0.0379833 0.0288833 0.0221667 0.0170167 0.0125333 0.00941667 0.00708333 
1 0.897133 0.759317 0.60985 0.4682 0.353917 0.260483 0.18965 0.1347 0.0959167 0.0673833 0.04745 0.0342333 0.0243667 0.0175 0.0124 0.00873333 0.00621667 0.00428333 0.0029 
1 0.8995 0.76855 0.622183 0.486233 0.37175 0.27885 0.208933 0.156133 0.114583 0.0854167 0.0629333 0.0469167 0.03525 0.0264833 0.01955 0.0145833 0.011 0.00823333 0.00601667 
1 0.897933 0.765183 0.61895 0.481217 0.364383 0.273367 0.20185 0.147767 0.10625 0.0772167 0.05615 0.0401167 0.02865 0.0206333 0.01445 0.00998333 0.00738333 0.0052 0.00371667 
1 0.8975 0.761533 0.612267 0.472833 0.356617 0.267567 0.1985 0.148333 0.1102 0.0815333 0.0603667 0.0448167 0.0336667 0.0246667 0.0178667 0.0132667 0.00956667 0.00723333 0.00526667 
1 0.900067 0.766967 0.620567 0.481417 0.365917 0.27365 0.203333 0.1499 0.110133 0.0802167 0.0591667 0.04245 0.0307667 0.02135 0.0155833 0.0108667 0.0075 0.00508333 0.00353333 
1 0.903 0.770417 0.625083 0.489367 0.373183 0.281083 0.206283 0.15185 0.110617 0.0821833 0.0605 0.04465 0.0337667 0.0247167 0.0180833 0.0128833 0.00946667 0.00683333 0.005 
1 0.898083 0.762267 0.614533 0.477983 0.3632 0.271733 0.203633 0.150883 0.109967 0.0810333 0.0585833 0.0435667 0.0320833 0.0238833 0.0172833 0.0128167 0.00925 0.00635 0.00448333 
1 0.8979 0.7617 0.614917 0.48045 0.365567 0.272383 0.200933 0.146967 0.107683 0.0785833 0.0580667 0.0419167 0.0312333 0.0226667 0.0169833 0.0129667 0.0100167 0.00776667 0.00621667 
1 0.899633 0.763017 0.612 0.475867 0.3617 0.268817 0.199583 0.1474 0.107967 0.07855 0.05735 0.0414 0.0293333 0.0209 0.0150167 0.0112167 0.00823333 0.00628333 0.00471667 
1 0.898583 0.764367 0.617333 0.4818 0.367817 0.27605 0.206833 0.1537 0.113733 0.08455 0.0624333 0.0464833 0.0347833 0.026 0.0196333 0.01425 0.0102667 0.00745 0.0054 
1 0.8976 0.761167 0.614833 0.479167 0.362183 0.271533 0.201217 0.146783 0.106583 0.0783 0.0578833 0.0429 0.0323167 0.0232667 0.0175167 0.0124333 0.0087 0.0061 0.00433333 
1 0.897483 0.762133 0.614233 0.478933 0.362317 0.270517 0.198117 0.142433 0.104417 0.0756333 0.0538667 0.0399 0.0299667 0.0219667 0.0162667 0.0114667 0.00833333 0.00601667 0.004 
1 0.898 0.762333 0.616017 0.47805 0.35905 0.267517 0.197117 0.143783 0.102683 0.0730167 0.0519667 0.0369667 0.0256667 0.0176167 0.0123833 0.00875 0.00618333 0.00448333 0.00326667 
1 0.90395 0.771367 0.626217 0.489133 0.372567 0.2811 0.208367 0.156367 0.1153 0.08495 0.06235 0.0454 0.0326667 0.0236333 0.0170167 0.0119167 0.00861667 0.006 0.00391667 
1 0.899583 0.76535 0.62115 0.484133 0.36955 0.2761 0.205717 0.150817 0.109783 0.0799 0.05875 0.04255 0.03105 0.0219167 0.01555 0.01095 0.00771667 0.0052 0.00371667 
1 0.898783 0.764367 0.618267 0.481867 0.3675 0.2784 0.2088 0.155033 0.113967 0.0832 0.0607833 0.0440833 0.0328167 0.024 0.01725 0.0127 0.00915 0.00671667 0.00481667 
1 0.8992 0.762383 0.61445 0.4768 0.360167 0.26875 0.197567 0.144667 0.106383 0.07855 0.0573 0.0415833 0.0305833 0.0218833 0.0158 0.0108833 0.0071 0.00495 0.0035 
1 0.8978 0.7646 0.618383 0.48065 0.366117 0.2732 0.202133 0.149433 0.109967 0.0798167 0.0589667 0.0434833 0.0318833 0.0237667 0.0173833 0.0127 0.00921667 0.00683333 0.00488333 
1 0.896117 0.757767 0.6093 0.4688 0.348967 0.254483 0.1829 0.131183 0.0934667 0.0670833 0.0473167 0.0328167 0.0231167 0.0167333 0.0118667 0.0085 0.00645 0.00461667 0.00363333 
1 0.900767 0.763967 0.6159 0.474517 0.357817 0.262517 0.19025 0.136583 0.098 0.07035 0.0497167 0.03555 0.02555 0.0184333 0.01315 0.00971667 0.0071 0.00538333 0.0041 
1 0.900933 0.764483 0.615533 0.477017 0.359817 0.26675 0.195367 0.142933 0.105383 0.0779333 0.0576333 0.0426333 0.0305 0.0218833 0.0149333 0.0104333 0.00733333 0.00495 0.00348333 
1 0.899283 0.762417 0.615183 0.477633 0.3605 0.26465 0.195017 0.141283 0.102283 0.0741 0.05325 0.0393333 0.0284833 0.0203333 0.01485 0.0112833 0.00805 0.00581667 0.00396667 
1 0.898667 0.762967 0.617617 0.48155 0.364233 0.2693 0.197817 0.14365 0.101983 0.0732 0.05185 0.0356333 0.0247 0.0167333 0.0114667 0.00786667 0.00565 0.00413333 0.00301667 
1 0.9002 0.765817 0.619267 0.483183 0.367367 0.271217 0.199317 0.1461 0.105067 0.0753833 0.05425 0.0388333 0.0281667 0.02035 0.0144 0.01005 0.00705 0.00515 0.00395 
1 0.900133 0.764917 0.6162 0.4791 0.3646 0.271567 0.199983 0.148317 0.1082 0.0782167 0.0572167 0.0426167 0.0313833 0.02335 0.0169667 0.0126 0.00935 0.00696667 0.00518333 
1 0.897917 0.7626 0.61395 0.475633 0.362483 0.269533 0.197967 0.144717 0.10445 0.0778 0.0578167 0.0427667 0.0315167 0.0230833 0.01695 0.0120167 0.00901667 0.007 0.00521667 
1 0.90105 0.764683 0.6195 0.484433 0.368833 0.278433 0.205067 0.150467 0.10925 0.0801667 0.0583667 0.0413667 0.0298 0.0215833 0.0156 0.0110833 0.00783333 0.00551667 0.00376667 
1 0.90005 0.76555 0.616417 0.4782 0.359667 0.266917 0.196983 0.143383 0.104433 0.0769333 0.0558833 0.0408333 0.0292333 0.0218 0.0158667 0.0114667 0.00871667 0.00635 0.00475 
1 0.898317 0.762433 0.615933 0.47725 0.358583 0.26595 0.192883 0.140533 0.09945 0.0703167 0.04975 0.0357333 0.0256833 0.0184333 0.01315 0.00948333 0.00703333 0.00505 0.00363333 
1 0.89805 0.759633 0.614417 0.474533 0.35915 0.268017 0.197133 0.144483 0.104867 0.0764667 0.05575 0.0404333 0.0296833 0.0218333 0.01545 0.0112333 0.00841667 0.00621667 0.00448333 
1 0.9016 0.770017 0.625 0.488167 0.3717 0.276633 0.204967 0.149 0.108233 0.0785 0.0563 0.0404167 0.0296333 0.0211333 0.0159167 0.0113833 0.00793333 0.0059 0.00441667 
1 0.897833 0.761283 0.61165 0.473667 0.35675 0.264833 0.195383 0.142533 0.10375 0.0750333 0.0539167 0.03845 0.0269667 0.0188 0.0131167 0.00923333 0.00596667 0.00378333 0.00251667 
1 0.900767 0.76895 0.6265 0.490117 0.376383 0.284783 0.211733 0.156667 0.115617 0.0850667 0.0620667 0.0448167 0.0335333 0.0250167 0.0179 0.0124333 0.00841667 0.00565 0.00381667 
1 0.901 0.769283 0.625983 0.487083 0.36935 0.276017 0.203767 0.150083 0.11095 0.08255 0.0611833 0.0455167 0.0334667 0.0247333 0.0185667 0.01405 0.01045 0.00818333 0.00635 
1 0.900033 0.763933 0.61425 0.4762 0.359783 0.26875 0.198783 0.145283 0.10605 0.0765667 0.0546333 0.0391333 0.02775 0.01925 0.0139 0.00975 0.00675 0.00471667 0.00316667 
1 0.901767 0.766333 0.619983 0.484217 0.3688 0.2773 0.2072 0.153933 0.114433 0.0854 0.0618 0.0459667 0.0337167 0.0251833 0.0188833 0.01405 0.0107333 0.00823333 0.00621667 
1 0.900883 0.76295 0.612667 0.476667 0.3593 0.267917 0.196783 0.14455 0.10655 0.0777167 0.0560833 0.0409833 0.03095 0.0231167 0.0171833 0.0127833 0.0093 0.00651667 0.0046 
1 0.899 0.762633 0.616667 0.4784 0.35965 0.265417 0.195133 0.1405 0.10125 0.0729167 0.0531 0.0385667 0.0277833 0.0194333 0.0136 0.00995 0.00715 0.00515 0.00373333 
1 0.90225 0.767783 0.621417 0.483783 0.36725 0.274267 0.204367 0.149167 0.10865 0.0785833 0.0573167 0.0416 0.0297 0.0207667 0.0145 0.0102833 0.00703333 0.00478333 0.00325 
1 0.8992 0.76555 0.6209 0.485383 0.36825 0.27645 0.20415 0.150583 0.1109 0.0810167 0.0594167 0.0432833 0.0313667 0.0224833 0.0163 0.0116167 0.008 0.00538333 0.00346667 
1 0.899933 0.7666 0.6201 0.4822 0.366567 0.272067 0.20155 0.14625 0.1054 0.0768167 0.0552 0.0395667 0.0288 0.0205833 0.0152167 0.0111333 0.00823333 0.00605 0.00416667 
1 0.899717 0.765033 0.619333 0.47985 0.363933 0.271517 0.200367 0.146933 0.107233 0.0789833 0.0579167 0.04285 0.0319667 0.0231333 0.0164833 0.0118833 0.00845 0.00611667 0.00451667 
1 0.89865 0.762633 0.617233 0.480067 0.363667 0.27195 0.1993 0.146867 0.107167 0.0789333 0.0573167 0.0414167 0.02995 0.0213333 0.0153833 0.0113167 0.00836667 0.00621667 0.0046 
1 0.900067 0.763883 0.615167 0.478183 0.360383 0.266233 0.195183 0.142733 0.103833 0.0750333 0.0537333 0.0388333 0.0279833 0.0207333 0.01485 0.0111667 0.00841667 0.00591667 0.00411667 
1 0.8995 0.763667 0.616017 0.47965 0.363983 0.272483 0.202617 0.149767 0.109133 0.0814667 0.05975 0.0439833 0.0316167 0.0230833 0.0168333 0.0124167 0.00905 0.00655 0.00453333 
1 0.900383 0.761217 0.6128 0.476967 0.362 0.26825 0.198067 0.145417 0.10585 0.07765 0.0563167 0.0410167 0.0301333 0.0216333 0.01585 0.0115 0.00828333 0.00585 0.00433333 
1 0.9005 0.76565 0.6223 0.485317 0.367483 0.272933 0.201067 0.146983 0.106583 0.07735 0.055 0.0399333 0.0285 0.0202 0.0144167 0.0104167 0.00733333 0.00513333 0.00363333 
1 0.897083 0.759033 0.6128 0.47455 0.356917 0.2652 0.195117 0.143467 0.1056 0.0762167 0.0558167 0.0404667 0.02905 0.02105 0.0149667 0.0106167 0.00746667 0.00516667 0.0035 
1 0.894083 0.75575 0.607117 0.470117 0.354317 0.266067 0.197317 0.144433 0.106967 0.0787333 0.0574333 0.0416333 0.0301833 0.0219667 0.0162 0.0121 0.00903333 0.00655 0.00471667 
1 0.8984 0.765333 0.622967 0.4862 0.373517 0.281667 0.21145 0.157083 0.115917 0.0842667 0.06115 0.0433 0.0301333 0.0208833 0.0142833 0.00988333 0.00653333 0.004 0.00278333 
1 0.900483 0.768517 0.62135 0.48385 0.368033 0.2783 0.2063 0.152167 0.11215 0.08235 0.0607833 0.0435667 0.0311 0.0224333 0.0163167 0.0112167 0.00796667 0.0054 0.00363333 
1 0.900117 0.764483 0.617367 0.479217 0.364033 0.271583 0.200233 0.147867 0.109233 0.0814333 0.0601667 0.0439167 0.03275 0.0239 0.0177333 0.0127 0.009 0.00636667 0.0045 
1 0.899217 0.76185 0.617967 0.480517 0.364633 0.27095 0.201617 0.149117 0.1099 0.0811833 0.0605667 0.0439833 0.0311 0.0227667 0.01645 0.0117333 0.00851667 0.0061 0.00446667 
1 0.905783 0.769283 0.6231 0.4872 0.367017 0.272283 0.201483 0.147267 0.107117 0.0776167 0.05625 0.0409 0.0302 0.0220667 0.0162333 0.0116833 0.00845 0.00611667 0.00456667 
1 0.89955 0.765383 0.619433 0.481167 0.365433 0.272267 0.199017 0.14685 0.1083 0.0788333 0.0570333 0.0417667 0.0303667 0.0221667 0.0171667 0.0131333 0.00995 0.00785 0.00626667 
1 0.904217 0.770883 0.625683 0.489117 0.372683 0.281667 0.209 0.15625 0.1158 0.08625 0.06355 0.0469333 0.0344833 0.0252167 0.0187833 0.0137833 0.0107 0.0078 0.00581667 
1 0.899583 0.762367 0.61325 0.47255 0.35415 0.261767 0.193667 0.142617 0.10485 0.0767333 0.0561167 0.0402333 0.02945 0.0221167 0.01575 0.0119 0.00913333 0.00676667 0.005 
1 0.89875 0.765083 0.618367 0.48255 0.366383 0.274 0.20155 0.147683 0.108867 0.0795833 0.05775 0.0415 0.02995 0.0213667 0.0153 0.0105333 0.00745 0.00491667 0.00315 
1 0.900817 0.766167 0.61905 0.481683 0.365667 0.2757 0.206017 0.1513 0.111067 0.0810167 0.0587167 0.04245 0.03085 0.0223667 0.0161667 0.0114333 0.00795 0.0056 0.00408333 
1 0.896517 0.757583 0.606967 0.473533 0.357533 0.26465 0.19365 0.1404 0.10265 0.0743 0.0532667 0.0382333 0.0266833 0.01845 0.0125667 0.00838333 0.00595 0.00421667 0.00293333 
1 0.894767 0.75565 0.6045 0.466383 0.35035 0.25765 0.188617 0.136467 0.0983333 0.07145 0.0518667 0.0375833 0.0271333 0.0197833 0.0143833 0.0110167 0.00816667 0.00631667 0.0046 
1 0.90025 0.765683 0.620933 0.484117 0.369183 0.275733 0.205983 0.152683 0.113033 0.0823667 0.0608 0.04505 0.0336 0.0248333 0.0184 0.0133167 0.00965 0.00763333 0.00586667 
1 0.901233 0.7645 0.6174 0.478833 0.3595 0.26715 0.196283 0.14165 0.102733 0.0740333 0.0528333 0.0379667 0.0281833 0.0202667 0.0142333 0.00935 0.0065 0.0046 0.00316667 
