1 0.600862 0.220636 0.033267 0.00137 2.4e-05 1e-06 0 0 0 0 0 0 0 0 0 0 0 0 0 
1 0.598657 0.218592 0.03241 0.001219 1.7e-05 1e-06 0 0 0 0 0 0 0 0 0 0 0 0 0 
1 0.60127 0.221809 0.033862 0.001458 1.9e-05 0 0 0 0 0 0 0 0 0 0 0 0 0 0 
1 0.602906 0.222564 0.033463 0.001357 3.3e-05 0 0 0 0 0 0 0 0 0 0 0 0 0 0 
1 0.601491 0.221422 0.033041 0.001297 1.6e-05 0 0 0 0 0 0 0 0 0 0 0 0 0 0 
1 0.600757 0.221147 0.033414 0.001394 2.3e-05 0 0 0 0 0 0 0 0 0 0 0 0 0 0 
1 0.601073 0.220984 0.032971 0.001301 1.4e-05 0 0 0 0 0 0 0 0 0 0 0 0 0 0 
1 0.600708 0.220898 0.032811 0.001275 1.5e-05 0 0 0 0 0 0 0 0 0 0 0 0 0 0 
1 0.601016 0.221702 0.033563 0.001404 2.4e-05 0 0 0 0 0 0 0 0 0 0 0 0 0 0 
1 0.599953 0.220027 0.033108 0.001279 2.4e-05 0 0 0 0 0 0 0 0 0 0 0 0 0 0 
1 0.599328 0.220046 0.033128 0.001346 1.9e-05 0 0 0 0 0 0 0 0 0 0 0 0 0 0 
1 0.600222 0.220556 0.033329 0.001336 2.1e-05 0 0 0 0 0 0 0 0 0 0 0 0 0 0 
1 0.600592 0.221841 0.033716 0.001342 1.3e-05 0 0 0 0 0 0 0 0 0 0 0 0 0 0 
1 0.600687 0.220509 0.033085 0.001326 1.2e-05 0 0 0 0 0 0 0 0 0 0 0 0 0 0 
1 0.600093 0.220586 0.033287 0.001337 2.6e-05 0 0 0 0 0 0 0 0 0 0 0 0 0 0 
1 0.599681 0.219628 0.032219 0.0012 9e-06 0 0 0 0 0 0 0 0 0 0 0 0 0 0 
1 0.59984 0.220135 0.032307 0.001169 1.6e-05 0 0 0 0 0 0 0 0 0 0 0 0 0 0 
1 0.600042 0.220782 0.032733 0.001276 1.2e-05 0 0 0 0 0 0 0 0 0 0 0 0 0 0 
1 0.598827 0.219475 0.033318 0.00142 2.7e-05 0 0 0 0 0 0 0 0 0 0 0 0 0 0 
1 0.599701 0.218562 0.032053 0.001233 2e-05 0 0 0 0 0 0 0 0 0 0 0 0 0 0 
1 0.599733 0.219169 0.032389 0.001247 9e-06 0 0 0 0 0 0 0 0 0 0 0 0 0 0 
1 0.59893 0.219107 0.032871 0.001322 8e-06 0 0 0 0 0 0 0 0 0 0 0 0 0 0 
1 0.598736 0.218501 0.032257 0.001288 3e-05 0 0 0 0 0 0 0 0 0 0 0 0 0 0 
1 0.599141 0.218121 0.032608 0.001356 3.2e-05 0 0 0 0 0 0 0 0 0 0 0 0 0 0 
1 0.599696 0.219604 0.032622 0.00125 2.3e-05 0 0 0 0 0 0 0 0 0 0 0 0 0 0 
1 0.598324 0.218312 0.032485 0.001298 2.1e-05 0 0 0 0 0 0 0 0 0 0 0 0 0 0 
1 0.598239 0.216374 0.031791 0.001166 1.6e-05 0 0 0 0 0 0 0 0 0 0 0 0 0 0 
1 0.600718 0.220957 0.033216 0.001334 2.1e-05 0 0 0 0 0 0 0 0 0 0 0 0 0 0 
1 0.600202 0.220083 0.033279 0.001333 1.4e-05 3e-06 0 0 0 0 0 0 0 0 0 0 0 0 0 
1 0.599772 0.219207 0.032383 0.001366 1.4e-05 0 0 0 0 0 0 0 0 0 0 0 0 0 0 
1 0.600333 0.219592 0.033238 0.001319 1.9e-05 0 0 0 0 0 0 0 0 0 0 0 0 0 0 
1 0.599918 0.219062 0.032107 0.00124 2.3e-05 0 0 0 0 0 0 0 0 0 0 0 0 0 0 
1 0.598452 0.217652 0.032326 0.001164 1.5e-05 0 0 0 0 0 0 0 0 0 0 0 0 0 0 
1 0.601045 0.222189 0.033645 0.001395 2e-05 0 0 0 0 0 0 0 0 0 0 0 0 0 0 
1 0.600879 0.221325 0.033556 0.00136 1.8e-05 0 0 0 0 0 0 0 0 0 0 0 0 0 0 
1 0.599498 0.219905 0.033024 0.001398 1.5e-05 0 0 0 0 0 0 0 0 0 0 0 0 0 0 
1 0.598217 0.218373 0.032661 0.001253 2.2e-05 0 0 0 0 0 0 0 0 0 0 0 0 0 0 
1 0.601159 0.222006 0.03385 0.001401 2.5e-05 0 0 0 0 0 0 0 0 0 0 0 0 0 0 
1 0.599741 0.220987 0.033371 0.001323 1.4e-05 0 0 0 0 0 0 0 0 0 0 0 0 0 0 
1 0.598167 0.219303 0.032927 0.001249 1.4e-05 0 0 0 0 0 0 0 0 0 0 0 0 0 0 
1 0.601067 0.221191 0.033496 0.001285 1.9e-05 0 0 0 0 0 0 0 0 0 0 0 0 0 0 
1 0.600048 0.219786 0.033535 0.001304 2.8e-05 2e-06 0 0 0 0 0 0 0 0 0 0 0 0 0 
1 0.598881 0.218348 0.032031 0.001212 8e-06 0 0 0 0 0 0 0 0 0 0 0 0 0 0 
1 0.599814 0.218913 0.032345 0.001262 1.2e-05 0 0 0 0 0 0 0 0 0 0 0 0 0 0 
1 0.600574 0.221234 0.033054 0.001271 1.8e-05 0 0 0 0 0 0 0 0 0 0 0 0 0 0 
1 0.601079 0.22117 0.033572 0.001421 2.4e-05 0 0 0 0 0 0 0 0 0 0 0 0 0 0 
1 0.600682 0.220287 0.03329 0.00134 1.6e-05 0 0 0 0 0 0 0 0 0 0 0 0 0 0 
1 0.601326 0.221502 0.033129 0.001296 1.5e-05 0 0 0 0 0 0 0 0 0 0 0 0 0 0 
1 0.60199 0.220775 0.033191 0.001237 1.3e-05 0 0 0 0 0 0 0 0 0 0 0 0 0 0 
1 0.599143 0.219757 0.033131 0.0013 2.6e-05 0 0 0 0 0 0 0 0 0 0 0 0 0 0 
1 0.600194 0.220159 0.033058 0.001274 1.7e-05 0 0 0 0 0 0 0 0 0 0 0 0 0 0 
1 0.599069 0.218197 0.032175 0.001312 2.7e-05 1e-06 0 0 0 0 0 0 0 0 0 0 0 0 0 
1 0.601959 0.221514 0.033254 0.001325 2.1e-05 0 0 0 0 0 0 0 0 0 0 0 0 0 0 
1 0.600842 0.220577 0.033059 0.001412 1.9e-05 0 0 0 0 0 0 0 0 0 0 0 0 0 0 
1 0.600038 0.219957 0.032839 0.00132 2.2e-05 1e-06 0 0 0 0 0 0 0 0 0 0 0 0 0 
1 0.599978 0.219477 0.032189 0.001249 1.9e-05 0 0 0 0 0 0 0 0 0 0 0 0 0 0 
1 0.599925 0.219087 0.033192 0.001316 2.1e-05 0 0 0 0 0 0 0 0 0 0 0 0 0 0 
1 0.599203 0.219092 0.032663 0.001272 2.3e-05 0 0 0 0 0 0 0 0 0 0 0 0 0 0 
1 0.60077 0.220116 0.032521 0.001188 1.8e-05 0 0 0 0 0 0 0 0 0 0 0 0 0 0 
1 0.600378 0.219687 0.032731 0.001378 2.2e-05 0 0 0 0 0 0 0 0 0 0 0 0 0 0 
1 0.600302 0.221168 0.033283 0.001314 2.1e-05 0 0 0 0 0 0 0 0 0 0 0 0 0 0 
1 0.599143 0.218655 0.032856 0.001302 1.8e-05 0 0 0 0 0 0 0 0 0 0 0 0 0 0 
1 0.599428 0.219507 0.032905 0.001362 2.1e-05 0 0 0 0 0 0 0 0 0 0 0 0 0 0 
1 0.600675 0.220821 0.03291 0.001233 2.2e-05 0 0 0 0 0 0 0 0 0 0 0 0 0 0 
1 0.599839 0.219978 0.032816 0.001319 3.1e-05 0 0 0 0 0 0 0 0 0 0 0 0 0 0 
1 0.599213 0.219523 0.032906 0.001291 2.2e-05 1e-06 0 0 0 0 0 0 0 0 0 0 0 0 0 
1 0.598588 0.217887 0.032851 0.001303 1.9e-05 0 0 0 0 0 0 0 0 0 0 0 0 0 0 
1 0.602808 0.22198 0.033566 0.001258 1.6e-05 0 0 0 0 0 0 0 0 0 0 0 0 0 0 
1 0.599693 0.219558 0.032638 0.00123 1.5e-05 0 0 0 0 0 0 0 0 0 0 0 0 0 0 
1 0.600534 0.220405 0.033324 0.001404 2.1e-05 0 0 0 0 0 0 0 0 0 0 0 0 0 0 
1 0.599682 0.220077 0.032681 0.001299 2.3e-05 0 0 0 0 0 0 0 0 0 0 0 0 0 0 
1 0.600293 0.220666 0.032941 0.001326 2e-05 0 0 0 0 0 0 0 0 0 0 0 0 0 0 
1 0.600827 0.221435 0.033862 0.001377 1.9e-05 1e-06 0 0 0 0 0 0 0 0 0 0 0 0 0 
1 0.599857 0.219733 0.032505 0.001229 1.3e-05 0 0 0 0 0 0 0 0 0 0 0 0 0 0 
1 0.599287 0.219602 0.032835 0.001336 1.2e-05 0 0 0 0 0 0 0 0 0 0 0 0 0 0 
1 0.600116 0.220628 0.032871 0.001261 1.9e-05 0 0 0 0 0 0 0 0 0 0 0 0 0 0 
1 0.601514 0.221318 0.033213 0.001345 2.4e-05 0 0 0 0 0 0 0 0 0 0 0 0 0 0 
1 0.599778 0.219974 0.033155 0.001239 1.5e-05 0 0 0 0 0 0 0 0 0 0 0 0 0 0 
1 0.599676 0.219722 0.032945 0.001266 1.4e-05 0 0 0 0 0 0 0 0 0 0 0 0 0 0 
1 0.599609 0.218587 0.032475 0.001329 1.6e-05 0 0 0 0 0 0 0 0 0 0 0 0 0 0 
1 0.598525 0.217889 0.03224 0.001274 1.8e-05 0 0 0 0 0 0 0 0 0 0 0 0 0 0 
1 0.59767 0.218977 0.032713 0.001312 2.2e-05 0 0 0 0 0 0 0 0 0 0 0 0 0 0 
1 0.601431 0.221978 0.033792 0.001327 1.6e-05 3e-06 0 0 0 0 0 0 0 0 0 0 0 0 0 
1 0.600982 0.220974 0.032966 0.001326 1.7e-05 0 0 0 0 0 0 0 0 0 0 0 0 0 0 
1 0.59936 0.219232 0.032302 0.001332 1.2e-05 0 0 0 0 0 0 0 0 0 0 0 0 0 0 
1 0.601865 0.221169 0.033718 0.001363 2.2e-05 0 0 0 0 0 0 0 0 0 0 0 0 0 0 
1 0.600455 0.220391 0.033368 0.001324 2.3e-05 1e-06 0 0 0 0 0 0 0 0 0 0 0 0 0 
1 0.600381 0.221443 0.03357 0.001364 2.4e-05 0 0 0 0 0 0 0 0 0 0 0 0 0 0 
1 0.598367 0.217175 0.031991 0.001191 2.1e-05 1e-06 0 0 0 0 0 0 0 0 0 0 0 0 0 
1 0.601024 0.222273 0.034231 0.001357 1.8e-05 0 0 0 0 0 0 0 0 0 0 0 0 0 0 
1 0.599504 0.218509 0.0325 0.00134 3.7e-05 1e-06 0 0 0 0 0 0 0 0 0 0 0 0 0 
1 0.601254 0.221429 0.033535 0.001314 1.4e-05 0 0 0 0 0 0 0 0 0 0 0 0 0 0 
1 0.599453 0.220129 0.03312 0.001367 1.8e-05 0 0 0 0 0 0 0 0 0 0 0 0 0 0 
1 0.600039 0.219805 0.033114 0.001349 1.5e-05 1e-06 0 0 0 0 0 0 0 0 0 0 0 0 0 
1 0.598908 0.219318 0.032535 0.001266 1.2e-05 0 0 0 0 0 0 0 0 0 0 0 0 0 0 
1 0.599667 0.219353 0.032744 0.001323 2.4e-05 0 0 0 0 0 0 0 0 0 0 0 0 0 0 
1 0.60057 0.220865 0.033343 0.001386 2.5e-05 0 0 0 0 0 0 0 0 0 0 0 0 0 0 
1 0.599657 0.218877 0.032512 0.001227 1.7e-05 0 0 0 0 0 0 0 0 0 0 0 0 0 0 
1 0.599497 0.219575 0.03281 0.001288 2.7e-05 0 0 0 0 0 0 0 0 0 0 0 0 0 0 
1 0.600251 0.220629 0.033391 0.001434 1.8e-05 0 0 0 0 0 0 0 0 0 0 0 0 0 0 
1 0.598532 0.219464 0.032744 0.001322 1.6e-05 0 0 0 0 0 0 0 0 0 0 0 0 0 0 
1 0.598778 0.218982 0.032781 0.001359 2.6e-05 1e-06 0 0 0 0 0 0 0 0 0 0 0 0 0 
1 0.599989 0.220762 0.033066 0.001243 1.8e-05 0 0 0 0 0 0 0 0 0 0 0 0 0 0 
1 0.599823 0.219706 0.032767 0.001356 1.4e-05 0 0 0 0 0 0 0 0 0 0 0 0 0 0 
1 0.599397 0.219224 0.032568 0.001313 2.2e-05 0 0 0 0 0 0 0 0 0 0 0 0 0 0 
1 0.60044 0.220913 0.032588 0.001259 3e-05 0 0 0 0 0 0 0 0 0 0 0 0 0 0 
1 0.600299 0.220365 0.032891 0.001263 2.1e-05 0 0 0 0 0 0 0 0 0 0 0 0 0 0 
1 0.598265 0.218036 0.032347 0.001298 1.3e-05 0 0 0 0 0 0 0 0 0 0 0 0 0 0 
1 0.597968 0.218773 0.032845 0.001323 2.6e-05 0 0 0 0 0 0 0 0 0 0 0 0 0 0 
1 0.601237 0.220382 0.033004 0.0013 3.3e-05 1e-06 0 0 0 0 0 0 0 0 0 0 0 0 0 
1 0.599917 0.219755 0.032856 0.001301 1.7e-05 0 0 0 0 0 0 0 0 0 0 0 0 0 0 
1 0.600942 0.221384 0.033698 0.001323 2.4e-05 0 0 0 0 0 0 0 0 0 0 0 0 0 0 
1 0.601911 0.221918 0.033593 0.001294 1.1e-05 0 0 0 0 0 0 0 0 0 0 0 0 0 0 
1 0.600488 0.22037 0.033033 0.001265 1.5e-05 0 0 0 0 0 0 0 0 0 0 0 0 0 0 
1 0.599787 0.220471 0.032839 0.001268 2.2e-05 0 0 0 0 0 0 0 0 0 0 0 0 0 0 
1 0.5986 0.219544 0.032973 0.001312 2.1e-05 0 0 0 0 0 0 0 0 0 0 0 0 0 0 
1 0.599585 0.219949 0.032785 0.001196 1.3e-05 0 0 0 0 0 0 0 0 0 0 0 0 0 0 
1 0.600734 0.220783 0.033366 0.001458 2.1e-05 0 0 0 0 0 0 0 0 0 0 0 0 0 0 
1 0.600792 0.221206 0.032909 0.001252 1.5e-05 0 0 0 0 0 0 0 0 0 0 0 0 0 0 
1 0.59944 0.21929 0.032495 0.001254 2.1e-05 0 0 0 0 0 0 0 0 0 0 0 0 0 0 
1 0.598883 0.218765 0.032244 0.00126 2e-05 0 0 0 0 0 0 0 0 0 0 0 0 0 0 
1 0.599172 0.219241 0.032532 0.001302 1.6e-05 4e-06 0 0 0 0 0 0 0 0 0 0 0 0 0 
1 0.598347 0.218888 0.032394 0.001266 1.7e-05 0 0 0 0 0 0 0 0 0 0 0 0 0 0 
1 0.599242 0.219899 0.032963 0.001224 1.2e-05 0 0 0 0 0 0 0 0 0 0 0 0 0 0 
1 0.599689 0.219171 0.03247 0.001223 1.1e-05 0 0 0 0 0 0 0 0 0 0 0 0 0 0 
1 0.60091 0.220775 0.033164 0.001335 1.2e-05 0 0 0 0 0 0 0 0 0 0 0 0 0 0 
