0
30 100
1 0.851517 0.622788 0.347463 0.125238 0.02571 0.00295 0.000225 5e-06 0 0 0 0 0 0 0 0 0 0 0 
1 0.849423 0.617582 0.33937 0.118995 0.0227 0.00229167 0.000133333 6.66667e-06 0 0 0 0 0 0 0 0 0 0 0 
1 0.846583 0.613703 0.335243 0.116417 0.0225867 0.00262 0.000195 1e-05 0 0 0 0 0 0 0 0 0 0 0 
1 0.849938 0.61985 0.343155 0.121867 0.02375 0.00244333 0.000135 0 0 0 0 0 0 0 0 0 0 0 0 
1 0.8501 0.619962 0.343353 0.121953 0.0233083 0.002275 0.000105 5e-06 0 0 0 0 0 0 0 0 0 0 0 
1 0.84915 0.618255 0.342735 0.122018 0.024225 0.00265167 0.000218333 1.83333e-05 0 0 0 0 0 0 0 0 0 0 0 
1 0.849522 0.61779 0.341197 0.119898 0.023145 0.00243667 0.000166667 3.33333e-06 0 0 0 0 0 0 0 0 0 0 0 
1 0.84866 0.616885 0.339592 0.119532 0.0237767 0.00256333 0.000165 5e-06 0 0 0 0 0 0 0 0 0 0 0 
1 0.849185 0.618038 0.341563 0.121047 0.0234933 0.00249833 0.000125 5e-06 0 0 0 0 0 0 0 0 0 0 0 
1 0.85069 0.62207 0.345727 0.122878 0.0238733 0.00235167 0.000143333 6.66667e-06 0 0 0 0 0 0 0 0 0 0 0 
1 0.850438 0.621095 0.343415 0.122052 0.0244617 0.002575 0.000193333 1.66667e-05 0 0 0 0 0 0 0 0 0 0 0 
1 0.848988 0.616607 0.338008 0.117858 0.02208 0.00219667 0.000101667 1.66667e-06 0 0 0 0 0 0 0 0 0 0 0 
1 0.849935 0.618668 0.340913 0.120128 0.0230367 0.00236667 0.000113333 8.33333e-06 0 0 0 0 0 0 0 0 0 0 0 
1 0.850312 0.6187 0.340648 0.119323 0.0228283 0.00228333 0.00011 3.33333e-06 0 0 0 0 0 0 0 0 0 0 0 
1 0.85005 0.619883 0.34304 0.122955 0.0241883 0.00268 0.000203333 5e-06 0 0 0 0 0 0 0 0 0 0 0 
1 0.850583 0.619062 0.341853 0.12126 0.02332 0.002535 0.000148333 1e-05 0 0 0 0 0 0 0 0 0 0 0 
1 0.850907 0.62153 0.345203 0.123115 0.0240667 0.002395 0.00017 1e-05 0 0 0 0 0 0 0 0 0 0 0 
1 0.84778 0.616565 0.338785 0.119005 0.0231983 0.00239167 0.000148333 3.33333e-06 0 0 0 0 0 0 0 0 0 0 0 
1 0.849183 0.618237 0.341457 0.121475 0.0246833 0.002685 0.000186667 5e-06 0 0 0 0 0 0 0 0 0 0 0 
1 0.849362 0.619652 0.341167 0.120782 0.023555 0.00237167 0.000126667 3.33333e-06 0 0 0 0 0 0 0 0 0 0 0 
1 0.851717 0.623087 0.348823 0.126185 0.0262 0.00301833 0.000191667 8.33333e-06 0 0 0 0 0 0 0 0 0 0 0 
1 0.84971 0.618153 0.341018 0.120808 0.0235583 0.00249 0.000165 1.16667e-05 0 0 0 0 0 0 0 0 0 0 0 
1 0.847725 0.615032 0.337497 0.117417 0.0223483 0.00211833 0.000115 3.33333e-06 0 0 0 0 0 0 0 0 0 0 0 
1 0.849505 0.619533 0.342123 0.120323 0.022805 0.00215833 0.000108333 1.16667e-05 1.66667e-06 0 0 0 0 0 0 0 0 0 0 
1 0.851212 0.621705 0.3444 0.124075 0.0251817 0.00297167 0.000181667 1.5e-05 1.66667e-06 0 0 0 0 0 0 0 0 0 0 
1 0.850033 0.621905 0.345128 0.123382 0.02393 0.00255333 0.000153333 5e-06 0 0 0 0 0 0 0 0 0 0 0 
1 0.848852 0.618328 0.342362 0.121813 0.0237833 0.002375 0.000113333 3.33333e-06 0 0 0 0 0 0 0 0 0 0 0 
1 0.850487 0.622037 0.346197 0.124127 0.0245833 0.002585 0.00017 1e-05 1.66667e-06 0 0 0 0 0 0 0 0 0 0 
1 0.851785 0.624777 0.348838 0.126397 0.02531 0.002665 0.000226667 1.66667e-05 1.66667e-06 0 0 0 0 0 0 0 0 0 0 
1 0.84781 0.61434 0.335548 0.116903 0.0225233 0.00234833 0.000175 1.33333e-05 0 0 0 0 0 0 0 0 0 0 0 
1 0.849943 0.619473 0.342057 0.120445 0.0227417 0.002165 0.000163333 5e-06 0 0 0 0 0 0 0 0 0 0 0 
1 0.849503 0.617995 0.341522 0.121088 0.02358 0.00245167 0.000145 1e-05 0 0 0 0 0 0 0 0 0 0 0 
1 0.851335 0.620257 0.342892 0.121442 0.0230317 0.00222 0.000143333 6.66667e-06 0 0 0 0 0 0 0 0 0 0 0 
1 0.849793 0.618873 0.340648 0.11914 0.022755 0.00227 0.000116667 0 0 0 0 0 0 0 0 0 0 0 0 
1 0.849682 0.619293 0.342437 0.121385 0.023965 0.00255833 0.000128333 3.33333e-06 0 0 0 0 0 0 0 0 0 0 0 
1 0.849057 0.618397 0.341422 0.121058 0.0233317 0.00239667 0.000135 5e-06 0 0 0 0 0 0 0 0 0 0 0 
1 0.847845 0.615402 0.338257 0.118908 0.02245 0.00231 0.000133333 1.16667e-05 0 0 0 0 0 0 0 0 0 0 0 
1 0.85136 0.62251 0.346445 0.124308 0.025355 0.00293167 0.000236667 2.5e-05 0 0 0 0 0 0 0 0 0 0 0 
1 0.84887 0.616427 0.33883 0.118788 0.0224133 0.00222 9.5e-05 0 0 0 0 0 0 0 0 0 0 0 0 
1 0.85049 0.619975 0.342838 0.121823 0.0238933 0.00254167 0.000203333 2e-05 0 0 0 0 0 0 0 0 0 0 0 
1 0.850913 0.621778 0.345418 0.124032 0.024595 0.00241833 0.000133333 6.66667e-06 1.66667e-06 0 0 0 0 0 0 0 0 0 0 
1 0.848115 0.616202 0.33839 0.118268 0.0226783 0.00234667 0.000125 0 0 0 0 0 0 0 0 0 0 0 0 
1 0.851795 0.624085 0.34859 0.125507 0.0254817 0.00274333 0.000166667 1.16667e-05 0 0 0 0 0 0 0 0 0 0 0 
1 0.851348 0.621575 0.345303 0.123842 0.0242683 0.002785 0.000183333 1e-05 0 0 0 0 0 0 0 0 0 0 0 
1 0.852163 0.623533 0.345713 0.122827 0.0238 0.00239 0.000115 3.33333e-06 0 0 0 0 0 0 0 0 0 0 0 
1 0.847753 0.615482 0.337813 0.119195 0.0229333 0.00221833 0.00011 1.66667e-06 0 0 0 0 0 0 0 0 0 0 0 
1 0.851235 0.624392 0.348128 0.125337 0.0247517 0.00276333 0.000153333 6.66667e-06 0 0 0 0 0 0 0 0 0 0 0 
1 0.846502 0.612973 0.334932 0.11697 0.0223717 0.00226 0.000163333 8.33333e-06 0 0 0 0 0 0 0 0 0 0 0 
1 0.84913 0.616983 0.338312 0.118232 0.0223467 0.002375 0.000133333 5e-06 0 0 0 0 0 0 0 0 0 0 0 
1 0.851642 0.623278 0.34675 0.123772 0.0243567 0.00244333 0.000141667 3.33333e-06 0 0 0 0 0 0 0 0 0 0 0 
1 0.850558 0.619242 0.341645 0.120768 0.0235783 0.00249833 0.00024 1.33333e-05 0 0 0 0 0 0 0 0 0 0 0 
1 0.850602 0.620453 0.345157 0.123348 0.0248117 0.00264 0.00015 0 0 0 0 0 0 0 0 0 0 0 0 
1 0.849823 0.619143 0.342657 0.121578 0.0233817 0.00222333 0.000106667 3.33333e-06 0 0 0 0 0 0 0 0 0 0 0 
1 0.849447 0.619112 0.342162 0.120438 0.02344 0.00241667 0.000168333 1.66667e-06 0 0 0 0 0 0 0 0 0 0 0 
1 0.847032 0.613922 0.33458 0.115995 0.0214033 0.00202 9.33333e-05 1e-05 0 0 0 0 0 0 0 0 0 0 0 
1 0.848508 0.617325 0.33952 0.118572 0.02266 0.00223667 0.000128333 1.66667e-06 0 0 0 0 0 0 0 0 0 0 0 
1 0.850348 0.620685 0.344425 0.122805 0.0236967 0.00222333 0.000118333 3.33333e-06 0 0 0 0 0 0 0 0 0 0 0 
1 0.850445 0.620098 0.343055 0.12175 0.0236017 0.002405 0.00014 8.33333e-06 0 0 0 0 0 0 0 0 0 0 0 
1 0.851442 0.622973 0.346168 0.123748 0.02458 0.0026 0.000123333 1.66667e-06 0 0 0 0 0 0 0 0 0 0 0 
1 0.851665 0.622583 0.346727 0.124263 0.0243233 0.00257667 0.000163333 8.33333e-06 0 0 0 0 0 0 0 0 0 0 0 
1 0.849752 0.619443 0.343802 0.123375 0.0248783 0.00271667 0.000176667 6.66667e-06 0 0 0 0 0 0 0 0 0 0 0 
1 0.851667 0.622593 0.345913 0.124097 0.02442 0.00251333 0.000203333 2.16667e-05 1.66667e-06 0 0 0 0 0 0 0 0 0 0 
1 0.848843 0.61786 0.339312 0.118688 0.02269 0.00213667 0.000115 8.33333e-06 0 0 0 0 0 0 0 0 0 0 0 
1 0.850978 0.621967 0.344608 0.122747 0.0241017 0.00258667 0.000123333 3.33333e-06 1.66667e-06 0 0 0 0 0 0 0 0 0 0 
1 0.850717 0.621607 0.345408 0.122715 0.0239667 0.00243667 0.000111667 5e-06 0 0 0 0 0 0 0 0 0 0 0 
1 0.850385 0.620423 0.343727 0.121407 0.0237867 0.002485 0.00014 1.66667e-06 0 0 0 0 0 0 0 0 0 0 0 
1 0.849205 0.620782 0.345577 0.123048 0.023625 0.002305 0.000141667 1e-05 0 0 0 0 0 0 0 0 0 0 0 
1 0.849653 0.619753 0.344137 0.122832 0.0243117 0.00262333 0.000181667 6.66667e-06 0 0 0 0 0 0 0 0 0 0 0 
1 0.847882 0.614993 0.335982 0.11613 0.0218867 0.002075 9.33333e-05 3.33333e-06 0 0 0 0 0 0 0 0 0 0 0 
1 0.849563 0.617743 0.339602 0.119908 0.02309 0.00223333 0.000106667 5e-06 0 0 0 0 0 0 0 0 0 0 0 
1 0.850387 0.621003 0.345738 0.124403 0.025 0.00279333 0.000161667 5e-06 0 0 0 0 0 0 0 0 0 0 0 
1 0.850358 0.619393 0.343077 0.121487 0.0238967 0.002545 0.000168333 1e-05 0 0 0 0 0 0 0 0 0 0 0 
1 0.850428 0.621173 0.344373 0.121978 0.0239767 0.00251 0.000153333 1.33333e-05 1.66667e-06 0 0 0 0 0 0 0 0 0 0 
1 0.848365 0.616422 0.338172 0.11865 0.0227867 0.00230167 0.000116667 0 0 0 0 0 0 0 0 0 0 0 0 
1 0.849113 0.616508 0.338587 0.119508 0.0231967 0.002395 0.000146667 3.33333e-06 0 0 0 0 0 0 0 0 0 0 0 
1 0.849267 0.618993 0.341232 0.119843 0.02336 0.00217167 0.000115 3.33333e-06 0 0 0 0 0 0 0 0 0 0 0 
1 0.850515 0.62188 0.344647 0.122782 0.0235983 0.00234 0.000143333 1.16667e-05 0 0 0 0 0 0 0 0 0 0 0 
1 0.849345 0.618113 0.341225 0.121013 0.0235417 0.00259333 0.000171667 6.66667e-06 0 0 0 0 0 0 0 0 0 0 0 
1 0.851288 0.622858 0.346475 0.124177 0.024595 0.002715 0.000156667 8.33333e-06 0 0 0 0 0 0 0 0 0 0 0 
1 0.848248 0.616405 0.338635 0.118102 0.02249 0.00240167 0.00012 1.66667e-06 0 0 0 0 0 0 0 0 0 0 0 
1 0.849583 0.619938 0.343013 0.122865 0.0245017 0.00253667 0.000166667 1e-05 0 0 0 0 0 0 0 0 0 0 0 
1 0.851668 0.62279 0.345842 0.12286 0.0235483 0.00244667 0.000148333 3.33333e-06 0 0 0 0 0 0 0 0 0 0 0 
1 0.849295 0.616035 0.338273 0.119322 0.02327 0.002305 0.000101667 5e-06 0 0 0 0 0 0 0 0 0 0 0 
1 0.84804 0.616163 0.339077 0.118848 0.02338 0.00238833 0.000141667 3.33333e-06 0 0 0 0 0 0 0 0 0 0 0 
1 0.850035 0.618455 0.34056 0.119747 0.0228067 0.0021 0.00014 3.33333e-06 0 0 0 0 0 0 0 0 0 0 0 
1 0.85096 0.62199 0.34472 0.123612 0.024515 0.00262333 0.000126667 3.33333e-06 0 0 0 0 0 0 0 0 0 0 0 
1 0.851675 0.623592 0.34782 0.125013 0.0250883 0.002775 0.000208333 6.66667e-06 0 0 0 0 0 0 0 0 0 0 0 
1 0.849205 0.617352 0.339743 0.11941 0.0232017 0.00239333 0.000113333 6.66667e-06 0 0 0 0 0 0 0 0 0 0 0 
1 0.849695 0.619632 0.3431 0.122552 0.023755 0.00243333 0.000141667 1.16667e-05 0 0 0 0 0 0 0 0 0 0 0 
1 0.852333 0.62413 0.347195 0.12441 0.0244317 0.00262667 0.000173333 1.33333e-05 1.66667e-06 0 0 0 0 0 0 0 0 0 0 
1 0.849993 0.618357 0.341933 0.120918 0.0237567 0.00243 0.000138333 8.33333e-06 0 0 0 0 0 0 0 0 0 0 0 
1 0.849505 0.619225 0.341263 0.120693 0.023545 0.00226667 0.000128333 8.33333e-06 0 0 0 0 0 0 0 0 0 0 0 
1 0.851492 0.622005 0.346453 0.124828 0.0247867 0.00244333 0.00013 0 0 0 0 0 0 0 0 0 0 0 0 
1 0.849312 0.619112 0.341132 0.119515 0.0223883 0.00223333 0.000131667 1.33333e-05 0 0 0 0 0 0 0 0 0 0 0 
1 0.851297 0.622653 0.34484 0.12257 0.0239633 0.00241 0.000105 5e-06 0 0 0 0 0 0 0 0 0 0 0 
1 0.849345 0.616692 0.33859 0.119653 0.0236483 0.00259833 0.000185 1.66667e-06 0 0 0 0 0 0 0 0 0 0 0 
1 0.84958 0.61994 0.34298 0.120437 0.0228217 0.00215167 0.000103333 5e-06 0 0 0 0 0 0 0 0 0 0 0 
1 0.849385 0.61766 0.340277 0.119515 0.0228567 0.00228333 0.000131667 1e-05 0 0 0 0 0 0 0 0 0 0 0 
1 0.848762 0.615572 0.33833 0.119557 0.0236183 0.00252 0.000168333 1e-05 0 0 0 0 0 0 0 0 0 0 0 
1 0.848248 0.616835 0.33828 0.119472 0.02305 0.002435 0.000143333 5e-06 0 0 0 0 0 0 0 0 0 0 0 
