1 0.60085 0.25423 0.07581 0.01726 0.00307 0.00052 0.00011 2e-05 0 0 0 0 0 0 0 0 0 0 0 
1 0.59935 0.25374 0.07609 0.01768 0.00331 0.00056 7e-05 0 0 0 0 0 0 0 0 0 0 0 0 
1 0.6013 0.25479 0.07591 0.01678 0.00319 0.00051 7e-05 0 0 0 0 0 0 0 0 0 0 0 0 
1 0.59935 0.25394 0.07499 0.01686 0.00273 0.00038 8e-05 2e-05 0 0 0 0 0 0 0 0 0 0 0 
1 0.59962 0.2545 0.07569 0.01734 0.00326 0.00051 6e-05 1e-05 0 0 0 0 0 0 0 0 0 0 0 
1 0.59993 0.25327 0.07815 0.01856 0.00351 0.00064 9e-05 2e-05 0 0 0 0 0 0 0 0 0 0 0 
1 0.59952 0.25516 0.07512 0.01665 0.00293 0.00042 7e-05 1e-05 1e-05 0 0 0 0 0 0 0 0 0 0 
1 0.6017 0.25414 0.07501 0.01639 0.00307 0.00047 5e-05 0 0 0 0 0 0 0 0 0 0 0 0 
1 0.60046 0.25511 0.07523 0.01639 0.00275 0.00034 4e-05 2e-05 0 0 0 0 0 0 0 0 0 0 0 
1 0.59903 0.2535 0.07457 0.01687 0.00288 0.00045 6e-05 0 0 0 0 0 0 0 0 0 0 0 0 
1 0.60321 0.25713 0.07617 0.01728 0.00319 0.00045 8e-05 5e-05 0 0 0 0 0 0 0 0 0 0 0 
1 0.60025 0.25644 0.07541 0.01743 0.00349 0.00058 9e-05 3e-05 0 0 0 0 0 0 0 0 0 0 0 
1 0.60064 0.25358 0.0749 0.01667 0.00324 0.00054 8e-05 3e-05 0 0 0 0 0 0 0 0 0 0 0 
1 0.60247 0.25714 0.07543 0.01649 0.00317 0.00049 6e-05 0 0 0 0 0 0 0 0 0 0 0 0 
1 0.59852 0.25034 0.07296 0.01619 0.00301 0.00056 7e-05 0 0 0 0 0 0 0 0 0 0 0 0 
1 0.6006 0.254 0.07568 0.01741 0.00345 0.00048 5e-05 1e-05 0 0 0 0 0 0 0 0 0 0 0 
1 0.60294 0.25487 0.0755 0.01672 0.00279 0.00052 9e-05 1e-05 0 0 0 0 0 0 0 0 0 0 0 
1 0.60221 0.25576 0.07535 0.01673 0.0031 0.0003 8e-05 2e-05 0 0 0 0 0 0 0 0 0 0 0 
1 0.60066 0.25373 0.0763 0.01726 0.00318 0.00055 4e-05 1e-05 0 0 0 0 0 0 0 0 0 0 0 
1 0.59773 0.25417 0.07651 0.01701 0.00326 0.00049 5e-05 0 0 0 0 0 0 0 0 0 0 0 0 
1 0.60036 0.25574 0.07621 0.01738 0.00358 0.00045 8e-05 1e-05 0 0 0 0 0 0 0 0 0 0 0 
1 0.59979 0.2555 0.07559 0.01729 0.0036 0.00059 0.00012 2e-05 0 0 0 0 0 0 0 0 0 0 0 
1 0.59702 0.25451 0.07486 0.01694 0.00305 0.00061 6e-05 0 0 0 0 0 0 0 0 0 0 0 0 
1 0.59668 0.25341 0.07484 0.01667 0.00314 0.00041 7e-05 0 0 0 0 0 0 0 0 0 0 0 0 
1 0.59876 0.25566 0.07596 0.01656 0.00313 0.00043 0.00011 1e-05 1e-05 0 0 0 0 0 0 0 0 0 0 
1 0.60207 0.25424 0.07595 0.01727 0.00333 0.00055 9e-05 1e-05 0 0 0 0 0 0 0 0 0 0 0 
1 0.5983 0.25256 0.07509 0.01677 0.00312 0.00057 8e-05 1e-05 0 0 0 0 0 0 0 0 0 0 0 
1 0.60422 0.25634 0.07569 0.01672 0.0027 0.00037 5e-05 1e-05 1e-05 0 0 0 0 0 0 0 0 0 0 
1 0.5985 0.25167 0.07523 0.01648 0.0027 0.00041 6e-05 0 0 0 0 0 0 0 0 0 0 0 0 
1 0.6019 0.25682 0.07717 0.01704 0.00306 0.00042 5e-05 1e-05 0 0 0 0 0 0 0 0 0 0 0 
1 0.59732 0.25364 0.07477 0.01685 0.00311 0.00054 7e-05 0 0 0 0 0 0 0 0 0 0 0 0 
1 0.6006 0.25574 0.07337 0.01595 0.00277 0.00041 1e-05 0 0 0 0 0 0 0 0 0 0 0 0 
1 0.59966 0.25292 0.07383 0.01652 0.00304 0.00063 0.00011 1e-05 0 0 0 0 0 0 0 0 0 0 0 
1 0.60117 0.25408 0.07581 0.01649 0.00287 0.00044 4e-05 0 0 0 0 0 0 0 0 0 0 0 0 
1 0.59899 0.25302 0.0754 0.01645 0.003 0.00038 4e-05 0 0 0 0 0 0 0 0 0 0 0 0 
1 0.59978 0.25457 0.07588 0.01785 0.00342 0.00047 7e-05 2e-05 0 0 0 0 0 0 0 0 0 0 0 
1 0.59992 0.25501 0.07599 0.01692 0.00334 0.00059 5e-05 1e-05 0 0 0 0 0 0 0 0 0 0 0 
1 0.59545 0.25096 0.07366 0.01639 0.00283 0.00043 9e-05 2e-05 0 0 0 0 0 0 0 0 0 0 0 
1 0.60063 0.25701 0.07633 0.01647 0.00308 0.00057 8e-05 0 0 0 0 0 0 0 0 0 0 0 0 
1 0.6036 0.255 0.0766 0.01712 0.00305 0.00046 6e-05 2e-05 0 0 0 0 0 0 0 0 0 0 0 
1 0.60449 0.25901 0.07731 0.01783 0.00349 0.00057 6e-05 1e-05 0 0 0 0 0 0 0 0 0 0 0 
1 0.59905 0.25477 0.07424 0.01687 0.00308 0.00039 4e-05 2e-05 0 0 0 0 0 0 0 0 0 0 0 
1 0.59591 0.25196 0.07485 0.01679 0.00342 0.00043 7e-05 1e-05 0 0 0 0 0 0 0 0 0 0 0 
1 0.60308 0.25574 0.07504 0.01699 0.00291 0.00048 5e-05 2e-05 0 0 0 0 0 0 0 0 0 0 0 
1 0.59886 0.2561 0.07407 0.01687 0.00316 0.0005 4e-05 2e-05 1e-05 0 0 0 0 0 0 0 0 0 0 
1 0.59966 0.25648 0.07602 0.01668 0.0034 0.00059 9e-05 0 0 0 0 0 0 0 0 0 0 0 0 
1 0.59746 0.25338 0.07606 0.01674 0.00283 0.00051 7e-05 1e-05 0 0 0 0 0 0 0 0 0 0 0 
1 0.59866 0.25382 0.07588 0.01783 0.00288 0.00044 6e-05 0 0 0 0 0 0 0 0 0 0 0 0 
1 0.60057 0.25421 0.07539 0.0171 0.00337 0.0005 9e-05 2e-05 0 0 0 0 0 0 0 0 0 0 0 
1 0.60324 0.2547 0.07483 0.01635 0.00314 0.00047 8e-05 3e-05 1e-05 1e-05 0 0 0 0 0 0 0 0 0 
1 0.60469 0.2575 0.07515 0.01703 0.00304 0.0005 7e-05 0 0 0 0 0 0 0 0 0 0 0 0 
1 0.60113 0.25371 0.07488 0.01649 0.00284 0.00051 6e-05 0 0 0 0 0 0 0 0 0 0 0 0 
1 0.60098 0.2524 0.07403 0.0158 0.00293 0.00045 6e-05 1e-05 1e-05 0 0 0 0 0 0 0 0 0 0 
1 0.60188 0.25735 0.07654 0.01689 0.0032 0.00057 7e-05 1e-05 0 0 0 0 0 0 0 0 0 0 0 
1 0.60023 0.25563 0.07597 0.01738 0.00304 0.00059 9e-05 1e-05 0 0 0 0 0 0 0 0 0 0 0 
1 0.60246 0.25534 0.07515 0.0159 0.00273 0.00043 7e-05 0 0 0 0 0 0 0 0 0 0 0 0 
1 0.59878 0.25266 0.07605 0.01651 0.00315 0.00046 7e-05 1e-05 0 0 0 0 0 0 0 0 0 0 0 
1 0.59828 0.25332 0.07527 0.01674 0.00304 0.00037 4e-05 0 0 0 0 0 0 0 0 0 0 0 0 
1 0.59848 0.25384 0.07367 0.01575 0.00288 0.00051 6e-05 0 0 0 0 0 0 0 0 0 0 0 0 
1 0.60092 0.25341 0.07583 0.01607 0.0029 0.00039 7e-05 1e-05 0 0 0 0 0 0 0 0 0 0 0 
1 0.60104 0.25221 0.07648 0.01779 0.00299 0.00047 8e-05 1e-05 0 0 0 0 0 0 0 0 0 0 0 
1 0.60176 0.25576 0.07748 0.01756 0.00307 0.0005 7e-05 1e-05 0 0 0 0 0 0 0 0 0 0 0 
1 0.60144 0.25544 0.07329 0.01661 0.00323 0.00045 6e-05 1e-05 0 0 0 0 0 0 0 0 0 0 0 
1 0.59931 0.25226 0.07305 0.01665 0.00322 0.00063 6e-05 1e-05 0 0 0 0 0 0 0 0 0 0 0 
1 0.60031 0.25394 0.07434 0.01596 0.00297 0.00042 0.00015 3e-05 0 0 0 0 0 0 0 0 0 0 0 
1 0.60015 0.25795 0.0761 0.01648 0.00293 0.00055 6e-05 0 0 0 0 0 0 0 0 0 0 0 0 
1 0.59668 0.25293 0.07489 0.01689 0.00304 0.00063 0.00011 4e-05 1e-05 0 0 0 0 0 0 0 0 0 0 
1 0.59837 0.25636 0.0754 0.01689 0.00305 0.0004 5e-05 2e-05 0 0 0 0 0 0 0 0 0 0 0 
1 0.60192 0.25622 0.0753 0.01702 0.00328 0.00046 4e-05 1e-05 0 0 0 0 0 0 0 0 0 0 0 
1 0.60016 0.25552 0.07632 0.01764 0.00336 0.0006 0.00011 2e-05 0 0 0 0 0 0 0 0 0 0 0 
1 0.59983 0.25666 0.07641 0.01717 0.00333 0.00059 0.00012 1e-05 0 0 0 0 0 0 0 0 0 0 0 
1 0.59893 0.25293 0.0746 0.01635 0.0032 0.0006 0.00014 1e-05 0 0 0 0 0 0 0 0 0 0 0 
1 0.6017 0.25603 0.07594 0.01731 0.00345 0.00069 0.0001 2e-05 0 0 0 0 0 0 0 0 0 0 0 
1 0.59829 0.25133 0.07284 0.01587 0.00285 0.0004 4e-05 0 0 0 0 0 0 0 0 0 0 0 0 
1 0.59688 0.25434 0.07565 0.01766 0.00335 0.00053 4e-05 0 0 0 0 0 0 0 0 0 0 0 0 
1 0.59569 0.25337 0.07539 0.01686 0.00283 0.0005 8e-05 0 0 0 0 0 0 0 0 0 0 0 0 
1 0.59605 0.25238 0.07558 0.0172 0.00315 0.00052 0.0001 3e-05 1e-05 0 0 0 0 0 0 0 0 0 0 
1 0.59665 0.25159 0.07328 0.01603 0.0031 0.00042 7e-05 0 0 0 0 0 0 0 0 0 0 0 0 
1 0.60222 0.25484 0.07565 0.01667 0.00323 0.00071 8e-05 5e-05 0 0 0 0 0 0 0 0 0 0 0 
1 0.59792 0.25438 0.07517 0.01706 0.00307 0.00052 0.00013 3e-05 0 0 0 0 0 0 0 0 0 0 0 
1 0.60184 0.25666 0.07684 0.01746 0.00313 0.00048 8e-05 1e-05 1e-05 0 0 0 0 0 0 0 0 0 0 
1 0.59978 0.253 0.07396 0.01638 0.00279 0.00048 7e-05 1e-05 0 0 0 0 0 0 0 0 0 0 0 
1 0.59741 0.25014 0.07414 0.01609 0.00325 0.00057 0.0001 3e-05 0 0 0 0 0 0 0 0 0 0 0 
1 0.59775 0.25322 0.07578 0.01705 0.0031 0.00046 0.00011 2e-05 1e-05 0 0 0 0 0 0 0 0 0 0 
1 0.59812 0.25366 0.07688 0.01759 0.00337 0.00058 0.0001 2e-05 0 0 0 0 0 0 0 0 0 0 0 
1 0.59921 0.25483 0.07435 0.01674 0.00279 0.00053 6e-05 0 0 0 0 0 0 0 0 0 0 0 0 
1 0.60195 0.25346 0.07371 0.0166 0.00311 0.00043 6e-05 0 0 0 0 0 0 0 0 0 0 0 0 
1 0.60468 0.26021 0.07758 0.01809 0.00335 0.0005 4e-05 0 0 0 0 0 0 0 0 0 0 0 0 
1 0.60099 0.25205 0.0754 0.01694 0.00302 0.00046 9e-05 1e-05 0 0 0 0 0 0 0 0 0 0 0 
1 0.59753 0.25007 0.07482 0.0166 0.0031 0.00052 7e-05 2e-05 0 0 0 0 0 0 0 0 0 0 0 
1 0.6022 0.2532 0.0751 0.01739 0.00303 0.00066 5e-05 0 0 0 0 0 0 0 0 0 0 0 0 
1 0.59914 0.25588 0.07482 0.0161 0.00289 0.00024 1e-05 0 0 0 0 0 0 0 0 0 0 0 0 
1 0.59931 0.2545 0.07439 0.01626 0.00302 0.00052 0.00011 1e-05 0 0 0 0 0 0 0 0 0 0 0 
1 0.60313 0.25716 0.07686 0.01738 0.00325 0.00058 0.00013 1e-05 0 0 0 0 0 0 0 0 0 0 0 
1 0.59984 0.25516 0.07461 0.01663 0.00305 0.00046 5e-05 0 0 0 0 0 0 0 0 0 0 0 0 
1 0.59815 0.25178 0.07483 0.01679 0.00293 0.00047 7e-05 1e-05 0 0 0 0 0 0 0 0 0 0 0 
1 0.59905 0.25262 0.07504 0.01653 0.00323 0.00054 0.0001 0 0 0 0 0 0 0 0 0 0 0 0 
1 0.5984 0.25347 0.07649 0.01712 0.00335 0.00051 0.00012 2e-05 0 0 0 0 0 0 0 0 0 0 0 
1 0.60304 0.25836 0.07856 0.01793 0.00328 0.00066 0.0001 0 0 0 0 0 0 0 0 0 0 0 0 
1 0.6003 0.25494 0.07473 0.01702 0.00312 0.00045 6e-05 0 0 0 0 0 0 0 0 0 0 0 0 
1 0.60089 0.2545 0.07438 0.01638 0.00291 0.00039 8e-05 1e-05 0 0 0 0 0 0 0 0 0 0 0 
1 0.60206 0.25486 0.07483 0.01659 0.00294 0.00058 8e-05 1e-05 0 0 0 0 0 0 0 0 0 0 0 
1 0.60043 0.25594 0.07442 0.01641 0.00321 0.00046 6e-05 2e-05 1e-05 1e-05 1e-05 0 0 0 0 0 0 0 0 
1 0.60007 0.25504 0.0778 0.01716 0.00306 0.00056 6e-05 1e-05 1e-05 0 0 0 0 0 0 0 0 0 0 
1 0.59813 0.25333 0.0752 0.01687 0.00326 0.00042 9e-05 1e-05 1e-05 0 0 0 0 0 0 0 0 0 0 
