0
40 100
1 0.749924 0.427376 0.146465 0.022315 0.00119 2.75e-05 0 0 0 0 0 0 0 0 0 0 0 0 0 
1 0.747896 0.424604 0.144967 0.0221238 0.00123375 3.875e-05 0 0 0 0 0 0 0 0 0 0 0 0 0 
1 0.747848 0.422681 0.144416 0.0216688 0.00127125 4e-05 0 0 0 0 0 0 0 0 0 0 0 0 0 
1 0.750202 0.427087 0.146734 0.02248 0.001245 1.625e-05 0 0 0 0 0 0 0 0 0 0 0 0 0 
1 0.749404 0.426414 0.145012 0.021945 0.0011925 3e-05 0 0 0 0 0 0 0 0 0 0 0 0 0 
1 0.750255 0.427572 0.14793 0.0228963 0.00130375 3.625e-05 0 0 0 0 0 0 0 0 0 0 0 0 0 
1 0.748413 0.425772 0.145379 0.0223163 0.001195 3e-05 0 0 0 0 0 0 0 0 0 0 0 0 0 
1 0.749396 0.424587 0.146232 0.0223925 0.00130125 2.625e-05 0 0 0 0 0 0 0 0 0 0 0 0 0 
1 0.750341 0.428567 0.147754 0.0222888 0.0012075 4e-05 2.5e-06 0 0 0 0 0 0 0 0 0 0 0 0 
1 0.749219 0.427261 0.147485 0.023055 0.00138875 5.25e-05 2.5e-06 0 0 0 0 0 0 0 0 0 0 0 0 
1 0.749441 0.426092 0.146585 0.0224825 0.001235 4.5e-05 1.25e-06 0 0 0 0 0 0 0 0 0 0 0 0 
1 0.750644 0.428809 0.148988 0.02302 0.001325 3.375e-05 0 0 0 0 0 0 0 0 0 0 0 0 0 
1 0.751044 0.42849 0.147829 0.0224475 0.00115875 3.25e-05 0 0 0 0 0 0 0 0 0 0 0 0 0 
1 0.749349 0.426315 0.146471 0.0219575 0.001225 2.375e-05 1.25e-06 0 0 0 0 0 0 0 0 0 0 0 0 
1 0.750154 0.42647 0.146155 0.0222563 0.00135875 5.625e-05 0 0 0 0 0 0 0 0 0 0 0 0 0 
1 0.748294 0.424034 0.145911 0.021875 0.001155 2e-05 0 0 0 0 0 0 0 0 0 0 0 0 0 
1 0.748105 0.423442 0.144072 0.0214113 0.0012225 4.625e-05 0 0 0 0 0 0 0 0 0 0 0 0 0 
1 0.748986 0.425507 0.144337 0.0214188 0.0010575 1.375e-05 0 0 0 0 0 0 0 0 0 0 0 0 0 
1 0.749994 0.427245 0.147309 0.0224413 0.0012875 3.5e-05 0 0 0 0 0 0 0 0 0 0 0 0 0 
1 0.750281 0.428489 0.147844 0.0228588 0.00123375 3.875e-05 0 0 0 0 0 0 0 0 0 0 0 0 0 
1 0.747989 0.425442 0.145866 0.0222713 0.00128375 4.375e-05 0 0 0 0 0 0 0 0 0 0 0 0 0 
1 0.750144 0.425631 0.146639 0.0224013 0.0012 3.25e-05 0 0 0 0 0 0 0 0 0 0 0 0 0 
1 0.751473 0.429984 0.14989 0.0238663 0.00135125 3.75e-05 0 0 0 0 0 0 0 0 0 0 0 0 0 
1 0.74789 0.42398 0.144796 0.0213425 0.00113125 3.125e-05 0 0 0 0 0 0 0 0 0 0 0 0 0 
1 0.75143 0.429497 0.148477 0.02295 0.00126 1.75e-05 0 0 0 0 0 0 0 0 0 0 0 0 0 
1 0.750147 0.427535 0.147436 0.0228975 0.00128625 5.375e-05 0 0 0 0 0 0 0 0 0 0 0 0 0 
1 0.750709 0.427865 0.148207 0.0226938 0.00126625 2.5e-05 0 0 0 0 0 0 0 0 0 0 0 0 0 
1 0.750039 0.426874 0.146246 0.022605 0.0011725 3.125e-05 0 0 0 0 0 0 0 0 0 0 0 0 0 
1 0.751137 0.42962 0.148457 0.0232338 0.00133875 4e-05 0 0 0 0 0 0 0 0 0 0 0 0 0 
1 0.748013 0.42284 0.14399 0.0218775 0.00122125 3.375e-05 0 0 0 0 0 0 0 0 0 0 0 0 0 
1 0.74867 0.424631 0.145077 0.02209 0.0012125 3.5e-05 5e-06 0 0 0 0 0 0 0 0 0 0 0 0 
1 0.751959 0.432001 0.150949 0.0234488 0.001355 5.25e-05 1.25e-06 0 0 0 0 0 0 0 0 0 0 0 0 
1 0.748445 0.424991 0.145822 0.0222813 0.00130375 4.5e-05 2.5e-06 0 0 0 0 0 0 0 0 0 0 0 0 
1 0.749831 0.425977 0.146085 0.0220525 0.00116875 2.75e-05 0 0 0 0 0 0 0 0 0 0 0 0 0 
1 0.748635 0.425931 0.146844 0.02245 0.00133875 3e-05 0 0 0 0 0 0 0 0 0 0 0 0 0 
1 0.749128 0.42497 0.145459 0.0220363 0.001265 3.625e-05 0 0 0 0 0 0 0 0 0 0 0 0 0 
1 0.752334 0.428755 0.147914 0.0223313 0.001295 2.5e-05 0 0 0 0 0 0 0 0 0 0 0 0 0 
1 0.748028 0.424281 0.145964 0.0224113 0.00121 3.125e-05 0 0 0 0 0 0 0 0 0 0 0 0 0 
1 0.749819 0.428057 0.147317 0.0226463 0.00123375 3.375e-05 2.5e-06 0 0 0 0 0 0 0 0 0 0 0 0 
1 0.752038 0.43067 0.1495 0.0234463 0.00137125 3e-05 1.25e-06 0 0 0 0 0 0 0 0 0 0 0 0 
1 0.750809 0.428387 0.14849 0.0225763 0.0012975 2.625e-05 2.5e-06 0 0 0 0 0 0 0 0 0 0 0 0 
1 0.749674 0.426992 0.146995 0.0219888 0.00124375 3e-05 0 0 0 0 0 0 0 0 0 0 0 0 0 
1 0.751069 0.427841 0.147076 0.0224188 0.00131125 3.75e-05 2.5e-06 0 0 0 0 0 0 0 0 0 0 0 0 
1 0.750116 0.426797 0.147732 0.0224338 0.00129 4.25e-05 0 0 0 0 0 0 0 0 0 0 0 0 0 
1 0.749183 0.426237 0.146467 0.0221475 0.0012425 5e-05 2.5e-06 0 0 0 0 0 0 0 0 0 0 0 0 
1 0.75101 0.428129 0.147151 0.0224975 0.00127 5.5e-05 0 0 0 0 0 0 0 0 0 0 0 0 0 
1 0.750921 0.428874 0.148325 0.0222525 0.001205 3.625e-05 0 0 0 0 0 0 0 0 0 0 0 0 0 
1 0.75075 0.429636 0.149442 0.022965 0.00124625 2.75e-05 0 0 0 0 0 0 0 0 0 0 0 0 0 
1 0.750967 0.428716 0.148931 0.0229938 0.00132375 3e-05 0 0 0 0 0 0 0 0 0 0 0 0 0 
1 0.748605 0.424401 0.144842 0.0218888 0.00107375 1.625e-05 0 0 0 0 0 0 0 0 0 0 0 0 0 
1 0.750441 0.428257 0.148017 0.0231238 0.00130375 3.375e-05 2.5e-06 0 0 0 0 0 0 0 0 0 0 0 0 
1 0.748611 0.426532 0.146999 0.0221888 0.0011525 3.625e-05 0 0 0 0 0 0 0 0 0 0 0 0 0 
1 0.748735 0.423762 0.144465 0.0216125 0.00123375 2.25e-05 0 0 0 0 0 0 0 0 0 0 0 0 0 
1 0.751003 0.428066 0.148239 0.0228625 0.00127625 2.25e-05 1.25e-06 0 0 0 0 0 0 0 0 0 0 0 0 
1 0.750852 0.429082 0.148159 0.0229125 0.001275 3.75e-05 1.25e-06 0 0 0 0 0 0 0 0 0 0 0 0 
1 0.748815 0.424985 0.145747 0.0222438 0.00118875 2.25e-05 0 0 0 0 0 0 0 0 0 0 0 0 0 
1 0.75233 0.431359 0.150556 0.0232738 0.00129 3.125e-05 0 0 0 0 0 0 0 0 0 0 0 0 0 
1 0.752045 0.430007 0.149057 0.0230363 0.0012875 1.875e-05 0 0 0 0 0 0 0 0 0 0 0 0 0 
1 0.749504 0.425206 0.146429 0.02189 0.00118625 2.75e-05 1.25e-06 0 0 0 0 0 0 0 0 0 0 0 0 
1 0.752215 0.43083 0.15038 0.0235175 0.0013475 3e-05 1.25e-06 0 0 0 0 0 0 0 0 0 0 0 0 
1 0.751754 0.430952 0.150377 0.0232188 0.00121875 1.75e-05 0 0 0 0 0 0 0 0 0 0 0 0 0 
1 0.751525 0.42962 0.148615 0.0228875 0.00117875 2.375e-05 0 0 0 0 0 0 0 0 0 0 0 0 0 
1 0.750397 0.427909 0.147456 0.0223788 0.0012 3.625e-05 5e-06 0 0 0 0 0 0 0 0 0 0 0 0 
1 0.749495 0.425524 0.145934 0.02223 0.001195 3.625e-05 0 0 0 0 0 0 0 0 0 0 0 0 0 
1 0.747343 0.423489 0.144732 0.0217 0.0012475 2.25e-05 0 0 0 0 0 0 0 0 0 0 0 0 0 
1 0.751181 0.429309 0.148663 0.023205 0.0014 4.125e-05 1.25e-06 0 0 0 0 0 0 0 0 0 0 0 0 
1 0.74945 0.425754 0.145514 0.021335 0.00103625 2.75e-05 2.5e-06 0 0 0 0 0 0 0 0 0 0 0 0 
1 0.750013 0.426504 0.146704 0.0222763 0.0012225 2.875e-05 1.25e-06 0 0 0 0 0 0 0 0 0 0 0 0 
1 0.751746 0.430464 0.149567 0.0227463 0.0012275 3.875e-05 0 0 0 0 0 0 0 0 0 0 0 0 0 
1 0.748878 0.424379 0.144431 0.0214075 0.00120625 1.75e-05 0 0 0 0 0 0 0 0 0 0 0 0 0 
1 0.748466 0.424327 0.145852 0.0216725 0.00109625 2.875e-05 1.25e-06 0 0 0 0 0 0 0 0 0 0 0 0 
1 0.750332 0.427249 0.146302 0.0223625 0.00117125 3e-05 0 0 0 0 0 0 0 0 0 0 0 0 0 
1 0.750526 0.42833 0.148212 0.0224163 0.0011925 3e-05 0 0 0 0 0 0 0 0 0 0 0 0 0 
1 0.74957 0.427127 0.14752 0.0227725 0.00138375 3.75e-05 0 0 0 0 0 0 0 0 0 0 0 0 0 
1 0.750889 0.427841 0.148238 0.0233625 0.00144 4e-05 0 0 0 0 0 0 0 0 0 0 0 0 0 
1 0.749006 0.425625 0.144371 0.02175 0.001165 4e-05 1.25e-06 0 0 0 0 0 0 0 0 0 0 0 0 
1 0.749776 0.42719 0.14615 0.0219325 0.00110125 3.625e-05 0 0 0 0 0 0 0 0 0 0 0 0 0 
1 0.749219 0.426576 0.146424 0.0215288 0.0011575 4.125e-05 2.5e-06 0 0 0 0 0 0 0 0 0 0 0 0 
1 0.749244 0.425707 0.146224 0.0223788 0.001265 3.125e-05 0 0 0 0 0 0 0 0 0 0 0 0 0 
1 0.749983 0.426696 0.146326 0.02213 0.00127625 4e-05 0 0 0 0 0 0 0 0 0 0 0 0 0 
1 0.749976 0.425856 0.147012 0.0224425 0.00127875 2.875e-05 0 0 0 0 0 0 0 0 0 0 0 0 0 
1 0.751751 0.42961 0.15046 0.0231588 0.00126 4.25e-05 0 0 0 0 0 0 0 0 0 0 0 0 0 
1 0.750811 0.428556 0.14761 0.0232938 0.00131 3.5e-05 1.25e-06 0 0 0 0 0 0 0 0 0 0 0 0 
1 0.749491 0.427096 0.14673 0.0227588 0.001395 5.125e-05 0 0 0 0 0 0 0 0 0 0 0 0 0 
1 0.750325 0.426434 0.145865 0.0220838 0.0012475 2.875e-05 0 0 0 0 0 0 0 0 0 0 0 0 0 
1 0.747649 0.423835 0.14429 0.021615 0.0010525 2.625e-05 0 0 0 0 0 0 0 0 0 0 0 0 0 
1 0.749689 0.426877 0.147387 0.0226488 0.0012525 1.875e-05 0 0 0 0 0 0 0 0 0 0 0 0 0 
1 0.749792 0.426725 0.146526 0.0220663 0.0011025 1.75e-05 0 0 0 0 0 0 0 0 0 0 0 0 0 
1 0.74853 0.42459 0.144746 0.0214238 0.0011175 4.125e-05 1.25e-06 0 0 0 0 0 0 0 0 0 0 0 0 
1 0.75179 0.428651 0.14747 0.022505 0.00134375 5e-05 2.5e-06 0 0 0 0 0 0 0 0 0 0 0 0 
1 0.750462 0.428311 0.147674 0.0229488 0.00120875 3.125e-05 3.75e-06 0 0 0 0 0 0 0 0 0 0 0 0 
1 0.750723 0.429117 0.1485 0.02299 0.00139 3.75e-05 1.25e-06 0 0 0 0 0 0 0 0 0 0 0 0 
1 0.748961 0.425655 0.146319 0.0221263 0.00122625 2.125e-05 0 0 0 0 0 0 0 0 0 0 0 0 0 
1 0.750969 0.428032 0.147866 0.022785 0.00124375 3.125e-05 2.5e-06 0 0 0 0 0 0 0 0 0 0 0 0 
1 0.75081 0.428927 0.149629 0.0228475 0.00122125 1.875e-05 0 0 0 0 0 0 0 0 0 0 0 0 0 
1 0.749144 0.425897 0.14705 0.0225513 0.00128875 2.375e-05 0 0 0 0 0 0 0 0 0 0 0 0 0 
1 0.747551 0.423876 0.145012 0.0217625 0.00113125 2.25e-05 0 0 0 0 0 0 0 0 0 0 0 0 0 
1 0.749706 0.424959 0.14592 0.0219925 0.00114125 2.375e-05 0 0 0 0 0 0 0 0 0 0 0 0 0 
1 0.750605 0.428236 0.147809 0.0224725 0.00124125 3.25e-05 0 0 0 0 0 0 0 0 0 0 0 0 0 
1 0.749355 0.42671 0.147651 0.0221975 0.0012 2.75e-05 1.25e-06 0 0 0 0 0 0 0 0 0 0 0 0 
