1 0.800446 0.513037 0.210824 0.0357354 0.00102925 7.28333e-07 0 0 0 0 0 0 0 0 0 0 0 0 0 
1 0.800339 0.512813 0.210782 0.0357231 0.00104982 2.27667e-06 0 0 0 0 0 0 0 0 0 0 0 0 0 
1 0.8002 0.51245 0.210223 0.0355508 0.00104271 1.36667e-06 0 0 0 0 0 0 0 0 0 0 0 0 0 
1 0.799702 0.511592 0.20946 0.0353167 0.00104562 1.67167e-06 0 0 0 0 0 0 0 0 0 0 0 0 0 
1 0.799938 0.512471 0.210632 0.0356368 0.00103628 1.575e-06 0 0 0 0 0 0 0 0 0 0 0 0 0 
1 0.799776 0.511504 0.209217 0.0350915 0.000992092 1.185e-06 0 0 0 0 0 0 0 0 0 0 0 0 0 
1 0.800655 0.51356 0.211647 0.0361754 0.001073 1.185e-06 0 0 0 0 0 0 0 0 0 0 0 0 0 
1 0.799777 0.511798 0.209645 0.0352281 0.00104874 1.29167e-06 0 0 0 0 0 0 0 0 0 0 0 0 0 
1 0.800109 0.512317 0.210073 0.0355184 0.000992555 9.21667e-07 0 0 0 0 0 0 0 0 0 0 0 0 0 
1 0.800389 0.512637 0.210648 0.0357037 0.00106393 2.34e-06 0 0 0 0 0 0 0 0 0 0 0 0 0 
1 0.799806 0.511771 0.20982 0.0353267 0.00100868 2.6e-07 0 0 0 0 0 0 0 0 0 0 0 0 0 
1 0.799746 0.511597 0.209643 0.0353933 0.00102159 1.58833e-06 0 0 0 0 0 0 0 0 0 0 0 0 0 
1 0.800237 0.512571 0.210554 0.0355956 0.00101316 1.43667e-06 0 0 0 0 0 0 0 0 0 0 0 0 0 
1 0.80032 0.512941 0.210742 0.0356112 0.00102803 3.58333e-07 0 0 0 0 0 0 0 0 0 0 0 0 0 
1 0.800139 0.512271 0.210131 0.0355952 0.0010574 9.31667e-07 0 0 0 0 0 0 0 0 0 0 0 0 0 
1 0.800239 0.512597 0.210526 0.0356028 0.00102868 1.44667e-06 0 0 0 0 0 0 0 0 0 0 0 0 0 
1 0.800455 0.512765 0.210653 0.0356343 0.00105015 9.43333e-07 0 0 0 0 0 0 0 0 0 0 0 0 0 
1 0.800082 0.512285 0.210057 0.0354579 0.00104234 1.055e-06 0 0 0 0 0 0 0 0 0 0 0 0 0 
1 0.799737 0.51145 0.209192 0.0351383 0.00101248 1.06e-06 0 0 0 0 0 0 0 0 0 0 0 0 0 
1 0.799659 0.511181 0.208983 0.0350071 0.000990748 1.39167e-06 0 0 0 0 0 0 0 0 0 0 0 0 0 
1 0.800462 0.513123 0.211039 0.0358287 0.00103286 2.09833e-06 0 0 0 0 0 0 0 0 0 0 0 0 0 
1 0.799596 0.511596 0.209443 0.0352361 0.00101262 1.22167e-06 0 0 0 0 0 0 0 0 0 0 0 0 0 
1 0.799859 0.512018 0.209987 0.0353834 0.00102058 1.67833e-06 0 0 0 0 0 0 0 0 0 0 0 0 0 
1 0.800297 0.512641 0.210393 0.0355772 0.00103036 1.39667e-06 0 0 0 0 0 0 0 0 0 0 0 0 0 
1 0.799964 0.512167 0.209963 0.0355059 0.00101698 1.71833e-06 0 0 0 0 0 0 0 0 0 0 0 0 0 
1 0.800147 0.512347 0.210285 0.0355511 0.00104628 1.37e-06 0 0 0 0 0 0 0 0 0 0 0 0 0 
1 0.799201 0.51055 0.20829 0.0348984 0.000993658 1.095e-06 0 0 0 0 0 0 0 0 0 0 0 0 0 
1 0.800409 0.512849 0.210472 0.035556 0.00100349 2.21e-06 0 0 0 0 0 0 0 0 0 0 0 0 0 
1 0.800192 0.512789 0.210469 0.0355804 0.0010182 8.81667e-07 0 0 0 0 0 0 0 0 0 0 0 0 0 
1 0.800167 0.512252 0.210252 0.035465 0.00104354 1.86e-06 0 0 0 0 0 0 0 0 0 0 0 0 0 
1 0.800222 0.512382 0.210101 0.0355169 0.00102967 9.56667e-07 0 0 0 0 0 0 0 0 0 0 0 0 0 
1 0.800233 0.512564 0.210287 0.0354772 0.00101464 8.2e-07 0 0 0 0 0 0 0 0 0 0 0 0 0 
1 0.799636 0.511366 0.209266 0.0351576 0.00102972 6.61667e-07 0 0 0 0 0 0 0 0 0 0 0 0 0 
1 0.800266 0.512554 0.210426 0.0355419 0.00102539 9.21667e-07 0 0 0 0 0 0 0 0 0 0 0 0 0 
1 0.799954 0.512053 0.209709 0.035308 0.000987635 1.45333e-06 0 0 0 0 0 0 0 0 0 0 0 0 0 
1 0.801032 0.514003 0.211585 0.0360829 0.00104814 1.42167e-06 0 0 0 0 0 0 0 0 0 0 0 0 0 
1 0.800211 0.512484 0.210379 0.0355209 0.00101414 1.10167e-06 0 0 0 0 0 0 0 0 0 0 0 0 0 
1 0.79961 0.511117 0.208744 0.0349269 0.00100177 7.6e-07 0 0 0 0 0 0 0 0 0 0 0 0 0 
1 0.800567 0.512931 0.210681 0.0356476 0.00102933 2.38833e-06 0 0 0 0 0 0 0 0 0 0 0 0 0 
1 0.80047 0.512986 0.210887 0.0357695 0.00104082 1.09667e-06 0 0 0 0 0 0 0 0 0 0 0 0 0 
1 0.800172 0.512545 0.210416 0.0355659 0.00103693 1.24667e-06 0 0 0 0 0 0 0 0 0 0 0 0 0 
1 0.799756 0.511695 0.209585 0.0352834 0.00102179 1.375e-06 0 0 0 0 0 0 0 0 0 0 0 0 0 
1 0.799604 0.511146 0.208617 0.0347207 0.000984832 8e-07 0 0 0 0 0 0 0 0 0 0 0 0 0 
1 0.800234 0.512406 0.210305 0.0355623 0.00104639 1.25333e-06 0 0 0 0 0 0 0 0 0 0 0 0 0 
1 0.800417 0.512859 0.210643 0.0356649 0.00103714 1.15167e-06 0 0 0 0 0 0 0 0 0 0 0 0 0 
1 0.79981 0.51166 0.209574 0.0352347 0.00101868 1.215e-06 0 0 0 0 0 0 0 0 0 0 0 0 0 
1 0.800033 0.512205 0.209844 0.0354286 0.00101934 7.75e-07 0 0 0 0 0 0 0 0 0 0 0 0 0 
1 0.799685 0.511418 0.209342 0.0351798 0.00103249 1.225e-06 0 0 0 0 0 0 0 0 0 0 0 0 0 
1 0.800414 0.512931 0.210794 0.0356815 0.00103074 8.11667e-07 0 0 0 0 0 0 0 0 0 0 0 0 0 
1 0.799878 0.511561 0.209185 0.0351687 0.0010174 9.68333e-07 0 0 0 0 0 0 0 0 0 0 0 0 0 
1 0.799719 0.511588 0.209288 0.0350758 0.00102322 8.1e-07 0 0 0 0 0 0 0 0 0 0 0 0 0 
1 0.79987 0.511852 0.209649 0.0353507 0.00101112 1.18833e-06 0 0 0 0 0 0 0 0 0 0 0 0 0 
1 0.800229 0.512621 0.210448 0.03567 0.00102961 1.18667e-06 0 0 0 0 0 0 0 0 0 0 0 0 0 
1 0.798998 0.509892 0.207953 0.0347114 0.000977623 9.33333e-07 0 0 0 0 0 0 0 0 0 0 0 0 0 
1 0.800141 0.512371 0.210175 0.0354389 0.00103121 7.36667e-07 0 0 0 0 0 0 0 0 0 0 0 0 0 
1 0.800359 0.512986 0.210803 0.0357716 0.00104803 6.95e-07 0 0 0 0 0 0 0 0 0 0 0 0 0 
1 0.800273 0.51248 0.210291 0.0355514 0.00104537 1.19667e-06 0 0 0 0 0 0 0 0 0 0 0 0 0 
1 0.800022 0.512128 0.209999 0.0352937 0.00101541 2.16667e-07 0 0 0 0 0 0 0 0 0 0 0 0 0 
1 0.799781 0.511589 0.209309 0.0351963 0.00104328 8.75e-07 0 0 0 0 0 0 0 0 0 0 0 0 0 
1 0.799643 0.511448 0.209153 0.0351005 0.00101652 1.11e-06 0 0 0 0 0 0 0 0 0 0 0 0 0 
1 0.799676 0.511802 0.209842 0.0353576 0.00103312 1.11e-06 0 0 0 0 0 0 0 0 0 0 0 0 0 
1 0.800515 0.513015 0.210915 0.0357381 0.00103292 9.41667e-07 0 0 0 0 0 0 0 0 0 0 0 0 0 
1 0.799516 0.510953 0.209042 0.0350874 0.001007 1.16333e-06 0 0 0 0 0 0 0 0 0 0 0 0 0 
1 0.799532 0.511072 0.209011 0.0349213 0.000984532 1.795e-06 0 0 0 0 0 0 0 0 0 0 0 0 0 
1 0.799943 0.511919 0.20981 0.0353832 0.000994138 1.44e-06 0 0 0 0 0 0 0 0 0 0 0 0 0 
1 0.800298 0.512758 0.210737 0.0356738 0.00103568 8.96667e-07 0 0 0 0 0 0 0 0 0 0 0 0 0 
1 0.799852 0.511797 0.209711 0.0353937 0.00104236 1.31333e-06 0 0 0 0 0 0 0 0 0 0 0 0 0 
1 0.799992 0.511995 0.209843 0.0353772 0.00104152 1.04e-06 0 0 0 0 0 0 0 0 0 0 0 0 0 
1 0.800032 0.512012 0.20981 0.0354518 0.00103233 8e-07 0 0 0 0 0 0 0 0 0 0 0 0 0 
1 0.799567 0.511084 0.209056 0.0351481 0.00101987 2.24e-06 0 0 0 0 0 0 0 0 0 0 0 0 0 
1 0.799757 0.511837 0.209608 0.0352853 0.00102898 8.31667e-07 0 0 0 0 0 0 0 0 0 0 0 0 0 
1 0.800356 0.512675 0.21058 0.035588 0.00106231 1.17667e-06 0 0 0 0 0 0 0 0 0 0 0 0 0 
1 0.800021 0.512159 0.209985 0.0353301 0.00102449 1.46333e-06 0 0 0 0 0 0 0 0 0 0 0 0 0 
1 0.79982 0.5113 0.209429 0.0351603 0.00101836 1.35667e-06 0 0 0 0 0 0 0 0 0 0 0 0 0 
1 0.800261 0.512623 0.210367 0.0355066 0.00102608 1.84e-06 0 0 0 0 0 0 0 0 0 0 0 0 0 
1 0.800247 0.512563 0.21024 0.0355234 0.00102164 2.88333e-07 0 0 0 0 0 0 0 0 0 0 0 0 0 
1 0.800222 0.512496 0.210442 0.0356898 0.00103381 1.31e-06 0 0 0 0 0 0 0 0 0 0 0 0 0 
1 0.799331 0.511069 0.208892 0.0351011 0.000990742 6.56667e-07 0 0 0 0 0 0 0 0 0 0 0 0 0 
1 0.79993 0.511811 0.209441 0.035172 0.00101535 8.26667e-07 0 0 0 0 0 0 0 0 0 0 0 0 0 
1 0.799292 0.510728 0.208906 0.0351611 0.00101302 8.2e-07 0 0 0 0 0 0 0 0 0 0 0 0 0 
1 0.799695 0.511838 0.209948 0.0354031 0.00101076 1.46e-06 0 0 0 0 0 0 0 0 0 0 0 0 0 
1 0.800597 0.513392 0.211399 0.0358921 0.00104629 9.45e-07 0 0 0 0 0 0 0 0 0 0 0 0 0 
1 0.799733 0.511381 0.209245 0.0350165 0.000992458 1.25333e-06 0 0 0 0 0 0 0 0 0 0 0 0 0 
1 0.800235 0.512593 0.210685 0.0357345 0.001046 1.68833e-06 0 0 0 0 0 0 0 0 0 0 0 0 0 
1 0.799672 0.511257 0.209057 0.0350711 0.00103081 1.13333e-06 0 0 0 0 0 0 0 0 0 0 0 0 0 
1 0.799904 0.511568 0.209514 0.0353196 0.00100218 6.71667e-07 0 0 0 0 0 0 0 0 0 0 0 0 0 
1 0.79996 0.512001 0.209866 0.0354615 0.00103286 1.39e-06 0 0 0 0 0 0 0 0 0 0 0 0 0 
1 0.801119 0.514178 0.211884 0.0361808 0.00108397 7.55e-07 0 0 0 0 0 0 0 0 0 0 0 0 0 
1 0.800171 0.512443 0.210171 0.0355174 0.0010216 8.51667e-07 0 0 0 0 0 0 0 0 0 0 0 0 0 
1 0.799259 0.510848 0.208917 0.0351315 0.000992035 8.93333e-07 0 0 0 0 0 0 0 0 0 0 0 0 0 
1 0.799874 0.511886 0.209818 0.0354683 0.00102105 1.25333e-06 0 0 0 0 0 0 0 0 0 0 0 0 0 
1 0.800073 0.512342 0.210273 0.035497 0.00103302 1.255e-06 0 0 0 0 0 0 0 0 0 0 0 0 0 
1 0.799437 0.510705 0.208527 0.0349229 0.000974378 8.23333e-07 0 0 0 0 0 0 0 0 0 0 0 0 0 
1 0.799829 0.5118 0.209396 0.0351858 0.000988525 1.10667e-06 0 0 0 0 0 0 0 0 0 0 0 0 0 
1 0.800322 0.512767 0.210466 0.0355919 0.00104097 1.555e-06 0 0 0 0 0 0 0 0 0 0 0 0 0 
1 0.799525 0.51087 0.208769 0.0348832 0.000989163 1.23e-06 0 0 0 0 0 0 0 0 0 0 0 0 0 
1 0.799792 0.511311 0.209157 0.0350836 0.00100839 1.39333e-06 0 0 0 0 0 0 0 0 0 0 0 0 0 
1 0.800208 0.512594 0.210541 0.0357018 0.00104015 1.575e-06 0 0 0 0 0 0 0 0 0 0 0 0 0 
1 0.800277 0.512597 0.210571 0.0357801 0.00105517 8.56667e-07 0 0 0 0 0 0 0 0 0 0 0 0 0 
1 0.800454 0.513033 0.211114 0.0358849 0.00103326 1.33167e-06 0 0 0 0 0 0 0 0 0 0 0 0 0 
1 0.800052 0.511996 0.210045 0.0355353 0.00104822 7.15e-07 0 0 0 0 0 0 0 0 0 0 0 0 0 
1 0.800566 0.513189 0.210978 0.0358013 0.00104194 8.65e-07 0 0 0 0 0 0 0 0 0 0 0 0 0 
1 0.800002 0.512265 0.210021 0.0354041 0.0010529 1.165e-06 0 0 0 0 0 0 0 0 0 0 0 0 0 
1 0.799801 0.511534 0.209501 0.0351829 0.00099206 7.4e-07 0 0 0 0 0 0 0 0 0 0 0 0 0 
1 0.799485 0.511066 0.208945 0.0350864 0.00100108 1.01167e-06 0 0 0 0 0 0 0 0 0 0 0 0 0 
1 0.800155 0.512312 0.210428 0.0355806 0.00104692 1.25167e-06 0 0 0 0 0 0 0 0 0 0 0 0 0 
1 0.800425 0.512767 0.210743 0.0357807 0.00106287 1.07333e-06 0 0 0 0 0 0 0 0 0 0 0 0 0 
1 0.800028 0.512048 0.209877 0.0354607 0.00102413 1.71667e-06 0 0 0 0 0 0 0 0 0 0 0 0 0 
1 0.800335 0.512595 0.210282 0.0354702 0.00102374 1.28333e-06 0 0 0 0 0 0 0 0 0 0 0 0 0 
1 0.800564 0.513244 0.21104 0.0358287 0.00104763 7.88333e-07 0 0 0 0 0 0 0 0 0 0 0 0 0 
1 0.799894 0.511954 0.209887 0.0353752 0.000994338 1.14833e-06 0 0 0 0 0 0 0 0 0 0 0 0 0 
1 0.799613 0.510964 0.208787 0.0350154 0.0010295 1.81667e-06 0 0 0 0 0 0 0 0 0 0 0 0 0 
1 0.80043 0.512346 0.20997 0.035417 0.000995838 4.56667e-07 0 0 0 0 0 0 0 0 0 0 0 0 0 
1 0.799459 0.510961 0.20875 0.0350786 0.0010081 7.2e-07 0 0 0 0 0 0 0 0 0 0 0 0 0 
1 0.799461 0.511142 0.209071 0.0350832 0.000980832 4.96667e-07 0 0 0 0 0 0 0 0 0 0 0 0 0 
1 0.799999 0.51202 0.210047 0.0354673 0.00101961 2.08667e-06 0 0 0 0 0 0 0 0 0 0 0 0 0 
1 0.800434 0.513065 0.210743 0.0356044 0.00103694 8.9e-07 0 0 0 0 0 0 0 0 0 0 0 0 0 
1 0.800012 0.51212 0.21024 0.0355955 0.00104947 1.525e-06 0 0 0 0 0 0 0 0 0 0 0 0 0 
1 0.799987 0.512232 0.210094 0.035416 0.00106095 7.93333e-07 0 0 0 0 0 0 0 0 0 0 0 0 0 
1 0.800042 0.511933 0.209738 0.0353042 0.0010234 1.405e-06 0 0 0 0 0 0 0 0 0 0 0 0 0 
1 0.799901 0.511914 0.20971 0.0353158 0.00104715 8.76667e-07 0 0 0 0 0 0 0 0 0 0 0 0 0 
1 0.799665 0.511373 0.209048 0.0350117 0.00100051 1.76167e-06 0 0 0 0 0 0 0 0 0 0 0 0 0 
1 0.800056 0.512114 0.209801 0.0354311 0.00104464 1.09e-06 0 0 0 0 0 0 0 0 0 0 0 0 0 
1 0.800587 0.513335 0.211129 0.0357865 0.00104526 1.39e-06 0 0 0 0 0 0 0 0 0 0 0 0 0 
1 0.800254 0.51254 0.210642 0.0358059 0.0010428 2.205e-06 0 0 0 0 0 0 0 0 0 0 0 0 0 
1 0.79959 0.511281 0.209272 0.0352336 0.00103523 1.64333e-06 0 0 0 0 0 0 0 0 0 0 0 0 0 
1 0.799436 0.511105 0.209188 0.0352428 0.00101935 6.38333e-07 0 0 0 0 0 0 0 0 0 0 0 0 0 
1 0.799908 0.511822 0.20965 0.035279 0.00101955 9.91667e-07 0 0 0 0 0 0 0 0 0 0 0 0 0 
1 0.799867 0.511836 0.209845 0.0354363 0.00102848 1.61333e-06 0 0 0 0 0 0 0 0 0 0 0 0 0 
1 0.799536 0.511148 0.209215 0.0352876 0.00103753 1.94833e-06 0 0 0 0 0 0 0 0 0 0 0 0 0 
1 0.799911 0.511797 0.209507 0.0353593 0.00102275 5.91667e-07 0 0 0 0 0 0 0 0 0 0 0 0 0 
1 0.799418 0.510997 0.209116 0.0351605 0.000996267 2.88333e-07 0 0 0 0 0 0 0 0 0 0 0 0 0 
1 0.799904 0.511833 0.209689 0.0353745 0.00103155 6.68333e-07 0 0 0 0 0 0 0 0 0 0 0 0 0 
1 0.800089 0.512253 0.210282 0.0354445 0.00104779 6.91667e-07 0 0 0 0 0 0 0 0 0 0 0 0 0 
1 0.799899 0.511837 0.209774 0.0353098 0.00103125 1.425e-06 0 0 0 0 0 0 0 0 0 0 0 0 0 
1 0.800134 0.51224 0.210203 0.0354878 0.00104024 1.215e-06 0 0 0 0 0 0 0 0 0 0 0 0 0 
1 0.800279 0.512456 0.210221 0.0356584 0.00105334 1.325e-06 0 0 0 0 0 0 0 0 0 0 0 0 0 
1 0.800288 0.512228 0.210182 0.0355574 0.00105239 7.11667e-07 0 0 0 0 0 0 0 0 0 0 0 0 0 
1 0.800047 0.511816 0.209489 0.0352856 0.00101911 4.43333e-07 0 0 0 0 0 0 0 0 0 0 0 0 0 
1 0.799953 0.512173 0.209831 0.0352812 0.0010389 1.36667e-06 0 0 0 0 0 0 0 0 0 0 0 0 0 
1 0.79986 0.512054 0.209905 0.0354103 0.00105182 1.33833e-06 0 0 0 0 0 0 0 0 0 0 0 0 0 
1 0.800179 0.512064 0.209631 0.035312 0.00103557 1.755e-06 0 0 0 0 0 0 0 0 0 0 0 0 0 
1 0.800588 0.51309 0.210825 0.0356743 0.00108675 1.50167e-06 0 0 0 0 0 0 0 0 0 0 0 0 0 
1 0.799248 0.510627 0.208558 0.0348814 0.00098486 1.28e-06 0 0 0 0 0 0 0 0 0 0 0 0 0 
1 0.800302 0.51248 0.21065 0.0356326 0.00104688 1.03333e-06 0 0 0 0 0 0 0 0 0 0 0 0 0 
1 0.800551 0.512797 0.210356 0.0355558 0.00103612 1.00667e-06 0 0 0 0 0 0 0 0 0 0 0 0 0 
1 0.800586 0.513472 0.211565 0.0361277 0.00104677 2.22e-06 0 0 0 0 0 0 0 0 0 0 0 0 0 
1 0.800092 0.5122 0.209666 0.0351773 0.00100166 1.045e-06 0 0 0 0 0 0 0 0 0 0 0 0 0 
1 0.800533 0.512842 0.210724 0.0356663 0.00104036 1.29833e-06 0 0 0 0 0 0 0 0 0 0 0 0 0 
1 0.799823 0.5118 0.209798 0.0353816 0.00101568 1.25e-06 0 0 0 0 0 0 0 0 0 0 0 0 0 
1 0.799878 0.511686 0.209669 0.0353348 0.00103273 1.19833e-06 0 0 0 0 0 0 0 0 0 0 0 0 0 
1 0.800178 0.512413 0.21015 0.0353734 0.00101539 1.13667e-06 0 0 0 0 0 0 0 0 0 0 0 0 0 
1 0.799986 0.512046 0.210138 0.0355345 0.0010375 8.88333e-07 0 0 0 0 0 0 0 0 0 0 0 0 0 
1 0.799968 0.512067 0.209856 0.0353224 0.00100692 6.73333e-07 0 0 0 0 0 0 0 0 0 0 0 0 0 
1 0.800495 0.513018 0.211026 0.0357758 0.00104096 1.59833e-06 0 0 0 0 0 0 0 0 0 0 0 0 0 
1 0.800237 0.512615 0.210668 0.0356855 0.00103259 6.15e-07 0 0 0 0 0 0 0 0 0 0 0 0 0 
1 0.80076 0.51365 0.21147 0.0359113 0.00104765 1.16e-06 0 0 0 0 0 0 0 0 0 0 0 0 0 
1 0.800082 0.512082 0.209625 0.0351601 0.00101922 1.06e-06 0 0 0 0 0 0 0 0 0 0 0 0 0 
1 0.800382 0.512576 0.210213 0.0353195 0.00101369 2.08833e-06 0 0 0 0 0 0 0 0 0 0 0 0 0 
1 0.800019 0.512234 0.210175 0.0354115 0.00100957 9.25e-07 0 0 0 0 0 0 0 0 0 0 0 0 0 
1 0.799338 0.510728 0.208567 0.0349564 0.0010005 1.325e-06 0 0 0 0 0 0 0 0 0 0 0 0 0 
1 0.799881 0.511952 0.209786 0.0353416 0.00102928 1.22667e-06 0 0 0 0 0 0 0 0 0 0 0 0 0 
1 0.80073 0.513375 0.21128 0.0358185 0.00102756 1.285e-06 0 0 0 0 0 0 0 0 0 0 0 0 0 
1 0.799667 0.511663 0.209599 0.0352273 0.00102094 1.19667e-06 0 0 0 0 0 0 0 0 0 0 0 0 0 
1 0.799876 0.511722 0.209536 0.0351788 0.00102597 9.93333e-07 0 0 0 0 0 0 0 0 0 0 0 0 0 
1 0.79949 0.510934 0.208707 0.0349314 0.00099125 5.25e-07 0 0 0 0 0 0 0 0 0 0 0 0 0 
1 0.800527 0.512974 0.210577 0.0356239 0.00105023 9e-07 0 0 0 0 0 0 0 0 0 0 0 0 0 
1 0.79961 0.511073 0.20908 0.0350099 0.000972908 9.26667e-07 0 0 0 0 0 0 0 0 0 0 0 0 0 
1 0.800368 0.512874 0.210708 0.03563 0.0010512 1.18167e-06 0 0 0 0 0 0 0 0 0 0 0 0 0 
1 0.800105 0.512335 0.210217 0.0355817 0.00104602 1.45667e-06 0 0 0 0 0 0 0 0 0 0 0 0 0 
1 0.800036 0.512188 0.210176 0.0355751 0.00106229 1.235e-06 0 0 0 0 0 0 0 0 0 0 0 0 0 
1 0.799846 0.511854 0.209844 0.035347 0.000999152 9.15e-07 0 0 0 0 0 0 0 0 0 0 0 0 0 
1 0.800153 0.512316 0.210292 0.0355005 0.00104579 9.65e-07 0 0 0 0 0 0 0 0 0 0 0 0 0 
1 0.800058 0.512209 0.210029 0.0354353 0.00105223 8.28333e-07 0 0 0 0 0 0 0 0 0 0 0 0 0 
1 0.800357 0.512482 0.210199 0.0354791 0.00100204 7.2e-07 0 0 0 0 0 0 0 0 0 0 0 0 0 
1 0.800441 0.512621 0.210133 0.0354384 0.00104264 1.51167e-06 0 0 0 0 0 0 0 0 0 0 0 0 0 
1 0.800972 0.513799 0.211615 0.036038 0.00105505 9.81667e-07 0 0 0 0 0 0 0 0 0 0 0 0 0 
1 0.800032 0.512124 0.210099 0.0355819 0.0010297 1.95667e-06 0 0 0 0 0 0 0 0 0 0 0 0 0 
1 0.799913 0.511701 0.209677 0.0353719 0.00104307 1.36333e-06 0 0 0 0 0 0 0 0 0 0 0 0 0 
1 0.799434 0.510842 0.208671 0.0349438 0.0010209 1.00167e-06 0 0 0 0 0 0 0 0 0 0 0 0 0 
1 0.800545 0.513263 0.21113 0.0358777 0.00105122 1.44833e-06 0 0 0 0 0 0 0 0 0 0 0 0 0 
1 0.800062 0.512277 0.210273 0.0354866 0.00102067 1.005e-06 0 0 0 0 0 0 0 0 0 0 0 0 0 
1 0.800096 0.512178 0.209954 0.0355167 0.00104303 1.955e-06 0 0 0 0 0 0 0 0 0 0 0 0 0 
1 0.799653 0.511657 0.209472 0.0352311 0.00102573 1.28333e-06 0 0 0 0 0 0 0 0 0 0 0 0 0 
1 0.799971 0.512081 0.210223 0.0355653 0.00104128 6.06667e-07 0 0 0 0 0 0 0 0 0 0 0 0 0 
1 0.799902 0.511715 0.209551 0.0352553 0.00102711 1.46333e-06 0 0 0 0 0 0 0 0 0 0 0 0 0 
1 0.800014 0.511756 0.209682 0.0353281 0.00101256 1.39333e-06 0 0 0 0 0 0 0 0 0 0 0 0 0 
1 0.799964 0.511834 0.209844 0.0353442 0.00102786 5.68333e-07 0 0 0 0 0 0 0 0 0 0 0 0 0 
1 0.800404 0.512835 0.210678 0.0357493 0.00104283 1.76167e-06 0 0 0 0 0 0 0 0 0 0 0 0 0 
1 0.800019 0.512046 0.209768 0.0352768 0.00101971 5.75e-07 0 0 0 0 0 0 0 0 0 0 0 0 0 
1 0.799717 0.511598 0.209429 0.035098 0.00100627 6.4e-07 0 0 0 0 0 0 0 0 0 0 0 0 0 
1 0.799731 0.511301 0.209031 0.0350415 0.00100925 1.27833e-06 0 0 0 0 0 0 0 0 0 0 0 0 0 
1 0.800074 0.512703 0.2107 0.0357128 0.00103888 8.03333e-07 0 0 0 0 0 0 0 0 0 0 0 0 0 
1 0.799634 0.511504 0.209337 0.0351855 0.00100382 1.11667e-06 0 0 0 0 0 0 0 0 0 0 0 0 0 
1 0.799812 0.511759 0.209667 0.0353881 0.00104053 1.06833e-06 0 0 0 0 0 0 0 0 0 0 0 0 0 
1 0.799595 0.511689 0.209735 0.0353894 0.00105072 1.545e-06 0 0 0 0 0 0 0 0 0 0 0 0 0 
1 0.799797 0.511512 0.209197 0.0350723 0.00104047 5.63333e-07 0 0 0 0 0 0 0 0 0 0 0 0 0 
1 0.800179 0.5123 0.210242 0.0355039 0.00106699 1.72833e-06 0 0 0 0 0 0 0 0 0 0 0 0 0 
1 0.800551 0.513007 0.210656 0.0355617 0.00103316 9.35e-07 0 0 0 0 0 0 0 0 0 0 0 0 0 
1 0.79962 0.511478 0.20961 0.0352427 0.00100774 1.44667e-06 0 0 0 0 0 0 0 0 0 0 0 0 0 
1 0.799621 0.51111 0.208981 0.0350737 0.000993395 9.46667e-07 0 0 0 0 0 0 0 0 0 0 0 0 0 
1 0.79964 0.511351 0.208921 0.0348239 0.000966758 1.48833e-06 0 0 0 0 0 0 0 0 0 0 0 0 0 
1 0.799607 0.511285 0.20907 0.0351087 0.000988593 2.03333e-07 0 0 0 0 0 0 0 0 0 0 0 0 0 
1 0.800081 0.512338 0.209987 0.0352689 0.00101357 1.33e-06 0 0 0 0 0 0 0 0 0 0 0 0 0 
1 0.799439 0.511313 0.209242 0.035115 0.00100985 6.05e-07 0 0 0 0 0 0 0 0 0 0 0 0 0 
1 0.799658 0.511442 0.209232 0.0351004 0.00103012 1.17333e-06 0 0 0 0 0 0 0 0 0 0 0 0 0 
1 0.799277 0.510666 0.208452 0.0348102 0.000990288 4.25e-07 0 0 0 0 0 0 0 0 0 0 0 0 0 
1 0.799948 0.511938 0.209889 0.0353344 0.00103031 5.36667e-07 0 0 0 0 0 0 0 0 0 0 0 0 0 
1 0.799847 0.511732 0.209752 0.0353244 0.00102579 2.27167e-06 0 0 0 0 0 0 0 0 0 0 0 0 0 
1 0.799902 0.511671 0.209708 0.0353839 0.00101749 8.33333e-07 0 0 0 0 0 0 0 0 0 0 0 0 0 
1 0.800223 0.512445 0.210312 0.0355983 0.00105646 5.7e-07 0 0 0 0 0 0 0 0 0 0 0 0 0 
1 0.799624 0.511564 0.209491 0.0352983 0.00101757 2.33667e-06 0 0 0 0 0 0 0 0 0 0 0 0 0 
1 0.799969 0.511965 0.209764 0.0353444 0.00102035 9.26667e-07 0 0 0 0 0 0 0 0 0 0 0 0 0 
1 0.79993 0.511736 0.209483 0.0351491 0.0010106 8.85e-07 0 0 0 0 0 0 0 0 0 0 0 0 0 
1 0.800456 0.512669 0.210667 0.0358239 0.00105473 9.38333e-07 0 0 0 0 0 0 0 0 0 0 0 0 0 
1 0.800349 0.51273 0.210741 0.0355655 0.00101165 8.86667e-07 0 0 0 0 0 0 0 0 0 0 0 0 0 
1 0.800018 0.512344 0.210259 0.0354927 0.00104985 1.23e-06 0 0 0 0 0 0 0 0 0 0 0 0 0 
1 0.800435 0.512654 0.210156 0.0353661 0.00102337 1.36e-06 0 0 0 0 0 0 0 0 0 0 0 0 0 
1 0.799409 0.511002 0.209215 0.0352432 0.00100525 9.45e-07 0 0 0 0 0 0 0 0 0 0 0 0 0 
1 0.800331 0.512593 0.21048 0.0356479 0.00105057 1.22333e-06 0 0 0 0 0 0 0 0 0 0 0 0 0 
1 0.799466 0.510957 0.208825 0.0350012 0.00102843 1.65667e-06 0 0 0 0 0 0 0 0 0 0 0 0 0 
1 0.80007 0.511862 0.209709 0.0353105 0.00101463 4.4e-07 0 0 0 0 0 0 0 0 0 0 0 0 0 
1 0.799972 0.512302 0.210394 0.0355849 0.00104186 1.57167e-06 0 0 0 0 0 0 0 0 0 0 0 0 0 
1 0.799771 0.511478 0.20913 0.0350843 0.00101965 1.02833e-06 0 0 0 0 0 0 0 0 0 0 0 0 0 
1 0.799762 0.511682 0.209459 0.0352381 0.00102044 1.96667e-06 0 0 0 0 0 0 0 0 0 0 0 0 0 
1 0.799156 0.510267 0.207997 0.0347097 0.000973627 7.85e-07 0 0 0 0 0 0 0 0 0 0 0 0 0 
1 0.799809 0.511787 0.209701 0.0353781 0.00104403 6.96667e-07 0 0 0 0 0 0 0 0 0 0 0 0 0 
1 0.800423 0.513023 0.210981 0.0358603 0.00104891 5.7e-07 0 0 0 0 0 0 0 0 0 0 0 0 0 
1 0.799578 0.511216 0.209305 0.0351675 0.00103833 8.3e-07 0 0 0 0 0 0 0 0 0 0 0 0 0 
1 0.799476 0.511169 0.209242 0.0352129 0.00102324 1.50333e-06 0 0 0 0 0 0 0 0 0 0 0 0 0 
1 0.800053 0.51219 0.209989 0.0353176 0.00101881 1.27833e-06 0 0 0 0 0 0 0 0 0 0 0 0 0 
1 0.799868 0.51209 0.209904 0.03543 0.00102354 8.45e-07 0 0 0 0 0 0 0 0 0 0 0 0 0 
1 0.800332 0.513009 0.210903 0.0357515 0.00103552 9.8e-07 0 0 0 0 0 0 0 0 0 0 0 0 0 
1 0.800228 0.512481 0.210523 0.0356184 0.00105194 1.21833e-06 0 0 0 0 0 0 0 0 0 0 0 0 0 
1 0.799969 0.511922 0.209592 0.0352493 0.00102255 8.7e-07 0 0 0 0 0 0 0 0 0 0 0 0 0 
1 0.799743 0.511566 0.20946 0.0351827 0.00101316 1.135e-06 0 0 0 0 0 0 0 0 0 0 0 0 0 
1 0.799645 0.511195 0.208962 0.0351212 0.00101262 1.31333e-06 0 0 0 0 0 0 0 0 0 0 0 0 0 
1 0.799733 0.511762 0.209781 0.0352875 0.0010136 2.23667e-06 0 0 0 0 0 0 0 0 0 0 0 0 0 
1 0.800192 0.512786 0.21053 0.0354091 0.00100247 1.315e-06 0 0 0 0 0 0 0 0 0 0 0 0 0 
1 0.799543 0.511138 0.209092 0.035002 0.00101158 5.35e-07 0 0 0 0 0 0 0 0 0 0 0 0 0 
1 0.799893 0.512166 0.210192 0.0355158 0.00103568 1.22333e-06 0 0 0 0 0 0 0 0 0 0 0 0 0 
1 0.800185 0.512549 0.210568 0.0356101 0.00103128 6.93333e-07 0 0 0 0 0 0 0 0 0 0 0 0 0 
1 0.799934 0.512228 0.209886 0.0353786 0.00101195 7.86667e-07 0 0 0 0 0 0 0 0 0 0 0 0 0 
1 0.800045 0.512252 0.210038 0.0354754 0.00102696 6.76667e-07 0 0 0 0 0 0 0 0 0 0 0 0 0 
1 0.800183 0.512393 0.21034 0.0355676 0.00106048 1.55833e-06 0 0 0 0 0 0 0 0 0 0 0 0 0 
1 0.799998 0.5123 0.209621 0.0349772 0.000995445 9.5e-07 0 0 0 0 0 0 0 0 0 0 0 0 0 
1 0.799833 0.511545 0.209279 0.0351833 0.00102234 5.01667e-07 0 0 0 0 0 0 0 0 0 0 0 0 0 
1 0.800418 0.512801 0.210642 0.0356544 0.00104898 7.7e-07 0 0 0 0 0 0 0 0 0 0 0 0 0 
1 0.799945 0.511976 0.210078 0.0354689 0.00103846 9.93333e-07 0 0 0 0 0 0 0 0 0 0 0 0 0 
1 0.800377 0.512713 0.210307 0.0355615 0.00102859 7.8e-07 0 0 0 0 0 0 0 0 0 0 0 0 0 
1 0.799483 0.511278 0.209293 0.035213 0.00102642 7.06667e-07 0 0 0 0 0 0 0 0 0 0 0 0 0 
1 0.799886 0.511883 0.209559 0.0352933 0.00104747 1.12667e-06 0 0 0 0 0 0 0 0 0 0 0 0 0 
1 0.799665 0.511426 0.209336 0.0352429 0.000988375 3.55e-07 0 0 0 0 0 0 0 0 0 0 0 0 0 
1 0.800115 0.512292 0.209997 0.0353727 0.000984942 9.95e-07 0 0 0 0 0 0 0 0 0 0 0 0 0 
1 0.800498 0.512992 0.211178 0.0358232 0.00104884 1.335e-06 0 0 0 0 0 0 0 0 0 0 0 0 0 
1 0.800046 0.512411 0.210355 0.0354335 0.00103655 1.55667e-06 0 0 0 0 0 0 0 0 0 0 0 0 0 
1 0.800222 0.512401 0.210123 0.0355173 0.00105307 2.035e-06 0 0 0 0 0 0 0 0 0 0 0 0 0 
1 0.799292 0.510846 0.208938 0.0351458 0.00101876 7.86667e-07 0 0 0 0 0 0 0 0 0 0 0 0 0 
1 0.800504 0.513365 0.211066 0.0356386 0.00103617 9.78333e-07 0 0 0 0 0 0 0 0 0 0 0 0 0 
1 0.800168 0.512454 0.210097 0.0353524 0.00103187 3.83333e-07 0 0 0 0 0 0 0 0 0 0 0 0 0 
1 0.800214 0.512203 0.209732 0.0351931 0.00102188 5.53333e-07 0 0 0 0 0 0 0 0 0 0 0 0 0 
1 0.800232 0.512842 0.210899 0.0356993 0.00104526 1.68667e-06 0 0 0 0 0 0 0 0 0 0 0 0 0 
1 0.800619 0.513464 0.211244 0.0359072 0.00104592 6.6e-07 0 0 0 0 0 0 0 0 0 0 0 0 0 
1 0.799884 0.51214 0.209945 0.0355639 0.00103681 8.33333e-07 0 0 0 0 0 0 0 0 0 0 0 0 0 
1 0.800533 0.512715 0.210576 0.0356696 0.00105006 2.68333e-07 0 0 0 0 0 0 0 0 0 0 0 0 0 
1 0.800124 0.51224 0.21009 0.0353709 0.00102028 1.22667e-06 0 0 0 0 0 0 0 0 0 0 0 0 0 
1 0.800203 0.512632 0.210708 0.0357591 0.00104179 2.01667e-06 0 0 0 0 0 0 0 0 0 0 0 0 0 
1 0.799706 0.51156 0.209334 0.0350383 0.00098916 8.5e-07 0 0 0 0 0 0 0 0 0 0 0 0 0 
1 0.800235 0.512468 0.210243 0.0355083 0.00102685 7.26667e-07 0 0 0 0 0 0 0 0 0 0 0 0 0 
1 0.799625 0.511542 0.209881 0.0354779 0.00107065 1.225e-06 0 0 0 0 0 0 0 0 0 0 0 0 0 
1 0.800101 0.512014 0.209767 0.0354268 0.0010382 8.01667e-07 0 0 0 0 0 0 0 0 0 0 0 0 0 
1 0.800218 0.512306 0.209859 0.0352955 0.0010196 1.66167e-06 0 0 0 0 0 0 0 0 0 0 0 0 0 
1 0.79938 0.510735 0.20881 0.0350971 0.0010307 1.23333e-06 0 0 0 0 0 0 0 0 0 0 0 0 0 
1 0.799718 0.511266 0.209245 0.0351365 0.00102317 6.66667e-07 0 0 0 0 0 0 0 0 0 0 0 0 0 
1 0.799659 0.511683 0.20963 0.0352674 0.00101459 8.53333e-07 0 0 0 0 0 0 0 0 0 0 0 0 0 
1 0.800686 0.513244 0.210926 0.0357597 0.00104107 1.37167e-06 0 0 0 0 0 0 0 0 0 0 0 0 0 
1 0.800559 0.513451 0.211219 0.0359169 0.00107299 1.16333e-06 0 0 0 0 0 0 0 0 0 0 0 0 0 
1 0.799956 0.511937 0.209781 0.0353664 0.00101897 4.26667e-07 0 0 0 0 0 0 0 0 0 0 0 0 0 
1 0.800073 0.512378 0.210254 0.0354722 0.00104036 8.46667e-07 0 0 0 0 0 0 0 0 0 0 0 0 0 
1 0.800075 0.5122 0.210227 0.0356349 0.00104159 8.08333e-07 0 0 0 0 0 0 0 0 0 0 0 0 0 
1 0.799819 0.511829 0.209842 0.0353528 0.00101321 1.69333e-06 0 0 0 0 0 0 0 0 0 0 0 0 0 
1 0.800454 0.512829 0.210665 0.0356562 0.00105246 1.03e-06 0 0 0 0 0 0 0 0 0 0 0 0 0 
1 0.800029 0.51223 0.210008 0.0352998 0.00101077 1.125e-06 0 0 0 0 0 0 0 0 0 0 0 0 0 
1 0.80001 0.511901 0.20976 0.0352264 0.00101457 1.37e-06 0 0 0 0 0 0 0 0 0 0 0 0 0 
1 0.799375 0.510878 0.208624 0.0348851 0.000966842 1.94e-06 0 0 0 0 0 0 0 0 0 0 0 0 0 
1 0.801026 0.513917 0.211439 0.0358547 0.00103701 5.81667e-07 0 0 0 0 0 0 0 0 0 0 0 0 0 
1 0.800422 0.512882 0.211053 0.0358006 0.00105344 1.285e-06 0 0 0 0 0 0 0 0 0 0 0 0 0 
1 0.799917 0.512111 0.210096 0.0353433 0.0010078 2.98333e-07 0 0 0 0 0 0 0 0 0 0 0 0 0 
1 0.800689 0.51346 0.211189 0.0358567 0.00104843 1.63167e-06 0 0 0 0 0 0 0 0 0 0 0 0 0 
1 0.800041 0.512248 0.210251 0.0355355 0.00103071 1.49167e-06 0 0 0 0 0 0 0 0 0 0 0 0 0 
1 0.799854 0.511806 0.209582 0.0351654 0.00100442 1.03333e-06 0 0 0 0 0 0 0 0 0 0 0 0 0 
1 0.799533 0.511373 0.209214 0.0351032 0.00102948 1.89e-06 0 0 0 0 0 0 0 0 0 0 0 0 0 
1 0.79971 0.511438 0.209047 0.0350079 0.000997453 5.5e-07 0 0 0 0 0 0 0 0 0 0 0 0 0 
1 0.799808 0.511427 0.209192 0.0351279 0.00100242 9.43333e-07 0 0 0 0 0 0 0 0 0 0 0 0 0 
1 0.800541 0.513375 0.211102 0.0358184 0.00105127 9.38333e-07 0 0 0 0 0 0 0 0 0 0 0 0 0 
1 0.800015 0.511953 0.209573 0.035261 0.00102967 8.4e-07 0 0 0 0 0 0 0 0 0 0 0 0 0 
1 0.79957 0.510969 0.20883 0.0349273 0.000996815 5.4e-07 0 0 0 0 0 0 0 0 0 0 0 0 0 
1 0.800219 0.512699 0.210658 0.0356181 0.00105786 1.305e-06 0 0 0 0 0 0 0 0 0 0 0 0 0 
1 0.800326 0.512601 0.209929 0.0353399 0.00100663 6.91667e-07 0 0 0 0 0 0 0 0 0 0 0 0 0 
1 0.799983 0.51198 0.209869 0.0354147 0.00101481 6.3e-07 0 0 0 0 0 0 0 0 0 0 0 0 0 
1 0.800115 0.512265 0.210111 0.0355487 0.0010253 1.75e-06 0 0 0 0 0 0 0 0 0 0 0 0 0 
1 0.800349 0.512564 0.210442 0.0355524 0.00101995 1.02833e-06 0 0 0 0 0 0 0 0 0 0 0 0 0 
1 0.800258 0.512711 0.210635 0.0355992 0.00104641 1.715e-06 0 0 0 0 0 0 0 0 0 0 0 0 0 
1 0.800725 0.513557 0.2114 0.0360475 0.00107449 9.9e-07 0 0 0 0 0 0 0 0 0 0 0 0 0 
1 0.800659 0.513161 0.210848 0.0356298 0.00103362 9.18333e-07 0 0 0 0 0 0 0 0 0 0 0 0 0 
1 0.800348 0.512782 0.210582 0.0356589 0.00104389 2.23333e-06 0 0 0 0 0 0 0 0 0 0 0 0 0 
1 0.800708 0.513341 0.211026 0.0358567 0.00104547 8.38333e-07 0 0 0 0 0 0 0 0 0 0 0 0 0 
1 0.799983 0.512286 0.210177 0.035347 0.00100451 7.46667e-07 0 0 0 0 0 0 0 0 0 0 0 0 0 
1 0.799949 0.511824 0.209889 0.0353777 0.00102464 1.16667e-06 0 0 0 0 0 0 0 0 0 0 0 0 0 
1 0.799919 0.51218 0.210228 0.0355282 0.00103439 1.19667e-06 0 0 0 0 0 0 0 0 0 0 0 0 0 
1 0.800162 0.512355 0.210067 0.0353222 0.00102077 1.58833e-06 0 0 0 0 0 0 0 0 0 0 0 0 0 
1 0.8001 0.511889 0.209512 0.0353001 0.00101475 5.68333e-07 0 0 0 0 0 0 0 0 0 0 0 0 0 
1 0.799677 0.511404 0.209121 0.0351324 0.00100208 2.205e-06 0 0 0 0 0 0 0 0 0 0 0 0 0 
1 0.799871 0.511867 0.209733 0.0353847 0.00100224 6.03333e-07 0 0 0 0 0 0 0 0 0 0 0 0 0 
1 0.799685 0.511402 0.20924 0.0351626 0.00102448 1.545e-06 0 0 0 0 0 0 0 0 0 0 0 0 0 
1 0.799995 0.512334 0.21014 0.0355509 0.0010502 1.28667e-06 0 0 0 0 0 0 0 0 0 0 0 0 0 
1 0.800159 0.512463 0.210335 0.0355443 0.00103478 1.155e-06 0 0 0 0 0 0 0 0 0 0 0 0 0 
1 0.800767 0.513783 0.211743 0.0361159 0.00108083 1.2e-06 0 0 0 0 0 0 0 0 0 0 0 0 0 
1 0.799767 0.51137 0.209282 0.0351187 0.00100818 1.395e-06 0 0 0 0 0 0 0 0 0 0 0 0 0 
1 0.799487 0.511048 0.209018 0.0351433 0.00100102 1.48e-06 0 0 0 0 0 0 0 0 0 0 0 0 0 
1 0.799923 0.51191 0.209775 0.0353153 0.00101922 2.005e-06 0 0 0 0 0 0 0 0 0 0 0 0 0 
1 0.800119 0.51204 0.209813 0.0354331 0.00102935 1.245e-06 0 0 0 0 0 0 0 0 0 0 0 0 0 
1 0.799382 0.510837 0.208891 0.0351371 0.00100024 1.84667e-06 0 0 0 0 0 0 0 0 0 0 0 0 0 
1 0.800725 0.513451 0.211266 0.0357311 0.00105252 6.45e-07 0 0 0 0 0 0 0 0 0 0 0 0 0 
1 0.799662 0.511512 0.209151 0.0350791 0.00100876 5.15e-07 0 0 0 0 0 0 0 0 0 0 0 0 0 
1 0.800439 0.513274 0.211054 0.035771 0.00104949 1.44e-06 0 0 0 0 0 0 0 0 0 0 0 0 0 
1 0.79991 0.512105 0.210051 0.0354303 0.00104662 1.70167e-06 0 0 0 0 0 0 0 0 0 0 0 0 0 
1 0.799983 0.51221 0.20986 0.035471 0.00104617 9.16667e-07 0 0 0 0 0 0 0 0 0 0 0 0 0 
1 0.800144 0.512166 0.20985 0.0353839 0.00101597 1.60667e-06 0 0 0 0 0 0 0 0 0 0 0 0 0 
1 0.800855 0.513822 0.211771 0.0360289 0.0010762 1.11667e-06 0 0 0 0 0 0 0 0 0 0 0 0 0 
1 0.799499 0.511121 0.209017 0.0350805 0.00099197 9.03333e-07 0 0 0 0 0 0 0 0 0 0 0 0 0 
1 0.80011 0.512221 0.210093 0.0354466 0.00101042 1.96333e-06 0 0 0 0 0 0 0 0 0 0 0 0 0 
1 0.800053 0.512071 0.209972 0.0354541 0.00104515 1.95e-07 0 0 0 0 0 0 0 0 0 0 0 0 0 
1 0.799757 0.511191 0.209 0.034941 0.000990317 1.06333e-06 0 0 0 0 0 0 0 0 0 0 0 0 0 
1 0.799913 0.511993 0.210186 0.0354904 0.00101617 9.86667e-07 0 0 0 0 0 0 0 0 0 0 0 0 0 
1 0.800157 0.512144 0.209853 0.0352722 0.00101565 8.9e-07 0 0 0 0 0 0 0 0 0 0 0 0 0 
1 0.799914 0.512002 0.20981 0.0352685 0.00100098 2.78333e-07 0 0 0 0 0 0 0 0 0 0 0 0 0 
1 0.799222 0.510556 0.208653 0.0349775 0.0010143 1.28833e-06 0 0 0 0 0 0 0 0 0 0 0 0 0 
1 0.799759 0.511634 0.209483 0.0351442 0.000991692 1.105e-06 0 0 0 0 0 0 0 0 0 0 0 0 0 
1 0.799504 0.510998 0.208949 0.0349724 0.00100409 6.51667e-07 0 0 0 0 0 0 0 0 0 0 0 0 0 
1 0.799803 0.511927 0.209722 0.0352165 0.000998477 1.00333e-06 0 0 0 0 0 0 0 0 0 0 0 0 0 
1 0.799485 0.510988 0.20891 0.0350439 0.00100954 8.73333e-07 0 0 0 0 0 0 0 0 0 0 0 0 0 
1 0.799816 0.511642 0.209395 0.0351725 0.00100147 1.42667e-06 0 0 0 0 0 0 0 0 0 0 0 0 0 
1 0.800281 0.512663 0.210367 0.0355473 0.0010258 1.44333e-06 0 0 0 0 0 0 0 0 0 0 0 0 0 
1 0.800483 0.512765 0.210544 0.0355132 0.00100521 1.43167e-06 0 0 0 0 0 0 0 0 0 0 0 0 0 
1 0.800232 0.512357 0.210492 0.0355553 0.00103881 1.66833e-06 0 0 0 0 0 0 0 0 0 0 0 0 0 
1 0.800093 0.512667 0.210496 0.0356229 0.00103939 8.68333e-07 0 0 0 0 0 0 0 0 0 0 0 0 0 
1 0.799176 0.510319 0.208262 0.0348683 0.000990217 7e-07 0 0 0 0 0 0 0 0 0 0 0 0 0 
1 0.800256 0.512297 0.210252 0.0355088 0.00102549 1.56667e-06 0 0 0 0 0 0 0 0 0 0 0 0 0 
1 0.80002 0.512201 0.210204 0.0354708 0.00100906 2.15167e-06 0 0 0 0 0 0 0 0 0 0 0 0 0 
1 0.800183 0.512438 0.210358 0.0357394 0.00106346 1.25e-06 0 0 0 0 0 0 0 0 0 0 0 0 0 
1 0.799584 0.511383 0.209443 0.0352033 0.00102403 1.53e-06 0 0 0 0 0 0 0 0 0 0 0 0 0 
1 0.799704 0.511492 0.20936 0.0352438 0.00100207 1.28e-06 0 0 0 0 0 0 0 0 0 0 0 0 0 
1 0.800217 0.512593 0.21052 0.0356416 0.00101211 8.91667e-07 0 0 0 0 0 0 0 0 0 0 0 0 0 
1 0.799664 0.511363 0.209249 0.0350665 0.00102325 1.93167e-06 0 0 0 0 0 0 0 0 0 0 0 0 0 
1 0.800203 0.512684 0.210523 0.0355375 0.00101942 1.23167e-06 0 0 0 0 0 0 0 0 0 0 0 0 0 
1 0.799983 0.512224 0.21015 0.0353548 0.00103197 1.41833e-06 0 0 0 0 0 0 0 0 0 0 0 0 0 
1 0.799633 0.511447 0.209481 0.0352803 0.00102052 1e-06 0 0 0 0 0 0 0 0 0 0 0 0 0 
1 0.799097 0.510316 0.207995 0.0347796 0.000992452 2.34167e-06 0 0 0 0 0 0 0 0 0 0 0 0 0 
1 0.800186 0.51213 0.209869 0.0352287 0.00100523 1.525e-06 0 0 0 0 0 0 0 0 0 0 0 0 0 
1 0.800357 0.51257 0.210448 0.0354448 0.00102165 9.31667e-07 0 0 0 0 0 0 0 0 0 0 0 0 0 
1 0.799918 0.511773 0.20959 0.0353195 0.00101191 8.43333e-07 0 0 0 0 0 0 0 0 0 0 0 0 0 
1 0.799856 0.511754 0.209644 0.0352901 0.0010183 1.78333e-06 0 0 0 0 0 0 0 0 0 0 0 0 0 
1 0.799481 0.511121 0.208994 0.0350664 0.000981537 7.95e-07 0 0 0 0 0 0 0 0 0 0 0 0 0 
1 0.800141 0.512224 0.210057 0.0354497 0.00103768 1.75167e-06 0 0 0 0 0 0 0 0 0 0 0 0 0 
1 0.800144 0.5124 0.210309 0.0356168 0.00103267 7.63333e-07 0 0 0 0 0 0 0 0 0 0 0 0 0 
1 0.800428 0.513177 0.211116 0.0358054 0.00104716 1.075e-06 0 0 0 0 0 0 0 0 0 0 0 0 0 
1 0.799892 0.511884 0.209921 0.0353904 0.0010205 1.06e-06 0 0 0 0 0 0 0 0 0 0 0 0 0 
1 0.800116 0.512299 0.210275 0.035426 0.00100491 1.25e-06 0 0 0 0 0 0 0 0 0 0 0 0 0 
1 0.799566 0.510901 0.208594 0.034786 0.000982762 1.45e-06 0 0 0 0 0 0 0 0 0 0 0 0 0 
1 0.799939 0.512204 0.209955 0.0354018 0.00103479 1.31333e-06 0 0 0 0 0 0 0 0 0 0 0 0 0 
1 0.799523 0.511233 0.209299 0.0353541 0.00102378 8.38333e-07 0 0 0 0 0 0 0 0 0 0 0 0 0 
1 0.799967 0.512029 0.209827 0.0353813 0.0010669 1.24667e-06 0 0 0 0 0 0 0 0 0 0 0 0 0 
1 0.799426 0.510993 0.208898 0.0350135 0.00100217 9.56667e-07 0 0 0 0 0 0 0 0 0 0 0 0 0 
1 0.800918 0.513693 0.211517 0.0360077 0.0010802 2.24833e-06 0 0 0 0 0 0 0 0 0 0 0 0 0 
1 0.799531 0.511408 0.209574 0.0351838 0.00100624 9.43333e-07 0 0 0 0 0 0 0 0 0 0 0 0 0 
1 0.80072 0.513443 0.211283 0.0357937 0.00105867 2.2e-06 0 0 0 0 0 0 0 0 0 0 0 0 0 
1 0.799728 0.511782 0.20974 0.0352877 0.00101712 1.785e-06 0 0 0 0 0 0 0 0 0 0 0 0 0 
1 0.799868 0.511706 0.209357 0.0351015 0.00101517 8.31667e-07 0 0 0 0 0 0 0 0 0 0 0 0 0 
1 0.800055 0.511976 0.209954 0.0353855 0.0010148 8.11667e-07 0 0 0 0 0 0 0 0 0 0 0 0 0 
1 0.800067 0.51246 0.210139 0.0354078 0.00101838 1.485e-06 0 0 0 0 0 0 0 0 0 0 0 0 0 
1 0.800195 0.512482 0.21016 0.0355068 0.00102603 1.46667e-06 0 0 0 0 0 0 0 0 0 0 0 0 0 
1 0.799557 0.511045 0.208755 0.0349106 0.000996825 6.95e-07 0 0 0 0 0 0 0 0 0 0 0 0 0 
1 0.800142 0.512104 0.209992 0.0355246 0.00105173 9.15e-07 0 0 0 0 0 0 0 0 0 0 0 0 0 
1 0.799526 0.511125 0.209133 0.0350588 0.000992865 7.83333e-07 0 0 0 0 0 0 0 0 0 0 0 0 0 
1 0.800253 0.51242 0.210207 0.0354706 0.00103511 1.06833e-06 0 0 0 0 0 0 0 0 0 0 0 0 0 
1 0.800801 0.513675 0.211495 0.0360217 0.00107342 7.91667e-07 0 0 0 0 0 0 0 0 0 0 0 0 0 
1 0.800381 0.51268 0.210581 0.0357477 0.00103972 1.69167e-06 0 0 0 0 0 0 0 0 0 0 0 0 0 
1 0.799537 0.511034 0.208777 0.0349928 0.000994972 1.025e-06 0 0 0 0 0 0 0 0 0 0 0 0 0 
1 0.799579 0.511387 0.20927 0.0352152 0.000979042 1.41833e-06 0 0 0 0 0 0 0 0 0 0 0 0 0 
1 0.799801 0.511639 0.209462 0.0351614 0.0010154 6.63333e-07 0 0 0 0 0 0 0 0 0 0 0 0 0 
1 0.800161 0.512343 0.210391 0.0356241 0.00103761 8.16667e-07 0 0 0 0 0 0 0 0 0 0 0 0 0 
1 0.800325 0.512769 0.210692 0.0357209 0.0010333 4.85e-07 0 0 0 0 0 0 0 0 0 0 0 0 0 
1 0.800238 0.512461 0.210065 0.0354075 0.00104405 8.53333e-07 0 0 0 0 0 0 0 0 0 0 0 0 0 
1 0.799871 0.511735 0.20956 0.0352502 0.00102439 1.13333e-06 0 0 0 0 0 0 0 0 0 0 0 0 0 
1 0.800039 0.511939 0.209822 0.0352745 0.00101638 1.765e-06 0 0 0 0 0 0 0 0 0 0 0 0 0 
1 0.799753 0.511451 0.209044 0.0350481 0.00102827 7.05e-07 0 0 0 0 0 0 0 0 0 0 0 0 0 
1 0.799998 0.512022 0.209618 0.0353231 0.00101586 7.18333e-07 0 0 0 0 0 0 0 0 0 0 0 0 0 
1 0.800088 0.511992 0.209696 0.0353921 0.00102911 1.52167e-06 0 0 0 0 0 0 0 0 0 0 0 0 0 
1 0.799225 0.510864 0.209003 0.0351185 0.00100362 4.93333e-07 0 0 0 0 0 0 0 0 0 0 0 0 0 
1 0.799678 0.51147 0.20944 0.0352457 0.00101298 8.68333e-07 0 0 0 0 0 0 0 0 0 0 0 0 0 
1 0.800234 0.512789 0.210995 0.0358301 0.00103284 2.37333e-06 0 0 0 0 0 0 0 0 0 0 0 0 0 
1 0.800037 0.511834 0.209607 0.0352236 0.00102585 1.37667e-06 0 0 0 0 0 0 0 0 0 0 0 0 0 
1 0.799809 0.511843 0.209409 0.0351942 0.000996935 3.43333e-07 0 0 0 0 0 0 0 0 0 0 0 0 0 
1 0.800244 0.512511 0.210239 0.0354885 0.00104061 2.00333e-06 0 0 0 0 0 0 0 0 0 0 0 0 0 
1 0.799561 0.510948 0.208725 0.0350584 0.00103197 9.18333e-07 0 0 0 0 0 0 0 0 0 0 0 0 0 
1 0.799724 0.511693 0.209587 0.0352873 0.00100309 5.43333e-07 0 0 0 0 0 0 0 0 0 0 0 0 0 
1 0.8 0.511749 0.209519 0.0352117 0.00101621 1.495e-06 0 0 0 0 0 0 0 0 0 0 0 0 0 
1 0.799838 0.511868 0.209683 0.0352281 0.00102673 1.33333e-06 0 0 0 0 0 0 0 0 0 0 0 0 0 
1 0.799736 0.511666 0.209515 0.0352317 0.00101999 6.48333e-07 0 0 0 0 0 0 0 0 0 0 0 0 0 
1 0.800141 0.512514 0.210618 0.0357606 0.00103186 1.67333e-06 0 0 0 0 0 0 0 0 0 0 0 0 0 
1 0.800579 0.513514 0.211521 0.0360593 0.00106475 1.77833e-06 0 0 0 0 0 0 0 0 0 0 0 0 0 
1 0.800771 0.513702 0.211331 0.0358438 0.00105582 9.05e-07 0 0 0 0 0 0 0 0 0 0 0 0 0 
1 0.800029 0.512046 0.210049 0.0355489 0.00103756 1.56167e-06 0 0 0 0 0 0 0 0 0 0 0 0 0 
1 0.800481 0.51311 0.2109 0.0357541 0.00104516 8.88333e-07 0 0 0 0 0 0 0 0 0 0 0 0 0 
1 0.800807 0.513772 0.211581 0.0360943 0.00106649 9.73333e-07 0 0 0 0 0 0 0 0 0 0 0 0 0 
1 0.800197 0.512211 0.209979 0.0354404 0.00103033 7.9e-07 0 0 0 0 0 0 0 0 0 0 0 0 0 
1 0.800963 0.514049 0.211682 0.0359994 0.00108568 7.26667e-07 0 0 0 0 0 0 0 0 0 0 0 0 0 
1 0.800206 0.512635 0.210691 0.0356602 0.00104004 1.45333e-06 0 0 0 0 0 0 0 0 0 0 0 0 0 
1 0.799992 0.511852 0.2095 0.0354076 0.00102474 1.695e-06 0 0 0 0 0 0 0 0 0 0 0 0 0 
1 0.799076 0.510359 0.208258 0.0348767 0.00101042 1.01667e-06 0 0 0 0 0 0 0 0 0 0 0 0 0 
1 0.800195 0.512618 0.210373 0.0356101 0.00101423 1.02e-06 0 0 0 0 0 0 0 0 0 0 0 0 0 
1 0.799658 0.511328 0.209379 0.0353118 0.00102223 1.55833e-06 0 0 0 0 0 0 0 0 0 0 0 0 0 
1 0.800377 0.512782 0.210692 0.0356601 0.00105258 5.35e-07 0 0 0 0 0 0 0 0 0 0 0 0 0 
1 0.799915 0.512454 0.210287 0.0355163 0.000994288 1.765e-06 0 0 0 0 0 0 0 0 0 0 0 0 0 
1 0.799356 0.510729 0.209001 0.0351365 0.00100581 1.37333e-06 0 0 0 0 0 0 0 0 0 0 0 0 0 
1 0.80011 0.512509 0.210427 0.0355729 0.00105524 1.325e-06 0 0 0 0 0 0 0 0 0 0 0 0 0 
1 0.79966 0.511394 0.209662 0.0354929 0.00104121 1.75e-06 0 0 0 0 0 0 0 0 0 0 0 0 0 
1 0.799629 0.51145 0.209245 0.0350483 0.0010076 1.16e-06 0 0 0 0 0 0 0 0 0 0 0 0 0 
1 0.79989 0.511946 0.209667 0.0353902 0.00102554 1.23e-06 0 0 0 0 0 0 0 0 0 0 0 0 0 
1 0.80065 0.513099 0.210987 0.0357791 0.00105037 2.80167e-06 0 0 0 0 0 0 0 0 0 0 0 0 0 
1 0.800151 0.512352 0.210185 0.0354425 0.00102355 1.515e-06 0 0 0 0 0 0 0 0 0 0 0 0 0 
1 0.799257 0.51069 0.208652 0.0348414 0.00098423 1.51333e-06 0 0 0 0 0 0 0 0 0 0 0 0 0 
1 0.800068 0.512283 0.210157 0.0355374 0.00102989 8.45e-07 0 0 0 0 0 0 0 0 0 0 0 0 0 
1 0.800306 0.512587 0.210405 0.0356093 0.00103676 9.26667e-07 0 0 0 0 0 0 0 0 0 0 0 0 0 
1 0.800232 0.512566 0.210458 0.0355775 0.00104208 1.315e-06 0 0 0 0 0 0 0 0 0 0 0 0 0 
1 0.800029 0.511947 0.209757 0.0353951 0.00100703 6.98333e-07 0 0 0 0 0 0 0 0 0 0 0 0 0 
1 0.80009 0.51249 0.210332 0.0355488 0.00101781 1.365e-06 0 0 0 0 0 0 0 0 0 0 0 0 0 
1 0.799982 0.511844 0.209647 0.0352346 0.00100715 1.08333e-06 0 0 0 0 0 0 0 0 0 0 0 0 0 
1 0.79997 0.511986 0.20987 0.0353899 0.00100996 2.23167e-06 0 0 0 0 0 0 0 0 0 0 0 0 0 
1 0.800288 0.512462 0.21035 0.0357049 0.00104846 2.12833e-06 0 0 0 0 0 0 0 0 0 0 0 0 0 
1 0.799379 0.510761 0.208501 0.0349257 0.000986153 1.095e-06 0 0 0 0 0 0 0 0 0 0 0 0 0 
1 0.799658 0.511152 0.209087 0.0350258 0.00101649 1.33e-06 0 0 0 0 0 0 0 0 0 0 0 0 0 
1 0.799745 0.511362 0.20929 0.035129 0.00100814 1.24333e-06 0 0 0 0 0 0 0 0 0 0 0 0 0 
1 0.800269 0.5126 0.210408 0.0355743 0.00105406 6.36667e-07 0 0 0 0 0 0 0 0 0 0 0 0 0 
1 0.79993 0.511797 0.209608 0.0353315 0.00103687 8.31667e-07 0 0 0 0 0 0 0 0 0 0 0 0 0 
1 0.800155 0.512604 0.21035 0.0354696 0.00103297 1.06833e-06 0 0 0 0 0 0 0 0 0 0 0 0 0 
1 0.800241 0.512615 0.210479 0.0355648 0.00103536 3.48333e-07 0 0 0 0 0 0 0 0 0 0 0 0 0 
1 0.800313 0.512649 0.210704 0.0355625 0.00102704 1.09833e-06 0 0 0 0 0 0 0 0 0 0 0 0 0 
1 0.800266 0.512224 0.210067 0.0354113 0.00103235 1.20333e-06 0 0 0 0 0 0 0 0 0 0 0 0 0 
1 0.800367 0.51282 0.210603 0.0357468 0.00105195 1.46333e-06 0 0 0 0 0 0 0 0 0 0 0 0 0 
1 0.799519 0.511376 0.209388 0.0351221 0.0010103 1.095e-06 0 0 0 0 0 0 0 0 0 0 0 0 0 
1 0.800069 0.512053 0.209739 0.0352902 0.00104081 1.30333e-06 0 0 0 0 0 0 0 0 0 0 0 0 0 
1 0.8003 0.512638 0.210477 0.0355779 0.00102265 1.94333e-06 0 0 0 0 0 0 0 0 0 0 0 0 0 
1 0.799928 0.512014 0.21014 0.0355754 0.00104374 1.36667e-06 0 0 0 0 0 0 0 0 0 0 0 0 0 
1 0.799584 0.511187 0.208978 0.0351104 0.00100956 1.03333e-06 0 0 0 0 0 0 0 0 0 0 0 0 0 
1 0.800332 0.512692 0.210467 0.0355739 0.00104215 8.05e-07 0 0 0 0 0 0 0 0 0 0 0 0 0 
1 0.799814 0.511728 0.2095 0.0351868 0.000998265 5.68333e-07 0 0 0 0 0 0 0 0 0 0 0 0 0 
1 0.799778 0.511595 0.209324 0.0351115 0.00101551 5.25e-07 0 0 0 0 0 0 0 0 0 0 0 0 0 
1 0.800095 0.512361 0.210456 0.0356721 0.00105789 1.005e-06 0 0 0 0 0 0 0 0 0 0 0 0 0 
1 0.800023 0.512053 0.210132 0.0356002 0.00103706 1.145e-06 0 0 0 0 0 0 0 0 0 0 0 0 0 
1 0.800373 0.512904 0.210833 0.0356976 0.00105205 2.43333e-06 0 0 0 0 0 0 0 0 0 0 0 0 0 
1 0.800564 0.513009 0.210856 0.0356318 0.00102395 1.28e-06 0 0 0 0 0 0 0 0 0 0 0 0 0 
1 0.799197 0.51062 0.208644 0.034939 0.00100007 1.36333e-06 0 0 0 0 0 0 0 0 0 0 0 0 0 
1 0.800028 0.512049 0.209807 0.0352944 0.00102759 1.05167e-06 0 0 0 0 0 0 0 0 0 0 0 0 0 
1 0.799959 0.512066 0.209785 0.0352105 0.00100443 1.48667e-06 0 0 0 0 0 0 0 0 0 0 0 0 0 
1 0.800143 0.512504 0.210257 0.0355441 0.00102165 1.16e-06 0 0 0 0 0 0 0 0 0 0 0 0 0 
1 0.800539 0.513419 0.211296 0.0357881 0.00104784 9.43333e-07 0 0 0 0 0 0 0 0 0 0 0 0 0 
1 0.800237 0.512097 0.210036 0.0354721 0.00100477 2.33333e-06 0 0 0 0 0 0 0 0 0 0 0 0 0 
1 0.800279 0.512729 0.210919 0.0357631 0.00104475 1.06833e-06 0 0 0 0 0 0 0 0 0 0 0 0 0 
1 0.800588 0.513275 0.211009 0.0358502 0.00108434 2.45667e-06 0 0 0 0 0 0 0 0 0 0 0 0 0 
1 0.800237 0.512548 0.210166 0.0354075 0.00103694 1.70667e-06 0 0 0 0 0 0 0 0 0 0 0 0 0 
1 0.800165 0.512191 0.209957 0.0353667 0.00100428 1.355e-06 0 0 0 0 0 0 0 0 0 0 0 0 0 
1 0.799835 0.511692 0.209628 0.0352792 0.000993785 7.18333e-07 0 0 0 0 0 0 0 0 0 0 0 0 0 
1 0.800435 0.512618 0.210453 0.0355993 0.00105931 9.76667e-07 0 0 0 0 0 0 0 0 0 0 0 0 0 
1 0.800504 0.512713 0.210516 0.035534 0.00102439 7.3e-07 0 0 0 0 0 0 0 0 0 0 0 0 0 
1 0.800055 0.512451 0.210231 0.0354277 0.00101762 1.02667e-06 0 0 0 0 0 0 0 0 0 0 0 0 0 
1 0.800635 0.513366 0.211228 0.0357528 0.00103273 7.05e-07 0 0 0 0 0 0 0 0 0 0 0 0 0 
1 0.799809 0.51175 0.209643 0.0351965 0.00103028 1.055e-06 0 0 0 0 0 0 0 0 0 0 0 0 0 
1 0.800305 0.51258 0.21032 0.035598 0.00106902 1.20333e-06 0 0 0 0 0 0 0 0 0 0 0 0 0 
1 0.800605 0.513125 0.21109 0.0357781 0.00104635 1.115e-06 0 0 0 0 0 0 0 0 0 0 0 0 0 
1 0.799273 0.510934 0.208847 0.0350153 0.000972207 1.17833e-06 0 0 0 0 0 0 0 0 0 0 0 0 0 
1 0.800048 0.512469 0.210839 0.0358009 0.00105496 2.46667e-07 0 0 0 0 0 0 0 0 0 0 0 0 0 
1 0.799678 0.511252 0.208947 0.0349974 0.00101513 1.58167e-06 0 0 0 0 0 0 0 0 0 0 0 0 0 
1 0.800074 0.51224 0.21018 0.0355724 0.00106897 7.41667e-07 0 0 0 0 0 0 0 0 0 0 0 0 0 
1 0.799485 0.510642 0.208412 0.0348726 0.00100998 1.64333e-06 0 0 0 0 0 0 0 0 0 0 0 0 0 
1 0.800003 0.512186 0.209749 0.0352339 0.00103026 1.05833e-06 0 0 0 0 0 0 0 0 0 0 0 0 0 
1 0.799925 0.511828 0.209537 0.0352032 0.00100031 6.2e-07 0 0 0 0 0 0 0 0 0 0 0 0 0 
1 0.799983 0.512004 0.209775 0.0354242 0.00101251 7.8e-07 0 0 0 0 0 0 0 0 0 0 0 0 0 
1 0.799619 0.511146 0.20911 0.0351605 0.00102219 7.4e-07 0 0 0 0 0 0 0 0 0 0 0 0 0 
1 0.800052 0.512286 0.209837 0.0352348 0.0010194 7.13333e-07 0 0 0 0 0 0 0 0 0 0 0 0 0 
1 0.800092 0.512178 0.2099 0.0352874 0.000997965 2.50667e-06 0 0 0 0 0 0 0 0 0 0 0 0 0 
1 0.800745 0.513362 0.211135 0.0357887 0.00104696 5.23333e-07 0 0 0 0 0 0 0 0 0 0 0 0 0 
1 0.799494 0.510878 0.208836 0.0350287 0.000997247 8.23333e-07 0 0 0 0 0 0 0 0 0 0 0 0 0 
1 0.800439 0.512897 0.210621 0.0356673 0.00103565 1.00833e-06 0 0 0 0 0 0 0 0 0 0 0 0 0 
1 0.800595 0.513565 0.211107 0.0359021 0.0010509 1.42667e-06 0 0 0 0 0 0 0 0 0 0 0 0 0 
1 0.799996 0.511799 0.209472 0.0351673 0.00101215 9.41667e-07 0 0 0 0 0 0 0 0 0 0 0 0 0 
1 0.800187 0.512579 0.2106 0.0356409 0.00103104 8.23333e-07 0 0 0 0 0 0 0 0 0 0 0 0 0 
1 0.799601 0.511175 0.208931 0.0349265 0.000980325 9.85e-07 0 0 0 0 0 0 0 0 0 0 0 0 0 
1 0.800136 0.512409 0.210504 0.0356796 0.00103688 1.065e-06 0 0 0 0 0 0 0 0 0 0 0 0 0 
1 0.800355 0.513145 0.210749 0.0356383 0.00106285 1.40667e-06 0 0 0 0 0 0 0 0 0 0 0 0 0 
1 0.799867 0.511802 0.209853 0.0354562 0.00102155 9.71667e-07 0 0 0 0 0 0 0 0 0 0 0 0 0 
1 0.799825 0.511904 0.209858 0.0352698 0.00100538 5.35e-07 0 0 0 0 0 0 0 0 0 0 0 0 0 
1 0.80035 0.513163 0.211298 0.0357689 0.00105336 1.47667e-06 0 0 0 0 0 0 0 0 0 0 0 0 0 
1 0.799535 0.511069 0.209045 0.0349616 0.000970688 1.255e-06 0 0 0 0 0 0 0 0 0 0 0 0 0 
1 0.800122 0.512173 0.209802 0.0352826 0.00103823 8.06667e-07 0 0 0 0 0 0 0 0 0 0 0 0 0 
1 0.800156 0.512049 0.209969 0.0354692 0.00103274 1.81667e-06 0 0 0 0 0 0 0 0 0 0 0 0 0 
1 0.799677 0.51116 0.208777 0.035051 0.00100733 1.41167e-06 0 0 0 0 0 0 0 0 0 0 0 0 0 
1 0.799352 0.510503 0.208534 0.0348257 0.00099123 1.77e-06 0 0 0 0 0 0 0 0 0 0 0 0 0 
1 0.799342 0.510671 0.208792 0.0351289 0.00100142 1.295e-06 0 0 0 0 0 0 0 0 0 0 0 0 0 
1 0.800522 0.512857 0.210633 0.0356357 0.00104347 1.58e-06 0 0 0 0 0 0 0 0 0 0 0 0 0 
1 0.800238 0.512465 0.210315 0.0353943 0.00100437 1.80167e-06 0 0 0 0 0 0 0 0 0 0 0 0 0 
1 0.800117 0.511975 0.209641 0.0352862 0.00101642 8.58333e-07 0 0 0 0 0 0 0 0 0 0 0 0 0 
1 0.8 0.512165 0.210069 0.0355142 0.00103773 9.65e-07 0 0 0 0 0 0 0 0 0 0 0 0 0 
1 0.800338 0.512825 0.210683 0.035622 0.00103081 5.36667e-07 0 0 0 0 0 0 0 0 0 0 0 0 0 
1 0.799574 0.511121 0.209028 0.0350665 0.000992733 6.65e-07 0 0 0 0 0 0 0 0 0 0 0 0 0 
1 0.799583 0.511122 0.209071 0.0350872 0.00101174 1.47e-06 0 0 0 0 0 0 0 0 0 0 0 0 0 
1 0.800235 0.512258 0.210071 0.035398 0.00102694 1.08e-06 0 0 0 0 0 0 0 0 0 0 0 0 0 
1 0.800271 0.512474 0.210336 0.035461 0.00102628 4.71667e-07 0 0 0 0 0 0 0 0 0 0 0 0 0 
1 0.800014 0.511938 0.209731 0.0353024 0.00102625 8.51667e-07 0 0 0 0 0 0 0 0 0 0 0 0 0 
1 0.800827 0.513328 0.211102 0.0358433 0.00105508 1.38333e-06 0 0 0 0 0 0 0 0 0 0 0 0 0 
1 0.799814 0.511652 0.209407 0.0351071 0.00102494 8.91667e-07 0 0 0 0 0 0 0 0 0 0 0 0 0 
1 0.799139 0.510394 0.208178 0.0346712 0.000987098 5.85e-07 0 0 0 0 0 0 0 0 0 0 0 0 0 
1 0.800671 0.513395 0.211217 0.036043 0.00106958 8.6e-07 0 0 0 0 0 0 0 0 0 0 0 0 0 
1 0.799454 0.511017 0.209033 0.0351102 0.00103344 4.61667e-07 0 0 0 0 0 0 0 0 0 0 0 0 0 
1 0.799907 0.51189 0.210009 0.0355174 0.0010214 8.81667e-07 0 0 0 0 0 0 0 0 0 0 0 0 0 
1 0.800047 0.511908 0.20975 0.0352274 0.0010136 5.48333e-07 0 0 0 0 0 0 0 0 0 0 0 0 0 
1 0.799937 0.512132 0.209859 0.0353625 0.00100987 6.45e-07 0 0 0 0 0 0 0 0 0 0 0 0 0 
1 0.799471 0.511084 0.208988 0.0350263 0.000984185 1.41667e-06 0 0 0 0 0 0 0 0 0 0 0 0 0 
1 0.799768 0.511095 0.208849 0.0349493 0.00100822 8.23333e-07 0 0 0 0 0 0 0 0 0 0 0 0 0 
1 0.800032 0.512355 0.210132 0.0354737 0.00101292 1.45333e-06 0 0 0 0 0 0 0 0 0 0 0 0 0 
1 0.799832 0.511817 0.209681 0.0353149 0.00102268 8.51667e-07 0 0 0 0 0 0 0 0 0 0 0 0 0 
1 0.799867 0.511826 0.209967 0.035522 0.00106629 1.53667e-06 0 0 0 0 0 0 0 0 0 0 0 0 0 
1 0.799883 0.512087 0.209955 0.0353879 0.00102439 1.79667e-06 0 0 0 0 0 0 0 0 0 0 0 0 0 
1 0.799943 0.511952 0.209904 0.035461 0.00105177 2.15833e-06 0 0 0 0 0 0 0 0 0 0 0 0 0 
1 0.800687 0.513297 0.21126 0.0359114 0.00105436 1.87833e-06 0 0 0 0 0 0 0 0 0 0 0 0 0 
1 0.799889 0.511951 0.209969 0.0353285 0.00102982 1.715e-06 0 0 0 0 0 0 0 0 0 0 0 0 0 
1 0.799512 0.510986 0.208673 0.034994 0.00101111 1.21833e-06 0 0 0 0 0 0 0 0 0 0 0 0 0 
1 0.800158 0.512176 0.210178 0.035572 0.0010343 1.39e-06 0 0 0 0 0 0 0 0 0 0 0 0 0 
1 0.80024 0.512444 0.209999 0.0353464 0.00101902 9.05e-07 0 0 0 0 0 0 0 0 0 0 0 0 0 
1 0.800297 0.512385 0.209964 0.0354705 0.00102971 1.73333e-06 0 0 0 0 0 0 0 0 0 0 0 0 0 
1 0.800261 0.512761 0.210551 0.0355319 0.00106291 1.27333e-06 0 0 0 0 0 0 0 0 0 0 0 0 0 
1 0.800991 0.514136 0.212064 0.0361281 0.00106427 1.73167e-06 0 0 0 0 0 0 0 0 0 0 0 0 0 
1 0.799734 0.511587 0.20943 0.0351881 0.000996628 1.01833e-06 0 0 0 0 0 0 0 0 0 0 0 0 0 
1 0.799717 0.51141 0.209015 0.0351295 0.0010304 1.97e-06 0 0 0 0 0 0 0 0 0 0 0 0 0 
1 0.799833 0.511985 0.209732 0.0353393 0.00103404 1.09667e-06 0 0 0 0 0 0 0 0 0 0 0 0 0 
1 0.800443 0.512831 0.21079 0.0357573 0.00106207 1.39167e-06 0 0 0 0 0 0 0 0 0 0 0 0 0 
1 0.800308 0.512661 0.210654 0.0356284 0.00102474 1.20667e-06 0 0 0 0 0 0 0 0 0 0 0 0 0 
1 0.799664 0.511124 0.209005 0.0350065 0.00101572 1.68833e-06 0 0 0 0 0 0 0 0 0 0 0 0 0 
1 0.799763 0.511579 0.209717 0.0352576 0.00101361 1.18333e-06 0 0 0 0 0 0 0 0 0 0 0 0 0 
1 0.800149 0.512592 0.210387 0.0355398 0.00102828 1.31667e-06 0 0 0 0 0 0 0 0 0 0 0 0 0 
1 0.80033 0.512824 0.210481 0.0356463 0.00102841 1.23833e-06 0 0 0 0 0 0 0 0 0 0 0 0 0 
1 0.800048 0.512069 0.209801 0.0353611 0.00104351 9.45e-07 0 0 0 0 0 0 0 0 0 0 0 0 0 
1 0.800053 0.511813 0.209694 0.0353195 0.00100501 8.8e-07 0 0 0 0 0 0 0 0 0 0 0 0 0 
1 0.799526 0.511162 0.208863 0.0349952 0.00100266 8.51667e-07 0 0 0 0 0 0 0 0 0 0 0 0 0 
1 0.799683 0.511147 0.208923 0.0350473 0.00100305 1.21667e-06 0 0 0 0 0 0 0 0 0 0 0 0 0 
1 0.800465 0.51311 0.210834 0.0358032 0.00104984 8.43333e-07 0 0 0 0 0 0 0 0 0 0 0 0 0 
1 0.800367 0.512733 0.210154 0.0355524 0.00101927 1.32667e-06 0 0 0 0 0 0 0 0 0 0 0 0 0 
1 0.799885 0.511992 0.210056 0.0353574 0.00103502 9.41667e-07 0 0 0 0 0 0 0 0 0 0 0 0 0 
1 0.799687 0.511519 0.209231 0.0351706 0.0010294 1.81333e-06 0 0 0 0 0 0 0 0 0 0 0 0 0 
1 0.800394 0.512581 0.209976 0.0353035 0.00101382 1.41167e-06 0 0 0 0 0 0 0 0 0 0 0 0 0 
1 0.799618 0.511336 0.209509 0.0352881 0.00101503 7.66667e-07 0 0 0 0 0 0 0 0 0 0 0 0 0 
1 0.799624 0.511081 0.20903 0.0350069 0.00100766 1.85e-06 0 0 0 0 0 0 0 0 0 0 0 0 0 
1 0.799798 0.511753 0.209676 0.0354105 0.00103558 1.59333e-06 0 0 0 0 0 0 0 0 0 0 0 0 0 
1 0.8002 0.512294 0.210405 0.0355672 0.00104493 1.085e-06 0 0 0 0 0 0 0 0 0 0 0 0 0 
1 0.80041 0.513131 0.211132 0.0358599 0.00105112 7.18333e-07 0 0 0 0 0 0 0 0 0 0 0 0 0 
1 0.800164 0.512498 0.210485 0.0355588 0.00104252 1.27333e-06 0 0 0 0 0 0 0 0 0 0 0 0 0 
1 0.799518 0.511117 0.20915 0.0350702 0.00101839 7.9e-07 0 0 0 0 0 0 0 0 0 0 0 0 0 
1 0.799942 0.511815 0.209848 0.0354935 0.00103404 1.41833e-06 0 0 0 0 0 0 0 0 0 0 0 0 0 
1 0.79964 0.511097 0.208723 0.0349938 0.00100595 1.06667e-06 0 0 0 0 0 0 0 0 0 0 0 0 0 
1 0.800491 0.513472 0.211428 0.0359432 0.00105278 1.38e-06 0 0 0 0 0 0 0 0 0 0 0 0 0 
1 0.799938 0.512216 0.210263 0.0355761 0.00104774 5.43333e-07 0 0 0 0 0 0 0 0 0 0 0 0 0 
1 0.799522 0.510768 0.208391 0.0348242 0.000990497 4.53333e-07 0 0 0 0 0 0 0 0 0 0 0 0 0 
1 0.800344 0.512517 0.210243 0.0355061 0.00103179 1.81667e-06 0 0 0 0 0 0 0 0 0 0 0 0 0 
1 0.800114 0.512444 0.210641 0.0357055 0.00104041 1.51667e-06 0 0 0 0 0 0 0 0 0 0 0 0 0 
1 0.79974 0.511875 0.210045 0.0354544 0.00104802 1.94333e-06 0 0 0 0 0 0 0 0 0 0 0 0 0 
1 0.799903 0.511684 0.209598 0.0352198 0.00102032 7.55e-07 0 0 0 0 0 0 0 0 0 0 0 0 0 
1 0.799628 0.511653 0.209843 0.0354339 0.0010436 7.21667e-07 0 0 0 0 0 0 0 0 0 0 0 0 0 
1 0.799659 0.511079 0.208883 0.0351495 0.00103747 1.06e-06 0 0 0 0 0 0 0 0 0 0 0 0 0 
1 0.799972 0.512065 0.209931 0.0354904 0.00103598 1.91333e-06 0 0 0 0 0 0 0 0 0 0 0 0 0 
1 0.800264 0.512555 0.210686 0.035693 0.00104535 6.48333e-07 0 0 0 0 0 0 0 0 0 0 0 0 0 
1 0.800012 0.511836 0.209404 0.0351758 0.00100525 2.045e-06 0 0 0 0 0 0 0 0 0 0 0 0 0 
1 0.799589 0.511348 0.209199 0.0351037 0.000998683 9.01667e-07 0 0 0 0 0 0 0 0 0 0 0 0 0 
1 0.799696 0.511179 0.209103 0.0350535 0.0010126 4.81667e-07 0 0 0 0 0 0 0 0 0 0 0 0 0 
1 0.800431 0.512985 0.21085 0.0357562 0.00104889 1.46167e-06 0 0 0 0 0 0 0 0 0 0 0 0 0 
1 0.799738 0.511484 0.209337 0.0351005 0.000976047 8.18333e-07 0 0 0 0 0 0 0 0 0 0 0 0 0 
1 0.799432 0.511064 0.209098 0.0351304 0.00100881 1.14167e-06 0 0 0 0 0 0 0 0 0 0 0 0 0 
1 0.800488 0.512964 0.210673 0.0356658 0.00106144 7.83333e-07 0 0 0 0 0 0 0 0 0 0 0 0 0 
1 0.800113 0.512172 0.209924 0.0353155 0.00102148 1.58333e-06 0 0 0 0 0 0 0 0 0 0 0 0 0 
1 0.799936 0.512112 0.209955 0.0353575 0.00103685 1.80333e-06 0 0 0 0 0 0 0 0 0 0 0 0 0 
1 0.800417 0.512799 0.210834 0.0357669 0.00106616 1.93667e-06 0 0 0 0 0 0 0 0 0 0 0 0 0 
1 0.800414 0.512888 0.21062 0.0356299 0.00101799 9.35e-07 0 0 0 0 0 0 0 0 0 0 0 0 0 
1 0.799888 0.511678 0.209211 0.035147 0.0010285 1.59333e-06 0 0 0 0 0 0 0 0 0 0 0 0 0 
1 0.800312 0.512819 0.210523 0.0355334 0.00100828 1.015e-06 0 0 0 0 0 0 0 0 0 0 0 0 0 
1 0.800134 0.512409 0.210087 0.0354194 0.000999178 4.3e-07 0 0 0 0 0 0 0 0 0 0 0 0 0 
1 0.80037 0.51247 0.210165 0.0353927 0.00101271 7.9e-07 0 0 0 0 0 0 0 0 0 0 0 0 0 
1 0.799822 0.511519 0.209124 0.0351125 0.00101605 8.4e-07 0 0 0 0 0 0 0 0 0 0 0 0 0 
1 0.800082 0.512184 0.210045 0.0354496 0.00101234 8.28333e-07 0 0 0 0 0 0 0 0 0 0 0 0 0 
1 0.799919 0.511952 0.210045 0.0355191 0.00100337 1.13833e-06 0 0 0 0 0 0 0 0 0 0 0 0 0 
1 0.799738 0.511411 0.209269 0.0351797 0.00100905 8.7e-07 0 0 0 0 0 0 0 0 0 0 0 0 0 
1 0.7991 0.510173 0.208347 0.0347712 0.00101412 5.63333e-07 0 0 0 0 0 0 0 0 0 0 0 0 0 
1 0.799977 0.511677 0.209679 0.0352789 0.00100107 8.01667e-07 0 0 0 0 0 0 0 0 0 0 0 0 0 
1 0.799663 0.511686 0.209587 0.0354216 0.00102748 1.58833e-06 0 0 0 0 0 0 0 0 0 0 0 0 0 
1 0.800125 0.512076 0.209601 0.0353258 0.00103664 1.44333e-06 0 0 0 0 0 0 0 0 0 0 0 0 0 
1 0.800398 0.512867 0.210841 0.0357498 0.00103867 2.375e-06 0 0 0 0 0 0 0 0 0 0 0 0 0 
1 0.800307 0.512904 0.210833 0.0357467 0.00104476 1.675e-06 0 0 0 0 0 0 0 0 0 0 0 0 0 
1 0.799538 0.511242 0.209297 0.0351815 0.00101974 1.60833e-06 0 0 0 0 0 0 0 0 0 0 0 0 0 
1 0.799687 0.511136 0.208772 0.0349821 0.000971053 8e-07 0 0 0 0 0 0 0 0 0 0 0 0 0 
1 0.799952 0.51176 0.209508 0.035181 0.00102978 1.02e-06 0 0 0 0 0 0 0 0 0 0 0 0 0 
1 0.800129 0.512421 0.210223 0.0354868 0.00103309 9.8e-07 0 0 0 0 0 0 0 0 0 0 0 0 0 
1 0.800062 0.512139 0.210035 0.0354578 0.00102942 7.18333e-07 0 0 0 0 0 0 0 0 0 0 0 0 0 
1 0.800447 0.512783 0.210475 0.0356191 0.00104512 4.73333e-07 0 0 0 0 0 0 0 0 0 0 0 0 0 
1 0.801027 0.514188 0.21205 0.0362603 0.00110287 4.88333e-07 0 0 0 0 0 0 0 0 0 0 0 0 0 
1 0.800003 0.512021 0.209611 0.0352037 0.00103042 7.51667e-07 0 0 0 0 0 0 0 0 0 0 0 0 0 
1 0.800542 0.512978 0.210363 0.0355257 0.00101614 1.84e-06 0 0 0 0 0 0 0 0 0 0 0 0 0 
1 0.800099 0.512157 0.209882 0.0354545 0.00099415 4.95e-07 0 0 0 0 0 0 0 0 0 0 0 0 0 
1 0.799889 0.512214 0.210321 0.0356404 0.00104465 1.57667e-06 0 0 0 0 0 0 0 0 0 0 0 0 0 
1 0.800088 0.512056 0.209362 0.0350417 0.00101357 1.34667e-06 0 0 0 0 0 0 0 0 0 0 0 0 0 
1 0.800757 0.513555 0.211206 0.0357998 0.00105255 2.195e-06 0 0 0 0 0 0 0 0 0 0 0 0 0 
1 0.799599 0.511458 0.209805 0.0353894 0.00102747 1.15333e-06 0 0 0 0 0 0 0 0 0 0 0 0 0 
1 0.800647 0.513178 0.210959 0.0358191 0.00103832 5.61667e-07 0 0 0 0 0 0 0 0 0 0 0 0 0 
1 0.799696 0.511396 0.209265 0.0350589 0.00102223 1.01833e-06 0 0 0 0 0 0 0 0 0 0 0 0 0 
1 0.799753 0.511497 0.209472 0.0352928 0.00101175 8.88333e-07 0 0 0 0 0 0 0 0 0 0 0 0 0 
1 0.799796 0.511472 0.209082 0.0351322 0.00100301 5.06667e-07 0 0 0 0 0 0 0 0 0 0 0 0 0 
1 0.800037 0.511978 0.209718 0.0352784 0.00100545 8.88333e-07 0 0 0 0 0 0 0 0 0 0 0 0 0 
1 0.799228 0.510437 0.208418 0.0349279 0.000987942 1.45e-06 0 0 0 0 0 0 0 0 0 0 0 0 0 
1 0.800248 0.512421 0.210238 0.035609 0.00104157 9.38333e-07 0 0 0 0 0 0 0 0 0 0 0 0 0 
1 0.80019 0.512446 0.210209 0.0354578 0.00104372 1.64e-06 0 0 0 0 0 0 0 0 0 0 0 0 0 
1 0.800023 0.512163 0.209878 0.0353911 0.00101058 7.93333e-07 0 0 0 0 0 0 0 0 0 0 0 0 0 
1 0.79993 0.511835 0.209541 0.0350733 0.00102538 7.11667e-07 0 0 0 0 0 0 0 0 0 0 0 0 0 
1 0.79988 0.511776 0.209452 0.0352822 0.00101569 1.86667e-06 0 0 0 0 0 0 0 0 0 0 0 0 0 
1 0.800329 0.512664 0.210271 0.0354489 0.00102386 1.06333e-06 0 0 0 0 0 0 0 0 0 0 0 0 0 
1 0.800533 0.512845 0.21042 0.0355157 0.00100944 9.75e-07 0 0 0 0 0 0 0 0 0 0 0 0 0 
1 0.799817 0.511691 0.20955 0.0351986 0.0010484 5.93333e-07 0 0 0 0 0 0 0 0 0 0 0 0 0 
1 0.800036 0.511909 0.209764 0.0353631 0.00100809 3.2e-07 0 0 0 0 0 0 0 0 0 0 0 0 0 
1 0.799824 0.511673 0.209544 0.035211 0.00101471 1.67667e-06 0 0 0 0 0 0 0 0 0 0 0 0 0 
1 0.800635 0.513133 0.210805 0.0356729 0.00106886 1.79333e-06 0 0 0 0 0 0 0 0 0 0 0 0 0 
1 0.799485 0.511152 0.208966 0.0349652 0.00100348 9.88333e-07 0 0 0 0 0 0 0 0 0 0 0 0 0 
1 0.800453 0.513096 0.210884 0.0358395 0.00105002 1.53333e-06 0 0 0 0 0 0 0 0 0 0 0 0 0 
1 0.800415 0.512763 0.210626 0.0356916 0.00106273 1.01333e-06 0 0 0 0 0 0 0 0 0 0 0 0 0 
1 0.80009 0.512477 0.210217 0.0354816 0.00104563 8.03333e-07 0 0 0 0 0 0 0 0 0 0 0 0 0 
1 0.799844 0.511778 0.209625 0.0351583 0.00101159 1.245e-06 0 0 0 0 0 0 0 0 0 0 0 0 0 
1 0.800045 0.511976 0.20982 0.035278 0.00102131 4.46667e-07 0 0 0 0 0 0 0 0 0 0 0 0 0 
1 0.799649 0.51134 0.20927 0.0351544 0.00103657 9.08333e-07 0 0 0 0 0 0 0 0 0 0 0 0 0 
1 0.800375 0.513005 0.210761 0.0355885 0.00105168 1.195e-06 0 0 0 0 0 0 0 0 0 0 0 0 0 
1 0.8005 0.51285 0.210556 0.0355847 0.00103209 6.51667e-07 0 0 0 0 0 0 0 0 0 0 0 0 0 
1 0.800212 0.51267 0.210355 0.0356327 0.00105589 1.85e-07 0 0 0 0 0 0 0 0 0 0 0 0 0 
1 0.800819 0.513514 0.211224 0.035799 0.00103904 1.355e-06 0 0 0 0 0 0 0 0 0 0 0 0 0 
1 0.799586 0.510794 0.208391 0.0348647 0.00101233 6.05e-07 0 0 0 0 0 0 0 0 0 0 0 0 0 
1 0.800063 0.512232 0.210246 0.0355536 0.001016 1.59e-06 0 0 0 0 0 0 0 0 0 0 0 0 0 
1 0.80027 0.512463 0.210383 0.0356406 0.0010297 4.1e-07 0 0 0 0 0 0 0 0 0 0 0 0 0 
1 0.800078 0.512226 0.20991 0.035534 0.00102525 1.41167e-06 0 0 0 0 0 0 0 0 0 0 0 0 0 
1 0.800426 0.512945 0.210805 0.0355763 0.00103131 1.93e-06 0 0 0 0 0 0 0 0 0 0 0 0 0 
1 0.800407 0.512947 0.210646 0.0355727 0.00102911 1.45333e-06 0 0 0 0 0 0 0 0 0 0 0 0 0 
1 0.79966 0.511074 0.208745 0.0348855 0.000988048 9.68333e-07 0 0 0 0 0 0 0 0 0 0 0 0 0 
1 0.800396 0.51282 0.210432 0.0355759 0.00104359 1.03333e-06 0 0 0 0 0 0 0 0 0 0 0 0 0 
1 0.799484 0.511142 0.208688 0.0349295 0.00100173 1.19167e-06 0 0 0 0 0 0 0 0 0 0 0 0 0 
1 0.798875 0.50999 0.208147 0.0347875 0.000998532 6.71667e-07 0 0 0 0 0 0 0 0 0 0 0 0 0 
1 0.800034 0.51218 0.209767 0.035421 0.00102718 1.675e-06 0 0 0 0 0 0 0 0 0 0 0 0 0 
1 0.799844 0.51221 0.210221 0.0355368 0.00102356 9.7e-07 0 0 0 0 0 0 0 0 0 0 0 0 0 
1 0.799955 0.512099 0.209735 0.035389 0.0010134 1.01167e-06 0 0 0 0 0 0 0 0 0 0 0 0 0 
1 0.80101 0.513944 0.211609 0.0359186 0.00104706 1.43667e-06 0 0 0 0 0 0 0 0 0 0 0 0 0 
1 0.800116 0.512424 0.210174 0.0354566 0.00102336 1.46e-06 0 0 0 0 0 0 0 0 0 0 0 0 0 
1 0.799322 0.510764 0.208479 0.0349196 0.000998607 7.25e-07 0 0 0 0 0 0 0 0 0 0 0 0 0 
1 0.799537 0.511287 0.209143 0.0352133 0.00101827 6.83333e-07 0 0 0 0 0 0 0 0 0 0 0 0 0 
1 0.80009 0.512079 0.210005 0.0353985 0.0010052 1.56e-06 0 0 0 0 0 0 0 0 0 0 0 0 0 
1 0.80019 0.512567 0.2105 0.0355611 0.00102176 9.61667e-07 0 0 0 0 0 0 0 0 0 0 0 0 0 
1 0.799305 0.510809 0.208952 0.0350838 0.000985223 8.33333e-07 0 0 0 0 0 0 0 0 0 0 0 0 0 
1 0.799717 0.511435 0.209503 0.0352446 0.00102271 8.28333e-07 0 0 0 0 0 0 0 0 0 0 0 0 0 
1 0.799852 0.511906 0.209922 0.0353447 0.00102724 1.2e-06 0 0 0 0 0 0 0 0 0 0 0 0 0 
1 0.799767 0.511995 0.209838 0.0353313 0.00100497 7.48333e-07 0 0 0 0 0 0 0 0 0 0 0 0 0 
1 0.799444 0.511009 0.208911 0.0349666 0.00100408 1.95333e-06 0 0 0 0 0 0 0 0 0 0 0 0 0 
1 0.800063 0.512236 0.210103 0.0353385 0.00101476 1.995e-06 0 0 0 0 0 0 0 0 0 0 0 0 0 
1 0.799812 0.511607 0.209505 0.0352242 0.00102112 1.54167e-06 0 0 0 0 0 0 0 0 0 0 0 0 0 
1 0.799789 0.511829 0.209808 0.0352318 0.00100893 6.26667e-07 0 0 0 0 0 0 0 0 0 0 0 0 0 
1 0.800012 0.511996 0.209917 0.035403 0.00104134 9.2e-07 0 0 0 0 0 0 0 0 0 0 0 0 0 
1 0.798908 0.509791 0.207764 0.0346834 0.000985927 9.11667e-07 0 0 0 0 0 0 0 0 0 0 0 0 0 
1 0.799965 0.511921 0.209836 0.035403 0.00103424 2.105e-06 0 0 0 0 0 0 0 0 0 0 0 0 0 
1 0.799924 0.511837 0.209523 0.0351457 0.000986858 4.83333e-07 0 0 0 0 0 0 0 0 0 0 0 0 0 
1 0.800103 0.512386 0.210378 0.0357681 0.00107267 1.01e-06 0 0 0 0 0 0 0 0 0 0 0 0 0 
1 0.799722 0.511251 0.208972 0.0351062 0.000996782 1.04333e-06 0 0 0 0 0 0 0 0 0 0 0 0 0 
1 0.800111 0.51246 0.210477 0.0355506 0.00105045 1.77667e-06 0 0 0 0 0 0 0 0 0 0 0 0 0 
1 0.800033 0.512043 0.209719 0.0352333 0.000990097 1.03333e-06 0 0 0 0 0 0 0 0 0 0 0 0 0 
1 0.800124 0.512238 0.210248 0.0356356 0.00104633 5.33333e-07 0 0 0 0 0 0 0 0 0 0 0 0 0 
1 0.800543 0.513229 0.211348 0.0359583 0.00108141 8.58333e-07 0 0 0 0 0 0 0 0 0 0 0 0 0 
1 0.800221 0.512652 0.210451 0.0355698 0.00100313 1.05e-06 0 0 0 0 0 0 0 0 0 0 0 0 0 
1 0.800514 0.512928 0.210925 0.0358028 0.00105379 7.01667e-07 0 0 0 0 0 0 0 0 0 0 0 0 0 
1 0.79982 0.511553 0.209401 0.0352332 0.00100907 1.62e-06 0 0 0 0 0 0 0 0 0 0 0 0 0 
1 0.799884 0.511819 0.209785 0.0353575 0.00100231 4.31667e-07 0 0 0 0 0 0 0 0 0 0 0 0 0 
1 0.800016 0.512215 0.210188 0.0353948 0.00102312 5.96667e-07 0 0 0 0 0 0 0 0 0 0 0 0 0 
1 0.799907 0.511696 0.209556 0.0352321 0.00101745 1.09833e-06 0 0 0 0 0 0 0 0 0 0 0 0 0 
1 0.800045 0.512009 0.209858 0.0354144 0.00103215 8.6e-07 0 0 0 0 0 0 0 0 0 0 0 0 0 
1 0.799716 0.511391 0.209432 0.0352533 0.00103204 1.18e-06 0 0 0 0 0 0 0 0 0 0 0 0 0 
1 0.79976 0.511665 0.209546 0.0351838 0.00101196 1.50833e-06 0 0 0 0 0 0 0 0 0 0 0 0 0 
1 0.799626 0.511486 0.209139 0.035143 0.00101699 1.29833e-06 0 0 0 0 0 0 0 0 0 0 0 0 0 
1 0.800165 0.512362 0.210097 0.0354551 0.00102786 6.46667e-07 0 0 0 0 0 0 0 0 0 0 0 0 0 
1 0.80045 0.512876 0.210527 0.0355036 0.00102606 7.23333e-07 0 0 0 0 0 0 0 0 0 0 0 0 0 
1 0.799558 0.511191 0.208945 0.0349305 0.000996672 9.41667e-07 0 0 0 0 0 0 0 0 0 0 0 0 0 
1 0.800262 0.512299 0.20998 0.0353632 0.00102017 1.52e-06 0 0 0 0 0 0 0 0 0 0 0 0 0 
1 0.800325 0.512889 0.210987 0.0357844 0.00105553 2.20333e-06 0 0 0 0 0 0 0 0 0 0 0 0 0 
1 0.799904 0.512093 0.209893 0.0354949 0.00105527 1.54667e-06 0 0 0 0 0 0 0 0 0 0 0 0 0 
1 0.799361 0.510881 0.208873 0.0350033 0.000982047 9.8e-07 0 0 0 0 0 0 0 0 0 0 0 0 0 
1 0.80022 0.512508 0.210425 0.0356398 0.00104452 5.26667e-07 0 0 0 0 0 0 0 0 0 0 0 0 0 
1 0.800346 0.512594 0.210496 0.0355494 0.00101382 7.21667e-07 0 0 0 0 0 0 0 0 0 0 0 0 0 
1 0.799803 0.51154 0.209443 0.0351764 0.000978428 8.71667e-07 0 0 0 0 0 0 0 0 0 0 0 0 0 
1 0.800259 0.512894 0.210897 0.0357442 0.00105054 1.975e-06 0 0 0 0 0 0 0 0 0 0 0 0 0 
1 0.800292 0.512829 0.210423 0.035515 0.00105908 1.39e-06 0 0 0 0 0 0 0 0 0 0 0 0 0 
1 0.799643 0.511213 0.209051 0.0349664 0.00101451 1.26e-06 0 0 0 0 0 0 0 0 0 0 0 0 0 
1 0.799945 0.511903 0.209579 0.0352141 0.00103976 1.82833e-06 0 0 0 0 0 0 0 0 0 0 0 0 0 
1 0.800067 0.511964 0.21004 0.0353443 0.00102142 5.91667e-07 0 0 0 0 0 0 0 0 0 0 0 0 0 
1 0.799317 0.510599 0.208357 0.0348454 0.00099778 1.15333e-06 0 0 0 0 0 0 0 0 0 0 0 0 0 
1 0.800344 0.512651 0.210552 0.0356014 0.00102788 1.38833e-06 0 0 0 0 0 0 0 0 0 0 0 0 0 
1 0.80014 0.512205 0.21015 0.0354107 0.0010085 1.29e-06 0 0 0 0 0 0 0 0 0 0 0 0 0 
1 0.799538 0.511339 0.209156 0.035087 0.00100903 1.57333e-06 0 0 0 0 0 0 0 0 0 0 0 0 0 
1 0.80017 0.512495 0.210344 0.0355132 0.00103888 1.01833e-06 0 0 0 0 0 0 0 0 0 0 0 0 0 
1 0.799768 0.511378 0.209456 0.0351819 0.00103187 7.05e-07 0 0 0 0 0 0 0 0 0 0 0 0 0 
1 0.800336 0.512633 0.21059 0.0356249 0.00105934 3.00667e-06 0 0 0 0 0 0 0 0 0 0 0 0 0 
1 0.801161 0.514516 0.212604 0.0364204 0.00109655 1.295e-06 0 0 0 0 0 0 0 0 0 0 0 0 0 
1 0.800241 0.512392 0.210465 0.0354894 0.00102294 6.18333e-07 0 0 0 0 0 0 0 0 0 0 0 0 0 
1 0.799678 0.511421 0.209512 0.0353138 0.00102489 1.18833e-06 0 0 0 0 0 0 0 0 0 0 0 0 0 
1 0.800272 0.512925 0.210875 0.0357241 0.00104337 9.5e-07 0 0 0 0 0 0 0 0 0 0 0 0 0 
1 0.799628 0.511554 0.209485 0.0351649 0.0010177 1.06333e-06 0 0 0 0 0 0 0 0 0 0 0 0 0 
1 0.800207 0.51265 0.210742 0.0357903 0.00103348 9.45e-07 0 0 0 0 0 0 0 0 0 0 0 0 0 
1 0.800149 0.512115 0.209766 0.0351816 0.00100042 1.41667e-06 0 0 0 0 0 0 0 0 0 0 0 0 0 
1 0.800318 0.512604 0.21034 0.0355144 0.00101782 1.825e-06 0 0 0 0 0 0 0 0 0 0 0 0 0 
1 0.800722 0.513551 0.21145 0.0359262 0.00105502 1.09e-06 0 0 0 0 0 0 0 0 0 0 0 0 0 
1 0.799957 0.512073 0.209959 0.0354255 0.00103746 1.25667e-06 0 0 0 0 0 0 0 0 0 0 0 0 0 
1 0.799977 0.511853 0.209504 0.0352242 0.00101012 9.73333e-07 0 0 0 0 0 0 0 0 0 0 0 0 0 
1 0.800337 0.512403 0.210411 0.0354794 0.00103413 1.59333e-06 0 0 0 0 0 0 0 0 0 0 0 0 0 
1 0.800163 0.51248 0.210419 0.0356033 0.00102958 1.51833e-06 0 0 0 0 0 0 0 0 0 0 0 0 0 
1 0.800358 0.512669 0.210526 0.0356069 0.00105572 2.37167e-06 0 0 0 0 0 0 0 0 0 0 0 0 0 
1 0.799552 0.511194 0.209075 0.0350534 0.000999815 6.85e-07 0 0 0 0 0 0 0 0 0 0 0 0 0 
1 0.800073 0.511953 0.209997 0.0355052 0.00106129 1.48333e-06 0 0 0 0 0 0 0 0 0 0 0 0 0 
1 0.799842 0.511503 0.209253 0.0351262 0.000992225 1.455e-06 0 0 0 0 0 0 0 0 0 0 0 0 0 
1 0.800255 0.512516 0.210261 0.0355832 0.00104404 1.10333e-06 0 0 0 0 0 0 0 0 0 0 0 0 0 
1 0.799771 0.511774 0.209705 0.0354468 0.00105917 2.11167e-06 0 0 0 0 0 0 0 0 0 0 0 0 0 
1 0.800444 0.512346 0.209828 0.0353669 0.00101939 1.37667e-06 0 0 0 0 0 0 0 0 0 0 0 0 0 
1 0.799881 0.511537 0.209126 0.0350823 0.00100801 1.33167e-06 0 0 0 0 0 0 0 0 0 0 0 0 0 
1 0.799955 0.512009 0.210032 0.0355445 0.00102611 1.54167e-06 0 0 0 0 0 0 0 0 0 0 0 0 0 
1 0.799977 0.512152 0.210023 0.035508 0.0010227 2.08e-06 0 0 0 0 0 0 0 0 0 0 0 0 0 
1 0.799929 0.511918 0.209668 0.0353453 0.00105276 1.37e-06 0 0 0 0 0 0 0 0 0 0 0 0 0 
1 0.799783 0.511589 0.209498 0.0351334 0.00100996 1.335e-06 0 0 0 0 0 0 0 0 0 0 0 0 0 
1 0.799577 0.511144 0.208952 0.0351141 0.00101479 7.8e-07 0 0 0 0 0 0 0 0 0 0 0 0 0 
1 0.800142 0.512331 0.210154 0.0354903 0.00103242 1.43667e-06 0 0 0 0 0 0 0 0 0 0 0 0 0 
1 0.799901 0.511979 0.209877 0.0354621 0.00100989 7.3e-07 0 0 0 0 0 0 0 0 0 0 0 0 0 
1 0.79925 0.510569 0.208263 0.0348301 0.000995853 1.205e-06 0 0 0 0 0 0 0 0 0 0 0 0 0 
1 0.799809 0.511907 0.209799 0.035406 0.00103342 1.63333e-06 0 0 0 0 0 0 0 0 0 0 0 0 0 
1 0.800727 0.513551 0.211262 0.0359124 0.00104017 1.01167e-06 0 0 0 0 0 0 0 0 0 0 0 0 0 
1 0.80001 0.511852 0.209859 0.0352547 0.0010198 9.43333e-07 0 0 0 0 0 0 0 0 0 0 0 0 0 
1 0.800588 0.513148 0.210942 0.0357041 0.00103968 1.65167e-06 0 0 0 0 0 0 0 0 0 0 0 0 0 
1 0.799649 0.511343 0.209428 0.0351679 0.00100941 8.96667e-07 0 0 0 0 0 0 0 0 0 0 0 0 0 
1 0.8002 0.512862 0.210716 0.0358111 0.00107313 1.60167e-06 0 0 0 0 0 0 0 0 0 0 0 0 0 
1 0.800029 0.512158 0.209999 0.0354257 0.00100021 7.71667e-07 0 0 0 0 0 0 0 0 0 0 0 0 0 
1 0.800009 0.512188 0.210096 0.0353916 0.00102501 1.15667e-06 0 0 0 0 0 0 0 0 0 0 0 0 0 
1 0.800369 0.512849 0.210765 0.0356686 0.00105217 1.10833e-06 0 0 0 0 0 0 0 0 0 0 0 0 0 
1 0.799703 0.511311 0.209005 0.0350901 0.00103162 9.56667e-07 0 0 0 0 0 0 0 0 0 0 0 0 0 
1 0.801118 0.514239 0.211972 0.0361016 0.00105256 1.95167e-06 0 0 0 0 0 0 0 0 0 0 0 0 0 
1 0.800349 0.512408 0.210088 0.0353626 0.00101736 7.86667e-07 0 0 0 0 0 0 0 0 0 0 0 0 0 
1 0.800579 0.513039 0.210705 0.0356495 0.00104898 1.145e-06 0 0 0 0 0 0 0 0 0 0 0 0 0 
1 0.799508 0.510802 0.208426 0.0348455 0.000996965 1.23167e-06 0 0 0 0 0 0 0 0 0 0 0 0 0 
1 0.799265 0.510526 0.208251 0.0347963 0.000979635 1.27667e-06 0 0 0 0 0 0 0 0 0 0 0 0 0 
1 0.799466 0.510902 0.208903 0.0350078 0.00101052 8.41667e-07 0 0 0 0 0 0 0 0 0 0 0 0 0 
1 0.800402 0.513161 0.210914 0.0357971 0.00103662 1.06e-06 0 0 0 0 0 0 0 0 0 0 0 0 0 
1 0.800065 0.51215 0.210257 0.03571 0.00104647 7.7e-07 0 0 0 0 0 0 0 0 0 0 0 0 0 
1 0.79982 0.511834 0.209673 0.0352145 0.000978673 1.555e-06 0 0 0 0 0 0 0 0 0 0 0 0 0 
1 0.799951 0.511982 0.20958 0.0352452 0.00101433 7.98333e-07 0 0 0 0 0 0 0 0 0 0 0 0 0 
1 0.799596 0.510956 0.20857 0.0349583 0.000993543 1.69e-06 0 0 0 0 0 0 0 0 0 0 0 0 0 
1 0.800369 0.512688 0.210386 0.0354387 0.00101862 9.81667e-07 0 0 0 0 0 0 0 0 0 0 0 0 0 
1 0.800022 0.51186 0.209419 0.0350688 0.000997518 3.85e-07 0 0 0 0 0 0 0 0 0 0 0 0 0 
1 0.799751 0.511933 0.209877 0.0354858 0.00104501 6.55e-07 0 0 0 0 0 0 0 0 0 0 0 0 0 
1 0.79996 0.511982 0.20984 0.0352989 0.00101778 1.05833e-06 0 0 0 0 0 0 0 0 0 0 0 0 0 
1 0.800152 0.512208 0.209957 0.0354203 0.00105019 1.55167e-06 0 0 0 0 0 0 0 0 0 0 0 0 0 
1 0.800705 0.51341 0.211293 0.0359373 0.00106871 5.85e-07 0 0 0 0 0 0 0 0 0 0 0 0 0 
1 0.799958 0.51206 0.210107 0.0355206 0.00103209 6.38333e-07 0 0 0 0 0 0 0 0 0 0 0 0 0 
1 0.800473 0.513228 0.211091 0.035837 0.00104163 1.19667e-06 0 0 0 0 0 0 0 0 0 0 0 0 0 
1 0.79957 0.511447 0.209185 0.0351154 0.000989227 1.435e-06 0 0 0 0 0 0 0 0 0 0 0 0 0 
1 0.800203 0.511897 0.209598 0.0353229 0.00103364 4.55e-07 0 0 0 0 0 0 0 0 0 0 0 0 0 
1 0.799626 0.511568 0.209488 0.0351252 0.000983315 9.61667e-07 0 0 0 0 0 0 0 0 0 0 0 0 0 
1 0.800048 0.512322 0.210241 0.0355662 0.00102019 1.06667e-06 0 0 0 0 0 0 0 0 0 0 0 0 0 
1 0.80028 0.512805 0.210572 0.0356171 0.00103332 1.57333e-06 0 0 0 0 0 0 0 0 0 0 0 0 0 
1 0.800245 0.512258 0.210003 0.0353637 0.00101643 8.58333e-07 0 0 0 0 0 0 0 0 0 0 0 0 0 
1 0.799705 0.511445 0.209709 0.0354183 0.00102337 1.315e-06 0 0 0 0 0 0 0 0 0 0 0 0 0 
1 0.800122 0.512385 0.210501 0.0356788 0.0010375 1.565e-06 0 0 0 0 0 0 0 0 0 0 0 0 0 
1 0.799699 0.511363 0.209102 0.0349673 0.000995328 1.66833e-06 0 0 0 0 0 0 0 0 0 0 0 0 0 
1 0.800125 0.512386 0.210439 0.0356379 0.00104831 8.68333e-07 0 0 0 0 0 0 0 0 0 0 0 0 0 
1 0.799869 0.511912 0.209816 0.0353927 0.0010517 1.59833e-06 0 0 0 0 0 0 0 0 0 0 0 0 0 
1 0.799841 0.511707 0.209912 0.0354771 0.00102547 1.40333e-06 0 0 0 0 0 0 0 0 0 0 0 0 0 
1 0.800232 0.512499 0.210245 0.0355136 0.00101498 1.16167e-06 0 0 0 0 0 0 0 0 0 0 0 0 0 
1 0.800556 0.512903 0.210781 0.0357477 0.00103672 5.1e-07 0 0 0 0 0 0 0 0 0 0 0 0 0 
1 0.800413 0.513007 0.210737 0.0355857 0.00101214 8.81667e-07 0 0 0 0 0 0 0 0 0 0 0 0 0 
1 0.800107 0.512246 0.210086 0.0354641 0.00102255 7.18333e-07 0 0 0 0 0 0 0 0 0 0 0 0 0 
1 0.799551 0.511246 0.208955 0.0350693 0.00100728 1.27167e-06 0 0 0 0 0 0 0 0 0 0 0 0 0 
1 0.800301 0.512641 0.210257 0.0354687 0.00102109 9.2e-07 0 0 0 0 0 0 0 0 0 0 0 0 0 
1 0.799851 0.51156 0.209187 0.0350947 0.00101799 6.03333e-07 0 0 0 0 0 0 0 0 0 0 0 0 0 
1 0.800658 0.513298 0.211071 0.0357867 0.00106853 1.605e-06 0 0 0 0 0 0 0 0 0 0 0 0 0 
1 0.799979 0.511849 0.2096 0.0354128 0.00103052 3.3e-06 0 0 0 0 0 0 0 0 0 0 0 0 0 
1 0.799593 0.511605 0.209483 0.035171 0.00101794 4.78333e-07 0 0 0 0 0 0 0 0 0 0 0 0 0 
1 0.799815 0.511705 0.209404 0.035261 0.00100861 2.105e-06 0 0 0 0 0 0 0 0 0 0 0 0 0 
1 0.799413 0.510889 0.208669 0.0350084 0.00100041 9.76667e-07 0 0 0 0 0 0 0 0 0 0 0 0 0 
1 0.799529 0.511318 0.209369 0.0351941 0.00102012 7.36667e-07 0 0 0 0 0 0 0 0 0 0 0 0 0 
1 0.800703 0.513344 0.21121 0.0358086 0.00103519 3.95e-07 0 0 0 0 0 0 0 0 0 0 0 0 0 
1 0.800569 0.513076 0.211005 0.0357226 0.00106407 5.25e-07 0 0 0 0 0 0 0 0 0 0 0 0 0 
1 0.800413 0.512848 0.210858 0.0356217 0.00104748 1.09167e-06 0 0 0 0 0 0 0 0 0 0 0 0 0 
1 0.799829 0.511686 0.209693 0.0352534 0.00100569 6.26667e-07 0 0 0 0 0 0 0 0 0 0 0 0 0 
1 0.80024 0.512353 0.210027 0.0353686 0.00104774 1.305e-06 0 0 0 0 0 0 0 0 0 0 0 0 0 
1 0.800227 0.512604 0.210417 0.0355364 0.00104982 1.67167e-06 0 0 0 0 0 0 0 0 0 0 0 0 0 
1 0.79979 0.511807 0.209726 0.0353318 0.000996508 1.60833e-06 0 0 0 0 0 0 0 0 0 0 0 0 0 
1 0.79996 0.512052 0.210151 0.0355077 0.00103112 8.5e-07 0 0 0 0 0 0 0 0 0 0 0 0 0 
1 0.799405 0.511048 0.208837 0.0350196 0.00098223 1.34667e-06 0 0 0 0 0 0 0 0 0 0 0 0 0 
1 0.800797 0.513561 0.211349 0.036054 0.00106926 2.12e-06 0 0 0 0 0 0 0 0 0 0 0 0 0 
1 0.800115 0.512393 0.210656 0.0357851 0.00106598 1.73333e-06 0 0 0 0 0 0 0 0 0 0 0 0 0 
1 0.800045 0.512364 0.210463 0.0355828 0.00104563 1.12167e-06 0 0 0 0 0 0 0 0 0 0 0 0 0 
1 0.799782 0.511682 0.209722 0.0352674 0.00100679 5.61667e-07 0 0 0 0 0 0 0 0 0 0 0 0 0 
1 0.799714 0.511571 0.209557 0.0353644 0.00104014 2.16e-06 0 0 0 0 0 0 0 0 0 0 0 0 0 
1 0.800804 0.513984 0.212071 0.0362343 0.00108024 1.26e-06 0 0 0 0 0 0 0 0 0 0 0 0 0 
1 0.798894 0.51 0.208062 0.0347277 0.00102396 8.25e-07 0 0 0 0 0 0 0 0 0 0 0 0 0 
1 0.799737 0.51185 0.20984 0.0353847 0.00101704 1.26833e-06 0 0 0 0 0 0 0 0 0 0 0 0 0 
1 0.799353 0.510854 0.208616 0.0348562 0.00101172 1.06e-06 0 0 0 0 0 0 0 0 0 0 0 0 0 
1 0.800354 0.512963 0.21069 0.0356903 0.00105441 8.68333e-07 0 0 0 0 0 0 0 0 0 0 0 0 0 
1 0.800449 0.513025 0.210973 0.0358325 0.00106552 1.20667e-06 0 0 0 0 0 0 0 0 0 0 0 0 0 
1 0.799152 0.510161 0.207948 0.0347935 0.000998092 8.83333e-07 0 0 0 0 0 0 0 0 0 0 0 0 0 
1 0.799867 0.512019 0.210033 0.0355336 0.0010537 1.605e-06 0 0 0 0 0 0 0 0 0 0 0 0 0 
1 0.799982 0.51182 0.209754 0.0352358 0.00101737 8.65e-07 0 0 0 0 0 0 0 0 0 0 0 0 0 
1 0.799936 0.511973 0.209894 0.0355314 0.00104967 9.93333e-07 0 0 0 0 0 0 0 0 0 0 0 0 0 
1 0.800066 0.512022 0.209655 0.0351859 0.00100971 2.27833e-06 0 0 0 0 0 0 0 0 0 0 0 0 0 
1 0.800632 0.513361 0.211263 0.0360024 0.00105276 1.16667e-06 0 0 0 0 0 0 0 0 0 0 0 0 0 
1 0.799578 0.511079 0.208789 0.0349291 0.000978247 5.75e-07 0 0 0 0 0 0 0 0 0 0 0 0 0 
1 0.799705 0.511843 0.209708 0.0352345 0.00098555 8.83333e-07 0 0 0 0 0 0 0 0 0 0 0 0 0 
1 0.800097 0.512174 0.210102 0.0354085 0.00099543 8.2e-07 0 0 0 0 0 0 0 0 0 0 0 0 0 
1 0.80034 0.513226 0.210924 0.0357272 0.00103509 1.14333e-06 0 0 0 0 0 0 0 0 0 0 0 0 0 
1 0.800105 0.512378 0.210175 0.0354437 0.00103029 1.01167e-06 0 0 0 0 0 0 0 0 0 0 0 0 0 
1 0.79972 0.511782 0.209735 0.0354749 0.00103019 1.89667e-06 0 0 0 0 0 0 0 0 0 0 0 0 0 
1 0.800168 0.512405 0.21021 0.0355563 0.00102501 8.95e-07 0 0 0 0 0 0 0 0 0 0 0 0 0 
1 0.800277 0.512294 0.210183 0.0356244 0.00103627 8.06667e-07 0 0 0 0 0 0 0 0 0 0 0 0 0 
1 0.799744 0.511532 0.209386 0.035265 0.00101593 1.72333e-06 0 0 0 0 0 0 0 0 0 0 0 0 0 
1 0.799529 0.510824 0.208566 0.034703 0.000989587 1.41333e-06 0 0 0 0 0 0 0 0 0 0 0 0 0 
1 0.800708 0.513381 0.211132 0.0358126 0.00103867 1.62e-06 0 0 0 0 0 0 0 0 0 0 0 0 0 
1 0.800111 0.512592 0.210704 0.0356282 0.00105084 1.06667e-06 0 0 0 0 0 0 0 0 0 0 0 0 0 
1 0.799222 0.51034 0.208366 0.0348672 0.00099308 2.11333e-06 0 0 0 0 0 0 0 0 0 0 0 0 0 
1 0.800496 0.512784 0.210659 0.035702 0.00103586 1.02333e-06 0 0 0 0 0 0 0 0 0 0 0 0 0 
1 0.800241 0.5123 0.210265 0.0354064 0.00104983 2.04833e-06 0 0 0 0 0 0 0 0 0 0 0 0 0 
1 0.799894 0.511474 0.209313 0.0351736 0.00100652 2.96667e-07 0 0 0 0 0 0 0 0 0 0 0 0 0 
1 0.799794 0.511632 0.209519 0.035351 0.00101672 4.08333e-07 0 0 0 0 0 0 0 0 0 0 0 0 0 
1 0.799671 0.511112 0.208855 0.0348949 0.00100751 6.56667e-07 0 0 0 0 0 0 0 0 0 0 0 0 0 
1 0.799738 0.511503 0.209607 0.0352818 0.00101302 5.58333e-07 0 0 0 0 0 0 0 0 0 0 0 0 0 
1 0.800184 0.512553 0.210543 0.0356459 0.00102428 1.55667e-06 0 0 0 0 0 0 0 0 0 0 0 0 0 
1 0.799558 0.511078 0.208862 0.0350951 0.00100681 5.58333e-07 0 0 0 0 0 0 0 0 0 0 0 0 0 
1 0.79981 0.511745 0.209565 0.0352022 0.00104786 6.85e-07 0 0 0 0 0 0 0 0 0 0 0 0 0 
1 0.80026 0.512326 0.210231 0.0354739 0.00105677 1.32167e-06 0 0 0 0 0 0 0 0 0 0 0 0 0 
1 0.800168 0.512271 0.210105 0.0353739 0.00102552 1.35333e-06 0 0 0 0 0 0 0 0 0 0 0 0 0 
1 0.799762 0.511707 0.209487 0.0352696 0.00103387 1.39167e-06 0 0 0 0 0 0 0 0 0 0 0 0 0 
1 0.80043 0.512721 0.21049 0.0356533 0.00106663 1.73667e-06 0 0 0 0 0 0 0 0 0 0 0 0 0 
1 0.800195 0.512371 0.210419 0.0356119 0.00101695 2.15667e-06 0 0 0 0 0 0 0 0 0 0 0 0 0 
1 0.799786 0.511569 0.209518 0.0353342 0.0010293 1.98667e-06 0 0 0 0 0 0 0 0 0 0 0 0 0 
1 0.79996 0.511856 0.209704 0.0353848 0.00103259 6.91667e-07 0 0 0 0 0 0 0 0 0 0 0 0 0 
1 0.800437 0.513104 0.210931 0.0358763 0.00104587 1.275e-06 0 0 0 0 0 0 0 0 0 0 0 0 0 
1 0.800142 0.512142 0.209758 0.0353189 0.0009968 1.15833e-06 0 0 0 0 0 0 0 0 0 0 0 0 0 
1 0.80003 0.512037 0.209912 0.0353915 0.00103505 1.805e-06 0 0 0 0 0 0 0 0 0 0 0 0 0 
1 0.800022 0.512049 0.209666 0.0352784 0.00100348 1.45833e-06 0 0 0 0 0 0 0 0 0 0 0 0 0 
1 0.799638 0.511224 0.209218 0.0352661 0.00101586 1.32167e-06 0 0 0 0 0 0 0 0 0 0 0 0 0 
1 0.800494 0.51261 0.210234 0.0354599 0.00102403 4.45e-07 0 0 0 0 0 0 0 0 0 0 0 0 0 
1 0.799104 0.510134 0.20825 0.0346956 0.000965597 1.74333e-06 0 0 0 0 0 0 0 0 0 0 0 0 0 
1 0.80039 0.512654 0.210719 0.0357622 0.00106798 7.61667e-07 0 0 0 0 0 0 0 0 0 0 0 0 0 
1 0.800029 0.511895 0.209644 0.0351934 0.00100662 1.12833e-06 0 0 0 0 0 0 0 0 0 0 0 0 0 
1 0.799952 0.512236 0.210109 0.0353921 0.00101867 1.81167e-06 0 0 0 0 0 0 0 0 0 0 0 0 0 
1 0.799017 0.510274 0.208216 0.0347977 0.00100618 1.44e-06 0 0 0 0 0 0 0 0 0 0 0 0 0 
1 0.799875 0.511845 0.20963 0.0352541 0.000988062 1.23167e-06 0 0 0 0 0 0 0 0 0 0 0 0 0 
1 0.80011 0.512072 0.209912 0.0352413 0.000992777 2.21667e-06 0 0 0 0 0 0 0 0 0 0 0 0 0 
1 0.799107 0.510415 0.208255 0.0347836 0.000987743 1.15e-06 0 0 0 0 0 0 0 0 0 0 0 0 0 
1 0.799541 0.510966 0.20873 0.0350351 0.000970745 1.3e-06 0 0 0 0 0 0 0 0 0 0 0 0 0 
1 0.799853 0.511739 0.209872 0.035273 0.00100418 2.54333e-06 0 0 0 0 0 0 0 0 0 0 0 0 0 
1 0.799524 0.511189 0.209053 0.0351468 0.00101738 1.00667e-06 0 0 0 0 0 0 0 0 0 0 0 0 0 
1 0.800311 0.512842 0.210972 0.0358296 0.00103824 1.36833e-06 0 0 0 0 0 0 0 0 0 0 0 0 0 
1 0.799928 0.511738 0.209518 0.0351371 0.000987893 9.63333e-07 0 0 0 0 0 0 0 0 0 0 0 0 0 
1 0.800256 0.512691 0.210513 0.0355429 0.00101639 6.33333e-07 0 0 0 0 0 0 0 0 0 0 0 0 0 
1 0.800045 0.5121 0.210054 0.0354728 0.00100717 1.44e-06 0 0 0 0 0 0 0 0 0 0 0 0 0 
1 0.800663 0.513564 0.211559 0.0360067 0.00106658 1.18167e-06 0 0 0 0 0 0 0 0 0 0 0 0 0 
1 0.800935 0.513882 0.211745 0.0360661 0.00104887 1.09333e-06 0 0 0 0 0 0 0 0 0 0 0 0 0 
1 0.800553 0.512965 0.210845 0.0357484 0.00103938 5.3e-07 0 0 0 0 0 0 0 0 0 0 0 0 0 
1 0.800536 0.513205 0.211122 0.0358534 0.00105291 1.34167e-06 0 0 0 0 0 0 0 0 0 0 0 0 0 
1 0.799712 0.511391 0.20934 0.0352878 0.00100871 7.23333e-07 0 0 0 0 0 0 0 0 0 0 0 0 0 
1 0.799531 0.511186 0.209266 0.0350661 0.00101248 2.19667e-06 0 0 0 0 0 0 0 0 0 0 0 0 0 
1 0.799991 0.511988 0.209856 0.0354139 0.00102381 1.505e-06 0 0 0 0 0 0 0 0 0 0 0 0 0 
1 0.799679 0.511211 0.208958 0.0350229 0.00101163 9.16667e-07 0 0 0 0 0 0 0 0 0 0 0 0 0 
1 0.799932 0.511858 0.209737 0.0353751 0.00104151 3.06667e-07 0 0 0 0 0 0 0 0 0 0 0 0 0 
1 0.799889 0.51124 0.209046 0.0351508 0.00101306 1.305e-06 0 0 0 0 0 0 0 0 0 0 0 0 0 
1 0.800462 0.513098 0.210832 0.0357072 0.00103654 8.65e-07 0 0 0 0 0 0 0 0 0 0 0 0 0 
1 0.800208 0.512277 0.21006 0.035458 0.00104455 1.99833e-06 0 0 0 0 0 0 0 0 0 0 0 0 0 
1 0.799741 0.511347 0.209259 0.0350207 0.00100074 1.1e-06 0 0 0 0 0 0 0 0 0 0 0 0 0 
1 0.800125 0.512339 0.210226 0.0355353 0.0010123 1.42e-06 0 0 0 0 0 0 0 0 0 0 0 0 0 
1 0.799623 0.511219 0.209126 0.0350737 0.000984323 7.4e-07 0 0 0 0 0 0 0 0 0 0 0 0 0 
1 0.799555 0.511287 0.209007 0.0351375 0.00103644 7.8e-07 0 0 0 0 0 0 0 0 0 0 0 0 0 
1 0.800872 0.513331 0.210926 0.0357548 0.00104592 6.68333e-07 0 0 0 0 0 0 0 0 0 0 0 0 0 
1 0.799998 0.512255 0.21016 0.0354568 0.00101908 2.32e-06 0 0 0 0 0 0 0 0 0 0 0 0 0 
1 0.800055 0.512229 0.209921 0.0352046 0.00100383 9.85e-07 0 0 0 0 0 0 0 0 0 0 0 0 0 
1 0.800189 0.51213 0.209997 0.0353974 0.00103169 2.01e-06 0 0 0 0 0 0 0 0 0 0 0 0 0 
1 0.800092 0.512575 0.21033 0.0354834 0.00100829 1.145e-06 0 0 0 0 0 0 0 0 0 0 0 0 0 
1 0.800594 0.512981 0.211034 0.0358992 0.00108055 1.86333e-06 0 0 0 0 0 0 0 0 0 0 0 0 0 
1 0.799819 0.511638 0.209652 0.035178 0.00101187 4.96667e-07 0 0 0 0 0 0 0 0 0 0 0 0 0 
1 0.800354 0.512825 0.210591 0.0355867 0.00102016 1.8e-07 0 0 0 0 0 0 0 0 0 0 0 0 0 
