1 0.69945 0.351368 0.102195 0.0144775 0.0011325 5.75e-05 0 0 0 0 0 0 0 0 0 0 0 0 0 
1 0.699185 0.35198 0.10295 0.0144875 0.0009775 5.25e-05 5e-06 0 0 0 0 0 0 0 0 0 0 0 0 
1 0.699285 0.353595 0.10415 0.0148375 0.0010325 5.5e-05 0 0 0 0 0 0 0 0 0 0 0 0 0 
1 0.698838 0.352745 0.102803 0.014335 0.001065 5.75e-05 0 0 0 0 0 0 0 0 0 0 0 0 0 
1 0.69899 0.353005 0.10375 0.0146925 0.0010975 6e-05 0 0 0 0 0 0 0 0 0 0 0 0 0 
1 0.69705 0.349565 0.102065 0.0143225 0.0010325 4e-05 0 0 0 0 0 0 0 0 0 0 0 0 0 
1 0.699955 0.35299 0.103875 0.014625 0.0010125 4.25e-05 2.5e-06 0 0 0 0 0 0 0 0 0 0 0 0 
1 0.702478 0.357888 0.106833 0.015545 0.0011225 5.25e-05 0 0 0 0 0 0 0 0 0 0 0 0 0 
1 0.697027 0.350825 0.10226 0.0142475 0.00098 6e-05 5e-06 0 0 0 0 0 0 0 0 0 0 0 0 
1 0.699713 0.35448 0.10492 0.0149475 0.001065 5.5e-05 2.5e-06 0 0 0 0 0 0 0 0 0 0 0 0 
1 0.699817 0.351585 0.103858 0.0145 0.001065 6.25e-05 5e-06 2.5e-06 0 0 0 0 0 0 0 0 0 0 0 
1 0.70118 0.354633 0.10444 0.014795 0.00109 5.75e-05 5e-06 0 0 0 0 0 0 0 0 0 0 0 0 
1 0.699203 0.351653 0.102573 0.0144675 0.0010025 5.25e-05 0 0 0 0 0 0 0 0 0 0 0 0 0 
1 0.700895 0.353283 0.103635 0.0144425 0.0009325 3.5e-05 0 0 0 0 0 0 0 0 0 0 0 0 0 
1 0.70006 0.353345 0.10362 0.014235 0.0009175 3.75e-05 2.5e-06 0 0 0 0 0 0 0 0 0 0 0 0 
1 0.700433 0.354175 0.103998 0.0148875 0.0010075 6.25e-05 5e-06 0 0 0 0 0 0 0 0 0 0 0 0 
1 0.70067 0.353883 0.104205 0.01472 0.0010525 6e-05 2.5e-06 0 0 0 0 0 0 0 0 0 0 0 0 
1 0.700347 0.355355 0.105673 0.0155775 0.001045 3.75e-05 0 0 0 0 0 0 0 0 0 0 0 0 0 
1 0.699085 0.353388 0.103913 0.0146725 0.00096 4.25e-05 0 0 0 0 0 0 0 0 0 0 0 0 0 
1 0.701135 0.355628 0.10436 0.014815 0.000985 3e-05 2.5e-06 0 0 0 0 0 0 0 0 0 0 0 0 
1 0.701728 0.35539 0.10606 0.015295 0.0011325 8e-05 5e-06 0 0 0 0 0 0 0 0 0 0 0 0 
1 0.703465 0.357453 0.105225 0.0150625 0.00115 4.25e-05 2.5e-06 0 0 0 0 0 0 0 0 0 0 0 0 
1 0.697955 0.35041 0.102083 0.014365 0.0009825 3.75e-05 2.5e-06 0 0 0 0 0 0 0 0 0 0 0 0 
1 0.699488 0.353278 0.103703 0.0145725 0.0009825 3.75e-05 2.5e-06 0 0 0 0 0 0 0 0 0 0 0 0 
1 0.697925 0.350755 0.101868 0.0144425 0.001015 4.5e-05 0 0 0 0 0 0 0 0 0 0 0 0 0 
1 0.701218 0.354733 0.104965 0.014645 0.0010075 2.75e-05 0 0 0 0 0 0 0 0 0 0 0 0 0 
1 0.699983 0.35261 0.103003 0.0148075 0.001075 3e-05 0 0 0 0 0 0 0 0 0 0 0 0 0 
1 0.70081 0.354263 0.103783 0.014565 0.0009975 4.25e-05 0 0 0 0 0 0 0 0 0 0 0 0 0 
1 0.698968 0.353233 0.102995 0.0143525 0.00099 3.5e-05 0 0 0 0 0 0 0 0 0 0 0 0 0 
1 0.700803 0.353573 0.102355 0.01468 0.0011025 4.5e-05 0 0 0 0 0 0 0 0 0 0 0 0 0 
1 0.699235 0.353198 0.104345 0.014805 0.0009475 5.25e-05 2.5e-06 0 0 0 0 0 0 0 0 0 0 0 0 
1 0.700032 0.35126 0.103443 0.01451 0.0009575 3.75e-05 0 0 0 0 0 0 0 0 0 0 0 0 0 
1 0.700743 0.354948 0.10378 0.0148025 0.000985 4.5e-05 0 0 0 0 0 0 0 0 0 0 0 0 0 
1 0.698543 0.35374 0.103073 0.014585 0.0009975 2.75e-05 0 0 0 0 0 0 0 0 0 0 0 0 0 
1 0.700838 0.35496 0.103905 0.015105 0.00107 3.75e-05 0 0 0 0 0 0 0 0 0 0 0 0 0 
1 0.699835 0.353728 0.104055 0.0152025 0.001165 7.75e-05 0 0 0 0 0 0 0 0 0 0 0 0 0 
1 0.700667 0.355595 0.105395 0.015015 0.0010675 3.25e-05 0 0 0 0 0 0 0 0 0 0 0 0 0 
1 0.7009 0.355023 0.103805 0.01463 0.001005 3.75e-05 0 0 0 0 0 0 0 0 0 0 0 0 0 
1 0.698227 0.351143 0.102645 0.014475 0.0009825 3.5e-05 2.5e-06 0 0 0 0 0 0 0 0 0 0 0 0 
1 0.700903 0.354308 0.103435 0.014895 0.0011325 7.25e-05 0 0 0 0 0 0 0 0 0 0 0 0 0 
1 0.70093 0.353195 0.103148 0.0141425 0.00101 4.25e-05 2.5e-06 0 0 0 0 0 0 0 0 0 0 0 0 
1 0.701145 0.354688 0.104998 0.014925 0.00106 6.5e-05 0 0 0 0 0 0 0 0 0 0 0 0 0 
1 0.7011 0.355088 0.104435 0.01486 0.0010625 2e-05 0 0 0 0 0 0 0 0 0 0 0 0 0 
1 0.698988 0.35182 0.102278 0.014115 0.0008875 2.75e-05 5e-06 2.5e-06 0 0 0 0 0 0 0 0 0 0 0 
1 0.699595 0.352458 0.103135 0.01447 0.000985 5e-05 2.5e-06 0 0 0 0 0 0 0 0 0 0 0 0 
1 0.699585 0.353448 0.103215 0.0145575 0.0010075 5.25e-05 2.5e-06 0 0 0 0 0 0 0 0 0 0 0 0 
1 0.701992 0.355435 0.106198 0.015695 0.001165 4e-05 0 0 0 0 0 0 0 0 0 0 0 0 0 
1 0.70145 0.35665 0.105045 0.0156375 0.001275 5.75e-05 0 0 0 0 0 0 0 0 0 0 0 0 0 
1 0.700305 0.354728 0.10475 0.01458 0.001105 5.25e-05 0 0 0 0 0 0 0 0 0 0 0 0 0 
1 0.698262 0.350708 0.101418 0.01422 0.00091 2e-05 0 0 0 0 0 0 0 0 0 0 0 0 0 
1 0.70029 0.352965 0.103198 0.0147625 0.0009525 4.75e-05 0 0 0 0 0 0 0 0 0 0 0 0 0 
1 0.70047 0.353523 0.103253 0.014195 0.0009275 1.75e-05 0 0 0 0 0 0 0 0 0 0 0 0 0 
1 0.700283 0.353505 0.10408 0.01525 0.00105 3.75e-05 0 0 0 0 0 0 0 0 0 0 0 0 0 
1 0.700183 0.353765 0.103873 0.014655 0.0010325 3.75e-05 2.5e-06 0 0 0 0 0 0 0 0 0 0 0 0 
1 0.703557 0.357985 0.106415 0.01534 0.001045 6.25e-05 5e-06 0 0 0 0 0 0 0 0 0 0 0 0 
1 0.701457 0.355255 0.104105 0.0144875 0.00098 4.75e-05 0 0 0 0 0 0 0 0 0 0 0 0 0 
1 0.698532 0.352608 0.102505 0.0146375 0.0010475 4.75e-05 0 0 0 0 0 0 0 0 0 0 0 0 0 
1 0.702137 0.35568 0.105438 0.014955 0.001085 5.25e-05 2.5e-06 0 0 0 0 0 0 0 0 0 0 0 0 
1 0.699518 0.352075 0.104453 0.0148575 0.0010975 6.75e-05 2.5e-06 0 0 0 0 0 0 0 0 0 0 0 0 
1 0.700345 0.35406 0.103898 0.014555 0.0010675 5.25e-05 0 0 0 0 0 0 0 0 0 0 0 0 0 
1 0.699113 0.35168 0.101533 0.0138875 0.000905 4.25e-05 0 0 0 0 0 0 0 0 0 0 0 0 0 
1 0.700155 0.354325 0.10497 0.0148825 0.00107 4.75e-05 0 0 0 0 0 0 0 0 0 0 0 0 0 
1 0.699698 0.3535 0.1037 0.014475 0.0010225 3.5e-05 5e-06 0 0 0 0 0 0 0 0 0 0 0 0 
1 0.699655 0.35263 0.10304 0.0147925 0.00105 4.75e-05 0 0 0 0 0 0 0 0 0 0 0 0 0 
1 0.699988 0.35359 0.104175 0.014935 0.001075 4.5e-05 0 0 0 0 0 0 0 0 0 0 0 0 0 
1 0.70154 0.355163 0.104613 0.0147925 0.0009825 5.25e-05 2.5e-06 2.5e-06 0 0 0 0 0 0 0 0 0 0 0 
1 0.698843 0.352325 0.102965 0.0140225 0.0008875 2.75e-05 0 0 0 0 0 0 0 0 0 0 0 0 0 
1 0.702712 0.356758 0.105798 0.0150225 0.0011775 6.25e-05 2.5e-06 0 0 0 0 0 0 0 0 0 0 0 0 
1 0.698855 0.353115 0.104365 0.01525 0.0010875 5.5e-05 2.5e-06 0 0 0 0 0 0 0 0 0 0 0 0 
1 0.700835 0.354713 0.105315 0.015275 0.00107 6.75e-05 7.5e-06 2.5e-06 0 0 0 0 0 0 0 0 0 0 0 
1 0.69754 0.350558 0.10166 0.014655 0.00101 2.75e-05 0 0 0 0 0 0 0 0 0 0 0 0 0 
1 0.699855 0.353435 0.103835 0.0145525 0.00106 5.25e-05 0 0 0 0 0 0 0 0 0 0 0 0 0 
1 0.700875 0.353883 0.104045 0.014835 0.001055 3.25e-05 2.5e-06 0 0 0 0 0 0 0 0 0 0 0 0 
1 0.699743 0.35473 0.104245 0.01464 0.0009575 3.25e-05 0 0 0 0 0 0 0 0 0 0 0 0 0 
1 0.700275 0.353935 0.104453 0.014365 0.0010475 4e-05 2.5e-06 0 0 0 0 0 0 0 0 0 0 0 0 
1 0.699368 0.353753 0.103845 0.01444 0.000995 5.75e-05 2.5e-06 0 0 0 0 0 0 0 0 0 0 0 0 
1 0.700483 0.353878 0.102875 0.01499 0.00102 4.25e-05 0 0 0 0 0 0 0 0 0 0 0 0 0 
1 0.702725 0.356493 0.104558 0.0149375 0.00107 6.75e-05 1e-05 0 0 0 0 0 0 0 0 0 0 0 0 
1 0.7012 0.354435 0.103118 0.014535 0.0010225 3.25e-05 2.5e-06 0 0 0 0 0 0 0 0 0 0 0 0 
1 0.701952 0.35514 0.103823 0.014855 0.00109 6.75e-05 2.5e-06 0 0 0 0 0 0 0 0 0 0 0 0 
1 0.700177 0.355698 0.105085 0.0147125 0.0010625 5.25e-05 2.5e-06 0 0 0 0 0 0 0 0 0 0 0 0 
1 0.698855 0.35322 0.1044 0.0145825 0.0009875 4.75e-05 0 0 0 0 0 0 0 0 0 0 0 0 0 
1 0.69867 0.352053 0.102383 0.0140475 0.0010475 4.75e-05 0 0 0 0 0 0 0 0 0 0 0 0 0 
1 0.6999 0.35399 0.104283 0.014995 0.001015 4e-05 2.5e-06 0 0 0 0 0 0 0 0 0 0 0 0 
1 0.700638 0.355275 0.105205 0.01481 0.001135 5.75e-05 0 0 0 0 0 0 0 0 0 0 0 0 0 
1 0.700057 0.352733 0.103323 0.0148975 0.0011325 5e-05 0 0 0 0 0 0 0 0 0 0 0 0 0 
1 0.701017 0.3548 0.104225 0.01492 0.001025 5e-05 2.5e-06 0 0 0 0 0 0 0 0 0 0 0 0 
1 0.700325 0.354105 0.10363 0.0150875 0.0010575 6e-05 2.5e-06 0 0 0 0 0 0 0 0 0 0 0 0 
1 0.701095 0.354178 0.103785 0.015015 0.0010125 6e-05 5e-06 0 0 0 0 0 0 0 0 0 0 0 0 
1 0.69984 0.353388 0.104095 0.015055 0.001135 7.25e-05 5e-06 0 0 0 0 0 0 0 0 0 0 0 0 
1 0.700805 0.354933 0.104983 0.0147975 0.0011125 4.75e-05 0 0 0 0 0 0 0 0 0 0 0 0 0 
1 0.701283 0.35468 0.103823 0.0149025 0.0009725 3e-05 0 0 0 0 0 0 0 0 0 0 0 0 0 
1 0.70021 0.353133 0.103605 0.0149675 0.00111 7.25e-05 2.5e-06 0 0 0 0 0 0 0 0 0 0 0 0 
1 0.699453 0.35278 0.103293 0.0143425 0.0009475 2.5e-05 0 0 0 0 0 0 0 0 0 0 0 0 0 
1 0.698438 0.35069 0.101998 0.013995 0.000945 2.75e-05 0 0 0 0 0 0 0 0 0 0 0 0 0 
1 0.701303 0.354438 0.10376 0.0151425 0.001065 5.25e-05 5e-06 0 0 0 0 0 0 0 0 0 0 0 0 
1 0.700667 0.354738 0.104588 0.0147725 0.001125 7.25e-05 2.5e-06 0 0 0 0 0 0 0 0 0 0 0 0 
1 0.700655 0.353915 0.103335 0.0148375 0.0011375 3.25e-05 0 0 0 0 0 0 0 0 0 0 0 0 0 
1 0.699945 0.35263 0.101535 0.0144225 0.00104 4.25e-05 0 0 0 0 0 0 0 0 0 0 0 0 0 
1 0.700885 0.355008 0.103675 0.0148175 0.00099 3e-05 2.5e-06 0 0 0 0 0 0 0 0 0 0 0 0 
1 0.697788 0.35068 0.10137 0.0144775 0.001045 6.75e-05 0 0 0 0 0 0 0 0 0 0 0 0 0 
1 0.700065 0.353673 0.104585 0.0149825 0.0010775 5.25e-05 0 0 0 0 0 0 0 0 0 0 0 0 0 
1 0.70003 0.353718 0.103915 0.014625 0.0009525 3.25e-05 0 0 0 0 0 0 0 0 0 0 0 0 0 
1 0.699607 0.353235 0.103333 0.014665 0.00106 7.5e-05 0 0 0 0 0 0 0 0 0 0 0 0 0 
1 0.69902 0.35192 0.102075 0.01385 0.001075 3.5e-05 0 0 0 0 0 0 0 0 0 0 0 0 0 
1 0.700468 0.3538 0.104128 0.01499 0.0011725 6.75e-05 5e-06 0 0 0 0 0 0 0 0 0 0 0 0 
1 0.700913 0.354315 0.103293 0.0145025 0.0009825 4e-05 0 0 0 0 0 0 0 0 0 0 0 0 0 
1 0.700825 0.355513 0.10527 0.01515 0.0011 3.75e-05 0 0 0 0 0 0 0 0 0 0 0 0 0 
1 0.699443 0.353165 0.103383 0.014875 0.0011525 5.25e-05 0 0 0 0 0 0 0 0 0 0 0 0 0 
1 0.698395 0.35328 0.104723 0.015235 0.001105 8e-05 2.5e-06 0 0 0 0 0 0 0 0 0 0 0 0 
1 0.699745 0.352943 0.103615 0.0148775 0.0010075 6.5e-05 5e-06 0 0 0 0 0 0 0 0 0 0 0 0 
1 0.69807 0.351528 0.10179 0.014395 0.00101 3.5e-05 0 0 0 0 0 0 0 0 0 0 0 0 0 
1 0.701155 0.3566 0.106348 0.0152925 0.0011075 5.75e-05 7.5e-06 0 0 0 0 0 0 0 0 0 0 0 0 
1 0.698955 0.3526 0.103455 0.0146775 0.0010225 4.5e-05 0 0 0 0 0 0 0 0 0 0 0 0 0 
1 0.698168 0.352858 0.103153 0.014905 0.0010175 4.25e-05 0 0 0 0 0 0 0 0 0 0 0 0 0 
1 0.697533 0.351398 0.102133 0.0145525 0.001095 3e-05 1e-05 0 0 0 0 0 0 0 0 0 0 0 0 
1 0.699925 0.353845 0.103623 0.014735 0.0010625 4.5e-05 5e-06 0 0 0 0 0 0 0 0 0 0 0 0 
1 0.700365 0.353253 0.102915 0.014475 0.001025 5.5e-05 0 0 0 0 0 0 0 0 0 0 0 0 0 
1 0.701205 0.357355 0.105853 0.0157025 0.00122 5.75e-05 0 0 0 0 0 0 0 0 0 0 0 0 0 
1 0.70051 0.35473 0.104323 0.014695 0.00113 7.25e-05 5e-06 0 0 0 0 0 0 0 0 0 0 0 0 
1 0.699648 0.353263 0.10396 0.014965 0.001175 7e-05 7.5e-06 0 0 0 0 0 0 0 0 0 0 0 0 
1 0.698748 0.350958 0.101915 0.013675 0.00087 2.5e-05 0 0 0 0 0 0 0 0 0 0 0 0 0 
1 0.69974 0.353678 0.103555 0.01465 0.0009325 6e-05 0 0 0 0 0 0 0 0 0 0 0 0 0 
1 0.700945 0.353313 0.103868 0.0142825 0.001015 3.5e-05 2.5e-06 0 0 0 0 0 0 0 0 0 0 0 0 
1 0.699755 0.35388 0.103718 0.014875 0.0011425 5e-05 0 0 0 0 0 0 0 0 0 0 0 0 0 
1 0.700238 0.353113 0.104155 0.01506 0.0011225 5e-05 0 0 0 0 0 0 0 0 0 0 0 0 0 
1 0.701308 0.35367 0.104003 0.014765 0.00104 6.75e-05 0 0 0 0 0 0 0 0 0 0 0 0 0 
1 0.69887 0.35198 0.102285 0.0145275 0.001015 4.25e-05 2.5e-06 0 0 0 0 0 0 0 0 0 0 0 0 
1 0.699397 0.353243 0.103025 0.01428 0.0009425 5.5e-05 2.5e-06 2.5e-06 0 0 0 0 0 0 0 0 0 0 0 
1 0.699098 0.351675 0.103005 0.0148725 0.001105 4.5e-05 0 0 0 0 0 0 0 0 0 0 0 0 0 
1 0.700893 0.355415 0.104253 0.015 0.00106 6.5e-05 0 0 0 0 0 0 0 0 0 0 0 0 0 
1 0.69893 0.351733 0.102163 0.014485 0.0010675 3.5e-05 0 0 0 0 0 0 0 0 0 0 0 0 0 
1 0.699175 0.35204 0.10313 0.0147075 0.0009725 3e-05 0 0 0 0 0 0 0 0 0 0 0 0 0 
1 0.700555 0.355668 0.104328 0.01473 0.001005 4.75e-05 0 0 0 0 0 0 0 0 0 0 0 0 0 
1 0.698252 0.350945 0.102745 0.014755 0.0010325 5.75e-05 0 0 0 0 0 0 0 0 0 0 0 0 0 
1 0.698345 0.351683 0.103578 0.014865 0.00112 5.25e-05 0 0 0 0 0 0 0 0 0 0 0 0 0 
1 0.70026 0.354133 0.103353 0.014965 0.00104 3.5e-05 0 0 0 0 0 0 0 0 0 0 0 0 0 
1 0.699913 0.35428 0.10475 0.0151575 0.0010875 4.5e-05 0 0 0 0 0 0 0 0 0 0 0 0 0 
1 0.698128 0.35116 0.10246 0.01513 0.00113 6.75e-05 5e-06 0 0 0 0 0 0 0 0 0 0 0 0 
1 0.699805 0.354138 0.104863 0.0150675 0.0011875 8e-05 1e-05 2.5e-06 0 0 0 0 0 0 0 0 0 0 0 
1 0.699245 0.3507 0.102445 0.014635 0.00098 6e-05 0 0 0 0 0 0 0 0 0 0 0 0 0 
1 0.699635 0.352505 0.104363 0.0147025 0.0010275 2.75e-05 0 0 0 0 0 0 0 0 0 0 0 0 0 
1 0.700933 0.353665 0.103538 0.0150525 0.00117 4.25e-05 2.5e-06 0 0 0 0 0 0 0 0 0 0 0 0 
1 0.701012 0.355118 0.10479 0.014795 0.001155 5.25e-05 2.5e-06 0 0 0 0 0 0 0 0 0 0 0 0 
1 0.699465 0.35225 0.103185 0.0148075 0.0010575 3.25e-05 0 0 0 0 0 0 0 0 0 0 0 0 0 
1 0.701387 0.357708 0.10552 0.0154725 0.001235 6.75e-05 5e-06 0 0 0 0 0 0 0 0 0 0 0 0 
1 0.69813 0.352108 0.103663 0.0148275 0.001045 2.75e-05 0 0 0 0 0 0 0 0 0 0 0 0 0 
1 0.701855 0.356173 0.105303 0.014975 0.001095 4.25e-05 2.5e-06 0 0 0 0 0 0 0 0 0 0 0 0 
1 0.700195 0.353005 0.10259 0.01403 0.0009075 6.25e-05 5e-06 0 0 0 0 0 0 0 0 0 0 0 0 
1 0.701093 0.354975 0.105088 0.0149425 0.0010775 5e-05 2.5e-06 0 0 0 0 0 0 0 0 0 0 0 0 
1 0.698877 0.351235 0.103515 0.014565 0.000975 5.25e-05 0 0 0 0 0 0 0 0 0 0 0 0 0 
1 0.700792 0.354243 0.104918 0.01486 0.0010125 4.75e-05 0 0 0 0 0 0 0 0 0 0 0 0 0 
1 0.698655 0.35069 0.102208 0.014935 0.0011325 4e-05 2.5e-06 0 0 0 0 0 0 0 0 0 0 0 0 
1 0.700132 0.355513 0.104065 0.01479 0.001025 4.75e-05 5e-06 0 0 0 0 0 0 0 0 0 0 0 0 
1 0.70055 0.354378 0.104023 0.01522 0.0010825 3.75e-05 0 0 0 0 0 0 0 0 0 0 0 0 0 
1 0.699 0.352855 0.10423 0.01478 0.0010575 3.25e-05 0 0 0 0 0 0 0 0 0 0 0 0 0 
1 0.700598 0.354075 0.104418 0.0152625 0.001055 5.5e-05 2.5e-06 0 0 0 0 0 0 0 0 0 0 0 0 
1 0.700922 0.355685 0.105195 0.0151975 0.0010075 5.75e-05 2.5e-06 0 0 0 0 0 0 0 0 0 0 0 0 
1 0.69832 0.351095 0.102125 0.0144225 0.000985 6e-05 0 0 0 0 0 0 0 0 0 0 0 0 0 
1 0.70217 0.35766 0.107188 0.0157125 0.0010975 5.5e-05 0 0 0 0 0 0 0 0 0 0 0 0 0 
1 0.700027 0.354545 0.104503 0.01484 0.0010625 7.25e-05 0 0 0 0 0 0 0 0 0 0 0 0 0 
1 0.701613 0.354973 0.105238 0.01505 0.0009875 5.25e-05 0 0 0 0 0 0 0 0 0 0 0 0 0 
1 0.69927 0.35276 0.10319 0.0146975 0.00097 2.75e-05 0 0 0 0 0 0 0 0 0 0 0 0 0 
1 0.69884 0.350998 0.102268 0.014315 0.0009825 6e-05 0 0 0 0 0 0 0 0 0 0 0 0 0 
1 0.700577 0.354843 0.10412 0.014905 0.0011625 4e-05 0 0 0 0 0 0 0 0 0 0 0 0 0 
1 0.698902 0.352728 0.103445 0.014325 0.0010425 6e-05 2.5e-06 0 0 0 0 0 0 0 0 0 0 0 0 
1 0.700713 0.35488 0.10438 0.01489 0.0010675 4e-05 0 0 0 0 0 0 0 0 0 0 0 0 0 
1 0.70026 0.352745 0.103143 0.01426 0.0010225 3.75e-05 2.5e-06 0 0 0 0 0 0 0 0 0 0 0 0 
1 0.700587 0.354955 0.105125 0.015335 0.0011225 5.5e-05 0 0 0 0 0 0 0 0 0 0 0 0 0 
1 0.699908 0.353435 0.105393 0.0150475 0.0011425 4.25e-05 7.5e-06 2.5e-06 0 0 0 0 0 0 0 0 0 0 0 
1 0.699955 0.354598 0.103435 0.01448 0.001015 5e-05 0 0 0 0 0 0 0 0 0 0 0 0 0 
1 0.698707 0.35195 0.102548 0.014345 0.0009875 4.25e-05 0 0 0 0 0 0 0 0 0 0 0 0 0 
1 0.702512 0.35766 0.105075 0.0150875 0.00118 4e-05 0 0 0 0 0 0 0 0 0 0 0 0 0 
1 0.699162 0.35222 0.103413 0.014775 0.001015 3e-05 5e-06 0 0 0 0 0 0 0 0 0 0 0 0 
1 0.699603 0.352348 0.102575 0.0145775 0.0009775 5.5e-05 0 0 0 0 0 0 0 0 0 0 0 0 0 
1 0.698668 0.35271 0.10249 0.014335 0.000965 5.75e-05 5e-06 2.5e-06 0 0 0 0 0 0 0 0 0 0 0 
1 0.697995 0.35043 0.101793 0.0145325 0.00111 2.5e-05 0 0 0 0 0 0 0 0 0 0 0 0 0 
1 0.69944 0.354973 0.103818 0.01431 0.0009725 3.75e-05 0 0 0 0 0 0 0 0 0 0 0 0 0 
1 0.699392 0.35372 0.10448 0.014995 0.0012325 5.75e-05 0 0 0 0 0 0 0 0 0 0 0 0 0 
1 0.700068 0.352173 0.102958 0.01461 0.0011425 6e-05 1e-05 0 0 0 0 0 0 0 0 0 0 0 0 
1 0.699675 0.353133 0.103793 0.0149425 0.0011575 4.5e-05 2.5e-06 0 0 0 0 0 0 0 0 0 0 0 0 
1 0.698458 0.350323 0.10174 0.01371 0.00088 4e-05 0 0 0 0 0 0 0 0 0 0 0 0 0 
1 0.698512 0.352963 0.103848 0.0150625 0.001175 5.5e-05 0 0 0 0 0 0 0 0 0 0 0 0 0 
1 0.699875 0.353938 0.104363 0.01472 0.001 6.5e-05 0 0 0 0 0 0 0 0 0 0 0 0 0 
1 0.70046 0.35455 0.105343 0.0148925 0.00104 3.75e-05 0 0 0 0 0 0 0 0 0 0 0 0 0 
1 0.699777 0.35311 0.10359 0.0149975 0.0011425 4.25e-05 2.5e-06 0 0 0 0 0 0 0 0 0 0 0 0 
1 0.69833 0.353363 0.103375 0.0144725 0.00097 3.75e-05 0 0 0 0 0 0 0 0 0 0 0 0 0 
1 0.699588 0.351158 0.102008 0.0145875 0.0011075 5e-05 2.5e-06 0 0 0 0 0 0 0 0 0 0 0 0 
1 0.700737 0.355838 0.105173 0.01484 0.0011625 7.25e-05 0 0 0 0 0 0 0 0 0 0 0 0 0 
1 0.699345 0.353993 0.104018 0.014785 0.0010075 3.75e-05 2.5e-06 0 0 0 0 0 0 0 0 0 0 0 0 
1 0.699825 0.353448 0.103123 0.01478 0.0011525 5.25e-05 0 0 0 0 0 0 0 0 0 0 0 0 0 
1 0.69952 0.35314 0.103008 0.0143475 0.001055 4.5e-05 2.5e-06 0 0 0 0 0 0 0 0 0 0 0 0 
1 0.699557 0.353008 0.102695 0.0142 0.00089 3.5e-05 0 0 0 0 0 0 0 0 0 0 0 0 0 
1 0.703273 0.35813 0.106773 0.01578 0.001195 6.5e-05 2.5e-06 0 0 0 0 0 0 0 0 0 0 0 0 
1 0.701338 0.355155 0.10527 0.0150425 0.0011375 3.75e-05 0 0 0 0 0 0 0 0 0 0 0 0 0 
1 0.702097 0.357855 0.107385 0.015845 0.00126 4e-05 2.5e-06 0 0 0 0 0 0 0 0 0 0 0 0 
1 0.699732 0.352443 0.102833 0.01486 0.00099 5.75e-05 5e-06 0 0 0 0 0 0 0 0 0 0 0 0 
1 0.701878 0.356603 0.106225 0.015495 0.0011075 5e-05 7.5e-06 0 0 0 0 0 0 0 0 0 0 0 0 
1 0.699457 0.35414 0.105048 0.0154925 0.0012175 4.5e-05 2.5e-06 0 0 0 0 0 0 0 0 0 0 0 0 
1 0.699877 0.351708 0.102888 0.0148025 0.00114 5e-05 0 0 0 0 0 0 0 0 0 0 0 0 0 
1 0.701438 0.355068 0.105855 0.015135 0.001105 3.5e-05 5e-06 0 0 0 0 0 0 0 0 0 0 0 0 
1 0.702828 0.356635 0.10546 0.015235 0.001095 4.75e-05 2.5e-06 0 0 0 0 0 0 0 0 0 0 0 0 
1 0.698472 0.351493 0.103038 0.0145525 0.0010525 3.75e-05 0 0 0 0 0 0 0 0 0 0 0 0 0 
1 0.701082 0.354265 0.104583 0.01504 0.0011125 4.25e-05 0 0 0 0 0 0 0 0 0 0 0 0 0 
1 0.70078 0.353173 0.10371 0.01483 0.0011125 6e-05 0 0 0 0 0 0 0 0 0 0 0 0 0 
1 0.700425 0.354 0.103588 0.014725 0.00102 5.75e-05 2.5e-06 0 0 0 0 0 0 0 0 0 0 0 0 
1 0.701028 0.354533 0.10332 0.0147575 0.001105 4e-05 2.5e-06 0 0 0 0 0 0 0 0 0 0 0 0 
1 0.697185 0.34827 0.100943 0.013955 0.00093 4.5e-05 2.5e-06 0 0 0 0 0 0 0 0 0 0 0 0 
1 0.701555 0.354463 0.104298 0.015195 0.0011225 5.25e-05 2.5e-06 0 0 0 0 0 0 0 0 0 0 0 0 
1 0.6994 0.354723 0.104548 0.015255 0.0009975 5e-05 5e-06 0 0 0 0 0 0 0 0 0 0 0 0 
1 0.701908 0.357498 0.106625 0.01569 0.0011825 7.5e-05 5e-06 0 0 0 0 0 0 0 0 0 0 0 0 
1 0.70105 0.354368 0.104405 0.0151925 0.00119 4e-05 0 0 0 0 0 0 0 0 0 0 0 0 0 
1 0.7007 0.354605 0.104865 0.014975 0.00103 2.75e-05 0 0 0 0 0 0 0 0 0 0 0 0 0 
1 0.699832 0.35204 0.101738 0.014215 0.00095 4e-05 0 0 0 0 0 0 0 0 0 0 0 0 0 
1 0.700755 0.355553 0.103908 0.0146725 0.0010675 5.25e-05 2.5e-06 0 0 0 0 0 0 0 0 0 0 0 0 
1 0.698495 0.353203 0.10303 0.014875 0.001065 5.75e-05 0 0 0 0 0 0 0 0 0 0 0 0 0 
1 0.70019 0.353495 0.103203 0.014395 0.0010225 5e-05 0 0 0 0 0 0 0 0 0 0 0 0 0 
1 0.700977 0.355628 0.105263 0.0153 0.0010175 4.75e-05 2.5e-06 0 0 0 0 0 0 0 0 0 0 0 0 
1 0.699167 0.353468 0.10342 0.015055 0.00103 3.75e-05 2.5e-06 0 0 0 0 0 0 0 0 0 0 0 0 
1 0.699182 0.35281 0.103883 0.0146275 0.0010475 5e-05 5e-06 0 0 0 0 0 0 0 0 0 0 0 0 
1 0.701568 0.355843 0.106363 0.0154025 0.0010475 3.5e-05 0 0 0 0 0 0 0 0 0 0 0 0 0 
1 0.698945 0.351445 0.101878 0.0143225 0.00105 3.5e-05 5e-06 0 0 0 0 0 0 0 0 0 0 0 0 
1 0.700438 0.353075 0.103493 0.0149825 0.00106 6.5e-05 0 0 0 0 0 0 0 0 0 0 0 0 0 
1 0.697895 0.352138 0.102638 0.0143925 0.0009825 3.5e-05 0 0 0 0 0 0 0 0 0 0 0 0 0 
1 0.701202 0.354535 0.10387 0.014855 0.0011275 4.25e-05 2.5e-06 0 0 0 0 0 0 0 0 0 0 0 0 
1 0.698298 0.35264 0.103128 0.01489 0.0011025 4.5e-05 0 0 0 0 0 0 0 0 0 0 0 0 0 
1 0.703007 0.356773 0.10557 0.015095 0.001075 6e-05 5e-06 0 0 0 0 0 0 0 0 0 0 0 0 
1 0.701542 0.356073 0.10521 0.015055 0.00123 6e-05 2.5e-06 0 0 0 0 0 0 0 0 0 0 0 0 
1 0.701898 0.355485 0.104803 0.0152075 0.001175 5e-05 2.5e-06 0 0 0 0 0 0 0 0 0 0 0 0 
1 0.70037 0.35395 0.104673 0.01519 0.00104 3e-05 2.5e-06 0 0 0 0 0 0 0 0 0 0 0 0 
1 0.699808 0.35549 0.105495 0.0150175 0.0010325 5.5e-05 7.5e-06 0 0 0 0 0 0 0 0 0 0 0 0 
1 0.698633 0.352275 0.1036 0.0145275 0.001045 3.25e-05 0 0 0 0 0 0 0 0 0 0 0 0 0 
1 0.69903 0.351455 0.102318 0.0144375 0.0010825 5.75e-05 5e-06 0 0 0 0 0 0 0 0 0 0 0 0 
1 0.70195 0.35573 0.104615 0.0144375 0.00102 3.25e-05 0 0 0 0 0 0 0 0 0 0 0 0 0 
1 0.701508 0.357378 0.106225 0.01538 0.001105 4.25e-05 0 0 0 0 0 0 0 0 0 0 0 0 0 
1 0.69998 0.352003 0.102538 0.0142275 0.0008625 3.25e-05 0 0 0 0 0 0 0 0 0 0 0 0 0 
1 0.69855 0.35176 0.10312 0.014695 0.00105 5.5e-05 1e-05 0 0 0 0 0 0 0 0 0 0 0 0 
1 0.698485 0.351305 0.103243 0.0146275 0.001095 5.5e-05 0 0 0 0 0 0 0 0 0 0 0 0 0 
1 0.69847 0.351175 0.103015 0.01446 0.00111 5e-05 0 0 0 0 0 0 0 0 0 0 0 0 0 
1 0.69989 0.352923 0.103675 0.0151625 0.00112 5.75e-05 5e-06 0 0 0 0 0 0 0 0 0 0 0 0 
1 0.698215 0.351438 0.10221 0.0143875 0.00098 4e-05 2.5e-06 0 0 0 0 0 0 0 0 0 0 0 0 
1 0.700935 0.3543 0.105213 0.0149 0.00106 3.75e-05 0 0 0 0 0 0 0 0 0 0 0 0 0 
1 0.702003 0.35639 0.107035 0.01589 0.0013 7.25e-05 5e-06 0 0 0 0 0 0 0 0 0 0 0 0 
1 0.699285 0.352398 0.103728 0.0145575 0.0010225 4.75e-05 0 0 0 0 0 0 0 0 0 0 0 0 0 
1 0.699425 0.352473 0.102718 0.014335 0.000955 3.75e-05 0 0 0 0 0 0 0 0 0 0 0 0 0 
1 0.700247 0.353455 0.103808 0.0145925 0.0010675 5.75e-05 5e-06 0 0 0 0 0 0 0 0 0 0 0 0 
1 0.700553 0.35474 0.104553 0.0148625 0.0010525 4.5e-05 2.5e-06 0 0 0 0 0 0 0 0 0 0 0 0 
1 0.701085 0.354228 0.103868 0.0147375 0.0010625 5.25e-05 7.5e-06 2.5e-06 0 0 0 0 0 0 0 0 0 0 0 
1 0.70321 0.358688 0.107475 0.01547 0.0011025 3.75e-05 2.5e-06 0 0 0 0 0 0 0 0 0 0 0 0 
1 0.701757 0.35685 0.105738 0.0155575 0.00116 4e-05 0 0 0 0 0 0 0 0 0 0 0 0 0 
1 0.7012 0.35667 0.106265 0.01529 0.00122 5.75e-05 5e-06 0 0 0 0 0 0 0 0 0 0 0 0 
1 0.698497 0.352848 0.103123 0.01467 0.0011 3.75e-05 2.5e-06 0 0 0 0 0 0 0 0 0 0 0 0 
1 0.701202 0.355653 0.105235 0.0151325 0.0011925 4.75e-05 5e-06 2.5e-06 0 0 0 0 0 0 0 0 0 0 0 
1 0.700788 0.35505 0.10482 0.01521 0.0010125 3.75e-05 2.5e-06 0 0 0 0 0 0 0 0 0 0 0 0 
1 0.700357 0.355595 0.103918 0.0148 0.0010025 2.75e-05 0 0 0 0 0 0 0 0 0 0 0 0 0 
1 0.700013 0.354188 0.104475 0.0148175 0.0010875 3.75e-05 0 0 0 0 0 0 0 0 0 0 0 0 0 
1 0.70018 0.354935 0.10511 0.0154025 0.0010475 6e-05 7.5e-06 0 0 0 0 0 0 0 0 0 0 0 0 
1 0.699195 0.35225 0.10349 0.0146 0.0009925 2.25e-05 0 0 0 0 0 0 0 0 0 0 0 0 0 
1 0.699985 0.35264 0.103233 0.01465 0.0009975 5.75e-05 0 0 0 0 0 0 0 0 0 0 0 0 0 
1 0.699182 0.351878 0.102755 0.0145025 0.001115 6e-05 1.25e-05 0 0 0 0 0 0 0 0 0 0 0 0 
1 0.7013 0.354558 0.104943 0.01514 0.0010875 4.75e-05 7.5e-06 0 0 0 0 0 0 0 0 0 0 0 0 
1 0.702777 0.35653 0.10646 0.0152125 0.0009825 3.5e-05 5e-06 0 0 0 0 0 0 0 0 0 0 0 0 
1 0.699535 0.353498 0.10259 0.01443 0.0010075 3.5e-05 0 0 0 0 0 0 0 0 0 0 0 0 0 
1 0.699245 0.352948 0.103028 0.0148275 0.001195 7e-05 2.5e-06 0 0 0 0 0 0 0 0 0 0 0 0 
1 0.701595 0.35393 0.10478 0.01499 0.0010575 7.25e-05 5e-06 0 0 0 0 0 0 0 0 0 0 0 0 
1 0.697267 0.349795 0.101488 0.014345 0.0011075 8e-05 0 0 0 0 0 0 0 0 0 0 0 0 0 
1 0.698978 0.351918 0.103118 0.0142075 0.0010275 5.5e-05 7.5e-06 0 0 0 0 0 0 0 0 0 0 0 0 
1 0.701285 0.35396 0.10301 0.014665 0.0010675 4.5e-05 0 0 0 0 0 0 0 0 0 0 0 0 0 
1 0.701315 0.355655 0.105095 0.0150325 0.00097 4e-05 0 0 0 0 0 0 0 0 0 0 0 0 0 
1 0.700437 0.355318 0.105008 0.0149975 0.001105 4e-05 0 0 0 0 0 0 0 0 0 0 0 0 0 
1 0.700083 0.354343 0.10467 0.014685 0.001065 4.25e-05 5e-06 0 0 0 0 0 0 0 0 0 0 0 0 
1 0.698947 0.354005 0.103885 0.0153475 0.0012275 5.25e-05 0 0 0 0 0 0 0 0 0 0 0 0 0 
1 0.701257 0.356405 0.106078 0.015295 0.00112 6.25e-05 0 0 0 0 0 0 0 0 0 0 0 0 0 
1 0.699552 0.353273 0.103883 0.0147625 0.00114 5e-05 5e-06 0 0 0 0 0 0 0 0 0 0 0 0 
1 0.699762 0.353538 0.103198 0.0144625 0.0011525 6.75e-05 2.5e-06 0 0 0 0 0 0 0 0 0 0 0 0 
1 0.700533 0.354133 0.103843 0.0147725 0.0011225 3.25e-05 0 0 0 0 0 0 0 0 0 0 0 0 0 
1 0.699465 0.352153 0.102575 0.0143625 0.000975 3.25e-05 0 0 0 0 0 0 0 0 0 0 0 0 0 
1 0.70099 0.35607 0.10493 0.0152575 0.0012075 6.25e-05 2.5e-06 0 0 0 0 0 0 0 0 0 0 0 0 
1 0.699088 0.352593 0.104215 0.01511 0.00113 5.5e-05 2.5e-06 0 0 0 0 0 0 0 0 0 0 0 0 
1 0.69786 0.352158 0.102685 0.0146125 0.0011425 5.75e-05 0 0 0 0 0 0 0 0 0 0 0 0 0 
1 0.69954 0.352475 0.103115 0.0146175 0.0009625 3.5e-05 2.5e-06 0 0 0 0 0 0 0 0 0 0 0 0 
1 0.70232 0.357238 0.106863 0.01593 0.00111 5.5e-05 0 0 0 0 0 0 0 0 0 0 0 0 0 
1 0.699315 0.354705 0.10477 0.0149325 0.001005 3.5e-05 0 0 0 0 0 0 0 0 0 0 0 0 0 
1 0.700235 0.353013 0.104068 0.0147825 0.0010625 2.25e-05 2.5e-06 0 0 0 0 0 0 0 0 0 0 0 0 
1 0.700205 0.354785 0.105085 0.01501 0.000995 3.25e-05 0 0 0 0 0 0 0 0 0 0 0 0 0 
1 0.69908 0.354635 0.104638 0.015025 0.0010675 5.75e-05 0 0 0 0 0 0 0 0 0 0 0 0 0 
1 0.700845 0.355298 0.104503 0.0145425 0.0011175 4.75e-05 0 0 0 0 0 0 0 0 0 0 0 0 0 
1 0.69949 0.352955 0.103643 0.014535 0.001005 4.5e-05 2.5e-06 0 0 0 0 0 0 0 0 0 0 0 0 
1 0.700407 0.354708 0.104365 0.0142975 0.00099 7.25e-05 0 0 0 0 0 0 0 0 0 0 0 0 0 
1 0.70179 0.356053 0.105045 0.0148375 0.001085 9.5e-05 1e-05 0 0 0 0 0 0 0 0 0 0 0 0 
1 0.700765 0.354638 0.10398 0.0150375 0.0010275 3e-05 0 0 0 0 0 0 0 0 0 0 0 0 0 
1 0.69991 0.353668 0.103718 0.0147075 0.001025 3.25e-05 0 0 0 0 0 0 0 0 0 0 0 0 0 
1 0.700872 0.355 0.104928 0.01484 0.0009825 4.25e-05 2.5e-06 0 0 0 0 0 0 0 0 0 0 0 0 
1 0.698265 0.351088 0.10229 0.0140475 0.0009775 4.5e-05 0 0 0 0 0 0 0 0 0 0 0 0 0 
1 0.702205 0.35556 0.105513 0.01571 0.00123 5.5e-05 0 0 0 0 0 0 0 0 0 0 0 0 0 
1 0.701105 0.355158 0.104633 0.0151775 0.00118 3e-05 0 0 0 0 0 0 0 0 0 0 0 0 0 
1 0.699727 0.353428 0.103898 0.0150725 0.0010775 5.5e-05 0 0 0 0 0 0 0 0 0 0 0 0 0 
1 0.698427 0.351515 0.102193 0.01419 0.00096 5.5e-05 0 0 0 0 0 0 0 0 0 0 0 0 0 
1 0.697822 0.350525 0.102323 0.01438 0.00091 4e-05 0 0 0 0 0 0 0 0 0 0 0 0 0 
1 0.69813 0.34909 0.10074 0.014105 0.000925 2.25e-05 0 0 0 0 0 0 0 0 0 0 0 0 0 
1 0.7004 0.355235 0.104823 0.0155275 0.0010775 6e-05 2.5e-06 0 0 0 0 0 0 0 0 0 0 0 0 
1 0.699195 0.353355 0.10496 0.0152675 0.0011675 7.5e-05 2.5e-06 0 0 0 0 0 0 0 0 0 0 0 0 
1 0.698773 0.351233 0.102233 0.0145925 0.0011225 6.25e-05 0 0 0 0 0 0 0 0 0 0 0 0 0 
1 0.700152 0.355195 0.10499 0.0152875 0.0011325 3.75e-05 2.5e-06 0 0 0 0 0 0 0 0 0 0 0 0 
1 0.700865 0.354468 0.104433 0.01527 0.0011875 9e-05 2.5e-06 0 0 0 0 0 0 0 0 0 0 0 0 
1 0.698538 0.351253 0.102008 0.01422 0.0009925 3.75e-05 2.5e-06 0 0 0 0 0 0 0 0 0 0 0 0 
1 0.699425 0.353165 0.103973 0.0150325 0.0010725 4.75e-05 2.5e-06 0 0 0 0 0 0 0 0 0 0 0 0 
1 0.700468 0.355358 0.104373 0.0146725 0.00102 6e-05 2.5e-06 0 0 0 0 0 0 0 0 0 0 0 0 
1 0.699978 0.354068 0.10488 0.0147375 0.0010175 4.75e-05 2.5e-06 0 0 0 0 0 0 0 0 0 0 0 0 
1 0.69809 0.35268 0.10244 0.0145775 0.00098 3.5e-05 0 0 0 0 0 0 0 0 0 0 0 0 0 
1 0.69895 0.350328 0.10059 0.014205 0.0010325 4.5e-05 0 0 0 0 0 0 0 0 0 0 0 0 0 
1 0.699657 0.353718 0.1042 0.0147125 0.0010375 2e-05 0 0 0 0 0 0 0 0 0 0 0 0 0 
1 0.698635 0.350805 0.101543 0.014005 0.0009325 4.5e-05 0 0 0 0 0 0 0 0 0 0 0 0 0 
1 0.697045 0.3506 0.103253 0.01419 0.0007975 3.75e-05 0 0 0 0 0 0 0 0 0 0 0 0 0 
1 0.70025 0.354465 0.104143 0.0146675 0.00099 4.75e-05 0 0 0 0 0 0 0 0 0 0 0 0 0 
1 0.699287 0.352988 0.103323 0.01442 0.000955 2.5e-05 0 0 0 0 0 0 0 0 0 0 0 0 0 
1 0.700213 0.355258 0.104903 0.015065 0.0010825 4.75e-05 5e-06 2.5e-06 0 0 0 0 0 0 0 0 0 0 0 
1 0.701465 0.355228 0.105725 0.0152925 0.0011125 6.5e-05 5e-06 0 0 0 0 0 0 0 0 0 0 0 0 
1 0.700407 0.35575 0.104468 0.014445 0.0009575 3.25e-05 0 0 0 0 0 0 0 0 0 0 0 0 0 
1 0.69945 0.351758 0.10339 0.0146375 0.001105 3e-05 0 0 0 0 0 0 0 0 0 0 0 0 0 
1 0.698878 0.352778 0.10299 0.0145225 0.000915 5.5e-05 7.5e-06 2.5e-06 0 0 0 0 0 0 0 0 0 0 0 
1 0.701043 0.355465 0.104515 0.01518 0.0010925 2.5e-05 0 0 0 0 0 0 0 0 0 0 0 0 0 
1 0.70268 0.358375 0.106093 0.0156675 0.0011475 6.75e-05 0 0 0 0 0 0 0 0 0 0 0 0 0 
1 0.701122 0.356155 0.105913 0.015665 0.001025 3.75e-05 0 0 0 0 0 0 0 0 0 0 0 0 0 
1 0.697975 0.35169 0.103658 0.0149125 0.0010425 3.5e-05 0 0 0 0 0 0 0 0 0 0 0 0 0 
1 0.699673 0.352738 0.10302 0.01444 0.0010575 4.5e-05 0 0 0 0 0 0 0 0 0 0 0 0 0 
1 0.702017 0.355955 0.10489 0.0146075 0.0010875 4.5e-05 0 0 0 0 0 0 0 0 0 0 0 0 0 
1 0.700202 0.35366 0.104615 0.01538 0.0012625 6e-05 2.5e-06 0 0 0 0 0 0 0 0 0 0 0 0 
1 0.699848 0.35296 0.103433 0.0144625 0.00103 3e-05 2.5e-06 0 0 0 0 0 0 0 0 0 0 0 0 
1 0.698975 0.352185 0.10304 0.014505 0.000985 5.25e-05 2.5e-06 0 0 0 0 0 0 0 0 0 0 0 0 
1 0.698542 0.352398 0.102905 0.01455 0.0010425 3.5e-05 7.5e-06 0 0 0 0 0 0 0 0 0 0 0 0 
1 0.701475 0.354718 0.105643 0.01511 0.00114 5e-05 2.5e-06 0 0 0 0 0 0 0 0 0 0 0 0 
1 0.702363 0.356233 0.106545 0.01578 0.00116 4.25e-05 5e-06 0 0 0 0 0 0 0 0 0 0 0 0 
1 0.69956 0.353863 0.103315 0.01475 0.0010075 4e-05 0 0 0 0 0 0 0 0 0 0 0 0 0 
1 0.700205 0.352958 0.10357 0.0148525 0.0010825 3.5e-05 2.5e-06 0 0 0 0 0 0 0 0 0 0 0 0 
1 0.698807 0.352035 0.101245 0.0143525 0.0009175 3.5e-05 0 0 0 0 0 0 0 0 0 0 0 0 0 
1 0.69815 0.35149 0.102028 0.014725 0.0011375 5.25e-05 5e-06 0 0 0 0 0 0 0 0 0 0 0 0 
1 0.700858 0.354985 0.105395 0.015255 0.00121 7.5e-05 0 0 0 0 0 0 0 0 0 0 0 0 0 
1 0.698497 0.350558 0.101883 0.01444 0.001035 3.75e-05 2.5e-06 0 0 0 0 0 0 0 0 0 0 0 0 
1 0.699952 0.353548 0.104078 0.014775 0.0009375 3e-05 0 0 0 0 0 0 0 0 0 0 0 0 0 
1 0.699492 0.35266 0.10373 0.0149825 0.0011675 5.75e-05 0 0 0 0 0 0 0 0 0 0 0 0 0 
1 0.700545 0.352793 0.102868 0.0145575 0.001065 4.25e-05 5e-06 0 0 0 0 0 0 0 0 0 0 0 0 
1 0.699383 0.352915 0.102743 0.0144675 0.0010675 4.75e-05 7.5e-06 0 0 0 0 0 0 0 0 0 0 0 0 
1 0.699175 0.3526 0.10278 0.0144975 0.0010075 4.25e-05 0 0 0 0 0 0 0 0 0 0 0 0 0 
1 0.701275 0.356665 0.106833 0.0160075 0.0011725 5.5e-05 0 0 0 0 0 0 0 0 0 0 0 0 0 
1 0.700913 0.354523 0.104325 0.015145 0.0010975 3.75e-05 0 0 0 0 0 0 0 0 0 0 0 0 0 
1 0.701155 0.353608 0.103015 0.0144625 0.00106 5.5e-05 5e-06 0 0 0 0 0 0 0 0 0 0 0 0 
1 0.698395 0.35217 0.104228 0.015415 0.001025 5e-05 0 0 0 0 0 0 0 0 0 0 0 0 0 
1 0.699103 0.351133 0.10198 0.0139625 0.00092 3.75e-05 2.5e-06 0 0 0 0 0 0 0 0 0 0 0 0 
1 0.702565 0.356885 0.106018 0.01488 0.0010775 2.5e-05 2.5e-06 0 0 0 0 0 0 0 0 0 0 0 0 
1 0.69946 0.352055 0.102503 0.014115 0.00103 4.25e-05 2.5e-06 0 0 0 0 0 0 0 0 0 0 0 0 
1 0.69921 0.354233 0.103885 0.0144725 0.0010675 3.5e-05 5e-06 0 0 0 0 0 0 0 0 0 0 0 0 
1 0.701395 0.353995 0.103518 0.0143825 0.00098 4e-05 0 0 0 0 0 0 0 0 0 0 0 0 0 
1 0.699592 0.353285 0.103583 0.01502 0.001135 5.5e-05 2.5e-06 0 0 0 0 0 0 0 0 0 0 0 0 
1 0.699182 0.353083 0.10387 0.01508 0.00113 3.75e-05 2.5e-06 0 0 0 0 0 0 0 0 0 0 0 0 
1 0.699127 0.35203 0.102825 0.01453 0.0010975 5.25e-05 0 0 0 0 0 0 0 0 0 0 0 0 0 
1 0.699125 0.352403 0.10381 0.015095 0.0010725 5e-05 0 0 0 0 0 0 0 0 0 0 0 0 0 
1 0.70151 0.357165 0.106058 0.01501 0.001125 5.25e-05 2.5e-06 0 0 0 0 0 0 0 0 0 0 0 0 
1 0.700992 0.356173 0.105215 0.0150275 0.0010325 5.75e-05 5e-06 0 0 0 0 0 0 0 0 0 0 0 0 
1 0.698838 0.352115 0.101918 0.0144375 0.0011175 4.75e-05 2.5e-06 0 0 0 0 0 0 0 0 0 0 0 0 
1 0.700592 0.35375 0.103695 0.01487 0.00097 4.5e-05 0 0 0 0 0 0 0 0 0 0 0 0 0 
1 0.70146 0.35428 0.10462 0.01499 0.0011375 4.75e-05 0 0 0 0 0 0 0 0 0 0 0 0 0 
1 0.701847 0.356613 0.10545 0.0149225 0.0010425 5e-05 2.5e-06 0 0 0 0 0 0 0 0 0 0 0 0 
1 0.699955 0.352963 0.104328 0.0150575 0.0011275 4e-05 5e-06 0 0 0 0 0 0 0 0 0 0 0 0 
1 0.69877 0.351753 0.102343 0.01413 0.00105 3.25e-05 2.5e-06 0 0 0 0 0 0 0 0 0 0 0 0 
1 0.700275 0.35261 0.103453 0.01483 0.0010275 5.5e-05 2.5e-06 0 0 0 0 0 0 0 0 0 0 0 0 
1 0.698853 0.351115 0.102113 0.01459 0.001065 4.25e-05 5e-06 0 0 0 0 0 0 0 0 0 0 0 0 
1 0.699065 0.352415 0.102833 0.01482 0.0010625 5e-05 0 0 0 0 0 0 0 0 0 0 0 0 0 
1 0.698825 0.352673 0.103458 0.01474 0.001125 7e-05 0 0 0 0 0 0 0 0 0 0 0 0 0 
1 0.698405 0.351895 0.102955 0.0144275 0.0011225 6.5e-05 5e-06 0 0 0 0 0 0 0 0 0 0 0 0 
1 0.70094 0.355143 0.104858 0.015205 0.0011725 5.75e-05 2.5e-06 0 0 0 0 0 0 0 0 0 0 0 0 
1 0.700145 0.354298 0.104873 0.0153875 0.0012075 5.25e-05 2.5e-06 0 0 0 0 0 0 0 0 0 0 0 0 
1 0.702258 0.356258 0.105508 0.0151325 0.001065 5e-05 0 0 0 0 0 0 0 0 0 0 0 0 0 
1 0.700065 0.353815 0.103823 0.0149825 0.001195 8e-05 5e-06 0 0 0 0 0 0 0 0 0 0 0 0 
1 0.699627 0.35373 0.1045 0.0150375 0.001075 6e-05 1e-05 0 0 0 0 0 0 0 0 0 0 0 0 
1 0.70161 0.35513 0.104153 0.0146425 0.00096 4.5e-05 0 0 0 0 0 0 0 0 0 0 0 0 0 
1 0.70006 0.353893 0.104048 0.0148875 0.0011 5.25e-05 0 0 0 0 0 0 0 0 0 0 0 0 0 
1 0.699688 0.352663 0.104125 0.0150525 0.001025 3.5e-05 2.5e-06 0 0 0 0 0 0 0 0 0 0 0 0 
1 0.69999 0.353043 0.10297 0.01438 0.0010475 4.75e-05 5e-06 0 0 0 0 0 0 0 0 0 0 0 0 
1 0.699505 0.353373 0.104553 0.01444 0.0009525 4e-05 0 0 0 0 0 0 0 0 0 0 0 0 0 
1 0.699848 0.354465 0.104543 0.0147925 0.0010975 4e-05 5e-06 0 0 0 0 0 0 0 0 0 0 0 0 
1 0.699953 0.353188 0.104123 0.0148125 0.0010975 3.25e-05 0 0 0 0 0 0 0 0 0 0 0 0 0 
1 0.698083 0.353175 0.103275 0.01464 0.001065 3e-05 0 0 0 0 0 0 0 0 0 0 0 0 0 
1 0.69932 0.353118 0.103905 0.0148475 0.001055 3.75e-05 0 0 0 0 0 0 0 0 0 0 0 0 0 
1 0.699555 0.35274 0.103688 0.0147125 0.001065 4.25e-05 2.5e-06 0 0 0 0 0 0 0 0 0 0 0 0 
1 0.700015 0.354503 0.105203 0.0150625 0.0011925 6.5e-05 5e-06 0 0 0 0 0 0 0 0 0 0 0 0 
1 0.7006 0.35546 0.10724 0.015605 0.0011125 3.5e-05 0 0 0 0 0 0 0 0 0 0 0 0 0 
1 0.697972 0.35044 0.101813 0.0144325 0.0010025 4e-05 0 0 0 0 0 0 0 0 0 0 0 0 0 
1 0.70003 0.353125 0.103428 0.0147575 0.000985 3.25e-05 0 0 0 0 0 0 0 0 0 0 0 0 0 
1 0.699952 0.353198 0.102965 0.0143725 0.001 6e-05 0 0 0 0 0 0 0 0 0 0 0 0 0 
1 0.699605 0.353478 0.104895 0.015035 0.0010125 5.25e-05 2.5e-06 0 0 0 0 0 0 0 0 0 0 0 0 
1 0.697023 0.34906 0.101673 0.014455 0.001055 3.25e-05 2.5e-06 0 0 0 0 0 0 0 0 0 0 0 0 
1 0.70083 0.35602 0.105608 0.0154075 0.0011475 6.25e-05 2.5e-06 0 0 0 0 0 0 0 0 0 0 0 0 
1 0.701393 0.355348 0.1049 0.014985 0.00109 6e-05 7.5e-06 0 0 0 0 0 0 0 0 0 0 0 0 
1 0.698575 0.35226 0.103015 0.014625 0.00113 5.25e-05 0 0 0 0 0 0 0 0 0 0 0 0 0 
1 0.700293 0.352508 0.10236 0.014125 0.00101 5.75e-05 2.5e-06 0 0 0 0 0 0 0 0 0 0 0 0 
1 0.700008 0.353495 0.10451 0.0154 0.0011375 3.5e-05 0 0 0 0 0 0 0 0 0 0 0 0 0 
1 0.700397 0.355433 0.105435 0.0153675 0.0013025 8.25e-05 5e-06 0 0 0 0 0 0 0 0 0 0 0 0 
1 0.70008 0.353355 0.104115 0.015135 0.00117 6e-05 0 0 0 0 0 0 0 0 0 0 0 0 0 
1 0.700718 0.35552 0.105013 0.0151075 0.00101 3.75e-05 0 0 0 0 0 0 0 0 0 0 0 0 0 
1 0.699183 0.352953 0.102995 0.0147475 0.001155 4.5e-05 0 0 0 0 0 0 0 0 0 0 0 0 0 
1 0.701573 0.357165 0.107063 0.015665 0.0013 6.5e-05 2.5e-06 2.5e-06 0 0 0 0 0 0 0 0 0 0 0 
1 0.70174 0.356875 0.106283 0.015435 0.00117 5.25e-05 0 0 0 0 0 0 0 0 0 0 0 0 0 
1 0.701417 0.356403 0.1049 0.014425 0.001065 4.75e-05 2.5e-06 0 0 0 0 0 0 0 0 0 0 0 0 
1 0.69891 0.351365 0.102398 0.0147475 0.0010075 4.75e-05 2.5e-06 0 0 0 0 0 0 0 0 0 0 0 0 
1 0.702117 0.35698 0.10661 0.01558 0.0010475 3.5e-05 0 0 0 0 0 0 0 0 0 0 0 0 0 
1 0.699365 0.354033 0.103553 0.0151525 0.0010575 3.25e-05 2.5e-06 0 0 0 0 0 0 0 0 0 0 0 0 
1 0.701853 0.35648 0.105975 0.0152525 0.00105 5e-05 7.5e-06 0 0 0 0 0 0 0 0 0 0 0 0 
1 0.700508 0.35428 0.104265 0.01478 0.00106 2.5e-05 0 0 0 0 0 0 0 0 0 0 0 0 0 
1 0.700615 0.353873 0.104063 0.015 0.001095 5e-05 0 0 0 0 0 0 0 0 0 0 0 0 0 
1 0.699845 0.35366 0.10368 0.0147375 0.001005 5.5e-05 0 0 0 0 0 0 0 0 0 0 0 0 0 
1 0.698455 0.35078 0.103158 0.014585 0.0009825 4e-05 2.5e-06 0 0 0 0 0 0 0 0 0 0 0 0 
1 0.69966 0.354263 0.104318 0.014725 0.000955 3.5e-05 0 0 0 0 0 0 0 0 0 0 0 0 0 
1 0.697985 0.353118 0.103455 0.0145625 0.0010225 5e-05 0 0 0 0 0 0 0 0 0 0 0 0 0 
1 0.701672 0.35538 0.105353 0.0151925 0.001095 6.25e-05 2.5e-06 0 0 0 0 0 0 0 0 0 0 0 0 
1 0.69962 0.355813 0.104515 0.01502 0.00111 6.25e-05 2.5e-06 0 0 0 0 0 0 0 0 0 0 0 0 
1 0.699195 0.35193 0.10272 0.01463 0.0011525 6.75e-05 0 0 0 0 0 0 0 0 0 0 0 0 0 
1 0.701043 0.355015 0.105733 0.014905 0.001125 5.75e-05 0 0 0 0 0 0 0 0 0 0 0 0 0 
1 0.6988 0.352768 0.103403 0.0147225 0.0011125 5e-05 0 0 0 0 0 0 0 0 0 0 0 0 0 
1 0.702062 0.354855 0.104233 0.0149025 0.0011175 4.75e-05 0 0 0 0 0 0 0 0 0 0 0 0 0 
1 0.699675 0.35218 0.102623 0.014665 0.0011425 7e-05 0 0 0 0 0 0 0 0 0 0 0 0 0 
1 0.700405 0.355028 0.105513 0.0153525 0.001155 3.75e-05 0 0 0 0 0 0 0 0 0 0 0 0 0 
1 0.6978 0.351598 0.103058 0.0150275 0.001025 3e-05 0 0 0 0 0 0 0 0 0 0 0 0 0 
1 0.703032 0.356803 0.106348 0.0158175 0.00119 7.75e-05 7.5e-06 2.5e-06 0 0 0 0 0 0 0 0 0 0 0 
1 0.701228 0.35596 0.10546 0.0152525 0.0010975 4e-05 0 0 0 0 0 0 0 0 0 0 0 0 0 
1 0.69937 0.354093 0.105248 0.0148325 0.0011675 7e-05 2.5e-06 0 0 0 0 0 0 0 0 0 0 0 0 
1 0.698618 0.35289 0.1028 0.0145975 0.0009575 4.25e-05 0 0 0 0 0 0 0 0 0 0 0 0 0 
1 0.697353 0.352265 0.10369 0.01421 0.00098 4.75e-05 0 0 0 0 0 0 0 0 0 0 0 0 0 
1 0.700378 0.354963 0.104423 0.014875 0.0010575 6.5e-05 0 0 0 0 0 0 0 0 0 0 0 0 0 
1 0.700708 0.353648 0.103838 0.01451 0.0009875 3.75e-05 0 0 0 0 0 0 0 0 0 0 0 0 0 
1 0.700555 0.355145 0.104623 0.01478 0.0010825 2.25e-05 0 0 0 0 0 0 0 0 0 0 0 0 0 
1 0.698685 0.351323 0.103048 0.01449 0.00106 4.75e-05 2.5e-06 0 0 0 0 0 0 0 0 0 0 0 0 
1 0.699978 0.352823 0.10369 0.01462 0.0009725 3.25e-05 0 0 0 0 0 0 0 0 0 0 0 0 0 
1 0.699723 0.35371 0.10399 0.01504 0.001135 5.5e-05 5e-06 2.5e-06 0 0 0 0 0 0 0 0 0 0 0 
1 0.69987 0.352205 0.103113 0.0143875 0.001085 4.5e-05 2.5e-06 0 0 0 0 0 0 0 0 0 0 0 0 
1 0.697145 0.34972 0.101995 0.014365 0.0010825 5.25e-05 0 0 0 0 0 0 0 0 0 0 0 0 0 
1 0.6997 0.352693 0.102325 0.014125 0.0009675 5e-05 1.25e-05 5e-06 0 0 0 0 0 0 0 0 0 0 0 
1 0.701115 0.3546 0.104945 0.0152625 0.00107 4.75e-05 0 0 0 0 0 0 0 0 0 0 0 0 0 
1 0.697843 0.35151 0.101295 0.014005 0.000925 3.25e-05 2.5e-06 0 0 0 0 0 0 0 0 0 0 0 0 
1 0.701733 0.356465 0.105928 0.0156875 0.001105 5.75e-05 0 0 0 0 0 0 0 0 0 0 0 0 0 
1 0.698385 0.35217 0.102538 0.014255 0.0010125 5.25e-05 2.5e-06 0 0 0 0 0 0 0 0 0 0 0 0 
1 0.700237 0.355563 0.104933 0.015285 0.0011 3.5e-05 2.5e-06 0 0 0 0 0 0 0 0 0 0 0 0 
1 0.700195 0.353828 0.10515 0.0149625 0.0010125 4.5e-05 2.5e-06 0 0 0 0 0 0 0 0 0 0 0 0 
1 0.701258 0.357568 0.10556 0.0148025 0.001095 6.25e-05 2.5e-06 0 0 0 0 0 0 0 0 0 0 0 0 
1 0.70056 0.354443 0.10416 0.0148825 0.0011 6.5e-05 2.5e-06 0 0 0 0 0 0 0 0 0 0 0 0 
1 0.701633 0.35569 0.10649 0.0157825 0.001155 4.5e-05 0 0 0 0 0 0 0 0 0 0 0 0 0 
1 0.702955 0.358353 0.10721 0.0158975 0.00124 8.5e-05 0 0 0 0 0 0 0 0 0 0 0 0 0 
1 0.698735 0.352243 0.10369 0.0146375 0.0010475 5e-05 2.5e-06 0 0 0 0 0 0 0 0 0 0 0 0 
1 0.700277 0.353795 0.10356 0.0148175 0.00099 3e-05 0 0 0 0 0 0 0 0 0 0 0 0 0 
1 0.70091 0.354645 0.105278 0.014955 0.0010125 3.5e-05 2.5e-06 2.5e-06 0 0 0 0 0 0 0 0 0 0 0 
1 0.701183 0.35488 0.104913 0.01511 0.00107 3e-05 0 0 0 0 0 0 0 0 0 0 0 0 0 
1 0.699427 0.352455 0.10286 0.0145475 0.000975 4e-05 0 0 0 0 0 0 0 0 0 0 0 0 0 
1 0.701985 0.355298 0.10468 0.01559 0.0012775 6.5e-05 2.5e-06 0 0 0 0 0 0 0 0 0 0 0 0 
1 0.699323 0.353715 0.103375 0.01469 0.00112 4.25e-05 0 0 0 0 0 0 0 0 0 0 0 0 0 
1 0.700712 0.356393 0.10553 0.015285 0.0011475 6.5e-05 7.5e-06 2.5e-06 0 0 0 0 0 0 0 0 0 0 0 
1 0.701275 0.355195 0.105788 0.0152725 0.0011725 7.25e-05 2.5e-06 0 0 0 0 0 0 0 0 0 0 0 0 
1 0.700577 0.352675 0.103815 0.01497 0.0009925 4.5e-05 5e-06 0 0 0 0 0 0 0 0 0 0 0 0 
1 0.699207 0.35436 0.105338 0.01519 0.0012525 5e-05 0 0 0 0 0 0 0 0 0 0 0 0 0 
1 0.700683 0.354043 0.103725 0.01493 0.0011525 4.25e-05 5e-06 0 0 0 0 0 0 0 0 0 0 0 0 
1 0.699988 0.353893 0.10551 0.0150875 0.0011375 6.25e-05 2.5e-06 0 0 0 0 0 0 0 0 0 0 0 0 
1 0.699768 0.354043 0.103175 0.01453 0.0010425 6.25e-05 5e-06 0 0 0 0 0 0 0 0 0 0 0 0 
1 0.69968 0.35417 0.104288 0.014855 0.0011025 5.5e-05 2.5e-06 0 0 0 0 0 0 0 0 0 0 0 0 
1 0.699635 0.35337 0.103885 0.0149625 0.0010625 2.5e-05 0 0 0 0 0 0 0 0 0 0 0 0 0 
1 0.699978 0.354493 0.104318 0.0147025 0.001025 3.75e-05 5e-06 0 0 0 0 0 0 0 0 0 0 0 0 
1 0.700938 0.354028 0.103985 0.0150725 0.00118 6e-05 0 0 0 0 0 0 0 0 0 0 0 0 0 
1 0.699405 0.352633 0.103763 0.014955 0.00103 6.25e-05 2.5e-06 2.5e-06 0 0 0 0 0 0 0 0 0 0 0 
1 0.699465 0.353188 0.103333 0.0147775 0.0010575 4.5e-05 2.5e-06 0 0 0 0 0 0 0 0 0 0 0 0 
1 0.69899 0.35411 0.104303 0.01503 0.0011925 3.5e-05 2.5e-06 0 0 0 0 0 0 0 0 0 0 0 0 
1 0.697507 0.350555 0.100835 0.014115 0.000985 5e-05 0 0 0 0 0 0 0 0 0 0 0 0 0 
1 0.700732 0.35532 0.105368 0.01532 0.00105 7.25e-05 2.5e-06 2.5e-06 0 0 0 0 0 0 0 0 0 0 0 
1 0.699228 0.352498 0.104315 0.014895 0.0011125 7.5e-05 0 0 0 0 0 0 0 0 0 0 0 0 0 
1 0.699037 0.350985 0.102323 0.01443 0.0010175 3e-05 5e-06 0 0 0 0 0 0 0 0 0 0 0 0 
1 0.70085 0.355148 0.104568 0.014845 0.001065 4.5e-05 0 0 0 0 0 0 0 0 0 0 0 0 0 
1 0.700072 0.353868 0.104408 0.01483 0.0010125 4.25e-05 0 0 0 0 0 0 0 0 0 0 0 0 0 
1 0.699207 0.35471 0.104335 0.0142025 0.0008825 3e-05 5e-06 0 0 0 0 0 0 0 0 0 0 0 0 
1 0.698482 0.349848 0.101103 0.014125 0.001 4e-05 5e-06 2.5e-06 0 0 0 0 0 0 0 0 0 0 0 
1 0.699708 0.35202 0.103618 0.0150975 0.00116 5e-05 2.5e-06 0 0 0 0 0 0 0 0 0 0 0 0 
1 0.700013 0.355043 0.10379 0.0146575 0.0009725 5.5e-05 0 0 0 0 0 0 0 0 0 0 0 0 0 
1 0.698422 0.35219 0.102415 0.0143125 0.00109 6e-05 2.5e-06 0 0 0 0 0 0 0 0 0 0 0 0 
1 0.698542 0.354318 0.104583 0.0149775 0.001195 4e-05 2.5e-06 0 0 0 0 0 0 0 0 0 0 0 0 
1 0.700413 0.35356 0.103508 0.0144625 0.0010825 3.5e-05 2.5e-06 0 0 0 0 0 0 0 0 0 0 0 0 
1 0.699773 0.352865 0.102795 0.01431 0.00096 2.25e-05 0 0 0 0 0 0 0 0 0 0 0 0 0 
1 0.69997 0.354165 0.10428 0.01508 0.00117 6.5e-05 5e-06 0 0 0 0 0 0 0 0 0 0 0 0 
1 0.699923 0.353423 0.103738 0.014855 0.00115 5e-05 0 0 0 0 0 0 0 0 0 0 0 0 0 
1 0.697672 0.350575 0.10273 0.0141025 0.00093 4.25e-05 2.5e-06 0 0 0 0 0 0 0 0 0 0 0 0 
1 0.700388 0.352633 0.10308 0.01464 0.0010525 4.25e-05 0 0 0 0 0 0 0 0 0 0 0 0 0 
1 0.699775 0.352715 0.103275 0.014835 0.0010325 4.25e-05 0 0 0 0 0 0 0 0 0 0 0 0 0 
1 0.700058 0.352528 0.10343 0.0146125 0.0010675 4.75e-05 2.5e-06 0 0 0 0 0 0 0 0 0 0 0 0 
1 0.698317 0.352255 0.102525 0.01439 0.0009875 4e-05 2.5e-06 0 0 0 0 0 0 0 0 0 0 0 0 
1 0.699173 0.353965 0.104353 0.0150825 0.00106 3.5e-05 0 0 0 0 0 0 0 0 0 0 0 0 0 
1 0.698098 0.350373 0.102295 0.014535 0.001155 5.75e-05 0 0 0 0 0 0 0 0 0 0 0 0 0 
1 0.699358 0.352988 0.103695 0.014805 0.00106 5.25e-05 0 0 0 0 0 0 0 0 0 0 0 0 0 
1 0.701017 0.356258 0.105313 0.0154175 0.0011975 6.5e-05 0 0 0 0 0 0 0 0 0 0 0 0 0 
1 0.702333 0.356238 0.106615 0.0155575 0.0010875 5.25e-05 5e-06 0 0 0 0 0 0 0 0 0 0 0 0 
1 0.69908 0.352 0.103603 0.01469 0.0009475 3e-05 5e-06 0 0 0 0 0 0 0 0 0 0 0 0 
1 0.701185 0.355543 0.105255 0.014805 0.00105 4e-05 5e-06 0 0 0 0 0 0 0 0 0 0 0 0 
1 0.69795 0.350828 0.101795 0.01452 0.001085 7.25e-05 0 0 0 0 0 0 0 0 0 0 0 0 0 
1 0.698508 0.35282 0.103908 0.015045 0.0009425 3.25e-05 5e-06 0 0 0 0 0 0 0 0 0 0 0 0 
1 0.70061 0.35434 0.103675 0.0145925 0.001025 4.5e-05 2.5e-06 0 0 0 0 0 0 0 0 0 0 0 0 
1 0.70038 0.35229 0.102898 0.01475 0.0010875 5.75e-05 0 0 0 0 0 0 0 0 0 0 0 0 0 
1 0.702075 0.354458 0.104638 0.01504 0.0010525 3.75e-05 0 0 0 0 0 0 0 0 0 0 0 0 0 
1 0.7 0.353158 0.10315 0.0140225 0.00082 4.75e-05 2.5e-06 0 0 0 0 0 0 0 0 0 0 0 0 
1 0.700023 0.353468 0.104668 0.01455 0.001105 6.5e-05 7.5e-06 2.5e-06 0 0 0 0 0 0 0 0 0 0 0 
1 0.70023 0.353435 0.103828 0.01508 0.0010725 4.5e-05 2.5e-06 0 0 0 0 0 0 0 0 0 0 0 0 
1 0.700335 0.35407 0.10428 0.01482 0.00113 4e-05 5e-06 0 0 0 0 0 0 0 0 0 0 0 0 
1 0.70051 0.353365 0.103498 0.01491 0.001025 2.5e-05 0 0 0 0 0 0 0 0 0 0 0 0 0 
1 0.700188 0.354025 0.10412 0.0154925 0.0011775 6.25e-05 0 0 0 0 0 0 0 0 0 0 0 0 0 
1 0.701082 0.355518 0.105443 0.0151075 0.0010875 5.75e-05 0 0 0 0 0 0 0 0 0 0 0 0 0 
1 0.700468 0.353255 0.103928 0.0147275 0.00106 3.75e-05 0 0 0 0 0 0 0 0 0 0 0 0 0 
1 0.698397 0.351248 0.102575 0.0144925 0.0010475 8.25e-05 0 0 0 0 0 0 0 0 0 0 0 0 0 
1 0.698702 0.352755 0.102845 0.01466 0.0010625 7.25e-05 0 0 0 0 0 0 0 0 0 0 0 0 0 
1 0.700453 0.354523 0.10473 0.0147475 0.0011125 6.25e-05 5e-06 0 0 0 0 0 0 0 0 0 0 0 0 
1 0.698827 0.352043 0.102215 0.0147275 0.0011175 4.75e-05 0 0 0 0 0 0 0 0 0 0 0 0 0 
1 0.700183 0.3544 0.104788 0.01538 0.0011 7e-05 0 0 0 0 0 0 0 0 0 0 0 0 0 
1 0.70082 0.35539 0.105615 0.0153025 0.0010325 2e-05 0 0 0 0 0 0 0 0 0 0 0 0 0 
1 0.701027 0.355783 0.105175 0.0150775 0.001135 5.75e-05 7.5e-06 0 0 0 0 0 0 0 0 0 0 0 0 
1 0.698925 0.352525 0.1036 0.0147775 0.0010075 3.75e-05 0 0 0 0 0 0 0 0 0 0 0 0 0 
1 0.70123 0.35549 0.103768 0.01445 0.0009075 4.75e-05 0 0 0 0 0 0 0 0 0 0 0 0 0 
1 0.699672 0.354088 0.103538 0.0147575 0.001185 5.75e-05 7.5e-06 0 0 0 0 0 0 0 0 0 0 0 0 
1 0.698658 0.351073 0.102868 0.01497 0.00115 3.25e-05 0 0 0 0 0 0 0 0 0 0 0 0 0 
1 0.699772 0.352013 0.10385 0.015085 0.001115 6e-05 5e-06 0 0 0 0 0 0 0 0 0 0 0 0 
1 0.70137 0.354478 0.103735 0.0146675 0.0010375 4e-05 0 0 0 0 0 0 0 0 0 0 0 0 0 
1 0.700215 0.352925 0.103783 0.0147825 0.00106 3e-05 2.5e-06 0 0 0 0 0 0 0 0 0 0 0 0 
1 0.69977 0.35194 0.103158 0.0149575 0.0011575 3.75e-05 5e-06 0 0 0 0 0 0 0 0 0 0 0 0 
1 0.70261 0.354955 0.104653 0.0148125 0.0010225 5e-05 5e-06 0 0 0 0 0 0 0 0 0 0 0 0 
1 0.701625 0.356295 0.10598 0.0153425 0.00111 4.75e-05 0 0 0 0 0 0 0 0 0 0 0 0 0 
1 0.700005 0.35393 0.10428 0.015005 0.001135 4.25e-05 2.5e-06 0 0 0 0 0 0 0 0 0 0 0 0 
1 0.70095 0.355198 0.10498 0.0146225 0.000955 6e-05 5e-06 0 0 0 0 0 0 0 0 0 0 0 0 
1 0.698325 0.35149 0.101945 0.01417 0.0009625 5.75e-05 0 0 0 0 0 0 0 0 0 0 0 0 0 
1 0.70066 0.352493 0.103555 0.0147725 0.0011 4e-05 0 0 0 0 0 0 0 0 0 0 0 0 0 
1 0.7021 0.357203 0.105495 0.0151875 0.001115 4.25e-05 0 0 0 0 0 0 0 0 0 0 0 0 0 
1 0.698785 0.350323 0.101643 0.014345 0.00101 4.5e-05 2.5e-06 0 0 0 0 0 0 0 0 0 0 0 0 
1 0.69932 0.353038 0.10291 0.0141775 0.0009775 4.5e-05 5e-06 0 0 0 0 0 0 0 0 0 0 0 0 
1 0.702907 0.358285 0.10684 0.015655 0.001105 4.5e-05 2.5e-06 0 0 0 0 0 0 0 0 0 0 0 0 
1 0.702272 0.356723 0.106133 0.0149725 0.001065 4e-05 2.5e-06 0 0 0 0 0 0 0 0 0 0 0 0 
1 0.701315 0.354135 0.10401 0.014625 0.0010425 5.5e-05 5e-06 0 0 0 0 0 0 0 0 0 0 0 0 
1 0.698887 0.351553 0.10251 0.0142225 0.0009475 2.75e-05 0 0 0 0 0 0 0 0 0 0 0 0 0 
1 0.698368 0.35 0.10134 0.0139775 0.0010025 6e-05 1e-05 0 0 0 0 0 0 0 0 0 0 0 0 
1 0.698943 0.354168 0.104818 0.0149025 0.0010025 6.25e-05 2.5e-06 0 0 0 0 0 0 0 0 0 0 0 0 
1 0.69819 0.350543 0.100818 0.013985 0.0009475 5e-05 7.5e-06 0 0 0 0 0 0 0 0 0 0 0 0 
1 0.699937 0.354395 0.104795 0.014915 0.000995 5.75e-05 7.5e-06 2.5e-06 0 0 0 0 0 0 0 0 0 0 0 
1 0.698625 0.351628 0.102765 0.014205 0.00098 3.5e-05 0 0 0 0 0 0 0 0 0 0 0 0 0 
1 0.699388 0.35371 0.105215 0.014695 0.0010025 2.25e-05 0 0 0 0 0 0 0 0 0 0 0 0 0 
1 0.69808 0.351178 0.10266 0.0142425 0.001015 5e-05 5e-06 0 0 0 0 0 0 0 0 0 0 0 0 
1 0.701282 0.355423 0.105808 0.015435 0.0010925 6e-05 2.5e-06 0 0 0 0 0 0 0 0 0 0 0 0 
1 0.701238 0.35489 0.103765 0.0147475 0.001175 6.75e-05 5e-06 0 0 0 0 0 0 0 0 0 0 0 0 
1 0.697173 0.349703 0.101503 0.01435 0.0010375 4e-05 5e-06 0 0 0 0 0 0 0 0 0 0 0 0 
1 0.700448 0.3534 0.104883 0.01535 0.0010325 3.75e-05 5e-06 0 0 0 0 0 0 0 0 0 0 0 0 
1 0.701115 0.356395 0.105633 0.0152475 0.0011 5e-05 0 0 0 0 0 0 0 0 0 0 0 0 0 
1 0.699045 0.35326 0.104013 0.01485 0.001025 3.5e-05 2.5e-06 0 0 0 0 0 0 0 0 0 0 0 0 
1 0.702633 0.357373 0.105388 0.01518 0.0010725 6.5e-05 0 0 0 0 0 0 0 0 0 0 0 0 0 
1 0.699755 0.354415 0.10476 0.0148 0.001 6e-05 2.5e-06 0 0 0 0 0 0 0 0 0 0 0 0 
1 0.699997 0.353713 0.104513 0.0146175 0.001025 5.5e-05 7.5e-06 0 0 0 0 0 0 0 0 0 0 0 0 
1 0.700365 0.353295 0.10339 0.01491 0.00108 3.5e-05 0 0 0 0 0 0 0 0 0 0 0 0 0 
1 0.701747 0.355128 0.105008 0.0154475 0.0011075 6.25e-05 2.5e-06 0 0 0 0 0 0 0 0 0 0 0 0 
1 0.69898 0.35103 0.10176 0.0142225 0.0009325 3.5e-05 0 0 0 0 0 0 0 0 0 0 0 0 0 
1 0.699795 0.353903 0.10418 0.0150475 0.0010825 5e-05 1e-05 0 0 0 0 0 0 0 0 0 0 0 0 
1 0.698563 0.353215 0.103783 0.0148775 0.0010175 3.75e-05 2.5e-06 0 0 0 0 0 0 0 0 0 0 0 0 
1 0.700355 0.351933 0.102253 0.01439 0.000985 4.25e-05 0 0 0 0 0 0 0 0 0 0 0 0 0 
1 0.69855 0.35117 0.102673 0.01421 0.0009225 2.75e-05 0 0 0 0 0 0 0 0 0 0 0 0 0 
1 0.70051 0.35452 0.104688 0.0146025 0.0010125 5e-05 0 0 0 0 0 0 0 0 0 0 0 0 0 
1 0.698285 0.35286 0.103948 0.0147475 0.00114 6.5e-05 2.5e-06 0 0 0 0 0 0 0 0 0 0 0 0 
1 0.699037 0.353688 0.103023 0.0146025 0.0010825 7e-05 2.5e-06 0 0 0 0 0 0 0 0 0 0 0 0 
1 0.700428 0.355403 0.104283 0.01498 0.001105 3.25e-05 0 0 0 0 0 0 0 0 0 0 0 0 0 
1 0.70082 0.354015 0.10424 0.0147875 0.00109 6.25e-05 0 0 0 0 0 0 0 0 0 0 0 0 0 
1 0.70068 0.355083 0.104013 0.0148325 0.00111 6.25e-05 0 0 0 0 0 0 0 0 0 0 0 0 0 
1 0.700198 0.355215 0.104578 0.01454 0.0010475 5.25e-05 0 0 0 0 0 0 0 0 0 0 0 0 0 
1 0.7 0.3534 0.10355 0.0146225 0.00109 5.25e-05 2.5e-06 0 0 0 0 0 0 0 0 0 0 0 0 
1 0.6987 0.35112 0.10324 0.015035 0.00104 5.75e-05 0 0 0 0 0 0 0 0 0 0 0 0 0 
1 0.701465 0.356105 0.105938 0.0151275 0.0011025 4.75e-05 7.5e-06 0 0 0 0 0 0 0 0 0 0 0 0 
1 0.69957 0.353585 0.10395 0.0149575 0.00104 2.75e-05 2.5e-06 0 0 0 0 0 0 0 0 0 0 0 0 
1 0.70038 0.354258 0.104168 0.014435 0.0010525 4.25e-05 2.5e-06 0 0 0 0 0 0 0 0 0 0 0 0 
1 0.69982 0.353045 0.103773 0.0148275 0.0011075 4.75e-05 0 0 0 0 0 0 0 0 0 0 0 0 0 
1 0.701057 0.35574 0.105783 0.0155025 0.001145 5.5e-05 0 0 0 0 0 0 0 0 0 0 0 0 0 
1 0.700622 0.353733 0.104135 0.01486 0.0010925 4e-05 2.5e-06 0 0 0 0 0 0 0 0 0 0 0 0 
1 0.698203 0.352218 0.103048 0.01471 0.0010675 4.25e-05 0 0 0 0 0 0 0 0 0 0 0 0 0 
1 0.698923 0.353523 0.104528 0.015175 0.0012425 4.75e-05 0 0 0 0 0 0 0 0 0 0 0 0 0 
1 0.700433 0.354718 0.104838 0.01499 0.0010475 5e-05 5e-06 0 0 0 0 0 0 0 0 0 0 0 0 
1 0.70262 0.357613 0.106233 0.01552 0.00116 9.5e-05 7.5e-06 0 0 0 0 0 0 0 0 0 0 0 0 
1 0.699217 0.354045 0.103875 0.01436 0.0008975 2.75e-05 0 0 0 0 0 0 0 0 0 0 0 0 0 
1 0.698027 0.352173 0.102923 0.014595 0.0011025 0.0001 5e-06 0 0 0 0 0 0 0 0 0 0 0 0 
1 0.698648 0.35232 0.103263 0.0146975 0.0011175 3.25e-05 2.5e-06 0 0 0 0 0 0 0 0 0 0 0 0 
1 0.700992 0.35478 0.10508 0.015505 0.0011925 3.75e-05 0 0 0 0 0 0 0 0 0 0 0 0 0 
1 0.698005 0.352163 0.10388 0.0144175 0.00104 5.5e-05 0 0 0 0 0 0 0 0 0 0 0 0 0 
1 0.699775 0.353753 0.104588 0.0145375 0.0010575 5.25e-05 0 0 0 0 0 0 0 0 0 0 0 0 0 
1 0.70131 0.357198 0.10576 0.0151725 0.0011 5e-05 0 0 0 0 0 0 0 0 0 0 0 0 0 
1 0.699132 0.352118 0.102745 0.0145475 0.0010225 4.5e-05 0 0 0 0 0 0 0 0 0 0 0 0 0 
1 0.699588 0.351958 0.103008 0.01402 0.000885 3e-05 2.5e-06 0 0 0 0 0 0 0 0 0 0 0 0 
1 0.69998 0.352368 0.10275 0.01405 0.00093 3.5e-05 0 0 0 0 0 0 0 0 0 0 0 0 0 
1 0.70106 0.354843 0.10505 0.0150775 0.0011675 5.5e-05 7.5e-06 0 0 0 0 0 0 0 0 0 0 0 0 
1 0.701362 0.35554 0.106385 0.015685 0.001145 8e-05 0 0 0 0 0 0 0 0 0 0 0 0 0 
1 0.698918 0.351205 0.102033 0.0143675 0.0009875 4e-05 0 0 0 0 0 0 0 0 0 0 0 0 0 
1 0.699098 0.353208 0.103135 0.0147225 0.001075 4.75e-05 0 0 0 0 0 0 0 0 0 0 0 0 0 
1 0.700877 0.355663 0.104765 0.01523 0.001075 5.75e-05 2.5e-06 0 0 0 0 0 0 0 0 0 0 0 0 
1 0.700913 0.353883 0.103528 0.0145625 0.0010025 3.25e-05 0 0 0 0 0 0 0 0 0 0 0 0 0 
1 0.698638 0.351298 0.101475 0.0139475 0.0009075 4.5e-05 0 0 0 0 0 0 0 0 0 0 0 0 0 
1 0.700323 0.35463 0.104085 0.014815 0.00116 3e-05 2.5e-06 0 0 0 0 0 0 0 0 0 0 0 0 
1 0.69962 0.353208 0.104213 0.0149725 0.0010825 4.75e-05 2.5e-06 0 0 0 0 0 0 0 0 0 0 0 0 
1 0.700235 0.353803 0.103643 0.014565 0.00103 5e-05 2.5e-06 0 0 0 0 0 0 0 0 0 0 0 0 
1 0.698453 0.353645 0.103135 0.0143275 0.000955 3.25e-05 0 0 0 0 0 0 0 0 0 0 0 0 0 
1 0.698188 0.351053 0.102403 0.0146625 0.0010775 6.75e-05 2.5e-06 0 0 0 0 0 0 0 0 0 0 0 0 
1 0.700137 0.354463 0.104275 0.015245 0.001115 5.75e-05 0 0 0 0 0 0 0 0 0 0 0 0 0 
1 0.699045 0.351178 0.103215 0.01466 0.001025 5.5e-05 0 0 0 0 0 0 0 0 0 0 0 0 0 
1 0.698905 0.351665 0.102973 0.0153025 0.0010475 5.25e-05 0 0 0 0 0 0 0 0 0 0 0 0 0 
1 0.698433 0.350805 0.101505 0.014 0.001015 4.25e-05 0 0 0 0 0 0 0 0 0 0 0 0 0 
1 0.700112 0.35287 0.10403 0.0152025 0.0009725 4.75e-05 0 0 0 0 0 0 0 0 0 0 0 0 0 
1 0.700008 0.35349 0.103513 0.0145575 0.001 5.75e-05 7.5e-06 0 0 0 0 0 0 0 0 0 0 0 0 
1 0.702355 0.358173 0.106993 0.015545 0.0011675 4e-05 0 0 0 0 0 0 0 0 0 0 0 0 0 
1 0.699623 0.35168 0.101833 0.0142925 0.0009925 5.5e-05 2.5e-06 0 0 0 0 0 0 0 0 0 0 0 0 
