0
40 100
1 0.849304 0.617791 0.336753 0.112704 0.0184675 0.001275 4.375e-05 0 0 0 0 0 0 0 0 0 0 0 0 
1 0.85072 0.618416 0.337482 0.113632 0.0191713 0.00162125 9.875e-05 5e-06 0 0 0 0 0 0 0 0 0 0 0 
1 0.85105 0.619866 0.338656 0.113512 0.0186863 0.00126875 3.25e-05 0 0 0 0 0 0 0 0 0 0 0 0 
1 0.847466 0.612268 0.330053 0.108709 0.0168925 0.00111625 4.375e-05 0 0 0 0 0 0 0 0 0 0 0 0 
1 0.848442 0.61656 0.334519 0.110916 0.01817 0.0014025 7e-05 0 0 0 0 0 0 0 0 0 0 0 0 
1 0.850531 0.619583 0.338258 0.113909 0.0191838 0.001445 4.25e-05 0 0 0 0 0 0 0 0 0 0 0 0 
1 0.848544 0.615254 0.334001 0.110832 0.0186088 0.00144375 4.375e-05 0 0 0 0 0 0 0 0 0 0 0 0 
1 0.848986 0.616863 0.336943 0.11304 0.0187663 0.0013125 5.625e-05 0 0 0 0 0 0 0 0 0 0 0 0 
1 0.849142 0.617101 0.33603 0.113052 0.0191138 0.00147625 5.375e-05 0 0 0 0 0 0 0 0 0 0 0 0 
1 0.850137 0.618108 0.336539 0.112239 0.01821 0.00125625 7e-05 0 0 0 0 0 0 0 0 0 0 0 0 
1 0.849645 0.617501 0.336075 0.111589 0.0176175 0.00123375 4.625e-05 0 0 0 0 0 0 0 0 0 0 0 0 
1 0.850079 0.618856 0.337688 0.113939 0.0193063 0.001495 4.25e-05 0 0 0 0 0 0 0 0 0 0 0 0 
1 0.848827 0.614854 0.333448 0.110094 0.0182213 0.00138125 6.625e-05 1.25e-06 0 0 0 0 0 0 0 0 0 0 0 
1 0.849964 0.616916 0.336935 0.114172 0.01949 0.00146625 6.5e-05 2.5e-06 0 0 0 0 0 0 0 0 0 0 0 
1 0.85167 0.621644 0.340959 0.1145 0.0189288 0.00133 5e-05 0 0 0 0 0 0 0 0 0 0 0 0 
1 0.848647 0.615345 0.334305 0.111931 0.01881 0.00156125 6e-05 2.5e-06 0 0 0 0 0 0 0 0 0 0 0 
1 0.852109 0.623288 0.343716 0.117287 0.02015 0.00162375 7.125e-05 1.25e-06 0 0 0 0 0 0 0 0 0 0 0 
1 0.848432 0.616081 0.33422 0.110774 0.018475 0.0014375 5.125e-05 6.25e-06 1.25e-06 1.25e-06 0 0 0 0 0 0 0 0 0 
1 0.851172 0.619685 0.339355 0.114501 0.0197688 0.0016525 6.875e-05 0 0 0 0 0 0 0 0 0 0 0 0 
1 0.848235 0.615226 0.33344 0.111065 0.0184863 0.00151375 7.375e-05 0 0 0 0 0 0 0 0 0 0 0 0 
1 0.849395 0.616219 0.334923 0.112927 0.0190738 0.00155 5.375e-05 0 0 0 0 0 0 0 0 0 0 0 0 
1 0.849757 0.61826 0.338164 0.115665 0.0203638 0.00174 7.75e-05 2.5e-06 0 0 0 0 0 0 0 0 0 0 0 
1 0.851866 0.621639 0.341956 0.116794 0.0198363 0.00151875 8.125e-05 0 0 0 0 0 0 0 0 0 0 0 0 
1 0.85029 0.619158 0.338241 0.11394 0.0185663 0.00139625 5.25e-05 0 0 0 0 0 0 0 0 0 0 0 0 
1 0.850619 0.619144 0.336959 0.112042 0.0181963 0.0013275 3.5e-05 0 0 0 0 0 0 0 0 0 0 0 0 
1 0.849076 0.616058 0.335123 0.112126 0.0185913 0.00144875 6.125e-05 1.25e-06 0 0 0 0 0 0 0 0 0 0 0 
1 0.851087 0.620648 0.341489 0.116305 0.0203725 0.0017825 7.125e-05 3.75e-06 1.25e-06 0 0 0 0 0 0 0 0 0 0 
1 0.847655 0.613619 0.33163 0.109155 0.0176138 0.0013025 5.125e-05 2.5e-06 0 0 0 0 0 0 0 0 0 0 0 
1 0.850386 0.618551 0.337691 0.114211 0.0188663 0.00145875 4.375e-05 0 0 0 0 0 0 0 0 0 0 0 0 
1 0.852359 0.623975 0.34375 0.118335 0.0204363 0.001695 7.5e-05 3.75e-06 0 0 0 0 0 0 0 0 0 0 0 
1 0.849855 0.619108 0.339821 0.114941 0.0193413 0.0015425 8.875e-05 3.75e-06 0 0 0 0 0 0 0 0 0 0 0 
1 0.848705 0.615466 0.334319 0.112204 0.0190725 0.00156625 6.5e-05 1.25e-06 0 0 0 0 0 0 0 0 0 0 0 
1 0.850611 0.620828 0.340639 0.115419 0.01946 0.00153375 5.75e-05 2.5e-06 0 0 0 0 0 0 0 0 0 0 0 
1 0.850365 0.618515 0.337466 0.11422 0.018675 0.001375 3.75e-05 2.5e-06 0 0 0 0 0 0 0 0 0 0 0 
1 0.850664 0.620401 0.34174 0.116887 0.020055 0.00152 6.125e-05 8.75e-06 0 0 0 0 0 0 0 0 0 0 0 
1 0.849371 0.616565 0.333934 0.110669 0.0176088 0.0013125 4.375e-05 1.25e-06 0 0 0 0 0 0 0 0 0 0 0 
1 0.854689 0.627529 0.349216 0.121647 0.0225413 0.00200375 0.00010625 0 0 0 0 0 0 0 0 0 0 0 0 
1 0.848009 0.61412 0.332218 0.110461 0.0184325 0.00144625 4.375e-05 0 0 0 0 0 0 0 0 0 0 0 0 
1 0.849386 0.617569 0.336084 0.111285 0.0180275 0.0013225 7e-05 1.25e-06 0 0 0 0 0 0 0 0 0 0 0 
1 0.851154 0.618901 0.338269 0.112705 0.0183063 0.00135625 4.75e-05 0 0 0 0 0 0 0 0 0 0 0 0 
1 0.850077 0.618308 0.337409 0.112927 0.0184175 0.0013175 3.125e-05 0 0 0 0 0 0 0 0 0 0 0 0 
1 0.848865 0.616415 0.333373 0.110614 0.017885 0.001355 4.875e-05 0 0 0 0 0 0 0 0 0 0 0 0 
1 0.850191 0.618516 0.338329 0.113542 0.018725 0.001325 3.375e-05 0 0 0 0 0 0 0 0 0 0 0 0 
1 0.849495 0.616943 0.336731 0.113294 0.0194375 0.00148875 6.625e-05 2.5e-06 0 0 0 0 0 0 0 0 0 0 0 
1 0.849715 0.617886 0.336276 0.111142 0.0187263 0.00146625 4e-05 1.25e-06 0 0 0 0 0 0 0 0 0 0 0 
1 0.850501 0.619786 0.33823 0.113732 0.0187213 0.0013375 5.125e-05 0 0 0 0 0 0 0 0 0 0 0 0 
1 0.850212 0.619278 0.338751 0.114857 0.0193875 0.00146875 5e-05 1.25e-06 0 0 0 0 0 0 0 0 0 0 0 
1 0.850634 0.621301 0.341371 0.117297 0.0203725 0.00158625 6.25e-05 0 0 0 0 0 0 0 0 0 0 0 0 
1 0.8485 0.615624 0.333423 0.110195 0.01767 0.00124625 6.875e-05 1.25e-06 0 0 0 0 0 0 0 0 0 0 0 
1 0.850749 0.62067 0.341014 0.11574 0.0193375 0.0014275 6.25e-05 1.25e-06 0 0 0 0 0 0 0 0 0 0 0 
1 0.850149 0.620493 0.339878 0.1157 0.019555 0.0014925 4.875e-05 0 0 0 0 0 0 0 0 0 0 0 0 
1 0.850635 0.620384 0.340759 0.115572 0.0197225 0.00161 9.75e-05 2.5e-06 0 0 0 0 0 0 0 0 0 0 0 
1 0.849675 0.617193 0.336189 0.112921 0.0188525 0.00147875 6.375e-05 0 0 0 0 0 0 0 0 0 0 0 0 
1 0.849979 0.618748 0.337975 0.11358 0.0191513 0.0015675 7.125e-05 0 0 0 0 0 0 0 0 0 0 0 0 
1 0.849972 0.619759 0.339741 0.114957 0.0191925 0.0014325 3.875e-05 0 0 0 0 0 0 0 0 0 0 0 0 
1 0.849175 0.617584 0.336424 0.113249 0.0190925 0.00145875 4.75e-05 0 0 0 0 0 0 0 0 0 0 0 0 
1 0.848842 0.615936 0.333783 0.110492 0.0178788 0.00133875 5.375e-05 0 0 0 0 0 0 0 0 0 0 0 0 
1 0.851679 0.621768 0.341783 0.116982 0.02026 0.0016275 5.375e-05 2.5e-06 0 0 0 0 0 0 0 0 0 0 0 
1 0.851321 0.621514 0.341244 0.11642 0.0196863 0.0014875 5.625e-05 0 0 0 0 0 0 0 0 0 0 0 0 
1 0.848286 0.615325 0.333845 0.110475 0.0177988 0.00124875 4.875e-05 0 0 0 0 0 0 0 0 0 0 0 0 
1 0.850291 0.618523 0.336889 0.112979 0.018905 0.00143625 6.875e-05 0 0 0 0 0 0 0 0 0 0 0 0 
1 0.85166 0.621154 0.338907 0.112816 0.0182338 0.00122625 2.75e-05 0 0 0 0 0 0 0 0 0 0 0 0 
1 0.850295 0.618034 0.336565 0.113252 0.0193563 0.00156625 3.625e-05 0 0 0 0 0 0 0 0 0 0 0 0 
1 0.850535 0.620218 0.340376 0.115182 0.0191888 0.00136875 3.25e-05 0 0 0 0 0 0 0 0 0 0 0 0 
1 0.849422 0.616654 0.334731 0.112587 0.0188513 0.00136375 4.5e-05 1.25e-06 0 0 0 0 0 0 0 0 0 0 0 
1 0.848709 0.615601 0.334753 0.112607 0.01905 0.00153875 6.875e-05 5e-06 0 0 0 0 0 0 0 0 0 0 0 
1 0.848127 0.613834 0.3317 0.1082 0.017075 0.0012225 3.125e-05 0 0 0 0 0 0 0 0 0 0 0 0 
1 0.848459 0.615619 0.333488 0.110302 0.0181663 0.00131625 4.875e-05 0 0 0 0 0 0 0 0 0 0 0 0 
1 0.849419 0.617101 0.336355 0.112611 0.0184863 0.0014575 6.25e-05 1.25e-06 0 0 0 0 0 0 0 0 0 0 0 
1 0.848374 0.614884 0.33302 0.110709 0.0181513 0.0013675 4.625e-05 0 0 0 0 0 0 0 0 0 0 0 0 
1 0.848812 0.616451 0.334969 0.113132 0.019475 0.001495 4.375e-05 8.75e-06 0 0 0 0 0 0 0 0 0 0 0 
1 0.849757 0.617839 0.336357 0.112711 0.0191675 0.00163125 6.5e-05 0 0 0 0 0 0 0 0 0 0 0 0 
1 0.851356 0.620986 0.341579 0.115326 0.019425 0.00154 5.625e-05 0 0 0 0 0 0 0 0 0 0 0 0 
1 0.84928 0.615459 0.333171 0.110161 0.0178738 0.00134625 6.125e-05 1.25e-06 0 0 0 0 0 0 0 0 0 0 0 
1 0.850545 0.61841 0.338229 0.114509 0.0191825 0.0015275 8e-05 1.25e-06 0 0 0 0 0 0 0 0 0 0 0 
1 0.849035 0.616775 0.336975 0.1135 0.0194738 0.00164125 0.00010875 1.125e-05 1.25e-06 0 0 0 0 0 0 0 0 0 0 
1 0.851232 0.620643 0.340239 0.114751 0.019265 0.001515 5.375e-05 0 0 0 0 0 0 0 0 0 0 0 0 
1 0.848797 0.61519 0.333357 0.111409 0.0182775 0.0013 6.375e-05 1.25e-06 0 0 0 0 0 0 0 0 0 0 0 
1 0.849924 0.617395 0.335421 0.113032 0.0192875 0.0016925 9.875e-05 0 0 0 0 0 0 0 0 0 0 0 0 
1 0.853549 0.625541 0.34693 0.11948 0.020905 0.00164375 5.75e-05 1.25e-06 0 0 0 0 0 0 0 0 0 0 0 
1 0.849101 0.616871 0.3369 0.113337 0.0187725 0.0014075 4.875e-05 0 0 0 0 0 0 0 0 0 0 0 0 
1 0.848381 0.615721 0.335484 0.111397 0.018205 0.00139 5.375e-05 0 0 0 0 0 0 0 0 0 0 0 0 
1 0.851194 0.620691 0.340326 0.114915 0.0189988 0.00134 4.375e-05 2.5e-06 0 0 0 0 0 0 0 0 0 0 0 
1 0.851425 0.620315 0.340374 0.115404 0.0199138 0.0015675 6.125e-05 1.25e-06 0 0 0 0 0 0 0 0 0 0 0 
1 0.848485 0.616014 0.334351 0.111026 0.0178838 0.00130875 6.75e-05 1.25e-06 0 0 0 0 0 0 0 0 0 0 0 
1 0.849669 0.616021 0.333591 0.109445 0.01739 0.001175 3.5e-05 1.25e-06 0 0 0 0 0 0 0 0 0 0 0 
1 0.847557 0.612753 0.331306 0.108867 0.0173725 0.00117625 2.75e-05 0 0 0 0 0 0 0 0 0 0 0 0 
1 0.84742 0.611368 0.328623 0.10711 0.01702 0.00122 5.75e-05 1.25e-06 0 0 0 0 0 0 0 0 0 0 0 
1 0.851185 0.622064 0.341604 0.116389 0.0200325 0.0014925 4.5e-05 0 0 0 0 0 0 0 0 0 0 0 0 
1 0.852012 0.622813 0.343718 0.117336 0.0196513 0.001425 3.625e-05 0 0 0 0 0 0 0 0 0 0 0 0 
1 0.849129 0.617143 0.335493 0.112061 0.0182413 0.00147125 5.5e-05 0 0 0 0 0 0 0 0 0 0 0 0 
1 0.848195 0.614388 0.332739 0.109594 0.0177663 0.00128375 4.25e-05 2.5e-06 0 0 0 0 0 0 0 0 0 0 0 
1 0.849956 0.619244 0.338701 0.115877 0.0204475 0.00165625 7.375e-05 2.5e-06 0 0 0 0 0 0 0 0 0 0 0 
1 0.850191 0.6177 0.337434 0.113949 0.0190688 0.0015 5.75e-05 0 0 0 0 0 0 0 0 0 0 0 0 
1 0.848481 0.614745 0.333406 0.111426 0.0186963 0.00145125 5.5e-05 1.25e-06 0 0 0 0 0 0 0 0 0 0 0 
1 0.849979 0.618564 0.337959 0.113122 0.0189638 0.0014975 9.25e-05 3.75e-06 0 0 0 0 0 0 0 0 0 0 0 
1 0.849115 0.61717 0.336314 0.112949 0.0186 0.00144875 6e-05 0 0 0 0 0 0 0 0 0 0 0 0 
1 0.849896 0.617136 0.336163 0.113094 0.019705 0.00176 6.125e-05 0 0 0 0 0 0 0 0 0 0 0 0 
1 0.848912 0.615965 0.334746 0.11088 0.0178725 0.00125125 4.125e-05 0 0 0 0 0 0 0 0 0 0 0 0 
1 0.848832 0.61684 0.337534 0.113676 0.0190838 0.00146625 6.25e-05 1.25e-06 0 0 0 0 0 0 0 0 0 0 0 
