1 0.8515 0.668133 0.485867 0.336567 0.223067 0.144133 0.0931667 0.05845 0.0375333 0.0240667 0.0154833 0.00978333 0.00653333 0.00441667 0.00298333 0.002 0.00138333 0.000866667 0.00065 
1 0.850733 0.66395 0.481 0.326917 0.21595 0.138283 0.0877 0.0546167 0.03505 0.0217667 0.0142667 0.00866667 0.00551667 0.00383333 0.00253333 0.00161667 0.00106667 0.000666667 0.000433333 
1 0.852033 0.667083 0.481783 0.327883 0.21585 0.1392 0.0875167 0.0541333 0.0335333 0.0207833 0.0125667 0.00816667 0.00526667 0.00321667 0.00211667 0.0016 0.00115 0.000916667 0.00075 
1 0.850133 0.661567 0.47645 0.326333 0.2147 0.140067 0.09045 0.0591 0.0385167 0.0251167 0.0161667 0.0106667 0.00693333 0.00418333 0.00258333 0.0016 0.00116667 0.000733333 0.00045 
1 0.8487 0.6626 0.4799 0.328683 0.216117 0.138833 0.0887833 0.0562667 0.0340333 0.0201167 0.012 0.00668333 0.00388333 0.0023 0.00123333 0.000783333 0.000466667 0.000316667 0.000216667 
1 0.853267 0.665417 0.479883 0.330533 0.217967 0.139667 0.0867 0.0523667 0.0310167 0.0179833 0.01065 0.00633333 0.00396667 0.00246667 0.00143333 0.00105 0.000683333 0.000433333 0.000333333 
1 0.849817 0.664267 0.480667 0.327917 0.214633 0.1377 0.0857333 0.0545333 0.0335167 0.0209333 0.0128 0.00795 0.00478333 0.00276667 0.00161667 0.00095 0.000516667 0.00025 0.000133333 
1 0.851483 0.662217 0.476967 0.323417 0.211567 0.1341 0.0826 0.0498 0.0298167 0.0183667 0.0114333 0.00711667 0.00421667 0.0025 0.0015 0.00075 0.000433333 0.000183333 8.33333e-05 
1 0.852867 0.665017 0.481217 0.330317 0.222233 0.142767 0.0931833 0.0595333 0.0374167 0.0238833 0.0153833 0.01 0.00638333 0.0042 0.00251667 0.0015 0.0008 0.000466667 0.000266667 
1 0.8507 0.662583 0.481483 0.329117 0.217917 0.139717 0.0879 0.0553667 0.0338667 0.02125 0.0130167 0.0085 0.00511667 0.00341667 0.00245 0.00168333 0.00131667 0.0009 0.000483333 
1 0.8507 0.658883 0.47295 0.322167 0.209183 0.1346 0.0847 0.05115 0.0311333 0.01955 0.0117167 0.00755 0.00401667 0.00266667 0.0015 0.000883333 0.0006 0.00035 0.000183333 
1 0.850567 0.662617 0.47935 0.3273 0.21425 0.139383 0.0869 0.0531667 0.0326167 0.01905 0.0113 0.00678333 0.00398333 0.00223333 0.00136667 0.000666667 0.0004 0.000166667 0.0001 
1 0.8509 0.666233 0.482867 0.332117 0.221367 0.144283 0.0920833 0.0590333 0.0374 0.0232 0.0141833 0.00853333 0.00511667 0.00301667 0.00198333 0.00121667 0.000716667 0.00045 0.000183333 
1 0.851633 0.666133 0.48015 0.326183 0.214217 0.137717 0.0867667 0.0549 0.0333833 0.0206167 0.0135 0.0087 0.00571667 0.0038 0.00243333 0.0015 0.000916667 0.00055 0.000266667 
1 0.845133 0.657933 0.4726 0.323383 0.212467 0.134183 0.0840167 0.0532333 0.0336833 0.0215167 0.01355 0.00883333 0.00596667 0.0042 0.00286667 0.0021 0.00171667 0.0013 0.0009 
1 0.851683 0.66115 0.47595 0.32635 0.213383 0.133967 0.0851333 0.0522833 0.0321 0.0194167 0.0125333 0.008 0.0053 0.00318333 0.00206667 0.00126667 0.000733333 0.0004 0.0002 
1 0.848833 0.663317 0.4765 0.323217 0.211467 0.133733 0.0840167 0.0524333 0.0321667 0.0199 0.01255 0.00733333 0.00438333 0.00246667 0.0014 0.00085 0.000416667 0.000166667 6.66667e-05 
1 0.848067 0.661783 0.4794 0.3296 0.219267 0.142383 0.0903 0.0571833 0.0354 0.0216833 0.0132333 0.0085 0.00551667 0.0039 0.00285 0.00173333 0.00118333 0.000816667 0.0005 
1 0.851667 0.6648 0.48005 0.328133 0.21425 0.1369 0.0854833 0.0530167 0.0323333 0.0206833 0.0124667 0.00771667 0.00505 0.0034 0.00233333 0.0014 0.000783333 0.000466667 0.0003 
1 0.84975 0.662617 0.4785 0.32455 0.2115 0.133583 0.0827333 0.0514333 0.0326667 0.01975 0.0122667 0.00723333 0.00446667 0.00268333 0.0016 0.000766667 0.000433333 0.000266667 5e-05 
1 0.850017 0.665133 0.47925 0.327017 0.21375 0.136733 0.0864167 0.0543833 0.0341667 0.02095 0.0127333 0.0079 0.00511667 0.00338333 0.00221667 0.00135 0.000966667 0.00075 0.000616667 
1 0.854083 0.6678 0.485617 0.331983 0.2192 0.141433 0.0906167 0.0577333 0.0364333 0.0228667 0.0142167 0.00931667 0.00583333 0.00361667 0.0022 0.00151667 0.00085 0.000566667 0.00035 
1 0.84375 0.655867 0.470533 0.318233 0.20595 0.129667 0.0839 0.05255 0.0326667 0.0202833 0.0122 0.00741667 0.00415 0.00225 0.00126667 0.000866667 0.0004 0.000183333 0.000133333 
1 0.84885 0.661117 0.475517 0.324467 0.21395 0.138483 0.0876333 0.05435 0.03305 0.0203 0.0124833 0.00753333 0.00475 0.00291667 0.0019 0.00118333 0.0007 0.000483333 0.000316667 
1 0.850433 0.663217 0.476517 0.324867 0.21105 0.1348 0.0835167 0.0520333 0.0323833 0.01965 0.01205 0.00698333 0.00436667 0.0023 0.00125 0.000666667 0.000416667 0.000283333 0.000216667 
1 0.8491 0.65975 0.470767 0.317767 0.208 0.134817 0.0840667 0.05135 0.0312833 0.0189833 0.01165 0.00735 0.0043 0.00256667 0.00135 0.000766667 0.00055 0.0003 0.000166667 
1 0.849317 0.6581 0.472983 0.320883 0.2074 0.129267 0.0793667 0.04865 0.0292833 0.0174667 0.0103667 0.00633333 0.00423333 0.00278333 0.00168333 0.00095 0.000533333 0.0002 0.00015 
1 0.849983 0.658883 0.474783 0.321633 0.210117 0.134633 0.0861833 0.0534667 0.0329 0.01975 0.012 0.00728333 0.00453333 0.0026 0.00146667 0.001 0.00055 0.00035 0.0001 
1 0.850033 0.665517 0.482183 0.32975 0.217317 0.14015 0.0881 0.0545 0.0341 0.0218 0.0146 0.00966667 0.00585 0.00368333 0.00208333 0.00143333 0.00105 0.0008 0.000566667 
1 0.8515 0.666917 0.48515 0.331117 0.216533 0.138167 0.0860667 0.0527167 0.0317333 0.0187167 0.0110333 0.00653333 0.00386667 0.00241667 0.0014 0.0007 0.000366667 0.000216667 0.00015 
1 0.849 0.662283 0.4756 0.325117 0.21615 0.137983 0.0864333 0.05365 0.03285 0.0198167 0.0116167 0.00645 0.00371667 0.00205 0.000966667 0.000533333 0.000233333 0.0001 0 
1 0.85075 0.663967 0.481017 0.3248 0.21335 0.135167 0.0839333 0.0515667 0.0315167 0.0196833 0.0124833 0.0073 0.00443333 0.00288333 0.00186667 0.0011 0.000666667 0.0004 0.0003 
1 0.847917 0.659833 0.475233 0.323833 0.210233 0.1329 0.0832167 0.0521 0.0323833 0.0195833 0.0115667 0.007 0.00411667 0.00235 0.00141667 0.0007 0.0004 0.000166667 5e-05 
1 0.8461 0.65725 0.47185 0.3198 0.206067 0.130617 0.082 0.05045 0.0302167 0.0181833 0.0112333 0.00683333 0.00426667 0.0028 0.00188333 0.00126667 0.000783333 0.000533333 0.000316667 
1 0.85265 0.662667 0.476733 0.324383 0.213183 0.136633 0.0850167 0.05155 0.0317333 0.0186 0.0108 0.00618333 0.00378333 0.0024 0.00153333 0.000966667 0.000483333 0.000216667 0.0001 
1 0.852533 0.659183 0.471617 0.321167 0.209133 0.13425 0.083 0.0511667 0.0306667 0.01825 0.0108167 0.00666667 0.00405 0.00241667 0.00155 0.00108333 0.0007 0.0004 0.000266667 
1 0.851517 0.666167 0.483333 0.334217 0.2225 0.145333 0.09375 0.0588833 0.0373167 0.02305 0.0149833 0.0101333 0.00638333 0.00446667 0.00296667 0.0021 0.00146667 0.000983333 0.00065 
1 0.850083 0.662833 0.4797 0.325633 0.211017 0.133483 0.0835833 0.0511 0.0317833 0.0205333 0.0131167 0.0081 0.00488333 0.0033 0.00208333 0.00151667 0.000983333 0.000666667 0.0004 
1 0.85095 0.6611 0.475917 0.323267 0.210233 0.1339 0.0843833 0.0515167 0.0320333 0.0202167 0.0121 0.00781667 0.005 0.00336667 0.00243333 0.00166667 0.00123333 0.000916667 0.000716667 
1 0.84515 0.65595 0.46915 0.319517 0.207933 0.132933 0.0838 0.0503 0.0295 0.0171 0.0097 0.00603333 0.00355 0.00203333 0.001 0.000483333 0.000283333 0.000166667 0.00015 
1 0.849967 0.6611 0.475583 0.322217 0.210683 0.133583 0.0824333 0.0512167 0.0315333 0.0192333 0.0112833 0.00665 0.00375 0.0021 0.0012 0.000566667 0.0003 0.0001 0 
1 0.846617 0.658733 0.471967 0.322283 0.210817 0.132667 0.0827 0.0501667 0.0309833 0.0188 0.0113167 0.00688333 0.00395 0.00251667 0.0015 0.000766667 0.000333333 0.000183333 0.000116667 
1 0.848733 0.6584 0.474533 0.321533 0.211833 0.137517 0.0883667 0.0552333 0.0338833 0.0221167 0.0147333 0.00983333 0.00608333 0.0039 0.00273333 0.00203333 0.00138333 0.000933333 0.000666667 
1 0.848783 0.661883 0.477783 0.326383 0.214233 0.136967 0.0866 0.0541333 0.0333 0.02025 0.01235 0.00748333 0.00436667 0.00273333 0.00141667 0.00085 0.0005 0.000316667 5e-05 
1 0.850633 0.664783 0.47975 0.327383 0.21285 0.135517 0.0845167 0.05345 0.0336333 0.02045 0.0127 0.00795 0.00503333 0.00313333 0.00191667 0.00121667 0.000833333 0.000583333 0.000333333 
1 0.850067 0.662217 0.477533 0.324317 0.212583 0.134467 0.0834167 0.05055 0.03055 0.0186167 0.0115167 0.00666667 0.00398333 0.00221667 0.0013 0.000733333 0.00055 0.00035 0.000266667 
1 0.848567 0.663583 0.477283 0.324883 0.212467 0.134133 0.0823333 0.0511 0.0317333 0.0195667 0.0116333 0.00743333 0.00471667 0.00306667 0.00188333 0.00111667 0.000766667 0.000433333 0.000166667 
1 0.848033 0.66045 0.477067 0.324933 0.212083 0.135567 0.0843 0.0516833 0.0321833 0.0204333 0.0118 0.00655 0.00388333 0.00228333 0.00115 0.0007 0.000383333 0.000216667 0.0001 
1 0.845783 0.655967 0.472383 0.321067 0.21275 0.1365 0.0856833 0.0533333 0.0341333 0.02065 0.01345 0.00848333 0.00531667 0.00356667 0.00243333 0.00146667 0.0009 0.000666667 0.000366667 
1 0.848867 0.66115 0.472117 0.320233 0.206383 0.128967 0.0798333 0.0489667 0.0311833 0.0193167 0.0114167 0.00698333 0.00441667 0.0028 0.00186667 0.00115 0.000783333 0.00055 0.000366667 
1 0.853067 0.66585 0.480783 0.326 0.212933 0.137467 0.087 0.0556167 0.0346667 0.0211 0.0133833 0.00813333 0.00521667 0.00355 0.00223333 0.00148333 0.00116667 0.000933333 0.000733333 
1 0.847233 0.659717 0.472933 0.320833 0.2106 0.134567 0.0845167 0.05245 0.0325333 0.02065 0.0129667 0.00815 0.00488333 0.003 0.00175 0.0011 0.000616667 0.000433333 0.0003 
1 0.849083 0.6642 0.48155 0.330233 0.216717 0.139633 0.0882167 0.0557667 0.0342 0.0208667 0.0130833 0.008 0.00518333 0.00328333 0.00195 0.00095 0.000616667 0.0004 0.000266667 
1 0.852567 0.667633 0.483833 0.329017 0.217367 0.14145 0.0897 0.0564667 0.0359167 0.02235 0.0138667 0.00858333 0.00516667 0.00363333 0.0024 0.00145 0.000933333 0.00055 0.000333333 
1 0.8475 0.659267 0.4739 0.32495 0.2132 0.136283 0.0876333 0.0556833 0.0345 0.0211333 0.0132833 0.0081 0.0051 0.00345 0.00216667 0.00138333 0.000883333 0.000616667 0.0004 
1 0.84945 0.664317 0.478833 0.32375 0.210917 0.133733 0.08235 0.0516333 0.03135 0.0188333 0.0112 0.00676667 0.00393333 0.00218333 0.00118333 0.000566667 0.000366667 0.00015 6.66667e-05 
1 0.849233 0.662567 0.47645 0.325733 0.213433 0.1375 0.0862167 0.0543833 0.0355667 0.0225333 0.0146 0.00986667 0.00635 0.00431667 0.00313333 0.0021 0.0014 0.000733333 0.000383333 
1 0.852183 0.6647 0.477917 0.324567 0.2148 0.140883 0.0892 0.0566 0.0358667 0.0224167 0.014 0.0088 0.00558333 0.00363333 0.00236667 0.00161667 0.00115 0.000633333 0.000383333 
1 0.851 0.665333 0.4811 0.328483 0.213817 0.136867 0.0857667 0.0537167 0.0326167 0.0200167 0.0124833 0.00726667 0.00458333 0.00285 0.00161667 0.000883333 0.000583333 0.00035 0.00015 
1 0.850283 0.663867 0.47955 0.327733 0.21475 0.13775 0.08755 0.0545833 0.0340333 0.0209333 0.0128667 0.00766667 0.00455 0.00276667 0.0016 0.00106667 0.0006 0.00025 0.000133333 
1 0.848817 0.662333 0.4821 0.3292 0.217833 0.140583 0.0884 0.0546667 0.03365 0.02015 0.0129333 0.00798333 0.00496667 0.00336667 0.00205 0.00135 0.000866667 0.00065 0.000316667 
1 0.847533 0.658283 0.471983 0.321633 0.212883 0.13655 0.08645 0.0532333 0.0326833 0.0205 0.0124333 0.00756667 0.0047 0.00296667 0.00168333 0.00095 0.000566667 0.0003 0.00015 
1 0.849467 0.66135 0.475933 0.325717 0.212467 0.136667 0.0861167 0.0531667 0.0331 0.0206 0.0128 0.00765 0.00435 0.00261667 0.00155 0.000966667 0.000566667 0.000316667 0.000166667 
1 0.848217 0.659833 0.474583 0.3227 0.213967 0.134483 0.0832167 0.05155 0.0321833 0.0199333 0.0114 0.0067 0.00428333 0.00263333 0.00178333 0.00095 0.0005 0.000233333 0.000133333 
1 0.849833 0.661967 0.479567 0.328017 0.214883 0.138367 0.0851667 0.0530833 0.0326333 0.0198333 0.0122667 0.00748333 0.00411667 0.00225 0.0014 0.000916667 0.000483333 0.000283333 0.000133333 
1 0.8498 0.663917 0.47985 0.327217 0.217183 0.138617 0.08845 0.0563667 0.0352 0.0221833 0.0142333 0.00863333 0.00521667 0.00323333 0.00181667 0.00118333 0.00055 0.000233333 0.000183333 
1 0.850717 0.663617 0.478967 0.328167 0.21575 0.139067 0.0873167 0.0543333 0.0331333 0.0203667 0.0126833 0.00791667 0.00486667 0.0026 0.00171667 0.00101667 0.000633333 0.000283333 0.000166667 
1 0.850317 0.660233 0.4725 0.31805 0.2062 0.131267 0.0805833 0.0499667 0.0314 0.0193833 0.0114333 0.00641667 0.00353333 0.00188333 0.000933333 0.0005 0.00025 0.000116667 6.66667e-05 
1 0.850567 0.664667 0.482967 0.330083 0.218683 0.14165 0.0879833 0.0550167 0.0344167 0.0216 0.0126833 0.0076 0.00448333 0.00243333 0.00133333 0.00065 0.0003 6.66667e-05 5e-05 
1 0.84825 0.661017 0.474233 0.319567 0.207317 0.130967 0.0817 0.0513667 0.0313333 0.0198333 0.0118667 0.00706667 0.00413333 0.0026 0.00155 0.000833333 0.00045 0.0003 0.00015 
1 0.85005 0.663917 0.4812 0.330333 0.219083 0.142133 0.0915833 0.0584333 0.0377 0.0236667 0.01455 0.00921667 0.00531667 0.00295 0.00193333 0.00113333 0.000583333 0.00035 0.000233333 
1 0.849717 0.66445 0.480233 0.328817 0.217833 0.1422 0.0892167 0.0546 0.0329333 0.0207 0.01255 0.00736667 0.00415 0.00243333 0.00158333 0.000683333 0.00045 0.000183333 0.0001 
1 0.85225 0.66245 0.47735 0.3229 0.210883 0.13495 0.0868167 0.0537167 0.0339 0.02115 0.01275 0.008 0.00485 0.00295 0.00188333 0.00133333 0.000866667 0.00055 0.0003 
1 0.847217 0.6595 0.47645 0.324067 0.211517 0.135817 0.0846667 0.0522167 0.0319333 0.0199333 0.0122167 0.00756667 0.0044 0.00251667 0.00136667 0.000733333 0.00045 0.00025 0.00015 
1 0.8518 0.66215 0.4761 0.325083 0.213083 0.13625 0.0860167 0.0543167 0.0341667 0.0207667 0.0126 0.0076 0.00466667 0.0028 0.00178333 0.00125 0.00095 0.000666667 0.00045 
1 0.84845 0.657717 0.473 0.31895 0.20775 0.131617 0.08145 0.0497667 0.0294167 0.01705 0.00998333 0.00616667 0.00363333 0.00238333 0.00145 0.000833333 0.00045 0.000233333 0.000133333 
1 0.84785 0.6588 0.478867 0.327133 0.214467 0.138367 0.0878167 0.0559 0.0351333 0.0216667 0.0133333 0.00853333 0.00573333 0.00356667 0.00241667 0.0017 0.00115 0.00085 0.000566667 
1 0.851417 0.6646 0.480883 0.33065 0.218733 0.142017 0.0907 0.0584 0.0373667 0.0238833 0.01515 0.00923333 0.00585 0.00388333 0.00255 0.00166667 0.00101667 0.0006 0.000366667 
1 0.849967 0.6659 0.484317 0.330433 0.218767 0.140283 0.0873333 0.0542333 0.0339333 0.02145 0.0135667 0.00868333 0.00581667 0.00366667 0.00221667 0.00145 0.0009 0.00055 0.000366667 
1 0.851767 0.6669 0.481617 0.328617 0.2213 0.1442 0.0919667 0.0581667 0.03625 0.02215 0.0135167 0.00855 0.00526667 0.00338333 0.00221667 0.00135 0.000816667 0.000483333 0.000233333 
1 0.850417 0.663167 0.47805 0.324433 0.211633 0.13475 0.08545 0.0545 0.03405 0.02155 0.0133 0.00808333 0.00501667 0.00311667 0.00203333 0.00123333 0.000833333 0.000466667 0.000233333 
1 0.852617 0.666567 0.482667 0.330617 0.218733 0.139133 0.08795 0.05505 0.0341667 0.0205 0.0125333 0.00771667 0.00483333 0.00278333 0.00155 0.00108333 0.00065 0.000366667 0.000183333 
1 0.846883 0.6585 0.475017 0.325817 0.216067 0.138617 0.0869667 0.0549167 0.0352333 0.0224167 0.01465 0.00951667 0.0062 0.00443333 0.00296667 0.00211667 0.00131667 0.000883333 0.000566667 
1 0.848083 0.658133 0.472767 0.323367 0.210667 0.134733 0.0828667 0.0507333 0.0306667 0.01815 0.011 0.00648333 0.0038 0.0022 0.00135 0.0008 0.00045 0.000333333 0.000166667 
1 0.851217 0.661783 0.4779 0.327883 0.216 0.1391 0.0882333 0.0541667 0.0342 0.0215 0.0129 0.008 0.00451667 0.00281667 0.0016 0.000966667 0.000533333 0.00025 0.000133333 
1 0.849933 0.661367 0.47595 0.322867 0.208917 0.132367 0.0833333 0.05155 0.0310833 0.0191667 0.0122 0.00738333 0.00476667 0.00281667 0.00165 0.00101667 0.000816667 0.000483333 0.00025 
1 0.8512 0.664033 0.483717 0.335467 0.22185 0.1421 0.0894 0.0559 0.0347833 0.0216667 0.0135833 0.00845 0.00493333 0.00315 0.00205 0.00125 0.000633333 0.00035 0.0002 
1 0.851133 0.662433 0.47635 0.32535 0.211117 0.133533 0.0825667 0.0513667 0.032 0.0191 0.0114167 0.00691667 0.00425 0.00265 0.00156667 0.00105 0.000466667 0.000216667 0.0001 
1 0.852467 0.667683 0.481567 0.32985 0.2177 0.1403 0.0891667 0.0551333 0.0345 0.0216167 0.0137 0.00853333 0.0054 0.00326667 0.00201667 0.000883333 0.000583333 0.000333333 0.000233333 
1 0.852483 0.665533 0.479133 0.32765 0.215717 0.139967 0.0886833 0.05625 0.0351 0.0226167 0.0145333 0.00933333 0.00606667 0.00388333 0.0024 0.00138333 0.000833333 0.000483333 0.0003 
1 0.850383 0.66225 0.47815 0.326133 0.214183 0.138133 0.0867167 0.0538167 0.0320667 0.0192167 0.0115167 0.00731667 0.00453333 0.00275 0.00151667 0.000833333 0.000533333 0.000333333 0.000183333 
1 0.851333 0.66595 0.478617 0.325833 0.214033 0.138233 0.0868 0.0546333 0.0337167 0.02055 0.0126667 0.00801667 0.005 0.00296667 0.00185 0.000983333 0.000483333 0.000283333 0.000166667 
1 0.850567 0.66425 0.4798 0.32815 0.214767 0.13625 0.0852 0.0533167 0.0320833 0.01905 0.0112167 0.00685 0.0039 0.00228333 0.0013 0.0008 0.000533333 0.000266667 0.000166667 
1 0.852233 0.667583 0.483467 0.33055 0.215117 0.1383 0.0880167 0.05565 0.03545 0.0223667 0.0142 0.00913333 0.00581667 0.00358333 0.00236667 0.00161667 0.000983333 0.000583333 0.00035 
1 0.84715 0.6588 0.47135 0.319217 0.207383 0.132867 0.0844667 0.05285 0.03185 0.0190167 0.0109833 0.00633333 0.0037 0.00201667 0.00105 0.000533333 0.00035 0.000283333 0.0002 
1 0.849833 0.662183 0.4772 0.3236 0.209517 0.134217 0.0839667 0.05215 0.0326833 0.02 0.0120333 0.00743333 0.00466667 0.00296667 0.00183333 0.00118333 0.000633333 0.000266667 0.0001 
1 0.8523 0.6662 0.482467 0.329367 0.217167 0.140067 0.0899333 0.0570333 0.0359333 0.0225667 0.0137 0.0092 0.00611667 0.00398333 0.0027 0.00198333 0.00136667 0.00105 0.000633333 
1 0.851067 0.665333 0.482067 0.328567 0.216867 0.137933 0.08705 0.0536167 0.0329 0.0203833 0.0114333 0.00675 0.00403333 0.0026 0.00156667 0.00085 0.000566667 0.0003 0.00015 
1 0.849583 0.663283 0.475733 0.32225 0.209733 0.1349 0.0845 0.05225 0.0319 0.0198 0.0122 0.00745 0.00476667 0.00305 0.00195 0.00128333 0.000866667 0.000566667 0.0004 
1 0.85195 0.664533 0.48255 0.33105 0.218267 0.141733 0.0912667 0.0583333 0.03745 0.0241833 0.0153 0.0100667 0.00691667 0.0046 0.00296667 0.00181667 0.00115 0.00075 0.00055 
1 0.845217 0.655867 0.472917 0.322683 0.2079 0.130217 0.0818167 0.0510333 0.0304333 0.01955 0.0124333 0.00775 0.00503333 0.0033 0.00216667 0.00145 0.00101667 0.00075 0.000616667 
1 0.85155 0.663417 0.476317 0.325467 0.215167 0.139133 0.0880167 0.0552667 0.0340667 0.0207333 0.0125333 0.00798333 0.0047 0.00261667 0.00156667 0.00095 0.000666667 0.000483333 0.000433333 
1 0.851867 0.66125 0.478417 0.3263 0.211783 0.135383 0.0856333 0.0537 0.0336667 0.0208333 0.01275 0.00796667 0.00475 0.0029 0.00178333 0.00125 0.0007 0.000483333 0.000316667 
1 0.850083 0.66485 0.477633 0.325717 0.214667 0.136817 0.08695 0.0545667 0.0333 0.0205 0.0121833 0.00731667 0.00411667 0.002 0.001 0.000633333 0.000383333 0.000216667 8.33333e-05 
1 0.847517 0.66035 0.475583 0.322433 0.213367 0.13525 0.0858167 0.0532167 0.0336833 0.0211833 0.0129333 0.00826667 0.00575 0.00401667 0.00281667 0.0019 0.00143333 0.00101667 0.0008 
