1 0.600076 0.217422 0.0292792 0.000539833 6.66667e-07 0 0 0 0 0 0 0 0 0 0 0 0 0 0 
1 0.599539 0.216257 0.0288088 0.000570167 0 0 0 0 0 0 0 0 0 0 0 0 0 0 0 
1 0.600972 0.218241 0.0296807 0.000622 1e-06 0 0 0 0 0 0 0 0 0 0 0 0 0 0 
1 0.600149 0.216918 0.0285968 0.000612833 5.33333e-06 0 0 0 0 0 0 0 0 0 0 0 0 0 0 
1 0.601067 0.218399 0.0294883 0.000645 6.66667e-07 0 0 0 0 0 0 0 0 0 0 0 0 0 0 
1 0.599199 0.216418 0.0287587 0.000641167 2.33333e-06 0 0 0 0 0 0 0 0 0 0 0 0 0 0 
1 0.600585 0.217736 0.0291373 0.000562667 0 0 0 0 0 0 0 0 0 0 0 0 0 0 0 
1 0.60042 0.217512 0.0290292 0.000621667 5e-07 0 0 0 0 0 0 0 0 0 0 0 0 0 0 
1 0.599501 0.216006 0.0284172 0.000568 0 0 0 0 0 0 0 0 0 0 0 0 0 0 0 
1 0.598991 0.214968 0.0282105 0.000535167 2e-06 0 0 0 0 0 0 0 0 0 0 0 0 0 0 
1 0.600248 0.216632 0.0290157 0.000576333 3e-06 0 0 0 0 0 0 0 0 0 0 0 0 0 0 
1 0.600595 0.216859 0.0284027 0.000609167 0 0 0 0 0 0 0 0 0 0 0 0 0 0 0 
1 0.601209 0.218603 0.0294748 0.000562667 5e-07 0 0 0 0 0 0 0 0 0 0 0 0 0 0 
1 0.59834 0.214468 0.028315 0.000537833 1.83333e-06 0 0 0 0 0 0 0 0 0 0 0 0 0 0 
1 0.599892 0.217189 0.0290895 0.0005915 3.33333e-06 0 0 0 0 0 0 0 0 0 0 0 0 0 0 
1 0.600162 0.216947 0.0290177 0.000644333 4.83333e-06 0 0 0 0 0 0 0 0 0 0 0 0 0 0 
1 0.600671 0.217676 0.0291847 0.000604667 1.33333e-06 0 0 0 0 0 0 0 0 0 0 0 0 0 0 
1 0.600382 0.216648 0.0287105 0.000610833 3.5e-06 0 0 0 0 0 0 0 0 0 0 0 0 0 0 
1 0.599138 0.216189 0.028924 0.000613667 1.5e-06 0 0 0 0 0 0 0 0 0 0 0 0 0 0 
1 0.599275 0.215742 0.0287975 0.000611333 2.33333e-06 0 0 0 0 0 0 0 0 0 0 0 0 0 0 
1 0.601783 0.21923 0.0294168 0.0006005 1.83333e-06 0 0 0 0 0 0 0 0 0 0 0 0 0 0 
1 0.60063 0.217225 0.028777 0.0005785 2.16667e-06 0 0 0 0 0 0 0 0 0 0 0 0 0 0 
1 0.601039 0.217746 0.028802 0.000560333 1e-06 0 0 0 0 0 0 0 0 0 0 0 0 0 0 
1 0.601436 0.218513 0.0292153 0.000613667 0 0 0 0 0 0 0 0 0 0 0 0 0 0 0 
1 0.599474 0.215476 0.0285363 0.000585 1e-06 0 0 0 0 0 0 0 0 0 0 0 0 0 0 
1 0.600359 0.217263 0.0289652 0.000656167 4.66667e-06 0 0 0 0 0 0 0 0 0 0 0 0 0 0 
1 0.597704 0.214775 0.0281348 0.000532333 1.83333e-06 0 0 0 0 0 0 0 0 0 0 0 0 0 0 
1 0.599651 0.217003 0.028737 0.000608 2e-06 0 0 0 0 0 0 0 0 0 0 0 0 0 0 
1 0.599331 0.216161 0.0287307 0.000599667 2.33333e-06 0 0 0 0 0 0 0 0 0 0 0 0 0 0 
1 0.599781 0.216718 0.0285235 0.000545833 0 0 0 0 0 0 0 0 0 0 0 0 0 0 0 
1 0.599694 0.216056 0.0287483 0.0005855 6.66667e-07 0 0 0 0 0 0 0 0 0 0 0 0 0 0 
1 0.600342 0.217221 0.0289768 0.000644 1.83333e-06 0 0 0 0 0 0 0 0 0 0 0 0 0 0 
1 0.59881 0.216413 0.0289298 0.000621167 3.16667e-06 0 0 0 0 0 0 0 0 0 0 0 0 0 0 
1 0.599723 0.216562 0.029217 0.000634667 0 0 0 0 0 0 0 0 0 0 0 0 0 0 0 
1 0.600413 0.217944 0.0293497 0.000630333 1e-06 0 0 0 0 0 0 0 0 0 0 0 0 0 0 
1 0.599143 0.216329 0.028926 0.0005385 2.33333e-06 0 0 0 0 0 0 0 0 0 0 0 0 0 0 
1 0.600421 0.217195 0.0289308 0.000567333 1.83333e-06 0 0 0 0 0 0 0 0 0 0 0 0 0 0 
1 0.599438 0.215257 0.0281987 0.0005605 1.5e-06 0 0 0 0 0 0 0 0 0 0 0 0 0 0 
1 0.600646 0.217812 0.0293452 0.000605667 2.33333e-06 0 0 0 0 0 0 0 0 0 0 0 0 0 0 
1 0.599269 0.215815 0.0282003 0.0005825 5e-07 0 0 0 0 0 0 0 0 0 0 0 0 0 0 
1 0.601015 0.217805 0.0288998 0.0006285 0 0 0 0 0 0 0 0 0 0 0 0 0 0 0 
1 0.600499 0.216632 0.0289653 0.000556667 8.33333e-07 0 0 0 0 0 0 0 0 0 0 0 0 0 0 
1 0.59877 0.216089 0.0291422 0.000644667 3.16667e-06 0 0 0 0 0 0 0 0 0 0 0 0 0 0 
1 0.598813 0.21492 0.0281358 0.000546667 5e-07 0 0 0 0 0 0 0 0 0 0 0 0 0 0 
1 0.600664 0.21761 0.0290567 0.000572833 3.33333e-07 0 0 0 0 0 0 0 0 0 0 0 0 0 0 
1 0.600203 0.217334 0.0290728 0.000564 2.33333e-06 0 0 0 0 0 0 0 0 0 0 0 0 0 0 
1 0.600011 0.216615 0.0289125 0.000601167 1.5e-06 0 0 0 0 0 0 0 0 0 0 0 0 0 0 
1 0.598994 0.215997 0.0282995 0.000512167 5e-07 0 0 0 0 0 0 0 0 0 0 0 0 0 0 
1 0.599633 0.217045 0.0291407 0.000496833 0 0 0 0 0 0 0 0 0 0 0 0 0 0 0 
1 0.598377 0.214918 0.0281915 0.000577 2.16667e-06 0 0 0 0 0 0 0 0 0 0 0 0 0 0 
1 0.599553 0.215759 0.0286115 0.000654333 4.5e-06 0 0 0 0 0 0 0 0 0 0 0 0 0 0 
1 0.599519 0.215945 0.028232 0.000553333 2.16667e-06 0 0 0 0 0 0 0 0 0 0 0 0 0 0 
1 0.599801 0.216696 0.0292533 0.000577333 6.66667e-07 0 0 0 0 0 0 0 0 0 0 0 0 0 0 
1 0.599849 0.216286 0.0288177 0.000558333 5e-07 0 0 0 0 0 0 0 0 0 0 0 0 0 0 
1 0.600674 0.217857 0.0292562 0.000669 5e-07 0 0 0 0 0 0 0 0 0 0 0 0 0 0 
1 0.599171 0.215364 0.0283712 0.000656 1.16667e-06 0 0 0 0 0 0 0 0 0 0 0 0 0 0 
1 0.59678 0.212958 0.0275765 0.000568667 2.66667e-06 0 0 0 0 0 0 0 0 0 0 0 0 0 0 
1 0.59897 0.215429 0.028294 0.000595833 1e-06 0 0 0 0 0 0 0 0 0 0 0 0 0 0 
1 0.599961 0.216521 0.0288298 0.0006275 3.33333e-07 0 0 0 0 0 0 0 0 0 0 0 0 0 0 
1 0.600156 0.217707 0.0290802 0.000537667 0 0 0 0 0 0 0 0 0 0 0 0 0 0 0 
1 0.600489 0.217368 0.0291485 0.000621167 2.16667e-06 0 0 0 0 0 0 0 0 0 0 0 0 0 0 
1 0.601481 0.218799 0.0294057 0.000622833 6.66667e-07 0 0 0 0 0 0 0 0 0 0 0 0 0 0 
1 0.59922 0.216244 0.028238 0.000568333 6.16667e-06 0 0 0 0 0 0 0 0 0 0 0 0 0 0 
1 0.600112 0.21677 0.0286072 0.000538333 8.33333e-07 0 0 0 0 0 0 0 0 0 0 0 0 0 0 
1 0.599317 0.215818 0.0285158 0.000599667 0 0 0 0 0 0 0 0 0 0 0 0 0 0 0 
1 0.600191 0.217244 0.028989 0.000574333 0 0 0 0 0 0 0 0 0 0 0 0 0 0 0 
1 0.599492 0.215724 0.0285507 0.0006275 5e-07 0 0 0 0 0 0 0 0 0 0 0 0 0 0 
1 0.600136 0.217237 0.0292792 0.000591667 0 0 0 0 0 0 0 0 0 0 0 0 0 0 0 
1 0.600908 0.218058 0.0292557 0.000599 5.33333e-06 0 0 0 0 0 0 0 0 0 0 0 0 0 0 
1 0.600225 0.217437 0.0293485 0.000616333 3e-06 0 0 0 0 0 0 0 0 0 0 0 0 0 0 
1 0.600123 0.215689 0.0286317 0.000587667 1e-06 0 0 0 0 0 0 0 0 0 0 0 0 0 0 
1 0.602124 0.219574 0.0297085 0.000575167 0 0 0 0 0 0 0 0 0 0 0 0 0 0 0 
1 0.602695 0.219044 0.0296498 0.000636333 0 0 0 0 0 0 0 0 0 0 0 0 0 0 0 
1 0.601002 0.218416 0.0291838 0.000644167 1e-06 0 0 0 0 0 0 0 0 0 0 0 0 0 0 
1 0.599983 0.217124 0.02879 0.0006 1.66667e-06 0 0 0 0 0 0 0 0 0 0 0 0 0 0 
1 0.600727 0.217892 0.0291932 0.0006315 2.16667e-06 0 0 0 0 0 0 0 0 0 0 0 0 0 0 
1 0.600502 0.218187 0.0290932 0.000652167 0 0 0 0 0 0 0 0 0 0 0 0 0 0 0 
1 0.599442 0.216008 0.0284498 0.000589 5e-07 0 0 0 0 0 0 0 0 0 0 0 0 0 0 
1 0.600585 0.2173 0.028783 0.0005785 2.16667e-06 0 0 0 0 0 0 0 0 0 0 0 0 0 0 
1 0.599613 0.216316 0.0290448 0.000618333 8.33333e-07 0 0 0 0 0 0 0 0 0 0 0 0 0 0 
1 0.600721 0.218215 0.0294743 0.000615 8.33333e-07 0 0 0 0 0 0 0 0 0 0 0 0 0 0 
1 0.601055 0.218516 0.029527 0.000604333 5.16667e-06 0 0 0 0 0 0 0 0 0 0 0 0 0 0 
1 0.599368 0.215619 0.028243 0.000547333 8.33333e-07 0 0 0 0 0 0 0 0 0 0 0 0 0 0 
1 0.598416 0.214866 0.027858 0.000538 3.33333e-07 0 0 0 0 0 0 0 0 0 0 0 0 0 0 
1 0.600991 0.218101 0.0290677 0.000594167 0 0 0 0 0 0 0 0 0 0 0 0 0 0 0 
1 0.599185 0.215917 0.0287757 0.000623 2.66667e-06 0 0 0 0 0 0 0 0 0 0 0 0 0 0 
1 0.598144 0.215149 0.0283155 0.000505833 0 0 0 0 0 0 0 0 0 0 0 0 0 0 0 
1 0.59982 0.216082 0.028389 0.000616833 1.16667e-06 0 0 0 0 0 0 0 0 0 0 0 0 0 0 
1 0.599007 0.215781 0.0288258 0.000642 1.5e-06 0 0 0 0 0 0 0 0 0 0 0 0 0 0 
1 0.601262 0.218756 0.0295552 0.0006245 2.16667e-06 0 0 0 0 0 0 0 0 0 0 0 0 0 0 
1 0.600377 0.216892 0.0287883 0.000644333 3.33333e-07 0 0 0 0 0 0 0 0 0 0 0 0 0 0 
1 0.600526 0.217136 0.0289748 0.000583833 3.66667e-06 0 0 0 0 0 0 0 0 0 0 0 0 0 0 
1 0.59858 0.215529 0.0285217 0.0005425 8.33333e-07 0 0 0 0 0 0 0 0 0 0 0 0 0 0 
1 0.599307 0.216178 0.0288453 0.0005485 3.33333e-07 0 0 0 0 0 0 0 0 0 0 0 0 0 0 
1 0.601363 0.218088 0.0292352 0.0006235 1.66667e-06 0 0 0 0 0 0 0 0 0 0 0 0 0 0 
1 0.599112 0.21665 0.0288637 0.000580167 3e-06 0 0 0 0 0 0 0 0 0 0 0 0 0 0 
1 0.597887 0.21403 0.0279353 0.000570167 1.83333e-06 0 0 0 0 0 0 0 0 0 0 0 0 0 0 
1 0.599053 0.216211 0.0288167 0.000634333 8.33333e-07 0 0 0 0 0 0 0 0 0 0 0 0 0 0 
1 0.600018 0.217024 0.0287362 0.000600333 1e-06 0 0 0 0 0 0 0 0 0 0 0 0 0 0 
1 0.599851 0.216607 0.0291938 0.000585 3.33333e-07 0 0 0 0 0 0 0 0 0 0 0 0 0 0 
1 0.597111 0.212645 0.0278107 0.000518167 8.33333e-07 0 0 0 0 0 0 0 0 0 0 0 0 0 0 
1 0.5991 0.216275 0.0284972 0.0005805 3.33333e-06 0 0 0 0 0 0 0 0 0 0 0 0 0 0 
1 0.599403 0.216188 0.0283462 0.0005875 1.66667e-07 0 0 0 0 0 0 0 0 0 0 0 0 0 0 
1 0.597928 0.214233 0.0281508 0.000592833 1.66667e-07 0 0 0 0 0 0 0 0 0 0 0 0 0 0 
1 0.599261 0.214941 0.028144 0.000546667 1.16667e-06 0 0 0 0 0 0 0 0 0 0 0 0 0 0 
1 0.598718 0.214964 0.0281667 0.0005665 2e-06 0 0 0 0 0 0 0 0 0 0 0 0 0 0 
1 0.601082 0.217891 0.029137 0.0006115 0 0 0 0 0 0 0 0 0 0 0 0 0 0 0 
1 0.599825 0.217613 0.0290433 0.000599 1.33333e-06 0 0 0 0 0 0 0 0 0 0 0 0 0 0 
1 0.600148 0.216851 0.0288438 0.000575667 0 0 0 0 0 0 0 0 0 0 0 0 0 0 0 
1 0.599611 0.216643 0.0286827 0.000619 0 0 0 0 0 0 0 0 0 0 0 0 0 0 0 
1 0.601106 0.217843 0.0293187 0.000595833 0 0 0 0 0 0 0 0 0 0 0 0 0 0 0 
1 0.599273 0.216189 0.0287672 0.000575833 3.33333e-07 0 0 0 0 0 0 0 0 0 0 0 0 0 0 
1 0.599486 0.216578 0.028795 0.000565167 1.16667e-06 0 0 0 0 0 0 0 0 0 0 0 0 0 0 
1 0.599347 0.215986 0.028654 0.000588 6.66667e-07 0 0 0 0 0 0 0 0 0 0 0 0 0 0 
1 0.600397 0.216896 0.0288915 0.000692 1.16667e-06 0 0 0 0 0 0 0 0 0 0 0 0 0 0 
1 0.598483 0.215285 0.0282862 0.000560833 0 0 0 0 0 0 0 0 0 0 0 0 0 0 0 
1 0.599174 0.216516 0.0287088 0.000579333 1e-06 0 0 0 0 0 0 0 0 0 0 0 0 0 0 
1 0.600729 0.218384 0.0295108 0.000616667 3.33333e-06 0 0 0 0 0 0 0 0 0 0 0 0 0 0 
1 0.5989 0.21544 0.0286522 0.000613 3.33333e-06 0 0 0 0 0 0 0 0 0 0 0 0 0 0 
1 0.601502 0.218818 0.0300805 0.000665 1.16667e-06 0 0 0 0 0 0 0 0 0 0 0 0 0 0 
1 0.598565 0.215011 0.0285517 0.000600333 0 0 0 0 0 0 0 0 0 0 0 0 0 0 0 
1 0.600142 0.216946 0.0284007 0.000537667 0 0 0 0 0 0 0 0 0 0 0 0 0 0 0 
1 0.59882 0.214935 0.0277978 0.000541667 2.16667e-06 0 0 0 0 0 0 0 0 0 0 0 0 0 0 
1 0.601084 0.218011 0.028977 0.000603333 8.33333e-07 0 0 0 0 0 0 0 0 0 0 0 0 0 0 
1 0.599902 0.216511 0.0285997 0.000616 4.33333e-06 0 0 0 0 0 0 0 0 0 0 0 0 0 0 
1 0.599835 0.215653 0.0285575 0.000592667 8.33333e-07 0 0 0 0 0 0 0 0 0 0 0 0 0 0 
1 0.59867 0.215637 0.0285723 0.0005295 1.66667e-07 0 0 0 0 0 0 0 0 0 0 0 0 0 0 
1 0.601259 0.217445 0.0292468 0.000634833 0 0 0 0 0 0 0 0 0 0 0 0 0 0 0 
1 0.600409 0.218002 0.0294223 0.0006495 3e-06 0 0 0 0 0 0 0 0 0 0 0 0 0 0 
1 0.601128 0.218024 0.0291783 0.000591333 2.33333e-06 0 0 0 0 0 0 0 0 0 0 0 0 0 0 
1 0.599676 0.216003 0.0285218 0.000559833 0 0 0 0 0 0 0 0 0 0 0 0 0 0 0 
1 0.59915 0.215596 0.0282747 0.0006015 3.33333e-07 0 0 0 0 0 0 0 0 0 0 0 0 0 0 
1 0.599827 0.21672 0.028929 0.0006415 2.16667e-06 0 0 0 0 0 0 0 0 0 0 0 0 0 0 
1 0.599237 0.215044 0.028835 0.000664 5e-07 0 0 0 0 0 0 0 0 0 0 0 0 0 0 
1 0.599246 0.216934 0.029128 0.000655 2.33333e-06 0 0 0 0 0 0 0 0 0 0 0 0 0 0 
1 0.601044 0.217686 0.0289072 0.000613167 0 0 0 0 0 0 0 0 0 0 0 0 0 0 0 
1 0.599118 0.215306 0.0286907 0.000637667 2.5e-06 0 0 0 0 0 0 0 0 0 0 0 0 0 0 
1 0.59955 0.215933 0.0286673 0.000594667 3.33333e-07 0 0 0 0 0 0 0 0 0 0 0 0 0 0 
1 0.598855 0.214821 0.0285297 0.000610667 0 0 0 0 0 0 0 0 0 0 0 0 0 0 0 
1 0.601506 0.218097 0.0290903 0.000585333 0 0 0 0 0 0 0 0 0 0 0 0 0 0 0 
1 0.599968 0.216241 0.0286568 0.0005875 1.33333e-06 0 0 0 0 0 0 0 0 0 0 0 0 0 0 
1 0.599423 0.216476 0.0286392 0.000584167 0 0 0 0 0 0 0 0 0 0 0 0 0 0 0 
1 0.602626 0.218764 0.0298318 0.000659 5.5e-06 0 0 0 0 0 0 0 0 0 0 0 0 0 0 
1 0.599728 0.216785 0.0286687 0.000601167 0 0 0 0 0 0 0 0 0 0 0 0 0 0 0 
1 0.602428 0.219552 0.0298202 0.0006615 2.66667e-06 0 0 0 0 0 0 0 0 0 0 0 0 0 0 
1 0.600072 0.216198 0.0286148 0.0005675 0 0 0 0 0 0 0 0 0 0 0 0 0 0 0 
1 0.598939 0.215731 0.0283267 0.000577833 8.33333e-07 0 0 0 0 0 0 0 0 0 0 0 0 0 0 
1 0.601165 0.218108 0.0289135 0.0006585 5e-07 0 0 0 0 0 0 0 0 0 0 0 0 0 0 
1 0.600239 0.217193 0.029138 0.000621333 2.16667e-06 0 0 0 0 0 0 0 0 0 0 0 0 0 0 
1 0.599947 0.215347 0.0281373 0.000595833 1.83333e-06 0 0 0 0 0 0 0 0 0 0 0 0 0 0 
1 0.599636 0.217383 0.0292572 0.0006415 2.16667e-06 0 0 0 0 0 0 0 0 0 0 0 0 0 0 
1 0.599851 0.216741 0.0289697 0.000633 3.16667e-06 0 0 0 0 0 0 0 0 0 0 0 0 0 0 
1 0.600858 0.217025 0.0289167 0.000651 4.83333e-06 0 0 0 0 0 0 0 0 0 0 0 0 0 0 
1 0.600991 0.217675 0.0293017 0.000575667 3e-06 0 0 0 0 0 0 0 0 0 0 0 0 0 0 
1 0.600304 0.217013 0.0288372 0.000561 1.66667e-06 0 0 0 0 0 0 0 0 0 0 0 0 0 0 
1 0.598715 0.215116 0.0282338 0.0005435 3.33333e-07 0 0 0 0 0 0 0 0 0 0 0 0 0 0 
1 0.599578 0.216141 0.0284453 0.000554833 1.66667e-06 0 0 0 0 0 0 0 0 0 0 0 0 0 0 
1 0.59998 0.217239 0.0288897 0.000621167 2.16667e-06 0 0 0 0 0 0 0 0 0 0 0 0 0 0 
1 0.600617 0.218408 0.0296742 0.000634833 2.33333e-06 0 0 0 0 0 0 0 0 0 0 0 0 0 0 
1 0.600493 0.217413 0.0290125 0.0006075 2e-06 0 0 0 0 0 0 0 0 0 0 0 0 0 0 
1 0.598955 0.215939 0.0284397 0.000592833 0 0 0 0 0 0 0 0 0 0 0 0 0 0 0 
1 0.60007 0.21696 0.0288923 0.000584167 0 0 0 0 0 0 0 0 0 0 0 0 0 0 0 
1 0.598979 0.215895 0.0284167 0.000550667 5e-07 0 0 0 0 0 0 0 0 0 0 0 0 0 0 
1 0.601968 0.219219 0.0295405 0.000595833 1.66667e-06 0 0 0 0 0 0 0 0 0 0 0 0 0 0 
1 0.600586 0.217515 0.0291648 0.000643667 1.16667e-06 0 0 0 0 0 0 0 0 0 0 0 0 0 0 
1 0.598966 0.216108 0.0285788 0.000584833 1.83333e-06 0 0 0 0 0 0 0 0 0 0 0 0 0 0 
1 0.600786 0.216712 0.0286102 0.000608833 1.66667e-07 0 0 0 0 0 0 0 0 0 0 0 0 0 0 
1 0.600544 0.216834 0.0289857 0.000590667 1.83333e-06 0 0 0 0 0 0 0 0 0 0 0 0 0 0 
1 0.600788 0.218201 0.029512 0.000619833 1.66667e-06 0 0 0 0 0 0 0 0 0 0 0 0 0 0 
1 0.599326 0.215405 0.0284373 0.000627 8.33333e-07 0 0 0 0 0 0 0 0 0 0 0 0 0 0 
1 0.598525 0.214804 0.0280452 0.0005835 0 0 0 0 0 0 0 0 0 0 0 0 0 0 0 
1 0.598853 0.214886 0.0280467 0.0005425 3e-06 0 0 0 0 0 0 0 0 0 0 0 0 0 0 
1 0.599903 0.216839 0.0292215 0.000569333 1.5e-06 0 0 0 0 0 0 0 0 0 0 0 0 0 0 
1 0.600928 0.217376 0.0289778 0.000661167 1.66667e-07 0 0 0 0 0 0 0 0 0 0 0 0 0 0 
1 0.599694 0.215903 0.0283863 0.000584167 1.66667e-07 0 0 0 0 0 0 0 0 0 0 0 0 0 0 
1 0.601367 0.217398 0.0290593 0.000638667 1.66667e-06 0 0 0 0 0 0 0 0 0 0 0 0 0 0 
1 0.59939 0.215991 0.0287942 0.000584833 5e-07 0 0 0 0 0 0 0 0 0 0 0 0 0 0 
1 0.599208 0.216606 0.029036 0.0006455 1.16667e-06 0 0 0 0 0 0 0 0 0 0 0 0 0 0 
1 0.599462 0.216435 0.0288757 0.000556333 3.33333e-07 0 0 0 0 0 0 0 0 0 0 0 0 0 0 
1 0.601068 0.218859 0.029498 0.000632333 1.16667e-06 0 0 0 0 0 0 0 0 0 0 0 0 0 0 
1 0.599716 0.216082 0.0287593 0.000632833 4.83333e-06 0 0 0 0 0 0 0 0 0 0 0 0 0 0 
1 0.599924 0.217595 0.0291643 0.000668 1.66667e-07 0 0 0 0 0 0 0 0 0 0 0 0 0 0 
1 0.601013 0.217751 0.0290315 0.0005645 0 0 0 0 0 0 0 0 0 0 0 0 0 0 0 
1 0.601962 0.218544 0.0294198 0.0006235 3e-06 0 0 0 0 0 0 0 0 0 0 0 0 0 0 
1 0.599196 0.215069 0.0283285 0.000576167 6.33333e-06 0 0 0 0 0 0 0 0 0 0 0 0 0 0 
1 0.599637 0.215563 0.0282518 0.000517833 0 0 0 0 0 0 0 0 0 0 0 0 0 0 0 
1 0.598895 0.214807 0.028235 0.000592333 3.33333e-07 0 0 0 0 0 0 0 0 0 0 0 0 0 0 
1 0.599659 0.216888 0.0287278 0.000579667 3.33333e-06 0 0 0 0 0 0 0 0 0 0 0 0 0 0 
1 0.601052 0.217771 0.0289627 0.0005375 3.33333e-07 0 0 0 0 0 0 0 0 0 0 0 0 0 0 
1 0.599869 0.217033 0.029306 0.000647667 1.66667e-06 0 0 0 0 0 0 0 0 0 0 0 0 0 0 
1 0.601103 0.217401 0.0287755 0.000571333 3.33333e-07 0 0 0 0 0 0 0 0 0 0 0 0 0 0 
1 0.600762 0.21787 0.0294577 0.000646 2.16667e-06 0 0 0 0 0 0 0 0 0 0 0 0 0 0 
1 0.598782 0.215564 0.0283382 0.000585 1.66667e-07 0 0 0 0 0 0 0 0 0 0 0 0 0 0 
1 0.601366 0.219171 0.0300682 0.000654167 1.33333e-06 0 0 0 0 0 0 0 0 0 0 0 0 0 0 
1 0.598487 0.214673 0.0281422 0.0005215 8.33333e-07 0 0 0 0 0 0 0 0 0 0 0 0 0 0 
1 0.600241 0.217064 0.028857 0.000587667 1.5e-06 0 0 0 0 0 0 0 0 0 0 0 0 0 0 
1 0.600813 0.217323 0.0288243 0.000651833 1e-06 0 0 0 0 0 0 0 0 0 0 0 0 0 0 
1 0.600916 0.217029 0.0290235 0.000568 6.16667e-06 0 0 0 0 0 0 0 0 0 0 0 0 0 0 
1 0.599371 0.215667 0.0285882 0.000569167 0 0 0 0 0 0 0 0 0 0 0 0 0 0 0 
1 0.598382 0.215074 0.0285132 0.000619667 0 0 0 0 0 0 0 0 0 0 0 0 0 0 0 
1 0.601135 0.218037 0.029063 0.000624333 2.5e-06 0 0 0 0 0 0 0 0 0 0 0 0 0 0 
1 0.601745 0.219473 0.0299945 0.000656833 5e-07 0 0 0 0 0 0 0 0 0 0 0 0 0 0 
1 0.600508 0.216944 0.0285933 0.000581 0 0 0 0 0 0 0 0 0 0 0 0 0 0 0 
1 0.598567 0.215878 0.0286087 0.000607167 5e-06 0 0 0 0 0 0 0 0 0 0 0 0 0 0 
1 0.599993 0.217005 0.0295603 0.000603667 3.33333e-07 0 0 0 0 0 0 0 0 0 0 0 0 0 0 
1 0.59975 0.216829 0.0290315 0.000629833 1e-06 0 0 0 0 0 0 0 0 0 0 0 0 0 0 
1 0.600112 0.216163 0.0282168 0.000609333 6.66667e-07 0 0 0 0 0 0 0 0 0 0 0 0 0 0 
1 0.598438 0.214848 0.0286267 0.000623167 1e-06 0 0 0 0 0 0 0 0 0 0 0 0 0 0 
1 0.599828 0.216572 0.0288048 0.000614 0 0 0 0 0 0 0 0 0 0 0 0 0 0 0 
1 0.598201 0.214708 0.0284082 0.000598 1.66667e-06 0 0 0 0 0 0 0 0 0 0 0 0 0 0 
1 0.60042 0.216876 0.028971 0.000583333 0 0 0 0 0 0 0 0 0 0 0 0 0 0 0 
1 0.600927 0.216699 0.0287923 0.0006295 1.16667e-06 0 0 0 0 0 0 0 0 0 0 0 0 0 0 
1 0.601776 0.21897 0.0294808 0.000587833 3e-06 0 0 0 0 0 0 0 0 0 0 0 0 0 0 
1 0.59967 0.216127 0.0288798 0.000602667 1.66667e-07 0 0 0 0 0 0 0 0 0 0 0 0 0 0 
1 0.602547 0.219352 0.0297995 0.000623 1.66667e-07 0 0 0 0 0 0 0 0 0 0 0 0 0 0 
1 0.599722 0.216865 0.0290357 0.000642667 2e-06 0 0 0 0 0 0 0 0 0 0 0 0 0 0 
1 0.59894 0.215432 0.0282178 0.000602833 0 0 0 0 0 0 0 0 0 0 0 0 0 0 0 
1 0.600648 0.21833 0.0294597 0.000659 8.33333e-07 0 0 0 0 0 0 0 0 0 0 0 0 0 0 
1 0.600132 0.217141 0.0288132 0.0006185 3.16667e-06 0 0 0 0 0 0 0 0 0 0 0 0 0 0 
1 0.5989 0.21543 0.0286023 0.000569167 0 0 0 0 0 0 0 0 0 0 0 0 0 0 0 
1 0.598559 0.215122 0.0281577 0.000566667 3.33333e-07 0 0 0 0 0 0 0 0 0 0 0 0 0 0 
1 0.599941 0.215958 0.0284625 0.000546 1e-06 0 0 0 0 0 0 0 0 0 0 0 0 0 0 
1 0.60119 0.218463 0.0294522 0.000627833 2.83333e-06 0 0 0 0 0 0 0 0 0 0 0 0 0 0 
1 0.599912 0.216471 0.0290675 0.000633667 0 0 0 0 0 0 0 0 0 0 0 0 0 0 0 
1 0.598973 0.215719 0.0284888 0.000582833 1.66667e-06 0 0 0 0 0 0 0 0 0 0 0 0 0 0 
1 0.599937 0.2173 0.0289975 0.000673833 3e-06 0 0 0 0 0 0 0 0 0 0 0 0 0 0 
1 0.600035 0.216516 0.028534 0.000553 4e-06 0 0 0 0 0 0 0 0 0 0 0 0 0 0 
1 0.599735 0.216595 0.02847 0.000514833 3.16667e-06 0 0 0 0 0 0 0 0 0 0 0 0 0 0 
1 0.601045 0.217308 0.0289427 0.000615167 5e-07 0 0 0 0 0 0 0 0 0 0 0 0 0 0 
1 0.601119 0.217909 0.0290327 0.0005665 3.66667e-06 0 0 0 0 0 0 0 0 0 0 0 0 0 0 
1 0.599235 0.216225 0.0289302 0.000555667 0 0 0 0 0 0 0 0 0 0 0 0 0 0 0 
1 0.601758 0.218178 0.0293247 0.000648833 8.33333e-07 0 0 0 0 0 0 0 0 0 0 0 0 0 0 
1 0.596757 0.213532 0.0278402 0.0005755 6.66667e-07 0 0 0 0 0 0 0 0 0 0 0 0 0 0 
1 0.599314 0.215723 0.0280262 0.000496333 0 0 0 0 0 0 0 0 0 0 0 0 0 0 0 
1 0.601954 0.219091 0.0295685 0.000655667 0 0 0 0 0 0 0 0 0 0 0 0 0 0 0 
1 0.599181 0.215686 0.0283627 0.000594833 1e-06 0 0 0 0 0 0 0 0 0 0 0 0 0 0 
1 0.600485 0.216531 0.028827 0.000568 4.16667e-06 0 0 0 0 0 0 0 0 0 0 0 0 0 0 
1 0.60088 0.217925 0.0290982 0.000555333 1.16667e-06 0 0 0 0 0 0 0 0 0 0 0 0 0 0 
1 0.598807 0.215954 0.0285365 0.000595833 3e-06 0 0 0 0 0 0 0 0 0 0 0 0 0 0 
1 0.600801 0.217452 0.0286668 0.0006395 6.66667e-07 0 0 0 0 0 0 0 0 0 0 0 0 0 0 
1 0.599702 0.216372 0.0285703 0.000565333 0 0 0 0 0 0 0 0 0 0 0 0 0 0 0 
1 0.600619 0.217877 0.028993 0.000610667 3.33333e-07 0 0 0 0 0 0 0 0 0 0 0 0 0 0 
1 0.599384 0.216038 0.0282028 0.000539167 3.33333e-07 0 0 0 0 0 0 0 0 0 0 0 0 0 0 
1 0.601026 0.216897 0.0283283 0.000543667 1.33333e-06 0 0 0 0 0 0 0 0 0 0 0 0 0 0 
1 0.599425 0.215988 0.0288133 0.0006615 2.16667e-06 0 0 0 0 0 0 0 0 0 0 0 0 0 0 
1 0.602468 0.218931 0.0296993 0.000644167 2.66667e-06 0 0 0 0 0 0 0 0 0 0 0 0 0 0 
1 0.602201 0.219533 0.0298475 0.000605167 3.83333e-06 0 0 0 0 0 0 0 0 0 0 0 0 0 0 
1 0.5989 0.215277 0.0284743 0.0005585 2e-06 0 0 0 0 0 0 0 0 0 0 0 0 0 0 
1 0.598515 0.214896 0.0281337 0.0005275 1e-06 0 0 0 0 0 0 0 0 0 0 0 0 0 0 
1 0.599101 0.216046 0.0285178 0.000601667 6.66667e-07 0 0 0 0 0 0 0 0 0 0 0 0 0 0 
1 0.600614 0.218049 0.0297827 0.000611 2.5e-06 0 0 0 0 0 0 0 0 0 0 0 0 0 0 
1 0.599769 0.216274 0.0289558 0.000588833 0 0 0 0 0 0 0 0 0 0 0 0 0 0 0 
1 0.60031 0.217228 0.029233 0.000571833 1.66667e-07 0 0 0 0 0 0 0 0 0 0 0 0 0 0 
1 0.5984 0.215408 0.0283212 0.000541 1.66667e-06 0 0 0 0 0 0 0 0 0 0 0 0 0 0 
1 0.599895 0.217227 0.029077 0.000598 1.16667e-06 0 0 0 0 0 0 0 0 0 0 0 0 0 0 
1 0.5998 0.216055 0.0285147 0.000587167 3.33333e-07 0 0 0 0 0 0 0 0 0 0 0 0 0 0 
1 0.599881 0.216586 0.0290495 0.000610333 2.5e-06 0 0 0 0 0 0 0 0 0 0 0 0 0 0 
1 0.599226 0.216474 0.028682 0.000574333 1.66667e-07 0 0 0 0 0 0 0 0 0 0 0 0 0 0 
1 0.5992 0.21554 0.0286518 0.000588667 7.66667e-06 0 0 0 0 0 0 0 0 0 0 0 0 0 0 
1 0.598485 0.215293 0.02839 0.000561 1.66667e-07 0 0 0 0 0 0 0 0 0 0 0 0 0 0 
1 0.600456 0.217199 0.0289525 0.000597 1.66667e-07 0 0 0 0 0 0 0 0 0 0 0 0 0 0 
1 0.599487 0.215934 0.0286358 0.000537333 1.33333e-06 0 0 0 0 0 0 0 0 0 0 0 0 0 0 
1 0.59924 0.215149 0.0282587 0.000577333 1.66667e-07 0 0 0 0 0 0 0 0 0 0 0 0 0 0 
1 0.601098 0.217215 0.0289903 0.000627 1.66667e-07 0 0 0 0 0 0 0 0 0 0 0 0 0 0 
1 0.599965 0.217003 0.0290237 0.000603167 6e-06 0 0 0 0 0 0 0 0 0 0 0 0 0 0 
1 0.598311 0.214397 0.0284673 0.000516 0 0 0 0 0 0 0 0 0 0 0 0 0 0 0 
1 0.599154 0.216274 0.028748 0.000606667 0 0 0 0 0 0 0 0 0 0 0 0 0 0 0 
1 0.600744 0.217696 0.0290413 0.000636833 3e-06 0 0 0 0 0 0 0 0 0 0 0 0 0 0 
1 0.598749 0.21507 0.0283143 0.000552833 0 0 0 0 0 0 0 0 0 0 0 0 0 0 0 
1 0.60083 0.217529 0.0288725 0.000576 6.66667e-07 0 0 0 0 0 0 0 0 0 0 0 0 0 0 
1 0.600645 0.217743 0.029441 0.0006535 1.5e-06 0 0 0 0 0 0 0 0 0 0 0 0 0 0 
1 0.598126 0.21428 0.0280637 0.000601333 3e-06 0 0 0 0 0 0 0 0 0 0 0 0 0 0 
1 0.600299 0.217238 0.0291467 0.000615167 8.33333e-07 0 0 0 0 0 0 0 0 0 0 0 0 0 0 
1 0.600372 0.217174 0.0289 0.0005815 6.66667e-07 0 0 0 0 0 0 0 0 0 0 0 0 0 0 
1 0.59935 0.217261 0.02915 0.000633667 5e-07 0 0 0 0 0 0 0 0 0 0 0 0 0 0 
1 0.600072 0.216518 0.0289713 0.000621333 3.33333e-07 0 0 0 0 0 0 0 0 0 0 0 0 0 0 
1 0.601512 0.217982 0.0290878 0.000533833 2.33333e-06 0 0 0 0 0 0 0 0 0 0 0 0 0 0 
1 0.601189 0.2178 0.0292948 0.0005995 5e-07 0 0 0 0 0 0 0 0 0 0 0 0 0 0 
1 0.600288 0.216045 0.0288502 0.0005375 0 0 0 0 0 0 0 0 0 0 0 0 0 0 0 
1 0.60074 0.217664 0.0291652 0.000581667 1.16667e-06 0 0 0 0 0 0 0 0 0 0 0 0 0 0 
1 0.60096 0.217734 0.028956 0.0005485 1e-06 0 0 0 0 0 0 0 0 0 0 0 0 0 0 
1 0.600982 0.217751 0.0290728 0.000602 3.33333e-07 0 0 0 0 0 0 0 0 0 0 0 0 0 0 
1 0.601735 0.218037 0.0298208 0.000669833 1e-06 0 0 0 0 0 0 0 0 0 0 0 0 0 0 
1 0.600501 0.217078 0.028823 0.000527667 3e-06 0 0 0 0 0 0 0 0 0 0 0 0 0 0 
1 0.599967 0.217169 0.0289097 0.000565 6.66667e-07 0 0 0 0 0 0 0 0 0 0 0 0 0 0 
1 0.602213 0.21902 0.0296963 0.000643 1.66667e-07 0 0 0 0 0 0 0 0 0 0 0 0 0 0 
1 0.599954 0.216823 0.0291312 0.000632833 1.16667e-06 0 0 0 0 0 0 0 0 0 0 0 0 0 0 
1 0.599157 0.215707 0.0282875 0.000612333 1.83333e-06 0 0 0 0 0 0 0 0 0 0 0 0 0 0 
1 0.600791 0.216528 0.0287747 0.000594333 0 0 0 0 0 0 0 0 0 0 0 0 0 0 0 
1 0.599249 0.215614 0.0282573 0.000561 0 0 0 0 0 0 0 0 0 0 0 0 0 0 0 
1 0.600546 0.217164 0.0291057 0.000644667 1.83333e-06 0 0 0 0 0 0 0 0 0 0 0 0 0 0 
1 0.599817 0.216486 0.029039 0.0006165 4e-06 1.66667e-07 0 0 0 0 0 0 0 0 0 0 0 0 0 
1 0.599327 0.216098 0.0283353 0.0005365 2.16667e-06 0 0 0 0 0 0 0 0 0 0 0 0 0 0 
1 0.60062 0.217987 0.0286107 0.000588667 5e-07 0 0 0 0 0 0 0 0 0 0 0 0 0 0 
1 0.599651 0.216753 0.0289365 0.00059 1.66667e-06 0 0 0 0 0 0 0 0 0 0 0 0 0 0 
1 0.599581 0.215887 0.0286357 0.000635167 4.16667e-06 0 0 0 0 0 0 0 0 0 0 0 0 0 0 
1 0.598515 0.215409 0.0284703 0.000567 3.33333e-07 0 0 0 0 0 0 0 0 0 0 0 0 0 0 
1 0.601082 0.216951 0.0289633 0.000618167 1.33333e-06 0 0 0 0 0 0 0 0 0 0 0 0 0 0 
1 0.599637 0.216818 0.0291138 0.000587 3e-06 0 0 0 0 0 0 0 0 0 0 0 0 0 0 
1 0.599484 0.215304 0.0283987 0.000588167 3.16667e-06 0 0 0 0 0 0 0 0 0 0 0 0 0 0 
1 0.598694 0.215108 0.028581 0.000659 5e-07 0 0 0 0 0 0 0 0 0 0 0 0 0 0 
1 0.599978 0.217125 0.028776 0.000610667 1.5e-06 0 0 0 0 0 0 0 0 0 0 0 0 0 0 
1 0.598853 0.216238 0.0288202 0.000565167 0 0 0 0 0 0 0 0 0 0 0 0 0 0 0 
1 0.598366 0.215173 0.02859 0.000598 8.33333e-07 0 0 0 0 0 0 0 0 0 0 0 0 0 0 
1 0.600984 0.218117 0.0293075 0.000592333 2.33333e-06 0 0 0 0 0 0 0 0 0 0 0 0 0 0 
1 0.599047 0.215637 0.0283403 0.000584667 8.33333e-07 0 0 0 0 0 0 0 0 0 0 0 0 0 0 
1 0.600913 0.217587 0.0288117 0.000613333 3.33333e-07 0 0 0 0 0 0 0 0 0 0 0 0 0 0 
1 0.600454 0.216608 0.0288208 0.000562167 0 0 0 0 0 0 0 0 0 0 0 0 0 0 0 
1 0.600564 0.217529 0.0293597 0.0005945 2.83333e-06 0 0 0 0 0 0 0 0 0 0 0 0 0 0 
1 0.599894 0.218133 0.0294435 0.000598833 1.66667e-07 0 0 0 0 0 0 0 0 0 0 0 0 0 0 
1 0.600204 0.216791 0.0289098 0.000572167 1.66667e-07 0 0 0 0 0 0 0 0 0 0 0 0 0 0 
1 0.600021 0.215751 0.0285993 0.000575333 2.33333e-06 0 0 0 0 0 0 0 0 0 0 0 0 0 0 
1 0.599245 0.216025 0.0284398 0.000526 3.33333e-07 0 0 0 0 0 0 0 0 0 0 0 0 0 0 
1 0.601256 0.21883 0.0295332 0.000678167 2.33333e-06 0 0 0 0 0 0 0 0 0 0 0 0 0 0 
1 0.600541 0.217343 0.0290082 0.000670333 1.83333e-06 0 0 0 0 0 0 0 0 0 0 0 0 0 0 
1 0.600922 0.218065 0.0290543 0.000633833 0 0 0 0 0 0 0 0 0 0 0 0 0 0 0 
1 0.59891 0.215943 0.02849 0.000611333 1.16667e-06 0 0 0 0 0 0 0 0 0 0 0 0 0 0 
1 0.600116 0.216129 0.0289252 0.0006455 0 0 0 0 0 0 0 0 0 0 0 0 0 0 0 
1 0.602954 0.21978 0.0298995 0.000706167 2.16667e-06 0 0 0 0 0 0 0 0 0 0 0 0 0 0 
1 0.600222 0.216656 0.0290698 0.000615667 1.5e-06 0 0 0 0 0 0 0 0 0 0 0 0 0 0 
1 0.60009 0.217228 0.0290918 0.000584167 3.33333e-07 0 0 0 0 0 0 0 0 0 0 0 0 0 0 
1 0.599066 0.215993 0.0285133 0.000661167 1.83333e-06 0 0 0 0 0 0 0 0 0 0 0 0 0 0 
1 0.599062 0.215684 0.0282557 0.000543167 4e-06 0 0 0 0 0 0 0 0 0 0 0 0 0 0 
1 0.597554 0.213719 0.0275665 0.000548833 2.83333e-06 0 0 0 0 0 0 0 0 0 0 0 0 0 0 
1 0.601239 0.21816 0.0293013 0.0006505 0 0 0 0 0 0 0 0 0 0 0 0 0 0 0 
1 0.600349 0.21692 0.0285468 0.000604333 2.5e-06 0 0 0 0 0 0 0 0 0 0 0 0 0 0 
1 0.599275 0.216908 0.029179 0.0006275 1.5e-06 0 0 0 0 0 0 0 0 0 0 0 0 0 0 
1 0.598797 0.215604 0.0287027 0.000575833 1.83333e-06 0 0 0 0 0 0 0 0 0 0 0 0 0 0 
1 0.597769 0.21394 0.0282165 0.000578333 3.33333e-07 0 0 0 0 0 0 0 0 0 0 0 0 0 0 
1 0.599947 0.216902 0.0287615 0.000639167 0 0 0 0 0 0 0 0 0 0 0 0 0 0 0 
1 0.601021 0.218078 0.0291408 0.000564 4.16667e-06 0 0 0 0 0 0 0 0 0 0 0 0 0 0 
1 0.600468 0.217375 0.0291412 0.0005905 1.66667e-07 0 0 0 0 0 0 0 0 0 0 0 0 0 0 
1 0.600943 0.218226 0.029472 0.000669 1.16667e-06 0 0 0 0 0 0 0 0 0 0 0 0 0 0 
1 0.600028 0.216438 0.0290717 0.0006495 0 0 0 0 0 0 0 0 0 0 0 0 0 0 0 
1 0.600372 0.216915 0.028672 0.0005955 5.16667e-06 0 0 0 0 0 0 0 0 0 0 0 0 0 0 
1 0.6009 0.217902 0.0297325 0.000674 2.33333e-06 0 0 0 0 0 0 0 0 0 0 0 0 0 0 
1 0.600411 0.217527 0.0286837 0.00057 8.33333e-07 0 0 0 0 0 0 0 0 0 0 0 0 0 0 
1 0.599506 0.215237 0.0283998 0.000566833 1.33333e-06 0 0 0 0 0 0 0 0 0 0 0 0 0 0 
1 0.6011 0.218556 0.0293877 0.00059 3.33333e-07 0 0 0 0 0 0 0 0 0 0 0 0 0 0 
1 0.598557 0.214764 0.028248 0.000574667 2.16667e-06 0 0 0 0 0 0 0 0 0 0 0 0 0 0 
1 0.600192 0.215928 0.0284158 0.0005535 3.33333e-06 0 0 0 0 0 0 0 0 0 0 0 0 0 0 
1 0.598727 0.215202 0.0286078 0.0005675 0 0 0 0 0 0 0 0 0 0 0 0 0 0 0 
1 0.599589 0.216056 0.0285585 0.0005525 0 0 0 0 0 0 0 0 0 0 0 0 0 0 0 
1 0.600327 0.217047 0.0288285 0.000606333 2.33333e-06 0 0 0 0 0 0 0 0 0 0 0 0 0 0 
1 0.599043 0.216479 0.0288142 0.0006 1.66667e-06 0 0 0 0 0 0 0 0 0 0 0 0 0 0 
1 0.599879 0.216205 0.0283932 0.000555667 3.16667e-06 0 0 0 0 0 0 0 0 0 0 0 0 0 0 
1 0.598702 0.214783 0.0281538 0.000555 2.66667e-06 0 0 0 0 0 0 0 0 0 0 0 0 0 0 
1 0.600464 0.216699 0.0286957 0.000616833 1.16667e-06 0 0 0 0 0 0 0 0 0 0 0 0 0 0 
1 0.599263 0.215324 0.028224 0.000616833 1.66667e-07 0 0 0 0 0 0 0 0 0 0 0 0 0 0 
1 0.601408 0.217569 0.0292877 0.000660667 1.66667e-07 0 0 0 0 0 0 0 0 0 0 0 0 0 0 
1 0.599872 0.21688 0.0283945 0.000564833 1.33333e-06 0 0 0 0 0 0 0 0 0 0 0 0 0 0 
1 0.599213 0.216008 0.0286528 0.0005485 0 0 0 0 0 0 0 0 0 0 0 0 0 0 0 
1 0.599559 0.216094 0.0285957 0.0005575 3.33333e-07 0 0 0 0 0 0 0 0 0 0 0 0 0 0 
1 0.599669 0.216846 0.0289402 0.0005815 1.16667e-06 0 0 0 0 0 0 0 0 0 0 0 0 0 0 
1 0.600448 0.217088 0.0288727 0.000616 3e-06 0 0 0 0 0 0 0 0 0 0 0 0 0 0 
1 0.599754 0.215911 0.0286475 0.0005785 1.33333e-06 0 0 0 0 0 0 0 0 0 0 0 0 0 0 
1 0.599333 0.215403 0.0280792 0.000556833 0 0 0 0 0 0 0 0 0 0 0 0 0 0 0 
1 0.599169 0.216217 0.0289988 0.00066 1.66667e-06 0 0 0 0 0 0 0 0 0 0 0 0 0 0 
1 0.599536 0.215658 0.0286507 0.000595833 0 0 0 0 0 0 0 0 0 0 0 0 0 0 0 
1 0.59917 0.215384 0.0282965 0.0005825 0 0 0 0 0 0 0 0 0 0 0 0 0 0 0 
1 0.602062 0.218582 0.0296175 0.0006305 4e-06 0 0 0 0 0 0 0 0 0 0 0 0 0 0 
1 0.599384 0.215683 0.0288793 0.000631167 1.66667e-06 0 0 0 0 0 0 0 0 0 0 0 0 0 0 
1 0.599464 0.216717 0.0287918 0.000597167 3e-06 0 0 0 0 0 0 0 0 0 0 0 0 0 0 
1 0.598943 0.215981 0.0283658 0.000526333 1.33333e-06 0 0 0 0 0 0 0 0 0 0 0 0 0 0 
1 0.59917 0.215217 0.0285293 0.000595167 4.83333e-06 0 0 0 0 0 0 0 0 0 0 0 0 0 0 
1 0.601964 0.218293 0.0293597 0.000620667 3.33333e-07 0 0 0 0 0 0 0 0 0 0 0 0 0 0 
1 0.600362 0.216568 0.0283207 0.000557333 0 0 0 0 0 0 0 0 0 0 0 0 0 0 0 
1 0.59967 0.216136 0.028827 0.000606 5e-07 0 0 0 0 0 0 0 0 0 0 0 0 0 0 
1 0.600194 0.216736 0.0285968 0.000587 0 0 0 0 0 0 0 0 0 0 0 0 0 0 0 
1 0.60015 0.217746 0.0291993 0.000597 1.16667e-06 0 0 0 0 0 0 0 0 0 0 0 0 0 0 
1 0.599335 0.216547 0.0285742 0.000626167 1.5e-06 0 0 0 0 0 0 0 0 0 0 0 0 0 0 
1 0.598654 0.21457 0.0281147 0.000553333 3.33333e-07 0 0 0 0 0 0 0 0 0 0 0 0 0 0 
1 0.600413 0.216999 0.0288773 0.000594667 0 0 0 0 0 0 0 0 0 0 0 0 0 0 0 
1 0.599758 0.217371 0.0290485 0.000622667 1.5e-06 0 0 0 0 0 0 0 0 0 0 0 0 0 0 
1 0.60025 0.216942 0.0291178 0.000621833 3.16667e-06 0 0 0 0 0 0 0 0 0 0 0 0 0 0 
1 0.60086 0.21721 0.0290297 0.0006295 1.83333e-06 0 0 0 0 0 0 0 0 0 0 0 0 0 0 
1 0.600786 0.217202 0.028822 0.000640167 8.33333e-07 0 0 0 0 0 0 0 0 0 0 0 0 0 0 
1 0.599229 0.21666 0.0290327 0.000569833 1.5e-06 0 0 0 0 0 0 0 0 0 0 0 0 0 0 
1 0.599561 0.21637 0.0288623 0.000569667 0 0 0 0 0 0 0 0 0 0 0 0 0 0 0 
1 0.599402 0.216501 0.0288638 0.000617333 1.16667e-06 0 0 0 0 0 0 0 0 0 0 0 0 0 0 
1 0.600128 0.216865 0.0287173 0.000592667 8.33333e-07 0 0 0 0 0 0 0 0 0 0 0 0 0 0 
1 0.600291 0.216736 0.0286887 0.000571667 1.33333e-06 0 0 0 0 0 0 0 0 0 0 0 0 0 0 
1 0.600944 0.218109 0.0293005 0.000606667 1e-06 0 0 0 0 0 0 0 0 0 0 0 0 0 0 
1 0.598874 0.215871 0.0286758 0.000578667 1.66667e-07 0 0 0 0 0 0 0 0 0 0 0 0 0 0 
1 0.600459 0.216598 0.0283125 0.000506 6.66667e-07 0 0 0 0 0 0 0 0 0 0 0 0 0 0 
1 0.599822 0.216318 0.0290777 0.00061 0 0 0 0 0 0 0 0 0 0 0 0 0 0 0 
1 0.598874 0.215651 0.0284347 0.000535833 3.5e-06 0 0 0 0 0 0 0 0 0 0 0 0 0 0 
1 0.599203 0.215642 0.0287823 0.000692333 1.66667e-06 0 0 0 0 0 0 0 0 0 0 0 0 0 0 
1 0.599333 0.21601 0.0287768 0.000640833 0 0 0 0 0 0 0 0 0 0 0 0 0 0 0 
1 0.600045 0.216356 0.0286028 0.000619667 3.16667e-06 0 0 0 0 0 0 0 0 0 0 0 0 0 0 
1 0.599938 0.217895 0.0293115 0.000618 3.33333e-07 0 0 0 0 0 0 0 0 0 0 0 0 0 0 
1 0.59819 0.214798 0.0280627 0.000570833 4.16667e-06 0 0 0 0 0 0 0 0 0 0 0 0 0 0 
1 0.600711 0.216905 0.028842 0.000553167 0 0 0 0 0 0 0 0 0 0 0 0 0 0 0 
1 0.600639 0.217086 0.0286748 0.0005435 6.66667e-07 0 0 0 0 0 0 0 0 0 0 0 0 0 0 
1 0.600335 0.216346 0.0283948 0.000614333 5e-07 0 0 0 0 0 0 0 0 0 0 0 0 0 0 
1 0.600396 0.217433 0.0290018 0.0006405 4e-06 0 0 0 0 0 0 0 0 0 0 0 0 0 0 
1 0.600702 0.217747 0.0291632 0.0006335 0 0 0 0 0 0 0 0 0 0 0 0 0 0 0 
1 0.598326 0.21544 0.028654 0.000577667 1.16667e-06 0 0 0 0 0 0 0 0 0 0 0 0 0 0 
1 0.600319 0.216984 0.0288072 0.000547667 1.66667e-06 0 0 0 0 0 0 0 0 0 0 0 0 0 0 
1 0.598654 0.215818 0.0288337 0.000566833 4.83333e-06 0 0 0 0 0 0 0 0 0 0 0 0 0 0 
1 0.600528 0.217979 0.0289832 0.000637333 8.33333e-07 0 0 0 0 0 0 0 0 0 0 0 0 0 0 
1 0.599417 0.215369 0.0286857 0.000641167 6.66667e-07 0 0 0 0 0 0 0 0 0 0 0 0 0 0 
1 0.598417 0.215817 0.0287933 0.000663 3.16667e-06 0 0 0 0 0 0 0 0 0 0 0 0 0 0 
1 0.59932 0.216127 0.028662 0.0005715 8.33333e-07 0 0 0 0 0 0 0 0 0 0 0 0 0 0 
1 0.599776 0.216135 0.0285602 0.000533333 6.66667e-07 0 0 0 0 0 0 0 0 0 0 0 0 0 0 
1 0.601133 0.217927 0.0292667 0.000597167 1.16667e-06 0 0 0 0 0 0 0 0 0 0 0 0 0 0 
1 0.601142 0.217477 0.0289485 0.000565833 6.66667e-07 0 0 0 0 0 0 0 0 0 0 0 0 0 0 
1 0.600043 0.216809 0.0287897 0.000584833 0 0 0 0 0 0 0 0 0 0 0 0 0 0 0 
1 0.600933 0.217472 0.0289453 0.000632167 3e-06 0 0 0 0 0 0 0 0 0 0 0 0 0 0 
1 0.598985 0.215799 0.0288707 0.000559833 5.83333e-06 0 0 0 0 0 0 0 0 0 0 0 0 0 0 
1 0.599013 0.215314 0.0285838 0.000580333 1.66667e-07 0 0 0 0 0 0 0 0 0 0 0 0 0 0 
1 0.599317 0.214597 0.0282373 0.000546833 5e-07 0 0 0 0 0 0 0 0 0 0 0 0 0 0 
1 0.597339 0.215131 0.0284547 0.000567 2.5e-06 0 0 0 0 0 0 0 0 0 0 0 0 0 0 
1 0.600922 0.218834 0.0294848 0.000601333 2.33333e-06 0 0 0 0 0 0 0 0 0 0 0 0 0 0 
1 0.600388 0.21723 0.0293565 0.000633167 1.33333e-06 0 0 0 0 0 0 0 0 0 0 0 0 0 0 
1 0.599063 0.215064 0.0282957 0.000577667 1e-06 0 0 0 0 0 0 0 0 0 0 0 0 0 0 
1 0.599338 0.216281 0.0288482 0.000548333 3.33333e-07 0 0 0 0 0 0 0 0 0 0 0 0 0 0 
1 0.600147 0.216986 0.0286127 0.000630667 6.66667e-06 0 0 0 0 0 0 0 0 0 0 0 0 0 0 
1 0.598323 0.215885 0.0285643 0.000612 1e-06 0 0 0 0 0 0 0 0 0 0 0 0 0 0 
1 0.600237 0.216585 0.0287078 0.000606667 0 0 0 0 0 0 0 0 0 0 0 0 0 0 0 
1 0.600269 0.216853 0.0288678 0.000604833 1.66667e-07 0 0 0 0 0 0 0 0 0 0 0 0 0 0 
1 0.599615 0.215978 0.028459 0.000576833 1.83333e-06 0 0 0 0 0 0 0 0 0 0 0 0 0 0 
1 0.599095 0.216316 0.0288757 0.000627667 0 0 0 0 0 0 0 0 0 0 0 0 0 0 0 
1 0.602866 0.219291 0.0295837 0.0006965 2.33333e-06 0 0 0 0 0 0 0 0 0 0 0 0 0 0 
1 0.598601 0.215242 0.0283447 0.000578167 5e-07 0 0 0 0 0 0 0 0 0 0 0 0 0 0 
1 0.599133 0.214745 0.0282122 0.000587 3.83333e-06 0 0 0 0 0 0 0 0 0 0 0 0 0 0 
1 0.600755 0.217775 0.0291295 0.000568667 1.33333e-06 0 0 0 0 0 0 0 0 0 0 0 0 0 0 
1 0.599938 0.217045 0.028941 0.0006655 2.33333e-06 0 0 0 0 0 0 0 0 0 0 0 0 0 0 
1 0.599965 0.216177 0.0284555 0.0005745 0 0 0 0 0 0 0 0 0 0 0 0 0 0 0 
1 0.600819 0.217807 0.0287525 0.0005905 2.33333e-06 0 0 0 0 0 0 0 0 0 0 0 0 0 0 
1 0.599353 0.216035 0.0291013 0.000550167 0 0 0 0 0 0 0 0 0 0 0 0 0 0 0 
1 0.601004 0.217673 0.0289083 0.000566 4.33333e-06 0 0 0 0 0 0 0 0 0 0 0 0 0 0 
1 0.602284 0.218465 0.028879 0.000568667 0 0 0 0 0 0 0 0 0 0 0 0 0 0 0 
1 0.601676 0.218561 0.0294598 0.000567833 0 0 0 0 0 0 0 0 0 0 0 0 0 0 0 
1 0.600823 0.217566 0.0290138 0.000596333 1.33333e-06 0 0 0 0 0 0 0 0 0 0 0 0 0 0 
1 0.601009 0.217584 0.0293527 0.000614667 3e-06 0 0 0 0 0 0 0 0 0 0 0 0 0 0 
1 0.600095 0.217303 0.0289497 0.000549333 0 0 0 0 0 0 0 0 0 0 0 0 0 0 0 
1 0.599804 0.217197 0.028829 0.000571333 4.16667e-06 0 0 0 0 0 0 0 0 0 0 0 0 0 0 
1 0.598775 0.214729 0.027901 0.0005595 2.83333e-06 0 0 0 0 0 0 0 0 0 0 0 0 0 0 
1 0.601835 0.218754 0.0296242 0.000603 4e-06 0 0 0 0 0 0 0 0 0 0 0 0 0 0 
1 0.600885 0.217735 0.029607 0.000642833 5e-07 0 0 0 0 0 0 0 0 0 0 0 0 0 0 
1 0.599416 0.215749 0.0280675 0.000540667 0 0 0 0 0 0 0 0 0 0 0 0 0 0 0 
1 0.599686 0.215528 0.0282968 0.000596333 3.33333e-07 0 0 0 0 0 0 0 0 0 0 0 0 0 0 
1 0.601348 0.217998 0.0292022 0.000588333 1.16667e-06 0 0 0 0 0 0 0 0 0 0 0 0 0 0 
1 0.599824 0.217024 0.0286372 0.000610667 2.33333e-06 0 0 0 0 0 0 0 0 0 0 0 0 0 0 
1 0.600828 0.217563 0.0289955 0.000591167 1e-06 0 0 0 0 0 0 0 0 0 0 0 0 0 0 
1 0.600383 0.216475 0.0286055 0.000577333 1.83333e-06 0 0 0 0 0 0 0 0 0 0 0 0 0 0 
1 0.60051 0.216847 0.0287705 0.000613667 2.83333e-06 0 0 0 0 0 0 0 0 0 0 0 0 0 0 
1 0.600794 0.21746 0.029236 0.000605167 0 0 0 0 0 0 0 0 0 0 0 0 0 0 0 
1 0.599004 0.21545 0.0285012 0.0006245 1.16667e-06 0 0 0 0 0 0 0 0 0 0 0 0 0 0 
1 0.599346 0.216372 0.0285078 0.0005415 5.16667e-06 0 0 0 0 0 0 0 0 0 0 0 0 0 0 
1 0.599567 0.216549 0.0288247 0.000630667 2e-06 0 0 0 0 0 0 0 0 0 0 0 0 0 0 
1 0.599941 0.21665 0.0286602 0.000581167 1.83333e-06 0 0 0 0 0 0 0 0 0 0 0 0 0 0 
1 0.600489 0.217373 0.029303 0.000651667 1.16667e-06 0 0 0 0 0 0 0 0 0 0 0 0 0 0 
1 0.599831 0.2162 0.0284803 0.0006645 4.5e-06 0 0 0 0 0 0 0 0 0 0 0 0 0 0 
1 0.599298 0.215447 0.0283672 0.000578333 1.66667e-06 0 0 0 0 0 0 0 0 0 0 0 0 0 0 
1 0.600653 0.217436 0.0290687 0.000588 1.66667e-06 0 0 0 0 0 0 0 0 0 0 0 0 0 0 
1 0.598169 0.213968 0.0277682 0.0005785 0 0 0 0 0 0 0 0 0 0 0 0 0 0 0 
1 0.601189 0.218472 0.029431 0.0006205 0 0 0 0 0 0 0 0 0 0 0 0 0 0 0 
1 0.598932 0.215262 0.0283778 0.000582667 3.33333e-07 0 0 0 0 0 0 0 0 0 0 0 0 0 0 
1 0.599256 0.215815 0.0286117 0.0005595 1.66667e-06 0 0 0 0 0 0 0 0 0 0 0 0 0 0 
1 0.599654 0.216293 0.0290278 0.000565167 3.5e-06 0 0 0 0 0 0 0 0 0 0 0 0 0 0 
1 0.602003 0.218505 0.0294078 0.000575167 1.66667e-07 0 0 0 0 0 0 0 0 0 0 0 0 0 0 
1 0.600373 0.216509 0.0288628 0.000578 2.66667e-06 0 0 0 0 0 0 0 0 0 0 0 0 0 0 
1 0.600294 0.217069 0.0287488 0.0005765 4e-06 0 0 0 0 0 0 0 0 0 0 0 0 0 0 
1 0.599601 0.216813 0.0286853 0.000613 0 0 0 0 0 0 0 0 0 0 0 0 0 0 0 
1 0.599418 0.215903 0.0283278 0.0005845 0 0 0 0 0 0 0 0 0 0 0 0 0 0 0 
1 0.599241 0.21579 0.0284758 0.000551667 0 0 0 0 0 0 0 0 0 0 0 0 0 0 0 
1 0.599141 0.215064 0.0280663 0.0005905 3.33333e-06 0 0 0 0 0 0 0 0 0 0 0 0 0 0 
1 0.598954 0.215525 0.0286562 0.0006335 3.33333e-07 0 0 0 0 0 0 0 0 0 0 0 0 0 0 
1 0.598928 0.216164 0.0286802 0.000584833 3.83333e-06 0 0 0 0 0 0 0 0 0 0 0 0 0 0 
1 0.599638 0.216155 0.0286802 0.0006345 1.16667e-06 0 0 0 0 0 0 0 0 0 0 0 0 0 0 
1 0.598507 0.21412 0.0277473 0.0005695 4.16667e-06 0 0 0 0 0 0 0 0 0 0 0 0 0 0 
1 0.599781 0.216617 0.0288955 0.000550833 4.5e-06 0 0 0 0 0 0 0 0 0 0 0 0 0 0 
1 0.600065 0.216673 0.0290538 0.000638333 1.16667e-06 0 0 0 0 0 0 0 0 0 0 0 0 0 0 
1 0.598288 0.215254 0.0281258 0.000540667 2.16667e-06 0 0 0 0 0 0 0 0 0 0 0 0 0 0 
1 0.60096 0.217751 0.0293912 0.000613167 1.5e-06 0 0 0 0 0 0 0 0 0 0 0 0 0 0 
1 0.599523 0.216061 0.0286725 0.0005455 3.33333e-06 0 0 0 0 0 0 0 0 0 0 0 0 0 0 
1 0.60039 0.216166 0.0286225 0.000614167 5e-06 0 0 0 0 0 0 0 0 0 0 0 0 0 0 
1 0.597498 0.214039 0.028057 0.000614833 4.66667e-06 0 0 0 0 0 0 0 0 0 0 0 0 0 0 
1 0.599492 0.21641 0.0290778 0.000620167 1e-06 0 0 0 0 0 0 0 0 0 0 0 0 0 0 
1 0.598524 0.215283 0.0281767 0.0006145 1e-06 0 0 0 0 0 0 0 0 0 0 0 0 0 0 
1 0.598926 0.214594 0.0283337 0.000601833 2.5e-06 0 0 0 0 0 0 0 0 0 0 0 0 0 0 
1 0.600616 0.21727 0.0287678 0.000544333 2.66667e-06 0 0 0 0 0 0 0 0 0 0 0 0 0 0 
1 0.600629 0.216834 0.0288235 0.000559667 0 0 0 0 0 0 0 0 0 0 0 0 0 0 0 
1 0.599692 0.216804 0.0289645 0.000607833 2.33333e-06 0 0 0 0 0 0 0 0 0 0 0 0 0 0 
1 0.599978 0.216778 0.029194 0.000621167 8.33333e-06 0 0 0 0 0 0 0 0 0 0 0 0 0 0 
1 0.6005 0.217485 0.0288352 0.000566167 2.66667e-06 0 0 0 0 0 0 0 0 0 0 0 0 0 0 
1 0.598496 0.215405 0.0285977 0.000566 6.66667e-07 0 0 0 0 0 0 0 0 0 0 0 0 0 0 
1 0.599516 0.216743 0.0290513 0.000654833 0 0 0 0 0 0 0 0 0 0 0 0 0 0 0 
1 0.599171 0.216013 0.0286575 0.000515833 1.66667e-07 0 0 0 0 0 0 0 0 0 0 0 0 0 0 
1 0.60045 0.216332 0.0288088 0.0005635 3.33333e-07 0 0 0 0 0 0 0 0 0 0 0 0 0 0 
1 0.599339 0.216382 0.0287903 0.000571 8.33333e-07 0 0 0 0 0 0 0 0 0 0 0 0 0 0 
1 0.599581 0.215833 0.0285678 0.000553167 0 0 0 0 0 0 0 0 0 0 0 0 0 0 0 
1 0.598971 0.214964 0.0281993 0.000581167 0 0 0 0 0 0 0 0 0 0 0 0 0 0 0 
1 0.600784 0.217959 0.029204 0.000596833 0 0 0 0 0 0 0 0 0 0 0 0 0 0 0 
1 0.598877 0.2155 0.0285842 0.0005915 1e-06 0 0 0 0 0 0 0 0 0 0 0 0 0 0 
1 0.599258 0.216339 0.0289822 0.000668167 3.83333e-06 8.33333e-07 0 0 0 0 0 0 0 0 0 0 0 0 0 
1 0.599177 0.215472 0.0282608 0.000604333 1.16667e-06 0 0 0 0 0 0 0 0 0 0 0 0 0 0 
1 0.599035 0.215699 0.0286137 0.000574667 2.5e-06 0 0 0 0 0 0 0 0 0 0 0 0 0 0 
1 0.600591 0.218223 0.0293292 0.0006335 2.83333e-06 0 0 0 0 0 0 0 0 0 0 0 0 0 0 
1 0.599611 0.216696 0.0286765 0.000579333 1.16667e-06 0 0 0 0 0 0 0 0 0 0 0 0 0 0 
1 0.600696 0.218127 0.0291217 0.000626333 3.16667e-06 0 0 0 0 0 0 0 0 0 0 0 0 0 0 
1 0.600494 0.217983 0.0291685 0.0005535 6.66667e-07 0 0 0 0 0 0 0 0 0 0 0 0 0 0 
1 0.598857 0.215445 0.028715 0.000574333 1.66667e-07 0 0 0 0 0 0 0 0 0 0 0 0 0 0 
1 0.599985 0.21643 0.0288815 0.000646 8.33333e-07 0 0 0 0 0 0 0 0 0 0 0 0 0 0 
1 0.601429 0.218639 0.0290312 0.000608333 5.83333e-06 0 0 0 0 0 0 0 0 0 0 0 0 0 0 
1 0.59934 0.216176 0.0286027 0.000550333 0 0 0 0 0 0 0 0 0 0 0 0 0 0 0 
1 0.59919 0.216026 0.02857 0.000594833 2.5e-06 0 0 0 0 0 0 0 0 0 0 0 0 0 0 
1 0.600514 0.217843 0.0290813 0.000636333 5.83333e-06 0 0 0 0 0 0 0 0 0 0 0 0 0 0 
1 0.602303 0.220419 0.03016 0.000698333 1.16667e-06 0 0 0 0 0 0 0 0 0 0 0 0 0 0 
1 0.599793 0.216509 0.0286648 0.000630667 6.66667e-07 0 0 0 0 0 0 0 0 0 0 0 0 0 0 
1 0.599215 0.215469 0.0286282 0.000616167 0 0 0 0 0 0 0 0 0 0 0 0 0 0 0 
1 0.599293 0.216322 0.0284283 0.000561667 1.33333e-06 0 0 0 0 0 0 0 0 0 0 0 0 0 0 
1 0.599892 0.216727 0.0289428 0.000555667 0 0 0 0 0 0 0 0 0 0 0 0 0 0 0 
1 0.598906 0.21574 0.0284468 0.000519333 8.33333e-07 0 0 0 0 0 0 0 0 0 0 0 0 0 0 
1 0.59937 0.216679 0.028624 0.000574167 0 0 0 0 0 0 0 0 0 0 0 0 0 0 0 
1 0.600906 0.218213 0.0291975 0.000647833 2e-06 0 0 0 0 0 0 0 0 0 0 0 0 0 0 
1 0.600228 0.2163 0.0284877 0.000590833 8.33333e-07 0 0 0 0 0 0 0 0 0 0 0 0 0 0 
1 0.599504 0.216664 0.0288648 0.000619167 2.83333e-06 0 0 0 0 0 0 0 0 0 0 0 0 0 0 
1 0.600527 0.217029 0.0289545 0.000563667 3.33333e-07 0 0 0 0 0 0 0 0 0 0 0 0 0 0 
1 0.601895 0.219436 0.029976 0.000630667 6.66667e-07 0 0 0 0 0 0 0 0 0 0 0 0 0 0 
1 0.599701 0.216351 0.0290078 0.000562833 4.16667e-06 0 0 0 0 0 0 0 0 0 0 0 0 0 0 
1 0.598515 0.215166 0.0285223 0.000613 5.66667e-06 0 0 0 0 0 0 0 0 0 0 0 0 0 0 
1 0.600208 0.216982 0.0289988 0.000575667 1e-06 0 0 0 0 0 0 0 0 0 0 0 0 0 0 
1 0.600018 0.216506 0.0283347 0.000589667 3.33333e-07 0 0 0 0 0 0 0 0 0 0 0 0 0 0 
1 0.600529 0.217774 0.029363 0.000637333 2.5e-06 0 0 0 0 0 0 0 0 0 0 0 0 0 0 
1 0.599238 0.21572 0.028755 0.000602667 5e-06 0 0 0 0 0 0 0 0 0 0 0 0 0 0 
1 0.600586 0.217409 0.0291375 0.0006305 3.5e-06 0 0 0 0 0 0 0 0 0 0 0 0 0 0 
1 0.599766 0.216564 0.0285248 0.000579333 6.16667e-06 0 0 0 0 0 0 0 0 0 0 0 0 0 0 
1 0.600441 0.217155 0.0290072 0.0006235 5e-07 0 0 0 0 0 0 0 0 0 0 0 0 0 0 
1 0.599646 0.216549 0.0289762 0.000619667 2.5e-06 0 0 0 0 0 0 0 0 0 0 0 0 0 0 
1 0.601088 0.217318 0.0289858 0.000638167 0 0 0 0 0 0 0 0 0 0 0 0 0 0 0 
1 0.599943 0.216237 0.0288532 0.000625333 2.66667e-06 0 0 0 0 0 0 0 0 0 0 0 0 0 0 
1 0.600516 0.216906 0.0289908 0.000636167 1e-06 0 0 0 0 0 0 0 0 0 0 0 0 0 0 
1 0.599017 0.214979 0.0283197 0.0005995 3e-06 0 0 0 0 0 0 0 0 0 0 0 0 0 0 
1 0.599634 0.216199 0.0287477 0.000589833 2.16667e-06 0 0 0 0 0 0 0 0 0 0 0 0 0 0 
1 0.600461 0.217428 0.0293243 0.0005565 1.66667e-07 0 0 0 0 0 0 0 0 0 0 0 0 0 0 
1 0.600921 0.216744 0.028631 0.000565 1.16667e-06 0 0 0 0 0 0 0 0 0 0 0 0 0 0 
1 0.599497 0.215864 0.0283885 0.000594833 0 0 0 0 0 0 0 0 0 0 0 0 0 0 0 
1 0.599435 0.216823 0.0288928 0.000583667 1e-06 0 0 0 0 0 0 0 0 0 0 0 0 0 0 
1 0.601084 0.217777 0.0294227 0.000663667 1.33333e-06 0 0 0 0 0 0 0 0 0 0 0 0 0 0 
1 0.599519 0.216503 0.0287192 0.000631833 5e-07 0 0 0 0 0 0 0 0 0 0 0 0 0 0 
1 0.60054 0.216841 0.0283242 0.0005515 3.33333e-06 0 0 0 0 0 0 0 0 0 0 0 0 0 0 
1 0.599819 0.216805 0.0286895 0.000594167 0 0 0 0 0 0 0 0 0 0 0 0 0 0 0 
1 0.598394 0.214617 0.0279215 0.000515333 2.16667e-06 0 0 0 0 0 0 0 0 0 0 0 0 0 0 
1 0.599984 0.21645 0.0286177 0.000581667 0 0 0 0 0 0 0 0 0 0 0 0 0 0 0 
1 0.600518 0.216874 0.0290945 0.000589 0 0 0 0 0 0 0 0 0 0 0 0 0 0 0 
1 0.598589 0.215281 0.028634 0.000594667 1.66667e-07 0 0 0 0 0 0 0 0 0 0 0 0 0 0 
1 0.600959 0.217413 0.0288825 0.000569833 5e-07 0 0 0 0 0 0 0 0 0 0 0 0 0 0 
1 0.60083 0.216911 0.0287752 0.0005775 2.83333e-06 0 0 0 0 0 0 0 0 0 0 0 0 0 0 
1 0.599727 0.216903 0.0289882 0.000660333 1.16667e-06 0 0 0 0 0 0 0 0 0 0 0 0 0 0 
1 0.601825 0.218949 0.029313 0.000554 3.5e-06 0 0 0 0 0 0 0 0 0 0 0 0 0 0 
1 0.60077 0.217655 0.0293053 0.000671833 1.66667e-07 0 0 0 0 0 0 0 0 0 0 0 0 0 0 
1 0.599763 0.216128 0.0286322 0.0005785 2e-06 0 0 0 0 0 0 0 0 0 0 0 0 0 0 
1 0.602149 0.219473 0.0302057 0.000641333 2e-06 0 0 0 0 0 0 0 0 0 0 0 0 0 0 
1 0.600328 0.217389 0.0294305 0.000638167 1.66667e-06 0 0 0 0 0 0 0 0 0 0 0 0 0 0 
1 0.600573 0.216964 0.0288397 0.000605833 1e-06 0 0 0 0 0 0 0 0 0 0 0 0 0 0 
1 0.600851 0.218247 0.029207 0.0005795 0 0 0 0 0 0 0 0 0 0 0 0 0 0 0 
1 0.599298 0.215947 0.0291185 0.0006245 6e-06 0 0 0 0 0 0 0 0 0 0 0 0 0 0 
1 0.599873 0.216261 0.0283517 0.000574333 3.33333e-07 0 0 0 0 0 0 0 0 0 0 0 0 0 0 
1 0.600851 0.217954 0.0293338 0.000673667 3.5e-06 0 0 0 0 0 0 0 0 0 0 0 0 0 0 
1 0.59946 0.216138 0.0288702 0.0005955 2.16667e-06 0 0 0 0 0 0 0 0 0 0 0 0 0 0 
1 0.59922 0.21555 0.028269 0.0005585 3.33333e-07 0 0 0 0 0 0 0 0 0 0 0 0 0 0 
1 0.599859 0.215867 0.0284695 0.000618167 1.66667e-07 0 0 0 0 0 0 0 0 0 0 0 0 0 0 
1 0.598739 0.21493 0.028289 0.000562333 1.66667e-06 0 0 0 0 0 0 0 0 0 0 0 0 0 0 
1 0.602384 0.219468 0.0296218 0.000637333 0 0 0 0 0 0 0 0 0 0 0 0 0 0 0 
1 0.599767 0.215488 0.028926 0.000542 8.33333e-07 0 0 0 0 0 0 0 0 0 0 0 0 0 0 
1 0.598531 0.214471 0.0280715 0.0006195 3.5e-06 0 0 0 0 0 0 0 0 0 0 0 0 0 0 
1 0.60076 0.217879 0.02914 0.000678667 0 0 0 0 0 0 0 0 0 0 0 0 0 0 0 
1 0.599735 0.216089 0.0286657 0.000586833 1e-06 0 0 0 0 0 0 0 0 0 0 0 0 0 0 
1 0.599707 0.216401 0.0291078 0.000653333 1.66667e-06 0 0 0 0 0 0 0 0 0 0 0 0 0 0 
1 0.599057 0.215957 0.0286755 0.000584667 0 0 0 0 0 0 0 0 0 0 0 0 0 0 0 
1 0.599335 0.216745 0.0288308 0.0005765 1.66667e-07 0 0 0 0 0 0 0 0 0 0 0 0 0 0 
1 0.599029 0.214992 0.0282192 0.0005945 0 0 0 0 0 0 0 0 0 0 0 0 0 0 0 
1 0.598239 0.214813 0.0282523 0.000564167 6.66667e-07 0 0 0 0 0 0 0 0 0 0 0 0 0 0 
1 0.601697 0.218813 0.0293092 0.0005795 0 0 0 0 0 0 0 0 0 0 0 0 0 0 0 
1 0.60038 0.217341 0.0290295 0.000572333 2.16667e-06 0 0 0 0 0 0 0 0 0 0 0 0 0 0 
1 0.600395 0.217859 0.0293457 0.000550833 1.66667e-07 0 0 0 0 0 0 0 0 0 0 0 0 0 0 
1 0.600024 0.216809 0.0288298 0.000621167 8.33333e-07 0 0 0 0 0 0 0 0 0 0 0 0 0 0 
1 0.600751 0.217193 0.0291535 0.0006255 5e-07 0 0 0 0 0 0 0 0 0 0 0 0 0 0 
1 0.601089 0.217575 0.0293217 0.000614167 1.66667e-06 0 0 0 0 0 0 0 0 0 0 0 0 0 0 
1 0.600411 0.218055 0.0294005 0.0006715 1.16667e-06 0 0 0 0 0 0 0 0 0 0 0 0 0 0 
1 0.600057 0.217229 0.0289723 0.000575 0 0 0 0 0 0 0 0 0 0 0 0 0 0 0 
1 0.599829 0.216674 0.0289977 0.000589667 5.33333e-06 0 0 0 0 0 0 0 0 0 0 0 0 0 0 
1 0.60067 0.217676 0.0290747 0.000603833 0 0 0 0 0 0 0 0 0 0 0 0 0 0 0 
1 0.599586 0.216536 0.0291653 0.000624833 3.33333e-07 0 0 0 0 0 0 0 0 0 0 0 0 0 0 
1 0.599237 0.216175 0.0288675 0.000610667 2.33333e-06 0 0 0 0 0 0 0 0 0 0 0 0 0 0 
1 0.600435 0.216953 0.0286502 0.000595 1.66667e-06 0 0 0 0 0 0 0 0 0 0 0 0 0 0 
1 0.599756 0.216948 0.0289637 0.000606 8.33333e-07 0 0 0 0 0 0 0 0 0 0 0 0 0 0 
1 0.599484 0.216006 0.0283923 0.000508167 1e-06 0 0 0 0 0 0 0 0 0 0 0 0 0 0 
1 0.599889 0.217028 0.0290353 0.000617833 5e-07 0 0 0 0 0 0 0 0 0 0 0 0 0 0 
1 0.600846 0.21734 0.0288133 0.000527 0 0 0 0 0 0 0 0 0 0 0 0 0 0 0 
1 0.600588 0.217141 0.0289007 0.000600333 4.5e-06 0 0 0 0 0 0 0 0 0 0 0 0 0 0 
1 0.600494 0.217319 0.0288002 0.000572 2.16667e-06 0 0 0 0 0 0 0 0 0 0 0 0 0 0 
1 0.600573 0.217603 0.029214 0.000623 2.16667e-06 0 0 0 0 0 0 0 0 0 0 0 0 0 0 
1 0.599527 0.216425 0.028672 0.000560333 1.66667e-07 0 0 0 0 0 0 0 0 0 0 0 0 0 0 
1 0.599897 0.216676 0.02848 0.000586833 3.33333e-07 0 0 0 0 0 0 0 0 0 0 0 0 0 0 
1 0.600593 0.21804 0.0293875 0.000604833 2.66667e-06 0 0 0 0 0 0 0 0 0 0 0 0 0 0 
1 0.599783 0.215997 0.0287743 0.000607667 3.33333e-06 0 0 0 0 0 0 0 0 0 0 0 0 0 0 
1 0.601022 0.217622 0.0292468 0.000612833 3.83333e-06 0 0 0 0 0 0 0 0 0 0 0 0 0 0 
1 0.600806 0.218302 0.0292795 0.000571667 2.16667e-06 0 0 0 0 0 0 0 0 0 0 0 0 0 0 
1 0.602755 0.220328 0.0300312 0.000645167 3e-06 0 0 0 0 0 0 0 0 0 0 0 0 0 0 
1 0.600414 0.218043 0.0291075 0.000644667 3.33333e-07 0 0 0 0 0 0 0 0 0 0 0 0 0 0 
1 0.60001 0.216347 0.0285052 0.000578167 0 0 0 0 0 0 0 0 0 0 0 0 0 0 0 
1 0.600091 0.216365 0.028583 0.000609833 4.16667e-06 0 0 0 0 0 0 0 0 0 0 0 0 0 0 
1 0.599502 0.216434 0.028402 0.000558833 2.16667e-06 0 0 0 0 0 0 0 0 0 0 0 0 0 0 
1 0.600417 0.217599 0.0292292 0.000625667 1.16667e-06 0 0 0 0 0 0 0 0 0 0 0 0 0 0 
1 0.600271 0.216647 0.0287927 0.000598333 1e-06 0 0 0 0 0 0 0 0 0 0 0 0 0 0 
1 0.600831 0.217195 0.0294033 0.00063 1.66667e-06 0 0 0 0 0 0 0 0 0 0 0 0 0 0 
1 0.600635 0.217652 0.0290083 0.000554833 5e-07 0 0 0 0 0 0 0 0 0 0 0 0 0 0 
1 0.599544 0.215048 0.0280413 0.000570833 3.83333e-06 0 0 0 0 0 0 0 0 0 0 0 0 0 0 
1 0.600487 0.217462 0.0289038 0.000561167 3e-06 0 0 0 0 0 0 0 0 0 0 0 0 0 0 
1 0.599582 0.21608 0.0286585 0.0005465 3.33333e-07 0 0 0 0 0 0 0 0 0 0 0 0 0 0 
1 0.599435 0.216364 0.0285188 0.0005835 1.66667e-06 0 0 0 0 0 0 0 0 0 0 0 0 0 0 
1 0.600092 0.216409 0.029041 0.000572333 1.16667e-06 0 0 0 0 0 0 0 0 0 0 0 0 0 0 
1 0.600078 0.217142 0.02885 0.000526667 1.33333e-06 0 0 0 0 0 0 0 0 0 0 0 0 0 0 
1 0.600426 0.216387 0.0284713 0.0006225 0 0 0 0 0 0 0 0 0 0 0 0 0 0 0 
1 0.598836 0.21521 0.0283413 0.000557333 1.5e-06 0 0 0 0 0 0 0 0 0 0 0 0 0 0 
1 0.601587 0.218613 0.029616 0.000592 8.33333e-07 0 0 0 0 0 0 0 0 0 0 0 0 0 0 
1 0.601398 0.218751 0.0296733 0.000616667 2.83333e-06 0 0 0 0 0 0 0 0 0 0 0 0 0 0 
1 0.599419 0.216586 0.028828 0.000647833 4.83333e-06 0 0 0 0 0 0 0 0 0 0 0 0 0 0 
1 0.598531 0.215205 0.0282893 0.000582667 1.66667e-07 0 0 0 0 0 0 0 0 0 0 0 0 0 0 
1 0.599815 0.215787 0.0286763 0.000626167 0 0 0 0 0 0 0 0 0 0 0 0 0 0 0 
1 0.60065 0.217828 0.0294632 0.000633167 1.66667e-07 0 0 0 0 0 0 0 0 0 0 0 0 0 0 
1 0.599958 0.217336 0.0289738 0.000597667 3.5e-06 0 0 0 0 0 0 0 0 0 0 0 0 0 0 
1 0.600293 0.217456 0.0291352 0.0005835 3e-06 0 0 0 0 0 0 0 0 0 0 0 0 0 0 
1 0.598971 0.215909 0.02853 0.0006265 8.33333e-07 0 0 0 0 0 0 0 0 0 0 0 0 0 0 
1 0.599845 0.217427 0.028547 0.000584167 1.33333e-06 0 0 0 0 0 0 0 0 0 0 0 0 0 0 
1 0.601413 0.218812 0.0292177 0.000586333 2.66667e-06 0 0 0 0 0 0 0 0 0 0 0 0 0 0 
1 0.600538 0.216925 0.0289595 0.0006155 3.66667e-06 0 0 0 0 0 0 0 0 0 0 0 0 0 0 
1 0.599785 0.215624 0.0283145 0.000566833 2e-06 0 0 0 0 0 0 0 0 0 0 0 0 0 0 
1 0.598764 0.214643 0.0280703 0.000513333 5.5e-06 0 0 0 0 0 0 0 0 0 0 0 0 0 0 
1 0.600316 0.216982 0.0284427 0.000585167 0 0 0 0 0 0 0 0 0 0 0 0 0 0 0 
1 0.600777 0.217214 0.0290608 0.000592667 6.66667e-07 0 0 0 0 0 0 0 0 0 0 0 0 0 0 
1 0.600662 0.217607 0.0293888 0.0005505 3.5e-06 0 0 0 0 0 0 0 0 0 0 0 0 0 0 
1 0.601156 0.21725 0.0290793 0.000633333 5.33333e-06 0 0 0 0 0 0 0 0 0 0 0 0 0 0 
1 0.599211 0.216217 0.028731 0.00054 3.33333e-06 0 0 0 0 0 0 0 0 0 0 0 0 0 0 
1 0.599388 0.216066 0.0288585 0.000618167 3.33333e-07 0 0 0 0 0 0 0 0 0 0 0 0 0 0 
1 0.60056 0.217177 0.0288792 0.000602667 1.66667e-07 0 0 0 0 0 0 0 0 0 0 0 0 0 0 
1 0.599925 0.216383 0.0286272 0.000657 1.66667e-07 0 0 0 0 0 0 0 0 0 0 0 0 0 0 
1 0.60123 0.217815 0.0291748 0.000515333 0 0 0 0 0 0 0 0 0 0 0 0 0 0 0 
1 0.600958 0.218032 0.0294468 0.000573 0 0 0 0 0 0 0 0 0 0 0 0 0 0 0 
1 0.600578 0.217505 0.0294338 0.000653833 0 0 0 0 0 0 0 0 0 0 0 0 0 0 0 
1 0.599083 0.215707 0.0282903 0.000552333 1.5e-06 0 0 0 0 0 0 0 0 0 0 0 0 0 0 
1 0.599367 0.215759 0.0288332 0.000586833 5e-07 0 0 0 0 0 0 0 0 0 0 0 0 0 0 
1 0.600635 0.217799 0.0293248 0.000561167 5e-07 0 0 0 0 0 0 0 0 0 0 0 0 0 0 
1 0.601026 0.216875 0.0289338 0.00057 1.66667e-07 0 0 0 0 0 0 0 0 0 0 0 0 0 0 
1 0.599327 0.215797 0.0285017 0.0006345 0 0 0 0 0 0 0 0 0 0 0 0 0 0 0 
1 0.600633 0.217068 0.0290215 0.0006225 3.66667e-06 0 0 0 0 0 0 0 0 0 0 0 0 0 0 
1 0.600363 0.21727 0.0292932 0.000573667 3.33333e-07 0 0 0 0 0 0 0 0 0 0 0 0 0 0 
1 0.599427 0.216127 0.0286947 0.000597833 1.5e-06 0 0 0 0 0 0 0 0 0 0 0 0 0 0 
1 0.600305 0.216663 0.0288887 0.000607833 1.16667e-06 0 0 0 0 0 0 0 0 0 0 0 0 0 0 
1 0.598862 0.215523 0.0290138 0.000539833 1.16667e-06 0 0 0 0 0 0 0 0 0 0 0 0 0 0 
1 0.600688 0.217625 0.0291857 0.0006155 1e-06 0 0 0 0 0 0 0 0 0 0 0 0 0 0 
1 0.599652 0.217069 0.0290562 0.0006395 2.66667e-06 0 0 0 0 0 0 0 0 0 0 0 0 0 0 
1 0.600845 0.217972 0.0296657 0.0006535 1e-06 0 0 0 0 0 0 0 0 0 0 0 0 0 0 
1 0.598842 0.215372 0.0283843 0.000582 8.33333e-07 0 0 0 0 0 0 0 0 0 0 0 0 0 0 
1 0.599913 0.216623 0.0287188 0.000558667 5e-07 0 0 0 0 0 0 0 0 0 0 0 0 0 0 
1 0.601351 0.21776 0.0291742 0.000576667 1.16667e-06 0 0 0 0 0 0 0 0 0 0 0 0 0 0 
1 0.599866 0.216991 0.0287915 0.000565833 1.83333e-06 0 0 0 0 0 0 0 0 0 0 0 0 0 0 
1 0.602738 0.219605 0.0296852 0.000645667 1.16667e-06 0 0 0 0 0 0 0 0 0 0 0 0 0 0 
1 0.599593 0.216382 0.0286873 0.000604167 1.83333e-06 0 0 0 0 0 0 0 0 0 0 0 0 0 0 
1 0.599947 0.21677 0.029227 0.000570167 1.66667e-07 0 0 0 0 0 0 0 0 0 0 0 0 0 0 
1 0.599982 0.217801 0.0291303 0.000558833 0 0 0 0 0 0 0 0 0 0 0 0 0 0 0 
1 0.60037 0.217867 0.0293535 0.000611833 3.33333e-07 0 0 0 0 0 0 0 0 0 0 0 0 0 0 
1 0.598915 0.215024 0.0283107 0.000577 1.33333e-06 0 0 0 0 0 0 0 0 0 0 0 0 0 0 
1 0.599154 0.215409 0.0283077 0.000547 1.5e-06 0 0 0 0 0 0 0 0 0 0 0 0 0 0 
1 0.599358 0.217084 0.0289848 0.000602667 2e-06 0 0 0 0 0 0 0 0 0 0 0 0 0 0 
1 0.600758 0.218397 0.0295455 0.0006355 2e-06 0 0 0 0 0 0 0 0 0 0 0 0 0 0 
1 0.600725 0.21636 0.02883 0.000619 3.66667e-06 0 0 0 0 0 0 0 0 0 0 0 0 0 0 
1 0.598626 0.214506 0.028516 0.000558167 0 0 0 0 0 0 0 0 0 0 0 0 0 0 0 
1 0.599083 0.215084 0.0283722 0.000564667 3.33333e-07 0 0 0 0 0 0 0 0 0 0 0 0 0 0 
1 0.600817 0.217924 0.0296177 0.000611833 1.16667e-06 0 0 0 0 0 0 0 0 0 0 0 0 0 0 
1 0.601933 0.219429 0.0297947 0.000633333 5.5e-06 0 0 0 0 0 0 0 0 0 0 0 0 0 0 
1 0.599978 0.217146 0.0290063 0.0006635 6.66667e-07 0 0 0 0 0 0 0 0 0 0 0 0 0 0 
1 0.602186 0.218972 0.029362 0.000639333 1.33333e-06 0 0 0 0 0 0 0 0 0 0 0 0 0 0 
1 0.598588 0.215005 0.0281065 0.000515667 5e-07 0 0 0 0 0 0 0 0 0 0 0 0 0 0 
1 0.597038 0.213828 0.0279723 0.000587833 0 0 0 0 0 0 0 0 0 0 0 0 0 0 0 
1 0.600167 0.216493 0.028501 0.000607333 7.33333e-06 0 0 0 0 0 0 0 0 0 0 0 0 0 0 
1 0.601026 0.217736 0.0292607 0.000603833 1.66667e-06 0 0 0 0 0 0 0 0 0 0 0 0 0 0 
1 0.600097 0.21728 0.0291432 0.000602667 2e-06 0 0 0 0 0 0 0 0 0 0 0 0 0 0 
1 0.601462 0.218296 0.0290258 0.000601333 3.33333e-07 0 0 0 0 0 0 0 0 0 0 0 0 0 0 
1 0.599818 0.216062 0.0291458 0.000614333 6.66667e-07 0 0 0 0 0 0 0 0 0 0 0 0 0 0 
1 0.601297 0.218552 0.0291378 0.000635 5e-07 0 0 0 0 0 0 0 0 0 0 0 0 0 0 
1 0.600276 0.216465 0.0285813 0.0005645 1.66667e-07 0 0 0 0 0 0 0 0 0 0 0 0 0 0 
1 0.600114 0.217261 0.0289873 0.000654833 4.5e-06 0 0 0 0 0 0 0 0 0 0 0 0 0 0 
1 0.598954 0.215693 0.0284027 0.0005425 8.33333e-07 0 0 0 0 0 0 0 0 0 0 0 0 0 0 
1 0.599264 0.215974 0.0285385 0.000577167 1.16667e-06 0 0 0 0 0 0 0 0 0 0 0 0 0 0 
1 0.60018 0.216256 0.0286603 0.000578 2.83333e-06 0 0 0 0 0 0 0 0 0 0 0 0 0 0 
1 0.601481 0.218976 0.029676 0.000625167 3.33333e-07 0 0 0 0 0 0 0 0 0 0 0 0 0 0 
1 0.601377 0.217184 0.0290952 0.000618 1e-06 0 0 0 0 0 0 0 0 0 0 0 0 0 0 
1 0.601578 0.218702 0.0296642 0.0006495 6.66667e-07 0 0 0 0 0 0 0 0 0 0 0 0 0 0 
1 0.599404 0.215999 0.0288417 0.00057 2.83333e-06 0 0 0 0 0 0 0 0 0 0 0 0 0 0 
1 0.599757 0.21651 0.0287588 0.000610667 6.33333e-06 0 0 0 0 0 0 0 0 0 0 0 0 0 0 
1 0.600863 0.217193 0.0289678 0.000567667 1.5e-06 0 0 0 0 0 0 0 0 0 0 0 0 0 0 
1 0.598223 0.215286 0.0282193 0.000546333 3.16667e-06 0 0 0 0 0 0 0 0 0 0 0 0 0 0 
1 0.600857 0.217634 0.0287305 0.000610333 2.66667e-06 0 0 0 0 0 0 0 0 0 0 0 0 0 0 
1 0.599603 0.21654 0.0288122 0.000539 2.66667e-06 0 0 0 0 0 0 0 0 0 0 0 0 0 0 
1 0.598816 0.21569 0.028863 0.0006315 3.66667e-06 0 0 0 0 0 0 0 0 0 0 0 0 0 0 
1 0.600829 0.217572 0.028791 0.000628 1e-06 0 0 0 0 0 0 0 0 0 0 0 0 0 0 
1 0.599507 0.216886 0.0292383 0.000583833 0 0 0 0 0 0 0 0 0 0 0 0 0 0 0 
1 0.597869 0.213967 0.0276615 0.0005485 1.33333e-06 0 0 0 0 0 0 0 0 0 0 0 0 0 0 
1 0.597572 0.215117 0.028544 0.0005735 2.16667e-06 0 0 0 0 0 0 0 0 0 0 0 0 0 0 
1 0.601042 0.216915 0.0288367 0.000625667 8.33333e-07 0 0 0 0 0 0 0 0 0 0 0 0 0 0 
1 0.600018 0.21668 0.0291507 0.000634667 1e-06 0 0 0 0 0 0 0 0 0 0 0 0 0 0 
1 0.599333 0.215573 0.028478 0.000586167 1.16667e-06 0 0 0 0 0 0 0 0 0 0 0 0 0 0 
1 0.601366 0.21761 0.0292822 0.000580167 1.16667e-06 0 0 0 0 0 0 0 0 0 0 0 0 0 0 
1 0.599294 0.216414 0.0289908 0.000630667 1.5e-06 0 0 0 0 0 0 0 0 0 0 0 0 0 0 
1 0.598808 0.215405 0.0284742 0.000564833 1.5e-06 0 0 0 0 0 0 0 0 0 0 0 0 0 0 
1 0.59686 0.212504 0.0272085 0.000544333 2.66667e-06 0 0 0 0 0 0 0 0 0 0 0 0 0 0 
1 0.598142 0.214595 0.0286357 0.0006315 2e-06 0 0 0 0 0 0 0 0 0 0 0 0 0 0 
1 0.599726 0.215514 0.0285528 0.0005775 3.33333e-06 0 0 0 0 0 0 0 0 0 0 0 0 0 0 
1 0.599993 0.217315 0.0292728 0.000635667 3.83333e-06 0 0 0 0 0 0 0 0 0 0 0 0 0 0 
1 0.601016 0.217759 0.0291905 0.0005835 1.5e-06 0 0 0 0 0 0 0 0 0 0 0 0 0 0 
1 0.60078 0.217311 0.0290632 0.000574333 2e-06 0 0 0 0 0 0 0 0 0 0 0 0 0 0 
1 0.600084 0.216716 0.0287748 0.000647 1.5e-06 0 0 0 0 0 0 0 0 0 0 0 0 0 0 
1 0.60024 0.217219 0.0290207 0.000628833 4.83333e-06 0 0 0 0 0 0 0 0 0 0 0 0 0 0 
1 0.600837 0.218695 0.0297915 0.000624333 0 0 0 0 0 0 0 0 0 0 0 0 0 0 0 
1 0.601395 0.218536 0.0293078 0.000604667 1.83333e-06 0 0 0 0 0 0 0 0 0 0 0 0 0 0 
1 0.600716 0.217514 0.029127 0.000681333 0 0 0 0 0 0 0 0 0 0 0 0 0 0 0 
1 0.599907 0.216031 0.0289867 0.000570167 3.33333e-07 0 0 0 0 0 0 0 0 0 0 0 0 0 0 
1 0.598821 0.215914 0.0288635 0.000606667 0 0 0 0 0 0 0 0 0 0 0 0 0 0 0 
1 0.599417 0.216061 0.0288368 0.0005725 3.33333e-07 0 0 0 0 0 0 0 0 0 0 0 0 0 0 
1 0.598856 0.215551 0.0286022 0.0006065 1.66667e-06 0 0 0 0 0 0 0 0 0 0 0 0 0 0 
1 0.599954 0.216431 0.028669 0.000620667 1.83333e-06 0 0 0 0 0 0 0 0 0 0 0 0 0 0 
1 0.599521 0.217389 0.0290982 0.000585833 6.66667e-07 0 0 0 0 0 0 0 0 0 0 0 0 0 0 
1 0.601728 0.217898 0.0292288 0.000631167 1.33333e-06 0 0 0 0 0 0 0 0 0 0 0 0 0 0 
1 0.599815 0.216109 0.0289283 0.000636333 0 0 0 0 0 0 0 0 0 0 0 0 0 0 0 
1 0.60028 0.216862 0.0287192 0.000563667 1.66667e-07 0 0 0 0 0 0 0 0 0 0 0 0 0 0 
1 0.601593 0.218062 0.0292237 0.000652 1.33333e-06 0 0 0 0 0 0 0 0 0 0 0 0 0 0 
1 0.600047 0.216666 0.028561 0.000564667 2.83333e-06 0 0 0 0 0 0 0 0 0 0 0 0 0 0 
1 0.601651 0.218004 0.0292543 0.000653333 1.83333e-06 0 0 0 0 0 0 0 0 0 0 0 0 0 0 
1 0.600329 0.216698 0.0287403 0.000576167 1.5e-06 0 0 0 0 0 0 0 0 0 0 0 0 0 0 
1 0.600841 0.217777 0.0288288 0.000571333 1.66667e-07 0 0 0 0 0 0 0 0 0 0 0 0 0 0 
1 0.600572 0.217425 0.0286102 0.000600167 2.5e-06 0 0 0 0 0 0 0 0 0 0 0 0 0 0 
1 0.600477 0.216766 0.0291343 0.0006435 2.83333e-06 0 0 0 0 0 0 0 0 0 0 0 0 0 0 
1 0.599798 0.215909 0.0285838 0.000551 0 0 0 0 0 0 0 0 0 0 0 0 0 0 0 
1 0.600787 0.217743 0.0293502 0.000604833 1.33333e-06 0 0 0 0 0 0 0 0 0 0 0 0 0 0 
1 0.600809 0.217987 0.029142 0.000586 1.66667e-07 0 0 0 0 0 0 0 0 0 0 0 0 0 0 
1 0.601376 0.21741 0.029132 0.000612 2.66667e-06 0 0 0 0 0 0 0 0 0 0 0 0 0 0 
1 0.601331 0.218501 0.0290418 0.000583333 2.33333e-06 0 0 0 0 0 0 0 0 0 0 0 0 0 0 
1 0.598417 0.215655 0.0284423 0.000595167 4.83333e-06 0 0 0 0 0 0 0 0 0 0 0 0 0 0 
1 0.599534 0.216772 0.0288535 0.000563 0 0 0 0 0 0 0 0 0 0 0 0 0 0 0 
1 0.600362 0.216304 0.0286467 0.0006295 4.5e-06 0 0 0 0 0 0 0 0 0 0 0 0 0 0 
1 0.599758 0.216213 0.0286127 0.000564333 1.5e-06 0 0 0 0 0 0 0 0 0 0 0 0 0 0 
1 0.599657 0.216286 0.0285978 0.000541333 0 0 0 0 0 0 0 0 0 0 0 0 0 0 0 
1 0.599718 0.216155 0.0285218 0.00055 2.83333e-06 0 0 0 0 0 0 0 0 0 0 0 0 0 0 
1 0.600172 0.216438 0.0288587 0.000649 2.5e-06 0 0 0 0 0 0 0 0 0 0 0 0 0 0 
1 0.600329 0.216846 0.0289057 0.000551667 3.33333e-07 0 0 0 0 0 0 0 0 0 0 0 0 0 0 
1 0.60024 0.217388 0.0293035 0.0006375 6.66667e-07 0 0 0 0 0 0 0 0 0 0 0 0 0 0 
1 0.600486 0.216803 0.0287667 0.0005825 4.83333e-06 0 0 0 0 0 0 0 0 0 0 0 0 0 0 
1 0.60035 0.217052 0.0292007 0.000626833 1.83333e-06 0 0 0 0 0 0 0 0 0 0 0 0 0 0 
1 0.600021 0.217413 0.02932 0.000659167 0 0 0 0 0 0 0 0 0 0 0 0 0 0 0 
1 0.600101 0.216189 0.028673 0.000605667 6.66667e-06 0 0 0 0 0 0 0 0 0 0 0 0 0 0 
1 0.599724 0.216613 0.0287925 0.000588667 4e-06 0 0 0 0 0 0 0 0 0 0 0 0 0 0 
1 0.600872 0.217684 0.0289377 0.000567167 1.33333e-06 0 0 0 0 0 0 0 0 0 0 0 0 0 0 
1 0.601242 0.218182 0.0295357 0.000596333 3.66667e-06 0 0 0 0 0 0 0 0 0 0 0 0 0 0 
1 0.598392 0.21453 0.028251 0.000583667 0 0 0 0 0 0 0 0 0 0 0 0 0 0 0 
1 0.601222 0.218184 0.0292048 0.000607333 1.66667e-06 0 0 0 0 0 0 0 0 0 0 0 0 0 0 
1 0.600026 0.21639 0.0284158 0.000555333 0 0 0 0 0 0 0 0 0 0 0 0 0 0 0 
1 0.600277 0.216711 0.0287758 0.000532833 0 0 0 0 0 0 0 0 0 0 0 0 0 0 0 
1 0.59949 0.215313 0.0280092 0.000548167 5.16667e-06 0 0 0 0 0 0 0 0 0 0 0 0 0 0 
1 0.599634 0.216081 0.0287452 0.00065 3e-06 0 0 0 0 0 0 0 0 0 0 0 0 0 0 
1 0.599895 0.217461 0.0293722 0.000602333 5e-07 0 0 0 0 0 0 0 0 0 0 0 0 0 0 
1 0.599746 0.216497 0.028838 0.000522167 1.33333e-06 0 0 0 0 0 0 0 0 0 0 0 0 0 0 
1 0.598491 0.214706 0.0279712 0.0005495 2.5e-06 0 0 0 0 0 0 0 0 0 0 0 0 0 0 
1 0.598438 0.215499 0.0285627 0.000555833 1.66667e-06 0 0 0 0 0 0 0 0 0 0 0 0 0 0 
1 0.600153 0.217252 0.0289803 0.000597167 1.33333e-06 0 0 0 0 0 0 0 0 0 0 0 0 0 0 
1 0.600321 0.217942 0.0292593 0.000610833 1.33333e-06 0 0 0 0 0 0 0 0 0 0 0 0 0 0 
1 0.600971 0.217412 0.028944 0.000603167 1.16667e-06 0 0 0 0 0 0 0 0 0 0 0 0 0 0 
1 0.599373 0.21591 0.0283253 0.000580833 1.16667e-06 0 0 0 0 0 0 0 0 0 0 0 0 0 0 
1 0.600784 0.217051 0.0288755 0.000643167 3.33333e-07 0 0 0 0 0 0 0 0 0 0 0 0 0 0 
1 0.599048 0.215542 0.0286748 0.000538 0 0 0 0 0 0 0 0 0 0 0 0 0 0 0 
1 0.59912 0.215886 0.0284367 0.000573833 1e-06 0 0 0 0 0 0 0 0 0 0 0 0 0 0 
1 0.601136 0.21789 0.0294155 0.000627833 4.5e-06 0 0 0 0 0 0 0 0 0 0 0 0 0 0 
1 0.599772 0.217074 0.0290907 0.000579 1.5e-06 0 0 0 0 0 0 0 0 0 0 0 0 0 0 
1 0.600166 0.216689 0.0290603 0.000556333 5e-07 0 0 0 0 0 0 0 0 0 0 0 0 0 0 
1 0.598812 0.215258 0.0285927 0.000656833 2.66667e-06 0 0 0 0 0 0 0 0 0 0 0 0 0 0 
1 0.599553 0.215532 0.02843 0.000567667 1.66667e-07 0 0 0 0 0 0 0 0 0 0 0 0 0 0 
1 0.600281 0.216847 0.028754 0.0005345 0 0 0 0 0 0 0 0 0 0 0 0 0 0 0 
1 0.600722 0.216917 0.028568 0.0006045 1e-06 0 0 0 0 0 0 0 0 0 0 0 0 0 0 
1 0.598577 0.215771 0.0285965 0.000593 4.83333e-06 0 0 0 0 0 0 0 0 0 0 0 0 0 0 
1 0.601199 0.21761 0.0289177 0.000621167 1.66667e-06 0 0 0 0 0 0 0 0 0 0 0 0 0 0 
1 0.59856 0.214923 0.028324 0.0006415 6.66667e-07 0 0 0 0 0 0 0 0 0 0 0 0 0 0 
1 0.598723 0.215732 0.0283232 0.000545833 5e-07 0 0 0 0 0 0 0 0 0 0 0 0 0 0 
1 0.598851 0.215609 0.0286218 0.000559333 0 0 0 0 0 0 0 0 0 0 0 0 0 0 0 
1 0.599025 0.215482 0.0283148 0.000585333 1.33333e-06 0 0 0 0 0 0 0 0 0 0 0 0 0 0 
1 0.599895 0.217132 0.0293647 0.000609667 2.5e-06 0 0 0 0 0 0 0 0 0 0 0 0 0 0 
1 0.600819 0.217327 0.029097 0.0006135 6.33333e-06 0 0 0 0 0 0 0 0 0 0 0 0 0 0 
1 0.598903 0.214814 0.028313 0.000578 0 0 0 0 0 0 0 0 0 0 0 0 0 0 0 
1 0.598767 0.215369 0.0284312 0.000560333 3.33333e-07 0 0 0 0 0 0 0 0 0 0 0 0 0 0 
1 0.5998 0.215997 0.0290332 0.000556667 2e-06 0 0 0 0 0 0 0 0 0 0 0 0 0 0 
1 0.598672 0.215484 0.028582 0.000604 1.16667e-06 0 0 0 0 0 0 0 0 0 0 0 0 0 0 
1 0.600451 0.217774 0.02918 0.000628333 1.33333e-06 0 0 0 0 0 0 0 0 0 0 0 0 0 0 
1 0.598155 0.215706 0.0283518 0.000553833 5e-07 0 0 0 0 0 0 0 0 0 0 0 0 0 0 
1 0.601281 0.218103 0.0289765 0.000584667 0 0 0 0 0 0 0 0 0 0 0 0 0 0 0 
1 0.598914 0.214616 0.0277418 0.000490667 0 0 0 0 0 0 0 0 0 0 0 0 0 0 0 
1 0.6004 0.216791 0.028652 0.000612667 3.33333e-06 8.33333e-07 0 0 0 0 0 0 0 0 0 0 0 0 0 
1 0.600191 0.215543 0.0286578 0.000573833 2.83333e-06 0 0 0 0 0 0 0 0 0 0 0 0 0 0 
1 0.601075 0.2171 0.0289445 0.0005785 1.5e-06 0 0 0 0 0 0 0 0 0 0 0 0 0 0 
1 0.599542 0.216333 0.0284298 0.000589833 1.16667e-06 0 0 0 0 0 0 0 0 0 0 0 0 0 0 
1 0.600183 0.216863 0.0286833 0.0005805 1e-06 0 0 0 0 0 0 0 0 0 0 0 0 0 0 
1 0.598871 0.215657 0.0288872 0.000574833 1e-06 0 0 0 0 0 0 0 0 0 0 0 0 0 0 
1 0.598883 0.215308 0.02863 0.000575667 1.66667e-07 0 0 0 0 0 0 0 0 0 0 0 0 0 0 
1 0.60078 0.217218 0.0287232 0.000572 6.66667e-07 0 0 0 0 0 0 0 0 0 0 0 0 0 0 
1 0.599537 0.215584 0.0285072 0.000610333 1e-06 0 0 0 0 0 0 0 0 0 0 0 0 0 0 
1 0.601396 0.217798 0.0288848 0.0006865 3.33333e-07 0 0 0 0 0 0 0 0 0 0 0 0 0 0 
1 0.601165 0.217226 0.0287117 0.000568667 1.83333e-06 0 0 0 0 0 0 0 0 0 0 0 0 0 0 
1 0.599634 0.21557 0.02828 0.000577833 4.66667e-06 0 0 0 0 0 0 0 0 0 0 0 0 0 0 
1 0.601416 0.218965 0.0298088 0.000692833 2e-06 0 0 0 0 0 0 0 0 0 0 0 0 0 0 
1 0.599602 0.215793 0.0283555 0.0005545 0 0 0 0 0 0 0 0 0 0 0 0 0 0 0 
1 0.600238 0.216613 0.0288327 0.0005765 1.83333e-06 0 0 0 0 0 0 0 0 0 0 0 0 0 0 
1 0.597797 0.214424 0.028049 0.000565 4.66667e-06 0 0 0 0 0 0 0 0 0 0 0 0 0 0 
1 0.601605 0.218438 0.0293927 0.0005825 1e-06 0 0 0 0 0 0 0 0 0 0 0 0 0 0 
1 0.599018 0.216198 0.0286745 0.000545833 0 0 0 0 0 0 0 0 0 0 0 0 0 0 0 
1 0.600547 0.217468 0.0290925 0.000609667 3.5e-06 0 0 0 0 0 0 0 0 0 0 0 0 0 0 
1 0.598945 0.214595 0.0278657 0.000599667 3.33333e-07 0 0 0 0 0 0 0 0 0 0 0 0 0 0 
1 0.597951 0.214805 0.0284192 0.000540667 1.5e-06 0 0 0 0 0 0 0 0 0 0 0 0 0 0 
1 0.601386 0.21748 0.0288393 0.0005805 1.66667e-06 0 0 0 0 0 0 0 0 0 0 0 0 0 0 
1 0.599911 0.217429 0.0294233 0.000619333 7.83333e-06 0 0 0 0 0 0 0 0 0 0 0 0 0 0 
1 0.601093 0.217416 0.0291833 0.000660167 5e-06 0 0 0 0 0 0 0 0 0 0 0 0 0 0 
1 0.60022 0.216791 0.0287157 0.0005535 0 0 0 0 0 0 0 0 0 0 0 0 0 0 0 
1 0.598603 0.21511 0.0280372 0.000571667 0 0 0 0 0 0 0 0 0 0 0 0 0 0 0 
1 0.599632 0.216093 0.0284668 0.000579 1e-06 0 0 0 0 0 0 0 0 0 0 0 0 0 0 
1 0.60041 0.217542 0.0291183 0.000590833 1.66667e-07 0 0 0 0 0 0 0 0 0 0 0 0 0 0 
1 0.600704 0.216745 0.0288197 0.000602 1.66667e-06 0 0 0 0 0 0 0 0 0 0 0 0 0 0 
1 0.599406 0.215418 0.0283535 0.000576167 1.33333e-06 0 0 0 0 0 0 0 0 0 0 0 0 0 0 
1 0.601761 0.218375 0.0294535 0.000613333 0 0 0 0 0 0 0 0 0 0 0 0 0 0 0 
1 0.600766 0.217077 0.0290662 0.000623667 5e-07 0 0 0 0 0 0 0 0 0 0 0 0 0 0 
1 0.600717 0.217548 0.0289873 0.000595833 8.33333e-07 0 0 0 0 0 0 0 0 0 0 0 0 0 0 
1 0.601115 0.218457 0.029363 0.000638667 1.16667e-06 0 0 0 0 0 0 0 0 0 0 0 0 0 0 
1 0.600747 0.216672 0.0288332 0.000613667 1.5e-06 0 0 0 0 0 0 0 0 0 0 0 0 0 0 
1 0.600039 0.215604 0.0282732 0.000587 1.33333e-06 0 0 0 0 0 0 0 0 0 0 0 0 0 0 
1 0.599785 0.216379 0.028615 0.00061 1.33333e-06 0 0 0 0 0 0 0 0 0 0 0 0 0 0 
1 0.59902 0.216071 0.0287138 0.000594667 1.66667e-06 0 0 0 0 0 0 0 0 0 0 0 0 0 0 
1 0.59954 0.215267 0.0279542 0.000581 1.66667e-07 0 0 0 0 0 0 0 0 0 0 0 0 0 0 
1 0.599355 0.216129 0.0285642 0.000566833 1.5e-06 0 0 0 0 0 0 0 0 0 0 0 0 0 0 
1 0.598899 0.21595 0.0285425 0.0005735 1.16667e-06 0 0 0 0 0 0 0 0 0 0 0 0 0 0 
1 0.60002 0.216535 0.028707 0.0005785 0 0 0 0 0 0 0 0 0 0 0 0 0 0 0 
1 0.600323 0.217072 0.0289127 0.000615 1.66667e-07 0 0 0 0 0 0 0 0 0 0 0 0 0 0 
1 0.599271 0.215182 0.028513 0.000591 1.16667e-06 0 0 0 0 0 0 0 0 0 0 0 0 0 0 
1 0.599802 0.216816 0.028472 0.000581833 1.5e-06 0 0 0 0 0 0 0 0 0 0 0 0 0 0 
1 0.602131 0.218324 0.0297005 0.0006625 5e-07 0 0 0 0 0 0 0 0 0 0 0 0 0 0 
1 0.600669 0.217889 0.0292832 0.000603667 0 0 0 0 0 0 0 0 0 0 0 0 0 0 0 
1 0.598598 0.215153 0.028382 0.0005955 6.66667e-07 0 0 0 0 0 0 0 0 0 0 0 0 0 0 
1 0.599696 0.215116 0.0283723 0.000575 0 0 0 0 0 0 0 0 0 0 0 0 0 0 0 
1 0.600422 0.217521 0.0291923 0.000633 1.66667e-06 0 0 0 0 0 0 0 0 0 0 0 0 0 0 
1 0.600725 0.217055 0.0289625 0.000586833 1.5e-06 0 0 0 0 0 0 0 0 0 0 0 0 0 0 
1 0.600551 0.217228 0.028672 0.0006415 1e-06 0 0 0 0 0 0 0 0 0 0 0 0 0 0 
1 0.601898 0.219154 0.0293767 0.000626833 3.83333e-06 0 0 0 0 0 0 0 0 0 0 0 0 0 0 
1 0.600199 0.216298 0.0286987 0.000611833 1.16667e-06 0 0 0 0 0 0 0 0 0 0 0 0 0 0 
1 0.599302 0.215648 0.0286902 0.000633 6.66667e-07 0 0 0 0 0 0 0 0 0 0 0 0 0 0 
1 0.59994 0.216699 0.028746 0.000589167 3.33333e-07 0 0 0 0 0 0 0 0 0 0 0 0 0 0 
1 0.601057 0.218575 0.02973 0.000643667 3.66667e-06 0 0 0 0 0 0 0 0 0 0 0 0 0 0 
1 0.599364 0.216329 0.0287157 0.000586333 2.66667e-06 0 0 0 0 0 0 0 0 0 0 0 0 0 0 
1 0.602971 0.219979 0.0295727 0.000561333 0 0 0 0 0 0 0 0 0 0 0 0 0 0 0 
1 0.600563 0.217203 0.0289637 0.000585333 2.33333e-06 0 0 0 0 0 0 0 0 0 0 0 0 0 0 
1 0.600874 0.216745 0.0290785 0.000599167 3.33333e-07 0 0 0 0 0 0 0 0 0 0 0 0 0 0 
1 0.599147 0.215762 0.0286598 0.000594333 6.66667e-07 0 0 0 0 0 0 0 0 0 0 0 0 0 0 
1 0.600536 0.21765 0.0291965 0.0005795 0 0 0 0 0 0 0 0 0 0 0 0 0 0 0 
1 0.599159 0.215478 0.0286395 0.000650167 0 0 0 0 0 0 0 0 0 0 0 0 0 0 0 
1 0.599971 0.215576 0.0280498 0.00058 0 0 0 0 0 0 0 0 0 0 0 0 0 0 0 
1 0.600654 0.217735 0.029313 0.0006175 1.33333e-06 0 0 0 0 0 0 0 0 0 0 0 0 0 0 
1 0.601839 0.218612 0.0292238 0.0005955 4e-06 0 0 0 0 0 0 0 0 0 0 0 0 0 0 
1 0.599449 0.216929 0.0289932 0.000608833 8.33333e-07 0 0 0 0 0 0 0 0 0 0 0 0 0 0 
1 0.600038 0.216245 0.0287722 0.000611667 3.33333e-06 0 0 0 0 0 0 0 0 0 0 0 0 0 0 
1 0.599593 0.216158 0.0284998 0.000604833 0 0 0 0 0 0 0 0 0 0 0 0 0 0 0 
1 0.59965 0.216539 0.0289337 0.000609167 5e-07 0 0 0 0 0 0 0 0 0 0 0 0 0 0 
1 0.598877 0.215973 0.0291072 0.000640667 1.66667e-07 0 0 0 0 0 0 0 0 0 0 0 0 0 0 
1 0.59836 0.214837 0.027823 0.000551833 0 0 0 0 0 0 0 0 0 0 0 0 0 0 0 
1 0.599499 0.216327 0.0289825 0.000610333 6.66667e-07 0 0 0 0 0 0 0 0 0 0 0 0 0 0 
1 0.598739 0.214703 0.0283222 0.000571667 1.66667e-06 0 0 0 0 0 0 0 0 0 0 0 0 0 0 
1 0.600069 0.216593 0.0288605 0.000657833 2.16667e-06 0 0 0 0 0 0 0 0 0 0 0 0 0 0 
1 0.599165 0.215597 0.0288842 0.000640333 2e-06 0 0 0 0 0 0 0 0 0 0 0 0 0 0 
1 0.598706 0.215067 0.0283968 0.000569333 2.83333e-06 0 0 0 0 0 0 0 0 0 0 0 0 0 0 
1 0.60092 0.218135 0.0291773 0.000634833 5.5e-06 0 0 0 0 0 0 0 0 0 0 0 0 0 0 
1 0.600945 0.217008 0.0291382 0.0006885 3e-06 0 0 0 0 0 0 0 0 0 0 0 0 0 0 
1 0.601265 0.218455 0.0289492 0.000567833 1.33333e-06 0 0 0 0 0 0 0 0 0 0 0 0 0 0 
1 0.599515 0.215828 0.028557 0.0006055 1.5e-06 0 0 0 0 0 0 0 0 0 0 0 0 0 0 
1 0.599141 0.215901 0.0285807 0.0005755 2.5e-06 0 0 0 0 0 0 0 0 0 0 0 0 0 0 
1 0.600084 0.216208 0.0286017 0.000597 0 0 0 0 0 0 0 0 0 0 0 0 0 0 0 
1 0.600493 0.216686 0.0288542 0.000629167 4.66667e-06 0 0 0 0 0 0 0 0 0 0 0 0 0 0 
1 0.599505 0.217042 0.028982 0.000622833 0 0 0 0 0 0 0 0 0 0 0 0 0 0 0 
1 0.599975 0.216669 0.0291792 0.000601333 1e-06 0 0 0 0 0 0 0 0 0 0 0 0 0 0 
1 0.600004 0.216602 0.0289138 0.000668167 4.66667e-06 0 0 0 0 0 0 0 0 0 0 0 0 0 0 
1 0.599638 0.215634 0.0281903 0.0005605 2.83333e-06 0 0 0 0 0 0 0 0 0 0 0 0 0 0 
1 0.600454 0.21696 0.0287695 0.000603833 8.33333e-07 0 0 0 0 0 0 0 0 0 0 0 0 0 0 
1 0.599985 0.2168 0.0288905 0.000584833 2.5e-06 0 0 0 0 0 0 0 0 0 0 0 0 0 0 
1 0.599957 0.21651 0.0286967 0.000578833 0 0 0 0 0 0 0 0 0 0 0 0 0 0 0 
1 0.600665 0.217378 0.0289725 0.000627 1.5e-06 0 0 0 0 0 0 0 0 0 0 0 0 0 0 
1 0.598398 0.214322 0.0281362 0.000572 2.16667e-06 0 0 0 0 0 0 0 0 0 0 0 0 0 0 
1 0.601389 0.21824 0.029413 0.000679667 1.16667e-06 0 0 0 0 0 0 0 0 0 0 0 0 0 0 
1 0.600279 0.21684 0.0286243 0.000652667 1.33333e-06 0 0 0 0 0 0 0 0 0 0 0 0 0 0 
1 0.600653 0.216787 0.0291222 0.000545 0 0 0 0 0 0 0 0 0 0 0 0 0 0 0 
1 0.599357 0.21618 0.0284228 0.000562333 0 0 0 0 0 0 0 0 0 0 0 0 0 0 0 
1 0.599622 0.216325 0.0289537 0.000581667 5.66667e-06 0 0 0 0 0 0 0 0 0 0 0 0 0 0 
1 0.60062 0.217869 0.0292723 0.0005955 6.66667e-07 0 0 0 0 0 0 0 0 0 0 0 0 0 0 
1 0.600967 0.216968 0.0288643 0.000617 0 0 0 0 0 0 0 0 0 0 0 0 0 0 0 
1 0.601796 0.218402 0.0293863 0.0006085 1e-06 0 0 0 0 0 0 0 0 0 0 0 0 0 0 
1 0.601099 0.218185 0.02925 0.000628333 5e-07 0 0 0 0 0 0 0 0 0 0 0 0 0 0 
1 0.600211 0.216746 0.028612 0.000599667 1.16667e-06 0 0 0 0 0 0 0 0 0 0 0 0 0 0 
1 0.600327 0.217317 0.0289307 0.000561333 0 0 0 0 0 0 0 0 0 0 0 0 0 0 0 
1 0.599291 0.216278 0.0289677 0.000631333 1.5e-06 0 0 0 0 0 0 0 0 0 0 0 0 0 0 
1 0.601052 0.217445 0.0286095 0.000586833 1.33333e-06 0 0 0 0 0 0 0 0 0 0 0 0 0 0 
1 0.599185 0.21574 0.0285322 0.0006045 1.16667e-06 0 0 0 0 0 0 0 0 0 0 0 0 0 0 
1 0.599104 0.215907 0.0285275 0.0005645 1.66667e-06 0 0 0 0 0 0 0 0 0 0 0 0 0 0 
1 0.599102 0.215735 0.0283797 0.000617333 1.66667e-07 0 0 0 0 0 0 0 0 0 0 0 0 0 0 
1 0.59965 0.216159 0.028591 0.000579833 1.66667e-06 0 0 0 0 0 0 0 0 0 0 0 0 0 0 
1 0.599044 0.215669 0.0283743 0.0005925 3.33333e-07 0 0 0 0 0 0 0 0 0 0 0 0 0 0 
1 0.599852 0.216834 0.0286942 0.000602167 0 0 0 0 0 0 0 0 0 0 0 0 0 0 0 
1 0.597462 0.213905 0.027852 0.000489 1.83333e-06 0 0 0 0 0 0 0 0 0 0 0 0 0 0 
1 0.600108 0.216704 0.0287688 0.0005665 0 0 0 0 0 0 0 0 0 0 0 0 0 0 0 
1 0.59893 0.214923 0.0282787 0.000576833 2.16667e-06 0 0 0 0 0 0 0 0 0 0 0 0 0 0 
1 0.600444 0.217671 0.0290575 0.0006215 0 0 0 0 0 0 0 0 0 0 0 0 0 0 0 
1 0.598733 0.216196 0.0286523 0.0006045 8.33333e-07 0 0 0 0 0 0 0 0 0 0 0 0 0 0 
1 0.599393 0.216354 0.0285102 0.000612167 1.66667e-07 0 0 0 0 0 0 0 0 0 0 0 0 0 0 
1 0.598866 0.215466 0.0286105 0.000527667 0 0 0 0 0 0 0 0 0 0 0 0 0 0 0 
1 0.599969 0.216849 0.0289825 0.0006035 0 0 0 0 0 0 0 0 0 0 0 0 0 0 0 
1 0.600194 0.217127 0.0286663 0.000562333 5e-07 0 0 0 0 0 0 0 0 0 0 0 0 0 0 
1 0.60018 0.216235 0.0284513 0.000591833 1.66667e-07 0 0 0 0 0 0 0 0 0 0 0 0 0 0 
1 0.599804 0.216346 0.0285492 0.000617833 3.33333e-07 0 0 0 0 0 0 0 0 0 0 0 0 0 0 
1 0.600479 0.216946 0.0288268 0.000639667 1.5e-06 0 0 0 0 0 0 0 0 0 0 0 0 0 0 
1 0.598864 0.215436 0.0288607 0.000606333 3.16667e-06 0 0 0 0 0 0 0 0 0 0 0 0 0 0 
1 0.599947 0.216808 0.0287877 0.000596833 1.16667e-06 0 0 0 0 0 0 0 0 0 0 0 0 0 0 
1 0.598547 0.214447 0.0278788 0.000623333 3.33333e-07 0 0 0 0 0 0 0 0 0 0 0 0 0 0 
1 0.601843 0.218841 0.0296683 0.000636167 1e-06 0 0 0 0 0 0 0 0 0 0 0 0 0 0 
1 0.599639 0.216959 0.0285965 0.000562667 2.5e-06 0 0 0 0 0 0 0 0 0 0 0 0 0 0 
1 0.600675 0.21754 0.0289828 0.000630833 3.33333e-06 0 0 0 0 0 0 0 0 0 0 0 0 0 0 
1 0.600815 0.218389 0.0291168 0.000568833 1.66667e-06 0 0 0 0 0 0 0 0 0 0 0 0 0 0 
1 0.59968 0.216753 0.0286797 0.000589 1.66667e-07 0 0 0 0 0 0 0 0 0 0 0 0 0 0 
1 0.599791 0.215597 0.0287377 0.000580333 1.5e-06 0 0 0 0 0 0 0 0 0 0 0 0 0 0 
1 0.599244 0.215463 0.0287312 0.0006125 3.33333e-07 0 0 0 0 0 0 0 0 0 0 0 0 0 0 
1 0.599715 0.216724 0.0288693 0.000643833 3.83333e-06 0 0 0 0 0 0 0 0 0 0 0 0 0 0 
1 0.599026 0.215272 0.0284347 0.000576 1e-06 0 0 0 0 0 0 0 0 0 0 0 0 0 0 
1 0.598499 0.215624 0.0282015 0.000522333 6.66667e-07 0 0 0 0 0 0 0 0 0 0 0 0 0 0 
1 0.60115 0.217398 0.0290458 0.000561167 0 0 0 0 0 0 0 0 0 0 0 0 0 0 0 
1 0.599023 0.215617 0.0284933 0.0005315 5e-07 0 0 0 0 0 0 0 0 0 0 0 0 0 0 
1 0.600499 0.217511 0.029213 0.000634667 0 0 0 0 0 0 0 0 0 0 0 0 0 0 0 
1 0.599848 0.216435 0.0288647 0.000655333 2.83333e-06 0 0 0 0 0 0 0 0 0 0 0 0 0 0 
1 0.599785 0.216779 0.0289022 0.000580833 2.16667e-06 0 0 0 0 0 0 0 0 0 0 0 0 0 0 
1 0.600298 0.217258 0.0291328 0.000619333 1.66667e-06 0 0 0 0 0 0 0 0 0 0 0 0 0 0 
1 0.600717 0.217557 0.0293058 0.000598 1.66667e-07 0 0 0 0 0 0 0 0 0 0 0 0 0 0 
1 0.600306 0.217343 0.0288552 0.000641167 1.66667e-06 0 0 0 0 0 0 0 0 0 0 0 0 0 0 
1 0.600973 0.218002 0.0295815 0.000638333 4.5e-06 0 0 0 0 0 0 0 0 0 0 0 0 0 0 
1 0.600662 0.217373 0.0289795 0.000603333 1.5e-06 0 0 0 0 0 0 0 0 0 0 0 0 0 0 
1 0.60091 0.21768 0.0291032 0.000616667 3.83333e-06 0 0 0 0 0 0 0 0 0 0 0 0 0 0 
1 0.60063 0.217049 0.0287997 0.000571167 0 0 0 0 0 0 0 0 0 0 0 0 0 0 0 
1 0.60021 0.216614 0.0288785 0.000613167 0 0 0 0 0 0 0 0 0 0 0 0 0 0 0 
1 0.600739 0.217116 0.0290522 0.0006345 1.5e-06 0 0 0 0 0 0 0 0 0 0 0 0 0 0 
1 0.599831 0.217142 0.0289978 0.000620667 1.33333e-06 0 0 0 0 0 0 0 0 0 0 0 0 0 0 
1 0.598693 0.214702 0.0280505 0.000595167 8.33333e-07 0 0 0 0 0 0 0 0 0 0 0 0 0 0 
1 0.600824 0.217491 0.0291985 0.000612167 5e-07 0 0 0 0 0 0 0 0 0 0 0 0 0 0 
1 0.600544 0.217662 0.0286948 0.000598333 0 0 0 0 0 0 0 0 0 0 0 0 0 0 0 
1 0.601288 0.218905 0.0298228 0.000685833 1.66667e-06 0 0 0 0 0 0 0 0 0 0 0 0 0 0 
1 0.599085 0.215729 0.0282843 0.000567167 2e-06 0 0 0 0 0 0 0 0 0 0 0 0 0 0 
1 0.600897 0.217498 0.0291492 0.000637167 0 0 0 0 0 0 0 0 0 0 0 0 0 0 0 
1 0.599116 0.215614 0.0288212 0.000621167 1.5e-06 0 0 0 0 0 0 0 0 0 0 0 0 0 0 
1 0.598999 0.216399 0.028702 0.000593667 3.33333e-07 0 0 0 0 0 0 0 0 0 0 0 0 0 0 
1 0.600797 0.217066 0.0285193 0.0005895 6.66667e-07 0 0 0 0 0 0 0 0 0 0 0 0 0 0 
1 0.600301 0.216464 0.0285727 0.000536167 6.66667e-07 0 0 0 0 0 0 0 0 0 0 0 0 0 0 
1 0.599191 0.216711 0.0288232 0.000586 4e-06 0 0 0 0 0 0 0 0 0 0 0 0 0 0 
1 0.599772 0.216837 0.0287027 0.0006095 8.33333e-07 0 0 0 0 0 0 0 0 0 0 0 0 0 0 
1 0.601852 0.218967 0.0298315 0.000629833 0 0 0 0 0 0 0 0 0 0 0 0 0 0 0 
1 0.599891 0.21696 0.029107 0.000630167 5e-07 0 0 0 0 0 0 0 0 0 0 0 0 0 0 
1 0.600672 0.218507 0.0294032 0.000650833 5e-07 0 0 0 0 0 0 0 0 0 0 0 0 0 0 
1 0.599395 0.215598 0.0284747 0.000573167 6e-06 0 0 0 0 0 0 0 0 0 0 0 0 0 0 
1 0.59994 0.216784 0.0289123 0.000607667 1.66667e-07 0 0 0 0 0 0 0 0 0 0 0 0 0 0 
1 0.60059 0.217822 0.0293513 0.000664333 3e-06 0 0 0 0 0 0 0 0 0 0 0 0 0 0 
1 0.601572 0.21795 0.0289023 0.0005855 6.66667e-07 0 0 0 0 0 0 0 0 0 0 0 0 0 0 
1 0.599417 0.215879 0.0291788 0.000636167 1.16667e-06 0 0 0 0 0 0 0 0 0 0 0 0 0 0 
1 0.601399 0.217996 0.02898 0.000573333 0 0 0 0 0 0 0 0 0 0 0 0 0 0 0 
1 0.599263 0.215974 0.0288445 0.000514167 3.66667e-06 0 0 0 0 0 0 0 0 0 0 0 0 0 0 
1 0.59935 0.21619 0.0287502 0.000528667 8.83333e-06 0 0 0 0 0 0 0 0 0 0 0 0 0 0 
1 0.600955 0.218167 0.0291452 0.000515833 6.16667e-06 0 0 0 0 0 0 0 0 0 0 0 0 0 0 
1 0.599778 0.216537 0.0288093 0.000628667 8.33333e-07 0 0 0 0 0 0 0 0 0 0 0 0 0 0 
1 0.598971 0.216168 0.028872 0.000631833 8.33333e-07 0 0 0 0 0 0 0 0 0 0 0 0 0 0 
1 0.599425 0.216542 0.0290358 0.000634333 5e-07 0 0 0 0 0 0 0 0 0 0 0 0 0 0 
1 0.598368 0.215356 0.0284997 0.000588333 2e-06 0 0 0 0 0 0 0 0 0 0 0 0 0 0 
1 0.599372 0.215577 0.028558 0.0006425 2.16667e-06 0 0 0 0 0 0 0 0 0 0 0 0 0 0 
1 0.598759 0.215694 0.0286297 0.000583833 0 0 0 0 0 0 0 0 0 0 0 0 0 0 0 
1 0.599791 0.216992 0.0287862 0.000559 1.83333e-06 0 0 0 0 0 0 0 0 0 0 0 0 0 0 
1 0.598875 0.215096 0.0284995 0.0005925 8.33333e-07 0 0 0 0 0 0 0 0 0 0 0 0 0 0 
1 0.600461 0.217024 0.0289483 0.000590667 0 0 0 0 0 0 0 0 0 0 0 0 0 0 0 
1 0.600408 0.21782 0.0291692 0.000571167 1.66667e-06 0 0 0 0 0 0 0 0 0 0 0 0 0 0 
1 0.599639 0.217092 0.0296567 0.000614167 5e-07 0 0 0 0 0 0 0 0 0 0 0 0 0 0 
1 0.599486 0.216453 0.0284035 0.000607833 3.16667e-06 0 0 0 0 0 0 0 0 0 0 0 0 0 0 
1 0.602226 0.21885 0.0292148 0.000569833 1.83333e-06 0 0 0 0 0 0 0 0 0 0 0 0 0 0 
1 0.601621 0.218743 0.0293727 0.000616 6.33333e-06 0 0 0 0 0 0 0 0 0 0 0 0 0 0 
1 0.600486 0.217602 0.0294972 0.000625167 2.66667e-06 0 0 0 0 0 0 0 0 0 0 0 0 0 0 
1 0.598616 0.21578 0.028432 0.000574667 1.16667e-06 0 0 0 0 0 0 0 0 0 0 0 0 0 0 
1 0.601052 0.21757 0.028935 0.000614833 1.83333e-06 0 0 0 0 0 0 0 0 0 0 0 0 0 0 
1 0.600525 0.217269 0.0288102 0.000562667 2.5e-06 0 0 0 0 0 0 0 0 0 0 0 0 0 0 
1 0.600477 0.217888 0.0296595 0.000608667 1.66667e-06 0 0 0 0 0 0 0 0 0 0 0 0 0 0 
1 0.600354 0.216654 0.0289113 0.000631 3.83333e-06 0 0 0 0 0 0 0 0 0 0 0 0 0 0 
1 0.600792 0.217603 0.0288555 0.000560167 1.16667e-06 0 0 0 0 0 0 0 0 0 0 0 0 0 0 
1 0.600701 0.216632 0.0286873 0.000651333 1.66667e-06 0 0 0 0 0 0 0 0 0 0 0 0 0 0 
1 0.601129 0.217736 0.0290068 0.000648833 0 0 0 0 0 0 0 0 0 0 0 0 0 0 0 
1 0.601257 0.218623 0.0294623 0.000591333 3.33333e-07 0 0 0 0 0 0 0 0 0 0 0 0 0 0 
1 0.600829 0.218192 0.0294082 0.000559333 3.33333e-07 0 0 0 0 0 0 0 0 0 0 0 0 0 0 
1 0.599936 0.217159 0.0289435 0.000658167 0 0 0 0 0 0 0 0 0 0 0 0 0 0 0 
1 0.598958 0.215195 0.0284143 0.000583667 0 0 0 0 0 0 0 0 0 0 0 0 0 0 0 
1 0.599563 0.216052 0.028604 0.000583 1.66667e-07 0 0 0 0 0 0 0 0 0 0 0 0 0 0 
1 0.598152 0.214005 0.0275283 0.000526333 1.5e-06 0 0 0 0 0 0 0 0 0 0 0 0 0 0 
1 0.601027 0.217702 0.0290778 0.000594667 4e-06 0 0 0 0 0 0 0 0 0 0 0 0 0 0 
1 0.59929 0.215829 0.028212 0.000605167 1.83333e-06 0 0 0 0 0 0 0 0 0 0 0 0 0 0 
1 0.600538 0.217801 0.029029 0.000569667 0 0 0 0 0 0 0 0 0 0 0 0 0 0 0 
1 0.599028 0.215829 0.0289375 0.000571 1.66667e-06 0 0 0 0 0 0 0 0 0 0 0 0 0 0 
1 0.599371 0.216027 0.0283922 0.000559333 3e-06 0 0 0 0 0 0 0 0 0 0 0 0 0 0 
1 0.599405 0.215475 0.028565 0.000569167 1.83333e-06 0 0 0 0 0 0 0 0 0 0 0 0 0 0 
1 0.600862 0.217601 0.028803 0.0006005 1.66667e-07 0 0 0 0 0 0 0 0 0 0 0 0 0 0 
1 0.601171 0.218282 0.029379 0.0006385 1.16667e-06 0 0 0 0 0 0 0 0 0 0 0 0 0 0 
1 0.598431 0.215839 0.0286562 0.000542333 0 0 0 0 0 0 0 0 0 0 0 0 0 0 0 
1 0.598411 0.215505 0.0287688 0.0005745 1.16667e-06 0 0 0 0 0 0 0 0 0 0 0 0 0 0 
1 0.600664 0.218173 0.0294422 0.000655 1e-06 0 0 0 0 0 0 0 0 0 0 0 0 0 0 
1 0.602116 0.218291 0.0290693 0.000660167 1.66667e-07 0 0 0 0 0 0 0 0 0 0 0 0 0 0 
1 0.5992 0.215719 0.0285267 0.000602667 0 0 0 0 0 0 0 0 0 0 0 0 0 0 0 
1 0.600715 0.217636 0.029225 0.000561833 2.83333e-06 0 0 0 0 0 0 0 0 0 0 0 0 0 0 
1 0.601564 0.218254 0.0291713 0.000608167 0 0 0 0 0 0 0 0 0 0 0 0 0 0 0 
1 0.599075 0.216098 0.0287528 0.000596 7.33333e-06 0 0 0 0 0 0 0 0 0 0 0 0 0 0 
1 0.59939 0.215923 0.0287822 0.000570333 1e-06 0 0 0 0 0 0 0 0 0 0 0 0 0 0 
1 0.601473 0.218804 0.0295712 0.000602833 1.16667e-06 0 0 0 0 0 0 0 0 0 0 0 0 0 0 
1 0.597358 0.212842 0.027891 0.000597167 6.66667e-07 0 0 0 0 0 0 0 0 0 0 0 0 0 0 
1 0.600823 0.217921 0.0290803 0.000563833 1e-06 0 0 0 0 0 0 0 0 0 0 0 0 0 0 
1 0.599451 0.216236 0.028502 0.000545667 0 0 0 0 0 0 0 0 0 0 0 0 0 0 0 
1 0.600776 0.218327 0.0291623 0.000615167 0 0 0 0 0 0 0 0 0 0 0 0 0 0 0 
1 0.60021 0.217367 0.028793 0.000593167 1e-06 0 0 0 0 0 0 0 0 0 0 0 0 0 0 
1 0.599318 0.215381 0.0284417 0.000607333 3e-06 0 0 0 0 0 0 0 0 0 0 0 0 0 0 
1 0.600785 0.217404 0.029287 0.0006335 1.16667e-06 0 0 0 0 0 0 0 0 0 0 0 0 0 0 
1 0.599676 0.216246 0.0287243 0.000594 5e-07 0 0 0 0 0 0 0 0 0 0 0 0 0 0 
1 0.597695 0.214194 0.0280233 0.00057 0 0 0 0 0 0 0 0 0 0 0 0 0 0 0 
1 0.599289 0.2159 0.0283732 0.0006405 3.33333e-06 0 0 0 0 0 0 0 0 0 0 0 0 0 0 
1 0.598804 0.214733 0.0282067 0.000540667 1.66667e-07 0 0 0 0 0 0 0 0 0 0 0 0 0 0 
1 0.600364 0.21658 0.0285322 0.000587667 2e-06 0 0 0 0 0 0 0 0 0 0 0 0 0 0 
1 0.60003 0.217135 0.0287672 0.0006405 5e-07 0 0 0 0 0 0 0 0 0 0 0 0 0 0 
1 0.600067 0.216475 0.0288725 0.000579 1.66667e-06 0 0 0 0 0 0 0 0 0 0 0 0 0 0 
1 0.602763 0.21946 0.02947 0.000637333 2.66667e-06 0 0 0 0 0 0 0 0 0 0 0 0 0 0 
1 0.600268 0.21718 0.0289428 0.000624833 6.66667e-07 0 0 0 0 0 0 0 0 0 0 0 0 0 0 
1 0.600538 0.216599 0.0286348 0.0005735 0 0 0 0 0 0 0 0 0 0 0 0 0 0 0 
1 0.600475 0.21581 0.0285368 0.000525167 6.66667e-07 0 0 0 0 0 0 0 0 0 0 0 0 0 0 
1 0.601311 0.217018 0.0290562 0.000632833 0 0 0 0 0 0 0 0 0 0 0 0 0 0 0 
1 0.601068 0.217811 0.0290093 0.000592 6.66667e-07 0 0 0 0 0 0 0 0 0 0 0 0 0 0 
1 0.599844 0.216041 0.028547 0.000571667 1.66667e-07 0 0 0 0 0 0 0 0 0 0 0 0 0 0 
1 0.602034 0.218598 0.0295395 0.000661167 1.16667e-06 0 0 0 0 0 0 0 0 0 0 0 0 0 0 
1 0.596708 0.213958 0.0282062 0.0005835 5e-07 0 0 0 0 0 0 0 0 0 0 0 0 0 0 
1 0.600497 0.216961 0.0289502 0.000604833 6.66667e-07 0 0 0 0 0 0 0 0 0 0 0 0 0 0 
1 0.598512 0.214904 0.0284828 0.000554833 8.33333e-07 0 0 0 0 0 0 0 0 0 0 0 0 0 0 
1 0.599888 0.216055 0.0286538 0.000595333 2.33333e-06 0 0 0 0 0 0 0 0 0 0 0 0 0 0 
1 0.599273 0.216021 0.0286202 0.0006275 1.83333e-06 0 0 0 0 0 0 0 0 0 0 0 0 0 0 
1 0.60024 0.217827 0.0290443 0.000602 3.16667e-06 0 0 0 0 0 0 0 0 0 0 0 0 0 0 
1 0.600031 0.216936 0.029101 0.000569167 0 0 0 0 0 0 0 0 0 0 0 0 0 0 0 
1 0.599699 0.216674 0.0286647 0.0005385 0 0 0 0 0 0 0 0 0 0 0 0 0 0 0 
1 0.600377 0.218333 0.0296703 0.00062 6.66667e-07 0 0 0 0 0 0 0 0 0 0 0 0 0 0 
1 0.599912 0.216029 0.0283965 0.000589333 2e-06 0 0 0 0 0 0 0 0 0 0 0 0 0 0 
1 0.599523 0.216591 0.028879 0.000588833 6.66667e-07 0 0 0 0 0 0 0 0 0 0 0 0 0 0 
1 0.599229 0.215753 0.0289145 0.000606833 2.16667e-06 0 0 0 0 0 0 0 0 0 0 0 0 0 0 
1 0.600489 0.217059 0.0289427 0.000625667 2.83333e-06 0 0 0 0 0 0 0 0 0 0 0 0 0 0 
1 0.599819 0.216305 0.0287743 0.000650167 3.33333e-07 0 0 0 0 0 0 0 0 0 0 0 0 0 0 
1 0.601906 0.218587 0.0293623 0.000619833 8.33333e-07 0 0 0 0 0 0 0 0 0 0 0 0 0 0 
1 0.59963 0.216595 0.0288768 0.000593833 3.33333e-06 0 0 0 0 0 0 0 0 0 0 0 0 0 0 
1 0.601131 0.218233 0.0292028 0.0005555 3.33333e-07 0 0 0 0 0 0 0 0 0 0 0 0 0 0 
1 0.59894 0.216173 0.0286773 0.0005875 5.16667e-06 0 0 0 0 0 0 0 0 0 0 0 0 0 0 
1 0.601067 0.218121 0.0293497 0.000631667 1.66667e-07 0 0 0 0 0 0 0 0 0 0 0 0 0 0 
1 0.60104 0.218071 0.029218 0.000631167 1.66667e-06 0 0 0 0 0 0 0 0 0 0 0 0 0 0 
1 0.598903 0.215063 0.0281968 0.000577667 1.66667e-07 0 0 0 0 0 0 0 0 0 0 0 0 0 0 
1 0.601499 0.218091 0.0292603 0.000589 2.16667e-06 0 0 0 0 0 0 0 0 0 0 0 0 0 0 
1 0.599392 0.215384 0.0282707 0.000584167 3e-06 0 0 0 0 0 0 0 0 0 0 0 0 0 0 
1 0.59946 0.216928 0.0290093 0.000656 6.66667e-07 0 0 0 0 0 0 0 0 0 0 0 0 0 0 
1 0.600484 0.217692 0.0292737 0.000619 3.33333e-07 0 0 0 0 0 0 0 0 0 0 0 0 0 0 
1 0.599537 0.216206 0.0284265 0.000553833 1.66667e-06 0 0 0 0 0 0 0 0 0 0 0 0 0 0 
1 0.600052 0.216263 0.0288778 0.000661833 5e-07 0 0 0 0 0 0 0 0 0 0 0 0 0 0 
1 0.599669 0.216423 0.029001 0.0006415 2.33333e-06 0 0 0 0 0 0 0 0 0 0 0 0 0 0 
1 0.599988 0.216682 0.0287842 0.000546167 2e-06 0 0 0 0 0 0 0 0 0 0 0 0 0 0 
1 0.600538 0.217463 0.0292638 0.000564833 3.33333e-07 0 0 0 0 0 0 0 0 0 0 0 0 0 0 
1 0.600437 0.217022 0.0291108 0.000624167 3.83333e-06 0 0 0 0 0 0 0 0 0 0 0 0 0 0 
1 0.599399 0.215651 0.0282348 0.000555 4.33333e-06 0 0 0 0 0 0 0 0 0 0 0 0 0 0 
1 0.599057 0.215928 0.02833 0.000609667 1.66667e-07 0 0 0 0 0 0 0 0 0 0 0 0 0 0 
1 0.598168 0.214458 0.027809 0.000572167 3.33333e-06 0 0 0 0 0 0 0 0 0 0 0 0 0 0 
1 0.598863 0.215961 0.0286068 0.0005815 2.5e-06 0 0 0 0 0 0 0 0 0 0 0 0 0 0 
1 0.598547 0.214682 0.0283482 0.000588 8.33333e-07 0 0 0 0 0 0 0 0 0 0 0 0 0 0 
1 0.599954 0.217414 0.02921 0.000622667 2.5e-06 0 0 0 0 0 0 0 0 0 0 0 0 0 0 
1 0.600873 0.217321 0.0290485 0.000521333 0 0 0 0 0 0 0 0 0 0 0 0 0 0 0 
1 0.600914 0.21808 0.0294093 0.000581667 3.66667e-06 0 0 0 0 0 0 0 0 0 0 0 0 0 0 
1 0.600852 0.217218 0.0291023 0.000616333 3.33333e-07 0 0 0 0 0 0 0 0 0 0 0 0 0 0 
1 0.599912 0.216479 0.0288203 0.000587333 1.83333e-06 0 0 0 0 0 0 0 0 0 0 0 0 0 0 
1 0.599939 0.215976 0.0283105 0.000536833 8.33333e-07 0 0 0 0 0 0 0 0 0 0 0 0 0 0 
1 0.598977 0.215768 0.0286633 0.000611833 6.83333e-06 0 0 0 0 0 0 0 0 0 0 0 0 0 0 
1 0.598626 0.215505 0.028436 0.000623167 1.66667e-06 0 0 0 0 0 0 0 0 0 0 0 0 0 0 
1 0.600788 0.217389 0.0288585 0.000649 1.16667e-06 0 0 0 0 0 0 0 0 0 0 0 0 0 0 
1 0.598653 0.215356 0.0284642 0.000622 1.5e-06 0 0 0 0 0 0 0 0 0 0 0 0 0 0 
1 0.602525 0.219773 0.0300548 0.000672 2.83333e-06 0 0 0 0 0 0 0 0 0 0 0 0 0 0 
1 0.599514 0.215639 0.0284793 0.000535667 0 0 0 0 0 0 0 0 0 0 0 0 0 0 0 
1 0.601669 0.218264 0.0290062 0.000606333 5e-07 0 0 0 0 0 0 0 0 0 0 0 0 0 0 
1 0.599452 0.216341 0.028864 0.000596333 0 0 0 0 0 0 0 0 0 0 0 0 0 0 0 
1 0.600177 0.216708 0.0287728 0.000581 5e-07 0 0 0 0 0 0 0 0 0 0 0 0 0 0 
1 0.60021 0.216838 0.0289088 0.000512833 5.66667e-06 0 0 0 0 0 0 0 0 0 0 0 0 0 0 
1 0.599888 0.216316 0.0289052 0.000600667 1e-06 0 0 0 0 0 0 0 0 0 0 0 0 0 0 
1 0.600978 0.218312 0.0291972 0.000584833 1.66667e-07 0 0 0 0 0 0 0 0 0 0 0 0 0 0 
1 0.598911 0.215371 0.0285245 0.0006085 0 0 0 0 0 0 0 0 0 0 0 0 0 0 0 
1 0.599169 0.215574 0.0280533 0.0005405 8.33333e-07 0 0 0 0 0 0 0 0 0 0 0 0 0 0 
1 0.601259 0.217896 0.0293285 0.000628667 1.5e-06 0 0 0 0 0 0 0 0 0 0 0 0 0 0 
1 0.599453 0.215963 0.0287787 0.000626167 2.66667e-06 0 0 0 0 0 0 0 0 0 0 0 0 0 0 
1 0.599759 0.215779 0.0284397 0.000625 1.66667e-07 0 0 0 0 0 0 0 0 0 0 0 0 0 0 
1 0.600106 0.21617 0.0286895 0.000587167 5.16667e-06 0 0 0 0 0 0 0 0 0 0 0 0 0 0 
1 0.601133 0.217585 0.0291517 0.000632667 3.5e-06 0 0 0 0 0 0 0 0 0 0 0 0 0 0 
1 0.6005 0.217094 0.0289565 0.000631 1e-06 0 0 0 0 0 0 0 0 0 0 0 0 0 0 
1 0.60139 0.217179 0.0290995 0.000628 0 0 0 0 0 0 0 0 0 0 0 0 0 0 0 
1 0.599683 0.216819 0.0291387 0.000567667 1e-06 0 0 0 0 0 0 0 0 0 0 0 0 0 0 
1 0.599342 0.215403 0.0282148 0.000543 2.33333e-06 0 0 0 0 0 0 0 0 0 0 0 0 0 0 
1 0.600419 0.216869 0.0287243 0.000590333 8.33333e-07 0 0 0 0 0 0 0 0 0 0 0 0 0 0 
1 0.601321 0.218078 0.0294968 0.0005905 6.66667e-07 0 0 0 0 0 0 0 0 0 0 0 0 0 0 
1 0.599981 0.216839 0.0289827 0.000631 1.33333e-06 0 0 0 0 0 0 0 0 0 0 0 0 0 0 
1 0.600524 0.218132 0.0292583 0.000571667 1.66667e-07 0 0 0 0 0 0 0 0 0 0 0 0 0 0 
1 0.599829 0.216245 0.029014 0.000602 0 0 0 0 0 0 0 0 0 0 0 0 0 0 0 
1 0.601046 0.216872 0.029013 0.000581667 1.66667e-07 0 0 0 0 0 0 0 0 0 0 0 0 0 0 
1 0.599909 0.216275 0.0287982 0.0005985 6.66667e-07 0 0 0 0 0 0 0 0 0 0 0 0 0 0 
1 0.599266 0.215549 0.02848 0.000636333 4.33333e-06 0 0 0 0 0 0 0 0 0 0 0 0 0 0 
1 0.599503 0.215883 0.0287237 0.0006485 2e-06 0 0 0 0 0 0 0 0 0 0 0 0 0 0 
1 0.601387 0.218834 0.0297772 0.000623 0 0 0 0 0 0 0 0 0 0 0 0 0 0 0 
1 0.600349 0.216972 0.0288422 0.0006275 1.66667e-07 0 0 0 0 0 0 0 0 0 0 0 0 0 0 
1 0.60216 0.219789 0.0299645 0.0006375 6.66667e-07 0 0 0 0 0 0 0 0 0 0 0 0 0 0 
1 0.601454 0.217901 0.029023 0.0005995 5e-07 0 0 0 0 0 0 0 0 0 0 0 0 0 0 
1 0.599617 0.217042 0.0286807 0.000618167 1.16667e-06 0 0 0 0 0 0 0 0 0 0 0 0 0 0 
1 0.600264 0.21745 0.0288438 0.000563333 1.66667e-07 0 0 0 0 0 0 0 0 0 0 0 0 0 0 
1 0.601053 0.217524 0.0293275 0.000629167 3.16667e-06 0 0 0 0 0 0 0 0 0 0 0 0 0 0 
1 0.600571 0.217345 0.0291822 0.000589667 6.66667e-07 0 0 0 0 0 0 0 0 0 0 0 0 0 0 
1 0.60038 0.216962 0.0289533 0.000582667 2.5e-06 0 0 0 0 0 0 0 0 0 0 0 0 0 0 
1 0.600701 0.21715 0.0292907 0.000667 0 0 0 0 0 0 0 0 0 0 0 0 0 0 0 
1 0.601179 0.218481 0.0293763 0.000653667 3.33333e-07 0 0 0 0 0 0 0 0 0 0 0 0 0 0 
1 0.601019 0.218053 0.0289695 0.000590333 1.33333e-06 0 0 0 0 0 0 0 0 0 0 0 0 0 0 
1 0.597645 0.213971 0.028211 0.000571667 2e-06 0 0 0 0 0 0 0 0 0 0 0 0 0 0 
1 0.599343 0.217288 0.0290303 0.000534667 5e-07 0 0 0 0 0 0 0 0 0 0 0 0 0 0 
1 0.598069 0.215134 0.0282073 0.000549167 8.33333e-07 0 0 0 0 0 0 0 0 0 0 0 0 0 0 
1 0.601297 0.217889 0.0294422 0.0005815 0 0 0 0 0 0 0 0 0 0 0 0 0 0 0 
1 0.60223 0.21809 0.0292132 0.000631 3.33333e-07 0 0 0 0 0 0 0 0 0 0 0 0 0 0 
1 0.599855 0.216266 0.0288215 0.000562833 2.16667e-06 0 0 0 0 0 0 0 0 0 0 0 0 0 0 
1 0.600072 0.216395 0.02859 0.000559167 1.66667e-07 0 0 0 0 0 0 0 0 0 0 0 0 0 0 
1 0.600248 0.216595 0.0288335 0.0005575 5e-06 0 0 0 0 0 0 0 0 0 0 0 0 0 0 
1 0.599124 0.215722 0.028458 0.000603333 1.16667e-06 0 0 0 0 0 0 0 0 0 0 0 0 0 0 
1 0.599295 0.215909 0.0286357 0.000554667 2.83333e-06 0 0 0 0 0 0 0 0 0 0 0 0 0 0 
1 0.598855 0.215259 0.028107 0.000562833 2.83333e-06 0 0 0 0 0 0 0 0 0 0 0 0 0 0 
1 0.600165 0.216874 0.0292188 0.000666333 3.33333e-07 0 0 0 0 0 0 0 0 0 0 0 0 0 0 
1 0.599694 0.216938 0.0289893 0.000633333 1.33333e-06 0 0 0 0 0 0 0 0 0 0 0 0 0 0 
1 0.600142 0.216771 0.0289083 0.000604 0 0 0 0 0 0 0 0 0 0 0 0 0 0 0 
1 0.599003 0.21593 0.028332 0.000525167 0 0 0 0 0 0 0 0 0 0 0 0 0 0 0 
1 0.598861 0.214911 0.0282788 0.000574833 8.33333e-07 0 0 0 0 0 0 0 0 0 0 0 0 0 0 
1 0.598387 0.214457 0.0279335 0.000576 5e-07 0 0 0 0 0 0 0 0 0 0 0 0 0 0 
1 0.600162 0.216946 0.0290618 0.000603333 3.66667e-06 0 0 0 0 0 0 0 0 0 0 0 0 0 0 
1 0.601297 0.218217 0.0292905 0.000614333 1.33333e-06 0 0 0 0 0 0 0 0 0 0 0 0 0 0 
1 0.601522 0.218212 0.0294387 0.0005595 0 0 0 0 0 0 0 0 0 0 0 0 0 0 0 
1 0.599774 0.215326 0.028208 0.000572667 0 0 0 0 0 0 0 0 0 0 0 0 0 0 0 
1 0.60157 0.218937 0.0295385 0.000620667 5e-07 0 0 0 0 0 0 0 0 0 0 0 0 0 0 
1 0.599708 0.216317 0.028498 0.000596667 3.16667e-06 0 0 0 0 0 0 0 0 0 0 0 0 0 0 
1 0.598998 0.21613 0.0284518 0.000597 3.83333e-06 0 0 0 0 0 0 0 0 0 0 0 0 0 0 
1 0.601309 0.218089 0.0289292 0.000567333 0 0 0 0 0 0 0 0 0 0 0 0 0 0 0 
1 0.59943 0.215908 0.0284792 0.000614667 8.33333e-07 0 0 0 0 0 0 0 0 0 0 0 0 0 0 
1 0.600253 0.217337 0.0292435 0.000613167 1.66667e-07 0 0 0 0 0 0 0 0 0 0 0 0 0 0 
1 0.599715 0.216281 0.0287267 0.000661833 2.5e-06 0 0 0 0 0 0 0 0 0 0 0 0 0 0 
1 0.600149 0.216544 0.0285423 0.000651333 3e-06 0 0 0 0 0 0 0 0 0 0 0 0 0 0 
1 0.598848 0.216003 0.0289603 0.000664667 1.5e-06 0 0 0 0 0 0 0 0 0 0 0 0 0 0 
1 0.598363 0.214408 0.0279548 0.000511333 8.33333e-07 0 0 0 0 0 0 0 0 0 0 0 0 0 0 
1 0.600424 0.21726 0.029 0.0006055 1.66667e-06 0 0 0 0 0 0 0 0 0 0 0 0 0 0 
1 0.598534 0.215766 0.0284502 0.000554 8.33333e-07 0 0 0 0 0 0 0 0 0 0 0 0 0 0 
1 0.599038 0.216842 0.0291553 0.000600667 1.5e-06 0 0 0 0 0 0 0 0 0 0 0 0 0 0 
1 0.602264 0.219187 0.0294548 0.0006175 3.33333e-07 0 0 0 0 0 0 0 0 0 0 0 0 0 0 
1 0.599879 0.216487 0.0286573 0.000590667 2.33333e-06 0 0 0 0 0 0 0 0 0 0 0 0 0 0 
1 0.599629 0.21686 0.0288162 0.000616 1.16667e-06 0 0 0 0 0 0 0 0 0 0 0 0 0 0 
1 0.599608 0.216671 0.0287788 0.000605167 1.5e-06 0 0 0 0 0 0 0 0 0 0 0 0 0 0 
1 0.599842 0.216213 0.028306 0.000490333 1.16667e-06 0 0 0 0 0 0 0 0 0 0 0 0 0 0 
1 0.599338 0.216501 0.0290367 0.000646667 0 0 0 0 0 0 0 0 0 0 0 0 0 0 0 
1 0.600302 0.216666 0.0287637 0.000602 3.5e-06 0 0 0 0 0 0 0 0 0 0 0 0 0 0 
1 0.600318 0.217892 0.0294433 0.000663 2.66667e-06 0 0 0 0 0 0 0 0 0 0 0 0 0 0 
1 0.599049 0.215715 0.0285172 0.000569667 2.33333e-06 0 0 0 0 0 0 0 0 0 0 0 0 0 0 
1 0.600163 0.216966 0.0291697 0.000622167 1.66667e-06 0 0 0 0 0 0 0 0 0 0 0 0 0 0 
1 0.599826 0.217296 0.0290302 0.000556 1e-06 0 0 0 0 0 0 0 0 0 0 0 0 0 0 
1 0.601598 0.218272 0.0294722 0.0006055 5e-07 0 0 0 0 0 0 0 0 0 0 0 0 0 0 
1 0.600715 0.216688 0.0286548 0.000574667 0 0 0 0 0 0 0 0 0 0 0 0 0 0 0 
1 0.600248 0.216393 0.0287962 0.000562667 0 0 0 0 0 0 0 0 0 0 0 0 0 0 0 
1 0.598822 0.215252 0.0279912 0.000584833 1.66667e-07 0 0 0 0 0 0 0 0 0 0 0 0 0 0 
1 0.599911 0.216256 0.0284835 0.000598167 1.16667e-06 0 0 0 0 0 0 0 0 0 0 0 0 0 0 
1 0.60078 0.217902 0.0288193 0.000594833 0 0 0 0 0 0 0 0 0 0 0 0 0 0 0 
1 0.600806 0.217298 0.0289582 0.000595833 2.33333e-06 0 0 0 0 0 0 0 0 0 0 0 0 0 0 
1 0.597576 0.214142 0.0279113 0.000570667 1.83333e-06 0 0 0 0 0 0 0 0 0 0 0 0 0 0 
1 0.599601 0.216042 0.028667 0.000603167 6.66667e-07 0 0 0 0 0 0 0 0 0 0 0 0 0 0 
1 0.599601 0.216154 0.0287498 0.00061 8.33333e-06 0 0 0 0 0 0 0 0 0 0 0 0 0 0 
1 0.600897 0.217493 0.0291652 0.000582 2.66667e-06 0 0 0 0 0 0 0 0 0 0 0 0 0 0 
1 0.598628 0.214984 0.0282 0.000589833 1.66667e-07 0 0 0 0 0 0 0 0 0 0 0 0 0 0 
1 0.600357 0.217554 0.0290683 0.000651 1.66667e-06 0 0 0 0 0 0 0 0 0 0 0 0 0 0 
1 0.600795 0.217205 0.0289365 0.000590333 1.66667e-07 0 0 0 0 0 0 0 0 0 0 0 0 0 0 
1 0.598968 0.215441 0.028306 0.000560333 1.83333e-06 0 0 0 0 0 0 0 0 0 0 0 0 0 0 
1 0.600949 0.217346 0.0286813 0.000664 4e-06 0 0 0 0 0 0 0 0 0 0 0 0 0 0 
1 0.59993 0.216461 0.0287948 0.000647333 2.83333e-06 0 0 0 0 0 0 0 0 0 0 0 0 0 0 
1 0.600293 0.21663 0.0288052 0.0005545 3.33333e-07 0 0 0 0 0 0 0 0 0 0 0 0 0 0 
1 0.601592 0.218718 0.029323 0.000624667 3.16667e-06 0 0 0 0 0 0 0 0 0 0 0 0 0 0 
1 0.600642 0.216728 0.0285863 0.000603333 3.5e-06 0 0 0 0 0 0 0 0 0 0 0 0 0 0 
1 0.599692 0.216143 0.0287732 0.000577167 3.16667e-06 0 0 0 0 0 0 0 0 0 0 0 0 0 0 
1 0.599909 0.215478 0.0285303 0.0005455 1.33333e-06 0 0 0 0 0 0 0 0 0 0 0 0 0 0 
1 0.600097 0.216905 0.029127 0.000579167 1.83333e-06 0 0 0 0 0 0 0 0 0 0 0 0 0 0 
1 0.599201 0.215714 0.0289055 0.000570333 0 0 0 0 0 0 0 0 0 0 0 0 0 0 0 
1 0.599269 0.215857 0.0286128 0.000595167 1.66667e-07 0 0 0 0 0 0 0 0 0 0 0 0 0 0 
