1 0.700065 0.348266 0.091067 0.008355 0.000196 1e-06 0 0 0 0 0 0 0 0 0 0 0 0 0 
1 0.699018 0.346166 0.090512 0.008375 0.00025 4e-06 0 0 0 0 0 0 0 0 0 0 0 0 0 
1 0.699466 0.347269 0.091061 0.008296 0.000266 4e-06 0 0 0 0 0 0 0 0 0 0 0 0 0 
1 0.700862 0.347791 0.090904 0.008318 0.000254 4e-06 0 0 0 0 0 0 0 0 0 0 0 0 0 
1 0.700926 0.348684 0.091477 0.008219 0.000277 2e-06 0 0 0 0 0 0 0 0 0 0 0 0 0 
1 0.699499 0.346302 0.090433 0.008679 0.000256 2e-06 0 0 0 0 0 0 0 0 0 0 0 0 0 
1 0.698805 0.345438 0.090192 0.008248 0.00024 4e-06 0 0 0 0 0 0 0 0 0 0 0 0 0 
1 0.70103 0.349036 0.091709 0.008568 0.000228 1e-06 0 0 0 0 0 0 0 0 0 0 0 0 0 
1 0.699779 0.347142 0.090784 0.008482 0.000266 4e-06 2e-06 0 0 0 0 0 0 0 0 0 0 0 0 
1 0.70197 0.348625 0.091681 0.008347 0.000219 7e-06 0 0 0 0 0 0 0 0 0 0 0 0 0 
1 0.699779 0.34619 0.091328 0.008508 0.000214 1e-06 0 0 0 0 0 0 0 0 0 0 0 0 0 
1 0.700149 0.347909 0.09175 0.008554 0.00027 2e-06 0 0 0 0 0 0 0 0 0 0 0 0 0 
1 0.699777 0.347829 0.091435 0.008374 0.00022 1e-06 0 0 0 0 0 0 0 0 0 0 0 0 0 
1 0.698848 0.345817 0.090143 0.008397 0.000272 2e-06 0 0 0 0 0 0 0 0 0 0 0 0 0 
1 0.700415 0.348809 0.092037 0.008732 0.000265 2e-06 0 0 0 0 0 0 0 0 0 0 0 0 0 
1 0.699007 0.347323 0.090962 0.008519 0.000274 8e-06 0 0 0 0 0 0 0 0 0 0 0 0 0 
1 0.700718 0.348474 0.091635 0.0087 0.000259 7e-06 0 0 0 0 0 0 0 0 0 0 0 0 0 
1 0.701484 0.348099 0.091656 0.008492 0.000207 1e-06 0 0 0 0 0 0 0 0 0 0 0 0 0 
1 0.701152 0.349456 0.092681 0.008753 0.000218 2e-06 0 0 0 0 0 0 0 0 0 0 0 0 0 
1 0.69933 0.346204 0.090382 0.008261 0.000229 1e-06 0 0 0 0 0 0 0 0 0 0 0 0 0 
1 0.699718 0.346478 0.090342 0.008095 0.000257 2e-06 0 0 0 0 0 0 0 0 0 0 0 0 0 
1 0.701748 0.350269 0.09248 0.008649 0.000258 1e-05 0 0 0 0 0 0 0 0 0 0 0 0 0 
1 0.700498 0.347654 0.091473 0.008439 0.000198 3e-06 0 0 0 0 0 0 0 0 0 0 0 0 0 
1 0.700675 0.347782 0.091454 0.008686 0.000281 2e-06 0 0 0 0 0 0 0 0 0 0 0 0 0 
1 0.700405 0.347365 0.090986 0.0086 0.000319 4e-06 0 0 0 0 0 0 0 0 0 0 0 0 0 
1 0.698856 0.346477 0.090839 0.008295 0.000222 4e-06 0 0 0 0 0 0 0 0 0 0 0 0 0 
1 0.701655 0.349296 0.091947 0.00831 0.000202 4e-06 0 0 0 0 0 0 0 0 0 0 0 0 0 
1 0.700879 0.348454 0.092 0.008696 0.000247 1e-06 0 0 0 0 0 0 0 0 0 0 0 0 0 
1 0.699563 0.345584 0.089989 0.007885 0.000227 2e-06 0 0 0 0 0 0 0 0 0 0 0 0 0 
1 0.700446 0.349182 0.092809 0.00874 0.000266 3e-06 0 0 0 0 0 0 0 0 0 0 0 0 0 
1 0.698394 0.34485 0.089662 0.008255 0.000229 6e-06 0 0 0 0 0 0 0 0 0 0 0 0 0 
1 0.698875 0.345841 0.090205 0.008118 0.000204 0 0 0 0 0 0 0 0 0 0 0 0 0 0 
1 0.701147 0.348285 0.091718 0.008437 0.000222 4e-06 0 0 0 0 0 0 0 0 0 0 0 0 0 
1 0.699806 0.346657 0.091084 0.00852 0.000207 2e-06 0 0 0 0 0 0 0 0 0 0 0 0 0 
1 0.699888 0.347592 0.091962 0.008705 0.000255 1e-06 0 0 0 0 0 0 0 0 0 0 0 0 0 
1 0.701324 0.349177 0.092228 0.00884 0.000257 4e-06 0 0 0 0 0 0 0 0 0 0 0 0 0 
1 0.69975 0.346695 0.090925 0.008497 0.000258 4e-06 0 0 0 0 0 0 0 0 0 0 0 0 0 
1 0.699801 0.347489 0.090945 0.008266 0.000223 3e-06 0 0 0 0 0 0 0 0 0 0 0 0 0 
1 0.700588 0.347841 0.091768 0.008479 0.000265 7e-06 0 0 0 0 0 0 0 0 0 0 0 0 0 
1 0.700666 0.34924 0.091942 0.008512 0.000206 9e-06 0 0 0 0 0 0 0 0 0 0 0 0 0 
1 0.699779 0.347364 0.091625 0.008555 0.000273 2e-06 0 0 0 0 0 0 0 0 0 0 0 0 0 
1 0.699707 0.346266 0.090349 0.008251 0.000234 4e-06 0 0 0 0 0 0 0 0 0 0 0 0 0 
1 0.69941 0.346379 0.090643 0.008351 0.00021 3e-06 0 0 0 0 0 0 0 0 0 0 0 0 0 
1 0.698738 0.347002 0.091566 0.008589 0.000248 8e-06 0 0 0 0 0 0 0 0 0 0 0 0 0 
1 0.69849 0.346311 0.090602 0.008257 0.000213 5e-06 0 0 0 0 0 0 0 0 0 0 0 0 0 
1 0.699155 0.346174 0.09094 0.008862 0.000279 1.2e-05 0 0 0 0 0 0 0 0 0 0 0 0 0 
1 0.699467 0.345994 0.090236 0.00833 0.000222 7e-06 0 0 0 0 0 0 0 0 0 0 0 0 0 
1 0.70053 0.348036 0.091734 0.009006 0.000294 2e-06 0 0 0 0 0 0 0 0 0 0 0 0 0 
1 0.699797 0.346427 0.090458 0.008197 0.000186 3e-06 0 0 0 0 0 0 0 0 0 0 0 0 0 
1 0.702225 0.350242 0.092885 0.008757 0.000237 1e-06 0 0 0 0 0 0 0 0 0 0 0 0 0 
1 0.698644 0.345542 0.08973 0.008241 0.00024 3e-06 0 0 0 0 0 0 0 0 0 0 0 0 0 
1 0.699978 0.347739 0.092171 0.008591 0.000218 4e-06 0 0 0 0 0 0 0 0 0 0 0 0 0 
1 0.699698 0.346383 0.090663 0.00851 0.000206 0 0 0 0 0 0 0 0 0 0 0 0 0 0 
1 0.698708 0.345306 0.089028 0.008264 0.000228 3e-06 0 0 0 0 0 0 0 0 0 0 0 0 0 
1 0.697934 0.344839 0.090131 0.008118 0.00022 4e-06 0 0 0 0 0 0 0 0 0 0 0 0 0 
1 0.701782 0.349391 0.091714 0.008852 0.000264 1e-06 0 0 0 0 0 0 0 0 0 0 0 0 0 
1 0.702374 0.350756 0.092847 0.008849 0.000257 2e-06 0 0 0 0 0 0 0 0 0 0 0 0 0 
1 0.701152 0.348949 0.092275 0.008792 0.000312 7e-06 0 0 0 0 0 0 0 0 0 0 0 0 0 
1 0.699461 0.34678 0.090767 0.008314 0.000235 1e-05 0 0 0 0 0 0 0 0 0 0 0 0 0 
1 0.699861 0.34732 0.091228 0.008549 0.000255 3e-06 0 0 0 0 0 0 0 0 0 0 0 0 0 
1 0.700229 0.347432 0.091537 0.008697 0.000266 4e-06 0 0 0 0 0 0 0 0 0 0 0 0 0 
1 0.700364 0.347817 0.091806 0.008199 0.000208 4e-06 0 0 0 0 0 0 0 0 0 0 0 0 0 
1 0.701491 0.348854 0.091943 0.008722 0.000265 0 0 0 0 0 0 0 0 0 0 0 0 0 0 
1 0.69899 0.345743 0.091121 0.0086 0.000238 3e-06 0 0 0 0 0 0 0 0 0 0 0 0 0 
1 0.701763 0.349153 0.092917 0.008865 0.000229 1e-06 0 0 0 0 0 0 0 0 0 0 0 0 0 
1 0.698701 0.344858 0.089607 0.0082 0.000257 1.1e-05 0 0 0 0 0 0 0 0 0 0 0 0 0 
1 0.698305 0.345064 0.089996 0.008345 0.000221 5e-06 0 0 0 0 0 0 0 0 0 0 0 0 0 
1 0.699659 0.346359 0.090304 0.008357 0.000237 5e-06 0 0 0 0 0 0 0 0 0 0 0 0 0 
1 0.699462 0.347113 0.091937 0.008702 0.000242 2e-06 0 0 0 0 0 0 0 0 0 0 0 0 0 
1 0.699766 0.346522 0.091287 0.008516 0.000272 3e-06 0 0 0 0 0 0 0 0 0 0 0 0 0 
1 0.700295 0.347415 0.091757 0.008779 0.000233 5e-06 0 0 0 0 0 0 0 0 0 0 0 0 0 
1 0.698425 0.344611 0.089032 0.007982 0.000256 2e-06 0 0 0 0 0 0 0 0 0 0 0 0 0 
1 0.700097 0.34725 0.091041 0.008389 0.000297 1e-05 0 0 0 0 0 0 0 0 0 0 0 0 0 
1 0.700734 0.348764 0.092147 0.008473 0.000243 4e-06 0 0 0 0 0 0 0 0 0 0 0 0 0 
1 0.699947 0.347271 0.091537 0.008489 0.000207 1e-06 0 0 0 0 0 0 0 0 0 0 0 0 0 
1 0.700573 0.347117 0.091293 0.008432 0.000235 3e-06 0 0 0 0 0 0 0 0 0 0 0 0 0 
1 0.699422 0.345578 0.089901 0.008314 0.000227 4e-06 0 0 0 0 0 0 0 0 0 0 0 0 0 
1 0.698938 0.345999 0.090327 0.008132 0.000226 0 0 0 0 0 0 0 0 0 0 0 0 0 0 
1 0.700698 0.346973 0.090256 0.008225 0.000209 0 0 0 0 0 0 0 0 0 0 0 0 0 0 
1 0.699047 0.346302 0.09105 0.008309 0.000217 5e-06 0 0 0 0 0 0 0 0 0 0 0 0 0 
1 0.696596 0.342919 0.089142 0.008246 0.000267 2e-06 0 0 0 0 0 0 0 0 0 0 0 0 0 
1 0.699367 0.347144 0.091019 0.008381 0.000247 5e-06 0 0 0 0 0 0 0 0 0 0 0 0 0 
1 0.700386 0.347768 0.091651 0.008866 0.000256 0 0 0 0 0 0 0 0 0 0 0 0 0 0 
1 0.700161 0.347113 0.090724 0.008206 0.000217 3e-06 0 0 0 0 0 0 0 0 0 0 0 0 0 
1 0.700066 0.347756 0.091388 0.008522 0.000205 0 0 0 0 0 0 0 0 0 0 0 0 0 0 
1 0.703149 0.350764 0.093456 0.008908 0.000235 5e-06 0 0 0 0 0 0 0 0 0 0 0 0 0 
1 0.698548 0.344361 0.089079 0.008286 0.00024 4e-06 0 0 0 0 0 0 0 0 0 0 0 0 0 
1 0.700183 0.346666 0.090938 0.008417 0.000257 1e-06 0 0 0 0 0 0 0 0 0 0 0 0 0 
1 0.69998 0.348397 0.092059 0.008502 0.000232 7e-06 0 0 0 0 0 0 0 0 0 0 0 0 0 
1 0.698688 0.346173 0.090882 0.008367 0.000199 0 0 0 0 0 0 0 0 0 0 0 0 0 0 
1 0.700614 0.348365 0.091284 0.008433 0.000251 1e-06 0 0 0 0 0 0 0 0 0 0 0 0 0 
1 0.701438 0.349701 0.092629 0.008878 0.000289 1e-06 0 0 0 0 0 0 0 0 0 0 0 0 0 
1 0.699596 0.347782 0.092205 0.008734 0.00022 3e-06 2e-06 0 0 0 0 0 0 0 0 0 0 0 0 
1 0.700608 0.349059 0.092735 0.008514 0.000246 1e-06 0 0 0 0 0 0 0 0 0 0 0 0 0 
1 0.699314 0.345308 0.090075 0.008337 0.00026 1e-06 0 0 0 0 0 0 0 0 0 0 0 0 0 
1 0.700394 0.34811 0.092278 0.008419 0.000248 3e-06 0 0 0 0 0 0 0 0 0 0 0 0 0 
1 0.698979 0.345031 0.090098 0.008142 0.000204 2e-06 0 0 0 0 0 0 0 0 0 0 0 0 0 
1 0.699351 0.346024 0.090308 0.00855 0.000279 7e-06 1e-06 0 0 0 0 0 0 0 0 0 0 0 0 
1 0.701286 0.349006 0.092391 0.008904 0.000297 3e-06 0 0 0 0 0 0 0 0 0 0 0 0 0 
1 0.700919 0.348733 0.091771 0.008624 0.000227 3e-06 0 0 0 0 0 0 0 0 0 0 0 0 0 
1 0.699288 0.345435 0.090328 0.00857 0.000277 3e-06 0 0 0 0 0 0 0 0 0 0 0 0 0 
1 0.699566 0.345867 0.089507 0.008019 0.000205 2e-06 0 0 0 0 0 0 0 0 0 0 0 0 0 
1 0.699923 0.346703 0.090637 0.008267 0.00027 5e-06 0 0 0 0 0 0 0 0 0 0 0 0 0 
1 0.699558 0.346291 0.09064 0.008816 0.000239 2e-06 0 0 0 0 0 0 0 0 0 0 0 0 0 
1 0.699326 0.346879 0.090636 0.008411 0.000247 1.1e-05 0 0 0 0 0 0 0 0 0 0 0 0 0 
1 0.699184 0.346483 0.09018 0.008175 0.000201 3e-06 0 0 0 0 0 0 0 0 0 0 0 0 0 
1 0.700087 0.348503 0.091109 0.008405 0.000241 6e-06 0 0 0 0 0 0 0 0 0 0 0 0 0 
1 0.699473 0.346478 0.090189 0.008166 0.000213 1e-06 0 0 0 0 0 0 0 0 0 0 0 0 0 
1 0.700023 0.3475 0.091868 0.008735 0.000246 4e-06 0 0 0 0 0 0 0 0 0 0 0 0 0 
1 0.699754 0.346881 0.091182 0.008338 0.000221 2e-06 0 0 0 0 0 0 0 0 0 0 0 0 0 
1 0.700743 0.347411 0.091072 0.008535 0.000236 7e-06 0 0 0 0 0 0 0 0 0 0 0 0 0 
1 0.701429 0.349776 0.091977 0.008485 0.000213 4e-06 0 0 0 0 0 0 0 0 0 0 0 0 0 
1 0.700326 0.34724 0.090836 0.008137 0.000191 6e-06 1e-06 0 0 0 0 0 0 0 0 0 0 0 0 
1 0.700277 0.348639 0.092329 0.008994 0.00033 4e-06 0 0 0 0 0 0 0 0 0 0 0 0 0 
1 0.699287 0.346972 0.091229 0.008508 0.000263 4e-06 0 0 0 0 0 0 0 0 0 0 0 0 0 
1 0.699345 0.347507 0.091164 0.008563 0.000221 2e-06 0 0 0 0 0 0 0 0 0 0 0 0 0 
1 0.699369 0.347019 0.090981 0.008302 0.000213 6e-06 0 0 0 0 0 0 0 0 0 0 0 0 0 
1 0.700815 0.34931 0.09272 0.008748 0.000283 8e-06 0 0 0 0 0 0 0 0 0 0 0 0 0 
1 0.69786 0.344194 0.08903 0.008225 0.00019 0 0 0 0 0 0 0 0 0 0 0 0 0 0 
1 0.699453 0.347052 0.091385 0.008522 0.000291 9e-06 0 0 0 0 0 0 0 0 0 0 0 0 0 
1 0.699981 0.345962 0.090355 0.008477 0.000262 2e-06 0 0 0 0 0 0 0 0 0 0 0 0 0 
1 0.700117 0.348273 0.092417 0.008647 0.000216 5e-06 0 0 0 0 0 0 0 0 0 0 0 0 0 
1 0.699757 0.347039 0.090699 0.008341 0.000249 1e-06 0 0 0 0 0 0 0 0 0 0 0 0 0 
1 0.700605 0.347525 0.091542 0.00857 0.000279 4e-06 0 0 0 0 0 0 0 0 0 0 0 0 0 
1 0.699744 0.347017 0.090642 0.0082 0.000201 4e-06 0 0 0 0 0 0 0 0 0 0 0 0 0 
1 0.700515 0.348336 0.091764 0.008613 0.00023 2e-06 0 0 0 0 0 0 0 0 0 0 0 0 0 
1 0.699081 0.345965 0.090166 0.008138 0.000204 4e-06 0 0 0 0 0 0 0 0 0 0 0 0 0 
1 0.700304 0.348008 0.091882 0.008844 0.00027 0 0 0 0 0 0 0 0 0 0 0 0 0 0 
1 0.700787 0.347529 0.09145 0.0087 0.000247 4e-06 0 0 0 0 0 0 0 0 0 0 0 0 0 
1 0.699636 0.346768 0.090764 0.008366 0.000194 2e-06 0 0 0 0 0 0 0 0 0 0 0 0 0 
