1 0.700433 0.408983 0.201983 0.0901167 0.0357833 0.0135333 0.00535 0.002 0.000766667 0.000266667 0.0001 3.33333e-05 3.33333e-05 0 0 0 0 0 0 
1 0.699233 0.404683 0.2009 0.0900667 0.0368833 0.0145167 0.00538333 0.00183333 0.000666667 0.0002 8.33333e-05 5e-05 0 0 0 0 0 0 0 
1 0.699467 0.4084 0.205167 0.0918167 0.0390667 0.01505 0.00535 0.00165 0.00055 0.000166667 8.33333e-05 3.33333e-05 1.66667e-05 0 0 0 0 0 0 
1 0.70335 0.405733 0.198383 0.0856833 0.0353 0.01365 0.00493333 0.0018 0.0006 0.000283333 0.00015 5e-05 3.33333e-05 0 0 0 0 0 0 
1 0.70135 0.4065 0.202267 0.0893167 0.0360167 0.0147333 0.00585 0.00213333 0.000683333 0.000283333 0.000116667 0.0001 6.66667e-05 3.33333e-05 0 0 0 0 0 
1 0.702783 0.407933 0.203783 0.0908 0.0375667 0.0146 0.00541667 0.00213333 0.00085 0.00035 0.00015 1.66667e-05 0 0 0 0 0 0 0 
1 0.700133 0.409233 0.202017 0.0869167 0.0358333 0.0135833 0.00508333 0.00178333 0.000633333 0.0002 5e-05 0 0 0 0 0 0 0 0 
1 0.70175 0.406767 0.20265 0.0911667 0.0376833 0.01485 0.00558333 0.00198333 0.000616667 0.000283333 0.0001 3.33333e-05 3.33333e-05 0 0 0 0 0 0 
1 0.701517 0.406817 0.20245 0.0917167 0.03775 0.01495 0.00545 0.00191667 0.000783333 0.000266667 8.33333e-05 3.33333e-05 0 0 0 0 0 0 0 
1 0.701133 0.408167 0.202633 0.0899667 0.03685 0.0143833 0.00605 0.00261667 0.000933333 0.0003 0.0001 1.66667e-05 0 0 0 0 0 0 0 
1 0.698617 0.406283 0.2031 0.0908667 0.03845 0.01485 0.00623333 0.00276667 0.00126667 0.000516667 0.00025 0.000116667 3.33333e-05 1.66667e-05 0 0 0 0 0 
1 0.699 0.408017 0.201583 0.0911333 0.03855 0.0156667 0.00583333 0.00183333 0.000666667 0.000233333 0.0001 1.66667e-05 0 0 0 0 0 0 0 
1 0.7002 0.406133 0.20245 0.0887167 0.0373833 0.0146833 0.00535 0.00201667 0.000566667 0.000183333 0.0001 5e-05 1.66667e-05 1.66667e-05 0 0 0 0 0 
1 0.698433 0.408667 0.202967 0.0910333 0.0382833 0.01485 0.00613333 0.0024 0.000816667 0.0003 5e-05 3.33333e-05 1.66667e-05 0 0 0 0 0 0 
1 0.69965 0.406767 0.202883 0.08925 0.0379667 0.0141667 0.0053 0.00185 0.0006 0.0002 6.66667e-05 3.33333e-05 0 0 0 0 0 0 0 
1 0.700917 0.4071 0.201783 0.0890667 0.0369167 0.0148833 0.00586667 0.00211667 0.000716667 0.000216667 0.000116667 1.66667e-05 0 0 0 0 0 0 0 
1 0.701367 0.408867 0.201667 0.08995 0.0366833 0.01415 0.00533333 0.00191667 0.0007 0.0002 3.33333e-05 0 0 0 0 0 0 0 0 
1 0.698867 0.405717 0.2009 0.0890167 0.0370833 0.01445 0.00566667 0.0019 0.0008 0.000416667 0.00015 3.33333e-05 5.45675e-17 0 0 0 0 0 0 
1 0.697633 0.405383 0.200583 0.0894667 0.0370333 0.0148333 0.00556667 0.00226667 0.0007 0.000266667 6.66667e-05 3.33333e-05 1.66667e-05 0 0 0 0 0 0 
1 0.701383 0.409267 0.20485 0.0908167 0.0372667 0.0140333 0.00506667 0.0017 0.000616667 0.000233333 6.66667e-05 1.66667e-05 0 0 0 0 0 0 0 
1 0.7047 0.4084 0.205 0.0892 0.0364333 0.0145667 0.00583333 0.00213333 0.000666667 0.000183333 6.66667e-05 3.33333e-05 0 0 0 0 0 0 0 
1 0.700733 0.40555 0.20115 0.0902333 0.0364667 0.0141833 0.00493333 0.00205 0.0008 0.000483333 0.000183333 6.66667e-05 1.66667e-05 9.51461e-18 9.51461e-18 0 0 0 0 
1 0.70145 0.406967 0.202533 0.0902667 0.0372333 0.0154 0.00571667 0.00231667 0.000966667 0.000383333 0.0001 3.33333e-05 0 0 0 0 0 0 0 
1 0.6996 0.405783 0.2009 0.0875167 0.0347 0.0137667 0.00516667 0.00186667 0.0006 0.00025 8.33333e-05 3.33333e-05 0 0 0 0 0 0 0 
1 0.700817 0.4074 0.202167 0.0900333 0.03815 0.0152167 0.00585 0.00223333 0.00085 0.000316667 0.000116667 8.92619e-17 8.92619e-17 0 0 0 0 0 0 
1 0.696733 0.404467 0.1974 0.0882167 0.0360833 0.0143 0.00553333 0.00186667 0.000916667 0.00035 0.00015 6.66667e-05 3.33333e-05 0 0 0 0 0 0 
1 0.6971 0.403233 0.196583 0.08675 0.0355667 0.0136167 0.00548333 0.0022 0.000883333 0.000366667 0.000133333 1.66667e-05 1.66667e-05 0 0 0 0 0 0 
1 0.70205 0.411017 0.2048 0.0920167 0.03805 0.0151833 0.00571667 0.002 0.000666667 0.000216667 6.66667e-05 5e-05 1.66667e-05 0 0 0 0 0 0 
1 0.700283 0.403717 0.199367 0.0878667 0.0362333 0.0137333 0.00491667 0.00141667 0.000483333 0.0002 3.33333e-05 1.66667e-05 0 0 0 0 0 0 0 
1 0.698833 0.404117 0.199033 0.0883667 0.0359667 0.0133667 0.00496667 0.00191667 0.000616667 0.000216667 0.000116667 3.33333e-05 4.24882e-17 4.24827e-17 4.24827e-17 0 0 0 0 
1 0.7035 0.4103 0.20475 0.0929167 0.03875 0.0154833 0.00536667 0.002 0.000533333 0.000183333 3.33333e-05 3.33333e-05 1.66667e-05 1.66667e-05 0 0 0 0 0 
1 0.699217 0.4099 0.2039 0.0909333 0.0376667 0.0151167 0.00596667 0.00251667 0.0008 0.0003 0.0001 1.66667e-05 0 0 0 0 0 0 0 
1 0.702783 0.4085 0.204517 0.09005 0.0359667 0.0139333 0.00516667 0.00166667 0.000533333 0.00015 5e-05 1.66667e-05 1.66667e-05 0 0 0 0 0 0 
1 0.704217 0.410983 0.202483 0.0887 0.0368167 0.0145667 0.00545 0.00191667 0.000766667 0.0002 3.33333e-05 1.66667e-05 9.98979e-17 0 0 0 0 0 0 
1 0.7026 0.406417 0.1988 0.0879333 0.0365167 0.0136 0.00465 0.00156667 0.000716667 0.000283333 6.66667e-05 1.66667e-05 1.66667e-05 0 0 0 0 0 0 
1 0.69975 0.404517 0.198167 0.0884 0.03625 0.0143833 0.00556667 0.00203333 0.000616667 0.00025 0.000116667 5e-05 1.06332e-16 0 0 0 0 0 0 
1 0.695933 0.40675 0.2047 0.09255 0.0365333 0.0140667 0.00573333 0.0021 0.000816667 0.000266667 6.66667e-05 0 0 0 0 0 0 0 0 
1 0.69915 0.406983 0.201933 0.0890333 0.0368 0.0150333 0.00543333 0.002 0.000683333 0.000166667 0.0001 8.02691e-18 0 0 0 0 0 0 0 
1 0.7034 0.410817 0.205467 0.0925 0.03895 0.0153333 0.00595 0.00201667 0.000766667 0.000266667 8.33333e-05 5e-05 1.66667e-05 1.66667e-05 0 0 0 0 0 
1 0.702033 0.40635 0.2007 0.0883667 0.0362333 0.0144667 0.00546667 0.00181667 0.000633333 0.0002 3.33333e-05 1.66667e-05 0 0 0 0 0 0 0 
1 0.695467 0.40005 0.2 0.0892833 0.0368 0.0139 0.00573333 0.00196667 0.000616667 0.00015 8.33333e-05 3.33333e-05 3.33333e-05 5.02764e-17 5.02764e-17 0 0 0 0 
1 0.701383 0.4086 0.204667 0.0911167 0.0374833 0.0148667 0.00596667 0.00198333 0.000716667 0.000283333 0.000116667 5e-05 3.33333e-05 1.66667e-05 0 0 0 0 0 
1 0.697833 0.402717 0.203517 0.0913667 0.0380167 0.0142 0.00525 0.0018 0.0006 0.000216667 5e-05 1.66667e-05 0 0 0 0 0 0 0 
1 0.7012 0.406933 0.204417 0.0914833 0.03755 0.0149 0.0052 0.00206667 0.00075 0.000233333 8.33333e-05 3.33333e-05 0 0 0 0 0 0 0 
1 0.697317 0.405933 0.19905 0.08675 0.0353667 0.0142833 0.005 0.00173333 0.000483333 0.0002 8.33333e-05 1.66667e-05 0 0 0 0 0 0 0 
1 0.6985 0.407617 0.201017 0.0897667 0.0362 0.0136667 0.00498333 0.0019 0.000633333 0.000283333 8.33333e-05 3.33333e-05 3.33333e-05 1.66667e-05 0 0 0 0 0 
1 0.700917 0.406983 0.206633 0.0955 0.0404167 0.0165167 0.00626667 0.00248333 0.00101667 0.000316667 8.33333e-05 3.33333e-05 1.66667e-05 0 0 0 0 0 0 
1 0.696417 0.405883 0.201683 0.0906 0.03775 0.0147 0.00546667 0.00171667 0.000516667 0.00025 8.33333e-05 0 0 0 0 0 0 0 0 
1 0.7014 0.40585 0.203133 0.0898167 0.0371 0.0148 0.0056 0.00211667 0.000883333 0.000333333 0.00015 3.33333e-05 0 0 0 0 0 0 0 
1 0.699217 0.407 0.2011 0.0891167 0.03555 0.0134833 0.00478333 0.0021 0.000866667 0.000316667 0.00015 3.33333e-05 5.20584e-17 0 0 0 0 0 0 
1 0.700633 0.406617 0.203517 0.0913 0.0370167 0.0152333 0.00533333 0.0019 0.00055 8.33333e-05 1.66667e-05 0 0 0 0 0 0 0 0 
1 0.702267 0.40815 0.20435 0.0927333 0.0400667 0.01595 0.00585 0.00243333 0.00103333 0.0004 0.000116667 5e-05 3.33333e-05 0 0 0 0 0 0 
1 0.702367 0.40765 0.20435 0.09085 0.0376667 0.01595 0.0064 0.00238333 0.000666667 0.0002 0.000116667 3.33333e-05 1.66667e-05 4.79117e-17 0 0 0 0 0 
1 0.697817 0.3995 0.199333 0.0887333 0.0362833 0.0143833 0.00536667 0.0021 0.000766667 0.000216667 5e-05 0 0 0 0 0 0 0 0 
1 0.69885 0.405033 0.202717 0.08965 0.03815 0.0146333 0.0052 0.00206667 0.000783333 0.0002 5e-05 1.66667e-05 1.66667e-05 1.66667e-05 1.66667e-05 0 0 0 0 
1 0.699717 0.4074 0.20205 0.0899833 0.0365333 0.0140667 0.00541667 0.00191667 0.000466667 0.00015 8.33333e-05 5e-05 3.33333e-05 1.66667e-05 0 0 0 0 0 
1 0.69765 0.4057 0.202483 0.0906 0.0372667 0.0141667 0.00536667 0.00216667 0.0008 0.0003 0.0001 5e-05 3.33333e-05 0 0 0 0 0 0 
1 0.700467 0.405183 0.200517 0.08915 0.03715 0.01475 0.00566667 0.00186667 0.00065 0.000233333 0.000133333 5e-05 1.66667e-05 1.66667e-05 0 0 0 0 0 
1 0.696183 0.402233 0.19805 0.0866667 0.03565 0.0138333 0.00546667 0.00208333 0.000733333 0.000366667 0.000166667 5e-05 1.66667e-05 0 0 0 0 0 0 
1 0.7025 0.4096 0.203433 0.0900167 0.0369833 0.0147167 0.00573333 0.00188333 0.0008 0.000366667 0.000183333 5e-05 0 0 0 0 0 0 0 
1 0.702367 0.410883 0.20605 0.0925333 0.0382833 0.0161833 0.00633333 0.0023 0.000833333 0.00025 6.66667e-05 0 0 0 0 0 0 0 0 
1 0.696383 0.401033 0.197283 0.0875833 0.0359 0.0149 0.00635 0.00241667 0.000983333 0.000283333 6.66667e-05 1.66667e-05 0 0 0 0 0 0 0 
1 0.699267 0.406167 0.1991 0.08835 0.0365833 0.0147667 0.00608333 0.00225 0.000666667 0.0002 1.66667e-05 1.66667e-05 0 0 0 0 0 0 0 
1 0.69915 0.406933 0.201767 0.0903667 0.0369333 0.0145667 0.00581667 0.00238333 0.000883333 0.000266667 6.66667e-05 3.33333e-05 1.66667e-05 0 0 0 0 0 0 
1 0.700967 0.408567 0.2048 0.0907167 0.03725 0.0147333 0.00583333 0.00216667 0.000583333 0.00015 3.33333e-05 0 0 0 0 0 0 0 0 
1 0.70085 0.40865 0.20325 0.0901667 0.0376833 0.0152167 0.00548333 0.00225 0.000916667 0.000316667 5e-05 3.33333e-05 0 0 0 0 0 0 0 
1 0.700433 0.4074 0.201717 0.0892667 0.0362 0.0138 0.00541667 0.00188333 0.000633333 0.000116667 3.33333e-05 1.66667e-05 0 0 0 0 0 0 0 
1 0.704033 0.409283 0.203717 0.09085 0.0360167 0.0136667 0.00503333 0.00186667 0.000733333 0.0003 0.000166667 0.000116667 5e-05 1.66667e-05 0 0 0 0 0 
1 0.7045 0.409767 0.20245 0.0899833 0.03845 0.0150167 0.00608333 0.00231667 0.00065 0.000216667 0.0001 5e-05 5e-05 3.33333e-05 1.66667e-05 0 0 0 0 
1 0.7003 0.4084 0.199933 0.08625 0.0358833 0.0139833 0.00521667 0.0019 0.00075 0.000233333 5e-05 1.66667e-05 0 0 0 0 0 0 0 
1 0.702167 0.407983 0.20495 0.0905167 0.0378167 0.0153667 0.00621667 0.00246667 0.000933333 0.000433333 0.000183333 8.33333e-05 3.33333e-05 1.66667e-05 0 0 0 0 0 
1 0.702483 0.406983 0.202133 0.0902333 0.0375167 0.0143667 0.0054 0.00198333 0.00065 0.0003 0.000116667 3.33333e-05 0 0 0 0 0 0 0 
1 0.703683 0.4104 0.206683 0.09235 0.0384 0.0155667 0.00603333 0.00208333 0.000666667 0.000333333 0.0001 4.32709e-17 0 0 0 0 0 0 0 
1 0.7015 0.407683 0.202017 0.0915167 0.0367 0.0140167 0.00525 0.00176667 0.000516667 0.000166667 6.66667e-05 8.66029e-17 0 0 0 0 0 0 0 
1 0.702817 0.41095 0.206067 0.0918167 0.0379833 0.01515 0.00611667 0.00201667 0.000866667 0.00035 8.33333e-05 1.66667e-05 0 0 0 0 0 0 0 
1 0.7003 0.404617 0.199733 0.0895167 0.0371 0.0135667 0.00491667 0.00186667 0.000616667 0.0002 5e-05 0 0 0 0 0 0 0 0 
1 0.701817 0.410883 0.201067 0.0912167 0.03635 0.01425 0.00483333 0.00153333 0.000366667 0.0001 5e-05 1.66667e-05 0 0 0 0 0 0 0 
1 0.70215 0.408033 0.200433 0.0883167 0.0350333 0.0134833 0.005 0.00171667 0.00055 0.0002 3.33333e-05 1.09185e-16 0 0 0 0 0 0 0 
1 0.69915 0.408367 0.20295 0.0893667 0.0372167 0.0146667 0.0058 0.00191667 0.000583333 8.33333e-05 1.66667e-05 1.66667e-05 1.66667e-05 0 0 0 0 0 0 
1 0.700583 0.404267 0.198717 0.08675 0.0341833 0.01345 0.00526667 0.002 0.0008 0.0003 0.000133333 8.33333e-05 5e-05 1.66667e-05 0 0 0 0 0 
1 0.703067 0.407667 0.203333 0.0906667 0.0374833 0.0140333 0.00498333 0.00178333 0.000733333 0.000166667 0.000133333 5e-05 3.33333e-05 0 0 0 0 0 0 
1 0.7031 0.40895 0.2033 0.0903833 0.0378167 0.0154 0.00558333 0.00188333 0.00075 0.000266667 0.000116667 0.0001 9.79106e-17 0 0 0 0 0 0 
1 0.697967 0.402817 0.198433 0.08675 0.0350833 0.0135833 0.00525 0.00191667 0.000666667 0.00015 1.66667e-05 0 0 0 0 0 0 0 0 
1 0.702733 0.40895 0.203067 0.0898 0.0374 0.0140833 0.00516667 0.00198333 0.000766667 0.000316667 0.000233333 0.0001 0 0 0 0 0 0 0 
1 0.69955 0.407317 0.20365 0.09105 0.03845 0.0154833 0.00561667 0.00196667 0.00075 0.00035 0.000133333 1.66667e-05 0 0 0 0 0 0 0 
1 0.69835 0.405967 0.2011 0.0891833 0.0384833 0.0145667 0.00575 0.00205 0.000666667 0.00015 5e-05 0 0 0 0 0 0 0 0 
1 0.702983 0.40845 0.20295 0.0886833 0.0362 0.0142333 0.00555 0.00188333 0.000683333 0.000216667 1.66667e-05 0 0 0 0 0 0 0 0 
1 0.702217 0.4087 0.206117 0.0921667 0.0384667 0.0147333 0.00603333 0.00261667 0.0011 0.000533333 0.000183333 8.33333e-05 1.66667e-05 1.66667e-05 0 0 0 0 0 
1 0.70045 0.40745 0.203133 0.09215 0.03725 0.0140833 0.00535 0.00168333 0.000516667 0.0001 5e-05 3.33333e-05 1.66667e-05 0 0 0 0 0 0 
1 0.699833 0.406567 0.2038 0.0922333 0.0387833 0.01585 0.0059 0.00241667 0.00106667 0.00045 8.33333e-05 3.33333e-05 1.66667e-05 0 0 0 0 0 0 
1 0.70285 0.411233 0.205067 0.09155 0.0384333 0.0153833 0.0061 0.00248333 0.00095 0.000316667 0.000116667 3.33333e-05 3.33333e-05 0 0 0 0 0 0 
1 0.699333 0.408167 0.2026 0.0901333 0.0374667 0.0149833 0.00595 0.00225 0.0009 0.00035 6.66667e-05 1.66667e-05 0 0 0 0 0 0 0 
1 0.70155 0.406267 0.1996 0.0879833 0.0363 0.0136333 0.0054 0.00176667 0.000483333 0.000183333 6.66667e-05 3.33333e-05 1.66667e-05 0 0 0 0 0 0 
1 0.700117 0.404967 0.199333 0.0877333 0.03645 0.0142167 0.0053 0.00215 0.000766667 0.000266667 0.000133333 1.66667e-05 1.66667e-05 0 0 0 0 0 0 
1 0.699417 0.407017 0.202817 0.0916 0.0381 0.0149 0.00566667 0.00181667 0.000716667 0.000266667 8.33333e-05 3.33333e-05 1.66667e-05 0 0 0 0 0 0 
1 0.700467 0.407317 0.202533 0.0882833 0.0360167 0.0139667 0.00488333 0.00203333 0.000733333 0.000266667 0.0001 1.66667e-05 1.66667e-05 0 0 0 0 0 0 
1 0.70035 0.406067 0.20255 0.08955 0.0363 0.01395 0.00505 0.00168333 0.000666667 0.000333333 0.00015 6.66667e-05 6.66667e-05 1.66667e-05 5.63605e-17 0 0 0 0 
1 0.69895 0.407417 0.202583 0.0897167 0.0359833 0.0147 0.00586667 0.00238333 0.00085 0.000316667 0.000133333 6.66667e-05 5e-05 1.66667e-05 0 0 0 0 0 
1 0.698683 0.402883 0.199933 0.0901333 0.0381667 0.0149833 0.0055 0.00193333 0.000633333 0.000216667 6.66667e-05 1.66667e-05 0 0 0 0 0 0 0 
1 0.702983 0.404883 0.200667 0.0898167 0.0364333 0.0146833 0.00551667 0.00173333 0.000583333 0.000116667 1.53655e-17 0 0 0 0 0 0 0 0 
1 0.69945 0.403 0.20075 0.0888333 0.0365 0.0143333 0.0054 0.00185 0.000633333 0.000183333 5e-05 5.60774e-17 0 0 0 0 0 0 0 
1 0.699333 0.404683 0.19885 0.0867667 0.0358 0.01455 0.00571667 0.00223333 0.000583333 0.0002 6.66667e-05 0 0 0 0 0 0 0 0 
1 0.697067 0.4021 0.200717 0.0903333 0.0376 0.0148 0.00556667 0.00225 0.000883333 0.000366667 0.0001 3.33333e-05 1.66667e-05 1.66667e-05 1.66667e-05 0 0 0 0 
1 0.7018 0.40935 0.203617 0.0911167 0.0381833 0.015 0.00608333 0.00226667 0.000833333 0.000216667 6.66667e-05 3.33333e-05 0 0 0 0 0 0 0 
1 0.70185 0.40645 0.201633 0.09005 0.0369167 0.0151833 0.0061 0.00208333 0.000716667 0.0002 3.33333e-05 0 0 0 0 0 0 0 0 
1 0.704167 0.409217 0.204633 0.0917667 0.0391333 0.01555 0.00565 0.002 0.0008 0.00025 8.33333e-05 5e-05 3.33333e-05 0 0 0 0 0 0 
1 0.698767 0.403883 0.199333 0.0886 0.0364667 0.0139667 0.00506667 0.00193333 0.000666667 0.00035 0.000116667 3.33333e-05 1.66667e-05 0 0 0 0 0 0 
1 0.698 0.404467 0.200067 0.0876333 0.0352667 0.01355 0.00513333 0.00175 0.000816667 0.000283333 0.0001 6.66667e-05 3.33333e-05 0 0 0 0 0 0 
1 0.70185 0.407167 0.201583 0.0907667 0.0371333 0.0144167 0.00535 0.00198333 0.000783333 0.000283333 0.000166667 6.66667e-05 3.33333e-05 1.66667e-05 1.66667e-05 1.66667e-05 0 0 0 
1 0.698983 0.408933 0.201367 0.0894333 0.0370833 0.0152 0.00595 0.00233333 0.000933333 0.0003 3.33333e-05 2.43139e-17 0 0 0 0 0 0 0 
1 0.698 0.405267 0.200983 0.0888 0.03665 0.0150167 0.00565 0.00186667 0.000666667 0.000116667 6.66667e-05 1.66667e-05 0 0 0 0 0 0 0 
1 0.700983 0.4071 0.202167 0.0916333 0.0379833 0.0141 0.00536667 0.00213333 0.000883333 0.000383333 0.0001 6.66667e-05 0 0 0 0 0 0 0 
1 0.697383 0.4048 0.200867 0.0901333 0.0375667 0.0139167 0.00545 0.00206667 0.000716667 0.000183333 5e-05 0 0 0 0 0 0 0 0 
1 0.699683 0.4068 0.2023 0.089 0.0370333 0.0145833 0.00555 0.00211667 0.00085 0.000383333 0.000166667 1.66667e-05 8.80906e-17 0 0 0 0 0 0 
1 0.705417 0.409633 0.202717 0.0894833 0.0364667 0.01455 0.00541667 0.00211667 0.000666667 0.000216667 0.0001 1.66667e-05 0 0 0 0 0 0 0 
1 0.702367 0.408767 0.203717 0.0907 0.0374667 0.0135 0.00485 0.00163333 0.000766667 0.000333333 0.000116667 0 0 0 0 0 0 0 0 
1 0.6999 0.40605 0.203017 0.0914333 0.0386333 0.0142833 0.00545 0.0019 0.000416667 8.33333e-05 3.33333e-05 0 0 0 0 0 0 0 0 
1 0.6977 0.406117 0.20165 0.08945 0.0379333 0.0150833 0.00566667 0.00201667 0.00075 0.0003 0.00015 8.33333e-05 5e-05 0 0 0 0 0 0 
1 0.703633 0.408167 0.203433 0.0905167 0.0372167 0.0145333 0.00541667 0.0021 0.000616667 0.000183333 3.33333e-05 1.66667e-05 0 0 0 0 0 0 0 
1 0.69835 0.40475 0.203367 0.0901167 0.0371 0.0149667 0.00581667 0.00196667 0.00075 0.000216667 0.00015 1.66667e-05 1.66667e-05 0 0 0 0 0 0 
1 0.699833 0.405067 0.199817 0.0899667 0.0377333 0.0144333 0.00526667 0.0018 0.000533333 0.000116667 3.33333e-05 0 0 0 0 0 0 0 0 
1 0.696167 0.401867 0.2002 0.0887333 0.0370667 0.0137667 0.00473333 0.00176667 0.000566667 0.000183333 6.66667e-05 1.66667e-05 1.66667e-05 0 0 0 0 0 0 
1 0.699583 0.405883 0.201033 0.0889833 0.0368333 0.0141333 0.00536667 0.00186667 0.000533333 0.000166667 5e-05 1.66667e-05 1.66667e-05 0 0 0 0 0 0 
1 0.6979 0.40355 0.198083 0.0878 0.0354333 0.0130167 0.00525 0.00181667 0.000666667 0.000283333 0.000166667 3.33333e-05 3.33333e-05 3.33333e-05 1.66667e-05 1.66667e-05 0 0 0 
1 0.70175 0.406933 0.202767 0.0903167 0.03735 0.0150333 0.00548333 0.00201667 0.000783333 0.000383333 0.0001 0 0 0 0 0 0 0 0 
1 0.70295 0.407533 0.200633 0.0917833 0.0382167 0.0144 0.00495 0.00161667 0.0004 0.00015 1.66667e-05 9.01945e-17 0 0 0 0 0 0 0 
1 0.701267 0.405067 0.201067 0.0879667 0.0355667 0.0143167 0.00525 0.00188333 0.000916667 0.000316667 6.66667e-05 1.66667e-05 1.66667e-05 0 0 0 0 0 0 
1 0.6994 0.40565 0.199917 0.08975 0.0384667 0.0149167 0.00558333 0.00203333 0.000833333 0.000283333 6.66667e-05 5e-05 3.33333e-05 0 0 0 0 0 0 
1 0.700633 0.40875 0.203217 0.0902 0.0379 0.0144167 0.005 0.00191667 0.000616667 0.000216667 8.33333e-05 1.66667e-05 0 0 0 0 0 0 0 
1 0.69715 0.401267 0.199467 0.0883833 0.0355333 0.0142 0.00493333 0.0019 0.000616667 0.000233333 3.33333e-05 0 0 0 0 0 0 0 0 
1 0.697967 0.401417 0.20055 0.0886833 0.03595 0.01435 0.00555 0.00205 0.0008 0.000316667 8.33333e-05 6.66667e-05 5e-05 1.66667e-05 0 0 0 0 0 
1 0.698533 0.408167 0.203383 0.0894 0.0361167 0.0138167 0.00516667 0.00186667 0.000533333 0.0002 5e-05 1.66667e-05 0 0 0 0 0 0 0 
1 0.700633 0.40745 0.2012 0.08855 0.0375667 0.0142667 0.00546667 0.00181667 0.000766667 0.000133333 5e-05 1.66667e-05 1.66667e-05 0 0 0 0 0 0 
1 0.697167 0.401333 0.196867 0.0873167 0.0355333 0.0138667 0.00533333 0.0017 0.000683333 0.000216667 1.66667e-05 0 0 0 0 0 0 0 0 
1 0.702383 0.40955 0.204483 0.0905 0.0370333 0.0144333 0.00561667 0.00196667 0.000916667 0.000333333 8.33333e-05 3.33333e-05 9.46632e-17 9.46632e-17 9.46632e-17 0 0 0 0 
1 0.699767 0.403817 0.19915 0.0881833 0.0347333 0.0128833 0.00448333 0.00161667 0.000466667 0.000116667 5.61828e-17 0 0 0 0 0 0 0 0 
1 0.702033 0.404967 0.2038 0.0902667 0.03765 0.0159333 0.0059 0.0022 0.000483333 0.000133333 1.66667e-05 0 0 0 0 0 0 0 0 
1 0.698417 0.404267 0.199683 0.0896 0.03645 0.0147167 0.0057 0.00198333 0.00075 0.0002 1.66667e-05 0 0 0 0 0 0 0 0 
1 0.700617 0.404917 0.200583 0.0889667 0.0356 0.0131167 0.00481667 0.00173333 0.000683333 0.000183333 3.33333e-05 0 0 0 0 0 0 0 0 
1 0.70015 0.404467 0.20205 0.0890667 0.0370167 0.0148833 0.00583333 0.00206667 0.001 0.000383333 0.00015 6.66667e-05 1.66667e-05 1.66644e-17 0 0 0 0 0 
