1 0.75075 0.55965 0.4174 0.3109 0.23445 0.1742 0.13225 0.0988 0.0733 0.05625 0.041 0.03095 0.02345 0.01695 0.0122 0.0088 0.0062 0.0045 0.00305 
1 0.75335 0.55975 0.41885 0.31055 0.23135 0.17195 0.13005 0.09735 0.0745 0.0556 0.04215 0.03085 0.02385 0.0179 0.01395 0.0108 0.00805 0.0063 0.00475 
1 0.7514 0.5618 0.4237 0.31555 0.2381 0.1773 0.1315 0.099 0.0748 0.0556 0.04225 0.03205 0.0235 0.01725 0.01295 0.0098 0.00765 0.00565 0.00415 
1 0.7517 0.56175 0.41915 0.3151 0.23725 0.1791 0.13555 0.10235 0.0769 0.05865 0.0445 0.0339 0.0254 0.0191 0.01505 0.0113 0.00855 0.0056 0.00445 
1 0.75215 0.5588 0.41765 0.3159 0.23615 0.17685 0.133 0.0998 0.0741 0.0545 0.0413 0.0313 0.02385 0.0185 0.01385 0.0104 0.0081 0.00635 0.00475 
1 0.7502 0.5603 0.4228 0.31755 0.2373 0.1787 0.13375 0.0997 0.0755 0.05725 0.04245 0.03075 0.02305 0.0175 0.0127 0.01005 0.0073 0.00545 0.0039 
1 0.75115 0.5628 0.42495 0.3192 0.24005 0.18245 0.1373 0.1052 0.0778 0.05775 0.0429 0.0321 0.0238 0.0184 0.0137 0.0107 0.0079 0.00585 0.0039 
1 0.7465 0.5604 0.42035 0.31575 0.2326 0.1728 0.13035 0.09665 0.0716 0.05445 0.04005 0.03035 0.0228 0.0169 0.0126 0.00985 0.0076 0.0056 0.00455 
1 0.75375 0.5614 0.4192 0.31425 0.2315 0.17395 0.13 0.0964 0.0721 0.0526 0.0403 0.0302 0.02305 0.01615 0.01175 0.00825 0.0058 0.00455 0.0033 
1 0.75285 0.5635 0.42055 0.3152 0.2359 0.17565 0.1315 0.09905 0.0749 0.05605 0.043 0.0311 0.02365 0.0182 0.01395 0.01055 0.00785 0.006 0.0046 
1 0.7503 0.5654 0.42625 0.3247 0.24635 0.1882 0.1409 0.10425 0.07715 0.0577 0.0427 0.0326 0.02435 0.01805 0.01365 0.0104 0.00795 0.0059 0.0048 
1 0.75265 0.56655 0.4236 0.3176 0.2364 0.17715 0.13285 0.10095 0.07565 0.0554 0.0416 0.03145 0.0233 0.01785 0.01325 0.0098 0.00685 0.0053 0.00415 
1 0.7529 0.56455 0.42275 0.31695 0.23705 0.1767 0.1346 0.10035 0.0756 0.05795 0.0438 0.03165 0.02375 0.01795 0.01335 0.00945 0.0069 0.00475 0.004 
1 0.75165 0.5686 0.43065 0.32455 0.2408 0.18175 0.13765 0.1038 0.0777 0.05895 0.04445 0.0332 0.0256 0.01925 0.0153 0.01145 0.00845 0.00655 0.0053 
1 0.7433 0.55865 0.42035 0.3191 0.2399 0.1776 0.13175 0.09795 0.0735 0.05625 0.0426 0.03295 0.02385 0.0188 0.01445 0.0105 0.0082 0.0058 0.00435 
1 0.75275 0.5643 0.4274 0.31965 0.2397 0.18025 0.1343 0.10115 0.0746 0.0566 0.0436 0.03355 0.02495 0.0187 0.0137 0.0103 0.00745 0.0058 0.00385 
1 0.747 0.56585 0.4216 0.31445 0.2348 0.1758 0.1305 0.09975 0.07595 0.0581 0.0432 0.0325 0.02455 0.0189 0.01475 0.0113 0.00815 0.0065 0.0052 
1 0.743 0.5571 0.4159 0.31255 0.2352 0.1794 0.1353 0.1026 0.077 0.0582 0.0439 0.0331 0.0243 0.0183 0.01395 0.0113 0.00865 0.00665 0.00475 
1 0.74795 0.5582 0.4213 0.3203 0.2394 0.17835 0.13395 0.1011 0.0737 0.05585 0.0419 0.0309 0.0228 0.01775 0.01385 0.0105 0.00795 0.0057 0.00425 
1 0.75165 0.5601 0.4189 0.31205 0.2312 0.1725 0.12955 0.09545 0.07085 0.05295 0.03945 0.03 0.02265 0.01695 0.0128 0.00925 0.00675 0.0052 0.0042 
1 0.75215 0.56045 0.42145 0.3175 0.23865 0.18005 0.1346 0.1013 0.07725 0.059 0.04375 0.03345 0.025 0.01975 0.0144 0.01065 0.0076 0.0055 0.00415 
1 0.74945 0.56335 0.4222 0.3168 0.23675 0.17715 0.1326 0.0993 0.07485 0.0562 0.04165 0.0321 0.02375 0.01805 0.01365 0.0107 0.00785 0.0062 0.00495 
1 0.75185 0.563 0.4198 0.315 0.2357 0.1734 0.12995 0.09865 0.0745 0.0553 0.04125 0.03085 0.0238 0.01745 0.0134 0.0096 0.0069 0.00535 0.0039 
1 0.74595 0.56165 0.4263 0.32135 0.24245 0.18275 0.13755 0.10355 0.0784 0.05655 0.0431 0.03225 0.02425 0.01845 0.01395 0.00985 0.0077 0.0059 0.00425 
1 0.75175 0.5641 0.422 0.3184 0.24185 0.1808 0.1339 0.1018 0.07415 0.056 0.04185 0.0312 0.0236 0.01795 0.01285 0.00945 0.0071 0.00515 0.0036 
1 0.74525 0.5607 0.4219 0.3173 0.236 0.17625 0.1306 0.0982 0.07385 0.0551 0.04145 0.031 0.02325 0.01745 0.0135 0.0098 0.007 0.0053 0.00395 
1 0.751 0.56605 0.425 0.3209 0.24175 0.18115 0.1368 0.10085 0.07605 0.05595 0.043 0.03205 0.02395 0.01745 0.0133 0.0099 0.00735 0.00585 0.0039 
1 0.751 0.56225 0.4244 0.31405 0.23315 0.1737 0.13025 0.09825 0.07235 0.0546 0.04105 0.0306 0.0222 0.01655 0.013 0.00925 0.00715 0.0054 0.00415 
1 0.74875 0.56495 0.425 0.321 0.2422 0.18325 0.13705 0.10245 0.0763 0.0558 0.0403 0.0314 0.02275 0.0171 0.0124 0.00885 0.0066 0.0049 0.0035 
1 0.74915 0.56175 0.42085 0.3182 0.2401 0.1815 0.13615 0.10405 0.0775 0.0594 0.04465 0.03325 0.02495 0.0192 0.0144 0.0109 0.00775 0.00535 0.0036 
1 0.75035 0.5565 0.4186 0.3175 0.23925 0.1769 0.1331 0.098 0.07445 0.0573 0.04325 0.0335 0.0255 0.01835 0.01325 0.00955 0.00705 0.00515 0.0035 
1 0.74845 0.55865 0.41975 0.31225 0.23365 0.17335 0.12965 0.0995 0.0726 0.05425 0.0415 0.03105 0.02295 0.01695 0.0124 0.00915 0.00645 0.0041 0.0033 
1 0.75005 0.56425 0.4218 0.31835 0.2388 0.1799 0.13845 0.10445 0.07835 0.05825 0.0441 0.03355 0.0251 0.01855 0.01455 0.0105 0.0087 0.0067 0.0055 
1 0.75335 0.56535 0.4251 0.3213 0.2418 0.17995 0.13575 0.101 0.07325 0.05465 0.04085 0.03165 0.0234 0.0169 0.0122 0.0095 0.00685 0.00545 0.00385 
1 0.74525 0.5621 0.4208 0.318 0.24275 0.1829 0.1367 0.10205 0.07615 0.0578 0.0423 0.03145 0.02315 0.0173 0.01225 0.0095 0.00735 0.0057 0.004 
1 0.7554 0.5655 0.4232 0.31725 0.2397 0.18185 0.1352 0.1009 0.0748 0.0554 0.0406 0.0293 0.0219 0.0165 0.0125 0.01 0.00735 0.00575 0.00455 
1 0.75035 0.56195 0.42005 0.3116 0.2356 0.17915 0.1341 0.10085 0.0758 0.05655 0.0424 0.03225 0.0238 0.0177 0.0137 0.01035 0.00815 0.0064 0.00445 
1 0.7487 0.5652 0.4269 0.3217 0.23875 0.17805 0.1335 0.0983 0.07525 0.056 0.0426 0.0319 0.02405 0.0181 0.01375 0.00995 0.0079 0.0058 0.00415 
1 0.74895 0.5615 0.421 0.3168 0.23985 0.1789 0.134 0.10185 0.07565 0.05645 0.04155 0.03175 0.02325 0.0178 0.0136 0.01045 0.008 0.00575 0.00445 
1 0.75445 0.5617 0.42285 0.316 0.2371 0.1761 0.13335 0.10015 0.0755 0.05825 0.04235 0.03125 0.0232 0.0181 0.0137 0.00985 0.00725 0.0053 0.00405 
1 0.74775 0.557 0.4159 0.31115 0.23145 0.1759 0.1309 0.09615 0.0721 0.05405 0.0399 0.0297 0.0219 0.0162 0.01245 0.00905 0.0059 0.0045 0.0027 
1 0.74755 0.5601 0.41935 0.31525 0.23815 0.17965 0.13265 0.0996 0.075 0.05615 0.041 0.03115 0.0229 0.01645 0.0122 0.00895 0.0069 0.00505 0.00395 
1 0.74765 0.5609 0.4233 0.3205 0.23705 0.1764 0.1332 0.09955 0.0736 0.05525 0.0407 0.0307 0.02365 0.01805 0.0129 0.0097 0.00665 0.0053 0.0043 
1 0.75495 0.56745 0.42915 0.32085 0.23965 0.1798 0.133 0.09875 0.0754 0.0561 0.0432 0.03225 0.0242 0.01775 0.0135 0.00915 0.0073 0.0057 0.0045 
1 0.7483 0.5701 0.42685 0.322 0.2402 0.1808 0.13575 0.10305 0.0756 0.0552 0.0422 0.03135 0.0234 0.01695 0.01295 0.0095 0.0066 0.00525 0.00395 
1 0.7434 0.55385 0.4162 0.312 0.23265 0.1777 0.1335 0.09965 0.0752 0.0587 0.0431 0.0317 0.0242 0.01765 0.01355 0.01045 0.00785 0.0056 0.00435 
1 0.74805 0.55865 0.4236 0.31755 0.2382 0.17685 0.13215 0.09825 0.07405 0.0561 0.04335 0.03155 0.02465 0.0187 0.01385 0.0108 0.00775 0.00585 0.00425 
1 0.75265 0.5657 0.42465 0.3191 0.23835 0.1788 0.13355 0.10155 0.07615 0.05685 0.04345 0.0332 0.02425 0.019 0.01445 0.01085 0.0089 0.0071 0.0048 
1 0.74615 0.56205 0.4232 0.31705 0.23805 0.1805 0.13465 0.10285 0.07755 0.0585 0.04415 0.0332 0.02525 0.019 0.0147 0.0111 0.00855 0.00645 0.00495 
1 0.75605 0.56545 0.4216 0.31925 0.23585 0.17695 0.13125 0.0973 0.07095 0.0515 0.0396 0.0293 0.02185 0.01555 0.01125 0.00825 0.00625 0.0046 0.0036 
1 0.74655 0.5608 0.42345 0.31635 0.23775 0.1772 0.13245 0.10025 0.0724 0.05405 0.03905 0.0295 0.02165 0.01545 0.0119 0.00905 0.0068 0.0054 0.00435 
1 0.75215 0.5682 0.42715 0.3218 0.24135 0.18185 0.13635 0.10265 0.07525 0.05765 0.04425 0.0328 0.02465 0.01795 0.0134 0.00955 0.00715 0.0054 0.00375 
1 0.74765 0.56305 0.4214 0.31615 0.2346 0.17375 0.13015 0.0966 0.07285 0.0551 0.04085 0.0302 0.02215 0.01605 0.0123 0.0092 0.0075 0.0057 0.00395 
1 0.7531 0.56785 0.42785 0.323 0.24405 0.18255 0.13755 0.10195 0.0758 0.0565 0.0426 0.03095 0.02335 0.0172 0.0128 0.0099 0.0069 0.00545 0.00415 
1 0.7452 0.55725 0.4174 0.3104 0.2313 0.17055 0.127 0.096 0.0722 0.0531 0.041 0.0296 0.02235 0.0166 0.0126 0.00945 0.0069 0.00505 0.00395 
1 0.75015 0.56185 0.4179 0.31305 0.2367 0.17685 0.1315 0.0983 0.0731 0.05395 0.04075 0.03095 0.0228 0.01705 0.01225 0.0085 0.0063 0.00475 0.00335 
1 0.7457 0.5626 0.41955 0.3151 0.2345 0.1753 0.13215 0.09975 0.0737 0.0556 0.0421 0.0313 0.0239 0.0187 0.01395 0.01065 0.00765 0.00615 0.00455 
1 0.7493 0.56455 0.4267 0.3206 0.2409 0.17995 0.1364 0.10265 0.07735 0.05725 0.0434 0.0333 0.02375 0.01765 0.01285 0.0093 0.0074 0.0055 0.004 
1 0.7469 0.5591 0.42015 0.3133 0.23605 0.17885 0.13545 0.10115 0.0758 0.0557 0.0422 0.03135 0.0242 0.0182 0.0138 0.0101 0.0076 0.00565 0.00435 
1 0.7459 0.56335 0.4221 0.31565 0.23545 0.173 0.12965 0.0978 0.0738 0.05535 0.04195 0.0307 0.02285 0.01705 0.01275 0.0089 0.00685 0.00515 0.00405 
1 0.7479 0.5606 0.41955 0.31525 0.23715 0.1772 0.13155 0.09815 0.07275 0.0529 0.04035 0.03065 0.02395 0.0177 0.01385 0.01005 0.00755 0.0055 0.004 
1 0.7446 0.55955 0.41775 0.31345 0.23285 0.17405 0.13015 0.0967 0.0724 0.05465 0.041 0.0308 0.02245 0.0164 0.0123 0.00925 0.00695 0.0054 0.0041 
1 0.74745 0.55885 0.4182 0.31215 0.23455 0.1739 0.13245 0.0995 0.07595 0.05715 0.0444 0.03315 0.0256 0.0191 0.0144 0.0112 0.0087 0.00585 0.0043 
1 0.75095 0.56335 0.42405 0.32165 0.2393 0.17875 0.13285 0.1009 0.07385 0.0552 0.0416 0.03065 0.0222 0.01665 0.0122 0.00955 0.00665 0.00525 0.0041 
1 0.74665 0.55845 0.42215 0.31625 0.23895 0.17995 0.1351 0.10195 0.07595 0.0582 0.0436 0.03265 0.02535 0.0191 0.01425 0.01025 0.0075 0.00605 0.00415 
1 0.7554 0.56475 0.42475 0.3194 0.238 0.1777 0.13415 0.0992 0.0745 0.0556 0.0417 0.03115 0.0238 0.0175 0.0135 0.0101 0.008 0.00605 0.00435 
1 0.75045 0.56255 0.4203 0.31395 0.234 0.17325 0.13 0.09795 0.0728 0.0528 0.0384 0.02745 0.02075 0.0161 0.01185 0.00905 0.00695 0.0052 0.00355 
1 0.75125 0.5594 0.4177 0.31035 0.23355 0.1746 0.13105 0.0986 0.0747 0.0562 0.0434 0.0312 0.02375 0.01855 0.01365 0.0107 0.0079 0.0061 0.0048 
1 0.7488 0.5596 0.4192 0.3141 0.2349 0.17715 0.1316 0.0979 0.0738 0.05565 0.04205 0.0315 0.0233 0.0182 0.0138 0.0102 0.00735 0.00555 0.00405 
1 0.7505 0.56165 0.4202 0.3152 0.23615 0.17635 0.1314 0.099 0.0728 0.0555 0.04165 0.03145 0.0239 0.01715 0.0135 0.00985 0.00765 0.00555 0.0037 
1 0.7458 0.5615 0.4177 0.3157 0.2361 0.17825 0.13305 0.0993 0.0757 0.0583 0.0422 0.0322 0.02445 0.01895 0.01515 0.0111 0.0088 0.0065 0.00505 
1 0.751 0.56275 0.42095 0.31525 0.2413 0.18245 0.1355 0.1018 0.077 0.05815 0.0436 0.0327 0.02425 0.0182 0.0138 0.01 0.0078 0.00545 0.00395 
1 0.74435 0.562 0.42425 0.31575 0.23635 0.1784 0.13465 0.09955 0.07375 0.05585 0.0419 0.03075 0.02195 0.01555 0.0115 0.00795 0.006 0.00435 0.00345 
1 0.7516 0.56615 0.422 0.31495 0.23485 0.1775 0.13315 0.0992 0.07365 0.0558 0.04225 0.03335 0.0257 0.02005 0.01465 0.0115 0.00905 0.00655 0.0048 
1 0.7435 0.55765 0.42255 0.31365 0.237 0.17885 0.1317 0.09835 0.07375 0.05415 0.04025 0.02945 0.0223 0.01645 0.01295 0.01 0.00735 0.00505 0.00345 
1 0.7487 0.5581 0.42285 0.31515 0.2383 0.17675 0.13415 0.0994 0.07485 0.0561 0.04215 0.031 0.02315 0.01645 0.0125 0.00915 0.0068 0.0054 0.00385 
1 0.75285 0.5678 0.42415 0.3159 0.2399 0.17995 0.13495 0.0996 0.074 0.05675 0.04195 0.03145 0.0228 0.0173 0.0124 0.00905 0.00705 0.00495 0.00355 
1 0.7474 0.564 0.4211 0.31965 0.2421 0.1805 0.13415 0.10075 0.07365 0.05565 0.04195 0.03105 0.02275 0.0169 0.0139 0.01085 0.0086 0.00665 0.00505 
1 0.75315 0.5614 0.4209 0.3189 0.2376 0.18 0.1366 0.10325 0.07735 0.0564 0.04235 0.03095 0.0243 0.01865 0.0138 0.01015 0.00785 0.0057 0.0042 
1 0.7499 0.5608 0.42195 0.31655 0.24215 0.1816 0.1349 0.1 0.076 0.0574 0.04455 0.03385 0.0258 0.0205 0.0151 0.0104 0.00765 0.00535 0.004 
1 0.7489 0.56455 0.4231 0.32085 0.241 0.18225 0.13635 0.1014 0.0763 0.05865 0.0435 0.0325 0.02335 0.01745 0.0121 0.00925 0.0068 0.00545 0.004 
1 0.74895 0.56115 0.4213 0.3178 0.2355 0.17395 0.1314 0.09705 0.0727 0.0539 0.04115 0.0307 0.0231 0.01705 0.0132 0.01025 0.0077 0.00585 0.00435 
1 0.7509 0.56395 0.42425 0.3198 0.2392 0.1781 0.1368 0.1008 0.07535 0.05665 0.04215 0.03155 0.0239 0.01775 0.0129 0.00925 0.0069 0.00515 0.0035 
1 0.75025 0.5612 0.42105 0.31345 0.2329 0.1723 0.1264 0.09335 0.06995 0.0526 0.03895 0.02965 0.0217 0.0166 0.0123 0.0094 0.007 0.0053 0.00365 
1 0.74675 0.5557 0.41795 0.31445 0.235 0.1761 0.1316 0.0971 0.07235 0.05485 0.0415 0.0316 0.02285 0.01745 0.0124 0.00895 0.0068 0.0048 0.0037 
1 0.75575 0.5693 0.42725 0.3192 0.23935 0.17955 0.1342 0.1007 0.07625 0.05685 0.04245 0.03205 0.02315 0.0174 0.0134 0.01005 0.0079 0.00585 0.0041 
1 0.7487 0.56185 0.42485 0.31895 0.2365 0.1787 0.1323 0.09695 0.07295 0.0551 0.04085 0.0312 0.02325 0.0176 0.0128 0.00945 0.0069 0.00515 0.00375 
1 0.7502 0.562 0.419 0.31455 0.2348 0.17525 0.12815 0.09715 0.07175 0.05485 0.04075 0.0306 0.0222 0.01655 0.0115 0.00795 0.0056 0.00385 0.00295 
1 0.7423 0.5519 0.4096 0.30795 0.2319 0.17335 0.13 0.09635 0.0713 0.0539 0.0401 0.02975 0.02195 0.0162 0.0123 0.0093 0.00715 0.0052 0.00395 
1 0.75315 0.5671 0.42065 0.31605 0.2375 0.17805 0.1323 0.10085 0.07615 0.05825 0.04335 0.0317 0.02335 0.018 0.0145 0.01025 0.00745 0.0061 0.00445 
1 0.75035 0.5655 0.42775 0.32025 0.24145 0.1822 0.1365 0.1039 0.07745 0.0589 0.04455 0.0343 0.02555 0.0195 0.01455 0.0105 0.0081 0.00595 0.0041 
1 0.75135 0.5624 0.41885 0.31325 0.23485 0.178 0.13125 0.0974 0.0738 0.0545 0.0398 0.02885 0.0213 0.01575 0.01135 0.0087 0.0063 0.00485 0.0038 
1 0.7497 0.56475 0.42535 0.31945 0.24065 0.18155 0.1372 0.1021 0.07715 0.057 0.04425 0.03285 0.02555 0.0193 0.01515 0.01125 0.0088 0.00655 0.0049 
1 0.7396 0.5601 0.4199 0.3094 0.2322 0.1764 0.1317 0.09895 0.0739 0.0557 0.0413 0.03085 0.022 0.01685 0.01295 0.0094 0.00705 0.0055 0.0042 
1 0.7498 0.5636 0.4213 0.3182 0.2372 0.17755 0.13125 0.09945 0.0745 0.05615 0.0427 0.03265 0.02465 0.0173 0.01315 0.0096 0.00685 0.0053 0.0037 
1 0.74645 0.55875 0.4188 0.31325 0.23565 0.17505 0.12965 0.09555 0.07095 0.052 0.03765 0.0284 0.02025 0.01475 0.0104 0.00755 0.00585 0.004 0.00305 
1 0.74965 0.5644 0.4167 0.3143 0.2344 0.1765 0.1363 0.10235 0.0776 0.06005 0.04525 0.033 0.0249 0.01875 0.0141 0.01025 0.0075 0.00595 0.0044 
1 0.75135 0.5603 0.4225 0.3155 0.23765 0.17855 0.13325 0.09915 0.07495 0.0547 0.04035 0.03 0.02175 0.0161 0.01245 0.0094 0.0071 0.0047 0.00325 
1 0.7482 0.56375 0.419 0.31565 0.23545 0.17365 0.12935 0.09725 0.072 0.05425 0.04315 0.0319 0.02415 0.01805 0.013 0.01 0.0075 0.00515 0.0038 
1 0.75105 0.56195 0.41905 0.31715 0.24035 0.1797 0.1318 0.0987 0.07315 0.05615 0.04115 0.03135 0.02285 0.01645 0.01225 0.009 0.00685 0.0053 0.004 
1 0.7533 0.56465 0.42575 0.3211 0.23755 0.1795 0.1356 0.10395 0.07855 0.0596 0.0458 0.03365 0.02525 0.01905 0.01435 0.01025 0.00745 0.00515 0.00375 
1 0.74795 0.5609 0.4231 0.32005 0.23965 0.18085 0.13535 0.1013 0.075 0.0561 0.0422 0.0312 0.02375 0.01805 0.0131 0.0098 0.0072 0.00555 0.0043 
1 0.75445 0.56805 0.4266 0.3189 0.2396 0.18015 0.136 0.1014 0.0776 0.0599 0.0434 0.03295 0.0244 0.01895 0.01375 0.01035 0.0079 0.0061 0.00445 
1 0.75335 0.56685 0.42355 0.3178 0.23965 0.18005 0.137 0.10275 0.0755 0.05725 0.04345 0.03245 0.0238 0.0189 0.01345 0.011 0.00785 0.00595 0.00435 
1 0.7481 0.5604 0.41815 0.31385 0.2347 0.17555 0.1305 0.09675 0.0732 0.05485 0.04075 0.0294 0.02125 0.0159 0.0115 0.00835 0.00655 0.00495 0.00395 
