1 0.500299 0.127232 0.009057 9.9e-05 0 0 0 0 0 0 0 0 0 0 0 0 0 0 0 
1 0.500569 0.126694 0.009138 0.0001135 1e-06 0 0 0 0 0 0 0 0 0 0 0 0 0 0 
1 0.49977 0.125931 0.008865 0.0001145 5e-07 0 0 0 0 0 0 0 0 0 0 0 0 0 0 
1 0.500899 0.12702 0.0090205 8.25e-05 0 0 0 0 0 0 0 0 0 0 0 0 0 0 0 
1 0.499466 0.126413 0.0089845 0.0001045 0 0 0 0 0 0 0 0 0 0 0 0 0 0 0 
1 0.500101 0.127326 0.009053 0.000108 0 0 0 0 0 0 0 0 0 0 0 0 0 0 0 
1 0.501915 0.128505 0.00927 0.0001045 0 0 0 0 0 0 0 0 0 0 0 0 0 0 0 
1 0.499885 0.126695 0.0089025 0.0001045 0 0 0 0 0 0 0 0 0 0 0 0 0 0 0 
1 0.499167 0.126088 0.0087305 9e-05 0 0 0 0 0 0 0 0 0 0 0 0 0 0 0 
1 0.499649 0.126105 0.008951 0.0001015 0 0 0 0 0 0 0 0 0 0 0 0 0 0 0 
1 0.501025 0.126889 0.008995 0.0001055 0 0 0 0 0 0 0 0 0 0 0 0 0 0 0 
1 0.500244 0.126947 0.009085 0.000114 0 0 0 0 0 0 0 0 0 0 0 0 0 0 0 
1 0.502139 0.129225 0.0094285 0.0001075 1.5e-06 0 0 0 0 0 0 0 0 0 0 0 0 0 0 
1 0.501678 0.127411 0.0091435 0.0001275 1e-06 0 0 0 0 0 0 0 0 0 0 0 0 0 0 
1 0.501827 0.127664 0.0088705 0.000101 0 0 0 0 0 0 0 0 0 0 0 0 0 0 0 
1 0.499618 0.125816 0.0089605 8.05e-05 0 0 0 0 0 0 0 0 0 0 0 0 0 0 0 
1 0.499482 0.126259 0.0088875 0.0001065 1e-06 0 0 0 0 0 0 0 0 0 0 0 0 0 0 
1 0.499202 0.126141 0.0087055 7.4e-05 0 0 0 0 0 0 0 0 0 0 0 0 0 0 0 
1 0.500259 0.12761 0.009337 0.000113 0 0 0 0 0 0 0 0 0 0 0 0 0 0 0 
1 0.498287 0.125945 0.008868 9.6e-05 0 0 0 0 0 0 0 0 0 0 0 0 0 0 0 
1 0.499289 0.125981 0.008843 0.000124 2e-06 0 0 0 0 0 0 0 0 0 0 0 0 0 0 
1 0.498902 0.126241 0.008977 9.45e-05 0 0 0 0 0 0 0 0 0 0 0 0 0 0 0 
1 0.501148 0.127153 0.0090065 8e-05 0 0 0 0 0 0 0 0 0 0 0 0 0 0 0 
1 0.500048 0.125866 0.0088085 0.000119 0 0 0 0 0 0 0 0 0 0 0 0 0 0 0 
1 0.500643 0.127483 0.0090925 9.45e-05 0 0 0 0 0 0 0 0 0 0 0 0 0 0 0 
1 0.49815 0.124576 0.008417 0.0001075 0 0 0 0 0 0 0 0 0 0 0 0 0 0 0 
1 0.499271 0.125766 0.008745 0.0001155 0 0 0 0 0 0 0 0 0 0 0 0 0 0 0 
1 0.498141 0.125002 0.0086715 7.9e-05 0 0 0 0 0 0 0 0 0 0 0 0 0 0 0 
1 0.500965 0.127481 0.008719 7.7e-05 0 0 0 0 0 0 0 0 0 0 0 0 0 0 0 
1 0.500798 0.126779 0.0089715 8.4e-05 0 0 0 0 0 0 0 0 0 0 0 0 0 0 0 
1 0.500226 0.127164 0.0090845 8.35e-05 0 0 0 0 0 0 0 0 0 0 0 0 0 0 0 
1 0.500858 0.127829 0.009043 9.85e-05 4e-06 0 0 0 0 0 0 0 0 0 0 0 0 0 0 
1 0.499051 0.125714 0.0086085 0.0001025 0 0 0 0 0 0 0 0 0 0 0 0 0 0 0 
1 0.501462 0.127124 0.0089735 0.0001125 0 0 0 0 0 0 0 0 0 0 0 0 0 0 0 
1 0.501589 0.127483 0.009084 0.0001035 1e-06 0 0 0 0 0 0 0 0 0 0 0 0 0 0 
1 0.500745 0.127339 0.008902 0.000116 0 0 0 0 0 0 0 0 0 0 0 0 0 0 0 
1 0.500589 0.127706 0.0090215 0.0001215 0 0 0 0 0 0 0 0 0 0 0 0 0 0 0 
1 0.499576 0.126532 0.008938 0.000121 5e-07 0 0 0 0 0 0 0 0 0 0 0 0 0 0 
1 0.50187 0.128268 0.009187 0.0001095 0 0 0 0 0 0 0 0 0 0 0 0 0 0 0 
1 0.499777 0.126472 0.0092505 0.0001015 1.5e-06 0 0 0 0 0 0 0 0 0 0 0 0 0 0 
1 0.499446 0.125904 0.008828 0.0001275 5e-07 0 0 0 0 0 0 0 0 0 0 0 0 0 0 
1 0.501199 0.127807 0.009094 9e-05 2e-06 0 0 0 0 0 0 0 0 0 0 0 0 0 0 
1 0.499566 0.126631 0.008883 0.000107 0 0 0 0 0 0 0 0 0 0 0 0 0 0 0 
1 0.49885 0.126291 0.008875 0.0001055 0 0 0 0 0 0 0 0 0 0 0 0 0 0 0 
1 0.498927 0.126145 0.008696 0.000103 1e-06 0 0 0 0 0 0 0 0 0 0 0 0 0 0 
1 0.499445 0.126257 0.0087795 9.3e-05 0 0 0 0 0 0 0 0 0 0 0 0 0 0 0 
1 0.500014 0.126786 0.0091015 0.000104 0 0 0 0 0 0 0 0 0 0 0 0 0 0 0 
1 0.498551 0.125004 0.00857 6.55e-05 0 0 0 0 0 0 0 0 0 0 0 0 0 0 0 
1 0.499142 0.126261 0.0088375 8.05e-05 0 0 0 0 0 0 0 0 0 0 0 0 0 0 0 
1 0.500536 0.127453 0.00906 8.65e-05 3e-06 0 0 0 0 0 0 0 0 0 0 0 0 0 0 
1 0.500411 0.126575 0.008848 0.000103 1.5e-06 0 0 0 0 0 0 0 0 0 0 0 0 0 0 
1 0.499693 0.126873 0.0091295 9.8e-05 0 0 0 0 0 0 0 0 0 0 0 0 0 0 0 
1 0.500293 0.127557 0.0091265 9.5e-05 2e-06 0 0 0 0 0 0 0 0 0 0 0 0 0 0 
1 0.499514 0.126685 0.0089995 0.0001275 5e-07 0 0 0 0 0 0 0 0 0 0 0 0 0 0 
1 0.499538 0.126984 0.0090925 0.000105 5e-07 0 0 0 0 0 0 0 0 0 0 0 0 0 0 
1 0.498391 0.125787 0.008802 0.0001 0 0 0 0 0 0 0 0 0 0 0 0 0 0 0 
1 0.500336 0.126469 0.008741 8.2e-05 0 0 0 0 0 0 0 0 0 0 0 0 0 0 0 
1 0.500153 0.127204 0.009205 0.000128 0 0 0 0 0 0 0 0 0 0 0 0 0 0 0 
1 0.501194 0.127309 0.008979 0.000104 0 0 0 0 0 0 0 0 0 0 0 0 0 0 0 
1 0.499664 0.126526 0.008803 0.0001115 2e-06 0 0 0 0 0 0 0 0 0 0 0 0 0 0 
1 0.500786 0.127126 0.008928 8.15e-05 0 0 0 0 0 0 0 0 0 0 0 0 0 0 0 
1 0.500663 0.128086 0.0089675 9.8e-05 0 0 0 0 0 0 0 0 0 0 0 0 0 0 0 
1 0.501467 0.126707 0.0088865 0.000103 1.5e-06 0 0 0 0 0 0 0 0 0 0 0 0 0 0 
1 0.498655 0.125499 0.008773 7.6e-05 0 0 0 0 0 0 0 0 0 0 0 0 0 0 0 
1 0.500141 0.126952 0.0091145 9.05e-05 0 0 0 0 0 0 0 0 0 0 0 0 0 0 0 
1 0.499395 0.125824 0.0088275 8.55e-05 0 0 0 0 0 0 0 0 0 0 0 0 0 0 0 
1 0.500639 0.127129 0.0089915 9.7e-05 0 0 0 0 0 0 0 0 0 0 0 0 0 0 0 
1 0.497973 0.126024 0.0087675 9.65e-05 0 0 0 0 0 0 0 0 0 0 0 0 0 0 0 
1 0.50084 0.126569 0.008735 0.0001005 0 0 0 0 0 0 0 0 0 0 0 0 0 0 0 
1 0.501686 0.127294 0.0089015 9.95e-05 0 0 0 0 0 0 0 0 0 0 0 0 0 0 0 
1 0.49994 0.126169 0.0089395 0.0001 0 0 0 0 0 0 0 0 0 0 0 0 0 0 0 
1 0.498901 0.126253 0.008966 9.15e-05 1e-06 0 0 0 0 0 0 0 0 0 0 0 0 0 0 
1 0.498762 0.125657 0.0087075 0.0001105 2.5e-06 0 0 0 0 0 0 0 0 0 0 0 0 0 0 
1 0.500872 0.127676 0.0091425 9.45e-05 0 0 0 0 0 0 0 0 0 0 0 0 0 0 0 
1 0.499559 0.126579 0.009122 0.000149 5e-07 0 0 0 0 0 0 0 0 0 0 0 0 0 0 
1 0.501714 0.128516 0.0092925 0.000118 1e-06 0 0 0 0 0 0 0 0 0 0 0 0 0 0 
1 0.499143 0.126503 0.008906 9.6e-05 5e-07 0 0 0 0 0 0 0 0 0 0 0 0 0 0 
1 0.500824 0.127905 0.009246 0.0001245 0 0 0 0 0 0 0 0 0 0 0 0 0 0 0 
1 0.50032 0.127411 0.009 0.0001125 5e-07 0 0 0 0 0 0 0 0 0 0 0 0 0 0 
1 0.500001 0.126552 0.0088075 7.75e-05 0 0 0 0 0 0 0 0 0 0 0 0 0 0 0 
1 0.499937 0.127156 0.009035 9.1e-05 0 0 0 0 0 0 0 0 0 0 0 0 0 0 0 
1 0.500754 0.127542 0.0090785 8.2e-05 1e-06 0 0 0 0 0 0 0 0 0 0 0 0 0 0 
1 0.499403 0.126744 0.0090535 0.0001085 5e-07 0 0 0 0 0 0 0 0 0 0 0 0 0 0 
1 0.500252 0.127096 0.008885 8.95e-05 1e-06 0 0 0 0 0 0 0 0 0 0 0 0 0 0 
1 0.499717 0.126413 0.00899 9.8e-05 0 0 0 0 0 0 0 0 0 0 0 0 0 0 0 
1 0.49887 0.126071 0.0089285 9.75e-05 0 0 0 0 0 0 0 0 0 0 0 0 0 0 0 
1 0.499878 0.126479 0.0089625 0.000103 1.5e-06 0 0 0 0 0 0 0 0 0 0 0 0 0 0 
1 0.500884 0.127453 0.0091145 8.95e-05 0 0 0 0 0 0 0 0 0 0 0 0 0 0 0 
1 0.499937 0.126935 0.0090675 0.0001135 5e-07 0 0 0 0 0 0 0 0 0 0 0 0 0 0 
1 0.499386 0.125858 0.008886 0.0001045 1e-06 0 0 0 0 0 0 0 0 0 0 0 0 0 0 
1 0.500691 0.126225 0.0088255 9.5e-05 0 0 0 0 0 0 0 0 0 0 0 0 0 0 0 
1 0.498976 0.12653 0.0091035 9e-05 0 0 0 0 0 0 0 0 0 0 0 0 0 0 0 
1 0.499732 0.126377 0.008892 0.0001 5e-07 0 0 0 0 0 0 0 0 0 0 0 0 0 0 
1 0.500624 0.12742 0.0090275 0.000106 0 0 0 0 0 0 0 0 0 0 0 0 0 0 0 
1 0.499911 0.126887 0.009035 0.0001015 2.5e-06 0 0 0 0 0 0 0 0 0 0 0 0 0 0 
1 0.501109 0.127427 0.008924 6.1e-05 0 0 0 0 0 0 0 0 0 0 0 0 0 0 0 
1 0.501071 0.126933 0.0090245 9.1e-05 0 0 0 0 0 0 0 0 0 0 0 0 0 0 0 
1 0.500744 0.127128 0.009014 9.25e-05 0 0 0 0 0 0 0 0 0 0 0 0 0 0 0 
1 0.501074 0.127349 0.008903 8.95e-05 2.5e-06 0 0 0 0 0 0 0 0 0 0 0 0 0 0 
1 0.497514 0.124299 0.0084805 8.35e-05 2e-06 0 0 0 0 0 0 0 0 0 0 0 0 0 0 
1 0.500367 0.126713 0.008858 9.1e-05 0 0 0 0 0 0 0 0 0 0 0 0 0 0 0 
1 0.499692 0.126968 0.009054 8.65e-05 0 0 0 0 0 0 0 0 0 0 0 0 0 0 0 
1 0.500937 0.127221 0.008939 9.25e-05 0 0 0 0 0 0 0 0 0 0 0 0 0 0 0 
1 0.500719 0.126421 0.0087295 7.05e-05 0 0 0 0 0 0 0 0 0 0 0 0 0 0 0 
1 0.5008 0.127731 0.009306 0.0001175 0 0 0 0 0 0 0 0 0 0 0 0 0 0 0 
1 0.499588 0.125721 0.008711 8.9e-05 0 0 0 0 0 0 0 0 0 0 0 0 0 0 0 
1 0.50057 0.127302 0.0091425 0.0001095 0 0 0 0 0 0 0 0 0 0 0 0 0 0 0 
1 0.501588 0.127802 0.009014 0.000107 0 0 0 0 0 0 0 0 0 0 0 0 0 0 0 
1 0.498721 0.124754 0.0086285 7.7e-05 0 0 0 0 0 0 0 0 0 0 0 0 0 0 0 
1 0.501358 0.126852 0.009076 8.9e-05 0 0 0 0 0 0 0 0 0 0 0 0 0 0 0 
1 0.499579 0.125828 0.008903 9.45e-05 0 0 0 0 0 0 0 0 0 0 0 0 0 0 0 
1 0.499905 0.126688 0.009072 9.2e-05 0 0 0 0 0 0 0 0 0 0 0 0 0 0 0 
1 0.500306 0.127438 0.0091285 9.8e-05 0 0 0 0 0 0 0 0 0 0 0 0 0 0 0 
1 0.499909 0.126372 0.0090865 0.000101 0 0 0 0 0 0 0 0 0 0 0 0 0 0 0 
1 0.501931 0.128246 0.0094255 0.0001315 5e-07 0 0 0 0 0 0 0 0 0 0 0 0 0 0 
1 0.50104 0.12763 0.009044 0.0001075 0 0 0 0 0 0 0 0 0 0 0 0 0 0 0 
1 0.500642 0.127154 0.008911 9.45e-05 5e-07 0 0 0 0 0 0 0 0 0 0 0 0 0 0 
1 0.501044 0.127065 0.009175 9.9e-05 1e-06 0 0 0 0 0 0 0 0 0 0 0 0 0 0 
1 0.50026 0.126078 0.0087325 9.4e-05 0 0 0 0 0 0 0 0 0 0 0 0 0 0 0 
1 0.5012 0.127214 0.008843 9.6e-05 0 0 0 0 0 0 0 0 0 0 0 0 0 0 0 
1 0.499505 0.126346 0.0090615 8.9e-05 0 0 0 0 0 0 0 0 0 0 0 0 0 0 0 
1 0.500647 0.126942 0.0089735 0.0001215 1.5e-06 0 0 0 0 0 0 0 0 0 0 0 0 0 0 
1 0.501533 0.127675 0.0089455 9.3e-05 0 0 0 0 0 0 0 0 0 0 0 0 0 0 0 
1 0.500418 0.126915 0.009032 0.000107 5e-07 0 0 0 0 0 0 0 0 0 0 0 0 0 0 
1 0.500136 0.126843 0.008998 0.0001165 5e-07 0 0 0 0 0 0 0 0 0 0 0 0 0 0 
1 0.499728 0.126616 0.0088495 0.000101 0 0 0 0 0 0 0 0 0 0 0 0 0 0 0 
1 0.501045 0.128325 0.00931 0.0001 5e-07 0 0 0 0 0 0 0 0 0 0 0 0 0 0 
1 0.49904 0.126229 0.008739 9.35e-05 0 0 0 0 0 0 0 0 0 0 0 0 0 0 0 
1 0.499257 0.126488 0.0089215 0.000113 0 0 0 0 0 0 0 0 0 0 0 0 0 0 0 
1 0.501146 0.126722 0.0091425 0.0001185 3e-06 0 0 0 0 0 0 0 0 0 0 0 0 0 0 
1 0.498049 0.125076 0.008653 0.000101 0 0 0 0 0 0 0 0 0 0 0 0 0 0 0 
1 0.499147 0.1265 0.0088615 8.35e-05 0 0 0 0 0 0 0 0 0 0 0 0 0 0 0 
1 0.49994 0.126643 0.008813 8.15e-05 0 0 0 0 0 0 0 0 0 0 0 0 0 0 0 
1 0.500086 0.126267 0.0088635 0.0001005 1e-06 0 0 0 0 0 0 0 0 0 0 0 0 0 0 
1 0.498279 0.12583 0.0086985 0.000105 0 0 0 0 0 0 0 0 0 0 0 0 0 0 0 
1 0.499503 0.12614 0.008932 0.00011 1.5e-06 0 0 0 0 0 0 0 0 0 0 0 0 0 0 
1 0.49834 0.124827 0.0088945 9.15e-05 0 0 0 0 0 0 0 0 0 0 0 0 0 0 0 
1 0.499213 0.125736 0.0087685 7.95e-05 5e-07 0 0 0 0 0 0 0 0 0 0 0 0 0 0 
1 0.500406 0.127253 0.009154 0.0001015 5e-07 0 0 0 0 0 0 0 0 0 0 0 0 0 0 
1 0.498998 0.125763 0.008976 9.65e-05 0 0 0 0 0 0 0 0 0 0 0 0 0 0 0 
1 0.50069 0.127446 0.00906 9.9e-05 5e-07 0 0 0 0 0 0 0 0 0 0 0 0 0 0 
1 0.499899 0.126998 0.009289 9.95e-05 0 0 0 0 0 0 0 0 0 0 0 0 0 0 0 
1 0.499725 0.127094 0.009106 0.0001215 5e-07 0 0 0 0 0 0 0 0 0 0 0 0 0 0 
1 0.500348 0.126724 0.0088715 0.000108 0 0 0 0 0 0 0 0 0 0 0 0 0 0 0 
1 0.49972 0.126929 0.0089985 0.000121 0 0 0 0 0 0 0 0 0 0 0 0 0 0 0 
1 0.4998 0.127103 0.0091535 0.000108 1.5e-06 0 0 0 0 0 0 0 0 0 0 0 0 0 0 
1 0.498239 0.124516 0.008547 7.75e-05 0 0 0 0 0 0 0 0 0 0 0 0 0 0 0 
1 0.499599 0.126294 0.008858 0.0001145 1e-06 0 0 0 0 0 0 0 0 0 0 0 0 0 0 
1 0.499285 0.126744 0.00886 0.0001065 0 0 0 0 0 0 0 0 0 0 0 0 0 0 0 
1 0.500026 0.126728 0.008938 0.000106 5e-07 0 0 0 0 0 0 0 0 0 0 0 0 0 0 
1 0.498458 0.125806 0.0086765 9.15e-05 0 0 0 0 0 0 0 0 0 0 0 0 0 0 0 
1 0.499452 0.125877 0.0088605 8.5e-05 0 0 0 0 0 0 0 0 0 0 0 0 0 0 0 
1 0.501627 0.128343 0.009212 9.75e-05 0 0 0 0 0 0 0 0 0 0 0 0 0 0 0 
1 0.500133 0.126023 0.008966 9.7e-05 0 0 0 0 0 0 0 0 0 0 0 0 0 0 0 
1 0.499796 0.126825 0.0090315 9.25e-05 0 0 0 0 0 0 0 0 0 0 0 0 0 0 0 
1 0.500212 0.126766 0.009038 8.35e-05 0 0 0 0 0 0 0 0 0 0 0 0 0 0 0 
1 0.498481 0.125735 0.0089225 0.0001045 0 0 0 0 0 0 0 0 0 0 0 0 0 0 0 
1 0.498879 0.12577 0.0089995 9.5e-05 2e-06 0 0 0 0 0 0 0 0 0 0 0 0 0 0 
1 0.499009 0.126141 0.008806 9.7e-05 0 0 0 0 0 0 0 0 0 0 0 0 0 0 0 
1 0.499581 0.126156 0.0089435 0.000107 2e-06 0 0 0 0 0 0 0 0 0 0 0 0 0 0 
1 0.499034 0.126111 0.008806 6.55e-05 0 0 0 0 0 0 0 0 0 0 0 0 0 0 0 
1 0.501042 0.127131 0.0086365 0.0001055 0 0 0 0 0 0 0 0 0 0 0 0 0 0 0 
1 0.499408 0.125564 0.008858 0.0001055 0 0 0 0 0 0 0 0 0 0 0 0 0 0 0 
1 0.499486 0.125742 0.008998 0.0001015 0 0 0 0 0 0 0 0 0 0 0 0 0 0 0 
1 0.500509 0.126618 0.0089925 9.7e-05 0 0 0 0 0 0 0 0 0 0 0 0 0 0 0 
1 0.500528 0.126566 0.0087585 7.5e-05 0 0 0 0 0 0 0 0 0 0 0 0 0 0 0 
1 0.500755 0.127319 0.00915 0.000107 0 0 0 0 0 0 0 0 0 0 0 0 0 0 0 
1 0.501045 0.126847 0.0089945 7.8e-05 1e-06 0 0 0 0 0 0 0 0 0 0 0 0 0 0 
1 0.499644 0.126931 0.0090885 0.0001075 1.5e-06 0 0 0 0 0 0 0 0 0 0 0 0 0 0 
1 0.499081 0.126402 0.0086985 9.35e-05 0 0 0 0 0 0 0 0 0 0 0 0 0 0 0 
1 0.497974 0.125243 0.0087175 8.65e-05 0 0 0 0 0 0 0 0 0 0 0 0 0 0 0 
1 0.500695 0.127385 0.009048 8.05e-05 0 0 0 0 0 0 0 0 0 0 0 0 0 0 0 
1 0.500162 0.126625 0.0090045 9.65e-05 0 0 0 0 0 0 0 0 0 0 0 0 0 0 0 
1 0.500234 0.127425 0.009056 0.0001045 0 0 0 0 0 0 0 0 0 0 0 0 0 0 0 
1 0.499589 0.126009 0.0088395 0.0001045 0 0 0 0 0 0 0 0 0 0 0 0 0 0 0 
1 0.499222 0.125842 0.008832 7.8e-05 0 0 0 0 0 0 0 0 0 0 0 0 0 0 0 
1 0.501735 0.127656 0.0091665 9.55e-05 5e-07 0 0 0 0 0 0 0 0 0 0 0 0 0 0 
1 0.499904 0.126603 0.008993 9.85e-05 0 0 0 0 0 0 0 0 0 0 0 0 0 0 0 
1 0.498914 0.125234 0.008678 0.0001095 1.5e-06 0 0 0 0 0 0 0 0 0 0 0 0 0 0 
1 0.499681 0.12581 0.0087455 0.0001025 1e-06 0 0 0 0 0 0 0 0 0 0 0 0 0 0 
1 0.499724 0.126006 0.0089795 9.45e-05 0 0 0 0 0 0 0 0 0 0 0 0 0 0 0 
1 0.499268 0.125059 0.008783 0.000112 5e-07 0 0 0 0 0 0 0 0 0 0 0 0 0 0 
1 0.500644 0.126887 0.0090045 0.000108 1e-06 0 0 0 0 0 0 0 0 0 0 0 0 0 0 
1 0.499383 0.126404 0.0091455 7.5e-05 0 0 0 0 0 0 0 0 0 0 0 0 0 0 0 
1 0.499155 0.125865 0.0088385 0.0001065 0 0 0 0 0 0 0 0 0 0 0 0 0 0 0 
1 0.499986 0.126991 0.009031 0.000107 2e-06 0 0 0 0 0 0 0 0 0 0 0 0 0 0 
1 0.50026 0.126475 0.008883 8.95e-05 0 0 0 0 0 0 0 0 0 0 0 0 0 0 0 
1 0.502013 0.128889 0.0093755 0.0001115 0 0 0 0 0 0 0 0 0 0 0 0 0 0 0 
1 0.500857 0.127268 0.0090585 0.0001 5e-07 0 0 0 0 0 0 0 0 0 0 0 0 0 0 
1 0.499821 0.127152 0.0091845 0.000104 0 0 0 0 0 0 0 0 0 0 0 0 0 0 0 
1 0.499767 0.126411 0.008907 0.000123 0 0 0 0 0 0 0 0 0 0 0 0 0 0 0 
1 0.500616 0.126969 0.0088505 8.8e-05 5e-07 0 0 0 0 0 0 0 0 0 0 0 0 0 0 
1 0.498342 0.125905 0.0088225 0.0001055 0 0 0 0 0 0 0 0 0 0 0 0 0 0 0 
1 0.500357 0.127135 0.009145 8.75e-05 0 0 0 0 0 0 0 0 0 0 0 0 0 0 0 
1 0.500648 0.127289 0.0088325 7.25e-05 0 0 0 0 0 0 0 0 0 0 0 0 0 0 0 
1 0.500595 0.126772 0.0089285 0.0001095 0 0 0 0 0 0 0 0 0 0 0 0 0 0 0 
1 0.500704 0.127512 0.0091305 0.0001115 0 0 0 0 0 0 0 0 0 0 0 0 0 0 0 
1 0.498947 0.124985 0.008742 0.0001035 0 0 0 0 0 0 0 0 0 0 0 0 0 0 0 
1 0.499853 0.125977 0.008778 0.0001035 0 0 0 0 0 0 0 0 0 0 0 0 0 0 0 
1 0.498923 0.126537 0.008961 9.4e-05 5e-07 0 0 0 0 0 0 0 0 0 0 0 0 0 0 
1 0.499776 0.126289 0.0088165 0.000105 0 0 0 0 0 0 0 0 0 0 0 0 0 0 0 
1 0.502831 0.128879 0.009222 9.5e-05 0 0 0 0 0 0 0 0 0 0 0 0 0 0 0 
1 0.500064 0.12708 0.0088935 0.0001055 5e-07 0 0 0 0 0 0 0 0 0 0 0 0 0 0 
1 0.499861 0.126649 0.0087945 9.7e-05 5e-07 0 0 0 0 0 0 0 0 0 0 0 0 0 0 
1 0.498705 0.125746 0.0087245 9.9e-05 2.5e-06 0 0 0 0 0 0 0 0 0 0 0 0 0 0 
1 0.500769 0.126835 0.0090505 0.0001015 5e-07 0 0 0 0 0 0 0 0 0 0 0 0 0 0 
1 0.500754 0.127106 0.008868 9.65e-05 0 0 0 0 0 0 0 0 0 0 0 0 0 0 0 
1 0.499994 0.126786 0.008899 9.55e-05 0 0 0 0 0 0 0 0 0 0 0 0 0 0 0 
1 0.499625 0.126552 0.0089765 0.0001125 0 0 0 0 0 0 0 0 0 0 0 0 0 0 0 
1 0.49999 0.126502 0.008759 0.0001025 1e-06 0 0 0 0 0 0 0 0 0 0 0 0 0 0 
1 0.499249 0.126011 0.00887 9.2e-05 0 0 0 0 0 0 0 0 0 0 0 0 0 0 0 
