1 0.700193 0.345071 0.08651 0.006465 0.0001025 0 0 0 0 0 0 0 0 0 0 0 0 0 0 
1 0.700013 0.344935 0.086721 0.00646 0.000103 5e-07 0 0 0 0 0 0 0 0 0 0 0 0 0 
1 0.69876 0.344376 0.086179 0.0063775 0.000111 1.5e-06 0 0 0 0 0 0 0 0 0 0 0 0 0 
1 0.700128 0.34529 0.0872255 0.0067955 0.0001275 2e-06 0 0 0 0 0 0 0 0 0 0 0 0 0 
1 0.699329 0.345163 0.0867095 0.006464 9.45e-05 1e-06 0 0 0 0 0 0 0 0 0 0 0 0 0 
1 0.699999 0.345833 0.087695 0.00677 0.000108 5e-07 0 0 0 0 0 0 0 0 0 0 0 0 0 
1 0.700492 0.346436 0.087628 0.0065795 9.65e-05 0 0 0 0 0 0 0 0 0 0 0 0 0 0 
1 0.701558 0.347715 0.0882155 0.0067855 0.0001115 0 0 0 0 0 0 0 0 0 0 0 0 0 0 
1 0.700862 0.346789 0.087792 0.0069405 0.000122 5e-07 0 0 0 0 0 0 0 0 0 0 0 0 0 
1 0.698972 0.343613 0.086883 0.006591 0.000122 0 0 0 0 0 0 0 0 0 0 0 0 0 0 
1 0.699803 0.344688 0.086517 0.006456 0.0001015 0 0 0 0 0 0 0 0 0 0 0 0 0 0 
1 0.700046 0.344868 0.0862715 0.006492 0.0001035 2e-06 0 0 0 0 0 0 0 0 0 0 0 0 0 
1 0.697782 0.341603 0.084519 0.006166 8.25e-05 0 0 0 0 0 0 0 0 0 0 0 0 0 0 
1 0.700953 0.346037 0.087323 0.0065955 9.05e-05 4e-06 0 0 0 0 0 0 0 0 0 0 0 0 0 
1 0.700676 0.346226 0.0875805 0.006594 8.45e-05 0 0 0 0 0 0 0 0 0 0 0 0 0 0 
1 0.70185 0.347207 0.0879 0.0066735 0.0001005 2.5e-06 0 0 0 0 0 0 0 0 0 0 0 0 0 
1 0.698213 0.343385 0.085884 0.0064005 8.55e-05 5e-07 0 0 0 0 0 0 0 0 0 0 0 0 0 
1 0.700584 0.345932 0.087361 0.0067865 9.55e-05 0 0 0 0 0 0 0 0 0 0 0 0 0 0 
1 0.699162 0.343192 0.084831 0.006438 9.3e-05 1e-06 0 0 0 0 0 0 0 0 0 0 0 0 0 
1 0.701365 0.346966 0.087926 0.0067085 0.000103 0 0 0 0 0 0 0 0 0 0 0 0 0 0 
1 0.700762 0.344686 0.08616 0.006431 0.0001075 5e-07 0 0 0 0 0 0 0 0 0 0 0 0 0 
1 0.699648 0.34457 0.0862875 0.0065035 9.9e-05 5e-07 0 0 0 0 0 0 0 0 0 0 0 0 0 
1 0.699073 0.343996 0.0860155 0.0064305 7.15e-05 0 0 0 0 0 0 0 0 0 0 0 0 0 0 
1 0.700024 0.34514 0.0870325 0.006619 9.3e-05 1.5e-06 0 0 0 0 0 0 0 0 0 0 0 0 0 
1 0.699395 0.343965 0.0857115 0.0062165 8.45e-05 1.5e-06 0 0 0 0 0 0 0 0 0 0 0 0 0 
1 0.701831 0.348317 0.0881685 0.006694 9.15e-05 5e-07 0 0 0 0 0 0 0 0 0 0 0 0 0 
1 0.698128 0.343034 0.0859215 0.006337 9.6e-05 0 0 0 0 0 0 0 0 0 0 0 0 0 0 
1 0.700244 0.34565 0.087088 0.006565 9.65e-05 0 0 0 0 0 0 0 0 0 0 0 0 0 0 
1 0.701767 0.348559 0.088586 0.0067055 7.85e-05 0 0 0 0 0 0 0 0 0 0 0 0 0 0 
1 0.698576 0.343642 0.085285 0.00638 0.000133 0 0 0 0 0 0 0 0 0 0 0 0 0 0 
1 0.698208 0.341808 0.0850165 0.0061445 7.8e-05 0 0 0 0 0 0 0 0 0 0 0 0 0 0 
1 0.699638 0.344316 0.0861435 0.00646 8.75e-05 2.5e-06 5e-07 0 0 0 0 0 0 0 0 0 0 0 0 
1 0.698903 0.34359 0.0859465 0.006437 0.000106 5e-07 0 0 0 0 0 0 0 0 0 0 0 0 0 
1 0.698361 0.342545 0.0853375 0.0062545 9.9e-05 2.5e-06 0 0 0 0 0 0 0 0 0 0 0 0 0 
1 0.698814 0.342622 0.0850005 0.0061275 9.2e-05 0 0 0 0 0 0 0 0 0 0 0 0 0 0 
1 0.697671 0.34181 0.085124 0.0063585 7.35e-05 0 0 0 0 0 0 0 0 0 0 0 0 0 0 
1 0.700119 0.345296 0.086713 0.006613 8.1e-05 0 0 0 0 0 0 0 0 0 0 0 0 0 0 
1 0.699937 0.345214 0.0864365 0.0064015 8.4e-05 0 0 0 0 0 0 0 0 0 0 0 0 0 0 
1 0.70048 0.346079 0.0873075 0.0065955 7.2e-05 0 0 0 0 0 0 0 0 0 0 0 0 0 0 
1 0.700304 0.345277 0.086978 0.0067205 8.9e-05 0 0 0 0 0 0 0 0 0 0 0 0 0 0 
1 0.698641 0.343618 0.0857225 0.0062635 6.25e-05 0 0 0 0 0 0 0 0 0 0 0 0 0 0 
1 0.699673 0.344537 0.086378 0.006462 8.7e-05 0 0 0 0 0 0 0 0 0 0 0 0 0 0 
1 0.700523 0.346218 0.087187 0.006584 8.7e-05 5e-07 0 0 0 0 0 0 0 0 0 0 0 0 0 
1 0.698794 0.342404 0.0851465 0.006377 0.000101 1e-06 0 0 0 0 0 0 0 0 0 0 0 0 0 
1 0.698064 0.342569 0.0849945 0.0062385 9.55e-05 1.5e-06 0 0 0 0 0 0 0 0 0 0 0 0 0 
1 0.698558 0.343446 0.0856245 0.0061995 0.000105 1.5e-06 1e-06 0 0 0 0 0 0 0 0 0 0 0 0 
1 0.699551 0.344221 0.0858105 0.0065235 0.0001015 3.5e-06 0 0 0 0 0 0 0 0 0 0 0 0 0 
1 0.700053 0.345411 0.0869645 0.00675 0.0001005 1e-06 0 0 0 0 0 0 0 0 0 0 0 0 0 
1 0.699831 0.345865 0.0873945 0.006678 0.0001085 2e-06 0 0 0 0 0 0 0 0 0 0 0 0 0 
1 0.700389 0.345789 0.086986 0.006571 8.95e-05 4e-06 0 0 0 0 0 0 0 0 0 0 0 0 0 
1 0.700527 0.346239 0.0872585 0.0067665 0.000102 0 0 0 0 0 0 0 0 0 0 0 0 0 0 
1 0.700469 0.346266 0.0870095 0.006604 0.000106 0 0 0 0 0 0 0 0 0 0 0 0 0 0 
1 0.69961 0.344389 0.0862525 0.006474 8.55e-05 1.5e-06 0 0 0 0 0 0 0 0 0 0 0 0 0 
1 0.701189 0.347477 0.0880465 0.0068725 9.6e-05 0 0 0 0 0 0 0 0 0 0 0 0 0 0 
1 0.700188 0.345219 0.0868025 0.006566 9.2e-05 1.5e-06 0 0 0 0 0 0 0 0 0 0 0 0 0 
1 0.700333 0.345726 0.087572 0.006785 0.0001005 0 0 0 0 0 0 0 0 0 0 0 0 0 0 
1 0.700061 0.345447 0.0870415 0.006638 0.000123 0 0 0 0 0 0 0 0 0 0 0 0 0 0 
1 0.699337 0.343555 0.0860305 0.006319 8.7e-05 3e-06 0 0 0 0 0 0 0 0 0 0 0 0 0 
1 0.698826 0.342926 0.0851935 0.006309 9.9e-05 0 0 0 0 0 0 0 0 0 0 0 0 0 0 
1 0.699551 0.344872 0.0868505 0.006535 8.55e-05 5e-07 0 0 0 0 0 0 0 0 0 0 0 0 0 
1 0.699844 0.345095 0.0868815 0.0064615 8.35e-05 3e-06 0 0 0 0 0 0 0 0 0 0 0 0 0 
1 0.701037 0.346258 0.0871475 0.006634 8.8e-05 5e-07 0 0 0 0 0 0 0 0 0 0 0 0 0 
1 0.700063 0.343748 0.08617 0.006235 9.2e-05 5e-07 0 0 0 0 0 0 0 0 0 0 0 0 0 
1 0.700248 0.344531 0.0863075 0.006409 0.0001045 5e-06 0 0 0 0 0 0 0 0 0 0 0 0 0 
1 0.701338 0.346674 0.0874545 0.006658 0.000104 0 0 0 0 0 0 0 0 0 0 0 0 0 0 
1 0.698924 0.343874 0.0853275 0.006293 8.25e-05 0 0 0 0 0 0 0 0 0 0 0 0 0 0 
1 0.700371 0.345645 0.0870715 0.0068225 9.45e-05 5e-07 0 0 0 0 0 0 0 0 0 0 0 0 0 
1 0.700643 0.346239 0.0880605 0.0069525 9.35e-05 6e-06 0 0 0 0 0 0 0 0 0 0 0 0 0 
1 0.701025 0.34665 0.087867 0.006602 0.0001 0 0 0 0 0 0 0 0 0 0 0 0 0 0 
1 0.698823 0.344509 0.0869605 0.006628 0.0001165 5e-07 0 0 0 0 0 0 0 0 0 0 0 0 0 
1 0.699167 0.344679 0.0873015 0.006482 0.0001125 5.5e-06 0 0 0 0 0 0 0 0 0 0 0 0 0 
1 0.699098 0.343023 0.085255 0.0064295 9.75e-05 5e-07 0 0 0 0 0 0 0 0 0 0 0 0 0 
1 0.699368 0.343372 0.085509 0.00642 9e-05 0 0 0 0 0 0 0 0 0 0 0 0 0 0 
1 0.700735 0.346364 0.087456 0.006631 9.55e-05 5e-07 0 0 0 0 0 0 0 0 0 0 0 0 0 
1 0.699559 0.34344 0.0857375 0.0063105 9.85e-05 0 0 0 0 0 0 0 0 0 0 0 0 0 0 
1 0.70048 0.34638 0.086872 0.0065765 8.05e-05 0 0 0 0 0 0 0 0 0 0 0 0 0 0 
1 0.699883 0.344774 0.0864945 0.006466 0.000113 0 0 0 0 0 0 0 0 0 0 0 0 0 0 
1 0.700509 0.345336 0.086528 0.0063135 0.0001 5e-07 0 0 0 0 0 0 0 0 0 0 0 0 0 
1 0.700455 0.345107 0.086908 0.0065425 9.8e-05 0 0 0 0 0 0 0 0 0 0 0 0 0 0 
1 0.701396 0.3476 0.08814 0.0066185 0.0001095 1e-06 0 0 0 0 0 0 0 0 0 0 0 0 0 
1 0.700809 0.345208 0.0864835 0.006621 0.000119 0 0 0 0 0 0 0 0 0 0 0 0 0 0 
1 0.699971 0.345164 0.0870185 0.006615 9.7e-05 0 0 0 0 0 0 0 0 0 0 0 0 0 0 
1 0.700409 0.345501 0.0872305 0.006619 0.000125 0 0 0 0 0 0 0 0 0 0 0 0 0 0 
1 0.700522 0.346174 0.0880125 0.006928 0.0001205 0 0 0 0 0 0 0 0 0 0 0 0 0 0 
1 0.70032 0.34574 0.0867945 0.006458 8.95e-05 0 0 0 0 0 0 0 0 0 0 0 0 0 0 
1 0.699555 0.344224 0.085223 0.00625 8.2e-05 1.5e-06 0 0 0 0 0 0 0 0 0 0 0 0 0 
1 0.70044 0.34619 0.087534 0.0067085 0.0001025 3.5e-06 0 0 0 0 0 0 0 0 0 0 0 0 0 
1 0.702326 0.34764 0.0885705 0.006813 0.0001105 1.5e-06 0 0 0 0 0 0 0 0 0 0 0 0 0 
1 0.700981 0.347008 0.087683 0.006642 0.000101 1.5e-06 0 0 0 0 0 0 0 0 0 0 0 0 0 
1 0.69939 0.344166 0.086364 0.0062425 8.4e-05 5e-07 0 0 0 0 0 0 0 0 0 0 0 0 0 
1 0.699815 0.345293 0.0871025 0.006452 0.000106 5e-07 0 0 0 0 0 0 0 0 0 0 0 0 0 
1 0.701185 0.346298 0.0879515 0.006879 0.000108 1e-06 0 0 0 0 0 0 0 0 0 0 0 0 0 
1 0.699433 0.344685 0.086171 0.006452 9.85e-05 2e-06 0 0 0 0 0 0 0 0 0 0 0 0 0 
1 0.699447 0.343231 0.0859075 0.006425 9.2e-05 0 0 0 0 0 0 0 0 0 0 0 0 0 0 
1 0.699678 0.345046 0.0867335 0.006468 8.3e-05 0 0 0 0 0 0 0 0 0 0 0 0 0 0 
1 0.699935 0.345334 0.0867065 0.0064225 8.85e-05 0 0 0 0 0 0 0 0 0 0 0 0 0 0 
1 0.700909 0.346652 0.087739 0.0065455 9.3e-05 0 0 0 0 0 0 0 0 0 0 0 0 0 0 
1 0.701579 0.347002 0.088541 0.007011 0.0001045 1.5e-06 0 0 0 0 0 0 0 0 0 0 0 0 0 
1 0.700115 0.344598 0.0869865 0.006598 7.9e-05 1.5e-06 0 0 0 0 0 0 0 0 0 0 0 0 0 
1 0.700281 0.346167 0.087253 0.006473 6.4e-05 5.5e-06 0 0 0 0 0 0 0 0 0 0 0 0 0 
1 0.701685 0.347792 0.0880525 0.0066785 0.000116 0 0 0 0 0 0 0 0 0 0 0 0 0 0 
1 0.701349 0.34741 0.088528 0.0068065 0.0001135 0 0 0 0 0 0 0 0 0 0 0 0 0 0 
1 0.700945 0.34578 0.087184 0.0066615 0.000129 3e-06 0 0 0 0 0 0 0 0 0 0 0 0 0 
1 0.700864 0.345512 0.0870085 0.0064265 0.000144 1.5e-06 0 0 0 0 0 0 0 0 0 0 0 0 0 
1 0.699597 0.343425 0.08572 0.006113 0.0001055 0 0 0 0 0 0 0 0 0 0 0 0 0 0 
1 0.701982 0.347998 0.088003 0.0066895 0.0001025 1e-06 0 0 0 0 0 0 0 0 0 0 0 0 0 
1 0.699037 0.343142 0.0856175 0.0064695 0.0001005 5e-07 0 0 0 0 0 0 0 0 0 0 0 0 0 
1 0.700562 0.345693 0.0871785 0.0067655 6.85e-05 0 0 0 0 0 0 0 0 0 0 0 0 0 0 
1 0.700387 0.345839 0.0875075 0.0067005 0.0001255 3.5e-06 0 0 0 0 0 0 0 0 0 0 0 0 0 
1 0.698673 0.343487 0.0860055 0.006429 9.8e-05 5e-07 0 0 0 0 0 0 0 0 0 0 0 0 0 
1 0.699307 0.344304 0.0857805 0.006455 0.000103 5e-07 0 0 0 0 0 0 0 0 0 0 0 0 0 
1 0.700256 0.34558 0.086543 0.006614 8.25e-05 1.5e-06 0 0 0 0 0 0 0 0 0 0 0 0 0 
1 0.699884 0.345383 0.0869435 0.006647 9.9e-05 0 0 0 0 0 0 0 0 0 0 0 0 0 0 
1 0.702217 0.34783 0.0875545 0.0066285 0.0001 0 0 0 0 0 0 0 0 0 0 0 0 0 0 
1 0.69751 0.341669 0.0844445 0.0063625 7.7e-05 0 0 0 0 0 0 0 0 0 0 0 0 0 0 
1 0.701613 0.346582 0.08708 0.0066655 0.00011 0 0 0 0 0 0 0 0 0 0 0 0 0 0 
1 0.701088 0.346352 0.087198 0.006583 0.00011 1e-06 0 0 0 0 0 0 0 0 0 0 0 0 0 
1 0.699574 0.344895 0.086943 0.0065915 0.000109 0 0 0 0 0 0 0 0 0 0 0 0 0 0 
1 0.700915 0.346931 0.0882995 0.0067995 0.000103 1.5e-06 0 0 0 0 0 0 0 0 0 0 0 0 0 
1 0.699951 0.345668 0.0869285 0.006559 0.00012 5e-07 0 0 0 0 0 0 0 0 0 0 0 0 0 
1 0.699344 0.344707 0.0866625 0.0064875 8.5e-05 0 0 0 0 0 0 0 0 0 0 0 0 0 0 
1 0.699354 0.343737 0.0859325 0.006317 8.3e-05 1e-06 0 0 0 0 0 0 0 0 0 0 0 0 0 
1 0.700008 0.345621 0.087405 0.0067925 9.2e-05 2e-06 0 0 0 0 0 0 0 0 0 0 0 0 0 
1 0.701124 0.347902 0.0886265 0.0067395 0.0001065 2.5e-06 0 0 0 0 0 0 0 0 0 0 0 0 0 
1 0.699908 0.344111 0.0864355 0.0064655 7.55e-05 0 0 0 0 0 0 0 0 0 0 0 0 0 0 
1 0.700313 0.345784 0.0873445 0.006697 8.1e-05 0 0 0 0 0 0 0 0 0 0 0 0 0 0 
1 0.700627 0.346571 0.08733 0.0066265 0.000114 0 0 0 0 0 0 0 0 0 0 0 0 0 0 
1 0.700164 0.345514 0.0871685 0.0066415 8.05e-05 0 0 0 0 0 0 0 0 0 0 0 0 0 0 
1 0.699218 0.345035 0.087179 0.006422 9.35e-05 0 0 0 0 0 0 0 0 0 0 0 0 0 0 
1 0.69929 0.345474 0.086836 0.0067615 0.0001205 1e-06 0 0 0 0 0 0 0 0 0 0 0 0 0 
1 0.699713 0.345221 0.087881 0.006655 0.000109 1.5e-06 0 0 0 0 0 0 0 0 0 0 0 0 0 
1 0.701813 0.348896 0.0894305 0.0069675 0.0001305 0 0 0 0 0 0 0 0 0 0 0 0 0 0 
1 0.700851 0.346493 0.0873275 0.006628 0.00011 0 0 0 0 0 0 0 0 0 0 0 0 0 0 
1 0.701596 0.347544 0.0883935 0.006788 0.0001185 2.5e-06 0 0 0 0 0 0 0 0 0 0 0 0 0 
1 0.699182 0.345094 0.086811 0.006539 0.0001255 0 0 0 0 0 0 0 0 0 0 0 0 0 0 
1 0.699582 0.344696 0.0862585 0.006335 8.3e-05 5e-07 0 0 0 0 0 0 0 0 0 0 0 0 0 
1 0.699163 0.344552 0.0867575 0.006504 8.8e-05 0 0 0 0 0 0 0 0 0 0 0 0 0 0 
1 0.699599 0.343593 0.0860645 0.006486 0.0001055 0 0 0 0 0 0 0 0 0 0 0 0 0 0 
1 0.699885 0.344762 0.086945 0.0066875 9.95e-05 0 0 0 0 0 0 0 0 0 0 0 0 0 0 
1 0.700439 0.345173 0.0866305 0.006694 0.000108 1.5e-06 0 0 0 0 0 0 0 0 0 0 0 0 0 
1 0.700442 0.34562 0.0871285 0.0066195 9.3e-05 1e-06 0 0 0 0 0 0 0 0 0 0 0 0 0 
1 0.699042 0.343861 0.0861925 0.006333 9.5e-05 5e-07 0 0 0 0 0 0 0 0 0 0 0 0 0 
1 0.698758 0.343429 0.085724 0.006432 9.3e-05 5e-07 0 0 0 0 0 0 0 0 0 0 0 0 0 
1 0.69876 0.343272 0.08631 0.006552 0.000105 0 0 0 0 0 0 0 0 0 0 0 0 0 0 
1 0.69992 0.345624 0.087234 0.0067155 9.2e-05 0 0 0 0 0 0 0 0 0 0 0 0 0 0 
1 0.700185 0.344728 0.0859545 0.006396 0.00012 0 0 0 0 0 0 0 0 0 0 0 0 0 0 
1 0.701028 0.34598 0.087844 0.0067785 0.000115 1e-06 0 0 0 0 0 0 0 0 0 0 0 0 0 
1 0.700204 0.345243 0.086952 0.006489 0.000123 1.5e-06 0 0 0 0 0 0 0 0 0 0 0 0 0 
1 0.700489 0.345999 0.087012 0.006618 7.15e-05 0 0 0 0 0 0 0 0 0 0 0 0 0 0 
1 0.700026 0.345462 0.0868715 0.006471 8.95e-05 0 0 0 0 0 0 0 0 0 0 0 0 0 0 
1 0.699736 0.344715 0.086473 0.006416 0.0001025 0 0 0 0 0 0 0 0 0 0 0 0 0 0 
1 0.699568 0.344394 0.0865885 0.006534 0.000106 1e-06 0 0 0 0 0 0 0 0 0 0 0 0 0 
1 0.699929 0.344243 0.0857435 0.006257 8.7e-05 0 0 0 0 0 0 0 0 0 0 0 0 0 0 
1 0.698882 0.343594 0.0858995 0.006333 8.7e-05 0 0 0 0 0 0 0 0 0 0 0 0 0 0 
1 0.699853 0.345717 0.087127 0.0068165 0.000118 1.5e-06 0 0 0 0 0 0 0 0 0 0 0 0 0 
1 0.699011 0.344308 0.085532 0.00628 0.0001075 0 0 0 0 0 0 0 0 0 0 0 0 0 0 
1 0.698927 0.343385 0.086025 0.006678 0.0001055 0 0 0 0 0 0 0 0 0 0 0 0 0 0 
1 0.701559 0.346759 0.087566 0.0066245 9.25e-05 0 0 0 0 0 0 0 0 0 0 0 0 0 0 
1 0.701366 0.347749 0.0882645 0.0068335 9.75e-05 1.5e-06 0 0 0 0 0 0 0 0 0 0 0 0 0 
1 0.700953 0.347019 0.088748 0.006926 9.65e-05 1e-06 0 0 0 0 0 0 0 0 0 0 0 0 0 
1 0.699981 0.344931 0.086423 0.006406 0.000108 1e-06 0 0 0 0 0 0 0 0 0 0 0 0 0 
1 0.700204 0.346308 0.088042 0.007061 9.4e-05 1e-06 0 0 0 0 0 0 0 0 0 0 0 0 0 
1 0.699676 0.344247 0.0861775 0.0063925 8.2e-05 1.5e-06 0 0 0 0 0 0 0 0 0 0 0 0 0 
1 0.700877 0.346016 0.087118 0.0066035 0.0001095 5e-07 0 0 0 0 0 0 0 0 0 0 0 0 0 
1 0.699095 0.344474 0.0867325 0.006656 8.15e-05 0 0 0 0 0 0 0 0 0 0 0 0 0 0 
1 0.698899 0.344531 0.08701 0.006727 0.000101 0 0 0 0 0 0 0 0 0 0 0 0 0 0 
1 0.69923 0.34277 0.085159 0.0064095 9.65e-05 3.5e-06 0 0 0 0 0 0 0 0 0 0 0 0 0 
1 0.699775 0.345059 0.086869 0.0066035 9.85e-05 5e-07 0 0 0 0 0 0 0 0 0 0 0 0 0 
1 0.697844 0.342136 0.0847635 0.0062505 9.1e-05 1e-06 0 0 0 0 0 0 0 0 0 0 0 0 0 
1 0.698563 0.343829 0.085915 0.0063955 9.45e-05 0 0 0 0 0 0 0 0 0 0 0 0 0 0 
1 0.698185 0.34214 0.0845375 0.00612 9.3e-05 0 0 0 0 0 0 0 0 0 0 0 0 0 0 
1 0.70017 0.345609 0.087443 0.0067295 0.000111 1e-06 0 0 0 0 0 0 0 0 0 0 0 0 0 
1 0.70028 0.345166 0.086549 0.0067095 0.0001015 5e-07 0 0 0 0 0 0 0 0 0 0 0 0 0 
1 0.699263 0.343553 0.0854035 0.006243 8.25e-05 0 0 0 0 0 0 0 0 0 0 0 0 0 0 
1 0.699096 0.343039 0.0862445 0.0064285 6.6e-05 0 0 0 0 0 0 0 0 0 0 0 0 0 0 
1 0.699654 0.34376 0.0860495 0.006491 9.25e-05 0 0 0 0 0 0 0 0 0 0 0 0 0 0 
1 0.699745 0.345274 0.0873765 0.0068465 0.0001155 1.5e-06 0 0 0 0 0 0 0 0 0 0 0 0 0 
1 0.69963 0.344334 0.085568 0.0064325 8.7e-05 1.5e-06 0 0 0 0 0 0 0 0 0 0 0 0 0 
1 0.702249 0.348089 0.088945 0.006771 0.000116 1.5e-06 0 0 0 0 0 0 0 0 0 0 0 0 0 
1 0.700909 0.34693 0.0879085 0.0066575 9.85e-05 0 0 0 0 0 0 0 0 0 0 0 0 0 0 
1 0.700959 0.346586 0.0876205 0.006502 0.000106 0 0 0 0 0 0 0 0 0 0 0 0 0 0 
1 0.698999 0.34343 0.085501 0.006194 8.15e-05 0 0 0 0 0 0 0 0 0 0 0 0 0 0 
1 0.699361 0.343834 0.085597 0.006185 0.000114 0 0 0 0 0 0 0 0 0 0 0 0 0 0 
1 0.698164 0.341951 0.0842235 0.0060035 7.85e-05 0 0 0 0 0 0 0 0 0 0 0 0 0 0 
1 0.700882 0.34646 0.0873995 0.0064715 0.000107 5e-07 0 0 0 0 0 0 0 0 0 0 0 0 0 
1 0.698589 0.342688 0.08544 0.0063355 8.8e-05 0 0 0 0 0 0 0 0 0 0 0 0 0 0 
1 0.69921 0.344405 0.0862165 0.0063815 6.9e-05 0 0 0 0 0 0 0 0 0 0 0 0 0 0 
1 0.698942 0.343725 0.086434 0.0066235 0.000118 0 0 0 0 0 0 0 0 0 0 0 0 0 0 
1 0.698919 0.343443 0.085496 0.006324 8.6e-05 0 0 0 0 0 0 0 0 0 0 0 0 0 0 
1 0.699582 0.344162 0.0857355 0.0063435 9.6e-05 0 0 0 0 0 0 0 0 0 0 0 0 0 0 
1 0.698383 0.342043 0.084719 0.00632 8.7e-05 0 0 0 0 0 0 0 0 0 0 0 0 0 0 
1 0.700603 0.346706 0.0877965 0.006664 0.00012 5e-07 0 0 0 0 0 0 0 0 0 0 0 0 0 
1 0.699467 0.344322 0.08586 0.006239 9.25e-05 1e-06 0 0 0 0 0 0 0 0 0 0 0 0 0 
1 0.701718 0.347986 0.088319 0.006869 0.00011 0 0 0 0 0 0 0 0 0 0 0 0 0 0 
1 0.699622 0.34432 0.086576 0.00668 0.000101 0 0 0 0 0 0 0 0 0 0 0 0 0 0 
1 0.700858 0.346455 0.0880695 0.0067635 0.000106 1.5e-06 0 0 0 0 0 0 0 0 0 0 0 0 0 
1 0.699698 0.344132 0.0861735 0.006556 0.000109 1e-06 0 0 0 0 0 0 0 0 0 0 0 0 0 
1 0.701016 0.347207 0.0887875 0.0068915 9.3e-05 1e-06 0 0 0 0 0 0 0 0 0 0 0 0 0 
1 0.700879 0.347035 0.0881725 0.0066985 0.000107 1e-06 0 0 0 0 0 0 0 0 0 0 0 0 0 
1 0.699263 0.343414 0.085064 0.0063105 9.35e-05 0 0 0 0 0 0 0 0 0 0 0 0 0 0 
1 0.700131 0.345698 0.0871905 0.006634 0.0001175 0 0 0 0 0 0 0 0 0 0 0 0 0 0 
1 0.700301 0.345685 0.086859 0.0064925 0.0001055 2e-06 0 0 0 0 0 0 0 0 0 0 0 0 0 
1 0.700315 0.345826 0.087284 0.006742 0.0001145 0 0 0 0 0 0 0 0 0 0 0 0 0 0 
1 0.698859 0.343988 0.0863085 0.006579 0.0001 0 0 0 0 0 0 0 0 0 0 0 0 0 0 
1 0.699577 0.344745 0.0861735 0.0065615 6.75e-05 5e-07 0 0 0 0 0 0 0 0 0 0 0 0 0 
