1 0.847315 0.625705 0.378515 0.17648 0.06488 0.019315 0.00505 0.00115 0.00026 3e-05 5e-06 0 0 0 0 0 0 0 0 
1 0.85061 0.6296 0.37983 0.178775 0.06722 0.02099 0.005725 0.00146 0.000365 6e-05 5e-06 0 0 0 0 0 0 0 0 
1 0.851945 0.6344 0.388065 0.187025 0.07096 0.02221 0.00569 0.00134 0.00031 6.5e-05 1.5e-05 0 0 0 0 0 0 0 0 
1 0.85233 0.635315 0.38782 0.185435 0.07032 0.02206 0.005965 0.001375 0.000225 2.5e-05 0 0 0 0 0 0 0 0 0 
1 0.850545 0.633385 0.387095 0.18622 0.070795 0.02224 0.006265 0.00161 0.00041 0.00024 0.000155 7.5e-05 1e-05 0 0 0 0 0 0 
1 0.8479 0.625255 0.37457 0.174625 0.063625 0.01911 0.00504 0.00104 0.000155 2e-05 0 0 0 0 0 0 0 0 0 
1 0.851505 0.63228 0.384825 0.182405 0.069125 0.022265 0.005905 0.001345 0.00027 5e-05 1e-05 5e-06 0 0 0 0 0 0 0 
1 0.84973 0.630125 0.383645 0.184 0.070215 0.0218 0.005845 0.001355 0.00028 4e-05 5e-06 5e-06 0 0 0 0 0 0 0 
1 0.84879 0.629635 0.381915 0.182185 0.068585 0.02196 0.006615 0.00176 0.00038 6e-05 2e-05 0 0 0 0 0 0 0 0 
1 0.84964 0.62998 0.380275 0.17915 0.06617 0.020155 0.00536 0.001255 0.000215 4.5e-05 5e-06 0 0 0 0 0 0 0 0 
1 0.850975 0.630695 0.38112 0.18274 0.06892 0.021045 0.00546 0.00129 0.000235 4e-05 5e-06 0 0 0 0 0 0 0 0 
1 0.84871 0.627445 0.379845 0.17939 0.06755 0.021365 0.006 0.00153 0.00033 5e-05 0 0 0 0 0 0 0 0 0 
1 0.847725 0.6243 0.375345 0.175755 0.065095 0.01898 0.004685 0.00101 0.00019 2.5e-05 0 0 0 0 0 0 0 0 0 
1 0.849645 0.62792 0.37856 0.17789 0.065975 0.020255 0.00541 0.00135 0.000265 2.5e-05 0 0 0 0 0 0 0 0 0 
1 0.845895 0.625855 0.378025 0.17894 0.067475 0.02053 0.00549 0.00139 0.000315 7.5e-05 2e-05 5e-06 0 0 0 0 0 0 0 
1 0.85218 0.632345 0.38238 0.181395 0.068785 0.021505 0.005665 0.00142 0.000255 7e-05 1e-05 0 0 0 0 0 0 0 0 
1 0.850675 0.631065 0.384665 0.18419 0.069385 0.02145 0.00555 0.00107 0.00016 1.5e-05 0 0 0 0 0 0 0 0 0 
1 0.84913 0.62878 0.381015 0.181245 0.068655 0.021625 0.005985 0.00158 0.00046 0.000125 3.5e-05 5e-06 0 0 0 0 0 0 0 
1 0.84852 0.626935 0.377765 0.17813 0.065225 0.01962 0.0052 0.00119 0.00023 4e-05 1e-05 0 0 0 0 0 0 0 0 
1 0.850655 0.63151 0.38371 0.182925 0.06891 0.02161 0.00606 0.00149 0.000255 5.5e-05 0 0 0 0 0 0 0 0 0 
1 0.84967 0.62908 0.37938 0.178635 0.06728 0.020765 0.005415 0.001325 0.000345 0.00011 1.5e-05 0 0 0 0 0 0 0 0 
1 0.84955 0.631565 0.38293 0.184585 0.07111 0.02221 0.00601 0.00142 0.000245 4e-05 0 0 0 0 0 0 0 0 0 
1 0.848865 0.626525 0.377465 0.179245 0.065775 0.02015 0.00545 0.001395 0.00035 0.0001 5e-06 0 0 0 0 0 0 0 0 
1 0.851405 0.631885 0.383965 0.184905 0.07017 0.021375 0.005435 0.001105 0.000155 2e-05 5e-06 0 0 0 0 0 0 0 0 
1 0.85011 0.629025 0.37959 0.177575 0.065505 0.01983 0.005105 0.001555 0.00043 0.00011 2.5e-05 0 0 0 0 0 0 0 0 
1 0.84641 0.62455 0.373085 0.17346 0.064935 0.01969 0.00492 0.0011 0.00018 5e-05 5e-06 0 0 0 0 0 0 0 0 
1 0.851335 0.63477 0.385775 0.1839 0.06909 0.02196 0.00583 0.00126 0.000185 7e-05 0 0 0 0 0 0 0 0 0 
1 0.85073 0.631965 0.382565 0.18158 0.067985 0.020715 0.005755 0.00136 0.000295 4.5e-05 1e-05 0 0 0 0 0 0 0 0 
1 0.850945 0.63305 0.384285 0.182505 0.069645 0.021835 0.005585 0.00142 0.00044 0.00015 6e-05 1e-05 0 0 0 0 0 0 0 
1 0.848165 0.628305 0.378545 0.17771 0.065615 0.01978 0.005125 0.001145 0.000195 2.5e-05 0 0 0 0 0 0 0 0 0 
1 0.84974 0.628915 0.37891 0.179735 0.06931 0.02162 0.00599 0.00158 0.000385 8.5e-05 0 0 0 0 0 0 0 0 0 
1 0.84986 0.629145 0.380035 0.17975 0.06766 0.02048 0.00547 0.00143 0.000315 5e-05 0 0 0 0 0 0 0 0 0 
1 0.849885 0.63316 0.382915 0.181385 0.06838 0.02023 0.005345 0.001285 0.000265 4e-05 0 0 0 0 0 0 0 0 0 
1 0.847755 0.624165 0.376185 0.177775 0.06656 0.02104 0.005625 0.001295 0.00018 2e-05 0 0 0 0 0 0 0 0 0 
1 0.85232 0.634705 0.38672 0.184995 0.06981 0.021325 0.00556 0.001075 0.000185 1.5e-05 5e-06 0 0 0 0 0 0 0 0 
1 0.84917 0.62964 0.381935 0.181715 0.06787 0.021295 0.00614 0.00181 0.00069 0.000265 0.000135 5.5e-05 1.5e-05 5e-06 0 0 0 0 0 
1 0.8519 0.632925 0.385185 0.18181 0.06827 0.021255 0.0056 0.001295 0.00029 2e-05 0 0 0 0 0 0 0 0 0 
1 0.850765 0.632095 0.385005 0.18486 0.07098 0.02228 0.006065 0.001365 0.000255 4.5e-05 5e-06 0 0 0 0 0 0 0 0 
1 0.85163 0.63557 0.388435 0.18647 0.071525 0.02265 0.005825 0.001395 0.00025 3.5e-05 0 0 0 0 0 0 0 0 0 
1 0.85264 0.635145 0.387775 0.18545 0.06988 0.02274 0.00657 0.00172 0.000475 0.00012 3.5e-05 5e-06 0 0 0 0 0 0 0 
1 0.85156 0.631495 0.38308 0.18321 0.06926 0.021545 0.005995 0.001565 0.000355 6e-05 1.5e-05 1e-05 0 0 0 0 0 0 0 
1 0.849855 0.6292 0.378385 0.177375 0.065605 0.019325 0.004975 0.001105 0.00025 1e-05 0 0 0 0 0 0 0 0 0 
1 0.84944 0.630835 0.38176 0.18171 0.06874 0.02152 0.00588 0.001425 0.000295 8.5e-05 1.5e-05 0 0 0 0 0 0 0 0 
1 0.84811 0.62719 0.377115 0.178665 0.06593 0.019705 0.00475 0.00089 0.00011 1e-05 0 0 0 0 0 0 0 0 0 
1 0.8501 0.632185 0.383115 0.18211 0.06899 0.02186 0.005845 0.001345 0.00024 5.5e-05 0 0 0 0 0 0 0 0 0 
1 0.85064 0.632625 0.38531 0.182015 0.067775 0.021535 0.00623 0.001685 0.000395 9e-05 5e-06 0 0 0 0 0 0 0 0 
1 0.85132 0.63223 0.38395 0.185875 0.07154 0.02278 0.005875 0.00136 0.000225 5.5e-05 0 0 0 0 0 0 0 0 0 
1 0.84669 0.62376 0.37596 0.177835 0.06587 0.02054 0.00587 0.001345 0.00035 5e-05 1.5e-05 0 0 0 0 0 0 0 0 
1 0.84981 0.63105 0.382695 0.18227 0.069445 0.02178 0.00608 0.00162 0.000445 0.000105 2e-05 5e-06 0 0 0 0 0 0 0 
1 0.850135 0.63115 0.382715 0.18197 0.067285 0.019885 0.004665 0.00094 0.000135 0 0 0 0 0 0 0 0 0 0 
1 0.850405 0.631255 0.382085 0.18149 0.06864 0.021175 0.005395 0.00131 0.000315 6.5e-05 1e-05 0 0 0 0 0 0 0 0 
1 0.85307 0.63478 0.38657 0.187325 0.07257 0.023615 0.007125 0.002055 0.000525 0.000105 1.5e-05 0 0 0 0 0 0 0 0 
1 0.85269 0.638185 0.39004 0.188425 0.07142 0.02277 0.006175 0.00149 0.0003 4.5e-05 0 0 0 0 0 0 0 0 0 
1 0.850955 0.631295 0.38387 0.18365 0.06892 0.021425 0.00578 0.001345 0.000285 7.5e-05 5e-06 0 0 0 0 0 0 0 0 
1 0.85009 0.632335 0.384275 0.182505 0.06821 0.02064 0.005205 0.001085 0.0002 3e-05 0 0 0 0 0 0 0 0 0 
1 0.84833 0.62834 0.379395 0.179515 0.06644 0.01978 0.00464 0.00079 9.5e-05 1.5e-05 0 0 0 0 0 0 0 0 0 
1 0.848645 0.628025 0.38115 0.184135 0.07074 0.022405 0.00617 0.001655 0.000405 0.000105 3.5e-05 1e-05 0 0 0 0 0 0 0 
1 0.848455 0.628435 0.37921 0.180255 0.06698 0.020295 0.005265 0.001095 0.000225 3e-05 1e-05 0 0 0 0 0 0 0 0 
1 0.849595 0.63161 0.38131 0.178935 0.065135 0.01908 0.004565 0.000965 0.000135 3e-05 5e-06 0 0 0 0 0 0 0 0 
1 0.849795 0.63165 0.38259 0.18205 0.06948 0.02278 0.006605 0.001635 0.000435 0.000135 4e-05 1.5e-05 0 0 0 0 0 0 0 
1 0.846695 0.622685 0.374455 0.17519 0.06449 0.02077 0.00588 0.001375 0.000325 9e-05 1.5e-05 0 0 0 0 0 0 0 0 
1 0.850835 0.633395 0.386125 0.18588 0.071695 0.02356 0.006975 0.00201 0.000645 0.00022 1.5e-05 0 0 0 0 0 0 0 0 
1 0.84899 0.625605 0.37591 0.17607 0.06513 0.020025 0.00509 0.001095 0.00024 7e-05 1.5e-05 0 0 0 0 0 0 0 0 
1 0.84997 0.631495 0.382075 0.182865 0.069955 0.02268 0.00639 0.001645 0.00046 0.000115 1e-05 0 0 0 0 0 0 0 0 
1 0.849965 0.63024 0.38039 0.178845 0.06616 0.019925 0.005005 0.00113 0.00031 0.0001 1.5e-05 5e-06 0 0 0 0 0 0 0 
1 0.849235 0.629115 0.379805 0.179915 0.06732 0.020785 0.00601 0.0019 0.00069 0.00025 4.5e-05 0 0 0 0 0 0 0 0 
1 0.849995 0.629995 0.383195 0.181445 0.068275 0.02167 0.006365 0.001685 0.00041 6e-05 0 0 0 0 0 0 0 0 0 
1 0.849045 0.628975 0.379365 0.17829 0.065955 0.020355 0.005695 0.001335 0.000255 3.5e-05 0 0 0 0 0 0 0 0 0 
1 0.8506 0.63351 0.38695 0.18784 0.07224 0.02262 0.006525 0.00173 0.00052 0.00013 1e-05 0 0 0 0 0 0 0 0 
1 0.84959 0.629415 0.383415 0.181735 0.0693 0.02171 0.006045 0.00164 0.00035 5e-05 1.5e-05 0 0 0 0 0 0 0 0 
1 0.84955 0.630135 0.38054 0.181135 0.06742 0.02006 0.005155 0.001145 0.00028 5e-05 0 0 0 0 0 0 0 0 0 
1 0.84956 0.628235 0.379135 0.179945 0.06694 0.020985 0.00562 0.001305 0.000345 7.5e-05 5e-06 5e-06 0 0 0 0 0 0 0 
1 0.848215 0.627815 0.37878 0.178115 0.0661 0.020175 0.00519 0.001145 0.000195 1.5e-05 5e-06 0 0 0 0 0 0 0 0 
1 0.850315 0.632235 0.38441 0.183955 0.0695 0.021885 0.006145 0.00153 0.000345 9.5e-05 2e-05 0 0 0 0 0 0 0 0 
1 0.850995 0.632635 0.383995 0.18067 0.067415 0.020345 0.00514 0.00134 0.00024 2.5e-05 0 0 0 0 0 0 0 0 0 
1 0.852115 0.63225 0.38238 0.181335 0.068935 0.02109 0.005325 0.001235 0.000225 2e-05 0 0 0 0 0 0 0 0 0 
1 0.85143 0.6359 0.387135 0.184855 0.0709 0.023105 0.00648 0.001545 0.00028 8e-05 1e-05 0 0 0 0 0 0 0 0 
1 0.84917 0.62766 0.377605 0.17653 0.065085 0.01951 0.00509 0.001025 0.00016 1e-05 0 0 0 0 0 0 0 0 0 
1 0.85135 0.635125 0.386635 0.186435 0.072745 0.023565 0.006935 0.00214 0.000635 0.00018 3.5e-05 0 0 0 0 0 0 0 0 
1 0.849105 0.62961 0.380785 0.18061 0.06834 0.02229 0.00641 0.00157 0.00042 0.000155 3e-05 0 0 0 0 0 0 0 0 
1 0.850005 0.629905 0.37978 0.17951 0.067065 0.02014 0.00505 0.001025 0.00018 2e-05 0 0 0 0 0 0 0 0 0 
1 0.851475 0.63304 0.384625 0.182695 0.068145 0.02153 0.005755 0.00132 0.00023 4.5e-05 0 0 0 0 0 0 0 0 0 
1 0.850355 0.62827 0.37708 0.176995 0.065445 0.019595 0.00483 0.001145 0.000145 2.5e-05 5e-06 0 0 0 0 0 0 0 0 
1 0.848525 0.628545 0.378425 0.17897 0.065425 0.01908 0.00464 0.001065 0.000155 2.5e-05 0 0 0 0 0 0 0 0 0 
1 0.851795 0.631715 0.38294 0.180665 0.06685 0.020495 0.00531 0.00128 0.00029 7e-05 1e-05 0 0 0 0 0 0 0 0 
1 0.848175 0.6264 0.376805 0.177795 0.066765 0.020915 0.005565 0.00147 0.00047 0.000135 3.5e-05 1e-05 0 0 0 0 0 0 0 
1 0.85061 0.633035 0.384875 0.1833 0.069675 0.021215 0.00532 0.001085 0.00023 4e-05 5e-06 0 0 0 0 0 0 0 0 
1 0.84787 0.62925 0.37924 0.178875 0.066515 0.02029 0.00501 0.001035 0.000185 2.5e-05 0 0 0 0 0 0 0 0 0 
1 0.85156 0.63106 0.38158 0.18463 0.070705 0.023095 0.006385 0.001405 0.000245 3e-05 1.5e-05 1e-05 0 0 0 0 0 0 0 
1 0.850205 0.63166 0.384175 0.18509 0.071925 0.023605 0.007275 0.002415 0.00107 0.000535 0.000335 0.000215 0.00012 5.5e-05 1.5e-05 0 0 0 0 
1 0.8487 0.62847 0.379125 0.177745 0.06523 0.01991 0.005055 0.00119 0.00026 2.5e-05 5e-06 0 0 0 0 0 0 0 0 
1 0.851805 0.635375 0.389685 0.188875 0.074365 0.02475 0.00734 0.00194 0.00059 0.0002 5.5e-05 5e-06 0 0 0 0 0 0 0 
1 0.853335 0.63601 0.387155 0.185365 0.069085 0.02101 0.00514 0.00101 0.000205 3.5e-05 0 0 0 0 0 0 0 0 0 
1 0.85198 0.630495 0.38086 0.180875 0.06737 0.02081 0.00555 0.00126 0.000275 6.5e-05 1e-05 0 0 0 0 0 0 0 0 
1 0.848665 0.629005 0.382145 0.183565 0.07097 0.023795 0.007505 0.00224 0.000565 9.5e-05 5e-06 5e-06 0 0 0 0 0 0 0 
1 0.850515 0.63084 0.38146 0.18073 0.067375 0.01985 0.00475 0.001015 0.000215 2e-05 0 0 0 0 0 0 0 0 0 
1 0.848085 0.628895 0.37997 0.179075 0.0661 0.020775 0.00512 0.000975 0.00013 1.5e-05 0 0 0 0 0 0 0 0 0 
1 0.848615 0.62652 0.376415 0.175755 0.064715 0.019875 0.00532 0.001135 0.000165 1e-05 4.29934e-18 0 0 0 0 0 0 0 0 
1 0.850535 0.630665 0.382405 0.180975 0.066335 0.02052 0.005115 0.001005 0.00016 3e-05 1e-05 0 0 0 0 0 0 0 0 
1 0.850885 0.63289 0.383645 0.182215 0.069745 0.02169 0.00575 0.00131 0.000285 4e-05 1.5e-05 0 0 0 0 0 0 0 0 
1 0.85182 0.6325 0.38392 0.183035 0.069285 0.021325 0.00563 0.001255 0.000205 1e-05 0 0 0 0 0 0 0 0 0 
1 0.85007 0.629855 0.379625 0.179345 0.067565 0.0203 0.00498 0.001095 0.000165 3.5e-05 5e-06 0 0 0 0 0 0 0 0 
1 0.85053 0.63257 0.385745 0.18562 0.071375 0.02271 0.00652 0.00158 0.00027 3.5e-05 5e-06 0 0 0 0 0 0 0 0 
1 0.849065 0.629525 0.378885 0.17776 0.065395 0.020245 0.00529 0.001155 0.000285 7.5e-05 5e-06 0 0 0 0 0 0 0 0 
1 0.846615 0.624615 0.374325 0.173685 0.063115 0.018925 0.004495 0.00093 0.000195 3.5e-05 5e-06 0 0 0 0 0 0 0 0 
1 0.85184 0.63383 0.38751 0.18438 0.069075 0.02133 0.0058 0.00141 0.00026 4e-05 0 0 0 0 0 0 0 0 0 
1 0.85168 0.6333 0.384235 0.18239 0.06797 0.02045 0.004985 0.00097 0.00014 1.5e-05 1e-05 0 0 0 0 0 0 0 0 
1 0.849255 0.62986 0.380085 0.17893 0.065705 0.019715 0.00517 0.00116 0.000255 5.5e-05 0 0 0 0 0 0 0 0 0 
1 0.851225 0.63265 0.38461 0.184155 0.069435 0.02166 0.005695 0.001235 0.000265 3e-05 5e-06 0 0 0 0 0 0 0 0 
1 0.850755 0.63354 0.38601 0.184645 0.06923 0.0209 0.004855 0.00096 0.000215 3e-05 5e-06 0 0 0 0 0 0 0 0 
1 0.851645 0.633825 0.38669 0.185495 0.07086 0.0219 0.00621 0.001565 0.0004 0.0001 1.5e-05 0 0 0 0 0 0 0 0 
1 0.85152 0.632525 0.385845 0.18367 0.070185 0.02193 0.00594 0.00135 0.000255 4e-05 0 0 0 0 0 0 0 0 0 
1 0.84786 0.62959 0.37862 0.178025 0.0665 0.02023 0.005285 0.00145 0.000445 0.000185 9.5e-05 2.5e-05 5e-06 0 0 0 0 0 0 
1 0.84953 0.630125 0.378575 0.177765 0.06486 0.019695 0.005205 0.001345 0.000305 2.5e-05 0 0 0 0 0 0 0 0 0 
1 0.852265 0.633895 0.38328 0.183845 0.06923 0.020725 0.00509 0.001155 0.00026 3e-05 0 0 0 0 0 0 0 0 0 
1 0.8506 0.6315 0.38404 0.18335 0.0701 0.022945 0.00626 0.001285 0.000255 3e-05 5e-06 0 0 0 0 0 0 0 0 
1 0.85032 0.631675 0.38279 0.18113 0.067275 0.019905 0.005265 0.001365 0.000355 9e-05 2.5e-05 0 0 0 0 0 0 0 0 
1 0.84962 0.63001 0.380385 0.17986 0.06562 0.019855 0.005205 0.001105 0.000215 2e-05 1e-05 0 0 0 0 0 0 0 0 
1 0.850585 0.62933 0.378855 0.18026 0.068075 0.02145 0.005825 0.001265 0.00025 5e-05 2e-05 5e-06 0 0 0 0 0 0 0 
1 0.85284 0.637115 0.388425 0.187405 0.070235 0.0213 0.00547 0.00141 0.00028 2.5e-05 0 0 0 0 0 0 0 0 0 
1 0.848515 0.63011 0.381665 0.18064 0.06782 0.02089 0.00548 0.001155 0.00018 3e-05 5e-06 0 0 0 0 0 0 0 0 
1 0.84985 0.63136 0.38171 0.181675 0.067495 0.020565 0.005525 0.001495 0.00037 0.00013 3.5e-05 5e-06 0 0 0 0 0 0 0 
1 0.850545 0.63277 0.385545 0.184865 0.07045 0.023135 0.00674 0.00208 0.000665 0.000205 5.5e-05 5e-06 0 0 0 0 0 0 0 
1 0.848245 0.62803 0.37927 0.18043 0.06861 0.021755 0.00621 0.001625 0.0005 0.000115 2e-05 0 0 0 0 0 0 0 0 
1 0.849435 0.62962 0.381045 0.18043 0.067545 0.0208 0.005185 0.001175 0.000165 2.5e-05 5e-06 0 0 0 0 0 0 0 0 
1 0.85215 0.635155 0.384795 0.181525 0.067865 0.020425 0.00539 0.001265 0.000215 6e-05 1.5e-05 5e-06 0 0 0 0 0 0 0 
1 0.85086 0.630905 0.3804 0.17989 0.06757 0.0207 0.005575 0.00125 0.00016 2e-05 0 0 0 0 0 0 0 0 0 
1 0.84769 0.626975 0.37767 0.1796 0.06729 0.020795 0.005975 0.00159 0.000375 9e-05 2e-05 0 0 0 0 0 0 0 0 
1 0.84737 0.625695 0.37518 0.1754 0.064355 0.01932 0.00482 0.00113 0.000185 5.5e-05 5e-06 5e-06 0 0 0 0 0 0 0 
1 0.850045 0.631525 0.38451 0.183875 0.07126 0.02328 0.00698 0.00182 0.00044 7.5e-05 2.5e-05 1e-05 0 0 0 0 0 0 0 
1 0.85129 0.634985 0.386105 0.184965 0.06993 0.021995 0.006245 0.00149 0.000365 8e-05 1.5e-05 5e-06 0 0 0 0 0 0 0 
1 0.85045 0.63122 0.380915 0.18093 0.06734 0.021115 0.005795 0.00145 0.00033 6e-05 0 0 0 0 0 0 0 0 0 
1 0.85213 0.633425 0.384985 0.18279 0.069425 0.022305 0.005915 0.001465 0.00027 5.5e-05 2e-05 5e-06 0 0 0 0 0 0 0 
1 0.852615 0.636005 0.38639 0.185265 0.0699 0.021225 0.005035 0.00096 0.00013 1e-05 0 0 0 0 0 0 0 0 0 
1 0.85203 0.63304 0.384855 0.182245 0.06969 0.021305 0.005495 0.001225 0.000195 2.5e-05 0 0 0 0 0 0 0 0 0 
1 0.849425 0.63085 0.382505 0.18279 0.070435 0.022485 0.00658 0.00148 0.00033 5e-05 1e-05 5e-06 0 0 0 0 0 0 0 
1 0.848565 0.62629 0.377825 0.17845 0.065645 0.02025 0.005195 0.001225 0.00028 6.5e-05 3.5e-05 0 0 0 0 0 0 0 0 
1 0.85149 0.63529 0.387555 0.186425 0.072305 0.023925 0.006815 0.002175 0.000775 0.000295 0.000115 4e-05 0 0 0 0 0 0 0 
1 0.850485 0.63128 0.379815 0.17837 0.06521 0.018985 0.004585 0.001045 0.00022 3e-05 0 0 0 0 0 0 0 0 0 
1 0.850685 0.631185 0.38477 0.182245 0.069245 0.0207 0.005305 0.001215 0.000245 5e-05 2e-05 1.5e-05 5e-06 0 0 0 0 0 0 
1 0.84753 0.62751 0.38051 0.180785 0.068115 0.020925 0.005345 0.00124 0.00035 6.5e-05 5e-06 0 0 0 0 0 0 0 0 
1 0.849225 0.63078 0.382575 0.18139 0.066505 0.019395 0.005175 0.0012 0.000255 4.5e-05 0 0 0 0 0 0 0 0 0 
1 0.851725 0.634065 0.384325 0.183575 0.06837 0.020735 0.00576 0.001455 0.000445 8e-05 1e-05 0 0 0 0 0 0 0 0 
1 0.849525 0.63048 0.380115 0.18001 0.067245 0.02033 0.00582 0.00161 0.000555 0.0002 8e-05 1e-05 0 0 0 0 0 0 0 
1 0.849635 0.628835 0.382445 0.18058 0.06687 0.020395 0.005135 0.00107 0.000215 2.5e-05 1.5e-05 0 0 0 0 0 0 0 0 
1 0.85221 0.63449 0.387825 0.184675 0.068925 0.0217 0.006005 0.00151 0.000445 0.000155 4.5e-05 5e-06 0 0 0 0 0 0 0 
1 0.849105 0.62721 0.377155 0.17896 0.066485 0.02045 0.005335 0.0012 0.00029 9e-05 0 0 0 0 0 0 0 0 0 
1 0.848125 0.62695 0.377435 0.177065 0.06531 0.020155 0.005495 0.00126 0.00022 3.5e-05 1.53474e-17 0 0 0 0 0 0 0 0 
1 0.84879 0.62581 0.37877 0.18109 0.06809 0.0217 0.006115 0.001255 0.000215 4e-05 5e-06 0 0 0 0 0 0 0 0 
1 0.85063 0.631745 0.385405 0.18726 0.072525 0.02412 0.007195 0.001965 0.00046 0.000105 5e-06 0 0 0 0 0 0 0 0 
1 0.85139 0.6324 0.384225 0.183055 0.0698 0.022055 0.00564 0.001305 0.00026 2.5e-05 0 0 0 0 0 0 0 0 0 
1 0.847375 0.627705 0.379065 0.17911 0.06581 0.020185 0.00532 0.00127 0.000195 4e-05 1e-05 0 0 0 0 0 0 0 0 
1 0.85023 0.6318 0.38404 0.183575 0.06943 0.0213 0.00557 0.001345 0.00024 1.5e-05 0 0 0 0 0 0 0 0 0 
1 0.85037 0.63029 0.381615 0.180665 0.066495 0.019685 0.005225 0.001095 0.00023 6.5e-05 3e-05 5e-06 0 0 0 0 0 0 0 
1 0.852315 0.63238 0.38432 0.182015 0.068285 0.022015 0.006565 0.001825 0.000515 0.000135 1e-05 5e-06 0 0 0 0 0 0 0 
1 0.849295 0.62796 0.3787 0.17878 0.06733 0.021065 0.005825 0.001405 0.00032 4e-05 0 0 0 0 0 0 0 0 0 
1 0.8501 0.62854 0.379265 0.17863 0.065355 0.019415 0.00469 0.00087 0.00013 1.5e-05 0 0 0 0 0 0 0 0 0 
1 0.85062 0.63117 0.381215 0.179785 0.06602 0.019585 0.00457 0.001035 0.00016 2.23016e-18 0 0 0 0 0 0 0 0 0 
1 0.849995 0.63315 0.383875 0.1838 0.06954 0.021465 0.005595 0.001365 0.00029 5e-05 1e-05 0 0 0 0 0 0 0 0 
1 0.85024 0.62837 0.379255 0.179345 0.06605 0.02 0.005195 0.00117 0.000245 3e-05 5e-06 0 0 0 0 0 0 0 0 
1 0.851555 0.63417 0.386125 0.18531 0.0714 0.022605 0.00616 0.001495 0.0003 6.5e-05 5e-06 0 0 0 0 0 0 0 0 
1 0.851145 0.63192 0.382745 0.179915 0.067315 0.021235 0.00585 0.001365 0.00033 6.5e-05 1e-05 0 0 0 0 0 0 0 0 
1 0.85294 0.63616 0.39003 0.18722 0.071305 0.02269 0.005765 0.00129 0.00024 4.5e-05 1e-05 0 0 0 0 0 0 0 0 
1 0.84995 0.628165 0.379665 0.1802 0.06753 0.020965 0.005675 0.001405 0.000285 5.5e-05 5e-06 0 0 0 0 0 0 0 0 
1 0.853325 0.63601 0.3882 0.18654 0.07166 0.02303 0.00646 0.001575 0.00035 8.5e-05 3e-05 5e-06 0 0 0 0 0 0 0 
1 0.84917 0.628545 0.37889 0.17746 0.06541 0.02019 0.00543 0.001405 0.000305 3.5e-05 0 0 0 0 0 0 0 0 0 
1 0.851155 0.63081 0.382625 0.182085 0.06888 0.021635 0.005615 0.001145 0.00023 2e-05 5e-06 0 0 0 0 0 0 0 0 
1 0.85 0.63121 0.38315 0.182955 0.06895 0.022245 0.0068 0.001925 0.00043 0.000105 3e-05 0 0 0 0 0 0 0 0 
1 0.850395 0.63111 0.38206 0.18212 0.06874 0.021515 0.00566 0.001155 0.00025 3e-05 5e-06 0 0 0 0 0 0 0 0 
1 0.85209 0.63492 0.389105 0.186705 0.0709 0.021815 0.00553 0.00143 0.000335 6.5e-05 5e-06 0 0 0 0 0 0 0 0 
1 0.850025 0.631425 0.382325 0.181585 0.068205 0.02142 0.00594 0.00147 0.000295 4e-05 5e-06 0 0 0 0 0 0 0 0 
1 0.84991 0.631795 0.38314 0.18249 0.06941 0.02176 0.00559 0.00127 0.00025 3.5e-05 5e-06 0 0 0 0 0 0 0 0 
1 0.84959 0.62773 0.377195 0.176985 0.06395 0.01826 0.004265 0.00091 0.000185 3e-05 0 0 0 0 0 0 0 0 0 
1 0.85237 0.63542 0.38678 0.185745 0.07119 0.023025 0.00671 0.00195 0.000555 0.000145 2.5e-05 0 0 0 0 0 0 0 0 
1 0.84965 0.629445 0.38104 0.18242 0.06918 0.02186 0.006175 0.00161 0.00042 0.0001 2e-05 0 0 0 0 0 0 0 0 
1 0.85065 0.631785 0.38318 0.18093 0.067655 0.020775 0.005255 0.00138 0.00024 6.5e-05 2.5e-05 5e-06 5e-06 0 0 0 0 0 0 
1 0.8502 0.63151 0.384 0.18409 0.069175 0.021115 0.005435 0.00112 0.00018 2.5e-05 0 0 0 0 0 0 0 0 0 
1 0.848015 0.62848 0.380055 0.178685 0.06572 0.02016 0.005355 0.001125 0.00018 2.5e-05 0 0 0 0 0 0 0 0 0 
1 0.851615 0.632825 0.384025 0.181855 0.06662 0.018995 0.00444 0.00074 0.00016 1e-05 0 0 0 0 0 0 0 0 0 
1 0.85267 0.63396 0.384055 0.18285 0.06795 0.02065 0.005165 0.001125 0.0002 2.5e-05 5e-06 0 0 0 0 0 0 0 0 
1 0.852995 0.63572 0.38724 0.185875 0.069815 0.0219 0.006085 0.001485 0.00038 0.00014 2e-05 5e-06 0 0 0 0 0 0 0 
1 0.850845 0.630345 0.379945 0.17864 0.065415 0.020195 0.00543 0.001355 0.000315 8.5e-05 0 0 0 0 0 0 0 0 0 
1 0.851125 0.63476 0.38813 0.18663 0.07054 0.02136 0.00526 0.00118 0.00022 2.5e-05 5e-06 0 0 0 0 0 0 0 0 
1 0.84858 0.626435 0.37656 0.175965 0.06417 0.01931 0.00508 0.001075 0.000235 2.5e-05 5e-06 0 0 0 0 0 0 0 0 
1 0.85013 0.63195 0.3837 0.1836 0.06982 0.02215 0.006075 0.00145 0.000315 6.5e-05 5e-06 0 0 0 0 0 0 0 0 
1 0.851185 0.632785 0.38594 0.184295 0.06937 0.02164 0.005135 0.001105 0.000225 5.5e-05 1.5e-05 0 0 0 0 0 0 0 0 
1 0.849665 0.63187 0.383255 0.185315 0.07116 0.02304 0.006705 0.00172 0.000375 4.5e-05 0 0 0 0 0 0 0 0 0 
1 0.84863 0.6285 0.380505 0.179975 0.066695 0.02032 0.005535 0.001395 0.000395 0.000145 3e-05 5e-06 0 0 0 0 0 0 0 
1 0.84977 0.63057 0.38169 0.18155 0.068475 0.021045 0.00568 0.00132 0.000285 5e-05 1e-05 0 0 0 0 0 0 0 0 
1 0.85115 0.63505 0.38743 0.186745 0.07014 0.02209 0.00619 0.001365 0.000315 6e-05 1e-05 0 0 0 0 0 0 0 0 
1 0.84911 0.62949 0.382005 0.182435 0.07021 0.022315 0.006365 0.00149 0.00039 0.00012 4e-05 5e-06 0 0 0 0 0 0 0 
1 0.85116 0.632335 0.384255 0.18403 0.06948 0.021585 0.006315 0.00145 0.00028 5.5e-05 0 0 0 0 0 0 0 0 0 
1 0.84848 0.624875 0.37582 0.177285 0.065455 0.01985 0.00503 0.00128 0.00025 6e-05 1.5e-05 0 0 0 0 0 0 0 0 
1 0.849565 0.63018 0.3805 0.18024 0.068205 0.02085 0.005615 0.0013 0.00032 7.5e-05 5e-06 0 0 0 0 0 0 0 0 
1 0.849155 0.62922 0.38086 0.17887 0.06708 0.020605 0.005895 0.001635 0.00044 0.00015 6e-05 1e-05 0 0 0 0 0 0 0 
1 0.84759 0.625485 0.377245 0.178525 0.06624 0.020805 0.00531 0.001425 0.000345 3.5e-05 1e-05 0 0 0 0 0 0 0 0 
1 0.85028 0.627885 0.377625 0.178605 0.06633 0.020275 0.005395 0.001225 0.00025 3.5e-05 5e-06 0 0 0 0 0 0 0 0 
1 0.851165 0.63176 0.38345 0.18176 0.06764 0.020555 0.005425 0.00126 0.00026 6e-05 1e-05 5e-06 0 0 0 0 0 0 0 
1 0.84905 0.627 0.377525 0.177275 0.064295 0.018995 0.004885 0.00113 0.00022 4e-05 5e-06 0 0 0 0 0 0 0 0 
1 0.848375 0.627075 0.377665 0.17684 0.064825 0.019565 0.00468 0.000945 0.000195 2e-05 5e-06 0 0 0 0 0 0 0 0 
1 0.849145 0.62771 0.37922 0.179055 0.06695 0.020665 0.005355 0.001265 0.00031 1.5e-05 5e-06 0 0 0 0 0 0 0 0 
1 0.85242 0.633515 0.38558 0.18509 0.070085 0.021895 0.00579 0.00154 0.0004 0.00013 2e-05 0 0 0 0 0 0 0 0 
1 0.85101 0.631425 0.381695 0.181305 0.06864 0.02154 0.005685 0.001445 0.00032 7.5e-05 5e-06 0 0 0 0 0 0 0 0 
1 0.848965 0.628575 0.378285 0.179425 0.066865 0.02028 0.005295 0.001235 0.000235 4e-05 0 0 0 0 0 0 0 0 0 
1 0.85005 0.630455 0.38293 0.184025 0.070945 0.022565 0.00652 0.001795 0.000495 0.00013 4.5e-05 5e-06 5e-06 0 0 0 0 0 0 
1 0.85171 0.634085 0.386215 0.1858 0.06998 0.02219 0.005945 0.001315 0.00034 0.0001 1e-05 0 0 0 0 0 0 0 0 
1 0.850315 0.63093 0.38205 0.17996 0.06646 0.019385 0.004905 0.001005 0.000225 2.5e-05 5e-06 5e-06 0 0 0 0 0 0 0 
1 0.8512 0.63342 0.386505 0.18531 0.07074 0.02243 0.005995 0.001265 0.00022 3.5e-05 0 0 0 0 0 0 0 0 0 
1 0.848235 0.62717 0.377805 0.1791 0.0667 0.020265 0.00571 0.00141 0.00039 0.00011 2.5e-05 5e-06 0 0 0 0 0 0 0 
1 0.85042 0.630905 0.384135 0.182815 0.068905 0.02105 0.005695 0.001415 0.000315 0.00011 3.5e-05 5e-06 0 0 0 0 0 0 0 
1 0.84994 0.62765 0.377405 0.17734 0.06611 0.01979 0.004945 0.00099 0.000125 5e-06 0 0 0 0 0 0 0 0 0 
1 0.851585 0.63312 0.38667 0.18697 0.07235 0.023565 0.006505 0.00169 0.000445 0.000105 5e-06 0 0 0 0 0 0 0 0 
1 0.85003 0.62977 0.38118 0.18051 0.068575 0.02151 0.005695 0.00135 0.000235 1.5e-05 5e-06 0 0 0 0 0 0 0 0 
