1 0.800727 0.515192 0.217365 0.0420706 0.00229385 3.135e-05 2.5e-07 0 0 0 0 0 0 0 0 0 0 0 0 
1 0.800071 0.514294 0.216367 0.041714 0.00224845 3.33e-05 3.5e-07 0 0 0 0 0 0 0 0 0 0 0 0 
1 0.800586 0.515202 0.21742 0.0422611 0.0023569 3.18e-05 4e-07 0 0 0 0 0 0 0 0 0 0 0 0 
1 0.800067 0.513888 0.216165 0.0416092 0.00222965 2.61e-05 1e-07 0 0 0 0 0 0 0 0 0 0 0 0 
1 0.799763 0.513808 0.216148 0.0417783 0.0022646 3.52e-05 5e-08 0 0 0 0 0 0 0 0 0 0 0 0 
1 0.800127 0.514545 0.217143 0.0421292 0.00231275 3.27e-05 3.5e-07 0 0 0 0 0 0 0 0 0 0 0 0 
1 0.799834 0.513548 0.215771 0.0414208 0.00228315 2.98e-05 5e-07 0 0 0 0 0 0 0 0 0 0 0 0 
1 0.800745 0.515651 0.21794 0.0422845 0.00231775 3.335e-05 1.5e-07 0 0 0 0 0 0 0 0 0 0 0 0 
1 0.799799 0.51336 0.21519 0.0411074 0.0022287 2.975e-05 2.5e-07 0 0 0 0 0 0 0 0 0 0 0 0 
1 0.800452 0.514877 0.216777 0.0418859 0.0022582 2.885e-05 3e-07 0 0 0 0 0 0 0 0 0 0 0 0 
1 0.799954 0.51389 0.216531 0.0420798 0.00233935 3.25e-05 2.5e-07 0 0 0 0 0 0 0 0 0 0 0 0 
1 0.799883 0.514033 0.216114 0.0415759 0.00228845 3.065e-05 0 0 0 0 0 0 0 0 0 0 0 0 0 
1 0.799907 0.513771 0.216474 0.0417199 0.00227975 2.835e-05 4e-07 0 0 0 0 0 0 0 0 0 0 0 0 
1 0.799729 0.513447 0.215494 0.0413494 0.00221105 3.055e-05 5e-07 0 0 0 0 0 0 0 0 0 0 0 0 
1 0.800345 0.514642 0.216894 0.0419521 0.00226235 2.75e-05 2.5e-07 0 0 0 0 0 0 0 0 0 0 0 0 
1 0.800391 0.51482 0.216924 0.0419079 0.00228015 3.055e-05 3e-07 0 0 0 0 0 0 0 0 0 0 0 0 
1 0.800729 0.515468 0.217444 0.0422555 0.00232995 3.38e-05 7.5e-07 1.5e-07 0 0 0 0 0 0 0 0 0 0 0 
1 0.799302 0.512697 0.215173 0.0412769 0.00223995 3.1e-05 2.5e-07 0 0 0 0 0 0 0 0 0 0 0 0 
1 0.800525 0.51492 0.217304 0.041944 0.0022658 3.16e-05 5e-07 0 0 0 0 0 0 0 0 0 0 0 0 
1 0.800008 0.513719 0.215789 0.0415087 0.0022345 3.085e-05 2e-07 0 0 0 0 0 0 0 0 0 0 0 0 
1 0.800454 0.514823 0.216728 0.0418353 0.002254 3.185e-05 5e-08 0 0 0 0 0 0 0 0 0 0 0 0 
1 0.799811 0.513462 0.215665 0.0414702 0.00222205 3.23e-05 1.5e-07 0 0 0 0 0 0 0 0 0 0 0 0 
1 0.799568 0.512946 0.214959 0.0410878 0.00217755 2.945e-05 0 0 0 0 0 0 0 0 0 0 0 0 0 
1 0.800404 0.51489 0.216963 0.0419524 0.0022551 3.025e-05 5.5e-07 0 0 0 0 0 0 0 0 0 0 0 0 
1 0.799708 0.51397 0.21627 0.0415897 0.00227925 3.17e-05 5e-07 0 0 0 0 0 0 0 0 0 0 0 0 
1 0.800312 0.514696 0.216845 0.0419669 0.0023052 2.905e-05 1e-07 0 0 0 0 0 0 0 0 0 0 0 0 
1 0.799852 0.513915 0.21616 0.0416051 0.0021763 3.16e-05 5e-08 0 0 0 0 0 0 0 0 0 0 0 0 
1 0.799894 0.513969 0.216105 0.0416063 0.0022403 3.15e-05 1.5e-07 0 0 0 0 0 0 0 0 0 0 0 0 
1 0.800184 0.514406 0.21672 0.0419919 0.00228715 2.855e-05 5e-08 0 0 0 0 0 0 0 0 0 0 0 0 
1 0.80018 0.514514 0.216901 0.0420458 0.00234315 2.99e-05 1e-07 0 0 0 0 0 0 0 0 0 0 0 0 
1 0.799327 0.512596 0.214679 0.0409632 0.0021857 3.08e-05 5e-08 0 0 0 0 0 0 0 0 0 0 0 0 
1 0.80044 0.51507 0.217357 0.0419962 0.00230885 3.02e-05 3.5e-07 0 0 0 0 0 0 0 0 0 0 0 0 
1 0.799822 0.51384 0.216052 0.041622 0.002229 3.585e-05 5.5e-07 0 0 0 0 0 0 0 0 0 0 0 0 
1 0.800216 0.514145 0.216245 0.041655 0.00224215 3.02e-05 1e-06 0 0 0 0 0 0 0 0 0 0 0 0 
1 0.799627 0.513003 0.215207 0.0413934 0.0022327 2.925e-05 3.5e-07 0 0 0 0 0 0 0 0 0 0 0 0 
1 0.800632 0.515434 0.217582 0.042216 0.00227505 3.31e-05 1.5e-07 0 0 0 0 0 0 0 0 0 0 0 0 
1 0.799737 0.513567 0.215635 0.0414771 0.0022444 3.08e-05 3.5e-07 0 0 0 0 0 0 0 0 0 0 0 0 
1 0.800039 0.514111 0.216404 0.0418924 0.00231255 3.16e-05 2.5e-07 0 0 0 0 0 0 0 0 0 0 0 0 
1 0.800284 0.514384 0.216385 0.0416879 0.00224215 3.275e-05 0 0 0 0 0 0 0 0 0 0 0 0 0 
1 0.799962 0.514039 0.216107 0.0416188 0.0022463 3.505e-05 2.5e-07 0 0 0 0 0 0 0 0 0 0 0 0 
1 0.800852 0.515523 0.217602 0.0421189 0.0022785 2.97e-05 1e-07 0 0 0 0 0 0 0 0 0 0 0 0 
1 0.800515 0.515045 0.216986 0.041953 0.00223415 2.87e-05 1e-07 0 0 0 0 0 0 0 0 0 0 0 0 
1 0.799349 0.512195 0.214242 0.0408286 0.00214825 3.18e-05 5e-08 0 0 0 0 0 0 0 0 0 0 0 0 
1 0.800092 0.513959 0.215994 0.0415607 0.0022605 3.06e-05 5.5e-07 0 0 0 0 0 0 0 0 0 0 0 0 
1 0.800054 0.513931 0.216197 0.0415307 0.0022298 3.05e-05 3e-07 0 0 0 0 0 0 0 0 0 0 0 0 
1 0.800512 0.51471 0.216921 0.0420764 0.0022984 3.025e-05 2e-07 0 0 0 0 0 0 0 0 0 0 0 0 
1 0.800103 0.514076 0.216335 0.0417056 0.0022308 3.06e-05 0 0 0 0 0 0 0 0 0 0 0 0 0 
1 0.799997 0.514137 0.216341 0.0416357 0.002273 2.595e-05 1.5e-07 0 0 0 0 0 0 0 0 0 0 0 0 
1 0.799835 0.513548 0.21542 0.0412533 0.0022215 3.085e-05 2.5e-07 0 0 0 0 0 0 0 0 0 0 0 0 
1 0.800104 0.514077 0.216453 0.0418529 0.00226915 3.155e-05 3e-07 0 0 0 0 0 0 0 0 0 0 0 0 
1 0.800198 0.514206 0.216339 0.0417424 0.00230735 3.635e-05 1.5e-07 0 0 0 0 0 0 0 0 0 0 0 0 
1 0.800222 0.51426 0.21643 0.0418262 0.00226775 2.855e-05 4.5e-07 0 0 0 0 0 0 0 0 0 0 0 0 
1 0.799864 0.513906 0.215903 0.0415957 0.0022569 3.01e-05 4e-07 0 0 0 0 0 0 0 0 0 0 0 0 
1 0.800082 0.51434 0.216489 0.0419152 0.0022642 2.96e-05 5e-08 0 0 0 0 0 0 0 0 0 0 0 0 
1 0.799224 0.512752 0.215087 0.0411064 0.0022027 2.62e-05 0 0 0 0 0 0 0 0 0 0 0 0 0 
1 0.800491 0.514605 0.217163 0.0421602 0.00232585 3.14e-05 9e-07 0 0 0 0 0 0 0 0 0 0 0 0 
1 0.800329 0.514517 0.2164 0.0416634 0.0022333 2.955e-05 1.5e-07 0 0 0 0 0 0 0 0 0 0 0 0 
1 0.799183 0.512419 0.214412 0.040915 0.00217915 2.745e-05 1e-07 0 0 0 0 0 0 0 0 0 0 0 0 
1 0.800017 0.513896 0.215958 0.0416058 0.0022353 2.715e-05 1e-07 0 0 0 0 0 0 0 0 0 0 0 0 
1 0.800227 0.514438 0.216582 0.0417992 0.0022541 3.265e-05 3e-07 0 0 0 0 0 0 0 0 0 0 0 0 
1 0.799731 0.513507 0.215808 0.0415671 0.0022357 2.72e-05 1e-07 0 0 0 0 0 0 0 0 0 0 0 0 
1 0.799 0.511938 0.214003 0.0407327 0.002176 2.855e-05 6e-07 1e-07 0 0 0 0 0 0 0 0 0 0 0 
1 0.800112 0.514276 0.216333 0.0416047 0.00224925 3.385e-05 6e-07 0 0 0 0 0 0 0 0 0 0 0 0 
1 0.800471 0.514769 0.217094 0.0422198 0.0023249 3.395e-05 3.5e-07 0 0 0 0 0 0 0 0 0 0 0 0 
1 0.800143 0.514044 0.216132 0.0416329 0.002227 2.735e-05 5.5e-07 0 0 0 0 0 0 0 0 0 0 0 0 
1 0.800328 0.515022 0.217214 0.0421951 0.00230415 2.95e-05 2e-07 0 0 0 0 0 0 0 0 0 0 0 0 
1 0.799744 0.513497 0.215518 0.0413441 0.0022305 3.075e-05 2e-07 0 0 0 0 0 0 0 0 0 0 0 0 
1 0.800105 0.514229 0.216153 0.0414194 0.00220105 2.92e-05 3.5e-07 0 0 0 0 0 0 0 0 0 0 0 0 
1 0.799819 0.51344 0.215447 0.0413148 0.00221855 2.665e-05 5e-08 0 0 0 0 0 0 0 0 0 0 0 0 
1 0.799739 0.51368 0.215996 0.0416736 0.00229555 3.155e-05 1.5e-07 0 0 0 0 0 0 0 0 0 0 0 0 
1 0.800282 0.514606 0.216919 0.0419045 0.00227245 2.91e-05 3.5e-07 0 0 0 0 0 0 0 0 0 0 0 0 
1 0.799759 0.513444 0.215704 0.0414983 0.002214 2.915e-05 5e-07 0 0 0 0 0 0 0 0 0 0 0 0 
1 0.799462 0.512934 0.215342 0.0413733 0.0022263 3.325e-05 5e-07 0 0 0 0 0 0 0 0 0 0 0 0 
1 0.800124 0.514115 0.216158 0.0416287 0.00223795 2.68e-05 1e-07 0 0 0 0 0 0 0 0 0 0 0 0 
1 0.800329 0.514482 0.216948 0.0420217 0.0023181 3.19e-05 5e-07 0 0 0 0 0 0 0 0 0 0 0 0 
1 0.799869 0.513466 0.215522 0.0413374 0.00223975 3.165e-05 1.5e-07 0 0 0 0 0 0 0 0 0 0 0 0 
1 0.799958 0.51402 0.216172 0.0417279 0.0022335 2.89e-05 0 0 0 0 0 0 0 0 0 0 0 0 0 
1 0.799927 0.513792 0.215942 0.0414352 0.0022299 2.825e-05 1.5e-07 0 0 0 0 0 0 0 0 0 0 0 0 
1 0.799925 0.513832 0.215722 0.0414329 0.0022164 3.18e-05 1.5e-07 0 0 0 0 0 0 0 0 0 0 0 0 
1 0.799651 0.513171 0.215343 0.0414625 0.00223685 3.08e-05 2.5e-07 0 0 0 0 0 0 0 0 0 0 0 0 
1 0.799441 0.513328 0.215504 0.0414883 0.00227155 2.85e-05 3e-07 0 0 0 0 0 0 0 0 0 0 0 0 
1 0.80017 0.514107 0.216141 0.0414805 0.00222885 3.6e-05 3e-07 0 0 0 0 0 0 0 0 0 0 0 0 
1 0.800627 0.51494 0.216984 0.0420355 0.00233045 3.59e-05 1e-07 0 0 0 0 0 0 0 0 0 0 0 0 
1 0.800273 0.514477 0.216655 0.041837 0.00227475 3.37e-05 5e-08 0 0 0 0 0 0 0 0 0 0 0 0 
1 0.799779 0.513057 0.215199 0.0412945 0.002238 3.035e-05 9e-07 0 0 0 0 0 0 0 0 0 0 0 0 
1 0.800275 0.514476 0.216512 0.0416977 0.00222445 2.745e-05 1e-07 0 0 0 0 0 0 0 0 0 0 0 0 
1 0.800256 0.514283 0.216265 0.0416158 0.0022454 2.985e-05 3.5e-07 0 0 0 0 0 0 0 0 0 0 0 0 
1 0.800334 0.514423 0.216752 0.0417941 0.0022732 3.625e-05 2.5e-07 0 0 0 0 0 0 0 0 0 0 0 0 
1 0.79987 0.513902 0.216322 0.0418696 0.00230455 2.77e-05 2e-07 0 0 0 0 0 0 0 0 0 0 0 0 
1 0.799218 0.512275 0.21459 0.0410287 0.00224025 3.45e-05 2e-07 0 0 0 0 0 0 0 0 0 0 0 0 
1 0.799732 0.513349 0.215603 0.041543 0.00225955 3.185e-05 1e-07 0 0 0 0 0 0 0 0 0 0 0 0 
1 0.799885 0.513604 0.215939 0.0416458 0.00228255 3.785e-05 3e-07 0 0 0 0 0 0 0 0 0 0 0 0 
1 0.80037 0.514964 0.217327 0.0420804 0.0022585 3.325e-05 1e-07 0 0 0 0 0 0 0 0 0 0 0 0 
1 0.800529 0.515227 0.217644 0.0422979 0.0023025 3.52e-05 1e-07 0 0 0 0 0 0 0 0 0 0 0 0 
1 0.799616 0.513198 0.215306 0.0412353 0.0022092 2.775e-05 2e-07 0 0 0 0 0 0 0 0 0 0 0 0 
1 0.80039 0.514776 0.216992 0.0419515 0.0022739 3.01e-05 4e-07 0 0 0 0 0 0 0 0 0 0 0 0 
1 0.799716 0.513351 0.215667 0.0415468 0.0022333 3.035e-05 2e-07 0 0 0 0 0 0 0 0 0 0 0 0 
1 0.800011 0.513867 0.215785 0.0415958 0.00221885 3.055e-05 3.5e-07 0 0 0 0 0 0 0 0 0 0 0 0 
1 0.800115 0.513937 0.216444 0.0417757 0.0022587 3.05e-05 2.5e-07 0 0 0 0 0 0 0 0 0 0 0 0 
1 0.80028 0.514222 0.216324 0.0417325 0.00225905 3.01e-05 1.5e-07 1e-07 0 0 0 0 0 0 0 0 0 0 0 
1 0.800694 0.515155 0.217382 0.0421844 0.00233955 3.31e-05 2.5e-07 0 0 0 0 0 0 0 0 0 0 0 0 
1 0.799976 0.5138 0.215616 0.0412847 0.00216915 2.825e-05 4e-07 0 0 0 0 0 0 0 0 0 0 0 0 
1 0.799296 0.512932 0.215289 0.0413686 0.0022359 3.43e-05 0 0 0 0 0 0 0 0 0 0 0 0 0 
1 0.79979 0.513732 0.216053 0.0416177 0.0022464 3.035e-05 1e-07 0 0 0 0 0 0 0 0 0 0 0 0 
1 0.799929 0.513722 0.215688 0.0413135 0.00219335 2.92e-05 1.5e-07 0 0 0 0 0 0 0 0 0 0 0 0 
1 0.799884 0.513947 0.215968 0.0415672 0.00225305 3.13e-05 1.5e-07 0 0 0 0 0 0 0 0 0 0 0 0 
1 0.799649 0.513481 0.215728 0.041727 0.0023258 3.33e-05 6.5e-07 0 0 0 0 0 0 0 0 0 0 0 0 
1 0.799808 0.513572 0.215809 0.0414094 0.00223125 3.295e-05 3e-07 0 0 0 0 0 0 0 0 0 0 0 0 
1 0.800542 0.514845 0.217095 0.0419777 0.0022939 3.29e-05 4.5e-07 0 0 0 0 0 0 0 0 0 0 0 0 
1 0.799517 0.513064 0.215029 0.0410042 0.00215315 2.73e-05 3.5e-07 0 0 0 0 0 0 0 0 0 0 0 0 
1 0.799861 0.51327 0.215303 0.0414101 0.00226455 3.14e-05 2e-07 0 0 0 0 0 0 0 0 0 0 0 0 
1 0.800369 0.514763 0.216784 0.0417801 0.00226835 3.12e-05 3e-07 0 0 0 0 0 0 0 0 0 0 0 0 
1 0.800402 0.514784 0.217149 0.0420166 0.00223655 3.215e-05 5e-08 0 0 0 0 0 0 0 0 0 0 0 0 
1 0.799979 0.513799 0.21592 0.0414541 0.0022256 3.185e-05 8e-07 0 0 0 0 0 0 0 0 0 0 0 0 
1 0.800572 0.515063 0.217411 0.0423068 0.0023142 3.215e-05 4e-07 0 0 0 0 0 0 0 0 0 0 0 0 
1 0.800265 0.514512 0.216694 0.0419275 0.00232155 3.455e-05 2e-07 0 0 0 0 0 0 0 0 0 0 0 0 
1 0.800194 0.514126 0.216222 0.0416563 0.00223005 3.115e-05 9e-07 1.5e-07 0 0 0 0 0 0 0 0 0 0 0 
1 0.800135 0.51436 0.216558 0.0417317 0.0022656 3.005e-05 5e-08 0 0 0 0 0 0 0 0 0 0 0 0 
1 0.799705 0.513156 0.215538 0.0412989 0.00220625 3.445e-05 5e-08 0 0 0 0 0 0 0 0 0 0 0 0 
1 0.799949 0.513486 0.215788 0.0416137 0.002227 3.09e-05 6.5e-07 5e-08 0 0 0 0 0 0 0 0 0 0 0 
1 0.800731 0.515556 0.217741 0.0423281 0.00230055 2.515e-05 5e-08 0 0 0 0 0 0 0 0 0 0 0 0 
1 0.799337 0.512802 0.215083 0.0412418 0.0022237 2.645e-05 3e-07 0 0 0 0 0 0 0 0 0 0 0 0 
1 0.80033 0.514471 0.216668 0.0418944 0.00231155 3.675e-05 6e-07 0 0 0 0 0 0 0 0 0 0 0 0 
1 0.800121 0.514246 0.21612 0.041617 0.00221635 2.925e-05 4.5e-07 0 0 0 0 0 0 0 0 0 0 0 0 
1 0.800186 0.514275 0.216327 0.0416661 0.0022326 2.9e-05 0 0 0 0 0 0 0 0 0 0 0 0 0 
1 0.800597 0.514816 0.217017 0.0419589 0.0022836 3.085e-05 7e-07 0 0 0 0 0 0 0 0 0 0 0 0 
1 0.799999 0.514125 0.216387 0.0417436 0.00224195 2.96e-05 3e-07 0 0 0 0 0 0 0 0 0 0 0 0 
1 0.799636 0.513045 0.2154 0.0415434 0.00231145 3.465e-05 1.5e-07 0 0 0 0 0 0 0 0 0 0 0 0 
1 0.800369 0.513998 0.215897 0.0414263 0.0022695 3.17e-05 3e-07 0 0 0 0 0 0 0 0 0 0 0 0 
1 0.800275 0.51454 0.216716 0.0420807 0.0023192 2.925e-05 2e-07 0 0 0 0 0 0 0 0 0 0 0 0 
1 0.799753 0.513211 0.215246 0.0410808 0.0021868 3.04e-05 0 0 0 0 0 0 0 0 0 0 0 0 0 
1 0.799605 0.513471 0.216104 0.0418143 0.0023 3.235e-05 6e-07 0 0 0 0 0 0 0 0 0 0 0 0 
1 0.80024 0.514417 0.216678 0.0418578 0.00227725 3.47e-05 5e-08 0 0 0 0 0 0 0 0 0 0 0 0 
1 0.800351 0.515107 0.217509 0.0421727 0.0022954 2.69e-05 1.5e-07 0 0 0 0 0 0 0 0 0 0 0 0 
1 0.800067 0.514074 0.216641 0.0418695 0.0022864 2.965e-05 3.5e-07 0 0 0 0 0 0 0 0 0 0 0 0 
1 0.800173 0.514362 0.216699 0.0418487 0.00226615 2.765e-05 4.5e-07 0 0 0 0 0 0 0 0 0 0 0 0 
1 0.799769 0.513464 0.215461 0.0411489 0.00217705 2.9e-05 4e-07 0 0 0 0 0 0 0 0 0 0 0 0 
1 0.800413 0.514685 0.216732 0.0418439 0.00226815 2.96e-05 1.5e-07 0 0 0 0 0 0 0 0 0 0 0 0 
1 0.799273 0.51256 0.214656 0.0410801 0.0022259 2.86e-05 4.5e-07 0 0 0 0 0 0 0 0 0 0 0 0 
1 0.800005 0.513828 0.215986 0.0416397 0.00222785 3.1e-05 0 0 0 0 0 0 0 0 0 0 0 0 0 
1 0.799986 0.514147 0.216106 0.0414154 0.0022295 3.135e-05 1e-07 0 0 0 0 0 0 0 0 0 0 0 0 
1 0.80037 0.51459 0.216783 0.0417919 0.00223515 2.58e-05 2e-07 0 0 0 0 0 0 0 0 0 0 0 0 
1 0.800228 0.514544 0.21702 0.0420808 0.0022994 3.665e-05 2.5e-07 0 0 0 0 0 0 0 0 0 0 0 0 
1 0.799576 0.513086 0.215218 0.0411969 0.0022251 3.07e-05 3e-07 0 0 0 0 0 0 0 0 0 0 0 0 
1 0.799533 0.513052 0.21537 0.041371 0.0022262 3.38e-05 0 0 0 0 0 0 0 0 0 0 0 0 0 
1 0.800039 0.514001 0.216304 0.0417492 0.00225275 2.73e-05 4e-07 0 0 0 0 0 0 0 0 0 0 0 0 
1 0.799708 0.513304 0.21572 0.0415862 0.00227365 3.61e-05 5.5e-07 0 0 0 0 0 0 0 0 0 0 0 0 
1 0.79954 0.513227 0.215698 0.041796 0.00226555 2.745e-05 2e-07 0 0 0 0 0 0 0 0 0 0 0 0 
1 0.800011 0.514034 0.216193 0.0417006 0.002251 3.24e-05 5e-07 0 0 0 0 0 0 0 0 0 0 0 0 
1 0.799908 0.513653 0.215795 0.0415061 0.00223925 3.345e-05 4e-07 0 0 0 0 0 0 0 0 0 0 0 0 
1 0.799742 0.513427 0.215744 0.0413886 0.00224805 3.065e-05 7.5e-07 0 0 0 0 0 0 0 0 0 0 0 0 
1 0.80008 0.51408 0.216153 0.0416263 0.00227595 2.985e-05 5e-08 0 0 0 0 0 0 0 0 0 0 0 0 
1 0.799452 0.512959 0.215225 0.0410853 0.00219955 2.915e-05 1.5e-07 0 0 0 0 0 0 0 0 0 0 0 0 
1 0.799985 0.51382 0.215868 0.0415073 0.0021997 3.25e-05 4e-07 0 0 0 0 0 0 0 0 0 0 0 0 
1 0.800504 0.514842 0.217015 0.041854 0.0022411 2.94e-05 4.5e-07 0 0 0 0 0 0 0 0 0 0 0 0 
1 0.799694 0.513242 0.215336 0.0412785 0.00217595 2.86e-05 0 0 0 0 0 0 0 0 0 0 0 0 0 
1 0.799767 0.513426 0.215607 0.0414398 0.0022453 3.265e-05 2e-07 0 0 0 0 0 0 0 0 0 0 0 0 
1 0.800514 0.514842 0.217158 0.0420835 0.00232995 3.295e-05 8.5e-07 0 0 0 0 0 0 0 0 0 0 0 0 
1 0.800091 0.513851 0.215698 0.0414393 0.00223855 3.33e-05 0 0 0 0 0 0 0 0 0 0 0 0 0 
1 0.800423 0.514914 0.216995 0.0418592 0.00227875 3.065e-05 3e-07 0 0 0 0 0 0 0 0 0 0 0 0 
1 0.799787 0.513527 0.215549 0.0414083 0.0022337 2.835e-05 2e-07 0 0 0 0 0 0 0 0 0 0 0 0 
1 0.800518 0.514797 0.216748 0.0417862 0.00225775 3.095e-05 1e-07 0 0 0 0 0 0 0 0 0 0 0 0 
1 0.799979 0.513578 0.215531 0.0413566 0.00224365 2.765e-05 2e-07 0 0 0 0 0 0 0 0 0 0 0 0 
1 0.80054 0.515056 0.217273 0.0420131 0.00228345 2.66e-05 3e-07 0 0 0 0 0 0 0 0 0 0 0 0 
1 0.799328 0.512563 0.215014 0.0413443 0.00221895 3.21e-05 1.5e-07 0 0 0 0 0 0 0 0 0 0 0 0 
1 0.800375 0.514598 0.217239 0.0421697 0.00232845 3.27e-05 0 0 0 0 0 0 0 0 0 0 0 0 0 
1 0.800754 0.514982 0.216827 0.0419805 0.00230055 2.815e-05 4e-07 0 0 0 0 0 0 0 0 0 0 0 0 
1 0.800265 0.514805 0.217346 0.0422298 0.00228745 2.85e-05 5e-08 0 0 0 0 0 0 0 0 0 0 0 0 
1 0.800617 0.515104 0.216798 0.0417663 0.00222675 3.08e-05 1.5e-07 0 0 0 0 0 0 0 0 0 0 0 0 
1 0.799922 0.513747 0.215677 0.0412367 0.0022052 3.09e-05 0 0 0 0 0 0 0 0 0 0 0 0 0 
1 0.800341 0.514569 0.216889 0.0418995 0.00227765 3.26e-05 4.5e-07 0 0 0 0 0 0 0 0 0 0 0 0 
1 0.799507 0.513149 0.215444 0.0413345 0.0022017 2.865e-05 3.5e-07 0 0 0 0 0 0 0 0 0 0 0 0 
1 0.800018 0.513781 0.21619 0.0417437 0.00226115 3.33e-05 3.5e-07 0 0 0 0 0 0 0 0 0 0 0 0 
1 0.800442 0.514948 0.216911 0.0420336 0.00232395 2.945e-05 1e-07 0 0 0 0 0 0 0 0 0 0 0 0 
1 0.800014 0.514259 0.216484 0.0417704 0.00227145 3.215e-05 4.5e-07 0 0 0 0 0 0 0 0 0 0 0 0 
1 0.800314 0.51458 0.21668 0.0418955 0.00225765 2.8e-05 3e-07 0 0 0 0 0 0 0 0 0 0 0 0 
1 0.799841 0.513596 0.215869 0.041545 0.00222755 3.13e-05 0 0 0 0 0 0 0 0 0 0 0 0 0 
1 0.80026 0.514957 0.217192 0.041979 0.0022898 3.035e-05 0 0 0 0 0 0 0 0 0 0 0 0 0 
1 0.800696 0.515449 0.217917 0.0423042 0.00228975 3.355e-05 5e-07 0 0 0 0 0 0 0 0 0 0 0 0 
1 0.800601 0.515161 0.217421 0.0422139 0.00231025 2.84e-05 4e-07 0 0 0 0 0 0 0 0 0 0 0 0 
1 0.799829 0.513616 0.215592 0.0414414 0.00220005 2.845e-05 0 0 0 0 0 0 0 0 0 0 0 0 0 
1 0.800396 0.514465 0.216471 0.0418015 0.00228455 3.67e-05 5.5e-07 0 0 0 0 0 0 0 0 0 0 0 0 
1 0.799726 0.513663 0.215933 0.0415393 0.0022481 3.335e-05 1e-07 0 0 0 0 0 0 0 0 0 0 0 0 
1 0.800008 0.513595 0.215678 0.0415514 0.00226795 2.91e-05 5e-08 0 0 0 0 0 0 0 0 0 0 0 0 
1 0.799898 0.513895 0.215993 0.0415065 0.00220785 3.225e-05 0 0 0 0 0 0 0 0 0 0 0 0 0 
1 0.79965 0.51324 0.21578 0.0416491 0.0022684 3.345e-05 3e-07 0 0 0 0 0 0 0 0 0 0 0 0 
1 0.801095 0.516146 0.218128 0.0424286 0.0023402 3.28e-05 1e-07 0 0 0 0 0 0 0 0 0 0 0 0 
1 0.799649 0.513305 0.215663 0.0415089 0.00224835 2.94e-05 1e-07 0 0 0 0 0 0 0 0 0 0 0 0 
1 0.79992 0.513798 0.216006 0.0415661 0.0022424 3.255e-05 3e-07 0 0 0 0 0 0 0 0 0 0 0 0 
1 0.799562 0.512844 0.215073 0.0413961 0.00223855 2.66e-05 5e-08 0 0 0 0 0 0 0 0 0 0 0 0 
1 0.800625 0.515093 0.217147 0.0420357 0.00229655 3.115e-05 1e-07 0 0 0 0 0 0 0 0 0 0 0 0 
1 0.799704 0.513345 0.215177 0.041184 0.0022267 3.005e-05 3e-07 0 0 0 0 0 0 0 0 0 0 0 0 
1 0.800179 0.514364 0.216688 0.0419287 0.00228185 3.135e-05 2.5e-07 0 0 0 0 0 0 0 0 0 0 0 0 
1 0.80024 0.514431 0.216712 0.0418691 0.0022775 3.18e-05 5e-08 0 0 0 0 0 0 0 0 0 0 0 0 
1 0.799645 0.513421 0.215714 0.0414807 0.0022905 3.56e-05 6e-07 0 0 0 0 0 0 0 0 0 0 0 0 
1 0.800369 0.514791 0.216826 0.0417391 0.0022349 3.03e-05 0 0 0 0 0 0 0 0 0 0 0 0 0 
1 0.799939 0.514035 0.216354 0.04172 0.0022499 3.015e-05 4.5e-07 0 0 0 0 0 0 0 0 0 0 0 0 
1 0.800304 0.514392 0.216727 0.0416772 0.002269 3.465e-05 3.5e-07 0 0 0 0 0 0 0 0 0 0 0 0 
1 0.800104 0.513916 0.215967 0.0416469 0.0022653 2.83e-05 2e-07 0 0 0 0 0 0 0 0 0 0 0 0 
1 0.800178 0.514382 0.21661 0.0417394 0.00225875 3.235e-05 0 0 0 0 0 0 0 0 0 0 0 0 0 
1 0.800377 0.514459 0.216393 0.0416419 0.00224895 2.84e-05 3e-07 0 0 0 0 0 0 0 0 0 0 0 0 
1 0.800759 0.515071 0.217053 0.0420716 0.0022905 3.095e-05 2e-07 0 0 0 0 0 0 0 0 0 0 0 0 
1 0.800288 0.514539 0.216778 0.041926 0.00230065 3.515e-05 1.5e-07 0 0 0 0 0 0 0 0 0 0 0 0 
1 0.800143 0.514063 0.216317 0.0416176 0.0022447 3.77e-05 6e-07 0 0 0 0 0 0 0 0 0 0 0 0 
1 0.800103 0.513523 0.215892 0.0415178 0.00226445 2.86e-05 2.5e-07 0 0 0 0 0 0 0 0 0 0 0 0 
1 0.799485 0.512864 0.214891 0.0411744 0.0022288 2.705e-05 2e-07 0 0 0 0 0 0 0 0 0 0 0 0 
1 0.800754 0.515472 0.21762 0.0422316 0.00232785 3.515e-05 4e-07 0 0 0 0 0 0 0 0 0 0 0 0 
1 0.800368 0.514674 0.217034 0.0419612 0.0022778 3.19e-05 1e-07 0 0 0 0 0 0 0 0 0 0 0 0 
1 0.800287 0.514648 0.216843 0.0419896 0.00230175 3.325e-05 3.5e-07 0 0 0 0 0 0 0 0 0 0 0 0 
1 0.799322 0.512711 0.214928 0.0411736 0.0022091 3.055e-05 4e-07 0 0 0 0 0 0 0 0 0 0 0 0 
1 0.800281 0.514856 0.217441 0.0422284 0.00232785 3.71e-05 2.5e-07 0 0 0 0 0 0 0 0 0 0 0 0 
1 0.799958 0.513818 0.216001 0.0415405 0.0022135 3.04e-05 0 0 0 0 0 0 0 0 0 0 0 0 0 
1 0.799922 0.513694 0.215864 0.0415762 0.00228225 3.14e-05 5e-08 0 0 0 0 0 0 0 0 0 0 0 0 
1 0.799986 0.513616 0.215997 0.0416426 0.00229445 3.29e-05 2e-07 0 0 0 0 0 0 0 0 0 0 0 0 
1 0.799761 0.513417 0.215595 0.0413561 0.00219405 3.04e-05 6e-07 0 0 0 0 0 0 0 0 0 0 0 0 
1 0.800231 0.514464 0.216751 0.0419317 0.0022698 3.1e-05 2.5e-07 0 0 0 0 0 0 0 0 0 0 0 0 
1 0.800003 0.513963 0.216118 0.0414869 0.00223365 3.05e-05 1.5e-07 0 0 0 0 0 0 0 0 0 0 0 0 
1 0.80026 0.514487 0.216341 0.0416495 0.00224045 3.015e-05 1.5e-07 0 0 0 0 0 0 0 0 0 0 0 0 
1 0.799869 0.513729 0.215666 0.0413071 0.00222965 3.365e-05 5e-08 0 0 0 0 0 0 0 0 0 0 0 0 
1 0.799835 0.51353 0.215818 0.0415391 0.0022562 3.045e-05 1e-07 0 0 0 0 0 0 0 0 0 0 0 0 
1 0.799918 0.513953 0.216335 0.0416452 0.002218 2.6e-05 2e-07 0 0 0 0 0 0 0 0 0 0 0 0 
1 0.799433 0.513054 0.215223 0.0413272 0.00221715 2.735e-05 2e-07 0 0 0 0 0 0 0 0 0 0 0 0 
1 0.799614 0.513225 0.215749 0.0416155 0.0022745 3.075e-05 7.5e-07 0 0 0 0 0 0 0 0 0 0 0 0 
1 0.799741 0.513803 0.216214 0.0415737 0.0022261 3.175e-05 3.5e-07 0 0 0 0 0 0 0 0 0 0 0 0 
1 0.799712 0.513521 0.215646 0.0414472 0.00224045 3.385e-05 2e-07 0 0 0 0 0 0 0 0 0 0 0 0 
1 0.800353 0.514397 0.216437 0.0416955 0.00225165 2.91e-05 5e-08 0 0 0 0 0 0 0 0 0 0 0 0 
1 0.79998 0.513578 0.215795 0.041447 0.00226825 3.07e-05 2e-07 0 0 0 0 0 0 0 0 0 0 0 0 
1 0.799851 0.513627 0.215685 0.0414334 0.0022804 3.305e-05 3.5e-07 0 0 0 0 0 0 0 0 0 0 0 0 
1 0.800121 0.513972 0.216329 0.0415597 0.00223215 3.21e-05 7e-07 0 0 0 0 0 0 0 0 0 0 0 0 
1 0.79971 0.513398 0.215402 0.0412935 0.0022072 2.825e-05 1.5e-07 0 0 0 0 0 0 0 0 0 0 0 0 
1 0.800156 0.514213 0.216118 0.0415422 0.00221805 2.645e-05 2e-07 0 0 0 0 0 0 0 0 0 0 0 0 
1 0.79958 0.512864 0.215217 0.0413367 0.00227295 3.665e-05 1.5e-07 0 0 0 0 0 0 0 0 0 0 0 0 
1 0.80029 0.514841 0.216896 0.0418926 0.0022631 2.665e-05 3e-07 0 0 0 0 0 0 0 0 0 0 0 0 
1 0.799357 0.512867 0.215219 0.0412635 0.00221555 3.135e-05 0 0 0 0 0 0 0 0 0 0 0 0 0 
1 0.79998 0.514355 0.216567 0.0416331 0.0022519 3.155e-05 4e-07 0 0 0 0 0 0 0 0 0 0 0 0 
1 0.799209 0.512655 0.214786 0.0411116 0.00224655 3.285e-05 4e-07 0 0 0 0 0 0 0 0 0 0 0 0 
1 0.799191 0.512537 0.214668 0.0410157 0.0021871 3.06e-05 3.5e-07 0 0 0 0 0 0 0 0 0 0 0 0 
1 0.799856 0.513663 0.215979 0.0415143 0.0022608 2.935e-05 3e-07 0 0 0 0 0 0 0 0 0 0 0 0 
1 0.800117 0.514196 0.216724 0.0419073 0.00224575 3.03e-05 1.5e-07 0 0 0 0 0 0 0 0 0 0 0 0 
1 0.799417 0.512856 0.215141 0.0413416 0.0021921 2.735e-05 0 0 0 0 0 0 0 0 0 0 0 0 0 
1 0.800434 0.514524 0.217045 0.0420969 0.0023114 3.395e-05 1.5e-07 0 0 0 0 0 0 0 0 0 0 0 0 
1 0.799833 0.513825 0.2162 0.0417911 0.0022775 2.98e-05 5e-08 0 0 0 0 0 0 0 0 0 0 0 0 
1 0.800244 0.514368 0.216686 0.0417688 0.00227665 3.04e-05 4e-07 0 0 0 0 0 0 0 0 0 0 0 0 
1 0.799693 0.513341 0.215506 0.0413599 0.00222075 3.085e-05 5e-08 0 0 0 0 0 0 0 0 0 0 0 0 
1 0.79986 0.513857 0.215933 0.0414618 0.00222185 2.87e-05 4.5e-07 0 0 0 0 0 0 0 0 0 0 0 0 
1 0.800485 0.514666 0.216866 0.042056 0.0023321 3.095e-05 5e-08 0 0 0 0 0 0 0 0 0 0 0 0 
1 0.799922 0.513713 0.215902 0.0414244 0.00219585 2.985e-05 4e-07 0 0 0 0 0 0 0 0 0 0 0 0 
1 0.80058 0.515002 0.217268 0.0420346 0.00229765 3.615e-05 5e-08 0 0 0 0 0 0 0 0 0 0 0 0 
1 0.799878 0.513625 0.215433 0.0413 0.0021749 2.93e-05 4.5e-07 0 0 0 0 0 0 0 0 0 0 0 0 
1 0.800525 0.515011 0.217235 0.0421107 0.00230415 3.115e-05 2e-07 0 0 0 0 0 0 0 0 0 0 0 0 
1 0.799865 0.513572 0.215683 0.0415099 0.0022475 3.295e-05 5e-08 0 0 0 0 0 0 0 0 0 0 0 0 
1 0.799915 0.513558 0.215716 0.0415197 0.00223335 3.095e-05 2e-07 0 0 0 0 0 0 0 0 0 0 0 0 
1 0.799656 0.513114 0.215466 0.0415506 0.00226975 3.27e-05 7e-07 0 0 0 0 0 0 0 0 0 0 0 0 
1 0.800221 0.51407 0.216305 0.0417236 0.002298 3.155e-05 2e-07 0 0 0 0 0 0 0 0 0 0 0 0 
1 0.799755 0.513646 0.216082 0.0415929 0.00223725 2.94e-05 3e-07 0 0 0 0 0 0 0 0 0 0 0 0 
1 0.800166 0.514381 0.21648 0.0416006 0.0022351 2.875e-05 5.5e-07 0 0 0 0 0 0 0 0 0 0 0 0 
1 0.799843 0.513487 0.215462 0.041313 0.0022011 2.795e-05 5e-08 0 0 0 0 0 0 0 0 0 0 0 0 
1 0.799447 0.512626 0.214606 0.04095 0.00215915 2.2e-05 3e-07 0 0 0 0 0 0 0 0 0 0 0 0 
1 0.799637 0.513366 0.215438 0.0412379 0.00216225 2.7e-05 1.5e-07 0 0 0 0 0 0 0 0 0 0 0 0 
1 0.79953 0.513061 0.215335 0.0413577 0.00222845 2.95e-05 2.5e-07 0 0 0 0 0 0 0 0 0 0 0 0 
1 0.800194 0.514421 0.216792 0.0420141 0.0022674 2.705e-05 1.5e-07 0 0 0 0 0 0 0 0 0 0 0 0 
1 0.799371 0.512643 0.215008 0.0412174 0.0022185 2.94e-05 1e-07 0 0 0 0 0 0 0 0 0 0 0 0 
1 0.799701 0.513426 0.21584 0.0417323 0.00227165 3.065e-05 0 0 0 0 0 0 0 0 0 0 0 0 0 
1 0.799762 0.513526 0.215543 0.041508 0.0022589 3.33e-05 4e-07 0 0 0 0 0 0 0 0 0 0 0 0 
1 0.800042 0.514321 0.216786 0.0418895 0.0023238 3.135e-05 2e-07 0 0 0 0 0 0 0 0 0 0 0 0 
1 0.799794 0.513679 0.215883 0.0414904 0.0022064 2.765e-05 4e-07 0 0 0 0 0 0 0 0 0 0 0 0 
1 0.800761 0.515544 0.217483 0.0421561 0.00228105 2.62e-05 0 0 0 0 0 0 0 0 0 0 0 0 0 
1 0.799853 0.513351 0.215956 0.041537 0.00221505 2.88e-05 1e-07 0 0 0 0 0 0 0 0 0 0 0 0 
1 0.800209 0.514092 0.216168 0.0415254 0.00220485 3.08e-05 2e-07 0 0 0 0 0 0 0 0 0 0 0 0 
1 0.799797 0.513659 0.215804 0.0413903 0.0021653 2.575e-05 0 0 0 0 0 0 0 0 0 0 0 0 0 
1 0.799814 0.5135 0.215806 0.0417162 0.0022814 3.025e-05 5e-07 0 0 0 0 0 0 0 0 0 0 0 0 
1 0.799646 0.513761 0.215976 0.0416329 0.00219785 3.04e-05 2.5e-07 0 0 0 0 0 0 0 0 0 0 0 0 
1 0.800203 0.514296 0.216545 0.0417081 0.00226295 3.16e-05 3e-07 0 0 0 0 0 0 0 0 0 0 0 0 
1 0.80012 0.514311 0.216477 0.0415479 0.00222025 3.12e-05 1.5e-07 0 0 0 0 0 0 0 0 0 0 0 0 
1 0.799304 0.512447 0.214581 0.0410076 0.0021933 3.07e-05 4e-07 0 0 0 0 0 0 0 0 0 0 0 0 
1 0.79987 0.514048 0.21631 0.0416837 0.0022544 2.97e-05 3.5e-07 0 0 0 0 0 0 0 0 0 0 0 0 
1 0.800156 0.514367 0.216834 0.0419772 0.00229555 2.755e-05 0 0 0 0 0 0 0 0 0 0 0 0 0 
1 0.799893 0.514102 0.216332 0.0417193 0.00224705 3.135e-05 3e-07 0 0 0 0 0 0 0 0 0 0 0 0 
1 0.800037 0.514062 0.216192 0.0416551 0.002252 3.215e-05 4.5e-07 0 0 0 0 0 0 0 0 0 0 0 0 
1 0.799696 0.513826 0.216206 0.0418722 0.00228965 3.055e-05 2e-07 0 0 0 0 0 0 0 0 0 0 0 0 
1 0.800085 0.514215 0.216081 0.0414307 0.0022051 3.305e-05 6e-07 0 0 0 0 0 0 0 0 0 0 0 0 
1 0.800086 0.514023 0.215955 0.0414112 0.00227485 3.55e-05 4.5e-07 0 0 0 0 0 0 0 0 0 0 0 0 
1 0.799821 0.513606 0.215748 0.0415253 0.0022717 3.435e-05 4.5e-07 0 0 0 0 0 0 0 0 0 0 0 0 
1 0.80009 0.514151 0.216415 0.0416119 0.00221095 2.995e-05 5e-08 0 0 0 0 0 0 0 0 0 0 0 0 
1 0.799883 0.514019 0.216331 0.0415756 0.0022341 3.425e-05 5e-07 0 0 0 0 0 0 0 0 0 0 0 0 
1 0.800411 0.514678 0.216631 0.0418279 0.00227875 3.175e-05 3.5e-07 0 0 0 0 0 0 0 0 0 0 0 0 
1 0.799521 0.513255 0.21546 0.0413478 0.0022394 2.815e-05 4e-07 0 0 0 0 0 0 0 0 0 0 0 0 
1 0.800262 0.514433 0.216471 0.0417902 0.00229335 3.41e-05 0 0 0 0 0 0 0 0 0 0 0 0 0 
1 0.79987 0.51364 0.21559 0.0413984 0.0022518 3.195e-05 4e-07 0 0 0 0 0 0 0 0 0 0 0 0 
1 0.799367 0.512785 0.214799 0.0411462 0.00218695 3.18e-05 2e-07 0 0 0 0 0 0 0 0 0 0 0 0 
1 0.800564 0.515018 0.217262 0.0421043 0.0022947 2.885e-05 1e-07 0 0 0 0 0 0 0 0 0 0 0 0 
1 0.800187 0.514178 0.216618 0.0418482 0.0022725 3.425e-05 6e-07 0 0 0 0 0 0 0 0 0 0 0 0 
1 0.799937 0.513992 0.216135 0.0415144 0.0022248 3.205e-05 2.5e-07 0 0 0 0 0 0 0 0 0 0 0 0 
1 0.799903 0.513555 0.215486 0.0413403 0.00224615 2.74e-05 1.5e-07 0 0 0 0 0 0 0 0 0 0 0 0 
1 0.79989 0.513755 0.215886 0.0416751 0.0022721 3.065e-05 9e-07 0 0 0 0 0 0 0 0 0 0 0 0 
1 0.799451 0.513057 0.215226 0.0412327 0.00219645 2.81e-05 2e-07 0 0 0 0 0 0 0 0 0 0 0 0 
1 0.800497 0.515281 0.217077 0.0418531 0.00225695 2.81e-05 4.5e-07 0 0 0 0 0 0 0 0 0 0 0 0 
1 0.800386 0.514873 0.216857 0.0418011 0.0022281 3.11e-05 5e-07 0 0 0 0 0 0 0 0 0 0 0 0 
1 0.800136 0.51444 0.216397 0.0417098 0.0022803 3.02e-05 4e-07 0 0 0 0 0 0 0 0 0 0 0 0 
1 0.80065 0.515637 0.217995 0.0424388 0.0023448 3.3e-05 5e-08 0 0 0 0 0 0 0 0 0 0 0 0 
1 0.80051 0.514938 0.216892 0.0418967 0.0022704 3.345e-05 5e-08 0 0 0 0 0 0 0 0 0 0 0 0 
1 0.800037 0.514396 0.216512 0.0418578 0.002304 3.66e-05 4e-07 0 0 0 0 0 0 0 0 0 0 0 0 
1 0.799951 0.513825 0.215984 0.0417219 0.00225275 3.485e-05 5e-08 0 0 0 0 0 0 0 0 0 0 0 0 
1 0.800843 0.515328 0.217578 0.0421424 0.0023073 3.03e-05 4e-07 0 0 0 0 0 0 0 0 0 0 0 0 
1 0.799877 0.513885 0.216328 0.0415784 0.0022386 3.385e-05 2e-07 0 0 0 0 0 0 0 0 0 0 0 0 
1 0.800148 0.514236 0.216711 0.0418987 0.00228155 2.885e-05 5e-08 0 0 0 0 0 0 0 0 0 0 0 0 
1 0.799833 0.513624 0.215752 0.0415176 0.00225125 3.03e-05 3e-07 0 0 0 0 0 0 0 0 0 0 0 0 
1 0.800279 0.514466 0.216644 0.0417759 0.00223435 2.925e-05 5e-07 0 0 0 0 0 0 0 0 0 0 0 0 
1 0.799431 0.513244 0.215791 0.0415311 0.00226215 3.63e-05 7.5e-07 0 0 0 0 0 0 0 0 0 0 0 0 
1 0.800054 0.513884 0.216061 0.0416397 0.00228615 3.055e-05 3.5e-07 0 0 0 0 0 0 0 0 0 0 0 0 
1 0.800027 0.513798 0.215703 0.0415025 0.0022198 2.76e-05 7e-07 0 0 0 0 0 0 0 0 0 0 0 0 
1 0.80008 0.514332 0.216573 0.0418251 0.0022584 3.155e-05 0 0 0 0 0 0 0 0 0 0 0 0 0 
1 0.799388 0.512445 0.214863 0.041207 0.00223945 2.865e-05 0 0 0 0 0 0 0 0 0 0 0 0 0 
1 0.799486 0.513004 0.215223 0.0411885 0.0021986 2.91e-05 5e-08 0 0 0 0 0 0 0 0 0 0 0 0 
1 0.800279 0.51436 0.216371 0.0416349 0.00226275 3.04e-05 1e-07 0 0 0 0 0 0 0 0 0 0 0 0 
1 0.800744 0.515393 0.217445 0.0422334 0.00230775 2.75e-05 0 0 0 0 0 0 0 0 0 0 0 0 0 
1 0.800584 0.515397 0.217481 0.0421536 0.00230605 3.24e-05 5.5e-07 0 0 0 0 0 0 0 0 0 0 0 0 
1 0.800346 0.514511 0.2166 0.0417543 0.0022515 2.91e-05 1e-07 0 0 0 0 0 0 0 0 0 0 0 0 
1 0.8001 0.514283 0.216413 0.0416916 0.00224925 3.025e-05 1e-07 0 0 0 0 0 0 0 0 0 0 0 0 
1 0.799955 0.514275 0.216698 0.0419727 0.0023108 3.28e-05 3.5e-07 0 0 0 0 0 0 0 0 0 0 0 0 
1 0.799856 0.513584 0.215707 0.0413887 0.00222125 3.075e-05 5e-07 0 0 0 0 0 0 0 0 0 0 0 0 
1 0.800168 0.514445 0.216804 0.0418971 0.00227885 2.92e-05 5e-07 0 0 0 0 0 0 0 0 0 0 0 0 
1 0.800341 0.514425 0.216472 0.0417793 0.0022528 3.52e-05 3.5e-07 0 0 0 0 0 0 0 0 0 0 0 0 
1 0.799807 0.51392 0.215871 0.0413385 0.0021701 2.78e-05 3e-07 0 0 0 0 0 0 0 0 0 0 0 0 
1 0.799988 0.513947 0.21612 0.0415637 0.0022307 3.115e-05 3.5e-07 0 0 0 0 0 0 0 0 0 0 0 0 
1 0.79929 0.512577 0.214649 0.0409344 0.0021894 2.935e-05 3e-07 0 0 0 0 0 0 0 0 0 0 0 0 
1 0.80074 0.515117 0.21708 0.0420784 0.00230785 3.31e-05 5e-07 0 0 0 0 0 0 0 0 0 0 0 0 
1 0.800897 0.515725 0.218133 0.0426492 0.0023884 3.245e-05 0 0 0 0 0 0 0 0 0 0 0 0 0 
1 0.800113 0.514171 0.216571 0.0418576 0.0022839 2.82e-05 2.5e-07 0 0 0 0 0 0 0 0 0 0 0 0 
1 0.799992 0.514242 0.216416 0.0418212 0.0023025 3.1e-05 5e-08 0 0 0 0 0 0 0 0 0 0 0 0 
1 0.800409 0.514637 0.216569 0.0416875 0.0022375 3.18e-05 0 0 0 0 0 0 0 0 0 0 0 0 0 
1 0.800012 0.514134 0.216498 0.0418812 0.00227565 3.8e-05 5e-08 0 0 0 0 0 0 0 0 0 0 0 0 
1 0.799811 0.513752 0.215825 0.0414627 0.00223765 3.07e-05 4.5e-07 0 0 0 0 0 0 0 0 0 0 0 0 
1 0.799709 0.513516 0.215547 0.041454 0.00224825 2.84e-05 2e-07 0 0 0 0 0 0 0 0 0 0 0 0 
1 0.799601 0.513044 0.215202 0.04117 0.00219065 3.105e-05 1.5e-07 0 0 0 0 0 0 0 0 0 0 0 0 
1 0.79986 0.513636 0.215544 0.0413716 0.00223985 2.91e-05 0 0 0 0 0 0 0 0 0 0 0 0 0 
1 0.800348 0.514493 0.216896 0.0419411 0.0022445 3.195e-05 2e-07 0 0 0 0 0 0 0 0 0 0 0 0 
1 0.800279 0.514748 0.2168 0.0420014 0.0022894 2.815e-05 1e-07 0 0 0 0 0 0 0 0 0 0 0 0 
1 0.80007 0.513964 0.216077 0.041673 0.00224935 3.02e-05 5e-08 0 0 0 0 0 0 0 0 0 0 0 0 
1 0.799514 0.512991 0.215217 0.0412618 0.0022034 3.345e-05 3e-07 0 0 0 0 0 0 0 0 0 0 0 0 
1 0.800156 0.514606 0.216859 0.0419456 0.0023039 3.505e-05 6e-07 0 0 0 0 0 0 0 0 0 0 0 0 
1 0.800116 0.514274 0.216133 0.041612 0.002246 3.365e-05 5e-08 0 0 0 0 0 0 0 0 0 0 0 0 
1 0.800171 0.514062 0.216198 0.0416938 0.00224335 2.92e-05 1.5e-07 0 0 0 0 0 0 0 0 0 0 0 0 
1 0.800347 0.514662 0.216804 0.0419781 0.0022731 3.3e-05 5e-07 0 0 0 0 0 0 0 0 0 0 0 0 
1 0.799834 0.51358 0.215667 0.0413622 0.002223 3.4e-05 2.5e-07 0 0 0 0 0 0 0 0 0 0 0 0 
1 0.800293 0.51471 0.216792 0.0420265 0.0022688 3.105e-05 1.5e-07 0 0 0 0 0 0 0 0 0 0 0 0 
1 0.800472 0.515164 0.217498 0.0420963 0.0022876 2.93e-05 1e-07 0 0 0 0 0 0 0 0 0 0 0 0 
1 0.80049 0.514935 0.217212 0.0421399 0.0022974 3.625e-05 5e-08 0 0 0 0 0 0 0 0 0 0 0 0 
1 0.800743 0.515103 0.217322 0.0420311 0.00232855 3.13e-05 2e-07 0 0 0 0 0 0 0 0 0 0 0 0 
1 0.80005 0.514157 0.216145 0.0416768 0.00228345 3.305e-05 0 0 0 0 0 0 0 0 0 0 0 0 0 
1 0.800416 0.514602 0.216638 0.0420148 0.00231505 2.955e-05 1.5e-07 0 0 0 0 0 0 0 0 0 0 0 0 
1 0.800337 0.514711 0.216892 0.041927 0.0022958 2.97e-05 1e-07 0 0 0 0 0 0 0 0 0 0 0 0 
1 0.800156 0.514252 0.216348 0.0417162 0.0022504 3.15e-05 7e-07 0 0 0 0 0 0 0 0 0 0 0 0 
1 0.799425 0.512936 0.215544 0.0414909 0.0022701 3.255e-05 1.5e-07 0 0 0 0 0 0 0 0 0 0 0 0 
1 0.800444 0.514904 0.217188 0.041996 0.002302 2.985e-05 1e-07 0 0 0 0 0 0 0 0 0 0 0 0 
1 0.800124 0.514334 0.216381 0.0417439 0.0022607 3.135e-05 3e-07 0 0 0 0 0 0 0 0 0 0 0 0 
1 0.800178 0.513886 0.215807 0.0416107 0.0022504 2.88e-05 5e-08 0 0 0 0 0 0 0 0 0 0 0 0 
1 0.799654 0.513278 0.215572 0.04151 0.0022568 3.02e-05 1.5e-07 0 0 0 0 0 0 0 0 0 0 0 0 
1 0.799488 0.513098 0.215067 0.0411504 0.00215535 2.595e-05 1e-07 0 0 0 0 0 0 0 0 0 0 0 0 
1 0.800629 0.515202 0.217409 0.0421934 0.00231735 3.235e-05 1.5e-07 0 0 0 0 0 0 0 0 0 0 0 0 
1 0.799615 0.513371 0.215709 0.0414515 0.00224175 2.765e-05 0 0 0 0 0 0 0 0 0 0 0 0 0 
1 0.799943 0.513924 0.21612 0.0416054 0.0022744 3.18e-05 4.5e-07 0 0 0 0 0 0 0 0 0 0 0 0 
1 0.800378 0.514864 0.217211 0.042015 0.0022833 3.34e-05 4.5e-07 0 0 0 0 0 0 0 0 0 0 0 0 
1 0.800919 0.515573 0.217988 0.0423966 0.00233235 3.435e-05 1e-07 0 0 0 0 0 0 0 0 0 0 0 0 
1 0.799743 0.513124 0.21547 0.0413409 0.00225715 3.035e-05 3e-07 0 0 0 0 0 0 0 0 0 0 0 0 
1 0.799822 0.513388 0.215624 0.0413948 0.00222665 3.31e-05 1.5e-07 0 0 0 0 0 0 0 0 0 0 0 0 
1 0.799607 0.512866 0.215055 0.0411967 0.00221005 3.12e-05 3.5e-07 0 0 0 0 0 0 0 0 0 0 0 0 
1 0.799324 0.512804 0.215228 0.0413185 0.0022068 3.09e-05 0 0 0 0 0 0 0 0 0 0 0 0 0 
1 0.800459 0.514673 0.216732 0.0419734 0.0023153 2.86e-05 0 0 0 0 0 0 0 0 0 0 0 0 0 
1 0.799403 0.512777 0.215253 0.0412617 0.00221065 2.725e-05 2.5e-07 0 0 0 0 0 0 0 0 0 0 0 0 
1 0.800951 0.515874 0.218195 0.0422474 0.00224505 3.02e-05 0 0 0 0 0 0 0 0 0 0 0 0 0 
1 0.79978 0.513574 0.215626 0.0414961 0.0022228 2.985e-05 1.5e-07 0 0 0 0 0 0 0 0 0 0 0 0 
1 0.80052 0.515288 0.217214 0.0419935 0.00227435 3.14e-05 0 0 0 0 0 0 0 0 0 0 0 0 0 
1 0.799804 0.5138 0.216077 0.0417867 0.0022936 3.145e-05 3e-07 0 0 0 0 0 0 0 0 0 0 0 0 
1 0.800177 0.514406 0.216583 0.0417081 0.00226225 2.785e-05 6.5e-07 0 0 0 0 0 0 0 0 0 0 0 0 
1 0.800134 0.513527 0.215499 0.0413895 0.0021914 3.145e-05 3.5e-07 0 0 0 0 0 0 0 0 0 0 0 0 
1 0.801062 0.516371 0.218544 0.0425956 0.00234915 3.13e-05 3.5e-07 0 0 0 0 0 0 0 0 0 0 0 0 
1 0.799857 0.514023 0.216331 0.0416208 0.0022312 2.715e-05 3e-07 0 0 0 0 0 0 0 0 0 0 0 0 
1 0.799914 0.513795 0.215909 0.0416719 0.0022347 3.17e-05 3e-07 0 0 0 0 0 0 0 0 0 0 0 0 
1 0.800095 0.513724 0.215804 0.0414509 0.00221065 3.33e-05 1.5e-07 0 0 0 0 0 0 0 0 0 0 0 0 
1 0.800038 0.514094 0.216255 0.0417784 0.0022353 3.41e-05 3e-07 0 0 0 0 0 0 0 0 0 0 0 0 
1 0.799939 0.513562 0.215751 0.0413608 0.0022139 3.035e-05 2e-07 0 0 0 0 0 0 0 0 0 0 0 0 
1 0.799807 0.513411 0.215518 0.0414602 0.0022401 3.28e-05 3e-07 0 0 0 0 0 0 0 0 0 0 0 0 
1 0.80052 0.514682 0.216868 0.0420358 0.00226905 3.07e-05 2.5e-07 0 0 0 0 0 0 0 0 0 0 0 0 
1 0.799994 0.513801 0.215603 0.0414523 0.0022317 2.975e-05 3e-07 0 0 0 0 0 0 0 0 0 0 0 0 
1 0.800116 0.5145 0.216821 0.0418088 0.0023064 3.125e-05 0 0 0 0 0 0 0 0 0 0 0 0 0 
1 0.799192 0.512528 0.214657 0.0410089 0.00216755 3.245e-05 1.5e-07 0 0 0 0 0 0 0 0 0 0 0 0 
1 0.799594 0.513178 0.215314 0.0412355 0.00219015 2.865e-05 0 0 0 0 0 0 0 0 0 0 0 0 0 
1 0.799654 0.513355 0.215683 0.0414675 0.00222865 3.23e-05 5e-07 0 0 0 0 0 0 0 0 0 0 0 0 
1 0.80005 0.514208 0.216179 0.0415717 0.00219125 2.535e-05 0 0 0 0 0 0 0 0 0 0 0 0 0 
1 0.799688 0.513139 0.21494 0.0412689 0.0022338 2.86e-05 6e-07 0 0 0 0 0 0 0 0 0 0 0 0 
1 0.799531 0.513016 0.215178 0.0412923 0.0022475 3.035e-05 4.5e-07 0 0 0 0 0 0 0 0 0 0 0 0 
1 0.800609 0.515016 0.21728 0.042006 0.00226715 2.87e-05 1e-06 0 0 0 0 0 0 0 0 0 0 0 0 
1 0.800467 0.514737 0.216775 0.0419585 0.00226925 3.485e-05 1e-07 0 0 0 0 0 0 0 0 0 0 0 0 
1 0.800084 0.514117 0.216311 0.041528 0.00225175 3.085e-05 3e-07 0 0 0 0 0 0 0 0 0 0 0 0 
1 0.800559 0.514854 0.217355 0.0422158 0.00233345 3.01e-05 3e-07 0 0 0 0 0 0 0 0 0 0 0 0 
1 0.800093 0.514581 0.216951 0.042001 0.00228375 2.62e-05 1.5e-07 0 0 0 0 0 0 0 0 0 0 0 0 
1 0.799352 0.512427 0.214564 0.040988 0.0021541 2.755e-05 1e-07 0 0 0 0 0 0 0 0 0 0 0 0 
1 0.799722 0.513304 0.215368 0.0413382 0.0021667 2.47e-05 0 0 0 0 0 0 0 0 0 0 0 0 0 
1 0.800462 0.51481 0.216919 0.0418806 0.00226475 2.71e-05 0 0 0 0 0 0 0 0 0 0 0 0 0 
1 0.799709 0.513614 0.215854 0.0416621 0.0022239 3.195e-05 5e-08 0 0 0 0 0 0 0 0 0 0 0 0 
1 0.799878 0.513778 0.215632 0.0413897 0.0022233 3.115e-05 2e-07 0 0 0 0 0 0 0 0 0 0 0 0 
1 0.799736 0.513462 0.215775 0.041411 0.0022263 2.76e-05 0 0 0 0 0 0 0 0 0 0 0 0 0 
1 0.799361 0.512802 0.21513 0.0412903 0.0022213 2.625e-05 1e-07 0 0 0 0 0 0 0 0 0 0 0 0 
1 0.800317 0.514806 0.217084 0.0419187 0.0022806 2.895e-05 2e-07 0 0 0 0 0 0 0 0 0 0 0 0 
1 0.799787 0.513426 0.215708 0.0414745 0.00222445 2.81e-05 1.5e-07 0 0 0 0 0 0 0 0 0 0 0 0 
1 0.799954 0.513888 0.21596 0.0415917 0.0022746 3.13e-05 3.5e-07 0 0 0 0 0 0 0 0 0 0 0 0 
1 0.800412 0.514615 0.21669 0.0417113 0.00225005 2.655e-05 1.5e-07 0 0 0 0 0 0 0 0 0 0 0 0 
1 0.800092 0.514311 0.216738 0.0416764 0.0022516 3.005e-05 3.5e-07 0 0 0 0 0 0 0 0 0 0 0 0 
1 0.799467 0.512684 0.214802 0.0410716 0.00219345 2.96e-05 2e-07 0 0 0 0 0 0 0 0 0 0 0 0 
1 0.799335 0.512465 0.214659 0.041091 0.00220315 3e-05 0 0 0 0 0 0 0 0 0 0 0 0 0 
1 0.800128 0.513897 0.215866 0.0413878 0.00219555 2.665e-05 2.5e-07 0 0 0 0 0 0 0 0 0 0 0 0 
1 0.80063 0.515099 0.21725 0.0419741 0.0022557 2.77e-05 4.5e-07 0 0 0 0 0 0 0 0 0 0 0 0 
1 0.79988 0.514048 0.216197 0.041626 0.00225595 3.525e-05 2e-07 0 0 0 0 0 0 0 0 0 0 0 0 
1 0.800369 0.514649 0.217052 0.0420479 0.0023009 3.245e-05 5e-08 0 0 0 0 0 0 0 0 0 0 0 0 
1 0.799207 0.512555 0.214655 0.0410057 0.0021819 2.775e-05 1e-07 0 0 0 0 0 0 0 0 0 0 0 0 
1 0.799964 0.513941 0.215924 0.0415359 0.00223535 2.785e-05 5e-08 0 0 0 0 0 0 0 0 0 0 0 0 
1 0.800325 0.514714 0.217104 0.0421282 0.0023095 3.155e-05 1e-07 0 0 0 0 0 0 0 0 0 0 0 0 
1 0.800265 0.514646 0.216879 0.0419169 0.00226925 3.245e-05 0 0 0 0 0 0 0 0 0 0 0 0 0 
1 0.800161 0.514522 0.217063 0.0420815 0.0022921 3.04e-05 3e-07 0 0 0 0 0 0 0 0 0 0 0 0 
1 0.799892 0.513767 0.215997 0.041651 0.0021984 2.83e-05 3e-07 0 0 0 0 0 0 0 0 0 0 0 0 
1 0.800241 0.514343 0.216317 0.0417712 0.00226095 3.43e-05 0 0 0 0 0 0 0 0 0 0 0 0 0 
1 0.799644 0.513065 0.215102 0.0410654 0.002208 3.15e-05 2.5e-07 0 0 0 0 0 0 0 0 0 0 0 0 
1 0.799725 0.513586 0.215966 0.04167 0.0022608 3.095e-05 1.5e-07 0 0 0 0 0 0 0 0 0 0 0 0 
1 0.800165 0.514249 0.216395 0.0416876 0.0022505 2.995e-05 8e-07 0 0 0 0 0 0 0 0 0 0 0 0 
1 0.799869 0.51389 0.215998 0.0416564 0.0022646 2.965e-05 1e-07 0 0 0 0 0 0 0 0 0 0 0 0 
1 0.799832 0.5137 0.215818 0.0414917 0.0022675 3.815e-05 3.5e-07 0 0 0 0 0 0 0 0 0 0 0 0 
1 0.799312 0.513142 0.215369 0.0414093 0.00225235 3.245e-05 1.5e-07 0 0 0 0 0 0 0 0 0 0 0 0 
1 0.800861 0.515478 0.217754 0.0422713 0.00230505 2.96e-05 1e-07 0 0 0 0 0 0 0 0 0 0 0 0 
1 0.799789 0.513794 0.215944 0.041464 0.002242 3.73e-05 6.5e-07 0 0 0 0 0 0 0 0 0 0 0 0 
1 0.800468 0.515079 0.217247 0.0421499 0.00229205 3.07e-05 1e-07 0 0 0 0 0 0 0 0 0 0 0 0 
1 0.799743 0.513709 0.215941 0.0416364 0.00222565 2.735e-05 1e-07 0 0 0 0 0 0 0 0 0 0 0 0 
1 0.799957 0.51408 0.216249 0.0416389 0.0022552 3.335e-05 3e-07 0 0 0 0 0 0 0 0 0 0 0 0 
1 0.799896 0.513844 0.215543 0.041051 0.0021693 2.56e-05 2e-07 1e-07 0 0 0 0 0 0 0 0 0 0 0 
1 0.800289 0.514045 0.216257 0.0416903 0.00223105 3.125e-05 2.5e-07 0 0 0 0 0 0 0 0 0 0 0 0 
1 0.800097 0.514123 0.216136 0.0415869 0.00222985 2.91e-05 1e-07 0 0 0 0 0 0 0 0 0 0 0 0 
1 0.800084 0.514103 0.216308 0.0415801 0.0022787 3.23e-05 3e-07 0 0 0 0 0 0 0 0 0 0 0 0 
1 0.800165 0.514134 0.216147 0.0415335 0.00219595 2.815e-05 2.5e-07 0 0 0 0 0 0 0 0 0 0 0 0 
1 0.800181 0.513982 0.216403 0.0417534 0.0022441 2.925e-05 1e-07 0 0 0 0 0 0 0 0 0 0 0 0 
1 0.799582 0.512922 0.215262 0.0413044 0.0022122 2.84e-05 5e-08 0 0 0 0 0 0 0 0 0 0 0 0 
1 0.800269 0.514808 0.217109 0.0420888 0.00227525 3.155e-05 5e-08 0 0 0 0 0 0 0 0 0 0 0 0 
1 0.800215 0.514449 0.216693 0.0418228 0.00228585 2.8e-05 1e-07 0 0 0 0 0 0 0 0 0 0 0 0 
1 0.8006 0.515006 0.217208 0.0421068 0.00227045 3.13e-05 3.5e-07 0 0 0 0 0 0 0 0 0 0 0 0 
1 0.800408 0.514771 0.217 0.042189 0.00233575 2.76e-05 3e-07 0 0 0 0 0 0 0 0 0 0 0 0 
1 0.799624 0.513168 0.21527 0.041321 0.00223025 3.13e-05 2.5e-07 0 0 0 0 0 0 0 0 0 0 0 0 
1 0.799291 0.512486 0.214515 0.0409627 0.0021559 2.82e-05 6.5e-07 0 0 0 0 0 0 0 0 0 0 0 0 
1 0.799669 0.513408 0.215439 0.0413437 0.00221195 3.07e-05 1.5e-07 0 0 0 0 0 0 0 0 0 0 0 0 
1 0.799751 0.513568 0.215601 0.0413901 0.0022214 2.79e-05 3.5e-07 0 0 0 0 0 0 0 0 0 0 0 0 
1 0.800407 0.514704 0.216835 0.0418681 0.00226185 3.275e-05 2.5e-07 0 0 0 0 0 0 0 0 0 0 0 0 
1 0.800146 0.514234 0.216547 0.0418288 0.0022668 3.01e-05 1e-07 0 0 0 0 0 0 0 0 0 0 0 0 
1 0.800153 0.514334 0.216228 0.0417328 0.0022239 3.18e-05 2e-07 0 0 0 0 0 0 0 0 0 0 0 0 
1 0.799956 0.513848 0.215989 0.0414267 0.0022628 3.27e-05 6e-07 0 0 0 0 0 0 0 0 0 0 0 0 
1 0.800216 0.514574 0.216997 0.0419011 0.0022806 2.755e-05 1.5e-07 0 0 0 0 0 0 0 0 0 0 0 0 
1 0.800265 0.514019 0.215923 0.0415815 0.00222915 2.935e-05 5e-08 0 0 0 0 0 0 0 0 0 0 0 0 
1 0.799694 0.51348 0.215585 0.0413493 0.00218725 2.755e-05 3e-07 0 0 0 0 0 0 0 0 0 0 0 0 
1 0.79982 0.513737 0.216125 0.041794 0.00228885 3.14e-05 7e-07 0 0 0 0 0 0 0 0 0 0 0 0 
1 0.800233 0.514519 0.216682 0.0419418 0.0022932 3.26e-05 5.5e-07 0 0 0 0 0 0 0 0 0 0 0 0 
1 0.798871 0.511998 0.214287 0.0408616 0.00214295 2.57e-05 1e-07 0 0 0 0 0 0 0 0 0 0 0 0 
1 0.799809 0.513387 0.215674 0.0415588 0.00224085 2.945e-05 2e-07 0 0 0 0 0 0 0 0 0 0 0 0 
1 0.800251 0.514959 0.217199 0.0420515 0.0023089 3.335e-05 3e-07 0 0 0 0 0 0 0 0 0 0 0 0 
1 0.800024 0.514064 0.216292 0.0417198 0.00227605 3.71e-05 1e-07 0 0 0 0 0 0 0 0 0 0 0 0 
1 0.800298 0.514604 0.216527 0.0417042 0.00228025 3.39e-05 4.5e-07 0 0 0 0 0 0 0 0 0 0 0 0 
1 0.80005 0.513982 0.216016 0.0415345 0.00223665 2.84e-05 2e-07 0 0 0 0 0 0 0 0 0 0 0 0 
1 0.800404 0.514954 0.217195 0.0421586 0.00228695 2.84e-05 1e-07 0 0 0 0 0 0 0 0 0 0 0 0 
1 0.799034 0.5122 0.214191 0.0408892 0.0021896 3.085e-05 1.1e-06 0 0 0 0 0 0 0 0 0 0 0 0 
1 0.799771 0.51362 0.215952 0.0414859 0.002228 3.045e-05 5e-08 0 0 0 0 0 0 0 0 0 0 0 0 
1 0.800254 0.51425 0.216224 0.0414344 0.00219075 2.845e-05 2e-07 0 0 0 0 0 0 0 0 0 0 0 0 
1 0.799847 0.513737 0.215812 0.0414094 0.00219765 2.92e-05 5e-08 0 0 0 0 0 0 0 0 0 0 0 0 
1 0.799755 0.513528 0.215671 0.0415059 0.00223315 2.65e-05 1.5e-07 0 0 0 0 0 0 0 0 0 0 0 0 
1 0.800165 0.514608 0.21685 0.0420204 0.0022789 2.855e-05 0 0 0 0 0 0 0 0 0 0 0 0 0 
1 0.800306 0.51483 0.217204 0.0421381 0.00231045 2.995e-05 3.5e-07 0 0 0 0 0 0 0 0 0 0 0 0 
1 0.800809 0.515693 0.217849 0.0423725 0.0023337 3.045e-05 4e-07 0 0 0 0 0 0 0 0 0 0 0 0 
1 0.799853 0.51363 0.215667 0.0415174 0.0022542 3.125e-05 3.5e-07 0 0 0 0 0 0 0 0 0 0 0 0 
1 0.79997 0.513852 0.216005 0.0415318 0.00221605 2.68e-05 0 0 0 0 0 0 0 0 0 0 0 0 0 
1 0.801017 0.515744 0.217922 0.0423337 0.00232095 3.13e-05 3.5e-07 0 0 0 0 0 0 0 0 0 0 0 0 
1 0.800689 0.515354 0.21753 0.0422537 0.0023096 3.22e-05 2.5e-07 0 0 0 0 0 0 0 0 0 0 0 0 
1 0.800234 0.514101 0.216293 0.0416711 0.00224645 2.84e-05 0 0 0 0 0 0 0 0 0 0 0 0 0 
1 0.801089 0.516032 0.217936 0.0422117 0.00233 3.05e-05 2.5e-07 0 0 0 0 0 0 0 0 0 0 0 0 
1 0.800016 0.514154 0.216524 0.0417814 0.00223235 3.11e-05 3e-07 0 0 0 0 0 0 0 0 0 0 0 0 
1 0.80006 0.514337 0.216582 0.0420169 0.0022717 3.415e-05 2e-07 0 0 0 0 0 0 0 0 0 0 0 0 
1 0.799579 0.513249 0.214898 0.0412303 0.0022112 2.81e-05 2.5e-07 0 0 0 0 0 0 0 0 0 0 0 0 
1 0.799229 0.512599 0.214786 0.0411982 0.0021934 2.825e-05 3e-07 0 0 0 0 0 0 0 0 0 0 0 0 
1 0.800157 0.514373 0.2165 0.0418114 0.0022762 3.08e-05 3.5e-07 0 0 0 0 0 0 0 0 0 0 0 0 
1 0.799661 0.513368 0.215626 0.0415501 0.0022371 2.92e-05 2.5e-07 0 0 0 0 0 0 0 0 0 0 0 0 
1 0.800076 0.51399 0.21613 0.041649 0.00225925 3.15e-05 5e-08 0 0 0 0 0 0 0 0 0 0 0 0 
1 0.800027 0.514319 0.216695 0.0418409 0.0022435 3.055e-05 0 0 0 0 0 0 0 0 0 0 0 0 0 
1 0.799265 0.512727 0.215079 0.0413117 0.0022373 2.615e-05 2.5e-07 0 0 0 0 0 0 0 0 0 0 0 0 
1 0.799854 0.513862 0.216356 0.0417299 0.002274 3.33e-05 0 0 0 0 0 0 0 0 0 0 0 0 0 
1 0.799706 0.51358 0.216185 0.0416106 0.00227635 3.035e-05 4e-07 0 0 0 0 0 0 0 0 0 0 0 0 
1 0.80019 0.514315 0.216833 0.0420488 0.00229665 3.185e-05 1e-07 0 0 0 0 0 0 0 0 0 0 0 0 
1 0.799754 0.513468 0.215713 0.0413937 0.00224155 2.84e-05 1e-07 0 0 0 0 0 0 0 0 0 0 0 0 
1 0.79996 0.513591 0.215663 0.0414629 0.00225185 3.15e-05 2e-07 0 0 0 0 0 0 0 0 0 0 0 0 
1 0.800236 0.514381 0.216652 0.0418474 0.00230075 3.09e-05 6.5e-07 0 0 0 0 0 0 0 0 0 0 0 0 
1 0.799903 0.513504 0.215767 0.0414511 0.00225875 3.1e-05 0 0 0 0 0 0 0 0 0 0 0 0 0 
1 0.800196 0.514352 0.216585 0.0417127 0.0022372 2.64e-05 0 0 0 0 0 0 0 0 0 0 0 0 0 
1 0.799204 0.512819 0.214996 0.0412364 0.0021968 2.73e-05 0 0 0 0 0 0 0 0 0 0 0 0 0 
1 0.800452 0.514873 0.216852 0.0419431 0.0022618 3.015e-05 0 0 0 0 0 0 0 0 0 0 0 0 0 
1 0.800537 0.514708 0.217124 0.0420066 0.00229095 3.25e-05 4.5e-07 0 0 0 0 0 0 0 0 0 0 0 0 
1 0.800212 0.514436 0.216861 0.0420349 0.0022911 3.205e-05 2.5e-07 0 0 0 0 0 0 0 0 0 0 0 0 
1 0.799926 0.513865 0.216029 0.0415803 0.00227305 3.125e-05 3e-07 0 0 0 0 0 0 0 0 0 0 0 0 
1 0.800121 0.514331 0.216541 0.041841 0.00224875 3.03e-05 4e-07 0 0 0 0 0 0 0 0 0 0 0 0 
1 0.800064 0.513777 0.215881 0.0414458 0.0022101 2.88e-05 2.5e-07 0 0 0 0 0 0 0 0 0 0 0 0 
1 0.799309 0.512936 0.215358 0.0413263 0.00221535 2.89e-05 1.5e-07 0 0 0 0 0 0 0 0 0 0 0 0 
1 0.800533 0.515296 0.217756 0.0424219 0.00235075 3.57e-05 1e-07 0 0 0 0 0 0 0 0 0 0 0 0 
1 0.799923 0.513767 0.215864 0.0416456 0.00227795 3.24e-05 0 0 0 0 0 0 0 0 0 0 0 0 0 
1 0.799418 0.512744 0.214842 0.0412274 0.00219515 2.69e-05 3e-07 0 0 0 0 0 0 0 0 0 0 0 0 
1 0.79976 0.513297 0.215597 0.0414292 0.0022459 2.755e-05 1.5e-07 0 0 0 0 0 0 0 0 0 0 0 0 
1 0.799804 0.51361 0.215686 0.0415668 0.00226655 3.16e-05 3.5e-07 0 0 0 0 0 0 0 0 0 0 0 0 
1 0.800544 0.514855 0.216766 0.04182 0.0022608 3.285e-05 3.5e-07 0 0 0 0 0 0 0 0 0 0 0 0 
1 0.799336 0.512649 0.214786 0.0411211 0.00221495 3.02e-05 3e-07 0 0 0 0 0 0 0 0 0 0 0 0 
1 0.800424 0.514976 0.217198 0.0421286 0.0023328 3.095e-05 2e-07 0 0 0 0 0 0 0 0 0 0 0 0 
1 0.799746 0.513941 0.215977 0.0414409 0.00222165 2.985e-05 2e-07 0 0 0 0 0 0 0 0 0 0 0 0 
1 0.800583 0.514913 0.21721 0.0420022 0.00225325 2.67e-05 4.5e-07 0 0 0 0 0 0 0 0 0 0 0 0 
1 0.800027 0.514249 0.216544 0.0419209 0.00229855 3.055e-05 5e-08 0 0 0 0 0 0 0 0 0 0 0 0 
1 0.800273 0.51418 0.216501 0.0418359 0.0022712 2.96e-05 1e-07 0 0 0 0 0 0 0 0 0 0 0 0 
1 0.800412 0.51473 0.216856 0.0419003 0.0022855 3.04e-05 4e-07 0 0 0 0 0 0 0 0 0 0 0 0 
1 0.799441 0.513155 0.215342 0.0414202 0.00226445 3.215e-05 3e-07 0 0 0 0 0 0 0 0 0 0 0 0 
1 0.800109 0.514057 0.216406 0.0417259 0.00225445 2.935e-05 4e-07 0 0 0 0 0 0 0 0 0 0 0 0 
1 0.800044 0.514032 0.216057 0.0415016 0.00222175 3.23e-05 4.5e-07 0 0 0 0 0 0 0 0 0 0 0 0 
1 0.800015 0.513959 0.216099 0.041438 0.00218355 2.7e-05 1e-07 0 0 0 0 0 0 0 0 0 0 0 0 
1 0.800218 0.514269 0.216765 0.0420601 0.00228935 3.115e-05 2e-07 0 0 0 0 0 0 0 0 0 0 0 0 
1 0.79923 0.512416 0.21455 0.0410608 0.00221355 3.405e-05 1e-07 0 0 0 0 0 0 0 0 0 0 0 0 
1 0.800521 0.515005 0.217237 0.042091 0.0023131 3.37e-05 1e-07 0 0 0 0 0 0 0 0 0 0 0 0 
1 0.799826 0.513379 0.215536 0.0413744 0.00216245 3.005e-05 0 0 0 0 0 0 0 0 0 0 0 0 0 
1 0.800052 0.513918 0.215844 0.0413953 0.0022078 2.93e-05 1.5e-07 0 0 0 0 0 0 0 0 0 0 0 0 
1 0.79986 0.513662 0.215573 0.0414401 0.0022237 2.815e-05 5e-08 0 0 0 0 0 0 0 0 0 0 0 0 
1 0.799898 0.513853 0.215861 0.0416307 0.00227205 3.275e-05 3.5e-07 0 0 0 0 0 0 0 0 0 0 0 0 
1 0.800258 0.514351 0.21676 0.0418548 0.00225985 2.905e-05 1.5e-07 0 0 0 0 0 0 0 0 0 0 0 0 
1 0.800451 0.514724 0.217088 0.0419426 0.0022772 3.255e-05 2.5e-07 0 0 0 0 0 0 0 0 0 0 0 0 
1 0.800129 0.513993 0.216044 0.0414943 0.0022275 3.135e-05 1e-07 0 0 0 0 0 0 0 0 0 0 0 0 
1 0.799385 0.512896 0.215249 0.0414023 0.00225325 2.98e-05 1e-07 0 0 0 0 0 0 0 0 0 0 0 0 
1 0.800071 0.514022 0.216399 0.0417407 0.002291 2.75e-05 6.5e-07 0 0 0 0 0 0 0 0 0 0 0 0 
1 0.80027 0.514499 0.216534 0.0417242 0.0022384 3.39e-05 4e-07 0 0 0 0 0 0 0 0 0 0 0 0 
1 0.799812 0.513548 0.21547 0.0411483 0.0021782 3.115e-05 0 0 0 0 0 0 0 0 0 0 0 0 0 
1 0.800415 0.514971 0.217132 0.0418488 0.00226065 3.39e-05 4e-07 0 0 0 0 0 0 0 0 0 0 0 0 
1 0.800863 0.515648 0.217961 0.0423327 0.0023039 3.445e-05 6e-07 0 0 0 0 0 0 0 0 0 0 0 0 
1 0.799522 0.512706 0.214962 0.0412242 0.0021746 3.1e-05 8e-07 0 0 0 0 0 0 0 0 0 0 0 0 
1 0.800247 0.514539 0.216898 0.0420431 0.00227985 3.335e-05 5e-08 0 0 0 0 0 0 0 0 0 0 0 0 
1 0.800421 0.514918 0.217201 0.0420908 0.00228275 2.72e-05 1.5e-07 0 0 0 0 0 0 0 0 0 0 0 0 
1 0.799675 0.51341 0.21525 0.0411792 0.0022143 3.32e-05 8e-07 0 0 0 0 0 0 0 0 0 0 0 0 
1 0.799954 0.513633 0.215862 0.0415478 0.0022697 3.525e-05 0 0 0 0 0 0 0 0 0 0 0 0 0 
1 0.80012 0.51411 0.216374 0.041653 0.00224055 3.46e-05 2.5e-07 0 0 0 0 0 0 0 0 0 0 0 0 
1 0.800442 0.51475 0.216862 0.0419929 0.00229875 3.085e-05 2.5e-07 0 0 0 0 0 0 0 0 0 0 0 0 
1 0.80013 0.513962 0.216074 0.0415279 0.0022367 3.02e-05 1.5e-07 0 0 0 0 0 0 0 0 0 0 0 0 
1 0.800179 0.51433 0.216385 0.0415255 0.00223375 2.86e-05 3.5e-07 0 0 0 0 0 0 0 0 0 0 0 0 
1 0.799689 0.513694 0.216122 0.0416666 0.00224605 3.01e-05 5.5e-07 0 0 0 0 0 0 0 0 0 0 0 0 
1 0.800854 0.515822 0.217775 0.0421517 0.00226535 2.81e-05 7e-07 0 0 0 0 0 0 0 0 0 0 0 0 
1 0.79976 0.513641 0.215914 0.0415791 0.0022482 3.09e-05 2.5e-07 0 0 0 0 0 0 0 0 0 0 0 0 
1 0.800438 0.514964 0.216839 0.0417137 0.00224965 2.82e-05 2e-07 0 0 0 0 0 0 0 0 0 0 0 0 
1 0.800683 0.515692 0.21791 0.0423045 0.00236665 3.415e-05 5e-07 0 0 0 0 0 0 0 0 0 0 0 0 
1 0.799766 0.513476 0.215726 0.0413761 0.0022052 2.67e-05 1.5e-07 0 0 0 0 0 0 0 0 0 0 0 0 
1 0.799634 0.513334 0.215757 0.0415533 0.00226485 3.21e-05 4e-07 0 0 0 0 0 0 0 0 0 0 0 0 
1 0.799979 0.513966 0.216135 0.0415894 0.00227285 2.9e-05 5e-07 0 0 0 0 0 0 0 0 0 0 0 0 
1 0.799719 0.513209 0.215331 0.041207 0.00224565 3.205e-05 3e-07 0 0 0 0 0 0 0 0 0 0 0 0 
1 0.80001 0.51421 0.216439 0.0418427 0.0023019 3.06e-05 5e-07 0 0 0 0 0 0 0 0 0 0 0 0 
1 0.799152 0.512112 0.214113 0.0408708 0.0021786 2.65e-05 1e-07 0 0 0 0 0 0 0 0 0 0 0 0 
1 0.799948 0.51385 0.215811 0.0413793 0.0022557 3.08e-05 2.5e-07 0 0 0 0 0 0 0 0 0 0 0 0 
1 0.799821 0.513896 0.216019 0.0414713 0.0022309 2.91e-05 4.5e-07 0 0 0 0 0 0 0 0 0 0 0 0 
1 0.800158 0.514031 0.216132 0.041757 0.002318 3.585e-05 4e-07 0 0 0 0 0 0 0 0 0 0 0 0 
1 0.799423 0.512861 0.215136 0.0413174 0.0022062 3.07e-05 4e-07 0 0 0 0 0 0 0 0 0 0 0 0 
1 0.799716 0.513441 0.215723 0.0415272 0.0022195 3.195e-05 5e-07 0 0 0 0 0 0 0 0 0 0 0 0 
1 0.800322 0.514484 0.216443 0.0416175 0.00222065 3.26e-05 5e-08 0 0 0 0 0 0 0 0 0 0 0 0 
1 0.799981 0.513972 0.216089 0.0416238 0.00224165 3.025e-05 1e-07 0 0 0 0 0 0 0 0 0 0 0 0 
1 0.800492 0.515035 0.217064 0.0419266 0.0022582 2.97e-05 3e-07 0 0 0 0 0 0 0 0 0 0 0 0 
1 0.800033 0.513972 0.216107 0.0417479 0.00226375 3.345e-05 2.5e-07 0 0 0 0 0 0 0 0 0 0 0 0 
1 0.799941 0.513612 0.215569 0.0413195 0.0021866 3.085e-05 7e-07 0 0 0 0 0 0 0 0 0 0 0 0 
1 0.80028 0.51468 0.216989 0.0420444 0.00230395 3.195e-05 1e-07 0 0 0 0 0 0 0 0 0 0 0 0 
1 0.800613 0.515348 0.217183 0.0420264 0.00224595 3.08e-05 1e-07 0 0 0 0 0 0 0 0 0 0 0 0 
1 0.80011 0.514137 0.216252 0.0416115 0.0022206 3.12e-05 2e-07 0 0 0 0 0 0 0 0 0 0 0 0 
1 0.800178 0.514305 0.216321 0.0417047 0.00226985 3.455e-05 4e-07 0 0 0 0 0 0 0 0 0 0 0 0 
1 0.799569 0.513098 0.215316 0.0411598 0.0021597 2.835e-05 2e-07 0 0 0 0 0 0 0 0 0 0 0 0 
1 0.79983 0.513728 0.216109 0.0417212 0.0022738 3.15e-05 1e-07 0 0 0 0 0 0 0 0 0 0 0 0 
1 0.799851 0.514329 0.216415 0.0417194 0.00227405 2.74e-05 2e-07 0 0 0 0 0 0 0 0 0 0 0 0 
1 0.800351 0.514305 0.216665 0.0417969 0.00225 2.565e-05 0 0 0 0 0 0 0 0 0 0 0 0 0 
1 0.799709 0.513409 0.215697 0.0413818 0.0022137 2.92e-05 0 0 0 0 0 0 0 0 0 0 0 0 0 
1 0.800133 0.514362 0.216892 0.0418666 0.0022831 3.15e-05 1.5e-07 0 0 0 0 0 0 0 0 0 0 0 0 
1 0.800081 0.514282 0.21662 0.04175 0.002282 2.895e-05 3.5e-07 0 0 0 0 0 0 0 0 0 0 0 0 
1 0.799591 0.513068 0.21515 0.0412419 0.00220675 2.46e-05 3.5e-07 0 0 0 0 0 0 0 0 0 0 0 0 
1 0.800106 0.513981 0.216127 0.0417528 0.00229245 3.14e-05 3e-07 0 0 0 0 0 0 0 0 0 0 0 0 
1 0.799988 0.513753 0.215945 0.0416615 0.0022574 2.68e-05 2e-07 0 0 0 0 0 0 0 0 0 0 0 0 
1 0.799947 0.513788 0.216055 0.0417847 0.00231055 3.475e-05 5.5e-07 0 0 0 0 0 0 0 0 0 0 0 0 
1 0.799172 0.512244 0.214562 0.0410514 0.00218955 2.925e-05 5e-08 0 0 0 0 0 0 0 0 0 0 0 0 
1 0.799752 0.513292 0.215451 0.0412271 0.0021875 3.25e-05 4e-07 0 0 0 0 0 0 0 0 0 0 0 0 
1 0.799628 0.513035 0.215114 0.0412016 0.002218 2.93e-05 1e-07 0 0 0 0 0 0 0 0 0 0 0 0 
1 0.799825 0.513644 0.215742 0.0413653 0.00223975 3.05e-05 1.5e-07 0 0 0 0 0 0 0 0 0 0 0 0 
1 0.800474 0.5148 0.216888 0.0416574 0.00225105 2.76e-05 0 0 0 0 0 0 0 0 0 0 0 0 0 
1 0.800101 0.513886 0.215937 0.0414957 0.0021998 3.055e-05 5.5e-07 0 0 0 0 0 0 0 0 0 0 0 0 
1 0.800026 0.513798 0.216 0.0417148 0.0022622 3.2e-05 3e-07 0 0 0 0 0 0 0 0 0 0 0 0 
1 0.800489 0.515073 0.217468 0.0422836 0.0023439 3.27e-05 2.5e-07 0 0 0 0 0 0 0 0 0 0 0 0 
1 0.799814 0.513441 0.215831 0.041456 0.0022058 2.975e-05 1.5e-07 0 0 0 0 0 0 0 0 0 0 0 0 
1 0.799349 0.512947 0.215377 0.0415293 0.0022556 3.305e-05 6.5e-07 0 0 0 0 0 0 0 0 0 0 0 0 
1 0.800127 0.514153 0.216383 0.0417794 0.00223835 3.31e-05 2e-07 0 0 0 0 0 0 0 0 0 0 0 0 
1 0.800286 0.514449 0.216679 0.0418294 0.00228035 2.975e-05 1.5e-06 3.5e-07 0 0 0 0 0 0 0 0 0 0 0 
1 0.800174 0.51395 0.21622 0.0416191 0.0022842 3.115e-05 5e-08 0 0 0 0 0 0 0 0 0 0 0 0 
1 0.799941 0.513734 0.21613 0.0416425 0.00226405 3.25e-05 0 0 0 0 0 0 0 0 0 0 0 0 0 
1 0.800545 0.5148 0.216843 0.0418635 0.00225565 2.73e-05 0 0 0 0 0 0 0 0 0 0 0 0 0 
1 0.7996 0.513285 0.215183 0.0411053 0.0021815 3.355e-05 0 0 0 0 0 0 0 0 0 0 0 0 0 
1 0.799356 0.512545 0.214474 0.0409221 0.0021551 2.89e-05 3e-07 0 0 0 0 0 0 0 0 0 0 0 0 
1 0.799893 0.513666 0.215804 0.0414791 0.0022244 3.05e-05 1.5e-07 0 0 0 0 0 0 0 0 0 0 0 0 
1 0.800197 0.514143 0.216356 0.0418933 0.00226475 2.855e-05 3e-07 0 0 0 0 0 0 0 0 0 0 0 0 
1 0.799336 0.512894 0.215319 0.0413966 0.0022188 3.07e-05 7.5e-07 0 0 0 0 0 0 0 0 0 0 0 0 
1 0.800223 0.514451 0.216577 0.0418525 0.0022403 2.845e-05 2.5e-07 0 0 0 0 0 0 0 0 0 0 0 0 
1 0.799952 0.513684 0.215831 0.0414684 0.00219485 2.94e-05 5e-08 0 0 0 0 0 0 0 0 0 0 0 0 
1 0.799828 0.513848 0.215986 0.0416067 0.0022427 3.335e-05 1e-07 0 0 0 0 0 0 0 0 0 0 0 0 
1 0.799845 0.513758 0.21612 0.0416341 0.00226215 3.23e-05 1e-07 0 0 0 0 0 0 0 0 0 0 0 0 
1 0.799477 0.513028 0.215181 0.0413368 0.00225235 3.235e-05 5e-08 0 0 0 0 0 0 0 0 0 0 0 0 
1 0.800013 0.513796 0.215833 0.0414948 0.0022317 3.37e-05 5.5e-07 0 0 0 0 0 0 0 0 0 0 0 0 
1 0.800422 0.514998 0.216924 0.0418994 0.0022371 2.905e-05 6e-07 0 0 0 0 0 0 0 0 0 0 0 0 
1 0.799661 0.513116 0.215386 0.0412787 0.00222055 3.015e-05 4e-07 0 0 0 0 0 0 0 0 0 0 0 0 
1 0.800075 0.514099 0.216504 0.0418449 0.00227985 3.59e-05 5.5e-07 0 0 0 0 0 0 0 0 0 0 0 0 
1 0.799911 0.513992 0.216081 0.0415544 0.00224995 3.41e-05 4.5e-07 0 0 0 0 0 0 0 0 0 0 0 0 
1 0.799733 0.513614 0.216163 0.0418288 0.0022604 3.79e-05 3.5e-07 0 0 0 0 0 0 0 0 0 0 0 0 
1 0.801149 0.515885 0.21807 0.0425819 0.00235375 3.24e-05 3.5e-07 0 0 0 0 0 0 0 0 0 0 0 0 
1 0.799509 0.513077 0.215302 0.0410753 0.00217365 2.825e-05 2.5e-07 0 0 0 0 0 0 0 0 0 0 0 0 
1 0.799956 0.513867 0.215819 0.0414704 0.00223745 2.945e-05 4e-07 0 0 0 0 0 0 0 0 0 0 0 0 
1 0.79991 0.51374 0.215676 0.0414122 0.00222 2.9e-05 3.5e-07 0 0 0 0 0 0 0 0 0 0 0 0 
1 0.799937 0.513727 0.215881 0.0415084 0.0022099 3.165e-05 3e-07 0 0 0 0 0 0 0 0 0 0 0 0 
1 0.800115 0.514272 0.216163 0.0417548 0.00227165 3.365e-05 0 0 0 0 0 0 0 0 0 0 0 0 0 
1 0.800097 0.514029 0.215872 0.0414909 0.0022084 3.295e-05 4e-07 0 0 0 0 0 0 0 0 0 0 0 0 
1 0.800394 0.514633 0.216507 0.0416976 0.00231145 3.65e-05 5e-08 0 0 0 0 0 0 0 0 0 0 0 0 
1 0.800596 0.515424 0.217622 0.0421646 0.00235915 3.415e-05 2.5e-07 0 0 0 0 0 0 0 0 0 0 0 0 
1 0.800152 0.514656 0.216792 0.0419833 0.00226385 3.31e-05 2e-07 0 0 0 0 0 0 0 0 0 0 0 0 
1 0.800023 0.513789 0.215813 0.0414018 0.00220925 2.54e-05 4.5e-07 0 0 0 0 0 0 0 0 0 0 0 0 
1 0.799494 0.51321 0.215353 0.0413531 0.0022002 3.02e-05 4e-07 0 0 0 0 0 0 0 0 0 0 0 0 
1 0.800153 0.514305 0.216375 0.0417204 0.0022869 2.26e-05 1.5e-07 0 0 0 0 0 0 0 0 0 0 0 0 
1 0.800427 0.514616 0.216534 0.041633 0.0022416 3.09e-05 0 0 0 0 0 0 0 0 0 0 0 0 0 
1 0.800233 0.514178 0.216491 0.0417249 0.00222035 2.655e-05 5e-08 0 0 0 0 0 0 0 0 0 0 0 0 
1 0.799736 0.513358 0.215224 0.0412698 0.0022391 2.47e-05 1e-07 0 0 0 0 0 0 0 0 0 0 0 0 
1 0.799766 0.513383 0.216018 0.0415824 0.00228595 3.23e-05 0 0 0 0 0 0 0 0 0 0 0 0 0 
1 0.799682 0.513329 0.215254 0.0411977 0.00220755 3.485e-05 6e-07 5e-08 0 0 0 0 0 0 0 0 0 0 0 
1 0.799547 0.513444 0.215619 0.0414778 0.00226815 3.175e-05 1.5e-07 0 0 0 0 0 0 0 0 0 0 0 0 
1 0.800072 0.514229 0.216237 0.0416619 0.0022498 2.655e-05 5e-08 0 0 0 0 0 0 0 0 0 0 0 0 
1 0.800079 0.514125 0.216007 0.0415638 0.0022112 2.815e-05 1e-07 0 0 0 0 0 0 0 0 0 0 0 0 
1 0.800032 0.513782 0.215821 0.0414918 0.00225485 3.105e-05 0 0 0 0 0 0 0 0 0 0 0 0 0 
1 0.79986 0.513824 0.215645 0.0414134 0.0021846 2.55e-05 1.5e-07 0 0 0 0 0 0 0 0 0 0 0 0 
1 0.799779 0.513577 0.215836 0.0415142 0.00223645 2.88e-05 4.5e-07 0 0 0 0 0 0 0 0 0 0 0 0 
1 0.799996 0.513862 0.215866 0.0416361 0.0022535 2.715e-05 1e-07 0 0 0 0 0 0 0 0 0 0 0 0 
1 0.800747 0.515392 0.217063 0.0420458 0.0022948 3.23e-05 5e-08 0 0 0 0 0 0 0 0 0 0 0 0 
1 0.799255 0.512631 0.214522 0.0409794 0.00220565 3.14e-05 5e-07 0 0 0 0 0 0 0 0 0 0 0 0 
1 0.799872 0.513775 0.216027 0.0415407 0.00226025 2.715e-05 0 0 0 0 0 0 0 0 0 0 0 0 0 
1 0.799788 0.513572 0.215716 0.0414981 0.0022693 3.25e-05 4e-07 0 0 0 0 0 0 0 0 0 0 0 0 
1 0.800333 0.514392 0.21619 0.0416512 0.0022434 2.785e-05 1.5e-07 0 0 0 0 0 0 0 0 0 0 0 0 
1 0.799866 0.513863 0.216268 0.0417738 0.00229515 3.545e-05 5.5e-07 0 0 0 0 0 0 0 0 0 0 0 0 
1 0.799596 0.513226 0.215595 0.0414727 0.00221285 2.76e-05 2e-07 0 0 0 0 0 0 0 0 0 0 0 0 
1 0.799969 0.513926 0.216058 0.041643 0.0022582 3.01e-05 2.5e-07 0 0 0 0 0 0 0 0 0 0 0 0 
1 0.800028 0.513847 0.216368 0.0417351 0.0022541 3.05e-05 5e-07 0 0 0 0 0 0 0 0 0 0 0 0 
1 0.799852 0.513682 0.216113 0.0416302 0.0022781 3.395e-05 1e-07 0 0 0 0 0 0 0 0 0 0 0 0 
1 0.800656 0.515641 0.21791 0.0423779 0.00229455 2.945e-05 0 0 0 0 0 0 0 0 0 0 0 0 0 
1 0.799959 0.513811 0.216261 0.0417136 0.00224345 2.885e-05 3.5e-07 0 0 0 0 0 0 0 0 0 0 0 0 
1 0.799435 0.512884 0.2151 0.0412136 0.00222705 2.735e-05 1.5e-07 0 0 0 0 0 0 0 0 0 0 0 0 
1 0.800219 0.514329 0.216544 0.0417805 0.0022513 3.11e-05 4.5e-07 0 0 0 0 0 0 0 0 0 0 0 0 
1 0.799507 0.512783 0.214595 0.0410074 0.0021896 3.285e-05 2.5e-07 0 0 0 0 0 0 0 0 0 0 0 0 
1 0.800226 0.514682 0.216718 0.0418525 0.0022684 3e-05 0 0 0 0 0 0 0 0 0 0 0 0 0 
1 0.799989 0.514222 0.216565 0.0419036 0.00232555 3.595e-05 2.5e-07 0 0 0 0 0 0 0 0 0 0 0 0 
1 0.800103 0.514202 0.216345 0.0417123 0.0022725 3.09e-05 5.5e-07 0 0 0 0 0 0 0 0 0 0 0 0 
1 0.799445 0.512652 0.214595 0.040918 0.0021999 2.75e-05 1.5e-07 0 0 0 0 0 0 0 0 0 0 0 0 
1 0.800198 0.514173 0.215918 0.0416025 0.0022353 2.84e-05 5e-08 0 0 0 0 0 0 0 0 0 0 0 0 
1 0.800009 0.51419 0.216706 0.0418915 0.0022902 3.19e-05 1e-07 0 0 0 0 0 0 0 0 0 0 0 0 
1 0.799608 0.513198 0.2155 0.0413881 0.00219445 2.99e-05 3e-07 0 0 0 0 0 0 0 0 0 0 0 0 
1 0.799712 0.513373 0.215676 0.0413044 0.0022582 3.015e-05 8.5e-07 0 0 0 0 0 0 0 0 0 0 0 0 
1 0.799632 0.51336 0.21535 0.0412392 0.00219165 2.805e-05 5e-08 0 0 0 0 0 0 0 0 0 0 0 0 
1 0.799994 0.514247 0.216804 0.0420839 0.0023161 3.25e-05 1e-07 0 0 0 0 0 0 0 0 0 0 0 0 
1 0.79976 0.512894 0.214743 0.0410622 0.0021778 2.625e-05 2e-07 0 0 0 0 0 0 0 0 0 0 0 0 
1 0.800286 0.514514 0.216964 0.0420703 0.00231165 2.925e-05 3e-07 0 0 0 0 0 0 0 0 0 0 0 0 
1 0.799976 0.513877 0.216006 0.0415789 0.00223535 3.415e-05 4.5e-07 0 0 0 0 0 0 0 0 0 0 0 0 
1 0.800007 0.513572 0.215457 0.0413585 0.0022388 2.91e-05 1e-07 0 0 0 0 0 0 0 0 0 0 0 0 
1 0.799539 0.512973 0.215232 0.0413442 0.00225205 3.16e-05 1.5e-07 0 0 0 0 0 0 0 0 0 0 0 0 
1 0.799493 0.512858 0.214979 0.0410728 0.00217825 3.07e-05 2.5e-07 0 0 0 0 0 0 0 0 0 0 0 0 
1 0.800417 0.514634 0.217095 0.0420816 0.0022907 3.265e-05 2e-07 0 0 0 0 0 0 0 0 0 0 0 0 
1 0.800212 0.514429 0.216709 0.0419397 0.00226715 2.71e-05 5e-08 0 0 0 0 0 0 0 0 0 0 0 0 
1 0.799066 0.511922 0.21422 0.0409918 0.0022314 2.83e-05 3e-07 0 0 0 0 0 0 0 0 0 0 0 0 
1 0.800107 0.514361 0.216605 0.0417889 0.0022322 2.755e-05 3e-07 0 0 0 0 0 0 0 0 0 0 0 0 
1 0.80066 0.515343 0.21746 0.0421673 0.00236755 3.13e-05 0 0 0 0 0 0 0 0 0 0 0 0 0 
1 0.800058 0.513992 0.216103 0.0416375 0.0022782 2.94e-05 3e-07 0 0 0 0 0 0 0 0 0 0 0 0 
1 0.80012 0.514136 0.21632 0.0417292 0.0022452 3.24e-05 3e-07 0 0 0 0 0 0 0 0 0 0 0 0 
1 0.800442 0.514932 0.217383 0.0422463 0.0023171 3.2e-05 1e-07 0 0 0 0 0 0 0 0 0 0 0 0 
1 0.80061 0.515207 0.217361 0.0422532 0.002317 3.62e-05 5e-08 0 0 0 0 0 0 0 0 0 0 0 0 
1 0.800015 0.513965 0.215958 0.0415024 0.0022337 3.025e-05 1.5e-07 0 0 0 0 0 0 0 0 0 0 0 0 
1 0.800045 0.514055 0.215959 0.0413964 0.0022698 3.615e-05 5e-08 0 0 0 0 0 0 0 0 0 0 0 0 
1 0.800012 0.513911 0.215903 0.0415912 0.0022375 3.125e-05 1e-07 0 0 0 0 0 0 0 0 0 0 0 0 
1 0.800028 0.513947 0.215935 0.0416 0.0022521 3.615e-05 5e-08 0 0 0 0 0 0 0 0 0 0 0 0 
1 0.800406 0.51446 0.216449 0.0417005 0.00226 3.15e-05 0 0 0 0 0 0 0 0 0 0 0 0 0 
1 0.799572 0.51295 0.215033 0.041172 0.00221515 3.21e-05 5e-07 0 0 0 0 0 0 0 0 0 0 0 0 
1 0.799895 0.513681 0.215841 0.0415408 0.0022667 3.435e-05 0 0 0 0 0 0 0 0 0 0 0 0 0 
1 0.799711 0.51379 0.216019 0.0415785 0.00226055 3.11e-05 1.5e-07 0 0 0 0 0 0 0 0 0 0 0 0 
1 0.800316 0.514436 0.216573 0.0418312 0.00227175 3.105e-05 6.5e-07 2e-07 0 0 0 0 0 0 0 0 0 0 0 
1 0.799559 0.513231 0.215495 0.0413669 0.00224165 2.995e-05 2.5e-07 0 0 0 0 0 0 0 0 0 0 0 0 
1 0.799697 0.51305 0.215301 0.0412001 0.0022059 2.65e-05 0 0 0 0 0 0 0 0 0 0 0 0 0 
1 0.799826 0.51362 0.215943 0.0415064 0.00223125 3.255e-05 4e-07 0 0 0 0 0 0 0 0 0 0 0 0 
1 0.799705 0.513665 0.216021 0.0416078 0.00222605 3.185e-05 2e-07 0 0 0 0 0 0 0 0 0 0 0 0 
1 0.80021 0.514247 0.216272 0.0416455 0.00227925 3.16e-05 3e-07 0 0 0 0 0 0 0 0 0 0 0 0 
1 0.799803 0.513324 0.215369 0.0413556 0.002164 3.3e-05 6e-07 0 0 0 0 0 0 0 0 0 0 0 0 
1 0.800685 0.515347 0.217683 0.0422799 0.0023092 3.2e-05 1.5e-07 0 0 0 0 0 0 0 0 0 0 0 0 
1 0.799629 0.513442 0.215584 0.041433 0.0022484 3.51e-05 8e-07 0 0 0 0 0 0 0 0 0 0 0 0 
1 0.800032 0.513723 0.216032 0.0415556 0.00225725 2.89e-05 0 0 0 0 0 0 0 0 0 0 0 0 0 
1 0.799832 0.513289 0.215336 0.0412921 0.0021744 2.565e-05 3.5e-07 0 0 0 0 0 0 0 0 0 0 0 0 
1 0.800024 0.514103 0.21635 0.0417736 0.0022907 3.115e-05 6e-07 0 0 0 0 0 0 0 0 0 0 0 0 
1 0.800167 0.514324 0.216266 0.0416433 0.0022684 3.1e-05 9e-07 0 0 0 0 0 0 0 0 0 0 0 0 
1 0.799828 0.513548 0.215782 0.0414192 0.002212 3.025e-05 1e-07 0 0 0 0 0 0 0 0 0 0 0 0 
1 0.800673 0.515207 0.217447 0.0421672 0.00232395 3.47e-05 0 0 0 0 0 0 0 0 0 0 0 0 0 
1 0.800511 0.515198 0.217564 0.04235 0.0023673 2.775e-05 2.5e-07 0 0 0 0 0 0 0 0 0 0 0 0 
1 0.800761 0.515183 0.217286 0.0421213 0.00232055 3.27e-05 5.5e-07 0 0 0 0 0 0 0 0 0 0 0 0 
1 0.800147 0.514074 0.215883 0.0415357 0.0022417 3.065e-05 1e-07 0 0 0 0 0 0 0 0 0 0 0 0 
1 0.800475 0.514846 0.216655 0.0418127 0.00231375 3.605e-05 2.5e-07 0 0 0 0 0 0 0 0 0 0 0 0 
1 0.800189 0.513981 0.216209 0.0417777 0.00224825 2.95e-05 3e-07 0 0 0 0 0 0 0 0 0 0 0 0 
1 0.799792 0.513908 0.216373 0.0419267 0.002327 3.25e-05 5e-07 0 0 0 0 0 0 0 0 0 0 0 0 
1 0.800112 0.513746 0.215443 0.0410922 0.0021822 3.055e-05 6.5e-07 0 0 0 0 0 0 0 0 0 0 0 0 
1 0.800653 0.515168 0.217187 0.0420176 0.00235015 3.26e-05 6e-07 0 0 0 0 0 0 0 0 0 0 0 0 
1 0.79957 0.513165 0.215584 0.0414664 0.00221645 3.205e-05 6.5e-07 0 0 0 0 0 0 0 0 0 0 0 0 
1 0.800603 0.515023 0.217359 0.0421694 0.0022959 3.155e-05 4.5e-07 0 0 0 0 0 0 0 0 0 0 0 0 
1 0.800111 0.514175 0.216476 0.0418727 0.002271 3.295e-05 2e-07 0 0 0 0 0 0 0 0 0 0 0 0 
1 0.799801 0.513476 0.215735 0.0413052 0.0022108 2.725e-05 4.5e-07 0 0 0 0 0 0 0 0 0 0 0 0 
1 0.799568 0.512946 0.21516 0.0414737 0.0022395 3.245e-05 6.5e-07 1e-07 0 0 0 0 0 0 0 0 0 0 0 
1 0.799802 0.5134 0.215352 0.0413864 0.00222 3e-05 3e-07 0 0 0 0 0 0 0 0 0 0 0 0 
1 0.799943 0.51342 0.215547 0.0415245 0.0022598 3.195e-05 5e-07 0 0 0 0 0 0 0 0 0 0 0 0 
1 0.799459 0.512623 0.214947 0.0413006 0.0022069 2.965e-05 3e-07 0 0 0 0 0 0 0 0 0 0 0 0 
1 0.799743 0.513153 0.215136 0.0412688 0.00219795 2.67e-05 2e-07 0 0 0 0 0 0 0 0 0 0 0 0 
1 0.800002 0.513991 0.216297 0.0417775 0.0022863 3.06e-05 2e-07 0 0 0 0 0 0 0 0 0 0 0 0 
1 0.800088 0.514008 0.215993 0.041526 0.0022274 2.77e-05 4e-07 0 0 0 0 0 0 0 0 0 0 0 0 
1 0.800144 0.513862 0.216002 0.0415995 0.0022691 3.23e-05 2e-07 0 0 0 0 0 0 0 0 0 0 0 0 
1 0.799951 0.513748 0.215773 0.0413128 0.0021838 3.185e-05 5e-08 0 0 0 0 0 0 0 0 0 0 0 0 
1 0.799854 0.513666 0.215672 0.0414772 0.00224145 3.11e-05 5e-07 0 0 0 0 0 0 0 0 0 0 0 0 
1 0.800293 0.514615 0.216574 0.0417136 0.0022863 3.26e-05 1e-07 0 0 0 0 0 0 0 0 0 0 0 0 
1 0.800258 0.51471 0.216759 0.0416342 0.0022506 3.105e-05 3.5e-07 0 0 0 0 0 0 0 0 0 0 0 0 
1 0.800324 0.514576 0.216594 0.0416376 0.00222855 3.075e-05 3e-07 0 0 0 0 0 0 0 0 0 0 0 0 
1 0.799866 0.513501 0.215622 0.0412913 0.00221855 2.855e-05 2.5e-07 0 0 0 0 0 0 0 0 0 0 0 0 
1 0.800243 0.514513 0.216848 0.0421217 0.00231475 2.955e-05 4.5e-07 0 0 0 0 0 0 0 0 0 0 0 0 
1 0.799564 0.513156 0.215188 0.0410653 0.00219525 3.36e-05 1.5e-07 0 0 0 0 0 0 0 0 0 0 0 0 
1 0.800569 0.514804 0.21689 0.0418066 0.00227555 3.21e-05 1e-07 0 0 0 0 0 0 0 0 0 0 0 0 
1 0.799537 0.51299 0.215337 0.041228 0.002233 3.195e-05 4.5e-07 0 0 0 0 0 0 0 0 0 0 0 0 
1 0.800409 0.514968 0.217221 0.0421449 0.0023337 3.175e-05 2e-07 0 0 0 0 0 0 0 0 0 0 0 0 
1 0.800505 0.514774 0.216928 0.0420275 0.00231805 3.22e-05 3.5e-07 0 0 0 0 0 0 0 0 0 0 0 0 
1 0.799693 0.513634 0.215705 0.0415865 0.0022793 3.32e-05 1.5e-07 0 0 0 0 0 0 0 0 0 0 0 0 
1 0.800347 0.514612 0.216764 0.0417536 0.0022707 3.35e-05 2.5e-07 0 0 0 0 0 0 0 0 0 0 0 0 
1 0.799844 0.513574 0.215681 0.0413094 0.00222345 3.055e-05 2e-07 0 0 0 0 0 0 0 0 0 0 0 0 
1 0.8 0.513885 0.2161 0.0416159 0.00225005 2.875e-05 1e-07 0 0 0 0 0 0 0 0 0 0 0 0 
1 0.799586 0.513385 0.215632 0.0414623 0.0022716 2.675e-05 3e-07 0 0 0 0 0 0 0 0 0 0 0 0 
1 0.800274 0.5147 0.216634 0.0417877 0.00225655 3.25e-05 4.5e-07 0 0 0 0 0 0 0 0 0 0 0 0 
1 0.800479 0.514729 0.216739 0.0417985 0.00224655 3.345e-05 0 0 0 0 0 0 0 0 0 0 0 0 0 
1 0.80022 0.51447 0.216449 0.0417115 0.00224485 2.985e-05 5e-08 0 0 0 0 0 0 0 0 0 0 0 0 
1 0.80048 0.514906 0.217024 0.0419985 0.00228185 2.825e-05 2e-07 0 0 0 0 0 0 0 0 0 0 0 0 
1 0.80057 0.514938 0.216976 0.0418687 0.002307 3.29e-05 0 0 0 0 0 0 0 0 0 0 0 0 0 
1 0.799593 0.513292 0.215384 0.0414403 0.0022469 3.385e-05 4.5e-07 5e-08 0 0 0 0 0 0 0 0 0 0 0 
1 0.800194 0.514257 0.216365 0.0418283 0.00228705 2.855e-05 1.15e-06 0 0 0 0 0 0 0 0 0 0 0 0 
1 0.79999 0.513879 0.216243 0.0416527 0.00225625 2.88e-05 2e-07 0 0 0 0 0 0 0 0 0 0 0 0 
1 0.799757 0.513419 0.215359 0.0412955 0.00217785 3.29e-05 6.5e-07 0 0 0 0 0 0 0 0 0 0 0 0 
1 0.800205 0.514427 0.216596 0.041699 0.0022761 3.115e-05 1e-07 0 0 0 0 0 0 0 0 0 0 0 0 
1 0.800111 0.514154 0.216021 0.0415257 0.0022369 2.82e-05 1.5e-07 0 0 0 0 0 0 0 0 0 0 0 0 
1 0.799565 0.513049 0.215338 0.041381 0.00222975 2.9e-05 2.5e-07 0 0 0 0 0 0 0 0 0 0 0 0 
1 0.79996 0.514224 0.216165 0.041603 0.00222815 2.73e-05 2e-07 0 0 0 0 0 0 0 0 0 0 0 0 
1 0.800542 0.514946 0.216847 0.041848 0.0022691 2.965e-05 5.5e-07 0 0 0 0 0 0 0 0 0 0 0 0 
1 0.799731 0.513317 0.21512 0.0411816 0.00217215 3.265e-05 1.5e-07 0 0 0 0 0 0 0 0 0 0 0 0 
1 0.798873 0.511915 0.214427 0.0409323 0.00219875 2.635e-05 2e-07 0 0 0 0 0 0 0 0 0 0 0 0 
1 0.800268 0.514564 0.216421 0.0416564 0.0022658 3.345e-05 2.5e-07 0 0 0 0 0 0 0 0 0 0 0 0 
1 0.79966 0.513353 0.215757 0.0414452 0.00221435 2.985e-05 5e-08 0 0 0 0 0 0 0 0 0 0 0 0 
1 0.799597 0.513621 0.215573 0.0414534 0.00221565 3.085e-05 1e-07 0 0 0 0 0 0 0 0 0 0 0 0 
1 0.800612 0.51532 0.217724 0.0422181 0.0023331 3.325e-05 1.5e-07 0 0 0 0 0 0 0 0 0 0 0 0 
1 0.800574 0.515238 0.217446 0.0420631 0.0022507 2.96e-05 0 0 0 0 0 0 0 0 0 0 0 0 0 
1 0.800197 0.513924 0.215874 0.0413691 0.00220375 2.825e-05 1.5e-07 0 0 0 0 0 0 0 0 0 0 0 0 
1 0.799065 0.511935 0.214238 0.0409284 0.00220695 2.68e-05 1.35e-06 1.5e-07 0 0 0 0 0 0 0 0 0 0 0 
1 0.799475 0.513192 0.215495 0.0414788 0.0022209 3.175e-05 3e-07 0 0 0 0 0 0 0 0 0 0 0 0 
1 0.800115 0.514023 0.216096 0.0416424 0.0022832 3.125e-05 0 0 0 0 0 0 0 0 0 0 0 0 0 
1 0.799862 0.513888 0.216026 0.04161 0.00225515 3.285e-05 8.5e-07 0 0 0 0 0 0 0 0 0 0 0 0 
1 0.799029 0.512011 0.214479 0.0410184 0.00215545 2.765e-05 7.5e-07 0 0 0 0 0 0 0 0 0 0 0 0 
1 0.800304 0.51451 0.216371 0.041698 0.00222585 3.16e-05 5.5e-07 0 0 0 0 0 0 0 0 0 0 0 0 
1 0.799596 0.513628 0.216092 0.0417222 0.00224435 2.965e-05 1.5e-07 0 0 0 0 0 0 0 0 0 0 0 0 
1 0.79955 0.513101 0.215118 0.0412348 0.00218805 2.62e-05 0 0 0 0 0 0 0 0 0 0 0 0 0 
1 0.800169 0.514627 0.216817 0.0418637 0.00227 3.04e-05 9e-07 0 0 0 0 0 0 0 0 0 0 0 0 
1 0.799456 0.513044 0.215334 0.0411999 0.00217125 2.85e-05 1.5e-07 0 0 0 0 0 0 0 0 0 0 0 0 
1 0.799962 0.513742 0.215726 0.0413071 0.0022264 2.98e-05 5e-08 0 0 0 0 0 0 0 0 0 0 0 0 
1 0.800244 0.51422 0.216252 0.0414896 0.00221345 3.49e-05 5e-08 0 0 0 0 0 0 0 0 0 0 0 0 
1 0.799585 0.513163 0.215215 0.0411497 0.0021797 2.705e-05 6.5e-07 0 0 0 0 0 0 0 0 0 0 0 0 
1 0.800078 0.514351 0.216828 0.0420028 0.002319 3.61e-05 1e-07 0 0 0 0 0 0 0 0 0 0 0 0 
1 0.799355 0.512761 0.215154 0.0412365 0.002204 2.745e-05 2e-07 0 0 0 0 0 0 0 0 0 0 0 0 
1 0.799332 0.513002 0.215251 0.0414034 0.002231 3.34e-05 1e-07 0 0 0 0 0 0 0 0 0 0 0 0 
1 0.800252 0.514292 0.216597 0.0418749 0.002301 3.23e-05 5e-07 0 0 0 0 0 0 0 0 0 0 0 0 
1 0.79989 0.513683 0.21561 0.0411929 0.0021604 2.89e-05 0 0 0 0 0 0 0 0 0 0 0 0 0 
1 0.800313 0.514601 0.216966 0.0420915 0.0023113 3.215e-05 2e-07 0 0 0 0 0 0 0 0 0 0 0 0 
1 0.799643 0.513263 0.215402 0.0413652 0.0021628 2.83e-05 1e-07 0 0 0 0 0 0 0 0 0 0 0 0 
1 0.799767 0.513198 0.215442 0.0412783 0.0022012 3.02e-05 0 0 0 0 0 0 0 0 0 0 0 0 0 
1 0.799991 0.513829 0.215877 0.041335 0.002238 2.81e-05 7e-07 0 0 0 0 0 0 0 0 0 0 0 0 
1 0.800204 0.514269 0.216521 0.0419698 0.00232935 3.21e-05 5.5e-07 0 0 0 0 0 0 0 0 0 0 0 0 
1 0.799944 0.514075 0.216226 0.0416406 0.0022779 2.89e-05 0 0 0 0 0 0 0 0 0 0 0 0 0 
1 0.800245 0.514533 0.217279 0.0423146 0.0023121 3.425e-05 3.5e-07 0 0 0 0 0 0 0 0 0 0 0 0 
1 0.800235 0.514664 0.216852 0.0419392 0.00227675 2.49e-05 4.5e-07 0 0 0 0 0 0 0 0 0 0 0 0 
1 0.800537 0.515237 0.217439 0.0420433 0.00230825 3.155e-05 4.5e-07 0 0 0 0 0 0 0 0 0 0 0 0 
1 0.799557 0.512976 0.214996 0.0411349 0.00218435 2.86e-05 1.5e-07 0 0 0 0 0 0 0 0 0 0 0 0 
1 0.799997 0.513894 0.215972 0.0415765 0.00223525 3.055e-05 3.5e-07 0 0 0 0 0 0 0 0 0 0 0 0 
1 0.799951 0.513797 0.215961 0.0414982 0.00219965 3.165e-05 5.5e-07 0 0 0 0 0 0 0 0 0 0 0 0 
1 0.80035 0.514773 0.217177 0.0420793 0.00233275 3.31e-05 2.5e-07 0 0 0 0 0 0 0 0 0 0 0 0 
1 0.799935 0.513753 0.215731 0.0414129 0.00221385 2.885e-05 1e-07 0 0 0 0 0 0 0 0 0 0 0 0 
1 0.799923 0.513518 0.215539 0.0413707 0.00224815 2.77e-05 4e-07 0 0 0 0 0 0 0 0 0 0 0 0 
1 0.799642 0.513399 0.215758 0.0416459 0.0023037 3.345e-05 1e-07 0 0 0 0 0 0 0 0 0 0 0 0 
1 0.799562 0.513047 0.215362 0.0412428 0.00224025 3.225e-05 6.5e-07 0 0 0 0 0 0 0 0 0 0 0 0 
1 0.799803 0.513704 0.216054 0.041705 0.0022902 2.965e-05 0 0 0 0 0 0 0 0 0 0 0 0 0 
1 0.799679 0.513817 0.216239 0.0416827 0.00224705 2.79e-05 1e-07 0 0 0 0 0 0 0 0 0 0 0 0 
1 0.8003 0.514356 0.216342 0.041693 0.0022354 2.69e-05 3.5e-07 0 0 0 0 0 0 0 0 0 0 0 0 
1 0.799999 0.513846 0.215817 0.0413586 0.00218995 3.025e-05 2e-07 0 0 0 0 0 0 0 0 0 0 0 0 
1 0.799893 0.513604 0.215735 0.0413072 0.0021941 2.95e-05 8.5e-07 0 0 0 0 0 0 0 0 0 0 0 0 
1 0.800363 0.51434 0.216072 0.0415081 0.002239 3.13e-05 3.5e-07 0 0 0 0 0 0 0 0 0 0 0 0 
1 0.800384 0.514958 0.217293 0.0421091 0.002299 3.365e-05 3.5e-07 0 0 0 0 0 0 0 0 0 0 0 0 
1 0.79996 0.513972 0.216291 0.0416289 0.0022604 3.15e-05 2e-07 0 0 0 0 0 0 0 0 0 0 0 0 
1 0.799877 0.513652 0.215934 0.0415557 0.0022361 2.975e-05 5e-07 0 0 0 0 0 0 0 0 0 0 0 0 
1 0.799604 0.513401 0.215593 0.0413598 0.0022096 2.84e-05 1.5e-07 0 0 0 0 0 0 0 0 0 0 0 0 
1 0.800124 0.513801 0.216108 0.0416886 0.00226565 3.755e-05 4e-07 0 0 0 0 0 0 0 0 0 0 0 0 
1 0.80051 0.514953 0.217107 0.042097 0.0023183 3.66e-05 5e-07 0 0 0 0 0 0 0 0 0 0 0 0 
1 0.799805 0.513385 0.215342 0.0411217 0.00220125 2.845e-05 5e-08 0 0 0 0 0 0 0 0 0 0 0 0 
1 0.800141 0.514789 0.217012 0.0422461 0.00238395 3.355e-05 8e-07 0 0 0 0 0 0 0 0 0 0 0 0 
1 0.800292 0.514684 0.216676 0.041934 0.00229665 3.34e-05 4.5e-07 5e-08 0 0 0 0 0 0 0 0 0 0 0 
1 0.799697 0.513323 0.215597 0.0414368 0.0022815 2.915e-05 0 0 0 0 0 0 0 0 0 0 0 0 0 
1 0.799819 0.513645 0.215838 0.0416647 0.0022866 3.13e-05 6e-07 0 0 0 0 0 0 0 0 0 0 0 0 
1 0.79961 0.513576 0.215921 0.0415371 0.0022339 3.385e-05 6.5e-07 0 0 0 0 0 0 0 0 0 0 0 0 
1 0.799891 0.513646 0.215645 0.0415107 0.0022541 3.1e-05 7.5e-07 0 0 0 0 0 0 0 0 0 0 0 0 
1 0.799917 0.513962 0.215928 0.0414859 0.00224275 3.415e-05 5e-07 0 0 0 0 0 0 0 0 0 0 0 0 
1 0.799862 0.513602 0.215655 0.0414033 0.00222415 3.01e-05 2.5e-07 0 0 0 0 0 0 0 0 0 0 0 0 
1 0.800356 0.514336 0.216865 0.0417893 0.00230535 3.5e-05 1.5e-07 0 0 0 0 0 0 0 0 0 0 0 0 
1 0.799668 0.51335 0.215456 0.0412545 0.00219245 2.82e-05 2.5e-07 0 0 0 0 0 0 0 0 0 0 0 0 
1 0.80022 0.514431 0.216588 0.0418878 0.0022857 3.21e-05 4.5e-07 0 0 0 0 0 0 0 0 0 0 0 0 
1 0.799371 0.512677 0.214992 0.0410464 0.00220195 2.645e-05 5.5e-07 0 0 0 0 0 0 0 0 0 0 0 0 
1 0.800357 0.514417 0.216539 0.0417904 0.0022644 3.035e-05 4e-07 0 0 0 0 0 0 0 0 0 0 0 0 
1 0.799993 0.514139 0.216643 0.0418239 0.0022807 2.715e-05 2e-07 0 0 0 0 0 0 0 0 0 0 0 0 
1 0.800394 0.514884 0.217115 0.042024 0.00231955 3.64e-05 5e-08 0 0 0 0 0 0 0 0 0 0 0 0 
1 0.800221 0.514591 0.216823 0.0417306 0.002235 3.155e-05 6e-07 0 0 0 0 0 0 0 0 0 0 0 0 
1 0.799869 0.513803 0.215986 0.0415837 0.00223875 2.805e-05 8.5e-07 0 0 0 0 0 0 0 0 0 0 0 0 
1 0.800258 0.514905 0.217089 0.0420027 0.00225765 2.685e-05 1e-07 0 0 0 0 0 0 0 0 0 0 0 0 
1 0.799978 0.514259 0.216574 0.0417949 0.00227055 3.225e-05 2e-07 0 0 0 0 0 0 0 0 0 0 0 0 
1 0.799694 0.51348 0.215939 0.0417402 0.002257 2.83e-05 0 0 0 0 0 0 0 0 0 0 0 0 0 
1 0.800035 0.514105 0.216225 0.0415453 0.002203 2.85e-05 3e-07 0 0 0 0 0 0 0 0 0 0 0 0 
1 0.800499 0.515001 0.216927 0.041862 0.0022556 3.185e-05 5e-07 0 0 0 0 0 0 0 0 0 0 0 0 
1 0.800398 0.514544 0.216554 0.0417927 0.0022586 3.22e-05 2e-07 0 0 0 0 0 0 0 0 0 0 0 0 
1 0.800382 0.514715 0.216861 0.0418852 0.0022884 3.545e-05 2e-07 0 0 0 0 0 0 0 0 0 0 0 0 
1 0.799973 0.514032 0.216094 0.0416815 0.0022706 3.325e-05 5e-08 0 0 0 0 0 0 0 0 0 0 0 0 
1 0.799968 0.513877 0.215846 0.0415202 0.00226095 2.795e-05 2.5e-07 0 0 0 0 0 0 0 0 0 0 0 0 
1 0.800419 0.514766 0.216988 0.0419232 0.0022751 3.225e-05 2e-07 0 0 0 0 0 0 0 0 0 0 0 0 
1 0.799837 0.513718 0.216155 0.0417029 0.00225295 2.71e-05 1.5e-07 0 0 0 0 0 0 0 0 0 0 0 0 
1 0.800336 0.514718 0.216881 0.0418256 0.00226195 2.98e-05 0 0 0 0 0 0 0 0 0 0 0 0 0 
1 0.799975 0.513752 0.215979 0.0414743 0.00224315 3.115e-05 2.5e-07 0 0 0 0 0 0 0 0 0 0 0 0 
1 0.799688 0.513312 0.215211 0.0411422 0.0021931 2.755e-05 5e-07 0 0 0 0 0 0 0 0 0 0 0 0 
1 0.799875 0.513749 0.21619 0.0416616 0.0022414 2.785e-05 5e-08 0 0 0 0 0 0 0 0 0 0 0 0 
1 0.799618 0.513118 0.215449 0.0412196 0.00218975 2.87e-05 1e-07 0 0 0 0 0 0 0 0 0 0 0 0 
1 0.80049 0.514771 0.216768 0.0419978 0.0022691 2.725e-05 1e-07 0 0 0 0 0 0 0 0 0 0 0 0 
1 0.799876 0.513978 0.216201 0.041652 0.002272 3.55e-05 5e-07 0 0 0 0 0 0 0 0 0 0 0 0 
1 0.800227 0.514336 0.216417 0.04196 0.00232365 3.26e-05 3.5e-07 0 0 0 0 0 0 0 0 0 0 0 0 
1 0.799565 0.512481 0.214494 0.0409046 0.00220455 2.805e-05 6.5e-07 0 0 0 0 0 0 0 0 0 0 0 0 
1 0.799621 0.513284 0.215523 0.0413822 0.00223845 3.02e-05 5e-08 0 0 0 0 0 0 0 0 0 0 0 0 
1 0.799709 0.513487 0.215866 0.0416105 0.0022384 2.89e-05 3.5e-07 0 0 0 0 0 0 0 0 0 0 0 0 
1 0.799995 0.51415 0.216327 0.0416818 0.00223985 3.32e-05 3e-07 0 0 0 0 0 0 0 0 0 0 0 0 
1 0.799613 0.513012 0.215105 0.041104 0.0021815 3.065e-05 3.5e-07 0 0 0 0 0 0 0 0 0 0 0 0 
1 0.799969 0.51404 0.216227 0.041532 0.0022421 3.375e-05 2.5e-07 0 0 0 0 0 0 0 0 0 0 0 0 
1 0.799946 0.513745 0.215978 0.0416534 0.0022715 3.31e-05 1e-07 0 0 0 0 0 0 0 0 0 0 0 0 
1 0.80021 0.5143 0.216635 0.0418697 0.0022922 3.175e-05 8.5e-07 0 0 0 0 0 0 0 0 0 0 0 0 
1 0.799902 0.513954 0.216098 0.0417279 0.00227455 3.095e-05 5e-08 0 0 0 0 0 0 0 0 0 0 0 0 
1 0.799605 0.513001 0.215178 0.0413146 0.0022041 2.73e-05 5e-08 0 0 0 0 0 0 0 0 0 0 0 0 
1 0.799388 0.512428 0.214382 0.0409409 0.00217095 2.91e-05 3e-07 0 0 0 0 0 0 0 0 0 0 0 0 
1 0.800257 0.514755 0.216657 0.0416775 0.00221435 3.255e-05 3e-07 0 0 0 0 0 0 0 0 0 0 0 0 
1 0.800341 0.51479 0.216956 0.0419485 0.00229535 3.28e-05 1e-07 0 0 0 0 0 0 0 0 0 0 0 0 
1 0.799731 0.513306 0.215646 0.0413412 0.002238 3.46e-05 5.5e-07 0 0 0 0 0 0 0 0 0 0 0 0 
1 0.800356 0.514398 0.216646 0.0416758 0.00224935 2.845e-05 3e-07 0 0 0 0 0 0 0 0 0 0 0 0 
1 0.800185 0.51412 0.216441 0.0416989 0.0022591 2.575e-05 1e-07 0 0 0 0 0 0 0 0 0 0 0 0 
1 0.799761 0.513928 0.215983 0.0415307 0.00226235 2.775e-05 2.5e-07 0 0 0 0 0 0 0 0 0 0 0 0 
1 0.800139 0.514024 0.216159 0.0416545 0.0022868 3.295e-05 7e-07 0 0 0 0 0 0 0 0 0 0 0 0 
1 0.800276 0.514653 0.217018 0.0418384 0.0022284 2.74e-05 4e-07 0 0 0 0 0 0 0 0 0 0 0 0 
1 0.799453 0.513035 0.215093 0.0411282 0.00221955 2.905e-05 1e-07 0 0 0 0 0 0 0 0 0 0 0 0 
1 0.800405 0.514754 0.217018 0.0418954 0.00230205 3.27e-05 5e-08 0 0 0 0 0 0 0 0 0 0 0 0 
1 0.799767 0.513504 0.215604 0.0414729 0.0022729 3.38e-05 1e-07 0 0 0 0 0 0 0 0 0 0 0 0 
1 0.800963 0.515573 0.217585 0.042069 0.0022293 3.195e-05 5e-08 0 0 0 0 0 0 0 0 0 0 0 0 
1 0.800497 0.514951 0.21717 0.0420286 0.00227075 2.63e-05 2.5e-07 0 0 0 0 0 0 0 0 0 0 0 0 
1 0.80034 0.514223 0.216203 0.0416346 0.00224695 2.7e-05 1.5e-07 0 0 0 0 0 0 0 0 0 0 0 0 
1 0.80054 0.514621 0.216677 0.0418677 0.0022742 3.16e-05 3e-07 0 0 0 0 0 0 0 0 0 0 0 0 
1 0.799051 0.511947 0.213754 0.040548 0.00214485 2.73e-05 3e-07 0 0 0 0 0 0 0 0 0 0 0 0 
1 0.799385 0.512903 0.215159 0.0412756 0.00219215 2.84e-05 2.5e-07 0 0 0 0 0 0 0 0 0 0 0 0 
1 0.799525 0.512911 0.215218 0.0412789 0.00222225 3.095e-05 7e-07 0 0 0 0 0 0 0 0 0 0 0 0 
1 0.800265 0.514729 0.216784 0.0418648 0.00226435 3.075e-05 4.5e-07 0 0 0 0 0 0 0 0 0 0 0 0 
1 0.800296 0.514722 0.217197 0.0421313 0.0023232 3.13e-05 1e-07 0 0 0 0 0 0 0 0 0 0 0 0 
1 0.799659 0.513157 0.215536 0.0414754 0.0022314 3.075e-05 4e-07 0 0 0 0 0 0 0 0 0 0 0 0 
1 0.799998 0.513997 0.215806 0.041565 0.00224695 3.435e-05 8e-07 0 0 0 0 0 0 0 0 0 0 0 0 
1 0.799955 0.513779 0.215824 0.0415491 0.0022409 3.385e-05 2e-07 0 0 0 0 0 0 0 0 0 0 0 0 
1 0.799746 0.513362 0.215494 0.0414739 0.0022201 2.9e-05 1e-07 0 0 0 0 0 0 0 0 0 0 0 0 
1 0.800111 0.51386 0.215982 0.0415182 0.0022453 2.305e-05 4e-07 0 0 0 0 0 0 0 0 0 0 0 0 
1 0.8 0.513794 0.215829 0.0413126 0.0022085 3.075e-05 2.5e-07 0 0 0 0 0 0 0 0 0 0 0 0 
1 0.79981 0.513773 0.216201 0.0418148 0.00223645 2.855e-05 1e-07 0 0 0 0 0 0 0 0 0 0 0 0 
1 0.800298 0.51456 0.216496 0.0416359 0.002223 2.87e-05 3.5e-07 0 0 0 0 0 0 0 0 0 0 0 0 
1 0.80004 0.513958 0.216264 0.04153 0.0022053 2.895e-05 2e-07 0 0 0 0 0 0 0 0 0 0 0 0 
1 0.800494 0.514983 0.217052 0.0420178 0.0022721 3.115e-05 2.5e-07 0 0 0 0 0 0 0 0 0 0 0 0 
1 0.800408 0.514552 0.216949 0.0420831 0.0022961 3.21e-05 4.5e-07 0 0 0 0 0 0 0 0 0 0 0 0 
1 0.799906 0.513808 0.216126 0.0416588 0.00223 3.005e-05 4e-07 0 0 0 0 0 0 0 0 0 0 0 0 
1 0.800648 0.515401 0.217314 0.0420463 0.00227385 3.015e-05 5e-08 0 0 0 0 0 0 0 0 0 0 0 0 
1 0.799552 0.513304 0.215188 0.041198 0.0022159 3.22e-05 6.5e-07 0 0 0 0 0 0 0 0 0 0 0 0 
1 0.799885 0.51343 0.215572 0.0415044 0.00226765 2.91e-05 1e-07 0 0 0 0 0 0 0 0 0 0 0 0 
1 0.799666 0.513482 0.215514 0.0412027 0.00217065 2.68e-05 2.5e-07 0 0 0 0 0 0 0 0 0 0 0 0 
1 0.800011 0.514435 0.216969 0.0419639 0.0022673 2.89e-05 1.5e-07 0 0 0 0 0 0 0 0 0 0 0 0 
1 0.800225 0.514373 0.216415 0.0418615 0.0022537 2.82e-05 7e-07 0 0 0 0 0 0 0 0 0 0 0 0 
1 0.799829 0.513665 0.215712 0.041417 0.0022202 2.905e-05 1e-07 0 0 0 0 0 0 0 0 0 0 0 0 
1 0.800504 0.514917 0.217128 0.0420685 0.0022817 2.68e-05 4.5e-07 0 0 0 0 0 0 0 0 0 0 0 0 
1 0.800018 0.513948 0.216415 0.04182 0.00227785 3.38e-05 3e-07 0 0 0 0 0 0 0 0 0 0 0 0 
1 0.800099 0.514202 0.216676 0.0418567 0.00227855 3.13e-05 1e-07 0 0 0 0 0 0 0 0 0 0 0 0 
1 0.799743 0.513168 0.215329 0.0412876 0.0022068 2.835e-05 3.5e-07 0 0 0 0 0 0 0 0 0 0 0 0 
1 0.799793 0.51376 0.21604 0.0416974 0.00229025 3.305e-05 3.5e-07 0 0 0 0 0 0 0 0 0 0 0 0 
1 0.799979 0.514033 0.216486 0.0418805 0.002278 3.095e-05 0 0 0 0 0 0 0 0 0 0 0 0 0 
1 0.799783 0.513579 0.215972 0.041588 0.00224995 3.065e-05 7e-07 0 0 0 0 0 0 0 0 0 0 0 0 
