1 0.790466 0.61365 0.463813 0.338576 0.231676 0.143631 0.07692 0.035004 0.013964 0.00483 0.001494 0.000444 0.000131 3.5e-05 8e-06 3e-06 0 0 0 0 0 0 0 0 0 0 0 0 0 
1 0.79032 0.613318 0.465214 0.340136 0.235144 0.147888 0.07981 0.036359 0.013886 0.004493 0.001395 0.0004 0.000115 3.3e-05 9e-06 2e-06 2e-06 0 0 0 0 0 0 0 0 0 0 0 0 
1 0.786555 0.607125 0.45624 0.33004 0.224275 0.137698 0.073921 0.033568 0.012999 0.004542 0.001419 0.000437 0.000143 4.6e-05 1.4e-05 6e-06 1e-06 0 0 0 0 0 0 0 0 0 0 0 0 
1 0.788941 0.611272 0.462825 0.337509 0.231812 0.144811 0.077854 0.03498 0.013248 0.004442 0.00133 0.000341 7.1e-05 1.8e-05 4e-06 1e-06 0 0 0 0 0 0 0 0 0 0 0 0 0 
1 0.790036 0.612556 0.462592 0.336443 0.230164 0.143458 0.077486 0.035597 0.01384 0.004643 0.001321 0.000359 9.4e-05 2.1e-05 6e-06 0 0 0 0 0 0 0 0 0 0 0 0 0 0 
1 0.789452 0.613126 0.463053 0.337186 0.23119 0.143055 0.077284 0.035192 0.013355 0.004532 0.001395 0.000372 9e-05 2.5e-05 4e-06 0 0 0 0 0 0 0 0 0 0 0 0 0 0 
1 0.789155 0.611675 0.462205 0.336931 0.230726 0.143459 0.077043 0.034557 0.012853 0.004091 0.001093 0.000279 7.1e-05 1.4e-05 1e-06 1e-06 0 0 0 0 0 0 0 0 0 0 0 0 0 
1 0.790321 0.614275 0.466039 0.340723 0.23475 0.148076 0.080818 0.036781 0.013972 0.004598 0.001332 0.000352 8.9e-05 1.6e-05 3e-06 0 0 0 0 0 0 0 0 0 0 0 0 0 0 
1 0.787777 0.609681 0.459649 0.333716 0.228635 0.142005 0.076637 0.035078 0.013718 0.004676 0.001437 0.000371 9.7e-05 2.7e-05 7e-06 1e-06 0 0 0 0 0 0 0 0 0 0 0 0 0 
1 0.791069 0.614466 0.466495 0.341452 0.237186 0.150223 0.083224 0.039375 0.015468 0.005356 0.001609 0.000451 0.000125 3.2e-05 7e-06 0 0 0 0 0 0 0 0 0 0 0 0 0 0 
1 0.78971 0.61159 0.461694 0.335735 0.230747 0.1439 0.078231 0.036301 0.014137 0.004668 0.001358 0.000347 8.7e-05 2.1e-05 3e-06 0 0 0 0 0 0 0 0 0 0 0 0 0 0 
1 0.787065 0.6084 0.458042 0.331957 0.22572 0.138831 0.073792 0.033374 0.012884 0.004373 0.00133 0.000311 6.7e-05 2e-05 4e-06 1e-06 0 0 0 0 0 0 0 0 0 0 0 0 0 
1 0.791275 0.614195 0.465352 0.340001 0.234977 0.148226 0.082227 0.039096 0.016109 0.005817 0.001905 0.000568 0.000173 6.4e-05 2.3e-05 8e-06 2e-06 1e-06 0 0 0 0 0 0 0 0 0 0 0 
1 0.789434 0.612212 0.46369 0.337698 0.231878 0.144183 0.077545 0.034823 0.013347 0.004358 0.001231 0.000308 6.7e-05 8e-06 1e-06 0 0 0 0 0 0 0 0 0 0 0 0 0 0 
1 0.789994 0.613804 0.465646 0.340617 0.234791 0.146974 0.079546 0.036158 0.013594 0.004399 0.00123 0.000306 9e-05 1.9e-05 6e-06 4e-06 1e-06 0 0 0 0 0 0 0 0 0 0 0 0 
1 0.788664 0.610011 0.460158 0.333265 0.226487 0.139829 0.074734 0.034291 0.013431 0.004503 0.001398 0.000376 0.000113 3.7e-05 1.3e-05 2e-06 0 0 0 0 0 0 0 0 0 0 0 0 0 
1 0.790083 0.612458 0.462931 0.336671 0.230505 0.14361 0.078275 0.036922 0.015167 0.005309 0.001597 0.000451 0.00011 2.6e-05 5e-06 2e-06 1e-06 0 0 0 0 0 0 0 0 0 0 0 0 
1 0.788554 0.610709 0.461103 0.335524 0.229664 0.142211 0.076309 0.034956 0.013692 0.004593 0.001409 0.00045 0.000127 4.1e-05 1.5e-05 4e-06 2e-06 1e-06 0 0 0 0 0 0 0 0 0 0 0 
1 0.790661 0.614097 0.464626 0.339278 0.233833 0.146033 0.079671 0.036343 0.014015 0.004482 0.001304 0.000325 8.5e-05 1.9e-05 4e-06 3e-06 1e-06 0 0 0 0 0 0 0 0 0 0 0 0 
1 0.78869 0.610474 0.461093 0.335759 0.230474 0.143439 0.077419 0.03498 0.013445 0.004336 0.001221 0.00034 8.2e-05 2.2e-05 5e-06 0 0 0 0 0 0 0 0 0 0 0 0 0 0 
1 0.787595 0.609763 0.459818 0.334141 0.228193 0.140818 0.075048 0.033454 0.012578 0.004008 0.001139 0.000324 6.8e-05 1.1e-05 3e-06 0 0 0 0 0 0 0 0 0 0 0 0 0 0 
1 0.787026 0.608298 0.457192 0.330679 0.224836 0.138203 0.073717 0.03405 0.013556 0.004708 0.001382 0.000408 0.000105 2.5e-05 4e-06 0 0 0 0 0 0 0 0 0 0 0 0 0 0 
1 0.793055 0.617657 0.469479 0.343703 0.237719 0.150273 0.082553 0.038469 0.015177 0.005117 0.001606 0.000497 0.000146 2.7e-05 1.1e-05 3e-06 1e-06 0 0 0 0 0 0 0 0 0 0 0 0 
1 0.787925 0.609837 0.460232 0.333775 0.227449 0.139759 0.074555 0.03359 0.012817 0.004184 0.001253 0.000323 5.7e-05 7e-06 0 0 0 0 0 0 0 0 0 0 0 0 0 0 0 
1 0.789232 0.611863 0.461546 0.334832 0.229083 0.142005 0.076497 0.034194 0.013002 0.004254 0.00128 0.000334 7.5e-05 1.4e-05 2e-06 1e-06 0 0 0 0 0 0 0 0 0 0 0 0 0 
1 0.789015 0.610891 0.461725 0.334871 0.228381 0.14054 0.074323 0.03302 0.012269 0.00398 0.001187 0.000296 7.4e-05 1.4e-05 3e-06 1e-06 1e-06 0 0 0 0 0 0 0 0 0 0 0 0 
1 0.790556 0.613934 0.464796 0.33846 0.232462 0.145278 0.078737 0.035442 0.013595 0.004737 0.001482 0.000432 0.000117 2.4e-05 4e-06 0 0 0 0 0 0 0 0 0 0 0 0 0 0 
1 0.791748 0.616139 0.467265 0.341973 0.236367 0.148216 0.081182 0.037569 0.014958 0.005063 0.001618 0.000422 0.000105 2.3e-05 7e-06 2e-06 1e-06 0 0 0 0 0 0 0 0 0 0 0 0 
1 0.789123 0.612859 0.462767 0.337652 0.232405 0.145323 0.079274 0.036976 0.014806 0.005127 0.001554 0.000458 0.000138 3.5e-05 1.4e-05 6e-06 2e-06 0 0 0 0 0 0 0 0 0 0 0 0 
1 0.788765 0.612063 0.46239 0.336751 0.230701 0.143191 0.077345 0.03456 0.012586 0.00386 0.001079 0.000286 6e-05 1.4e-05 7e-06 1e-06 1e-06 0 0 0 0 0 0 0 0 0 0 0 0 
1 0.788512 0.609688 0.459903 0.333539 0.227685 0.140261 0.074399 0.032818 0.012135 0.00381 0.001073 0.000287 8.6e-05 2.4e-05 6e-06 2e-06 1e-06 0 0 0 0 0 0 0 0 0 0 0 0 
1 0.79001 0.612769 0.463641 0.33758 0.231804 0.144066 0.077413 0.035006 0.013272 0.004266 0.001229 0.000319 8.4e-05 2.8e-05 3e-06 0 0 0 0 0 0 0 0 0 0 0 0 0 0 
1 0.790748 0.614693 0.465805 0.339965 0.234114 0.146662 0.080386 0.036987 0.014248 0.004817 0.001328 0.000343 9e-05 2.3e-05 6e-06 0 0 0 0 0 0 0 0 0 0 0 0 0 0 
1 0.789877 0.612518 0.462984 0.336855 0.231226 0.144307 0.0788 0.036599 0.014458 0.004951 0.00149 0.000454 0.000111 2.8e-05 1e-05 2e-06 0 0 0 0 0 0 0 0 0 0 0 0 0 
1 0.788747 0.611488 0.461995 0.336596 0.231542 0.144433 0.077424 0.034833 0.013016 0.004443 0.001394 0.000409 0.000148 5e-05 1.4e-05 4e-06 0 0 0 0 0 0 0 0 0 0 0 0 0 
1 0.791116 0.61421 0.465216 0.339713 0.234202 0.146333 0.079374 0.036483 0.014285 0.004822 0.001558 0.000446 0.000133 3.8e-05 1.3e-05 4e-06 0 0 0 0 0 0 0 0 0 0 0 0 0 
1 0.790093 0.613333 0.463769 0.337765 0.231726 0.144048 0.077789 0.035862 0.013919 0.004681 0.001427 0.000373 7.4e-05 1.1e-05 0 0 0 0 0 0 0 0 0 0 0 0 0 0 0 
1 0.789046 0.611444 0.461748 0.335349 0.228897 0.142076 0.075946 0.033794 0.012707 0.004269 0.001312 0.000372 8.2e-05 2.1e-05 6e-06 1e-06 0 0 0 0 0 0 0 0 0 0 0 0 0 
1 0.78828 0.609803 0.460025 0.333587 0.227981 0.141137 0.075583 0.03411 0.013029 0.004393 0.001329 0.000373 9.8e-05 2.1e-05 4e-06 1e-06 0 0 0 0 0 0 0 0 0 0 0 0 0 
1 0.788814 0.610743 0.461218 0.335071 0.229451 0.142524 0.076849 0.03531 0.013847 0.004692 0.001401 0.000396 0.000118 3.8e-05 1.3e-05 5e-06 1e-06 0 0 0 0 0 0 0 0 0 0 0 0 
1 0.788964 0.610896 0.461197 0.335624 0.230223 0.143276 0.078056 0.036115 0.014274 0.004901 0.001473 0.000436 0.000123 2.7e-05 9e-06 4e-06 0 0 0 0 0 0 0 0 0 0 0 0 0 
1 0.789262 0.612129 0.462499 0.33677 0.230643 0.14394 0.077098 0.034794 0.013369 0.004278 0.001162 0.000329 9.2e-05 1.9e-05 6e-06 1e-06 0 0 0 0 0 0 0 0 0 0 0 0 0 
1 0.789985 0.612663 0.463674 0.338159 0.232465 0.145648 0.079759 0.036981 0.014281 0.004747 0.001371 0.000361 8.3e-05 2.4e-05 4e-06 3e-06 0 0 0 0 0 0 0 0 0 0 0 0 0 
1 0.789473 0.61137 0.462187 0.337246 0.23242 0.146148 0.079805 0.036788 0.014056 0.004583 0.001365 0.000394 0.000112 3.2e-05 9e-06 4e-06 0 0 0 0 0 0 0 0 0 0 0 0 0 
1 0.790991 0.614364 0.466654 0.341011 0.235485 0.148159 0.080983 0.038017 0.015149 0.005259 0.001545 0.00042 0.000104 2.9e-05 6e-06 1e-06 0 0 0 0 0 0 0 0 0 0 0 0 0 
1 0.788851 0.611123 0.461475 0.334499 0.22829 0.14089 0.074696 0.033701 0.01303 0.004604 0.001448 0.000434 0.000138 3.1e-05 6e-06 1e-06 1e-06 0 0 0 0 0 0 0 0 0 0 0 0 
1 0.791089 0.615143 0.466597 0.340926 0.234929 0.147377 0.080262 0.037123 0.014882 0.00538 0.001724 0.000518 0.000146 2.7e-05 4e-06 1e-06 1e-06 0 0 0 0 0 0 0 0 0 0 0 0 
1 0.790905 0.613473 0.463459 0.337289 0.231289 0.143423 0.077181 0.035133 0.013323 0.004315 0.00124 0.000305 6.3e-05 1.2e-05 2e-06 0 0 0 0 0 0 0 0 0 0 0 0 0 0 
1 0.78892 0.610361 0.460766 0.333413 0.226954 0.139439 0.074462 0.033306 0.012648 0.004071 0.001125 0.000287 6.9e-05 1.7e-05 2e-06 1e-06 0 0 0 0 0 0 0 0 0 0 0 0 0 
1 0.790383 0.613473 0.463999 0.33866 0.232969 0.145352 0.078183 0.035483 0.013524 0.004342 0.001221 0.000316 7.2e-05 2e-05 7e-06 2e-06 0 0 0 0 0 0 0 0 0 0 0 0 0 
1 0.790518 0.613904 0.464665 0.337876 0.231156 0.143115 0.077356 0.035288 0.013756 0.004757 0.001456 0.000412 0.000113 3.7e-05 1.4e-05 5e-06 2e-06 2e-06 2e-06 0 0 0 0 0 0 0 0 0 0 
1 0.788776 0.612861 0.463511 0.337938 0.231932 0.144322 0.078246 0.036342 0.014345 0.005009 0.001548 0.000436 0.000118 2.6e-05 2e-06 0 0 0 0 0 0 0 0 0 0 0 0 0 0 
1 0.791025 0.614525 0.465931 0.340237 0.234454 0.146208 0.079148 0.036635 0.014623 0.005094 0.001654 0.000487 0.000107 2.7e-05 6e-06 0 0 0 0 0 0 0 0 0 0 0 0 0 0 
1 0.788317 0.61012 0.459683 0.333796 0.2278 0.140381 0.075386 0.03415 0.013304 0.004424 0.001352 0.000344 8.3e-05 1.6e-05 3e-06 0 0 0 0 0 0 0 0 0 0 0 0 0 0 
1 0.789077 0.611608 0.46117 0.335139 0.230427 0.143675 0.077861 0.036198 0.014326 0.004859 0.001496 0.000404 0.00011 2.7e-05 3e-06 1e-06 0 0 0 0 0 0 0 0 0 0 0 0 0 
1 0.788118 0.60963 0.45919 0.332905 0.227415 0.141022 0.075696 0.034487 0.013467 0.004677 0.001408 0.000425 0.000103 2.5e-05 1e-05 1e-06 0 0 0 0 0 0 0 0 0 0 0 0 0 
1 0.788378 0.610358 0.460436 0.334989 0.230417 0.143761 0.078599 0.035998 0.013995 0.004653 0.001347 0.000343 7.6e-05 2e-05 2e-06 0 0 0 0 0 0 0 0 0 0 0 0 0 0 
1 0.790741 0.613981 0.464257 0.338139 0.232624 0.144833 0.07729 0.034418 0.012866 0.004136 0.00121 0.0003 8.2e-05 2.4e-05 8e-06 3e-06 0 0 0 0 0 0 0 0 0 0 0 0 0 
1 0.789588 0.61249 0.463885 0.338481 0.232929 0.145382 0.079281 0.036094 0.014023 0.004623 0.00137 0.000393 0.000111 3.2e-05 7e-06 0 0 0 0 0 0 0 0 0 0 0 0 0 0 
1 0.788116 0.609511 0.460294 0.33413 0.228328 0.141683 0.077019 0.035364 0.013493 0.004379 0.001282 0.000349 8.4e-05 1.8e-05 6e-06 2e-06 1e-06 0 0 0 0 0 0 0 0 0 0 0 0 
1 0.787732 0.610301 0.460135 0.33388 0.228438 0.141535 0.075459 0.034006 0.012559 0.004038 0.001257 0.000324 7.5e-05 1.8e-05 3e-06 0 0 0 0 0 0 0 0 0 0 0 0 0 0 
1 0.788808 0.61078 0.461562 0.33592 0.229666 0.141837 0.076209 0.033972 0.012748 0.004188 0.001215 0.000324 6.5e-05 9e-06 2e-06 0 0 0 0 0 0 0 0 0 0 0 0 0 0 
1 0.78937 0.611966 0.462307 0.335919 0.230369 0.143009 0.077419 0.035727 0.013743 0.004453 0.001376 0.000372 7.9e-05 1.3e-05 3e-06 0 0 0 0 0 0 0 0 0 0 0 0 0 0 
1 0.787607 0.609061 0.458921 0.331951 0.226184 0.139263 0.073738 0.03279 0.012271 0.004159 0.001236 0.000366 9.8e-05 3.8e-05 1.4e-05 3e-06 0 0 0 0 0 0 0 0 0 0 0 0 0 
1 0.790555 0.613576 0.46526 0.339591 0.233432 0.145565 0.078625 0.035879 0.013883 0.004466 0.001309 0.000353 9.1e-05 2.5e-05 4e-06 1e-06 0 0 0 0 0 0 0 0 0 0 0 0 0 
1 0.789904 0.611782 0.462399 0.336467 0.230113 0.143417 0.077553 0.035295 0.013443 0.004434 0.001305 0.000343 8.3e-05 1.5e-05 3e-06 1e-06 0 0 0 0 0 0 0 0 0 0 0 0 0 
1 0.788662 0.611419 0.460928 0.334994 0.229497 0.142164 0.076784 0.035037 0.013327 0.004352 0.001294 0.000354 9.1e-05 1e-05 4e-06 0 0 0 0 0 0 0 0 0 0 0 0 0 0 
1 0.789168 0.611807 0.462887 0.338053 0.232542 0.145784 0.07999 0.037198 0.014536 0.004923 0.001403 0.000363 8.2e-05 1.6e-05 6e-06 2e-06 0 0 0 0 0 0 0 0 0 0 0 0 0 
1 0.788761 0.610168 0.460169 0.333932 0.228055 0.141102 0.075044 0.033052 0.012111 0.003787 0.001014 0.000266 7.4e-05 2.5e-05 3e-06 0 0 0 0 0 0 0 0 0 0 0 0 0 0 
1 0.79038 0.614113 0.465653 0.339665 0.233614 0.146264 0.079604 0.036858 0.014261 0.004784 0.00141 0.000346 8.2e-05 1.5e-05 4e-06 0 0 0 0 0 0 0 0 0 0 0 0 0 0 
1 0.789344 0.611573 0.462069 0.336359 0.231048 0.144144 0.078608 0.036564 0.014808 0.005291 0.001671 0.000467 0.000139 3.5e-05 1.5e-05 4e-06 2e-06 1e-06 0 0 0 0 0 0 0 0 0 0 0 
1 0.791502 0.616245 0.466639 0.341493 0.235564 0.148094 0.081865 0.038867 0.016025 0.005843 0.001982 0.0006 0.000172 4e-05 1.1e-05 0 0 0 0 0 0 0 0 0 0 0 0 0 0 
1 0.791431 0.614739 0.465361 0.339084 0.232688 0.144829 0.078267 0.035926 0.013795 0.004596 0.001367 0.000371 8.4e-05 2e-05 4e-06 2e-06 1e-06 0 0 0 0 0 0 0 0 0 0 0 0 
1 0.791333 0.615573 0.467447 0.342503 0.237146 0.149883 0.082842 0.038566 0.015062 0.004809 0.001394 0.000366 7.1e-05 1.7e-05 3e-06 1e-06 0 0 0 0 0 0 0 0 0 0 0 0 0 
1 0.789855 0.6139 0.465082 0.33943 0.23381 0.146157 0.079301 0.036028 0.013909 0.004676 0.001367 0.000362 8.7e-05 2.3e-05 1e-06 0 0 0 0 0 0 0 0 0 0 0 0 0 0 
1 0.790369 0.612788 0.463946 0.337868 0.23186 0.144695 0.078642 0.036141 0.014023 0.004537 0.001275 0.000322 6.2e-05 1.1e-05 0 0 0 0 0 0 0 0 0 0 0 0 0 0 0 
1 0.789777 0.612015 0.462396 0.336108 0.230451 0.14302 0.077122 0.034728 0.013044 0.004192 0.001249 0.000324 8.9e-05 1.5e-05 5e-06 2e-06 0 0 0 0 0 0 0 0 0 0 0 0 0 
1 0.792552 0.617253 0.469408 0.344472 0.238564 0.150257 0.08184 0.037562 0.014561 0.005021 0.001591 0.000465 9.1e-05 1.7e-05 4e-06 0 0 0 0 0 0 0 0 0 0 0 0 0 0 
1 0.789497 0.611555 0.462903 0.337292 0.232099 0.145189 0.079646 0.036984 0.014547 0.004931 0.001523 0.000414 0.000105 1.8e-05 6e-06 0 0 0 0 0 0 0 0 0 0 0 0 0 0 
1 0.789473 0.612373 0.462791 0.336994 0.230945 0.143378 0.076534 0.034661 0.013214 0.004198 0.001182 0.000283 6.9e-05 1.3e-05 0 0 0 0 0 0 0 0 0 0 0 0 0 0 0 
1 0.790581 0.614373 0.465176 0.339731 0.233759 0.146182 0.079339 0.036504 0.014424 0.005067 0.001766 0.000564 0.000166 5.1e-05 1.5e-05 7e-06 5e-06 1e-06 0 0 0 0 0 0 0 0 0 0 0 
1 0.789232 0.612345 0.463296 0.338289 0.232588 0.145352 0.078622 0.036106 0.014164 0.004992 0.001622 0.000496 0.000165 4.7e-05 1.1e-05 2e-06 2e-06 0 0 0 0 0 0 0 0 0 0 0 0 
1 0.789419 0.612321 0.46363 0.337827 0.231954 0.144419 0.078139 0.035607 0.013817 0.004449 0.001249 0.000362 0.000102 3.3e-05 1.1e-05 8e-06 6e-06 4e-06 3e-06 3e-06 1e-06 1e-06 0 0 0 0 0 0 0 
1 0.787443 0.608878 0.457443 0.33079 0.224236 0.137187 0.07347 0.033434 0.012987 0.004426 0.001346 0.000398 9.9e-05 2.2e-05 8e-06 1e-06 0 0 0 0 0 0 0 0 0 0 0 0 0 
1 0.789776 0.612266 0.462535 0.336772 0.23073 0.143165 0.077281 0.034877 0.013181 0.0042 0.001201 0.000324 8.6e-05 2.5e-05 9e-06 2e-06 0 0 0 0 0 0 0 0 0 0 0 0 0 
1 0.790502 0.613183 0.463364 0.337582 0.231635 0.144017 0.077927 0.035505 0.013429 0.004321 0.001217 0.000315 9.2e-05 2.8e-05 4e-06 0 0 0 0 0 0 0 0 0 0 0 0 0 0 
1 0.788049 0.610942 0.461747 0.33649 0.230853 0.143398 0.077009 0.034513 0.012886 0.004076 0.001125 0.000272 6.1e-05 8e-06 2e-06 1e-06 0 0 0 0 0 0 0 0 0 0 0 0 0 
1 0.789168 0.612383 0.462924 0.338355 0.233302 0.14566 0.07903 0.035854 0.013475 0.004311 0.001268 0.000347 8e-05 2.5e-05 9e-06 1e-06 0 0 0 0 0 0 0 0 0 0 0 0 0 
1 0.789686 0.612139 0.462898 0.337401 0.232737 0.145665 0.07897 0.036102 0.013973 0.004611 0.001331 0.000333 7.8e-05 1.2e-05 3e-06 1e-06 0 0 0 0 0 0 0 0 0 0 0 0 0 
1 0.792769 0.618057 0.470616 0.345456 0.240113 0.151833 0.083545 0.038932 0.015115 0.005109 0.001549 0.000431 9.6e-05 2.2e-05 4e-06 1e-06 0 0 0 0 0 0 0 0 0 0 0 0 0 
1 0.79044 0.613219 0.46339 0.337103 0.230701 0.143392 0.076296 0.034225 0.01297 0.004291 0.001239 0.000337 9.4e-05 2.5e-05 4e-06 2e-06 1e-06 0 0 0 0 0 0 0 0 0 0 0 0 
1 0.786907 0.607889 0.457062 0.330308 0.224829 0.13847 0.074028 0.033432 0.012695 0.00404 0.001142 0.000319 7.5e-05 2e-05 2e-06 0 0 0 0 0 0 0 0 0 0 0 0 0 0 
1 0.789399 0.611814 0.462079 0.336037 0.228806 0.141188 0.075219 0.033729 0.012356 0.003903 0.001117 0.000269 7.3e-05 1.5e-05 3e-06 0 0 0 0 0 0 0 0 0 0 0 0 0 0 
1 0.789459 0.612568 0.462777 0.336901 0.231484 0.144698 0.078217 0.035887 0.013856 0.004671 0.001344 0.000373 0.0001 2e-05 5e-06 1e-06 1e-06 0 0 0 0 0 0 0 0 0 0 0 0 
1 0.789718 0.612994 0.463042 0.33649 0.229651 0.141825 0.075847 0.034444 0.013455 0.004716 0.001467 0.000402 0.000107 2.8e-05 7e-06 1e-06 1e-06 0 0 0 0 0 0 0 0 0 0 0 0 
1 0.788929 0.610555 0.459416 0.333766 0.228078 0.141165 0.075489 0.034587 0.013751 0.004821 0.001455 0.00041 9.8e-05 2e-05 6e-06 1e-06 0 0 0 0 0 0 0 0 0 0 0 0 0 
1 0.789934 0.613493 0.464234 0.338856 0.232759 0.144474 0.078148 0.036036 0.01402 0.004725 0.00139 0.000353 8.8e-05 2.1e-05 4e-06 0 0 0 0 0 0 0 0 0 0 0 0 0 0 
1 0.788993 0.612253 0.464167 0.338838 0.233154 0.145666 0.079252 0.036588 0.014527 0.005038 0.001603 0.000493 0.000127 2.9e-05 9e-06 2e-06 1e-06 0 0 0 0 0 0 0 0 0 0 0 0 
1 0.789946 0.613708 0.46535 0.340336 0.234708 0.14778 0.08096 0.037509 0.014947 0.005098 0.001518 0.000471 0.000135 3.7e-05 6e-06 1e-06 0 0 0 0 0 0 0 0 0 0 0 0 0 
1 0.787674 0.609627 0.460066 0.334361 0.228104 0.140894 0.075589 0.033797 0.013017 0.004247 0.001253 0.000364 7.6e-05 2e-05 3e-06 1e-06 0 0 0 0 0 0 0 0 0 0 0 0 0 
1 0.788015 0.610435 0.461364 0.335742 0.230421 0.143849 0.078805 0.037245 0.015046 0.00517 0.001657 0.000492 0.000134 2.9e-05 1e-06 1e-06 0 0 0 0 0 0 0 0 0 0 0 0 0 
1 0.790273 0.612723 0.464289 0.338704 0.233859 0.146744 0.080169 0.036974 0.014626 0.004997 0.001505 0.000407 0.000117 3.4e-05 1e-05 5e-06 1e-06 0 0 0 0 0 0 0 0 0 0 0 0 
1 0.788808 0.610449 0.460708 0.335497 0.229775 0.143544 0.077705 0.035492 0.013704 0.004622 0.001408 0.000409 0.000111 3e-05 6e-06 1e-06 0 0 0 0 0 0 0 0 0 0 0 0 0 
1 0.791358 0.61545 0.466252 0.340094 0.23408 0.146359 0.079534 0.036669 0.014488 0.004956 0.001446 0.000394 9e-05 2.5e-05 9e-06 5e-06 3e-06 0 0 0 0 0 0 0 0 0 0 0 0 
1 0.789356 0.611476 0.462006 0.336423 0.231148 0.144875 0.079248 0.036722 0.014233 0.004796 0.001482 0.00037 7.2e-05 2e-05 2e-06 0 0 0 0 0 0 0 0 0 0 0 0 0 0 
1 0.789284 0.612363 0.46311 0.337477 0.23224 0.144804 0.078443 0.03556 0.013673 0.004619 0.00132 0.00033 7.7e-05 1.6e-05 3e-06 0 0 0 0 0 0 0 0 0 0 0 0 0 0 
1 0.789907 0.612065 0.461808 0.335988 0.229728 0.141901 0.075859 0.033699 0.012595 0.004102 0.00117 0.000341 0.000112 3.5e-05 1.2e-05 4e-06 2e-06 1e-06 0 0 0 0 0 0 0 0 0 0 0 
1 0.788729 0.611274 0.461606 0.336486 0.231276 0.144559 0.07844 0.036183 0.014088 0.004773 0.001498 0.000417 9.8e-05 2.1e-05 5e-06 0 0 0 0 0 0 0 0 0 0 0 0 0 0 
1 0.788012 0.6103 0.4606 0.33429 0.228377 0.141401 0.075733 0.034199 0.013371 0.004536 0.001342 0.000339 7.3e-05 9e-06 2e-06 0 0 0 0 0 0 0 0 0 0 0 0 0 0 
1 0.787735 0.610156 0.460051 0.333868 0.227804 0.140507 0.07502 0.033822 0.01269 0.004111 0.001202 0.000307 6.8e-05 1.3e-05 3e-06 0 0 0 0 0 0 0 0 0 0 0 0 0 0 
1 0.787853 0.610283 0.460928 0.33613 0.230651 0.14333 0.076769 0.034467 0.012581 0.003807 0.001032 0.000255 4.3e-05 6e-06 1e-06 1e-06 0 0 0 0 0 0 0 0 0 0 0 0 0 
1 0.789148 0.611235 0.461575 0.335646 0.229622 0.141816 0.075429 0.033477 0.012321 0.003861 0.001029 0.000255 4.6e-05 1e-05 0 0 0 0 0 0 0 0 0 0 0 0 0 0 0 
1 0.78886 0.611424 0.463098 0.337636 0.232051 0.144872 0.078437 0.036093 0.01388 0.004563 0.001291 0.000327 8e-05 1.6e-05 5e-06 3e-06 1e-06 0 0 0 0 0 0 0 0 0 0 0 0 
1 0.790848 0.614401 0.465641 0.340343 0.234972 0.147636 0.080321 0.03704 0.014437 0.004976 0.001528 0.000417 0.000125 3e-05 1.4e-05 2e-06 1e-06 0 0 0 0 0 0 0 0 0 0 0 0 
1 0.787496 0.609605 0.461601 0.336327 0.230351 0.143345 0.077586 0.035973 0.014089 0.004644 0.001363 0.000357 8.6e-05 2.6e-05 3e-06 0 0 0 0 0 0 0 0 0 0 0 0 0 0 
1 0.79025 0.613054 0.463595 0.337168 0.23222 0.144824 0.078827 0.036698 0.014555 0.005014 0.00157 0.000438 0.00013 3.2e-05 8e-06 4e-06 2e-06 0 0 0 0 0 0 0 0 0 0 0 0 
1 0.787202 0.609136 0.459768 0.334134 0.228199 0.140749 0.075196 0.033691 0.01265 0.004203 0.001242 0.000346 8.8e-05 2.9e-05 1.1e-05 4e-06 0 0 0 0 0 0 0 0 0 0 0 0 0 
1 0.788998 0.611673 0.462435 0.336463 0.231631 0.145121 0.078401 0.035427 0.013107 0.004255 0.001242 0.000354 8.5e-05 2.6e-05 3e-06 1e-06 0 0 0 0 0 0 0 0 0 0 0 0 0 
1 0.79018 0.613821 0.46464 0.339082 0.233413 0.14545 0.079036 0.036543 0.014196 0.004838 0.001406 0.000433 0.000116 3.9e-05 8e-06 1e-06 0 0 0 0 0 0 0 0 0 0 0 0 0 
1 0.789047 0.61113 0.461724 0.335856 0.229791 0.142464 0.076325 0.034648 0.013189 0.004346 0.001281 0.00036 0.000104 2.4e-05 5e-06 0 0 0 0 0 0 0 0 0 0 0 0 0 0 
1 0.788216 0.610003 0.460377 0.334368 0.228566 0.141329 0.075384 0.033987 0.013055 0.004446 0.001389 0.000422 0.000127 3.1e-05 3e-06 1e-06 0 0 0 0 0 0 0 0 0 0 0 0 0 
1 0.791288 0.615643 0.466692 0.341829 0.236771 0.149374 0.081406 0.037434 0.014245 0.004896 0.001474 0.000425 0.00011 3e-05 9e-06 4e-06 3e-06 1e-06 0 0 0 0 0 0 0 0 0 0 0 
1 0.787769 0.610009 0.460383 0.334588 0.228818 0.141586 0.075854 0.033995 0.01328 0.004605 0.001428 0.000439 0.000126 3.2e-05 9e-06 3e-06 0 0 0 0 0 0 0 0 0 0 0 0 0 
1 0.789963 0.613592 0.465729 0.341073 0.235562 0.148621 0.082441 0.038836 0.015945 0.005643 0.001708 0.000466 0.000111 1.7e-05 1e-06 0 0 0 0 0 0 0 0 0 0 0 0 0 0 
1 0.790951 0.613739 0.465801 0.340123 0.233751 0.14627 0.080074 0.037276 0.014809 0.005278 0.001671 0.000497 0.000135 3.2e-05 8e-06 2e-06 1e-06 0 0 0 0 0 0 0 0 0 0 0 0 
1 0.790298 0.613217 0.463427 0.338081 0.232626 0.145325 0.078652 0.035856 0.013595 0.004533 0.001287 0.000298 6.8e-05 1.1e-05 3e-06 1e-06 0 0 0 0 0 0 0 0 0 0 0 0 0 
1 0.789974 0.614306 0.464851 0.33922 0.233368 0.145827 0.079809 0.036931 0.014584 0.005166 0.001612 0.000479 0.000153 5.3e-05 1e-05 4e-06 2e-06 1e-06 0 0 0 0 0 0 0 0 0 0 0 
1 0.788274 0.609847 0.459424 0.333004 0.226825 0.140404 0.075303 0.03349 0.012591 0.004194 0.00126 0.000365 0.000104 3.3e-05 9e-06 2e-06 1e-06 0 0 0 0 0 0 0 0 0 0 0 0 
1 0.789189 0.612199 0.463334 0.338101 0.233517 0.147154 0.080565 0.037279 0.014599 0.00487 0.001367 0.000349 9.6e-05 2.1e-05 5e-06 0 0 0 0 0 0 0 0 0 0 0 0 0 0 
1 0.788738 0.611132 0.461435 0.335917 0.230092 0.143334 0.077658 0.035117 0.013309 0.004309 0.001164 0.000297 7.8e-05 1.6e-05 0 0 0 0 0 0 0 0 0 0 0 0 0 0 0 
1 0.78824 0.610388 0.461063 0.335328 0.229641 0.142481 0.076096 0.034258 0.013142 0.00435 0.001236 0.000299 6.4e-05 9e-06 2e-06 1e-06 1e-06 0 0 0 0 0 0 0 0 0 0 0 0 
1 0.788545 0.611289 0.461359 0.335478 0.229535 0.142021 0.076144 0.034396 0.01285 0.004114 0.001088 0.000305 7.5e-05 2.5e-05 1.3e-05 9e-06 2e-06 0 0 0 0 0 0 0 0 0 0 0 0 
1 0.789597 0.612286 0.463491 0.338792 0.233691 0.146201 0.079213 0.036432 0.013973 0.0046 0.001341 0.000352 8.8e-05 1.6e-05 1e-06 1e-06 0 0 0 0 0 0 0 0 0 0 0 0 0 
1 0.788653 0.61101 0.46155 0.335939 0.230126 0.142594 0.07681 0.034535 0.013573 0.004781 0.001562 0.00049 0.000132 3.7e-05 4e-06 0 0 0 0 0 0 0 0 0 0 0 0 0 0 
1 0.792622 0.617653 0.469769 0.344433 0.237691 0.149549 0.080835 0.03644 0.013839 0.004553 0.001336 0.000398 0.00013 3.6e-05 5e-06 2e-06 0 0 0 0 0 0 0 0 0 0 0 0 0 
1 0.790785 0.614483 0.465714 0.341114 0.235714 0.148095 0.080906 0.037543 0.014905 0.005196 0.001645 0.000423 0.000122 2.9e-05 9e-06 2e-06 0 0 0 0 0 0 0 0 0 0 0 0 0 
1 0.791058 0.614476 0.465468 0.340509 0.23424 0.14636 0.079206 0.035791 0.013546 0.004378 0.00123 0.000294 7.5e-05 1.7e-05 6e-06 0 0 0 0 0 0 0 0 0 0 0 0 0 0 
1 0.787767 0.611018 0.461168 0.335091 0.229293 0.142115 0.076159 0.033771 0.012479 0.004116 0.001214 0.000339 8.4e-05 2.1e-05 5e-06 1e-06 1e-06 0 0 0 0 0 0 0 0 0 0 0 0 
1 0.78835 0.610985 0.462385 0.336572 0.230613 0.143083 0.07693 0.035654 0.013908 0.004464 0.001309 0.00032 6.7e-05 5e-06 1e-06 1e-06 0 0 0 0 0 0 0 0 0 0 0 0 0 
1 0.78746 0.609442 0.459501 0.333903 0.228707 0.141899 0.076039 0.034617 0.013314 0.004501 0.001375 0.000406 9.2e-05 2.2e-05 2e-06 0 0 0 0 0 0 0 0 0 0 0 0 0 0 
1 0.788574 0.610351 0.460313 0.33472 0.229328 0.142324 0.076368 0.034968 0.013788 0.004626 0.001264 0.000288 6.3e-05 1e-05 5e-06 2e-06 0 0 0 0 0 0 0 0 0 0 0 0 0 
1 0.790131 0.61402 0.464232 0.338272 0.232562 0.14579 0.07934 0.036399 0.014018 0.004652 0.001436 0.000408 0.0001 2.4e-05 4e-06 1e-06 0 0 0 0 0 0 0 0 0 0 0 0 0 
1 0.789924 0.6128 0.463704 0.33833 0.233311 0.14591 0.079165 0.036526 0.014454 0.004944 0.001585 0.000487 0.000158 5.7e-05 1.9e-05 5e-06 1e-06 0 0 0 0 0 0 0 0 0 0 0 0 
1 0.790242 0.613679 0.464421 0.338644 0.232927 0.145409 0.079179 0.036407 0.013973 0.00448 0.001202 0.000286 7.3e-05 1.3e-05 5e-06 0 0 0 0 0 0 0 0 0 0 0 0 0 0 
1 0.789773 0.61328 0.464767 0.339848 0.233805 0.14632 0.079069 0.036188 0.014129 0.004804 0.001417 0.000378 9.9e-05 1.5e-05 2e-06 1e-06 0 0 0 0 0 0 0 0 0 0 0 0 0 
1 0.791606 0.615349 0.466467 0.340418 0.233388 0.145785 0.079155 0.03706 0.014455 0.004894 0.001467 0.000379 0.0001 2.2e-05 0 0 0 0 0 0 0 0 0 0 0 0 0 0 0 
1 0.789667 0.611999 0.461897 0.336297 0.230615 0.143702 0.0777 0.035665 0.014154 0.004992 0.001624 0.000478 0.000127 2.7e-05 6e-06 0 0 0 0 0 0 0 0 0 0 0 0 0 0 
1 0.788493 0.61078 0.460914 0.334479 0.228263 0.141488 0.076359 0.035009 0.01364 0.004563 0.001277 0.000341 7.9e-05 1.8e-05 2e-06 0 0 0 0 0 0 0 0 0 0 0 0 0 0 
1 0.791579 0.617094 0.470165 0.344965 0.240734 0.153195 0.085227 0.040166 0.015873 0.005177 0.001545 0.000392 9.5e-05 2.2e-05 1e-05 3e-06 1e-06 0 0 0 0 0 0 0 0 0 0 0 0 
1 0.789355 0.612013 0.463313 0.338681 0.232646 0.145347 0.078804 0.036149 0.01439 0.005198 0.001717 0.000532 0.000143 4.1e-05 1.2e-05 2e-06 1e-06 0 0 0 0 0 0 0 0 0 0 0 0 
1 0.791352 0.615276 0.466502 0.342128 0.236904 0.149776 0.082984 0.039015 0.015613 0.005601 0.001838 0.000535 0.000158 4.5e-05 1.6e-05 4e-06 0 0 0 0 0 0 0 0 0 0 0 0 0 
1 0.788867 0.61081 0.461261 0.33521 0.229558 0.143066 0.077624 0.035214 0.013637 0.004318 0.00128 0.000351 8.8e-05 2.7e-05 7e-06 3e-06 1e-06 1e-06 0 0 0 0 0 0 0 0 0 0 0 
1 0.791331 0.615115 0.467149 0.3427 0.237199 0.149556 0.082062 0.038191 0.015067 0.005123 0.001475 0.0004 0.000106 2.1e-05 3e-06 0 0 0 0 0 0 0 0 0 0 0 0 0 0 
1 0.78834 0.610095 0.461117 0.33377 0.226945 0.139782 0.073743 0.032569 0.011935 0.003702 0.001009 0.000247 6.3e-05 1.4e-05 6e-06 2e-06 1e-06 0 0 0 0 0 0 0 0 0 0 0 0 
1 0.791021 0.614297 0.464934 0.339106 0.232954 0.144428 0.077708 0.035559 0.013903 0.004844 0.001463 0.000389 0.000109 2.9e-05 8e-06 1e-06 1e-06 0 0 0 0 0 0 0 0 0 0 0 0 
1 0.789354 0.611714 0.46247 0.337136 0.232025 0.145143 0.079047 0.036636 0.014379 0.004826 0.001354 0.000352 7.4e-05 1.4e-05 3e-06 0 0 0 0 0 0 0 0 0 0 0 0 0 0 
1 0.788805 0.611085 0.460997 0.334875 0.229355 0.141799 0.07569 0.034016 0.012786 0.004138 0.001139 0.00027 6.2e-05 1.6e-05 1e-06 0 0 0 0 0 0 0 0 0 0 0 0 0 0 
1 0.789559 0.612807 0.46382 0.338542 0.233758 0.146629 0.080349 0.037562 0.014796 0.005052 0.001508 0.00039 9.5e-05 1.9e-05 5e-06 1e-06 0 0 0 0 0 0 0 0 0 0 0 0 0 
1 0.788689 0.610211 0.460365 0.334902 0.229944 0.143007 0.077309 0.035455 0.013859 0.004755 0.001404 0.000403 0.000114 2.1e-05 1e-06 0 0 0 0 0 0 0 0 0 0 0 0 0 0 
1 0.788035 0.610246 0.460777 0.33573 0.230572 0.143436 0.077544 0.035509 0.01369 0.004695 0.001428 0.00041 0.000114 2.9e-05 1e-05 3e-06 0 0 0 0 0 0 0 0 0 0 0 0 0 
1 0.789575 0.612635 0.464222 0.338918 0.233734 0.146755 0.080233 0.037313 0.014823 0.005235 0.001688 0.000485 0.000143 3e-05 2e-06 1e-06 0 0 0 0 0 0 0 0 0 0 0 0 0 
1 0.789849 0.61255 0.463164 0.33732 0.230725 0.14313 0.07682 0.034802 0.013245 0.004279 0.001249 0.000327 7.5e-05 1.4e-05 2e-06 0 0 0 0 0 0 0 0 0 0 0 0 0 0 
1 0.7892 0.612197 0.463826 0.33894 0.232702 0.145453 0.078498 0.035922 0.014026 0.004799 0.00148 0.00041 0.000116 3.7e-05 1.1e-05 2e-06 0 0 0 0 0 0 0 0 0 0 0 0 0 
1 0.789645 0.612668 0.462458 0.337197 0.231637 0.144241 0.077816 0.035453 0.013741 0.004537 0.001325 0.000338 7.8e-05 1.7e-05 3e-06 0 0 0 0 0 0 0 0 0 0 0 0 0 0 
1 0.789388 0.612693 0.462983 0.338216 0.232551 0.145915 0.07988 0.036908 0.014305 0.004677 0.001389 0.000352 7.5e-05 1.5e-05 4e-06 0 0 0 0 0 0 0 0 0 0 0 0 0 0 
1 0.78986 0.612591 0.463403 0.337797 0.231735 0.144357 0.077824 0.03481 0.013196 0.00424 0.001192 0.000287 6.5e-05 1.8e-05 3e-06 2e-06 2e-06 0 0 0 0 0 0 0 0 0 0 0 0 
1 0.791868 0.616664 0.46897 0.344633 0.239602 0.152267 0.084395 0.040488 0.016476 0.005816 0.001833 0.000491 0.000109 2.4e-05 2e-06 0 0 0 0 0 0 0 0 0 0 0 0 0 0 
1 0.789487 0.612085 0.462077 0.335874 0.230079 0.143181 0.077421 0.034872 0.013322 0.004527 0.001372 0.00038 9e-05 2.6e-05 4e-06 0 0 0 0 0 0 0 0 0 0 0 0 0 0 
1 0.788322 0.611433 0.462591 0.336685 0.230832 0.143388 0.077292 0.035429 0.013697 0.004506 0.001355 0.000402 0.000124 4.5e-05 1e-05 0 0 0 0 0 0 0 0 0 0 0 0 0 0 
1 0.788836 0.611027 0.459608 0.333277 0.227573 0.140232 0.075269 0.034347 0.01344 0.004391 0.001241 0.000325 8.2e-05 2.4e-05 5e-06 3e-06 1e-06 0 0 0 0 0 0 0 0 0 0 0 0 
1 0.788691 0.609909 0.460033 0.334447 0.229294 0.142721 0.077432 0.036009 0.014338 0.005041 0.001587 0.000477 0.000139 3.7e-05 9e-06 2e-06 1e-06 0 0 0 0 0 0 0 0 0 0 0 0 
1 0.790594 0.613428 0.463272 0.337514 0.231222 0.143708 0.077069 0.034805 0.013335 0.004393 0.001266 0.000336 8.5e-05 1.9e-05 8e-06 3e-06 1e-06 0 0 0 0 0 0 0 0 0 0 0 0 
1 0.78985 0.613154 0.46415 0.339085 0.23461 0.147938 0.080958 0.037412 0.014518 0.005021 0.001502 0.000417 9.1e-05 2.3e-05 7e-06 2e-06 0 0 0 0 0 0 0 0 0 0 0 0 0 
1 0.7896 0.612298 0.463024 0.338214 0.232826 0.145345 0.079052 0.03656 0.014303 0.004681 0.001412 0.000361 9.3e-05 1.1e-05 1e-06 0 0 0 0 0 0 0 0 0 0 0 0 0 0 
1 0.789815 0.612399 0.463329 0.337808 0.231891 0.144788 0.078643 0.036531 0.014483 0.00492 0.001418 0.000385 8.6e-05 2.8e-05 5e-06 1e-06 0 0 0 0 0 0 0 0 0 0 0 0 0 
1 0.790859 0.613901 0.464817 0.339797 0.233827 0.147176 0.080786 0.037608 0.015001 0.005334 0.001763 0.00051 0.000143 4.3e-05 1.8e-05 4e-06 1e-06 1e-06 0 0 0 0 0 0 0 0 0 0 0 
1 0.790411 0.613791 0.464689 0.339488 0.233598 0.145725 0.079442 0.037029 0.014934 0.005261 0.001734 0.000535 0.000154 3.9e-05 1.5e-05 5e-06 2e-06 1e-06 0 0 0 0 0 0 0 0 0 0 0 
1 0.787415 0.609194 0.460097 0.335009 0.229519 0.142574 0.077489 0.036462 0.015215 0.005605 0.00187 0.000522 0.000148 2.5e-05 8e-06 2e-06 1e-06 0 0 0 0 0 0 0 0 0 0 0 0 
1 0.790688 0.613689 0.464043 0.338242 0.233078 0.145627 0.078866 0.03627 0.014257 0.004897 0.001516 0.00041 0.0001 3.5e-05 8e-06 1e-06 0 0 0 0 0 0 0 0 0 0 0 0 0 
1 0.789277 0.611796 0.461688 0.335445 0.230089 0.143074 0.076986 0.03533 0.013587 0.004495 0.001354 0.000374 0.00011 3.2e-05 4e-06 0 0 0 0 0 0 0 0 0 0 0 0 0 0 
1 0.790571 0.613905 0.465495 0.339983 0.234751 0.147519 0.0809 0.037382 0.014903 0.005219 0.001705 0.000524 0.000142 3.3e-05 8e-06 3e-06 2e-06 1e-06 0 0 0 0 0 0 0 0 0 0 0 
1 0.788488 0.609903 0.460198 0.333833 0.228171 0.140634 0.075693 0.034153 0.01307 0.004289 0.001283 0.000321 9.9e-05 2e-05 7e-06 2e-06 0 0 0 0 0 0 0 0 0 0 0 0 0 
1 0.790512 0.614219 0.46478 0.339318 0.234147 0.146732 0.080079 0.037005 0.01431 0.004713 0.001363 0.000335 8.9e-05 2.4e-05 5e-06 0 0 0 0 0 0 0 0 0 0 0 0 0 0 
1 0.788377 0.610789 0.461635 0.335908 0.230862 0.143796 0.077952 0.035817 0.013964 0.004576 0.001333 0.00034 7.2e-05 1.3e-05 1e-06 0 0 0 0 0 0 0 0 0 0 0 0 0 0 
1 0.788567 0.61073 0.460582 0.334161 0.227973 0.14088 0.075776 0.034841 0.013781 0.004935 0.001642 0.000533 0.000185 5e-05 1.8e-05 2e-06 0 0 0 0 0 0 0 0 0 0 0 0 0 
1 0.788536 0.611133 0.462277 0.337067 0.232029 0.145053 0.079049 0.036276 0.014062 0.004726 0.001381 0.000378 0.000104 2.7e-05 1e-06 0 0 0 0 0 0 0 0 0 0 0 0 0 0 
1 0.787048 0.609098 0.459134 0.333017 0.227368 0.140797 0.07597 0.034594 0.013188 0.004274 0.001251 0.000337 9e-05 2.4e-05 2e-06 0 0 0 0 0 0 0 0 0 0 0 0 0 0 
1 0.787744 0.609344 0.45944 0.333383 0.22759 0.140391 0.074944 0.033594 0.01263 0.003996 0.001044 0.000271 7.5e-05 1.5e-05 1e-06 0 0 0 0 0 0 0 0 0 0 0 0 0 0 
1 0.789244 0.611135 0.460282 0.334255 0.228884 0.142648 0.077646 0.035765 0.013869 0.004666 0.001398 0.000371 8.7e-05 1.9e-05 7e-06 1e-06 1e-06 0 0 0 0 0 0 0 0 0 0 0 0 
1 0.790575 0.613346 0.463662 0.337414 0.231513 0.143977 0.077193 0.034774 0.01305 0.004268 0.001221 0.000292 7.4e-05 1.4e-05 2e-06 0 0 0 0 0 0 0 0 0 0 0 0 0 0 
1 0.790135 0.613406 0.464657 0.338945 0.233454 0.145788 0.079594 0.037027 0.01455 0.005013 0.001505 0.000431 0.000103 2.1e-05 3e-06 1e-06 1e-06 0 0 0 0 0 0 0 0 0 0 0 0 
1 0.789349 0.611986 0.462171 0.33536 0.229132 0.142051 0.076717 0.035097 0.013782 0.004524 0.001364 0.000326 8.2e-05 9e-06 2e-06 0 0 0 0 0 0 0 0 0 0 0 0 0 0 
1 0.789802 0.612007 0.462505 0.336406 0.230267 0.14307 0.076807 0.034745 0.013299 0.004556 0.00139 0.000387 0.000101 2.2e-05 2e-06 1e-06 0 0 0 0 0 0 0 0 0 0 0 0 0 
1 0.789397 0.611047 0.461674 0.335908 0.230112 0.143376 0.077468 0.035299 0.013819 0.004681 0.001424 0.000435 0.000117 2.5e-05 5e-06 2e-06 0 0 0 0 0 0 0 0 0 0 0 0 0 
1 0.789455 0.611895 0.462584 0.337365 0.231837 0.144249 0.07733 0.034875 0.01348 0.004389 0.001271 0.000333 8.4e-05 2.1e-05 7e-06 3e-06 0 0 0 0 0 0 0 0 0 0 0 0 0 
1 0.791059 0.614218 0.465431 0.339689 0.233502 0.145345 0.078205 0.035658 0.013729 0.004713 0.001472 0.00042 0.000105 2.4e-05 6e-06 1e-06 0 0 0 0 0 0 0 0 0 0 0 0 0 
1 0.788844 0.610886 0.46155 0.335654 0.230147 0.143078 0.0773 0.035734 0.014035 0.00479 0.001495 0.000416 0.000122 3e-05 1e-05 4e-06 0 0 0 0 0 0 0 0 0 0 0 0 0 
1 0.790294 0.613769 0.464737 0.338927 0.232797 0.144676 0.078149 0.035525 0.013654 0.004687 0.001302 0.000334 7.5e-05 1.5e-05 1e-06 0 0 0 0 0 0 0 0 0 0 0 0 0 0 
1 0.789496 0.611125 0.461409 0.334642 0.229161 0.141822 0.076355 0.035076 0.014005 0.004844 0.001526 0.000414 0.000103 2.2e-05 5e-06 3e-06 0 0 0 0 0 0 0 0 0 0 0 0 0 
1 0.791211 0.615435 0.467804 0.342615 0.237572 0.149818 0.082869 0.038833 0.015031 0.004999 0.001448 0.000418 0.000101 1.9e-05 2e-06 0 0 0 0 0 0 0 0 0 0 0 0 0 0 
1 0.789891 0.613132 0.464369 0.338972 0.233197 0.145235 0.07817 0.035423 0.013502 0.004359 0.001335 0.000348 8.7e-05 1.6e-05 6e-06 2e-06 1e-06 0 0 0 0 0 0 0 0 0 0 0 0 
1 0.78931 0.611448 0.46208 0.336711 0.230571 0.142989 0.077063 0.035081 0.013555 0.00451 0.001368 0.000372 8.3e-05 1.5e-05 1e-06 0 0 0 0 0 0 0 0 0 0 0 0 0 0 
1 0.788552 0.611003 0.461167 0.335218 0.229332 0.142518 0.076569 0.034228 0.012743 0.004094 0.001152 0.000301 8.3e-05 2.2e-05 4e-06 0 0 0 0 0 0 0 0 0 0 0 0 0 0 
1 0.789691 0.612459 0.462385 0.3364 0.230963 0.143529 0.077733 0.035617 0.013947 0.004773 0.001408 0.000382 0.000118 3.4e-05 7e-06 2e-06 0 0 0 0 0 0 0 0 0 0 0 0 0 
1 0.789846 0.613362 0.464198 0.338802 0.232986 0.145448 0.079162 0.036377 0.014121 0.004792 0.001434 0.000388 0.000112 2.1e-05 3e-06 1e-06 0 0 0 0 0 0 0 0 0 0 0 0 0 
1 0.78926 0.612449 0.463287 0.337417 0.232016 0.14494 0.07931 0.036777 0.014304 0.004821 0.001443 0.00041 0.000109 2.7e-05 3e-06 0 0 0 0 0 0 0 0 0 0 0 0 0 0 
1 0.789386 0.612072 0.462834 0.336699 0.230304 0.142895 0.076456 0.03476 0.013332 0.004386 0.001226 0.000301 6.4e-05 1.7e-05 2e-06 2e-06 2e-06 0 0 0 0 0 0 0 0 0 0 0 0 
1 0.791398 0.616074 0.467479 0.342401 0.236769 0.14967 0.083024 0.039099 0.015575 0.005378 0.001591 0.000416 0.00012 3.1e-05 7e-06 2e-06 1e-06 0 0 0 0 0 0 0 0 0 0 0 0 
1 0.788889 0.611064 0.46192 0.33615 0.230551 0.14379 0.077684 0.035364 0.013795 0.004695 0.001466 0.000432 0.000128 2.7e-05 6e-06 2e-06 1e-06 0 0 0 0 0 0 0 0 0 0 0 0 
1 0.788873 0.611142 0.461457 0.33569 0.229834 0.142821 0.076431 0.034268 0.01273 0.004122 0.001215 0.000324 7.5e-05 2e-05 7e-06 3e-06 0 0 0 0 0 0 0 0 0 0 0 0 0 
1 0.790067 0.6136 0.464419 0.338832 0.233955 0.146823 0.080295 0.037147 0.014528 0.004882 0.001495 0.000425 0.000112 3.3e-05 5e-06 3e-06 1e-06 0 0 0 0 0 0 0 0 0 0 0 0 
1 0.7897 0.613804 0.466143 0.341583 0.236054 0.148683 0.081066 0.037141 0.014443 0.004872 0.001471 0.000446 0.000109 3.1e-05 8e-06 1e-06 1e-06 0 0 0 0 0 0 0 0 0 0 0 0 
1 0.787402 0.608878 0.458584 0.332697 0.227139 0.141434 0.077255 0.035594 0.013788 0.004687 0.00142 0.000387 0.000128 3.1e-05 3e-06 1e-06 0 0 0 0 0 0 0 0 0 0 0 0 0 
1 0.791722 0.616271 0.467011 0.341354 0.234907 0.146377 0.079086 0.036243 0.013967 0.004763 0.001512 0.000413 8.8e-05 1.7e-05 4e-06 0 0 0 0 0 0 0 0 0 0 0 0 0 0 
1 0.788899 0.610776 0.461639 0.335578 0.229767 0.142549 0.076697 0.034777 0.013319 0.004393 0.001252 0.000352 9.7e-05 2.5e-05 4e-06 0 0 0 0 0 0 0 0 0 0 0 0 0 0 
1 0.790605 0.614439 0.466008 0.340427 0.234965 0.147995 0.081788 0.039087 0.015927 0.005577 0.001728 0.000537 0.000167 4.5e-05 6e-06 3e-06 0 0 0 0 0 0 0 0 0 0 0 0 0 
1 0.788908 0.611942 0.462202 0.335527 0.22916 0.140932 0.074329 0.032958 0.012208 0.003837 0.001067 0.000272 6.6e-05 1.1e-05 4e-06 1e-06 0 0 0 0 0 0 0 0 0 0 0 0 0 
1 0.789299 0.612507 0.463645 0.338457 0.23297 0.146137 0.079868 0.037073 0.014669 0.00515 0.001632 0.000481 0.000124 3.1e-05 7e-06 3e-06 1e-06 0 0 0 0 0 0 0 0 0 0 0 0 
1 0.79096 0.614244 0.46475 0.33794 0.231725 0.144086 0.078119 0.035935 0.013838 0.00468 0.001383 0.000353 0.000107 2.6e-05 5e-06 1e-06 0 0 0 0 0 0 0 0 0 0 0 0 0 
1 0.792197 0.616929 0.468836 0.343042 0.237575 0.149811 0.083071 0.039562 0.015868 0.00556 0.001747 0.00048 0.00012 2.3e-05 6e-06 2e-06 1e-06 0 0 0 0 0 0 0 0 0 0 0 0 
1 0.789606 0.613136 0.463436 0.337236 0.231743 0.14415 0.078047 0.035289 0.013429 0.004332 0.001288 0.000351 8.5e-05 1.9e-05 6e-06 2e-06 1e-06 0 0 0 0 0 0 0 0 0 0 0 0 
1 0.78953 0.613406 0.464831 0.340937 0.235227 0.147713 0.081388 0.03781 0.01491 0.005191 0.001609 0.00048 0.000137 3.5e-05 8e-06 0 0 0 0 0 0 0 0 0 0 0 0 0 0 
1 0.78922 0.610385 0.460743 0.334457 0.228721 0.142085 0.076287 0.034143 0.012894 0.004058 0.001113 0.00024 5e-05 8e-06 0 0 0 0 0 0 0 0 0 0 0 0 0 0 0 
1 0.789723 0.612345 0.462161 0.335752 0.229387 0.141755 0.075855 0.034266 0.013178 0.00454 0.001507 0.000514 0.00017 4.6e-05 1.3e-05 7e-06 1e-06 0 0 0 0 0 0 0 0 0 0 0 0 
1 0.791622 0.615505 0.467879 0.342912 0.237395 0.149078 0.080493 0.037008 0.014146 0.004713 0.001403 0.000354 7.7e-05 2e-05 2e-06 0 0 0 0 0 0 0 0 0 0 0 0 0 0 
1 0.790905 0.614884 0.467407 0.342527 0.236872 0.149284 0.081982 0.038119 0.015204 0.005138 0.001527 0.000376 9.3e-05 1.7e-05 0 0 0 0 0 0 0 0 0 0 0 0 0 0 0 
1 0.790519 0.613524 0.46517 0.338657 0.233241 0.146178 0.079217 0.036161 0.014067 0.004832 0.001381 0.000347 8.6e-05 2.3e-05 5e-06 1e-06 0 0 0 0 0 0 0 0 0 0 0 0 0 
1 0.789562 0.612286 0.463524 0.337671 0.232792 0.145236 0.078897 0.036083 0.013891 0.004814 0.00139 0.000325 8.6e-05 1.8e-05 3e-06 0 0 0 0 0 0 0 0 0 0 0 0 0 0 
1 0.787091 0.608104 0.458562 0.332391 0.226583 0.139384 0.074309 0.033456 0.012715 0.004321 0.001323 0.000404 0.000113 2.9e-05 8e-06 3e-06 2e-06 0 0 0 0 0 0 0 0 0 0 0 0 
1 0.790179 0.613803 0.464679 0.339068 0.233271 0.145736 0.079241 0.036357 0.014363 0.00498 0.001551 0.000459 0.000104 2.8e-05 8e-06 3e-06 0 0 0 0 0 0 0 0 0 0 0 0 0 
1 0.79082 0.613699 0.463591 0.337322 0.231467 0.14449 0.078529 0.036324 0.014378 0.004788 0.001415 0.000369 7.6e-05 1.6e-05 3e-06 0 0 0 0 0 0 0 0 0 0 0 0 0 0 
1 0.791357 0.615148 0.466186 0.340614 0.235003 0.1479 0.081301 0.03774 0.014962 0.005279 0.001664 0.000511 0.000136 3.2e-05 6e-06 1e-06 0 0 0 0 0 0 0 0 0 0 0 0 0 
1 0.790078 0.613294 0.463955 0.338555 0.233028 0.146088 0.079771 0.036548 0.014206 0.004758 0.001456 0.000405 0.000104 2.8e-05 4e-06 1e-06 0 0 0 0 0 0 0 0 0 0 0 0 0 
1 0.790831 0.614699 0.466214 0.340657 0.234928 0.146943 0.07992 0.036787 0.014406 0.004965 0.001509 0.000421 0.000104 2e-05 7e-06 0 0 0 0 0 0 0 0 0 0 0 0 0 0 
1 0.789809 0.611939 0.461984 0.335718 0.229792 0.142393 0.07648 0.034523 0.013171 0.004296 0.001249 0.000314 7e-05 1.6e-05 2e-06 0 0 0 0 0 0 0 0 0 0 0 0 0 0 
1 0.788952 0.612858 0.463912 0.338317 0.232408 0.145058 0.077986 0.035252 0.013504 0.004499 0.001371 0.000389 0.000102 2.1e-05 4e-06 1e-06 0 0 0 0 0 0 0 0 0 0 0 0 0 
1 0.79054 0.613477 0.465183 0.339509 0.233665 0.145951 0.079184 0.036205 0.014353 0.005065 0.001564 0.00045 0.000127 3.3e-05 8e-06 0 0 0 0 0 0 0 0 0 0 0 0 0 0 
1 0.788938 0.61149 0.462254 0.336786 0.23086 0.144004 0.077943 0.035254 0.013282 0.004341 0.00119 0.000316 7.8e-05 1.8e-05 2e-06 0 0 0 0 0 0 0 0 0 0 0 0 0 0 
1 0.788771 0.612002 0.462069 0.33572 0.229487 0.142182 0.076388 0.034853 0.013305 0.004284 0.001268 0.000334 9e-05 2.4e-05 6e-06 2e-06 0 0 0 0 0 0 0 0 0 0 0 0 0 
1 0.790083 0.613001 0.463972 0.338372 0.232851 0.14643 0.081023 0.038593 0.015514 0.005243 0.00156 0.000389 8.1e-05 2e-05 6e-06 0 0 0 0 0 0 0 0 0 0 0 0 0 0 
1 0.79085 0.613823 0.465299 0.339934 0.234296 0.145885 0.079142 0.036093 0.013812 0.004531 0.001285 0.000327 6.6e-05 1.6e-05 1e-06 0 0 0 0 0 0 0 0 0 0 0 0 0 0 
1 0.789301 0.612645 0.46438 0.339737 0.234952 0.147038 0.08035 0.036965 0.014533 0.004864 0.001432 0.00035 7.2e-05 1.8e-05 2e-06 1e-06 0 0 0 0 0 0 0 0 0 0 0 0 0 
1 0.787581 0.609944 0.460617 0.335186 0.22992 0.142418 0.076435 0.034701 0.013174 0.00433 0.001242 0.000307 6.9e-05 1.9e-05 2e-06 0 0 0 0 0 0 0 0 0 0 0 0 0 0 
1 0.790258 0.612572 0.463213 0.338126 0.232536 0.145483 0.078811 0.036171 0.014125 0.004841 0.001408 0.000376 8.6e-05 1.7e-05 4e-06 1e-06 0 0 0 0 0 0 0 0 0 0 0 0 0 
1 0.791665 0.615163 0.466222 0.341375 0.235104 0.146843 0.080046 0.036904 0.014586 0.004952 0.00144 0.000396 9.5e-05 2.1e-05 2e-06 0 0 0 0 0 0 0 0 0 0 0 0 0 0 
1 0.787852 0.608888 0.458215 0.332969 0.226815 0.139142 0.073296 0.032513 0.012047 0.00384 0.001059 0.000262 6.3e-05 3e-06 0 0 0 0 0 0 0 0 0 0 0 0 0 0 0 
1 0.790284 0.613476 0.464705 0.338947 0.232461 0.144003 0.077392 0.034755 0.013141 0.004355 0.001291 0.000381 9.4e-05 1.8e-05 2e-06 0 0 0 0 0 0 0 0 0 0 0 0 0 0 
1 0.789495 0.611945 0.463233 0.338174 0.233182 0.145535 0.078871 0.036056 0.014081 0.004624 0.001382 0.000354 9.4e-05 2.1e-05 5e-06 1e-06 1e-06 0 0 0 0 0 0 0 0 0 0 0 0 
1 0.786617 0.608251 0.4588 0.332796 0.226783 0.140125 0.074621 0.03333 0.012497 0.004125 0.001224 0.000351 0.0001 3.3e-05 1e-05 3e-06 1e-06 1e-06 0 0 0 0 0 0 0 0 0 0 0 
1 0.79044 0.613389 0.46427 0.338031 0.232126 0.144361 0.077848 0.035574 0.013627 0.004419 0.001254 0.00034 8.7e-05 2.5e-05 4e-06 0 0 0 0 0 0 0 0 0 0 0 0 0 0 
1 0.789349 0.611425 0.462143 0.336394 0.230476 0.142981 0.076648 0.034696 0.013161 0.004242 0.001135 0.00028 6e-05 1.4e-05 2e-06 2e-06 2e-06 0 0 0 0 0 0 0 0 0 0 0 0 
1 0.7891 0.61115 0.461952 0.336721 0.231226 0.143543 0.077216 0.034536 0.013218 0.004224 0.001214 0.000328 0.000106 3.1e-05 4e-06 1e-06 1e-06 0 0 0 0 0 0 0 0 0 0 0 0 
1 0.787941 0.60992 0.460108 0.333769 0.228286 0.141461 0.07588 0.034075 0.012845 0.004181 0.001152 0.00033 7.9e-05 1.6e-05 1e-06 1e-06 1e-06 1e-06 0 0 0 0 0 0 0 0 0 0 0 
1 0.790472 0.613347 0.464319 0.337769 0.231055 0.143064 0.076656 0.034421 0.012862 0.004196 0.001232 0.000347 7.4e-05 1.9e-05 3e-06 0 0 0 0 0 0 0 0 0 0 0 0 0 0 
1 0.789895 0.614557 0.466572 0.341768 0.235966 0.148469 0.080717 0.03706 0.014566 0.004737 0.00138 0.000389 0.000105 3.2e-05 8e-06 1e-06 0 0 0 0 0 0 0 0 0 0 0 0 0 
1 0.791326 0.615361 0.467101 0.342471 0.237673 0.15077 0.083687 0.03907 0.015357 0.005246 0.00159 0.000466 0.000159 3.5e-05 5e-06 0 0 0 0 0 0 0 0 0 0 0 0 0 0 
1 0.789809 0.612026 0.46166 0.33616 0.230374 0.143304 0.076685 0.034492 0.013316 0.004274 0.0012 0.000292 6.8e-05 1.6e-05 5e-06 1e-06 0 0 0 0 0 0 0 0 0 0 0 0 0 
1 0.788956 0.611323 0.461396 0.335007 0.229476 0.141912 0.07638 0.035081 0.014012 0.005021 0.001616 0.000471 0.000107 2.1e-05 6e-06 1e-06 0 0 0 0 0 0 0 0 0 0 0 0 0 
1 0.788254 0.609446 0.458985 0.332543 0.226503 0.139742 0.074582 0.033013 0.01226 0.003803 0.001078 0.00028 6.1e-05 2.2e-05 6e-06 0 0 0 0 0 0 0 0 0 0 0 0 0 0 
1 0.791148 0.614895 0.46645 0.341514 0.235601 0.147752 0.080994 0.037599 0.01497 0.004943 0.001438 0.000403 7.3e-05 1.4e-05 1e-06 0 0 0 0 0 0 0 0 0 0 0 0 0 0 
1 0.78919 0.611741 0.46169 0.33461 0.227208 0.139442 0.074064 0.033363 0.012989 0.004379 0.001306 0.000344 8.6e-05 2e-05 4e-06 0 0 0 0 0 0 0 0 0 0 0 0 0 0 
1 0.791983 0.616127 0.46802 0.342937 0.237537 0.150198 0.082838 0.038766 0.015516 0.005289 0.00165 0.000474 0.000112 1.5e-05 0 0 0 0 0 0 0 0 0 0 0 0 0 0 0 
1 0.790564 0.613754 0.464869 0.340542 0.235214 0.147839 0.080476 0.036806 0.014027 0.004609 0.00131 0.000335 8.8e-05 3.2e-05 7e-06 1e-06 1e-06 0 0 0 0 0 0 0 0 0 0 0 0 
1 0.78905 0.611451 0.461598 0.336265 0.230316 0.143008 0.077066 0.03516 0.013788 0.004844 0.00151 0.00037 9.3e-05 1.6e-05 3e-06 0 0 0 0 0 0 0 0 0 0 0 0 0 0 
1 0.789683 0.612325 0.463096 0.338027 0.232776 0.145781 0.079548 0.036476 0.014182 0.004828 0.001434 0.00042 0.000124 4.4e-05 1.3e-05 5e-06 1e-06 0 0 0 0 0 0 0 0 0 0 0 0 
1 0.790106 0.612475 0.462571 0.336501 0.230337 0.142712 0.076721 0.035127 0.013602 0.00445 0.001273 0.000332 9.7e-05 2.5e-05 6e-06 2e-06 0 0 0 0 0 0 0 0 0 0 0 0 0 
1 0.791068 0.614633 0.465738 0.33998 0.233644 0.146076 0.078801 0.03571 0.01371 0.004669 0.001431 0.00043 0.000112 1.9e-05 8e-06 3e-06 0 0 0 0 0 0 0 0 0 0 0 0 0 
1 0.78989 0.613296 0.464004 0.339192 0.233806 0.146508 0.080736 0.038525 0.015631 0.005495 0.001776 0.000535 0.000183 5.1e-05 1.6e-05 6e-06 4e-06 1e-06 0 0 0 0 0 0 0 0 0 0 0 
1 0.790277 0.614619 0.465502 0.340385 0.234918 0.147704 0.081251 0.037778 0.014543 0.004921 0.00152 0.000426 9.6e-05 3.3e-05 1.2e-05 1e-06 0 0 0 0 0 0 0 0 0 0 0 0 0 
1 0.789615 0.612797 0.463259 0.337352 0.232357 0.145712 0.07929 0.036114 0.014073 0.00479 0.001541 0.000454 0.00013 4e-05 8e-06 1e-06 0 0 0 0 0 0 0 0 0 0 0 0 0 
1 0.786909 0.608341 0.457885 0.331554 0.225545 0.138715 0.073292 0.032602 0.012487 0.004133 0.001235 0.00036 0.000113 2.9e-05 4e-06 0 0 0 0 0 0 0 0 0 0 0 0 0 0 
1 0.79125 0.615405 0.467307 0.343133 0.237442 0.1496 0.082056 0.038157 0.015178 0.005231 0.001527 0.000426 9.2e-05 2e-05 5e-06 1e-06 1e-06 0 0 0 0 0 0 0 0 0 0 0 0 
1 0.790703 0.613637 0.465127 0.340485 0.235207 0.14773 0.080858 0.037805 0.01515 0.005419 0.0018 0.000581 0.000191 5.1e-05 1.4e-05 0 0 0 0 0 0 0 0 0 0 0 0 0 0 
1 0.791777 0.615532 0.466336 0.339876 0.233599 0.146099 0.079816 0.037076 0.014148 0.004695 0.001461 0.000437 0.00014 4.4e-05 1.1e-05 7e-06 0 0 0 0 0 0 0 0 0 0 0 0 0 
1 0.79146 0.616286 0.468804 0.344355 0.238821 0.151774 0.084568 0.040056 0.016269 0.005677 0.001774 0.000507 0.000138 2.8e-05 7e-06 2e-06 1e-06 0 0 0 0 0 0 0 0 0 0 0 0 
1 0.78807 0.609841 0.459653 0.333307 0.227836 0.140984 0.07627 0.035108 0.013649 0.004521 0.001271 0.000326 9e-05 1.6e-05 3e-06 2e-06 0 0 0 0 0 0 0 0 0 0 0 0 0 
1 0.787447 0.608754 0.458616 0.332752 0.226724 0.139448 0.074198 0.033208 0.012154 0.00374 0.001063 0.00029 7.5e-05 2.8e-05 4e-06 0 0 0 0 0 0 0 0 0 0 0 0 0 0 
1 0.787637 0.610044 0.461506 0.336014 0.230552 0.144259 0.078825 0.036382 0.014085 0.004785 0.00141 0.000354 7.8e-05 1.3e-05 1e-06 0 0 0 0 0 0 0 0 0 0 0 0 0 0 
1 0.78807 0.610369 0.460477 0.334646 0.228668 0.140622 0.074668 0.033746 0.012923 0.004173 0.001223 0.000359 0.000108 3.1e-05 5e-06 2e-06 1e-06 0 0 0 0 0 0 0 0 0 0 0 0 
1 0.787927 0.609585 0.45987 0.333816 0.227744 0.140972 0.075341 0.033907 0.013144 0.004417 0.001286 0.000379 9.2e-05 2.4e-05 3e-06 1e-06 1e-06 0 0 0 0 0 0 0 0 0 0 0 0 
1 0.788244 0.609089 0.459704 0.334098 0.228009 0.14059 0.07468 0.033443 0.012297 0.003833 0.001043 0.000257 4.6e-05 8e-06 4e-06 2e-06 1e-06 0 0 0 0 0 0 0 0 0 0 0 0 
1 0.790912 0.61413 0.465861 0.34098 0.235987 0.148559 0.081336 0.037499 0.014685 0.005025 0.001505 0.000413 0.000119 2.9e-05 8e-06 1e-06 0 0 0 0 0 0 0 0 0 0 0 0 0 
1 0.791599 0.61565 0.466741 0.341595 0.236204 0.148326 0.081639 0.038044 0.014926 0.00508 0.001568 0.000438 0.00011 3.1e-05 4e-06 2e-06 0 0 0 0 0 0 0 0 0 0 0 0 0 
1 0.791898 0.615648 0.466377 0.341049 0.235434 0.148104 0.081171 0.037535 0.014484 0.00475 0.001348 0.000328 9.4e-05 2.8e-05 8e-06 1e-06 0 0 0 0 0 0 0 0 0 0 0 0 0 
1 0.789446 0.612214 0.463127 0.338217 0.233118 0.146225 0.080429 0.037726 0.015302 0.005455 0.001691 0.000481 0.000118 3.3e-05 4e-06 0 0 0 0 0 0 0 0 0 0 0 0 0 0 
1 0.788684 0.611099 0.462603 0.338379 0.233064 0.145012 0.078381 0.036188 0.01399 0.004599 0.001309 0.000365 0.000108 3.1e-05 1e-05 3e-06 0 0 0 0 0 0 0 0 0 0 0 0 0 
1 0.790996 0.614544 0.465496 0.340019 0.234032 0.147095 0.081077 0.038248 0.015419 0.005306 0.001644 0.000467 0.000113 2.7e-05 5e-06 1e-06 1e-06 0 0 0 0 0 0 0 0 0 0 0 0 
1 0.790616 0.613185 0.464387 0.33874 0.232906 0.144854 0.078212 0.035983 0.013867 0.004676 0.001467 0.000398 9.1e-05 2.6e-05 4e-06 1e-06 0 0 0 0 0 0 0 0 0 0 0 0 0 
1 0.788482 0.610629 0.461096 0.334639 0.229362 0.141682 0.076036 0.034515 0.013257 0.004325 0.001222 0.000352 9.5e-05 2.8e-05 6e-06 3e-06 0 0 0 0 0 0 0 0 0 0 0 0 0 
1 0.789214 0.611621 0.460548 0.333692 0.227955 0.141545 0.075881 0.034235 0.013034 0.004313 0.001259 0.00034 8.8e-05 1.5e-05 4e-06 0 0 0 0 0 0 0 0 0 0 0 0 0 0 
1 0.787862 0.609913 0.460357 0.334762 0.229636 0.143227 0.076381 0.034257 0.012803 0.004138 0.001195 0.000351 7.7e-05 9e-06 0 0 0 0 0 0 0 0 0 0 0 0 0 0 0 
1 0.790253 0.612883 0.464464 0.339271 0.233801 0.146404 0.079507 0.036364 0.014129 0.004789 0.001441 0.000429 0.000106 1.9e-05 8e-06 1e-06 0 0 0 0 0 0 0 0 0 0 0 0 0 
1 0.790921 0.614687 0.465997 0.340599 0.235168 0.147808 0.080857 0.037095 0.014464 0.004759 0.001411 0.000333 7.8e-05 1.8e-05 1e-06 1e-06 0 0 0 0 0 0 0 0 0 0 0 0 0 
1 0.787477 0.608755 0.4584 0.332322 0.226761 0.139832 0.07455 0.033708 0.012981 0.004493 0.001352 0.000345 8.1e-05 2.4e-05 6e-06 0 0 0 0 0 0 0 0 0 0 0 0 0 0 
1 0.78855 0.610866 0.461463 0.334855 0.229055 0.14251 0.076977 0.035167 0.013416 0.004504 0.001359 0.000378 9.9e-05 1.9e-05 5e-06 4e-06 2e-06 0 0 0 0 0 0 0 0 0 0 0 0 
1 0.787569 0.609216 0.458842 0.332303 0.225993 0.139308 0.074467 0.033852 0.013027 0.004358 0.001274 0.000339 7.2e-05 1.4e-05 1e-06 0 0 0 0 0 0 0 0 0 0 0 0 0 0 
1 0.7908 0.614162 0.465379 0.33963 0.234332 0.146404 0.079747 0.036742 0.014396 0.00491 0.001509 0.000433 0.000116 3.4e-05 9e-06 4e-06 2e-06 2e-06 0 0 0 0 0 0 0 0 0 0 0 
1 0.789653 0.611476 0.462438 0.337231 0.232234 0.145158 0.078369 0.035453 0.01367 0.004543 0.001356 0.000334 7.3e-05 1.3e-05 2e-06 0 0 0 0 0 0 0 0 0 0 0 0 0 0 
1 0.79026 0.612555 0.46347 0.337115 0.230483 0.143898 0.078977 0.037373 0.014807 0.005126 0.001586 0.000427 0.000116 2.2e-05 4e-06 0 0 0 0 0 0 0 0 0 0 0 0 0 0 
1 0.790781 0.615285 0.46702 0.341687 0.235878 0.14723 0.080018 0.036246 0.014075 0.004747 0.001333 0.000337 6.5e-05 8e-06 1e-06 0 0 0 0 0 0 0 0 0 0 0 0 0 0 
1 0.78856 0.609952 0.458871 0.332357 0.226167 0.13866 0.072877 0.032353 0.012258 0.00412 0.001191 0.000302 7e-05 1.5e-05 2e-06 0 0 0 0 0 0 0 0 0 0 0 0 0 0 
1 0.789676 0.613421 0.463977 0.337661 0.23181 0.144376 0.077696 0.034921 0.013118 0.004337 0.001265 0.000316 9.5e-05 2.2e-05 5e-06 2e-06 0 0 0 0 0 0 0 0 0 0 0 0 0 
1 0.788402 0.610919 0.461398 0.336167 0.230666 0.1436 0.077546 0.03564 0.014053 0.004866 0.001523 0.000423 0.000101 2.1e-05 2e-06 0 0 0 0 0 0 0 0 0 0 0 0 0 0 
1 0.789028 0.612322 0.463357 0.338056 0.232737 0.145931 0.079634 0.036609 0.014118 0.004612 0.001398 0.000387 0.000103 2e-05 4e-06 0 0 0 0 0 0 0 0 0 0 0 0 0 0 
1 0.78913 0.611682 0.463368 0.337271 0.231942 0.14446 0.07803 0.035543 0.013663 0.004595 0.001383 0.000392 0.000115 3.8e-05 7e-06 3e-06 1e-06 0 0 0 0 0 0 0 0 0 0 0 0 
1 0.788437 0.610926 0.461066 0.335204 0.229368 0.141706 0.075527 0.033715 0.012673 0.004194 0.001312 0.000426 0.000155 5.7e-05 1.3e-05 3e-06 0 0 0 0 0 0 0 0 0 0 0 0 0 
1 0.791267 0.615625 0.466723 0.342034 0.23672 0.149767 0.083175 0.039078 0.015542 0.005295 0.001596 0.000452 0.000123 2.9e-05 1e-05 2e-06 0 0 0 0 0 0 0 0 0 0 0 0 0 
1 0.789531 0.612285 0.462891 0.336389 0.230911 0.142693 0.076523 0.034405 0.012919 0.004228 0.001151 0.000315 7e-05 1.7e-05 3e-06 2e-06 1e-06 0 0 0 0 0 0 0 0 0 0 0 0 
1 0.790743 0.614373 0.464743 0.339701 0.233868 0.145781 0.078579 0.035552 0.013566 0.004622 0.001367 0.000369 7.5e-05 2.1e-05 4e-06 2e-06 0 0 0 0 0 0 0 0 0 0 0 0 0 
1 0.789193 0.61175 0.462024 0.336935 0.23193 0.145278 0.079119 0.036164 0.014134 0.004685 0.001321 0.000371 8.7e-05 1.7e-05 7e-06 3e-06 2e-06 1e-06 1e-06 1e-06 0 0 0 0 0 0 0 0 0 
1 0.790585 0.614634 0.465735 0.340346 0.234267 0.146597 0.079335 0.0365 0.013844 0.00448 0.001337 0.000356 0.000117 2.9e-05 6e-06 0 0 0 0 0 0 0 0 0 0 0 0 0 0 
1 0.787997 0.609716 0.45972 0.332186 0.225593 0.138056 0.072572 0.032249 0.012101 0.003923 0.001173 0.000374 0.000106 3.1e-05 9e-06 0 0 0 0 0 0 0 0 0 0 0 0 0 0 
1 0.789504 0.61209 0.462503 0.336412 0.229802 0.142141 0.076003 0.034118 0.012825 0.004193 0.001285 0.000388 0.00013 3.8e-05 1.6e-05 6e-06 2e-06 1e-06 0 0 0 0 0 0 0 0 0 0 0 
1 0.789644 0.612544 0.463727 0.338169 0.231755 0.144654 0.078051 0.0357 0.013929 0.004853 0.001554 0.000502 0.000187 5.4e-05 1e-05 4e-06 1e-06 0 0 0 0 0 0 0 0 0 0 0 0 
1 0.789463 0.612979 0.463967 0.338439 0.232878 0.14626 0.078665 0.035789 0.01371 0.004524 0.001337 0.000358 8.6e-05 2.1e-05 4e-06 0 0 0 0 0 0 0 0 0 0 0 0 0 0 
1 0.789524 0.612188 0.463272 0.337824 0.231603 0.143766 0.076692 0.034601 0.013388 0.004546 0.001465 0.000503 0.000198 8.5e-05 4.6e-05 1.5e-05 2e-06 1e-06 0 0 0 0 0 0 0 0 0 0 0 
1 0.789017 0.611852 0.462733 0.336917 0.23063 0.143037 0.076487 0.034386 0.012969 0.004093 0.001163 0.000289 5.7e-05 1.3e-05 2e-06 0 0 0 0 0 0 0 0 0 0 0 0 0 0 
1 0.788602 0.611582 0.462079 0.336212 0.230126 0.143265 0.077411 0.035425 0.013523 0.00441 0.001289 0.000302 7.9e-05 1.3e-05 2e-06 1e-06 0 0 0 0 0 0 0 0 0 0 0 0 0 
1 0.787578 0.609474 0.459566 0.334413 0.228411 0.140749 0.075056 0.034151 0.013475 0.004622 0.001357 0.000359 8.6e-05 2.4e-05 7e-06 1e-06 1e-06 0 0 0 0 0 0 0 0 0 0 0 0 
1 0.788618 0.611398 0.462776 0.338301 0.233749 0.147514 0.080959 0.037856 0.014856 0.00504 0.0016 0.000487 0.000143 2.8e-05 8e-06 2e-06 0 0 0 0 0 0 0 0 0 0 0 0 0 
1 0.788102 0.609977 0.46068 0.335617 0.23003 0.143372 0.076884 0.034489 0.013154 0.004414 0.001386 0.00036 8.9e-05 3e-05 5e-06 2e-06 0 0 0 0 0 0 0 0 0 0 0 0 0 
1 0.789485 0.611975 0.461663 0.33537 0.229294 0.142038 0.076575 0.034837 0.013261 0.004514 0.001405 0.000365 8.8e-05 1.9e-05 6e-06 2e-06 0 0 0 0 0 0 0 0 0 0 0 0 0 
1 0.789898 0.611602 0.461304 0.334175 0.227733 0.139975 0.074774 0.033545 0.01266 0.00415 0.001231 0.000357 9.3e-05 2.6e-05 6e-06 2e-06 0 0 0 0 0 0 0 0 0 0 0 0 0 
1 0.787392 0.609206 0.45923 0.332665 0.227234 0.140721 0.075637 0.034482 0.013346 0.00447 0.001354 0.000368 8.5e-05 1.5e-05 3e-06 0 0 0 0 0 0 0 0 0 0 0 0 0 0 
1 0.788451 0.60937 0.459172 0.333262 0.227442 0.141142 0.075195 0.033253 0.012328 0.003954 0.001177 0.000321 8.3e-05 2.4e-05 4e-06 1e-06 1e-06 0 0 0 0 0 0 0 0 0 0 0 0 
1 0.787936 0.609353 0.458576 0.332604 0.227494 0.141192 0.076659 0.035105 0.013782 0.004584 0.001413 0.000367 9.4e-05 3.1e-05 1e-05 4e-06 3e-06 1e-06 1e-06 0 0 0 0 0 0 0 0 0 0 
1 0.787158 0.607614 0.457378 0.330942 0.224533 0.137583 0.073045 0.032618 0.0122 0.004064 0.001213 0.000341 0.000103 3.1e-05 3e-06 1e-06 0 0 0 0 0 0 0 0 0 0 0 0 0 
1 0.79082 0.612947 0.462977 0.336727 0.230577 0.143594 0.077335 0.035334 0.013772 0.004631 0.00141 0.000398 9.8e-05 2.7e-05 1e-05 2e-06 0 0 0 0 0 0 0 0 0 0 0 0 0 
1 0.789838 0.613329 0.464703 0.338775 0.232478 0.144909 0.077784 0.034932 0.013277 0.004357 0.001204 0.000323 6.4e-05 1.5e-05 3e-06 2e-06 0 0 0 0 0 0 0 0 0 0 0 0 0 
1 0.787591 0.609233 0.458838 0.333609 0.227489 0.141312 0.07562 0.034184 0.012993 0.004239 0.001175 0.000296 6.6e-05 1.7e-05 2e-06 0 0 0 0 0 0 0 0 0 0 0 0 0 0 
1 0.790903 0.614251 0.465655 0.34016 0.233935 0.146324 0.079326 0.036196 0.013912 0.004583 0.001373 0.000393 9.5e-05 2.6e-05 6e-06 1e-06 0 0 0 0 0 0 0 0 0 0 0 0 0 
1 0.79007 0.613168 0.464729 0.340012 0.235057 0.147225 0.08076 0.037556 0.015033 0.005197 0.001559 0.000412 0.00011 2.6e-05 7e-06 1e-06 0 0 0 0 0 0 0 0 0 0 0 0 0 
1 0.788457 0.609612 0.459958 0.333679 0.227721 0.140337 0.075145 0.033722 0.012859 0.004204 0.001225 0.000356 8.6e-05 2.2e-05 7e-06 3e-06 1e-06 0 0 0 0 0 0 0 0 0 0 0 0 
1 0.788248 0.609468 0.460084 0.335072 0.229766 0.142836 0.077463 0.03531 0.013475 0.004486 0.001313 0.000376 0.000117 3.2e-05 1e-05 2e-06 0 0 0 0 0 0 0 0 0 0 0 0 0 
1 0.790505 0.614257 0.464769 0.338787 0.233131 0.145312 0.078514 0.036086 0.013926 0.004683 0.001386 0.000356 7.7e-05 1.9e-05 3e-06 0 0 0 0 0 0 0 0 0 0 0 0 0 0 
1 0.788421 0.610153 0.460177 0.334296 0.22871 0.141555 0.07648 0.035458 0.014037 0.00488 0.00151 0.000446 9.1e-05 2.3e-05 2e-06 2e-06 0 0 0 0 0 0 0 0 0 0 0 0 0 
1 0.790241 0.612766 0.463493 0.337675 0.231789 0.144185 0.07773 0.03524 0.013601 0.004688 0.001577 0.000487 0.000139 2.9e-05 5e-06 1e-06 0 0 0 0 0 0 0 0 0 0 0 0 0 
1 0.790182 0.612491 0.463072 0.336486 0.230804 0.143933 0.077933 0.035594 0.013537 0.004316 0.001277 0.000338 7.9e-05 1.1e-05 0 0 0 0 0 0 0 0 0 0 0 0 0 0 0 
1 0.789603 0.611565 0.461523 0.335132 0.229577 0.141945 0.076 0.0345 0.013322 0.004426 0.00129 0.000335 8.6e-05 2.8e-05 3e-06 2e-06 2e-06 0 0 0 0 0 0 0 0 0 0 0 0 
1 0.78885 0.610608 0.460596 0.334924 0.229534 0.142597 0.077489 0.035497 0.013666 0.004494 0.001259 0.000337 8.1e-05 2.3e-05 5e-06 0 0 0 0 0 0 0 0 0 0 0 0 0 0 
1 0.791399 0.614977 0.466119 0.340461 0.235342 0.148686 0.082343 0.03902 0.01561 0.005464 0.00166 0.000492 0.00014 4.5e-05 1e-05 3e-06 1e-06 1e-06 0 0 0 0 0 0 0 0 0 0 0 
1 0.790209 0.614524 0.466035 0.341653 0.236248 0.148417 0.081042 0.03742 0.014736 0.005055 0.001494 0.00042 0.000102 1.7e-05 3e-06 0 0 0 0 0 0 0 0 0 0 0 0 0 0 
1 0.789422 0.611572 0.461814 0.336164 0.230661 0.14371 0.07803 0.035996 0.014361 0.005043 0.001593 0.0005 0.000144 5.3e-05 1.4e-05 6e-06 2e-06 0 0 0 0 0 0 0 0 0 0 0 0 
1 0.78905 0.610615 0.461605 0.336412 0.231059 0.143663 0.077875 0.035508 0.013984 0.004789 0.001471 0.000418 0.000123 3e-05 9e-06 4e-06 2e-06 0 0 0 0 0 0 0 0 0 0 0 0 
1 0.78892 0.611093 0.461716 0.335973 0.230806 0.143954 0.078044 0.035963 0.013968 0.004624 0.00139 0.000381 7.8e-05 1.3e-05 5e-06 0 0 0 0 0 0 0 0 0 0 0 0 0 0 
1 0.789405 0.611852 0.462959 0.337269 0.231036 0.142986 0.076573 0.034812 0.01335 0.00444 0.001204 0.000291 7.2e-05 1.9e-05 2e-06 0 0 0 0 0 0 0 0 0 0 0 0 0 0 
1 0.789975 0.613323 0.464027 0.338355 0.232549 0.145534 0.079414 0.036558 0.014193 0.004761 0.001395 0.000385 0.000122 3.2e-05 1.2e-05 3e-06 0 0 0 0 0 0 0 0 0 0 0 0 0 
1 0.789891 0.612836 0.463579 0.337428 0.230482 0.143079 0.076564 0.034542 0.01329 0.004524 0.001385 0.0004 9.9e-05 2.3e-05 4e-06 0 0 0 0 0 0 0 0 0 0 0 0 0 0 
1 0.788452 0.610465 0.461566 0.336108 0.23194 0.145701 0.079901 0.037277 0.014587 0.004968 0.001468 0.000416 9.9e-05 2.2e-05 4e-06 0 0 0 0 0 0 0 0 0 0 0 0 0 0 
1 0.788422 0.609265 0.458772 0.332074 0.226383 0.13931 0.073783 0.033258 0.012944 0.004292 0.001196 0.000334 8.6e-05 3e-05 9e-06 2e-06 0 0 0 0 0 0 0 0 0 0 0 0 0 
1 0.788439 0.609863 0.459837 0.333863 0.227993 0.141486 0.075757 0.03383 0.012804 0.004208 0.001152 0.000308 7.7e-05 2.4e-05 6e-06 2e-06 0 0 0 0 0 0 0 0 0 0 0 0 0 
1 0.788507 0.610435 0.460318 0.334516 0.228831 0.142099 0.076546 0.03503 0.013891 0.004955 0.001593 0.000471 0.000123 2.5e-05 5e-06 2e-06 0 0 0 0 0 0 0 0 0 0 0 0 0 
1 0.789351 0.6112 0.461553 0.33605 0.231251 0.145287 0.079515 0.036786 0.014338 0.004819 0.001404 0.000352 7.6e-05 2.1e-05 2e-06 0 0 0 0 0 0 0 0 0 0 0 0 0 0 
1 0.788543 0.611082 0.461822 0.336521 0.230597 0.143611 0.077953 0.036242 0.01431 0.004882 0.001502 0.000431 0.000131 2.6e-05 7e-06 2e-06 0 0 0 0 0 0 0 0 0 0 0 0 0 
1 0.789563 0.611955 0.462479 0.337176 0.230924 0.143006 0.076658 0.034786 0.013704 0.004591 0.001438 0.0004 0.000106 2.9e-05 5e-06 2e-06 0 0 0 0 0 0 0 0 0 0 0 0 0 
1 0.789976 0.613661 0.464273 0.338805 0.233159 0.145985 0.079846 0.037076 0.014812 0.005239 0.001618 0.000431 0.000102 2e-05 3e-06 0 0 0 0 0 0 0 0 0 0 0 0 0 0 
1 0.789254 0.61183 0.462132 0.336444 0.231176 0.143927 0.077532 0.035976 0.014695 0.005073 0.001565 0.000457 0.000112 3e-05 4e-06 0 0 0 0 0 0 0 0 0 0 0 0 0 0 
1 0.7883 0.609296 0.46058 0.334778 0.229052 0.14204 0.075953 0.033532 0.012511 0.00398 0.001191 0.000342 0.000107 2.3e-05 5e-06 0 0 0 0 0 0 0 0 0 0 0 0 0 0 
1 0.788987 0.611255 0.461528 0.335589 0.229734 0.143351 0.077344 0.035141 0.013572 0.004471 0.001305 0.000363 9.3e-05 1.8e-05 2e-06 0 0 0 0 0 0 0 0 0 0 0 0 0 0 
1 0.788915 0.611055 0.462541 0.338036 0.232811 0.146512 0.080911 0.037977 0.014912 0.005197 0.00155 0.000443 0.000121 2.4e-05 2e-06 0 0 0 0 0 0 0 0 0 0 0 0 0 0 
1 0.789036 0.61143 0.461981 0.336156 0.230306 0.143411 0.078643 0.037166 0.014873 0.005166 0.001584 0.000416 0.000101 2.2e-05 5e-06 1e-06 1e-06 0 0 0 0 0 0 0 0 0 0 0 0 
1 0.791484 0.615426 0.466339 0.341459 0.235673 0.147834 0.080121 0.036876 0.014282 0.004825 0.001491 0.000424 9.6e-05 2.7e-05 5e-06 0 0 0 0 0 0 0 0 0 0 0 0 0 0 
1 0.790142 0.614144 0.465511 0.339588 0.233034 0.145396 0.078944 0.036592 0.014273 0.004663 0.00129 0.000289 5.9e-05 9e-06 1e-06 0 0 0 0 0 0 0 0 0 0 0 0 0 0 
1 0.78828 0.610441 0.459999 0.334597 0.229254 0.142429 0.076698 0.035023 0.013574 0.004504 0.001305 0.000331 7.2e-05 1.4e-05 3e-06 0 0 0 0 0 0 0 0 0 0 0 0 0 0 
1 0.790033 0.612748 0.463576 0.337157 0.232324 0.145489 0.079017 0.0365 0.014151 0.004844 0.001402 0.000428 0.000112 2.8e-05 1e-06 0 0 0 0 0 0 0 0 0 0 0 0 0 0 
1 0.787275 0.607959 0.458751 0.333599 0.228589 0.141861 0.076311 0.034938 0.013502 0.004493 0.00134 0.000374 0.000105 2.4e-05 4e-06 2e-06 1e-06 0 0 0 0 0 0 0 0 0 0 0 0 
1 0.790839 0.613559 0.4651 0.339008 0.233024 0.145291 0.079346 0.03667 0.014434 0.004909 0.001539 0.000417 9.7e-05 1.8e-05 3e-06 0 0 0 0 0 0 0 0 0 0 0 0 0 0 
1 0.791341 0.615661 0.468006 0.343199 0.237178 0.150183 0.082665 0.038497 0.015197 0.005141 0.001527 0.000426 0.000107 3.2e-05 7e-06 2e-06 0 0 0 0 0 0 0 0 0 0 0 0 0 
1 0.79098 0.613985 0.464822 0.33917 0.233386 0.146661 0.080706 0.038154 0.015482 0.00551 0.001822 0.000493 0.000123 3.1e-05 1.1e-05 3e-06 1e-06 0 0 0 0 0 0 0 0 0 0 0 0 
1 0.78792 0.609595 0.460223 0.33473 0.228965 0.142129 0.07666 0.035391 0.014234 0.00514 0.001669 0.000499 0.000124 2.8e-05 1e-06 0 0 0 0 0 0 0 0 0 0 0 0 0 0 
1 0.792784 0.617121 0.468849 0.343295 0.237926 0.15038 0.083081 0.038493 0.014974 0.004963 0.001425 0.000395 8.6e-05 2.3e-05 4e-06 2e-06 0 0 0 0 0 0 0 0 0 0 0 0 0 
1 0.788796 0.610877 0.461533 0.335323 0.22921 0.141816 0.075955 0.034297 0.013321 0.004648 0.001488 0.000462 0.000124 3.1e-05 1.3e-05 3e-06 0 0 0 0 0 0 0 0 0 0 0 0 0 
1 0.791384 0.616608 0.468193 0.343016 0.237094 0.149447 0.082339 0.038563 0.015256 0.005381 0.001633 0.000439 0.000115 2.9e-05 7e-06 2e-06 1e-06 0 0 0 0 0 0 0 0 0 0 0 0 
1 0.787625 0.608775 0.45907 0.333643 0.227599 0.140604 0.074907 0.033606 0.012963 0.004256 0.001216 0.000334 6.3e-05 1.3e-05 2e-06 0 0 0 0 0 0 0 0 0 0 0 0 0 0 
1 0.790013 0.614289 0.466378 0.341293 0.23647 0.149493 0.082332 0.038641 0.01557 0.005793 0.001937 0.000624 0.000197 6.9e-05 2.4e-05 6e-06 0 0 0 0 0 0 0 0 0 0 0 0 0 
1 0.790824 0.613989 0.464798 0.338969 0.232843 0.145836 0.079777 0.037383 0.015151 0.005283 0.001701 0.000481 0.000121 2.9e-05 5e-06 3e-06 1e-06 0 0 0 0 0 0 0 0 0 0 0 0 
1 0.786659 0.608143 0.458372 0.332444 0.226557 0.140148 0.075298 0.034209 0.013332 0.004484 0.001338 0.000379 9.3e-05 2.1e-05 6e-06 0 0 0 0 0 0 0 0 0 0 0 0 0 0 
1 0.788157 0.610449 0.461215 0.335798 0.229654 0.142191 0.076654 0.035268 0.01391 0.004609 0.001305 0.000329 9.4e-05 2.1e-05 6e-06 2e-06 1e-06 0 0 0 0 0 0 0 0 0 0 0 0 
1 0.788915 0.610502 0.460726 0.335077 0.228899 0.141593 0.075633 0.033944 0.012459 0.003945 0.001046 0.000278 6.4e-05 1.4e-05 4e-06 0 0 0 0 0 0 0 0 0 0 0 0 0 0 
1 0.792038 0.616514 0.467449 0.341906 0.23606 0.148066 0.080583 0.037451 0.014823 0.005109 0.001613 0.00046 0.000132 3.1e-05 4e-06 0 0 0 0 0 0 0 0 0 0 0 0 0 0 
1 0.788531 0.610718 0.460615 0.334557 0.229173 0.14165 0.075905 0.034095 0.012919 0.004239 0.001251 0.000336 6.3e-05 1.6e-05 5e-06 1e-06 0 0 0 0 0 0 0 0 0 0 0 0 0 
1 0.78871 0.610712 0.462131 0.336553 0.230475 0.143061 0.076514 0.034378 0.013297 0.004379 0.001327 0.000359 8.2e-05 1.3e-05 1e-06 0 0 0 0 0 0 0 0 0 0 0 0 0 0 
1 0.792227 0.616913 0.4687 0.342788 0.237777 0.150345 0.082678 0.038535 0.015357 0.005212 0.001554 0.000416 0.000107 2.9e-05 3e-06 1e-06 0 0 0 0 0 0 0 0 0 0 0 0 0 
1 0.79014 0.613938 0.46538 0.340407 0.234772 0.147339 0.080877 0.037324 0.014496 0.005048 0.001728 0.000543 0.000183 6.6e-05 1.4e-05 4e-06 0 0 0 0 0 0 0 0 0 0 0 0 0 
1 0.790033 0.612548 0.462318 0.336437 0.230557 0.142997 0.076748 0.03458 0.013126 0.004304 0.001188 0.00031 6.7e-05 1.6e-05 1e-06 0 0 0 0 0 0 0 0 0 0 0 0 0 0 
1 0.789275 0.610999 0.460688 0.334457 0.22858 0.141398 0.075905 0.03412 0.013 0.004476 0.00138 0.000419 0.000114 3e-05 9e-06 0 0 0 0 0 0 0 0 0 0 0 0 0 0 
1 0.789693 0.612963 0.463856 0.33875 0.233802 0.146984 0.080214 0.037036 0.014293 0.004646 0.001306 0.000348 9e-05 2.9e-05 6e-06 2e-06 1e-06 0 0 0 0 0 0 0 0 0 0 0 0 
1 0.78745 0.60978 0.460703 0.335193 0.229713 0.142731 0.076728 0.034876 0.013466 0.004518 0.001332 0.000326 9.3e-05 3.3e-05 8e-06 4e-06 2e-06 1e-06 0 0 0 0 0 0 0 0 0 0 0 
1 0.789828 0.61343 0.465487 0.340728 0.235438 0.147728 0.079741 0.036027 0.01361 0.004456 0.001279 0.000326 7.3e-05 1.9e-05 8e-06 2e-06 1e-06 0 0 0 0 0 0 0 0 0 0 0 0 
1 0.789071 0.611463 0.462524 0.33693 0.231032 0.143507 0.077199 0.035199 0.013654 0.004505 0.001325 0.000356 9.3e-05 2e-05 5e-06 0 0 0 0 0 0 0 0 0 0 0 0 0 0 
1 0.792732 0.618324 0.471669 0.347385 0.241714 0.153435 0.085381 0.040691 0.016801 0.006126 0.002081 0.000631 0.000215 7e-05 2.3e-05 8e-06 1e-06 0 0 0 0 0 0 0 0 0 0 0 0 
1 0.790158 0.613158 0.463823 0.33806 0.231993 0.144713 0.078406 0.035434 0.013569 0.004575 0.00143 0.000425 0.000134 4.1e-05 1.7e-05 6e-06 1e-06 0 0 0 0 0 0 0 0 0 0 0 0 
1 0.789111 0.612091 0.463095 0.337823 0.232365 0.145824 0.080072 0.036872 0.01426 0.004743 0.001389 0.000355 8.6e-05 2e-05 3e-06 1e-06 1e-06 0 0 0 0 0 0 0 0 0 0 0 0 
1 0.790057 0.612383 0.463217 0.337538 0.231491 0.14416 0.078075 0.035602 0.013867 0.004658 0.001403 0.000401 9.2e-05 2.2e-05 8e-06 2e-06 2e-06 0 0 0 0 0 0 0 0 0 0 0 0 
1 0.793278 0.618339 0.471052 0.345831 0.239903 0.152473 0.084814 0.040478 0.016123 0.005434 0.00164 0.000435 0.000106 2.8e-05 7e-06 2e-06 1e-06 0 0 0 0 0 0 0 0 0 0 0 0 
1 0.788839 0.612088 0.462685 0.337193 0.231631 0.143721 0.077828 0.035329 0.01339 0.00427 0.001195 0.000294 7.9e-05 1.8e-05 0 0 0 0 0 0 0 0 0 0 0 0 0 0 0 
1 0.790912 0.614355 0.465591 0.340244 0.234655 0.147708 0.080921 0.036955 0.01419 0.004582 0.001271 0.000333 7.3e-05 1e-05 0 0 0 0 0 0 0 0 0 0 0 0 0 0 0 
1 0.788485 0.609955 0.460896 0.335738 0.230685 0.143391 0.077175 0.034348 0.012807 0.004113 0.001217 0.000336 8.7e-05 2.3e-05 4e-06 0 0 0 0 0 0 0 0 0 0 0 0 0 0 
1 0.789709 0.613125 0.46473 0.339579 0.23468 0.147075 0.080323 0.037049 0.014349 0.004915 0.001558 0.000486 0.000133 3.7e-05 1.2e-05 4e-06 1e-06 0 0 0 0 0 0 0 0 0 0 0 0 
1 0.789971 0.613086 0.46455 0.338625 0.233464 0.146618 0.080241 0.037104 0.014217 0.004728 0.00135 0.000356 8.9e-05 2e-05 7e-06 2e-06 0 0 0 0 0 0 0 0 0 0 0 0 0 
