1 0.649605 0.284805 0.0654975 0.006675 0.000385 1e-05 0 0 0 0 0 0 0 0 0 0 0 0 0 
1 0.649822 0.284587 0.0656025 0.0066475 0.0003425 1e-05 0 0 0 0 0 0 0 0 0 0 0 0 0 
1 0.651613 0.286937 0.0666225 0.0071675 0.00039 2e-05 0 0 0 0 0 0 0 0 0 0 0 0 0 
1 0.649603 0.284127 0.064145 0.0063425 0.00035 1.75e-05 0 0 0 0 0 0 0 0 0 0 0 0 0 
1 0.64844 0.283377 0.0644125 0.0064825 0.000315 5e-06 0 0 0 0 0 0 0 0 0 0 0 0 0 
1 0.650682 0.2856 0.0659025 0.006665 0.0003575 1e-05 0 0 0 0 0 0 0 0 0 0 0 0 0 
1 0.649382 0.283107 0.06378 0.00624 0.0002925 1e-05 2.5e-06 0 0 0 0 0 0 0 0 0 0 0 0 
1 0.6515 0.286587 0.0659625 0.0068225 0.00035 7.5e-06 0 0 0 0 0 0 0 0 0 0 0 0 0 
1 0.650815 0.28581 0.0659775 0.0068125 0.0003575 1.75e-05 2.5e-06 0 0 0 0 0 0 0 0 0 0 0 0 
1 0.650318 0.284605 0.06602 0.0068075 0.0003575 7.5e-06 0 0 0 0 0 0 0 0 0 0 0 0 0 
1 0.650922 0.285945 0.06612 0.0065 0.0003875 1.75e-05 0 0 0 0 0 0 0 0 0 0 0 0 0 
1 0.648315 0.283482 0.063805 0.0065525 0.00036 1.25e-05 0 0 0 0 0 0 0 0 0 0 0 0 0 
1 0.652075 0.285727 0.0660225 0.0066675 0.0003475 1.75e-05 0 0 0 0 0 0 0 0 0 0 0 0 0 
1 0.649942 0.285 0.06536 0.00662 0.0003475 1.25e-05 0 0 0 0 0 0 0 0 0 0 0 0 0 
1 0.648602 0.282425 0.0649525 0.0069275 0.0003825 1.25e-05 0 0 0 0 0 0 0 0 0 0 0 0 0 
1 0.649765 0.28349 0.06482 0.0065475 0.00036 2.25e-05 2.5e-06 0 0 0 0 0 0 0 0 0 0 0 0 
1 0.650145 0.284017 0.0657 0.00669 0.00038 1.75e-05 2.5e-06 0 0 0 0 0 0 0 0 0 0 0 0 
1 0.650133 0.284757 0.0658175 0.0065325 0.0003575 2e-05 0 0 0 0 0 0 0 0 0 0 0 0 0 
1 0.651998 0.287253 0.0662475 0.0069225 0.00037 1e-05 0 0 0 0 0 0 0 0 0 0 0 0 0 
1 0.65 0.28406 0.0649 0.00641 0.000335 1e-05 0 0 0 0 0 0 0 0 0 0 0 0 0 
1 0.649742 0.284145 0.065145 0.0067175 0.0003025 5e-06 0 0 0 0 0 0 0 0 0 0 0 0 0 
1 0.649345 0.284445 0.0655975 0.00685 0.000385 2.75e-05 0 0 0 0 0 0 0 0 0 0 0 0 0 
1 0.650015 0.2844 0.0651775 0.0066025 0.0003375 1e-05 0 0 0 0 0 0 0 0 0 0 0 0 0 
1 0.650275 0.285755 0.065515 0.006515 0.0003625 1.25e-05 0 0 0 0 0 0 0 0 0 0 0 0 0 
1 0.647708 0.281437 0.064355 0.0066875 0.000305 7.5e-06 0 0 0 0 0 0 0 0 0 0 0 0 0 
1 0.64765 0.283347 0.06516 0.0065575 0.0003625 1.75e-05 2.5e-06 0 0 0 0 0 0 0 0 0 0 0 0 
1 0.649952 0.284525 0.0648725 0.00658 0.00031 7.5e-06 2.5e-06 0 0 0 0 0 0 0 0 0 0 0 0 
1 0.64869 0.282952 0.0648575 0.006725 0.0003725 2e-05 0 0 0 0 0 0 0 0 0 0 0 0 0 
1 0.650413 0.284812 0.0653375 0.00655 0.000365 7.5e-06 0 0 0 0 0 0 0 0 0 0 0 0 0 
1 0.649075 0.28361 0.06463 0.006475 0.0003775 5e-06 0 0 0 0 0 0 0 0 0 0 0 0 0 
1 0.649482 0.283565 0.06511 0.0064475 0.00026 1e-05 0 0 0 0 0 0 0 0 0 0 0 0 0 
1 0.65129 0.288555 0.06696 0.0067675 0.000345 2e-05 0 0 0 0 0 0 0 0 0 0 0 0 0 
1 0.649662 0.28504 0.0657975 0.00685 0.0003625 1.75e-05 0 0 0 0 0 0 0 0 0 0 0 0 0 
1 0.648382 0.28377 0.06493 0.0066825 0.0003325 2.25e-05 0 0 0 0 0 0 0 0 0 0 0 0 0 
1 0.649515 0.28435 0.06534 0.0067325 0.0003875 2e-05 2.5e-06 0 0 0 0 0 0 0 0 0 0 0 0 
1 0.650527 0.285557 0.06511 0.0065825 0.000325 1e-05 0 0 0 0 0 0 0 0 0 0 0 0 0 
1 0.648772 0.283022 0.065355 0.0067175 0.0003275 2.25e-05 2.5e-06 0 0 0 0 0 0 0 0 0 0 0 0 
1 0.64789 0.28341 0.0643175 0.0063375 0.000415 1e-05 2.5e-06 0 0 0 0 0 0 0 0 0 0 0 0 
1 0.64868 0.282997 0.06467 0.0063725 0.000335 1.5e-05 2.5e-06 0 0 0 0 0 0 0 0 0 0 0 0 
1 0.650813 0.28565 0.0653375 0.0064075 0.000375 1.25e-05 0 0 0 0 0 0 0 0 0 0 0 0 0 
1 0.651752 0.287497 0.06694 0.006705 0.00034 2e-05 0 0 0 0 0 0 0 0 0 0 0 0 0 
1 0.652153 0.28779 0.066305 0.006865 0.0003375 7.5e-06 0 0 0 0 0 0 0 0 0 0 0 0 0 
1 0.648558 0.28407 0.065505 0.006925 0.00035 1.25e-05 0 0 0 0 0 0 0 0 0 0 0 0 0 
1 0.649072 0.284945 0.0656725 0.0067875 0.00039 1e-05 0 0 0 0 0 0 0 0 0 0 0 0 0 
1 0.6483 0.284352 0.06516 0.00659 0.0002625 1e-05 0 0 0 0 0 0 0 0 0 0 0 0 0 
1 0.650597 0.285732 0.06584 0.0067325 0.000375 1.75e-05 0 0 0 0 0 0 0 0 0 0 0 0 0 
1 0.648217 0.283362 0.064385 0.00646 0.0003175 2.5e-06 0 0 0 0 0 0 0 0 0 0 0 0 0 
1 0.649972 0.2855 0.0661025 0.0067975 0.0003125 7.5e-06 0 0 0 0 0 0 0 0 0 0 0 0 0 
1 0.650582 0.28588 0.066605 0.006685 0.00035 7.5e-06 0 0 0 0 0 0 0 0 0 0 0 0 0 
1 0.650087 0.28458 0.064985 0.006475 0.0003275 2e-05 0 0 0 0 0 0 0 0 0 0 0 0 0 
1 0.651037 0.28561 0.0660525 0.006775 0.0003525 0 0 0 0 0 0 0 0 0 0 0 0 0 0 
1 0.64918 0.2844 0.06569 0.006825 0.00044 2.75e-05 2.5e-06 0 0 0 0 0 0 0 0 0 0 0 0 
1 0.650157 0.284297 0.06496 0.006785 0.0003725 1.5e-05 0 0 0 0 0 0 0 0 0 0 0 0 0 
1 0.65124 0.286275 0.066495 0.006995 0.00036 2e-05 0 0 0 0 0 0 0 0 0 0 0 0 0 
1 0.650278 0.283777 0.0651025 0.0068725 0.0003625 1.25e-05 0 0 0 0 0 0 0 0 0 0 0 0 0 
1 0.650365 0.28546 0.065875 0.006665 0.00037 1.75e-05 0 0 0 0 0 0 0 0 0 0 0 0 0 
1 0.648688 0.284182 0.0650225 0.0065775 0.000315 5e-06 0 0 0 0 0 0 0 0 0 0 0 0 0 
1 0.649578 0.284877 0.06605 0.006815 0.00041 1.25e-05 0 0 0 0 0 0 0 0 0 0 0 0 0 
1 0.65133 0.286742 0.066285 0.0066675 0.000325 5e-06 0 0 0 0 0 0 0 0 0 0 0 0 0 
1 0.649238 0.28381 0.06453 0.0066125 0.0002675 7.5e-06 0 0 0 0 0 0 0 0 0 0 0 0 0 
1 0.649928 0.287297 0.0671575 0.0071325 0.0003775 5e-06 0 0 0 0 0 0 0 0 0 0 0 0 0 
1 0.648738 0.283287 0.0647525 0.00642 0.0003525 5e-06 0 0 0 0 0 0 0 0 0 0 0 0 0 
1 0.649033 0.283495 0.064795 0.0065475 0.000285 1.25e-05 0 0 0 0 0 0 0 0 0 0 0 0 0 
1 0.651762 0.287322 0.0662025 0.0069425 0.00035 1e-05 0 0 0 0 0 0 0 0 0 0 0 0 0 
1 0.650115 0.284975 0.0654875 0.0065325 0.0003025 7.5e-06 0 0 0 0 0 0 0 0 0 0 0 0 0 
1 0.651602 0.28693 0.066785 0.00675 0.0003375 1e-05 0 0 0 0 0 0 0 0 0 0 0 0 0 
1 0.650907 0.287317 0.0667225 0.0069825 0.00034 1.25e-05 2.5e-06 0 0 0 0 0 0 0 0 0 0 0 0 
1 0.648715 0.283337 0.0647925 0.0065225 0.0003525 7.5e-06 0 0 0 0 0 0 0 0 0 0 0 0 0 
1 0.64816 0.282225 0.0646725 0.0063825 0.00028 5e-06 2.5e-06 0 0 0 0 0 0 0 0 0 0 0 0 
1 0.648353 0.284462 0.065225 0.0066425 0.000365 1.75e-05 2.5e-06 0 0 0 0 0 0 0 0 0 0 0 0 
1 0.651595 0.28645 0.0670475 0.0068925 0.000355 1.5e-05 0 0 0 0 0 0 0 0 0 0 0 0 0 
1 0.65008 0.283912 0.0646975 0.00653 0.0003625 7.5e-06 0 0 0 0 0 0 0 0 0 0 0 0 0 
1 0.649725 0.2861 0.0661625 0.0065225 0.0003225 7.5e-06 0 0 0 0 0 0 0 0 0 0 0 0 0 
1 0.649847 0.283937 0.0645975 0.0061775 0.0002975 2.5e-06 0 0 0 0 0 0 0 0 0 0 0 0 0 
1 0.649835 0.283265 0.065605 0.00669 0.00038 1.75e-05 0 0 0 0 0 0 0 0 0 0 0 0 0 
1 0.651028 0.285755 0.066155 0.00696 0.0003575 1.25e-05 0 0 0 0 0 0 0 0 0 0 0 0 0 
1 0.649507 0.28381 0.0657 0.00658 0.0003075 1.5e-05 0 0 0 0 0 0 0 0 0 0 0 0 0 
1 0.649685 0.28464 0.0656475 0.0066675 0.0003675 2.5e-05 0 0 0 0 0 0 0 0 0 0 0 0 0 
1 0.649772 0.284785 0.0653625 0.0066575 0.0003225 7.5e-06 0 0 0 0 0 0 0 0 0 0 0 0 0 
1 0.648935 0.28461 0.0655 0.0067825 0.00037 1.75e-05 0 0 0 0 0 0 0 0 0 0 0 0 0 
1 0.650765 0.28607 0.06569 0.0068675 0.0004275 1.25e-05 0 0 0 0 0 0 0 0 0 0 0 0 0 
1 0.648252 0.284462 0.0655825 0.006685 0.000375 1.75e-05 5e-06 0 0 0 0 0 0 0 0 0 0 0 0 
1 0.649675 0.2858 0.06647 0.0070025 0.00032 1.75e-05 5e-06 2.5e-06 0 0 0 0 0 0 0 0 0 0 0 
1 0.649413 0.283065 0.0643975 0.0067325 0.0003925 1e-05 0 0 0 0 0 0 0 0 0 0 0 0 0 
1 0.648915 0.283665 0.065105 0.0062375 0.00024 2.5e-06 0 0 0 0 0 0 0 0 0 0 0 0 0 
1 0.651208 0.286222 0.06552 0.00652 0.0003125 2.5e-06 0 0 0 0 0 0 0 0 0 0 0 0 0 
1 0.648742 0.28318 0.0643975 0.0064925 0.000375 2.75e-05 7.5e-06 0 0 0 0 0 0 0 0 0 0 0 0 
1 0.648805 0.283477 0.0651725 0.006595 0.0003325 1e-05 0 0 0 0 0 0 0 0 0 0 0 0 0 
1 0.64979 0.285315 0.0662875 0.006765 0.00032 7.5e-06 0 0 0 0 0 0 0 0 0 0 0 0 0 
1 0.65041 0.286655 0.06631 0.0068925 0.000325 2e-05 0 0 0 0 0 0 0 0 0 0 0 0 0 
1 0.65202 0.287535 0.0664675 0.00685 0.000335 1.5e-05 0 0 0 0 0 0 0 0 0 0 0 0 0 
1 0.650547 0.285265 0.0663 0.0068875 0.0003725 2.5e-05 0 0 0 0 0 0 0 0 0 0 0 0 0 
1 0.65075 0.287097 0.06723 0.006885 0.0003975 5e-06 0 0 0 0 0 0 0 0 0 0 0 0 0 
1 0.650135 0.286932 0.06603 0.006635 0.0003875 1.75e-05 0 0 0 0 0 0 0 0 0 0 0 0 0 
1 0.649323 0.284542 0.0653375 0.0070125 0.000435 7.5e-06 0 0 0 0 0 0 0 0 0 0 0 0 0 
1 0.651218 0.287047 0.0667975 0.0070125 0.0003625 2.5e-05 0 0 0 0 0 0 0 0 0 0 0 0 0 
1 0.649257 0.283727 0.0651 0.006695 0.0003125 1.75e-05 0 0 0 0 0 0 0 0 0 0 0 0 0 
1 0.650458 0.285942 0.06611 0.00682 0.000345 1.75e-05 0 0 0 0 0 0 0 0 0 0 0 0 0 
1 0.65203 0.286787 0.066545 0.006665 0.00031 1.25e-05 0 0 0 0 0 0 0 0 0 0 0 0 0 
1 0.650815 0.285497 0.06572 0.0067325 0.0003475 2.5e-05 0 0 0 0 0 0 0 0 0 0 0 0 0 
