1 0.700423 0.350638 0.0962183 0.0107383 0.000475 1.16667e-05 1.66667e-06 0 0 0 0 0 0 0 0 0 0 0 0 
1 0.701818 0.352808 0.09838 0.0116767 0.000591667 1e-05 0 0 0 0 0 0 0 0 0 0 0 0 0 
1 0.698892 0.34864 0.096495 0.0111333 0.000476667 3.33333e-06 0 0 0 0 0 0 0 0 0 0 0 0 0 
1 0.700438 0.350343 0.0967617 0.0109933 0.00048 1.66667e-05 0 0 0 0 0 0 0 0 0 0 0 0 0 
1 0.70297 0.353437 0.098235 0.011505 0.000553333 1.66667e-05 0 0 0 0 0 0 0 0 0 0 0 0 0 
1 0.699847 0.348903 0.0960183 0.0108967 0.000551667 2e-05 0 0 0 0 0 0 0 0 0 0 0 0 0 
1 0.701162 0.350385 0.0973 0.011145 0.000521667 1.83333e-05 0 0 0 0 0 0 0 0 0 0 0 0 0 
1 0.700368 0.349618 0.09603 0.0110933 0.000485 1e-05 0 0 0 0 0 0 0 0 0 0 0 0 0 
1 0.70087 0.350653 0.0976883 0.0113933 0.000586667 1.83333e-05 0 0 0 0 0 0 0 0 0 0 0 0 0 
1 0.697703 0.34777 0.0954467 0.0108367 0.00051 1e-05 0 0 0 0 0 0 0 0 0 0 0 0 0 
1 0.698992 0.34849 0.0954133 0.010925 0.000523333 1e-05 1.66667e-06 0 0 0 0 0 0 0 0 0 0 0 0 
1 0.70101 0.350885 0.097515 0.0112633 0.000503333 1.5e-05 0 0 0 0 0 0 0 0 0 0 0 0 0 
1 0.69974 0.349795 0.09733 0.0111667 0.000543333 1.33333e-05 0 0 0 0 0 0 0 0 0 0 0 0 0 
1 0.700853 0.352182 0.0980267 0.0112 0.000508333 1.5e-05 1.66667e-06 0 0 0 0 0 0 0 0 0 0 0 0 
1 0.699178 0.349312 0.0963817 0.010935 0.000493333 1.16667e-05 0 0 0 0 0 0 0 0 0 0 0 0 0 
1 0.700767 0.352403 0.0982667 0.0112233 0.000548333 1.83333e-05 0 0 0 0 0 0 0 0 0 0 0 0 0 
1 0.700633 0.351353 0.097015 0.0112783 0.000496667 6.66667e-06 0 0 0 0 0 0 0 0 0 0 0 0 0 
1 0.699827 0.349433 0.0972433 0.01136 0.000583333 1.33333e-05 0 0 0 0 0 0 0 0 0 0 0 0 0 
1 0.698237 0.34635 0.0955483 0.0110217 0.000526667 1.33333e-05 0 0 0 0 0 0 0 0 0 0 0 0 0 
1 0.700287 0.350668 0.09686 0.0113967 0.000526667 1.66667e-05 0 0 0 0 0 0 0 0 0 0 0 0 0 
1 0.702218 0.35376 0.098725 0.0117767 0.000606667 1.16667e-05 0 0 0 0 0 0 0 0 0 0 0 0 0 
1 0.701335 0.352398 0.09842 0.0113717 0.000568333 1.33333e-05 0 0 0 0 0 0 0 0 0 0 0 0 0 
1 0.699885 0.349988 0.097555 0.01117 0.000508333 2.5e-05 5e-06 0 0 0 0 0 0 0 0 0 0 0 0 
1 0.700138 0.351213 0.097725 0.01125 0.00053 8.33333e-06 0 0 0 0 0 0 0 0 0 0 0 0 0 
1 0.700797 0.351407 0.096925 0.011105 0.000575 2.16667e-05 0 0 0 0 0 0 0 0 0 0 0 0 0 
1 0.698645 0.348357 0.09546 0.01071 0.000465 1.5e-05 0 0 0 0 0 0 0 0 0 0 0 0 0 
1 0.702237 0.354773 0.100463 0.0121283 0.000603333 2e-05 1.66667e-06 0 0 0 0 0 0 0 0 0 0 0 0 
1 0.698438 0.346647 0.0952333 0.01089 0.000516667 1.5e-05 0 0 0 0 0 0 0 0 0 0 0 0 0 
1 0.698267 0.347075 0.0949733 0.01077 0.000448333 8.33333e-06 0 0 0 0 0 0 0 0 0 0 0 0 0 
1 0.699497 0.349225 0.0963417 0.01121 0.00052 1e-05 0 0 0 0 0 0 0 0 0 0 0 0 0 
1 0.700675 0.349775 0.0968317 0.0107217 0.000481667 8.33333e-06 0 0 0 0 0 0 0 0 0 0 0 0 0 
1 0.70053 0.350258 0.09727 0.0111883 0.000493333 1.16667e-05 0 0 0 0 0 0 0 0 0 0 0 0 0 
1 0.698395 0.347225 0.0954583 0.0109067 0.000506667 2e-05 0 0 0 0 0 0 0 0 0 0 0 0 0 
1 0.701652 0.350998 0.0965567 0.01114 0.00049 3.33333e-06 0 0 0 0 0 0 0 0 0 0 0 0 0 
1 0.70086 0.35176 0.09828 0.01202 0.000563333 1.16667e-05 0 0 0 0 0 0 0 0 0 0 0 0 0 
1 0.700932 0.351543 0.098715 0.01153 0.00055 1.33333e-05 0 0 0 0 0 0 0 0 0 0 0 0 0 
1 0.69887 0.348462 0.0950467 0.0104867 0.000546667 3.5e-05 1.66667e-06 0 0 0 0 0 0 0 0 0 0 0 0 
1 0.700813 0.353785 0.0993433 0.0118 0.000591667 1.5e-05 0 0 0 0 0 0 0 0 0 0 0 0 0 
1 0.699812 0.34949 0.096455 0.0114633 0.000523333 1.33333e-05 0 0 0 0 0 0 0 0 0 0 0 0 0 
1 0.703153 0.354418 0.099355 0.0118717 0.00058 2e-05 0 0 0 0 0 0 0 0 0 0 0 0 0 
1 0.701088 0.351418 0.0968683 0.01117 0.000598333 1.5e-05 0 0 0 0 0 0 0 0 0 0 0 0 0 
1 0.699352 0.350063 0.0956917 0.010625 0.000506667 1.16667e-05 0 0 0 0 0 0 0 0 0 0 0 0 0 
1 0.698413 0.348733 0.0959883 0.0107817 0.000471667 1e-05 0 0 0 0 0 0 0 0 0 0 0 0 0 
1 0.700723 0.351785 0.098145 0.0115167 0.0006 2.5e-05 1.66667e-06 0 0 0 0 0 0 0 0 0 0 0 0 
1 0.698898 0.34772 0.0949733 0.0105467 0.000506667 6.66667e-06 0 0 0 0 0 0 0 0 0 0 0 0 0 
1 0.699838 0.349807 0.0967783 0.01129 0.00053 1.5e-05 0 0 0 0 0 0 0 0 0 0 0 0 0 
1 0.700287 0.34969 0.096865 0.01128 0.000571667 1.33333e-05 0 0 0 0 0 0 0 0 0 0 0 0 0 
1 0.699312 0.34759 0.0946867 0.0108133 0.000503333 6.66667e-06 1.66667e-06 0 0 0 0 0 0 0 0 0 0 0 0 
1 0.698573 0.34803 0.09507 0.01038 0.00042 1.33333e-05 0 0 0 0 0 0 0 0 0 0 0 0 0 
1 0.700553 0.350937 0.097405 0.0110583 0.000481667 1.33333e-05 0 0 0 0 0 0 0 0 0 0 0 0 0 
1 0.701293 0.351963 0.09767 0.011435 0.00053 8.33333e-06 0 0 0 0 0 0 0 0 0 0 0 0 0 
1 0.69796 0.346823 0.0942733 0.01062 0.000486667 1.16667e-05 0 0 0 0 0 0 0 0 0 0 0 0 0 
1 0.700157 0.350167 0.096585 0.0110733 0.000558333 1.83333e-05 0 0 0 0 0 0 0 0 0 0 0 0 0 
1 0.698395 0.348572 0.09686 0.01142 0.000543333 2.16667e-05 5e-06 0 0 0 0 0 0 0 0 0 0 0 0 
1 0.699607 0.348888 0.0954833 0.0105867 0.000455 1.5e-05 0 0 0 0 0 0 0 0 0 0 0 0 0 
1 0.697933 0.348083 0.09551 0.01079 0.000493333 1.66667e-05 0 0 0 0 0 0 0 0 0 0 0 0 0 
1 0.700212 0.349915 0.0961767 0.01108 0.000478333 2e-05 1.66667e-06 0 0 0 0 0 0 0 0 0 0 0 0 
1 0.700453 0.349752 0.0964717 0.011065 0.000518333 2e-05 0 0 0 0 0 0 0 0 0 0 0 0 0 
1 0.700597 0.349252 0.0971417 0.0111717 0.000556667 2.66667e-05 1.66667e-06 0 0 0 0 0 0 0 0 0 0 0 0 
1 0.699805 0.348762 0.09616 0.0109067 0.000466667 1.66667e-05 0 0 0 0 0 0 0 0 0 0 0 0 0 
1 0.700778 0.35128 0.0977133 0.01158 0.000481667 1.66667e-05 0 0 0 0 0 0 0 0 0 0 0 0 0 
1 0.700133 0.349528 0.0968917 0.0110567 0.000475 6.66667e-06 0 0 0 0 0 0 0 0 0 0 0 0 0 
1 0.69912 0.349057 0.0966033 0.01108 0.000498333 1e-05 0 0 0 0 0 0 0 0 0 0 0 0 0 
1 0.700408 0.35217 0.0989367 0.0113967 0.000536667 2e-05 0 0 0 0 0 0 0 0 0 0 0 0 0 
1 0.699388 0.350458 0.0967733 0.0112333 0.000493333 1e-05 0 0 0 0 0 0 0 0 0 0 0 0 0 
1 0.700832 0.351487 0.0975467 0.0111333 0.000501667 1.66667e-05 0 0 0 0 0 0 0 0 0 0 0 0 0 
1 0.700815 0.351008 0.097505 0.011255 0.000506667 1.5e-05 1.66667e-06 0 0 0 0 0 0 0 0 0 0 0 0 
1 0.700698 0.351238 0.097295 0.011115 0.00052 1.33333e-05 0 0 0 0 0 0 0 0 0 0 0 0 0 
1 0.701138 0.350963 0.097605 0.011165 0.000481667 6.66667e-06 0 0 0 0 0 0 0 0 0 0 0 0 0 
1 0.69977 0.351705 0.0980983 0.0113467 0.00056 1.66667e-05 0 0 0 0 0 0 0 0 0 0 0 0 0 
1 0.700502 0.350835 0.0973017 0.0115217 0.000543333 1.16667e-05 0 0 0 0 0 0 0 0 0 0 0 0 0 
1 0.69827 0.347768 0.0955 0.0109483 0.000516667 1.33333e-05 0 0 0 0 0 0 0 0 0 0 0 0 0 
1 0.697767 0.347973 0.097005 0.0112767 0.000583333 2.5e-05 0 0 0 0 0 0 0 0 0 0 0 0 0 
1 0.69901 0.349142 0.096185 0.0111233 0.00047 1.16667e-05 0 0 0 0 0 0 0 0 0 0 0 0 0 
1 0.699432 0.349977 0.0971233 0.0113533 0.000485 1e-05 0 0 0 0 0 0 0 0 0 0 0 0 0 
1 0.700245 0.349175 0.096275 0.01096 0.000511667 5e-06 0 0 0 0 0 0 0 0 0 0 0 0 0 
1 0.698597 0.346987 0.0942567 0.0106317 0.000521667 1.33333e-05 0 0 0 0 0 0 0 0 0 0 0 0 0 
1 0.701045 0.350957 0.0965383 0.0112533 0.000551667 1.5e-05 0 0 0 0 0 0 0 0 0 0 0 0 0 
1 0.698557 0.348207 0.0957 0.0111133 0.00066 1.66667e-05 0 0 0 0 0 0 0 0 0 0 0 0 0 
1 0.700485 0.35002 0.096355 0.0112267 0.00047 1.33333e-05 0 0 0 0 0 0 0 0 0 0 0 0 0 
1 0.700265 0.350145 0.0959067 0.010885 0.000463333 6.66667e-06 0 0 0 0 0 0 0 0 0 0 0 0 0 
1 0.699862 0.34932 0.0958417 0.0107667 0.000566667 1.33333e-05 0 0 0 0 0 0 0 0 0 0 0 0 0 
1 0.698148 0.346815 0.0952717 0.0110067 0.000471667 2e-05 0 0 0 0 0 0 0 0 0 0 0 0 0 
1 0.701853 0.351743 0.0976383 0.0113917 0.000496667 1.5e-05 3.33333e-06 0 0 0 0 0 0 0 0 0 0 0 0 
1 0.700865 0.350608 0.0967867 0.01081 0.000515 1.33333e-05 1.66667e-06 0 0 0 0 0 0 0 0 0 0 0 0 
1 0.698185 0.3484 0.0950267 0.0106183 0.00048 8.33333e-06 0 0 0 0 0 0 0 0 0 0 0 0 0 
1 0.700735 0.351307 0.0975717 0.0113833 0.000545 1e-05 0 0 0 0 0 0 0 0 0 0 0 0 0 
1 0.698338 0.348145 0.0958183 0.0108867 0.000505 1e-05 0 0 0 0 0 0 0 0 0 0 0 0 0 
1 0.700983 0.349947 0.0969683 0.011185 0.000585 6.66667e-06 0 0 0 0 0 0 0 0 0 0 0 0 0 
1 0.699055 0.349893 0.0974067 0.01143 0.00059 1.83333e-05 0 0 0 0 0 0 0 0 0 0 0 0 0 
1 0.70038 0.35042 0.0971617 0.0111933 0.000558333 1.33333e-05 0 0 0 0 0 0 0 0 0 0 0 0 0 
1 0.698727 0.348283 0.0961 0.010875 0.000501667 1e-05 0 0 0 0 0 0 0 0 0 0 0 0 0 
1 0.701483 0.35244 0.0993567 0.01162 0.000553333 1.66667e-05 0 0 0 0 0 0 0 0 0 0 0 0 0 
1 0.701153 0.350967 0.0969883 0.0110933 0.000533333 8.33333e-06 0 0 0 0 0 0 0 0 0 0 0 0 0 
1 0.699138 0.349118 0.0963233 0.0111717 0.000515 1.5e-05 0 0 0 0 0 0 0 0 0 0 0 0 0 
1 0.69899 0.348983 0.0961533 0.0109167 0.000425 1.5e-05 0 0 0 0 0 0 0 0 0 0 0 0 0 
1 0.701652 0.352522 0.098935 0.0119367 0.000585 1.83333e-05 1.66667e-06 0 0 0 0 0 0 0 0 0 0 0 0 
1 0.69939 0.34973 0.0963783 0.010985 0.00047 1.83333e-05 1.66667e-06 0 0 0 0 0 0 0 0 0 0 0 0 
1 0.69914 0.34944 0.0958917 0.0109633 0.000546667 1.83333e-05 0 0 0 0 0 0 0 0 0 0 0 0 0 
1 0.6977 0.346543 0.0939833 0.0103633 0.000478333 1.33333e-05 1.66667e-06 0 0 0 0 0 0 0 0 0 0 0 0 
