1 0.55174 0.187185 0.03308 0.003175 0.0003 1e-05 0 0 0 0 0 0 0 0 0 0 0 0 0 
1 0.549275 0.184955 0.03323 0.00366 0.00025 2.5e-05 5e-06 0 0 0 0 0 0 0 0 0 0 0 0 
1 0.55103 0.18419 0.03223 0.003215 0.00027 2.5e-05 0 0 0 0 0 0 0 0 0 0 0 0 0 
1 0.55041 0.18445 0.03204 0.00328 0.000155 2.5e-05 0 0 0 0 0 0 0 0 0 0 0 0 0 
1 0.550405 0.18508 0.03248 0.003185 0.000255 1e-05 0 0 0 0 0 0 0 0 0 0 0 0 0 
1 0.54863 0.18387 0.03263 0.003205 0.000215 2e-05 0 0 0 0 0 0 0 0 0 0 0 0 0 
1 0.550215 0.186165 0.03277 0.003475 0.000255 1.5e-05 0 0 0 0 0 0 0 0 0 0 0 0 0 
1 0.548395 0.184555 0.032475 0.0032 0.00023 2e-05 5e-06 0 0 0 0 0 0 0 0 0 0 0 0 
1 0.548645 0.18521 0.03241 0.00308 0.000165 1.5e-05 0 0 0 0 0 0 0 0 0 0 0 0 0 
1 0.552965 0.186295 0.03259 0.003125 0.00022 1e-05 0 0 0 0 0 0 0 0 0 0 0 0 0 
1 0.54901 0.18532 0.032995 0.003125 0.000205 2e-05 0 0 0 0 0 0 0 0 0 0 0 0 0 
1 0.551085 0.185855 0.032765 0.00338 0.00028 1.5e-05 0 0 0 0 0 0 0 0 0 0 0 0 0 
1 0.550685 0.183285 0.03237 0.003115 0.00024 2e-05 0 0 0 0 0 0 0 0 0 0 0 0 0 
1 0.549885 0.185605 0.033175 0.002985 0.00019 1.5e-05 0 0 0 0 0 0 0 0 0 0 0 0 0 
1 0.54929 0.186285 0.033355 0.003425 0.000285 1e-05 0 0 0 0 0 0 0 0 0 0 0 0 0 
1 0.549395 0.18622 0.032465 0.003405 0.00021 2e-05 0 0 0 0 0 0 0 0 0 0 0 0 0 
1 0.55161 0.183735 0.032715 0.003305 0.000275 1e-05 0 0 0 0 0 0 0 0 0 0 0 0 0 
1 0.5507 0.185175 0.03223 0.00337 0.00027 5e-06 5e-06 0 0 0 0 0 0 0 0 0 0 0 0 
1 0.549875 0.18353 0.03227 0.00335 0.00018 1e-05 0 0 0 0 0 0 0 0 0 0 0 0 0 
1 0.546965 0.182545 0.03167 0.00315 0.000245 1e-05 0 0 0 0 0 0 0 0 0 0 0 0 0 
1 0.54891 0.184345 0.032035 0.003315 0.000225 1e-05 0 0 0 0 0 0 0 0 0 0 0 0 0 
1 0.551115 0.185745 0.03244 0.00296 0.000175 5e-06 0 0 0 0 0 0 0 0 0 0 0 0 0 
1 0.549045 0.184715 0.03208 0.00346 0.000315 1e-05 0 0 0 0 0 0 0 0 0 0 0 0 0 
1 0.551595 0.18522 0.032465 0.00326 0.00028 1e-05 0 0 0 0 0 0 0 0 0 0 0 0 0 
1 0.5518 0.185055 0.032225 0.00331 0.00022 5e-06 0 0 0 0 0 0 0 0 0 0 0 0 0 
1 0.55051 0.18445 0.032255 0.0031 0.000275 2.5e-05 5e-06 0 0 0 0 0 0 0 0 0 0 0 0 
1 0.549645 0.183375 0.031725 0.003195 0.00025 1.5e-05 0 0 0 0 0 0 0 0 0 0 0 0 0 
1 0.54766 0.183495 0.0319 0.00315 0.000185 5e-06 0 0 0 0 0 0 0 0 0 0 0 0 0 
1 0.54911 0.185775 0.033295 0.003285 0.00018 1.5e-05 0 0 0 0 0 0 0 0 0 0 0 0 0 
1 0.55182 0.187255 0.03332 0.003375 0.000185 2e-05 0 0 0 0 0 0 0 0 0 0 0 0 0 
1 0.54935 0.18462 0.032485 0.003095 0.00023 5e-06 0 0 0 0 0 0 0 0 0 0 0 0 0 
1 0.55041 0.18639 0.032 0.003115 0.000265 1e-05 0 0 0 0 0 0 0 0 0 0 0 0 0 
1 0.549165 0.18275 0.031715 0.003 0.000205 5e-06 0 0 0 0 0 0 0 0 0 0 0 0 0 
1 0.54933 0.184535 0.03314 0.00327 0.00025 2.5e-05 0 0 0 0 0 0 0 0 0 0 0 0 0 
1 0.54903 0.184555 0.032295 0.00327 0.00021 2e-05 5e-06 0 0 0 0 0 0 0 0 0 0 0 0 
1 0.548955 0.18449 0.032945 0.003335 0.0002 5e-06 5e-06 0 0 0 0 0 0 0 0 0 0 0 0 
1 0.549695 0.182745 0.03142 0.00298 0.000215 1.5e-05 0 0 0 0 0 0 0 0 0 0 0 0 0 
1 0.55062 0.184895 0.03234 0.003485 0.00025 2e-05 5e-06 0 0 0 0 0 0 0 0 0 0 0 0 
1 0.5516 0.18496 0.03237 0.003265 0.00029 3e-05 0 0 0 0 0 0 0 0 0 0 0 0 0 
1 0.550005 0.184625 0.03196 0.00299 0.00023 0 0 0 0 0 0 0 0 0 0 0 0 0 0 
1 0.55162 0.18556 0.03296 0.00341 0.000275 2e-05 0 0 0 0 0 0 0 0 0 0 0 0 0 
1 0.551165 0.18656 0.03273 0.00323 0.000235 2.5e-05 5e-06 5e-06 0 0 0 0 0 0 0 0 0 0 0 
1 0.549965 0.18523 0.032335 0.00312 0.000245 1e-05 5e-06 0 0 0 0 0 0 0 0 0 0 0 0 
1 0.549605 0.185155 0.032225 0.00319 0.000245 0 0 0 0 0 0 0 0 0 0 0 0 0 0 
1 0.550295 0.18219 0.031195 0.003205 0.00025 5e-06 0 0 0 0 0 0 0 0 0 0 0 0 0 
1 0.54886 0.18338 0.032595 0.00314 0.00023 2e-05 0 0 0 0 0 0 0 0 0 0 0 0 0 
1 0.5515 0.184295 0.032655 0.0033 0.00026 1e-05 0 0 0 0 0 0 0 0 0 0 0 0 0 
1 0.55117 0.186185 0.032735 0.00341 0.00022 1.5e-05 0 0 0 0 0 0 0 0 0 0 0 0 0 
1 0.549785 0.184755 0.03246 0.003045 0.00024 1.5e-05 0 0 0 0 0 0 0 0 0 0 0 0 0 
1 0.5515 0.18615 0.033025 0.00336 0.000245 1.5e-05 5e-06 0 0 0 0 0 0 0 0 0 0 0 0 
1 0.5495 0.184125 0.032425 0.003005 0.000215 1e-05 5e-06 0 0 0 0 0 0 0 0 0 0 0 0 
1 0.55171 0.184715 0.03184 0.003 0.00025 2e-05 0 0 0 0 0 0 0 0 0 0 0 0 0 
1 0.552325 0.184655 0.0319 0.00311 0.000175 5e-06 0 0 0 0 0 0 0 0 0 0 0 0 0 
1 0.552745 0.18534 0.03257 0.003355 0.000285 1e-05 0 0 0 0 0 0 0 0 0 0 0 0 0 
1 0.55022 0.183995 0.03219 0.00323 0.000255 1e-05 0 0 0 0 0 0 0 0 0 0 0 0 0 
1 0.550765 0.187175 0.03255 0.00332 0.000255 2e-05 5e-06 0 0 0 0 0 0 0 0 0 0 0 0 
1 0.552355 0.18641 0.03379 0.00353 0.000265 2e-05 0 0 0 0 0 0 0 0 0 0 0 0 0 
1 0.54735 0.184795 0.03262 0.003175 0.000205 5e-06 0 0 0 0 0 0 0 0 0 0 0 0 0 
1 0.550325 0.18354 0.033155 0.003205 0.00018 2e-05 0 0 0 0 0 0 0 0 0 0 0 0 0 
1 0.5501 0.18443 0.03228 0.003245 0.000215 5e-06 0 0 0 0 0 0 0 0 0 0 0 0 0 
1 0.551265 0.185385 0.032905 0.00326 0.000225 1e-05 0 0 0 0 0 0 0 0 0 0 0 0 0 
1 0.552 0.18429 0.032475 0.003155 0.000185 1.5e-05 0 0 0 0 0 0 0 0 0 0 0 0 0 
1 0.55075 0.185105 0.033145 0.003185 0.00021 1e-05 0 0 0 0 0 0 0 0 0 0 0 0 0 
1 0.55235 0.18567 0.032045 0.003285 0.00018 1e-05 0 0 0 0 0 0 0 0 0 0 0 0 0 
1 0.549935 0.18279 0.031675 0.003215 0.00024 1.5e-05 0 0 0 0 0 0 0 0 0 0 0 0 0 
1 0.54832 0.18421 0.03262 0.003115 0.000195 5e-06 0 0 0 0 0 0 0 0 0 0 0 0 0 
1 0.552155 0.185365 0.03321 0.003545 0.00024 5e-06 5e-06 0 0 0 0 0 0 0 0 0 0 0 0 
1 0.551805 0.18557 0.032715 0.00333 0.000235 1.5e-05 0 0 0 0 0 0 0 0 0 0 0 0 0 
1 0.550515 0.184055 0.032515 0.00319 0.000175 0 0 0 0 0 0 0 0 0 0 0 0 0 0 
1 0.553145 0.185635 0.032645 0.003305 0.00021 5e-06 0 0 0 0 0 0 0 0 0 0 0 0 0 
1 0.55101 0.18397 0.03212 0.003235 0.00025 1e-05 0 0 0 0 0 0 0 0 0 0 0 0 0 
1 0.548355 0.18379 0.032565 0.00311 0.00026 5e-06 0 0 0 0 0 0 0 0 0 0 0 0 0 
1 0.550705 0.18363 0.03192 0.003065 0.00017 1e-05 0 0 0 0 0 0 0 0 0 0 0 0 0 
1 0.54952 0.18509 0.03248 0.002815 0.00015 1e-05 0 0 0 0 0 0 0 0 0 0 0 0 0 
1 0.549175 0.184525 0.032985 0.00346 0.000195 5e-06 0 0 0 0 0 0 0 0 0 0 0 0 0 
1 0.55132 0.183715 0.032275 0.003325 0.000265 5e-06 0 0 0 0 0 0 0 0 0 0 0 0 0 
1 0.54968 0.182885 0.03184 0.003175 0.000215 3e-05 5e-06 0 0 0 0 0 0 0 0 0 0 0 0 
1 0.55132 0.186285 0.03291 0.003285 0.000205 2e-05 0 0 0 0 0 0 0 0 0 0 0 0 0 
1 0.550905 0.18506 0.03228 0.003235 0.000285 1.5e-05 0 0 0 0 0 0 0 0 0 0 0 0 0 
1 0.55056 0.1856 0.031685 0.00298 0.000245 3.5e-05 1e-05 0 0 0 0 0 0 0 0 0 0 0 0 
1 0.55119 0.187005 0.03267 0.003385 0.00032 2.5e-05 5e-06 0 0 0 0 0 0 0 0 0 0 0 0 
1 0.54876 0.183255 0.032475 0.00329 0.000225 2e-05 0 0 0 0 0 0 0 0 0 0 0 0 0 
1 0.54899 0.184375 0.03279 0.00326 0.00025 2e-05 0 0 0 0 0 0 0 0 0 0 0 0 0 
1 0.54942 0.184525 0.032805 0.00338 0.000195 5e-06 0 0 0 0 0 0 0 0 0 0 0 0 0 
1 0.551285 0.184835 0.03223 0.003315 0.00024 2e-05 0 0 0 0 0 0 0 0 0 0 0 0 0 
1 0.55144 0.185305 0.03257 0.003425 0.000255 1.5e-05 0 0 0 0 0 0 0 0 0 0 0 0 0 
1 0.55031 0.18668 0.03328 0.003325 0.000225 2e-05 0 0 0 0 0 0 0 0 0 0 0 0 0 
1 0.550655 0.184145 0.032935 0.003475 0.000245 2e-05 0 0 0 0 0 0 0 0 0 0 0 0 0 
1 0.550565 0.186065 0.03337 0.00323 0.000235 1.5e-05 0 0 0 0 0 0 0 0 0 0 0 0 0 
1 0.547445 0.183 0.031805 0.00329 0.000205 1.5e-05 0 0 0 0 0 0 0 0 0 0 0 0 0 
1 0.551775 0.18647 0.033305 0.00343 0.000235 2e-05 0 0 0 0 0 0 0 0 0 0 0 0 0 
1 0.54897 0.186135 0.03273 0.003115 0.000225 5e-06 0 0 0 0 0 0 0 0 0 0 0 0 0 
1 0.553365 0.185525 0.032455 0.00338 0.00022 1.5e-05 0 0 0 0 0 0 0 0 0 0 0 0 0 
1 0.550095 0.18735 0.033645 0.003335 0.000205 1e-05 0 0 0 0 0 0 0 0 0 0 0 0 0 
1 0.54911 0.185725 0.03313 0.003345 0.000275 4e-05 0 0 0 0 0 0 0 0 0 0 0 0 0 
1 0.55145 0.186215 0.032775 0.00316 0.000195 2e-05 0 0 0 0 0 0 0 0 0 0 0 0 0 
1 0.551425 0.184585 0.032855 0.003115 0.000185 1e-05 5e-06 0 0 0 0 0 0 0 0 0 0 0 0 
1 0.54909 0.184845 0.032925 0.00327 0.000225 1e-05 0 0 0 0 0 0 0 0 0 0 0 0 0 
1 0.547875 0.18458 0.03273 0.00311 0.0002 5e-06 0 0 0 0 0 0 0 0 0 0 0 0 0 
1 0.55 0.18491 0.03186 0.003015 0.000245 1.5e-05 0 0 0 0 0 0 0 0 0 0 0 0 0 
