1 0.752417 0.489783 0.2759 0.144133 0.07135 0.0337333 0.0148167 0.00675 0.00306667 0.00148333 0.000733333 0.000266667 0.000116667 3.33333e-05 1.66667e-05 0 0 0 0 
1 0.749617 0.4826 0.27305 0.140783 0.0675167 0.0315167 0.0143 0.00618333 0.00293333 0.00133333 0.000566667 0.000216667 5e-05 1.66667e-05 0 0 0 0 0 
1 0.751983 0.48685 0.273133 0.1407 0.06845 0.031 0.0135333 0.00595 0.00273333 0.0012 0.0006 0.00035 0.00015 6.66667e-05 3.33333e-05 1.66667e-05 1.66667e-05 0 0 
1 0.75075 0.484883 0.275333 0.14155 0.0685167 0.0334833 0.01595 0.00696667 0.00321667 0.00145 0.0008 0.000416667 0.00025 0.00015 8.33333e-05 5e-05 3.33333e-05 1.66667e-05 1.66667e-05 
1 0.748883 0.485883 0.2768 0.142567 0.0702333 0.0328833 0.01485 0.00596667 0.00201667 0.0007 0.000233333 0 0 0 0 0 0 0 0 
1 0.751783 0.48415 0.27325 0.141383 0.0703333 0.0336333 0.0159 0.00738333 0.00356667 0.00146667 0.0006 0.00025 0.000166667 6.66667e-05 1.66667e-05 0 0 0 0 
1 0.751117 0.480667 0.270317 0.141617 0.0690667 0.03275 0.01455 0.00596667 0.00251667 0.00108333 0.000333333 0.00015 6.66667e-05 3.33333e-05 1.66667e-05 1.66667e-05 0 0 0 
1 0.751367 0.4832 0.271717 0.139717 0.0677 0.03215 0.01455 0.00688333 0.00311667 0.00148333 0.0007 0.000433333 0.000233333 0.000133333 5e-05 1.66667e-05 8.41271e-17 8.41271e-17 0 
1 0.749767 0.478767 0.269617 0.137467 0.0653 0.0295333 0.0131667 0.00538333 0.00213333 0.000783333 0.00035 0.000133333 6.66667e-05 1.66667e-05 1.66667e-05 0 0 0 0 
1 0.747333 0.47885 0.268633 0.138883 0.0662833 0.03135 0.0140833 0.00643333 0.00311667 0.00141667 0.0005 0.00015 5e-05 1.66667e-05 0 0 0 0 0 
1 0.746433 0.47975 0.272 0.14105 0.0687833 0.03255 0.0159 0.00735 0.00333333 0.00131667 0.000516667 0.000333333 0.00015 1.66667e-05 0 0 0 0 0 
1 0.746967 0.480317 0.269367 0.139183 0.0674167 0.0304167 0.0135333 0.00596667 0.00231667 0.000866667 0.000333333 0.000216667 6.66667e-05 1.66667e-05 0 0 0 0 0 
1 0.752633 0.483833 0.2736 0.140383 0.0689 0.0323333 0.0143 0.00641667 0.00273333 0.0012 0.00045 0.0002 5e-05 3.33333e-05 1.66667e-05 1.66667e-05 0 0 0 
1 0.746533 0.478633 0.270233 0.13705 0.06335 0.0296333 0.0135333 0.00616667 0.00248333 0.000966667 0.0005 0.000233333 8.33333e-05 1.66667e-05 0 0 0 0 0 
1 0.7499 0.479933 0.27295 0.140083 0.0674667 0.0308 0.0129667 0.00546667 0.00203333 0.000816667 0.00035 0.0001 1.66667e-05 0 0 0 0 0 0 
1 0.750767 0.484767 0.275933 0.144617 0.0701833 0.0331 0.0153667 0.00656667 0.00328333 0.00141667 0.000683333 0.000283333 0.0002 8.33333e-05 5e-05 1.66667e-05 0 0 0 
1 0.751817 0.48205 0.271883 0.141383 0.0675333 0.0306333 0.0133333 0.00588333 0.0024 0.000983333 0.000433333 0.000166667 0.0001 3.33333e-05 1.66667e-05 1.66667e-05 1.66667e-05 0 0 
1 0.750417 0.483967 0.279133 0.14665 0.0713333 0.0341333 0.0147667 0.0065 0.00275 0.0013 0.0006 0.0002 8.33333e-05 3.33333e-05 0 0 0 0 0 
1 0.749333 0.484533 0.2758 0.142333 0.0689333 0.0317167 0.0139833 0.00636667 0.00278333 0.00126667 0.0006 0.0002 0.00015 3.33333e-05 1.66667e-05 0 0 0 0 
1 0.74655 0.482633 0.272067 0.14075 0.0689 0.03215 0.0143667 0.00635 0.00275 0.00125 0.000733333 0.00035 0.000116667 6.66667e-05 3.33333e-05 1.66667e-05 0 0 0 
1 0.7509 0.485317 0.270733 0.137733 0.0675 0.0306167 0.0140333 0.00633333 0.00321667 0.00153333 0.000683333 0.000183333 0.0001 5e-05 1.66667e-05 1.66667e-05 0 0 0 
1 0.7516 0.4828 0.272733 0.14075 0.0695 0.0322167 0.0143333 0.00623333 0.00278333 0.00133333 0.000633333 0.000283333 0.0001 5e-05 5.93192e-17 0 0 0 0 
1 0.751217 0.483833 0.2769 0.14455 0.0691167 0.0321667 0.01375 0.00568333 0.00278333 0.00136667 0.000666667 0.000333333 0.000166667 6.66667e-05 3.33333e-05 1.66667e-05 1.66667e-05 0 0 
1 0.747867 0.480767 0.271833 0.14085 0.0695333 0.0329 0.0147167 0.00661667 0.0025 0.00101667 0.000416667 0.000183333 6.66667e-05 5e-05 0 0 0 0 0 
1 0.74665 0.481083 0.271467 0.140183 0.0663333 0.0302833 0.0135833 0.00566667 0.00213333 0.000816667 0.000233333 5e-05 1.66667e-05 0 0 0 0 0 0 
1 0.7501 0.48115 0.27065 0.139117 0.0675 0.0326667 0.0150833 0.007 0.00315 0.00138333 0.000666667 0.000366667 0.000133333 5e-05 1.66667e-05 0 0 0 0 
1 0.75045 0.483367 0.2742 0.142583 0.0711167 0.0332667 0.0147833 0.007 0.0027 0.0011 0.00035 6.66667e-05 1.66667e-05 0 0 0 0 0 0 
1 0.74855 0.485667 0.273867 0.140417 0.06705 0.0307 0.0140167 0.0063 0.00306667 0.00138333 0.00055 0.00035 0.000233333 0.0001 3.33333e-05 6.94222e-17 0 0 0 
1 0.748117 0.477883 0.26805 0.135683 0.0641667 0.02895 0.01235 0.00551667 0.0023 0.00101667 0.00045 0.000266667 0.000166667 0.000116667 5e-05 0 0 0 0 
1 0.747367 0.480983 0.272583 0.141983 0.0685167 0.0316833 0.0146333 0.00708333 0.00311667 0.00126667 0.00055 0.000166667 8.33333e-05 5e-05 5e-05 5e-05 5e-05 5e-05 5e-05 
1 0.751667 0.485817 0.2759 0.145867 0.0694 0.0317667 0.01455 0.00683333 0.00321667 0.00165 0.000816667 0.000383333 0.00025 6.66667e-05 1.66667e-05 0 0 0 0 
1 0.750267 0.484417 0.273983 0.140433 0.0667667 0.0308833 0.0137833 0.00573333 0.0025 0.00105 0.000566667 0.00015 5e-05 3.33333e-05 3.33333e-05 0 0 0 0 
1 0.749783 0.486417 0.273767 0.141767 0.0706833 0.0330333 0.015 0.00645 0.00303333 0.00115 0.000366667 0.000166667 0.0001 0 0 0 0 0 0 
1 0.751133 0.4836 0.274233 0.140467 0.0686167 0.0328167 0.0149 0.00646667 0.00278333 0.00118333 0.000566667 0.000183333 0.000116667 6.66667e-05 1.66667e-05 1.66667e-05 0 0 0 
1 0.7516 0.483733 0.271567 0.141483 0.0688667 0.0328167 0.0153667 0.0069 0.00291667 0.00125 0.000433333 0.000166667 8.33333e-05 0 0 0 0 0 0 
1 0.750383 0.482133 0.273867 0.13915 0.0665833 0.03125 0.0150667 0.00723333 0.00343333 0.00156667 0.000866667 0.000433333 0.000266667 0.000133333 5e-05 0 0 0 0 
1 0.750883 0.481333 0.27155 0.141717 0.0678667 0.0306167 0.0140833 0.00651667 0.00276667 0.00125 0.000683333 0.000316667 8.33333e-05 5e-05 3.33333e-05 1.66667e-05 0 0 0 
1 0.755333 0.492 0.282167 0.145567 0.0706333 0.0327833 0.0152167 0.00671667 0.00293333 0.00116667 0.00045 0.0002 5e-05 3.33333e-05 0 0 0 0 0 
1 0.75315 0.485517 0.27585 0.1444 0.07085 0.0339833 0.0148 0.00698333 0.00286667 0.00133333 0.000683333 0.000333333 0.00015 1.66667e-05 0 0 0 0 0 
1 0.753133 0.487683 0.278883 0.146367 0.0705 0.0313833 0.0142833 0.0068 0.00295 0.00143333 0.00065 0.000283333 0.000133333 1.66667e-05 0 0 0 0 0 
1 0.74915 0.48395 0.2712 0.139767 0.0666 0.0308833 0.0134333 0.00623333 0.00283333 0.00116667 0.000416667 0.00015 5e-05 1.66667e-05 0 0 0 0 0 
1 0.751117 0.482233 0.272617 0.139767 0.06835 0.0312833 0.0140333 0.00625 0.00283333 0.00121667 0.00065 0.000283333 5e-05 1.66667e-05 0 0 0 0 0 
1 0.74915 0.483183 0.27135 0.13875 0.0663667 0.0315 0.0141 0.00633333 0.00308333 0.00131667 0.000683333 0.000216667 5e-05 1.66667e-05 0 0 0 0 0 
1 0.750233 0.4812 0.272217 0.13915 0.06755 0.0322333 0.0146667 0.0068 0.00285 0.00118333 0.000516667 0.000183333 5e-05 1.07125e-16 0 0 0 0 0 
1 0.7531 0.485833 0.2777 0.145617 0.0724167 0.0331333 0.01475 0.00696667 0.00305 0.00115 0.00035 0.000116667 3.33333e-05 1.66667e-05 6.9994e-17 0 0 0 0 
1 0.74855 0.479883 0.272 0.141767 0.0684 0.0331 0.0145333 0.00635 0.00285 0.0014 0.00075 0.000316667 0.000166667 8.33333e-05 5e-05 5e-05 5e-05 5e-05 1.66667e-05 
1 0.750917 0.486033 0.27335 0.139683 0.06675 0.0310833 0.0144667 0.00688333 0.00353333 0.00173333 0.0008 0.000316667 0.000166667 3.33333e-05 3.33333e-05 1.66667e-05 0 0 0 
1 0.750317 0.48255 0.273583 0.141767 0.0695333 0.0316167 0.0138667 0.00595 0.00245 0.000966667 0.0003 0.0001 5e-05 3.33333e-05 1.66667e-05 1.66667e-05 0 0 0 
1 0.75055 0.479617 0.26905 0.13745 0.06635 0.0301333 0.0134667 0.00565 0.00255 0.00125 0.000616667 0.000333333 0.0001 5e-05 1.66667e-05 1.66667e-05 0 0 0 
1 0.750817 0.483917 0.275617 0.14295 0.0696 0.0326167 0.01515 0.00686667 0.00291667 0.00103333 0.00035 0.0002 8.33333e-05 1.66667e-05 1.66667e-05 0 0 0 0 
1 0.7517 0.484533 0.274833 0.141467 0.0701667 0.0324667 0.0146667 0.00645 0.00283333 0.0014 0.000483333 0.000283333 0.000116667 3.33333e-05 1.66667e-05 1.66667e-05 0 0 0 
1 0.752533 0.4888 0.27585 0.142767 0.0686167 0.0317667 0.0138 0.00538333 0.00218333 0.00085 0.000316667 0.0001 1.66667e-05 1.66667e-05 0 0 0 0 0 
1 0.75015 0.484583 0.2774 0.143117 0.0704667 0.0330833 0.0157 0.0068 0.00285 0.00136667 0.000716667 0.000283333 0.0001 1.66667e-05 1.66667e-05 0 0 0 0 
1 0.747733 0.47815 0.2683 0.13935 0.06735 0.03125 0.0132333 0.00563333 0.00241667 0.000916667 0.000333333 0.000116667 3.33333e-05 0 0 0 0 0 0 
1 0.752567 0.48805 0.275183 0.140533 0.06685 0.0307833 0.0135833 0.00575 0.00255 0.00108333 0.000416667 0.000133333 6.66667e-05 3.33333e-05 1.66667e-05 0 0 0 0 
1 0.75045 0.482783 0.274467 0.14095 0.0678333 0.0307 0.0146 0.00656667 0.0028 0.00126667 0.000683333 0.00035 0.000133333 5e-05 1.66667e-05 0 0 0 0 
1 0.753183 0.486983 0.275767 0.142767 0.0697167 0.03255 0.0152667 0.00715 0.00328333 0.00145 0.000583333 0.000166667 6.66667e-05 1.66667e-05 0 0 0 0 0 
1 0.75045 0.4808 0.27055 0.136767 0.0648667 0.0295333 0.0130667 0.00525 0.0023 0.000916667 0.000416667 0.0001 3.33333e-05 1.66667e-05 0 0 0 0 0 
1 0.749733 0.483867 0.274133 0.143133 0.071 0.0348833 0.0163833 0.00808333 0.00408333 0.00176667 0.000983333 0.0006 0.0004 0.00025 0.00015 8.33333e-05 6.66667e-05 5e-05 5.78815e-17 
1 0.7501 0.480617 0.272183 0.1415 0.068 0.0314333 0.01375 0.00641667 0.0024 0.000916667 0.0003 0.000116667 5e-05 1.66667e-05 0 0 0 0 0 
1 0.748383 0.48095 0.2724 0.138483 0.0663833 0.0302833 0.01355 0.00591667 0.00266667 0.001 0.000333333 0.00015 8.33333e-05 1.66667e-05 0 0 0 0 0 
1 0.7503 0.482467 0.274583 0.142433 0.0684667 0.0320333 0.0142167 0.00653333 0.00296667 0.00138333 0.000433333 0.0002 0.0001 1.66667e-05 0 0 0 0 0 
1 0.746167 0.478983 0.269833 0.138267 0.0654333 0.0306 0.0135333 0.00616667 0.00251667 0.000933333 0.00045 0.000216667 5e-05 0 0 0 0 0 0 
1 0.750233 0.483417 0.275133 0.142917 0.0699 0.0332333 0.0160167 0.0069 0.00306667 0.00126667 0.0005 0.000283333 0.000133333 1.66667e-05 0 0 0 0 0 
1 0.750433 0.4834 0.274633 0.142267 0.06895 0.0315167 0.01385 0.00591667 0.00221667 0.000966667 0.000383333 0.0002 0.0001 1.66667e-05 0 0 0 0 0 
1 0.7518 0.48365 0.272017 0.139883 0.0661333 0.0302333 0.0129833 0.00538333 0.00231667 0.00105 0.000516667 0.00015 5e-05 1.66667e-05 0 0 0 0 0 
1 0.7499 0.483833 0.272433 0.138133 0.0654667 0.0291667 0.0126667 0.00538333 0.00233333 0.00118333 0.000566667 0.000216667 0.000116667 5e-05 5e-05 5e-05 3.33333e-05 1.66667e-05 0 
1 0.749183 0.484083 0.275483 0.144117 0.0698 0.0317833 0.0139 0.0061 0.00261667 0.00118333 0.000433333 0.000133333 5e-05 1.66667e-05 0 0 0 0 0 
1 0.751083 0.484117 0.27235 0.14215 0.0702333 0.0326667 0.0149 0.00663333 0.00288333 0.0013 0.00065 0.000333333 0.000166667 6.66667e-05 3.95239e-18 3.95239e-18 0 0 0 
1 0.747117 0.481067 0.272467 0.138233 0.0671167 0.0316667 0.0139 0.0062 0.00253333 0.00105 0.0004 0.000166667 8.33333e-05 1.66667e-05 1.66667e-05 0 0 0 0 
1 0.750533 0.48085 0.271967 0.139233 0.0690333 0.0319167 0.0147333 0.00711667 0.0032 0.0015 0.000566667 0.000216667 0.0001 5e-05 3.33333e-05 1.66667e-05 1.66667e-05 0 0 
1 0.751 0.484333 0.2727 0.141167 0.0661833 0.0303 0.01315 0.00575 0.0029 0.0012 0.000533333 0.000283333 0.00015 6.66667e-05 5e-05 1.66667e-05 1.66667e-05 1.66667e-05 0 
1 0.749117 0.481933 0.272833 0.139983 0.0677667 0.0305667 0.0134667 0.00541667 0.00226667 0.0009 0.000483333 0.0001 3.33333e-05 1.66667e-05 1.66667e-05 0 0 0 0 
1 0.749467 0.480017 0.270567 0.136983 0.0658833 0.0315833 0.0137833 0.00625 0.00268333 0.00115 0.000283333 8.33333e-05 5e-05 1.66667e-05 0 0 0 0 0 
1 0.749567 0.4827 0.274433 0.138417 0.0661833 0.0301 0.0133833 0.00623333 0.00263333 0.00126667 0.00055 0.000183333 3.33333e-05 0 0 0 0 0 0 
1 0.750333 0.484083 0.27525 0.142567 0.0679 0.0321167 0.0142 0.0063 0.00255 0.00115 0.000466667 0.000133333 3.33333e-05 1.66667e-05 0 0 0 0 0 
1 0.74645 0.480817 0.269683 0.1376 0.0672833 0.0315333 0.01395 0.0065 0.00298333 0.00123333 0.000516667 0.000283333 0.000133333 1.66667e-05 0 0 0 0 0 
1 0.749767 0.48465 0.27575 0.143583 0.0698833 0.0328833 0.0147667 0.00646667 0.00283333 0.00123333 0.000666667 0.0003 0.000133333 6.66667e-05 0 0 0 0 0 
1 0.747633 0.4817 0.270467 0.1398 0.0683833 0.0316833 0.0139167 0.00595 0.00243333 0.00121667 0.000566667 0.000183333 3.33333e-05 1.66667e-05 0 0 0 0 0 
1 0.7516 0.48265 0.276367 0.142267 0.0681667 0.0314333 0.0138 0.00585 0.00266667 0.00126667 0.0006 0.0002 8.33333e-05 3.33333e-05 1.66667e-05 0 0 0 0 
1 0.750033 0.485833 0.273617 0.138817 0.0671333 0.03125 0.0141167 0.00628333 0.00266667 0.001 0.000366667 0.000216667 3.33333e-05 3.33333e-05 1.66667e-05 0 0 0 0 
1 0.756067 0.48945 0.2763 0.145433 0.0706 0.0329 0.0151833 0.0068 0.00325 0.00153333 0.0006 0.000266667 8.33333e-05 0 0 0 0 0 0 
1 0.749767 0.482533 0.272983 0.14115 0.0685 0.0309167 0.014 0.00643333 0.003 0.00111667 0.000333333 0.00015 3.33333e-05 0 0 0 0 0 0 
1 0.747833 0.480033 0.27165 0.138767 0.0666167 0.0316833 0.0142833 0.00668333 0.00276667 0.00123333 0.00035 0.00015 8.33333e-05 5e-05 1.66667e-05 1.66667e-05 0 0 0 
1 0.752417 0.48365 0.2719 0.139067 0.06555 0.0295167 0.0134167 0.00563333 0.00273333 0.00121667 0.000583333 0.000266667 0.00015 1.66667e-05 0 0 0 0 0 
1 0.747733 0.480683 0.269517 0.138417 0.0667167 0.0314333 0.0143833 0.00611667 0.00261667 0.00108333 0.000333333 0.000183333 3.33333e-05 1.66667e-05 0 0 0 0 0 
1 0.7522 0.485567 0.272133 0.141 0.0675 0.0317833 0.0143667 0.00628333 0.00263333 0.00116667 0.000416667 0.000166667 0.0001 5e-05 1.66667e-05 0 0 0 0 
1 0.749083 0.479183 0.270567 0.138717 0.0659667 0.0301 0.0138333 0.00596667 0.00261667 0.000983333 0.00045 0.000266667 0.000166667 8.33333e-05 3.33333e-05 2.74669e-17 0 0 0 
1 0.750083 0.481533 0.274233 0.141367 0.06805 0.031 0.0136833 0.006 0.00265 0.00118333 0.000516667 0.000233333 0.000116667 8.33333e-05 3.33333e-05 3.33333e-05 1.66667e-05 0 0 
1 0.746017 0.480317 0.268783 0.136583 0.0650333 0.0289 0.0127833 0.00523333 0.00233333 0.00111667 0.00055 0.00025 0.0001 1.66667e-05 0 0 0 0 0 
1 0.74755 0.482533 0.2712 0.14055 0.0687667 0.0326333 0.0153333 0.00651667 0.00305 0.00108333 0.000416667 0.000133333 6.66667e-05 6.66667e-05 3.33333e-05 0 0 0 0 
1 0.745567 0.482917 0.27285 0.141783 0.0673667 0.0307 0.0140667 0.0062 0.00271667 0.00136667 0.000616667 0.000366667 0.000116667 5e-05 0 0 0 0 0 
1 0.744133 0.480183 0.269367 0.137017 0.0642333 0.0286 0.0128833 0.00586667 0.00255 0.0012 0.00065 0.000233333 3.33333e-05 1.66667e-05 1.66667e-05 1.66667e-05 0 0 0 
1 0.750633 0.482933 0.2759 0.142633 0.0702333 0.0328333 0.0146833 0.00676667 0.00286667 0.00123333 0.000483333 0.000166667 8.33333e-05 3.33333e-05 1.66667e-05 1.66667e-05 0 0 0 
1 0.751883 0.4809 0.274467 0.141633 0.0682333 0.0306333 0.0137 0.00591667 0.00256667 0.00116667 0.000416667 8.33333e-05 6.66667e-05 5e-05 1.66667e-05 3.15525e-17 0 0 0 
1 0.749867 0.480717 0.26975 0.139917 0.0678833 0.0316167 0.0143167 0.00628333 0.00295 0.00123333 0.000516667 0.000216667 0.0001 3.33333e-05 3.33333e-05 1.66667e-05 0 0 0 
1 0.750883 0.484717 0.276267 0.143717 0.0694 0.032 0.01475 0.00661667 0.0027 0.0011 0.000533333 0.0003 0.000166667 1.66667e-05 0 0 0 0 0 
1 0.753733 0.4852 0.274667 0.141033 0.0685833 0.0317833 0.0142333 0.00645 0.00293333 0.00116667 0.000433333 0.000166667 0.0001 3.33333e-05 1.66667e-05 0 0 0 0 
1 0.747967 0.485067 0.274333 0.140217 0.06815 0.0321167 0.0150333 0.00663333 0.003 0.00136667 0.000533333 0.0002 5e-05 0 0 0 0 0 0 
1 0.7518 0.488567 0.27935 0.145967 0.0715833 0.0337333 0.0149 0.00661667 0.00265 0.00118333 0.000466667 0.000233333 8.33333e-05 3.33333e-05 9.91263e-17 0 0 0 0 
1 0.751117 0.484933 0.2737 0.140033 0.0677167 0.0317833 0.0139 0.006 0.00263333 0.00101667 0.000416667 0.000133333 1.66667e-05 1.66667e-05 0 0 0 0 0 
1 0.749017 0.48125 0.270767 0.137767 0.06645 0.0301667 0.0134 0.00556667 0.00226667 0.000933333 0.0004 0.00015 3.33333e-05 3.33333e-05 1.66667e-05 0 0 0 0 
1 0.751167 0.484633 0.274883 0.142167 0.0681 0.0323 0.0148333 0.00678333 0.00263333 0.00115 0.00045 0.0002 6.66667e-05 0 0 0 0 0 0 
1 0.753217 0.48195 0.274683 0.14175 0.0707333 0.03355 0.0153167 0.00725 0.00301667 0.00118333 0.000416667 0.000166667 3.33333e-05 0 0 0 0 0 0 
1 0.74675 0.478967 0.268483 0.14015 0.0662667 0.0308 0.0132667 0.00608333 0.00275 0.00138333 0.000733333 0.0004 0.000183333 0.000116667 6.66667e-05 0 0 0 0 
