1 0.90103 0.74374 0.539095 0.332725 0.174485 0.078295 0.03161 0.011445 0.00392 0.00134 0.000495 0.00017 4.5e-05 5e-06 0 0 0 0 0 
1 0.899155 0.7422 0.535335 0.327455 0.16992 0.07672 0.03137 0.01185 0.003955 0.001245 0.000395 0.00012 2.5e-05 5e-06 0 0 0 0 0 
1 0.90034 0.73968 0.53135 0.3252 0.169225 0.077375 0.032855 0.013655 0.005815 0.00245 0.001085 0.00055 0.00021 0.00012 3.5e-05 9.08995e-18 0 0 0 
1 0.89842 0.737765 0.530405 0.32255 0.16552 0.07476 0.0313 0.01231 0.00501 0.00197 0.000645 0.000195 2e-05 0 0 0 0 0 0 
1 0.89711 0.73547 0.52694 0.32111 0.16723 0.078085 0.033735 0.01397 0.00571 0.00226 0.000915 0.00037 0.000175 5e-05 2e-05 5e-06 0 0 0 
1 0.900055 0.741375 0.534465 0.328405 0.170775 0.077945 0.03228 0.012255 0.004415 0.00153 0.000445 0.000135 4e-05 5e-06 0 0 0 0 0 
1 0.901345 0.742765 0.53735 0.328295 0.17291 0.080855 0.034415 0.013945 0.00553 0.00204 0.000625 0.000155 4e-05 2e-05 5e-06 0 0 0 0 
1 0.90195 0.742325 0.53634 0.330055 0.172095 0.078945 0.032755 0.01192 0.003965 0.001205 0.000425 0.0001 3e-05 5e-06 0 0 0 0 0 
1 0.89785 0.737325 0.529235 0.32179 0.167285 0.07622 0.03138 0.012 0.00401 0.00125 0.00036 9e-05 2e-05 0 0 0 0 0 0 
1 0.89607 0.73555 0.52416 0.31656 0.163615 0.07394 0.029635 0.010845 0.004055 0.001585 0.00066 0.000295 0.00011 4e-05 0 0 0 0 0 
1 0.89996 0.74152 0.53656 0.331875 0.17438 0.080425 0.03245 0.01096 0.00324 0.0009 0.000155 3.5e-05 0 0 0 0 0 0 0 
1 0.90089 0.742165 0.534615 0.327445 0.17141 0.078635 0.03249 0.012415 0.004325 0.001445 0.000455 0.000115 1e-05 0 0 0 0 0 0 
1 0.90003 0.7398 0.53084 0.323395 0.168815 0.07581 0.03076 0.01158 0.00402 0.00141 0.000605 0.00021 0.0001 3e-05 5e-06 2.77556e-17 0 0 0 
1 0.89923 0.740135 0.533725 0.327615 0.172005 0.080275 0.03449 0.01378 0.00523 0.002145 0.00089 0.000335 0.00016 3.5e-05 0 0 0 0 0 
1 0.901085 0.7427 0.53669 0.32809 0.169645 0.076355 0.03097 0.011445 0.004145 0.00147 0.000355 7.5e-05 5e-06 0 0 0 0 0 0 
1 0.899155 0.742435 0.53517 0.32736 0.169785 0.07565 0.030345 0.0115 0.003845 0.001295 0.00034 8.5e-05 1e-05 0 0 0 0 0 0 
1 0.90304 0.746295 0.542275 0.334415 0.176185 0.08136 0.0342 0.01298 0.00464 0.001365 0.000405 5.5e-05 5e-06 2.77556e-17 0 0 0 0 0 
1 0.898895 0.7399 0.53272 0.324195 0.168605 0.07672 0.03251 0.01281 0.004785 0.00163 0.000465 9.5e-05 5e-06 0 0 0 0 0 0 
1 0.89949 0.73976 0.532115 0.323575 0.165825 0.07348 0.029745 0.010685 0.00341 0.00085 0.00015 1e-05 5e-06 0 0 0 0 0 0 
1 0.899405 0.740955 0.53505 0.32778 0.170855 0.076865 0.030635 0.01143 0.00386 0.001255 0.00031 6.5e-05 1e-05 0 0 0 0 0 0 
1 0.89788 0.737045 0.52965 0.32236 0.167825 0.07664 0.031215 0.011795 0.004425 0.0017 0.000545 0.00016 3e-05 0 0 0 0 0 0 
1 0.899325 0.74309 0.537635 0.331595 0.175315 0.080725 0.033885 0.013625 0.005205 0.002115 0.00078 0.00019 3e-05 0 0 0 0 0 0 
1 0.900015 0.7399 0.53058 0.32106 0.165825 0.07413 0.0296 0.010935 0.00382 0.001295 0.00038 8e-05 1e-05 0 0 0 0 0 0 
1 0.901505 0.745025 0.539915 0.33304 0.17729 0.08181 0.03445 0.013405 0.004935 0.001705 0.000475 0.000135 1.5e-05 0 0 0 0 0 0 
1 0.90189 0.743945 0.53821 0.33004 0.174655 0.08073 0.033495 0.012685 0.00441 0.001395 0.000375 7e-05 5e-06 0 0 0 0 0 0 
1 0.898245 0.739145 0.53101 0.32237 0.16602 0.07351 0.0293 0.01042 0.00336 0.00106 0.00041 0.00017 3.5e-05 0 0 0 0 0 0 
1 0.89958 0.74029 0.533135 0.326795 0.171515 0.080245 0.034875 0.01439 0.005875 0.002475 0.000865 0.000295 8.5e-05 2.77556e-17 2.77556e-17 0 0 0 0 
1 0.90209 0.745815 0.54267 0.33766 0.17896 0.08236 0.03289 0.01168 0.003485 0.00095 0.000275 4.5e-05 5e-06 0 0 0 0 0 0 
1 0.899715 0.73973 0.53216 0.32646 0.17045 0.078225 0.03303 0.01292 0.00446 0.00142 0.00041 0.000115 1.5e-05 0 0 0 0 0 0 
1 0.90094 0.742025 0.5363 0.33018 0.175205 0.08202 0.035455 0.01402 0.00566 0.00239 0.001185 0.00068 0.000345 0.00014 3e-05 1e-05 0 0 0 
1 0.89983 0.74091 0.53466 0.327725 0.17252 0.0811 0.03501 0.014535 0.0057 0.00207 0.000735 0.000245 6e-05 5e-06 0 0 0 0 0 
1 0.901445 0.74355 0.53534 0.328195 0.17116 0.0765 0.03015 0.011245 0.00423 0.00184 0.00086 0.000405 0.00018 3e-05 5e-06 5e-06 0 0 0 
1 0.900895 0.74381 0.537705 0.32803 0.170845 0.07715 0.03207 0.01256 0.0048 0.001485 0.00035 4e-05 1e-05 5e-06 0 0 0 0 0 
1 0.899745 0.74139 0.535255 0.3291 0.169465 0.075885 0.029475 0.01014 0.00308 0.00091 0.00025 3.5e-05 5e-06 0 0 0 0 0 0 
1 0.895595 0.729865 0.51719 0.310355 0.15658 0.070395 0.02865 0.011475 0.004475 0.00178 0.000625 0.000195 6.5e-05 1.5e-05 0 0 0 0 0 
1 0.89967 0.73907 0.52948 0.320395 0.163255 0.070645 0.02723 0.009595 0.003075 0.000685 0.000105 2e-05 0 0 0 0 0 0 0 
1 0.900925 0.742605 0.536705 0.32873 0.17184 0.07903 0.03241 0.01334 0.00492 0.001705 0.000465 8.5e-05 5e-06 0 0 0 0 0 0 
1 0.901105 0.743275 0.535495 0.328635 0.171605 0.07997 0.034135 0.01439 0.006085 0.002645 0.00126 0.000575 0.00021 5.5e-05 1.5e-05 5e-06 0 0 0 
1 0.901875 0.745525 0.54058 0.333065 0.176155 0.08266 0.03547 0.013945 0.00511 0.00162 0.00046 0.00011 2.5e-05 2.72921e-17 0 0 0 0 0 
1 0.901895 0.746815 0.542605 0.335915 0.177135 0.081335 0.0343 0.01282 0.00466 0.00193 0.000945 0.000605 0.000455 0.00034 0.000145 6e-05 1e-05 0 0 
1 0.900455 0.741625 0.53698 0.331805 0.17756 0.082495 0.036125 0.01475 0.0063 0.00273 0.001445 0.000765 0.000415 0.000215 0.00012 1.5e-05 0 0 0 
1 0.90073 0.742735 0.53681 0.32917 0.169775 0.077375 0.031885 0.01267 0.00449 0.001315 0.00038 7.5e-05 1e-05 5e-06 0 0 0 0 0 
1 0.90008 0.740035 0.53279 0.325035 0.16955 0.07861 0.032615 0.01287 0.004605 0.001465 0.00033 4e-05 0 0 0 0 0 0 0 
1 0.90079 0.74243 0.538185 0.333125 0.176075 0.08311 0.037115 0.01604 0.006835 0.002845 0.00102 0.0003 6e-05 1.43066e-17 0 0 0 0 0 
1 0.898775 0.739025 0.531665 0.321915 0.164 0.072585 0.028855 0.010335 0.003665 0.001255 0.000405 0.000165 3.5e-05 5e-06 0 0 0 0 0 
1 0.899375 0.738945 0.530755 0.32347 0.16456 0.074015 0.030295 0.011255 0.00403 0.0012 0.000325 0.000115 5e-06 0 0 0 0 0 0 
1 0.89998 0.741195 0.535455 0.327635 0.170155 0.07614 0.02947 0.010465 0.003295 0.000905 0.00026 5e-05 5e-06 0 0 0 0 0 0 
1 0.9008 0.743765 0.53711 0.32798 0.16963 0.073715 0.027875 0.00919 0.002575 0.00057 9e-05 1e-05 0 0 0 0 0 0 0 
1 0.898545 0.738735 0.531955 0.323165 0.168355 0.076035 0.03043 0.01061 0.00332 0.0008 0.000125 5e-06 0 0 0 0 0 0 0 
1 0.902075 0.74504 0.538245 0.331635 0.174775 0.08226 0.03564 0.01403 0.005415 0.001805 0.000575 0.00018 8e-05 3e-05 1e-05 0 0 0 0 
1 0.8995 0.739485 0.533755 0.32519 0.168745 0.07664 0.031715 0.01203 0.00444 0.001585 0.000535 0.000175 3.5e-05 5e-06 0 0 0 0 0 
1 0.89911 0.739815 0.53343 0.32611 0.17025 0.077455 0.031905 0.01301 0.00534 0.00249 0.00116 0.0004 9.5e-05 2e-05 0 0 0 0 0 
1 0.899885 0.74263 0.5341 0.326445 0.168035 0.07575 0.030965 0.01203 0.00406 0.001305 0.000335 5e-05 1.5e-05 0 0 0 0 0 0 
1 0.899775 0.741505 0.53489 0.327855 0.17211 0.080495 0.03418 0.01387 0.005345 0.001865 0.000695 0.00013 2e-05 0 0 0 0 0 0 
1 0.900515 0.74137 0.532445 0.32177 0.16211 0.069895 0.02678 0.00953 0.003185 0.001055 0.000295 5.5e-05 0 0 0 0 0 0 0 
1 0.89975 0.741685 0.53537 0.33069 0.175295 0.0822 0.035545 0.01506 0.006495 0.002855 0.0013 0.00063 0.000305 0.000115 2.5e-05 0 0 0 0 
1 0.90113 0.745475 0.54151 0.334295 0.178735 0.084545 0.037415 0.015325 0.006205 0.002445 0.00081 0.00029 8.5e-05 2e-05 0 0 0 0 0 
1 0.89804 0.73503 0.527185 0.321275 0.168605 0.07888 0.0339 0.01439 0.00628 0.002595 0.00096 0.00035 6e-05 2e-05 0 0 0 0 0 
1 0.90095 0.74183 0.5354 0.330525 0.174065 0.079955 0.033105 0.01252 0.004515 0.0014 0.000345 7.5e-05 0 0 0 0 0 0 0 
1 0.90036 0.74156 0.535875 0.324585 0.16652 0.07396 0.029615 0.010945 0.00374 0.0014 0.000695 0.000375 0.00021 0.000125 5e-05 2e-05 0 0 0 
1 0.899735 0.74057 0.53484 0.3303 0.17482 0.081895 0.03501 0.01323 0.00451 0.001285 0.00023 3e-05 1e-05 0 0 0 0 0 0 
1 0.90105 0.7446 0.53652 0.32925 0.17131 0.07749 0.03095 0.01109 0.0038 0.001205 0.000275 4.5e-05 5e-06 0 0 0 0 0 0 
1 0.900165 0.743165 0.53636 0.32851 0.172135 0.07973 0.0329 0.013035 0.004775 0.00161 0.000595 0.000215 9e-05 2.5e-05 0 0 0 0 0 
1 0.90077 0.742895 0.536865 0.328955 0.17212 0.08057 0.034795 0.014835 0.005785 0.002355 0.00081 0.0003 0.0001 5e-06 0 0 0 0 0 
1 0.900915 0.74524 0.54019 0.33657 0.178035 0.08145 0.03411 0.01327 0.00487 0.001885 0.000645 0.000155 2e-05 0 0 0 0 0 0 
1 0.901445 0.742895 0.536065 0.32815 0.173065 0.08058 0.033735 0.013045 0.004705 0.00147 0.00042 8.5e-05 0 0 0 0 0 0 0 
1 0.900085 0.743035 0.53739 0.329755 0.172635 0.078315 0.032405 0.01248 0.0044 0.00146 0.000405 8.5e-05 2e-05 0 0 0 0 0 0 
1 0.901455 0.746265 0.54201 0.33649 0.179185 0.083855 0.03597 0.014225 0.005085 0.00182 0.000555 0.000195 4.5e-05 5e-06 0 0 0 0 0 
1 0.89912 0.73934 0.53082 0.324135 0.16888 0.07637 0.03091 0.0117 0.00443 0.001695 0.00064 0.000235 5.5e-05 1e-05 1e-05 0 0 0 0 
1 0.899045 0.73971 0.532935 0.327015 0.16957 0.077105 0.031005 0.011475 0.003495 0.00107 0.000325 0.00013 5e-05 1.5e-05 0 0 0 0 0 
1 0.9002 0.74234 0.536515 0.329135 0.17156 0.07742 0.03122 0.011715 0.004095 0.001305 0.00041 0.000115 3.5e-05 0 0 0 0 0 0 
1 0.89944 0.739885 0.533155 0.322965 0.166865 0.074975 0.03076 0.012065 0.004755 0.00194 0.00064 0.00023 7.5e-05 2.5e-05 5e-06 0 0 0 0 
1 0.89931 0.74001 0.53178 0.32019 0.163465 0.07198 0.02849 0.010625 0.00377 0.00122 0.000285 4e-05 5e-06 0 0 0 0 0 0 
1 0.90083 0.745475 0.5413 0.337505 0.18127 0.08676 0.03837 0.01604 0.006455 0.002355 0.000675 0.00018 2e-05 2.77556e-17 0 0 0 0 0 
1 0.90093 0.744715 0.54002 0.334485 0.177315 0.08178 0.035875 0.01484 0.00597 0.002165 0.00069 0.000135 1.5e-05 0 0 0 0 0 0 
1 0.898855 0.74081 0.536755 0.331505 0.176465 0.082925 0.035435 0.01457 0.005625 0.0021 0.00071 0.00019 5.5e-05 1e-05 0 0 0 0 0 
1 0.9014 0.74302 0.536495 0.32835 0.1709 0.0782 0.032515 0.01309 0.005 0.001775 0.0005 0.00015 3.5e-05 5e-06 2.77556e-17 0 0 0 0 
1 0.90052 0.73997 0.532865 0.32569 0.16951 0.078235 0.033475 0.013195 0.00481 0.00174 0.0007 0.000265 6e-05 2e-05 5e-06 0 0 0 0 
1 0.89895 0.74081 0.533815 0.32756 0.17249 0.08049 0.034845 0.01475 0.00568 0.00224 0.000855 0.00026 7.5e-05 0 0 0 0 0 0 
1 0.90125 0.743385 0.536555 0.32965 0.171795 0.077295 0.03097 0.011315 0.00392 0.001065 0.00026 5.5e-05 1.5e-05 0 0 0 0 0 0 
1 0.902825 0.74743 0.54158 0.334445 0.17605 0.080905 0.03366 0.013275 0.00429 0.00133 0.0003 6e-05 5e-06 0 0 0 0 0 0 
1 0.900135 0.74174 0.53509 0.32797 0.17154 0.07857 0.03247 0.01253 0.004335 0.00132 0.0004 0.00013 5e-06 0 0 0 0 0 0 
1 0.901845 0.746725 0.540795 0.334365 0.17618 0.082275 0.03491 0.01387 0.00514 0.00176 0.000515 8.5e-05 1.5e-05 2.77556e-17 0 0 0 0 0 
1 0.900835 0.744145 0.53808 0.332545 0.17547 0.082355 0.03542 0.014375 0.005745 0.002125 0.00081 0.000245 5.5e-05 5e-06 0 0 0 0 0 
1 0.89958 0.738315 0.53193 0.325615 0.16795 0.07552 0.030975 0.012115 0.004775 0.00171 0.000515 0.000105 2.5e-05 5e-06 0 0 0 0 0 
1 0.90039 0.74438 0.540055 0.33372 0.176275 0.080605 0.03289 0.01238 0.00429 0.00126 0.00022 3e-05 5e-06 0 0 0 0 0 0 
1 0.90122 0.74487 0.539485 0.335125 0.17853 0.083135 0.0361 0.014485 0.00567 0.002005 0.00065 0.000135 3e-05 5e-06 5e-06 5e-06 0 0 0 
1 0.90068 0.742585 0.53505 0.32678 0.16907 0.07611 0.03015 0.010995 0.00391 0.00139 0.000605 0.0003 0.000165 8.5e-05 2e-05 0 0 0 0 
1 0.899785 0.742575 0.537155 0.32901 0.171255 0.0783 0.032215 0.01275 0.004825 0.001885 0.000555 0.000175 2e-05 0 0 0 0 0 0 
1 0.901685 0.742775 0.53415 0.327405 0.172065 0.07619 0.030505 0.01128 0.004165 0.00154 0.0006 0.00021 6.5e-05 1.5e-05 5e-06 0 0 0 0 
1 0.901325 0.74367 0.538715 0.3321 0.174705 0.080975 0.033985 0.01316 0.004535 0.001445 0.000405 7e-05 1.5e-05 0 0 0 0 0 0 
1 0.90046 0.74323 0.535545 0.326855 0.168745 0.075645 0.0295 0.01069 0.003675 0.001095 0.0002 4e-05 5e-06 0 0 0 0 0 0 
1 0.89943 0.740325 0.53567 0.330735 0.175075 0.08073 0.033635 0.013535 0.0049 0.00179 0.000695 0.00022 5e-05 1e-05 5e-06 0 0 0 0 
1 0.900765 0.743945 0.5389 0.333535 0.17576 0.081615 0.0342 0.01407 0.00569 0.002035 0.000705 0.00016 1e-05 0 0 0 0 0 0 
1 0.900205 0.742645 0.534145 0.32571 0.16952 0.076175 0.030615 0.010895 0.003455 0.000955 0.00025 5.5e-05 0 0 0 0 0 0 0 
1 0.901505 0.744215 0.536975 0.33069 0.17252 0.077 0.03106 0.011155 0.00378 0.001345 0.00047 0.000115 3e-05 1e-05 0 0 0 0 0 
1 0.899145 0.74124 0.533175 0.323485 0.164955 0.074055 0.030365 0.01186 0.00473 0.00182 0.000695 0.000305 0.000105 2e-05 5e-06 5e-06 0 0 0 
1 0.90153 0.743065 0.53698 0.32975 0.173645 0.080295 0.03351 0.013215 0.00519 0.002 0.00079 0.000265 7.5e-05 3e-05 5e-06 0 0 0 0 
1 0.898535 0.73813 0.528275 0.31948 0.164695 0.07267 0.02869 0.011195 0.00421 0.001545 0.000495 0.000205 6.5e-05 5e-06 0 0 0 0 0 
1 0.899975 0.74124 0.535265 0.327165 0.170225 0.078325 0.03266 0.012735 0.005265 0.002175 0.00092 0.000365 9.5e-05 1.5e-05 5e-06 0 0 0 0 
1 0.89981 0.740765 0.53413 0.326825 0.1684 0.07668 0.03249 0.013545 0.00536 0.001925 0.00069 0.00019 2.5e-05 2.34743e-17 0 0 0 0 0 
1 0.900205 0.7393 0.53227 0.323615 0.16576 0.073765 0.02935 0.0112 0.0042 0.001585 0.00052 0.000145 5e-05 5e-06 0 0 0 0 0 
1 0.90189 0.745975 0.541615 0.33347 0.175995 0.081955 0.034975 0.01413 0.0054 0.002005 0.00079 0.00032 8.5e-05 2e-05 0 0 0 0 0 
1 0.8972 0.738175 0.529975 0.321225 0.16883 0.07633 0.0311 0.01225 0.004795 0.002255 0.001385 0.00106 0.000785 0.000615 0.000475 0.000365 0.00019 8e-05 2e-05 
1 0.90182 0.742175 0.53492 0.324605 0.168 0.07504 0.03015 0.011005 0.004015 0.00158 0.000535 0.00017 4.5e-05 1e-05 1e-05 0 0 0 0 
1 0.899805 0.74028 0.53319 0.325695 0.16896 0.07658 0.031305 0.012525 0.004495 0.001555 0.000535 0.000205 1.5e-05 0 0 0 0 0 0 
1 0.90137 0.743075 0.53683 0.33037 0.17307 0.078145 0.03123 0.01097 0.003345 0.000885 0.000225 5e-05 0 0 0 0 0 0 0 
1 0.900965 0.741865 0.533925 0.325545 0.16861 0.07419 0.030515 0.012075 0.0045 0.0016 0.00041 8.5e-05 1.5e-05 5e-06 0 0 0 0 0 
1 0.899805 0.743115 0.5372 0.33098 0.171805 0.078005 0.03229 0.01217 0.004355 0.001545 0.00052 0.000135 4.5e-05 5e-06 5e-06 0 0 0 0 
1 0.900445 0.739945 0.533365 0.326055 0.16986 0.07729 0.03203 0.011535 0.00368 0.00106 0.000245 3.5e-05 0 0 0 0 0 0 0 
1 0.89874 0.739765 0.531235 0.32407 0.1671 0.074255 0.029465 0.010845 0.00378 0.001185 0.000315 5.5e-05 5e-06 0 0 0 0 0 0 
1 0.8968 0.73534 0.52608 0.318805 0.162725 0.072395 0.02925 0.011005 0.00419 0.00158 0.00079 0.000415 0.00017 3.5e-05 5e-06 0 0 0 0 
1 0.898855 0.73958 0.531395 0.322845 0.166295 0.07326 0.029195 0.010895 0.00386 0.001325 0.00048 0.000145 5e-05 5e-06 0 0 0 0 0 
1 0.90208 0.745025 0.53826 0.32997 0.17112 0.07649 0.02932 0.010055 0.00297 0.000715 0.00015 1.59595e-18 0 0 0 0 0 0 0 
1 0.899585 0.740595 0.533725 0.32598 0.168725 0.07616 0.030845 0.011965 0.00433 0.001365 0.000365 0.0001 1.5e-05 5e-06 0 0 0 0 0 
1 0.89885 0.73968 0.529785 0.323395 0.16487 0.07319 0.028495 0.009635 0.002925 0.000725 0.000105 1e-05 5e-06 0 0 0 0 0 0 
1 0.899935 0.74201 0.536165 0.329115 0.171765 0.079545 0.033685 0.012935 0.00476 0.001595 0.000515 0.000115 1e-05 0 0 0 0 0 0 
1 0.89911 0.73909 0.529955 0.32332 0.16847 0.07553 0.030075 0.011225 0.00419 0.001705 0.000785 0.00043 0.00022 8.5e-05 2.5e-05 5e-06 0 0 0 
1 0.900065 0.74071 0.5339 0.327315 0.170445 0.07739 0.03178 0.012315 0.00462 0.001755 0.00061 0.00016 4e-05 2.9074e-18 0 0 0 0 0 
1 0.899785 0.73947 0.532375 0.324525 0.16662 0.07428 0.029385 0.01049 0.00361 0.00124 0.000455 0.000155 5.5e-05 1e-05 0 0 0 0 0 
1 0.90008 0.74351 0.538185 0.33194 0.174675 0.08151 0.034115 0.013895 0.00561 0.0021 0.0007 0.000245 5e-05 1e-05 0 0 0 0 0 
1 0.900805 0.744635 0.53918 0.330805 0.172275 0.07651 0.030315 0.01102 0.003815 0.001305 0.000355 4e-05 0 0 0 0 0 0 0 
1 0.89945 0.73994 0.531435 0.322145 0.16335 0.071695 0.02773 0.00959 0.002845 0.000695 0.00017 2.5e-05 1e-05 5e-06 0 0 0 0 0 
1 0.89878 0.737635 0.53137 0.321735 0.164575 0.073715 0.02977 0.010615 0.003435 0.001155 0.00032 0.000115 3e-05 5e-06 0 0 0 0 0 
1 0.899985 0.74345 0.533875 0.325005 0.16828 0.07579 0.031235 0.012255 0.00431 0.001335 0.00032 8.5e-05 2e-05 0 0 0 0 0 0 
1 0.8998 0.73991 0.53138 0.32277 0.16655 0.07607 0.03049 0.012155 0.00475 0.00171 0.00053 0.000175 5.5e-05 5e-06 0 0 0 0 0 
1 0.90138 0.74294 0.537585 0.329885 0.171275 0.076905 0.030435 0.01079 0.0037 0.001195 0.00034 0.000105 3e-05 1e-05 0 0 0 0 0 
1 0.90008 0.742505 0.537175 0.329485 0.17298 0.079715 0.03282 0.01191 0.00386 0.00113 0.000255 3e-05 5e-06 0 0 0 0 0 0 
