1 0.800674 0.514144 0.21411 0.0387825 0.00160203 1.24e-05 1.25e-07 0 0 0 0 0 0 0 0 0 0 0 0 
1 0.800122 0.513343 0.213326 0.0385482 0.00159108 1.195e-05 0 0 0 0 0 0 0 0 0 0 0 0 0 
1 0.800508 0.514062 0.21412 0.0389176 0.00164038 1.28e-05 3.25e-07 0 0 0 0 0 0 0 0 0 0 0 0 
1 0.800149 0.513088 0.212985 0.0384337 0.00158008 8.85e-06 0 0 0 0 0 0 0 0 0 0 0 0 0 
1 0.799632 0.512611 0.212746 0.0384203 0.00156168 1.4875e-05 2.5e-08 0 0 0 0 0 0 0 0 0 0 0 0 
1 0.8 0.513254 0.213487 0.0387324 0.00161625 1.0525e-05 0 0 0 0 0 0 0 0 0 0 0 0 0 
1 0.799951 0.512874 0.212777 0.0383331 0.00159033 9.65e-06 0 0 0 0 0 0 0 0 0 0 0 0 0 
1 0.800777 0.514564 0.214604 0.0390751 0.00164195 1.315e-05 0 0 0 0 0 0 0 0 0 0 0 0 0 
1 0.799754 0.512414 0.212148 0.0379679 0.0015565 8.7e-06 0 0 0 0 0 0 0 0 0 0 0 0 0 
1 0.800397 0.513655 0.213411 0.0385801 0.0015773 1.0425e-05 3e-07 0 0 0 0 0 0 0 0 0 0 0 0 
1 0.799895 0.512626 0.213028 0.0386625 0.00162598 9.475e-06 0 0 0 0 0 0 0 0 0 0 0 0 0 
1 0.800101 0.513337 0.213208 0.0383991 0.0015824 1.045e-05 0 0 0 0 0 0 0 0 0 0 0 0 0 
1 0.799865 0.512807 0.213275 0.0384728 0.00157508 8.3e-06 0 0 0 0 0 0 0 0 0 0 0 0 0 
1 0.799639 0.512161 0.212174 0.0381119 0.00155915 1.0525e-05 7.5e-08 0 0 0 0 0 0 0 0 0 0 0 0 
1 0.800417 0.51384 0.21397 0.038799 0.00158825 1.0225e-05 5e-08 0 0 0 0 0 0 0 0 0 0 0 0 
1 0.80047 0.514126 0.214036 0.0387926 0.00159485 1.0925e-05 5e-08 0 0 0 0 0 0 0 0 0 0 0 0 
1 0.800609 0.514114 0.213888 0.0387927 0.00160898 1.17e-05 0 0 0 0 0 0 0 0 0 0 0 0 0 
1 0.799315 0.511792 0.21182 0.0379853 0.0015402 1.0125e-05 2.5e-08 0 0 0 0 0 0 0 0 0 0 0 0 
1 0.800648 0.514169 0.214229 0.0387918 0.0016088 9.325e-06 2e-07 0 0 0 0 0 0 0 0 0 0 0 0 
1 0.800013 0.512678 0.212534 0.038237 0.00157088 1.005e-05 2.5e-08 0 0 0 0 0 0 0 0 0 0 0 0 
1 0.800573 0.513984 0.213671 0.0386166 0.0015782 9.525e-06 0 0 0 0 0 0 0 0 0 0 0 0 0 
1 0.799918 0.512705 0.212615 0.0384047 0.00159028 1.005e-05 0 0 0 0 0 0 0 0 0 0 0 0 0 
1 0.799697 0.512252 0.212017 0.037941 0.00149948 9.95e-06 0 0 0 0 0 0 0 0 0 0 0 0 0 
1 0.800033 0.513238 0.213173 0.038439 0.0015532 1.1625e-05 0 0 0 0 0 0 0 0 0 0 0 0 0 
1 0.799667 0.512714 0.212777 0.0383777 0.00159003 1.2225e-05 0 0 0 0 0 0 0 0 0 0 0 0 0 
1 0.800158 0.513581 0.21352 0.0386381 0.00157523 1.1775e-05 1e-07 0 0 0 0 0 0 0 0 0 0 0 0 
1 0.800342 0.513793 0.213714 0.0386482 0.0015486 1.19e-05 5e-08 0 0 0 0 0 0 0 0 0 0 0 0 
1 0.79973 0.512564 0.212615 0.0384096 0.00156113 1.04e-05 0 0 0 0 0 0 0 0 0 0 0 0 0 
1 0.800198 0.513497 0.213388 0.0386254 0.00159725 9.975e-06 0 0 0 0 0 0 0 0 0 0 0 0 0 
1 0.799941 0.513102 0.213202 0.038542 0.00161673 1.0425e-05 0 0 0 0 0 0 0 0 0 0 0 0 0 
1 0.79938 0.511762 0.211744 0.0379155 0.00152443 9.325e-06 0 0 0 0 0 0 0 0 0 0 0 0 0 
1 0.800483 0.514028 0.213917 0.0387701 0.00161438 1.115e-05 0 0 0 0 0 0 0 0 0 0 0 0 0 
1 0.800047 0.513382 0.21335 0.0386218 0.0015641 1.19e-05 0 0 0 0 0 0 0 0 0 0 0 0 0 
1 0.800124 0.513006 0.212983 0.0383641 0.00156905 1.1975e-05 1.5e-07 0 0 0 0 0 0 0 0 0 0 0 0 
1 0.799636 0.512097 0.212018 0.0381065 0.00155793 1.055e-05 0 0 0 0 0 0 0 0 0 0 0 0 0 
1 0.800773 0.514498 0.214322 0.0389866 0.0016127 1.2375e-05 0 0 0 0 0 0 0 0 0 0 0 0 0 
1 0.799435 0.511956 0.211877 0.0381569 0.00155933 1.08e-05 0 0 0 0 0 0 0 0 0 0 0 0 0 
1 0.800298 0.513415 0.213552 0.0386794 0.0016104 1.2325e-05 0 0 0 0 0 0 0 0 0 0 0 0 0 
1 0.800363 0.513651 0.213429 0.0386275 0.00160593 1.2425e-05 2.75e-07 0 0 0 0 0 0 0 0 0 0 0 0 
1 0.80004 0.513121 0.212889 0.0384086 0.00157825 1.21e-05 0 0 0 0 0 0 0 0 0 0 0 0 0 
1 0.801006 0.514864 0.214685 0.0390595 0.00160998 1.0225e-05 0 0 0 0 0 0 0 0 0 0 0 0 0 
1 0.800326 0.513682 0.213591 0.0386836 0.0015949 1.415e-05 0 0 0 0 0 0 0 0 0 0 0 0 0 
1 0.799387 0.511578 0.211316 0.0376603 0.00148813 8.6e-06 1.75e-07 0 0 0 0 0 0 0 0 0 0 0 0 
1 0.800166 0.513032 0.212726 0.0382901 0.00159923 1.3725e-05 2.5e-08 0 0 0 0 0 0 0 0 0 0 0 0 
1 0.800347 0.513761 0.213761 0.0386808 0.00159115 9.675e-06 0 0 0 0 0 0 0 0 0 0 0 0 0 
1 0.800066 0.513153 0.213033 0.0384328 0.00153895 7.425e-06 0 0 0 0 0 0 0 0 0 0 0 0 0 
1 0.800028 0.513026 0.213153 0.0384083 0.001566 1.0875e-05 0 0 0 0 0 0 0 0 0 0 0 0 0 
1 0.800325 0.513744 0.213664 0.0386957 0.0016153 8.5e-06 2.5e-08 0 0 0 0 0 0 0 0 0 0 0 0 
1 0.799495 0.511767 0.211432 0.0377229 0.0015195 1.0425e-05 2.5e-08 0 0 0 0 0 0 0 0 0 0 0 0 
1 0.799985 0.512847 0.213074 0.0384794 0.00158083 1.005e-05 1e-07 0 0 0 0 0 0 0 0 0 0 0 0 
1 0.800337 0.513729 0.213644 0.0387193 0.00162225 1.635e-05 2.25e-07 0 0 0 0 0 0 0 0 0 0 0 0 
1 0.799879 0.512656 0.212746 0.0383794 0.00157378 1.335e-05 2.5e-08 0 0 0 0 0 0 0 0 0 0 0 0 
1 0.800539 0.514075 0.213901 0.0387799 0.00157965 1.04e-05 0 0 0 0 0 0 0 0 0 0 0 0 0 
1 0.799319 0.511883 0.211762 0.0380128 0.00153305 6.7e-06 2.5e-08 0 0 0 0 0 0 0 0 0 0 0 0 
1 0.799933 0.512713 0.212763 0.0383192 0.0015868 1.0975e-05 0 0 0 0 0 0 0 0 0 0 0 0 0 
1 0.800566 0.513901 0.213979 0.0388377 0.00161438 1.0775e-05 1.25e-07 0 0 0 0 0 0 0 0 0 0 0 0 
1 0.799652 0.512309 0.211977 0.0380704 0.00156603 9.975e-06 2e-07 0 0 0 0 0 0 0 0 0 0 0 0 
1 0.799507 0.512097 0.211803 0.0378263 0.0015122 8.9e-06 2.5e-08 0 0 0 0 0 0 0 0 0 0 0 0 
1 0.800113 0.513371 0.213442 0.0386428 0.0015616 1.365e-05 0 0 0 0 0 0 0 0 0 0 0 0 0 
1 0.800244 0.51367 0.213499 0.0386433 0.00157583 1.1575e-05 0 0 0 0 0 0 0 0 0 0 0 0 0 
1 0.799503 0.51182 0.211811 0.0379982 0.00152503 1.005e-05 2.75e-07 0 0 0 0 0 0 0 0 0 0 0 0 
1 0.799238 0.511469 0.211352 0.0378055 0.00152415 9.325e-06 1.25e-07 0 0 0 0 0 0 0 0 0 0 0 0 
1 0.800029 0.512848 0.212746 0.0382747 0.00154688 1.105e-05 3.25e-07 0 0 0 0 0 0 0 0 0 0 0 0 
1 0.800449 0.513937 0.213782 0.0388535 0.00160715 9.75e-06 0 0 0 0 0 0 0 0 0 0 0 0 0 
1 0.800447 0.513856 0.213862 0.0387632 0.0016014 1.0275e-05 1.5e-07 0 0 0 0 0 0 0 0 0 0 0 0 
1 0.799973 0.513007 0.212998 0.0383696 0.00154795 9.075e-06 2e-07 0 0 0 0 0 0 0 0 0 0 0 0 
1 0.799878 0.512841 0.212639 0.0382316 0.00155475 8.7e-06 0 0 0 0 0 0 0 0 0 0 0 0 0 
1 0.799824 0.512575 0.212254 0.0380552 0.00152285 9.875e-06 1.5e-07 0 0 0 0 0 0 0 0 0 0 0 0 
1 0.800206 0.51339 0.213374 0.0385818 0.0015922 8.9e-06 2.5e-08 0 0 0 0 0 0 0 0 0 0 0 0 
1 0.800059 0.513209 0.213149 0.0384928 0.00161193 1.2225e-05 0 0 0 0 0 0 0 0 0 0 0 0 0 
1 0.799992 0.513125 0.213014 0.0384351 0.00158228 1.2025e-05 0 0 0 0 0 0 0 0 0 0 0 0 0 
1 0.799547 0.512102 0.212286 0.0381829 0.0015437 9.725e-06 1e-07 0 0 0 0 0 0 0 0 0 0 0 0 
1 0.799678 0.512226 0.212368 0.0381123 0.0015241 9.575e-06 2.5e-08 0 0 0 0 0 0 0 0 0 0 0 0 
1 0.799992 0.512853 0.212811 0.0382111 0.00156348 9.9e-06 0 0 0 0 0 0 0 0 0 0 0 0 0 
1 0.800527 0.513925 0.214165 0.0388722 0.00159238 9.775e-06 1e-07 0 0 0 0 0 0 0 0 0 0 0 0 
1 0.799946 0.512904 0.21281 0.038397 0.00160208 1.275e-05 0 0 0 0 0 0 0 0 0 0 0 0 0 
1 0.799907 0.512926 0.212762 0.0383774 0.00158095 1.0125e-05 3.25e-07 0 0 0 0 0 0 0 0 0 0 0 0 
1 0.800402 0.513598 0.213347 0.0385187 0.0015804 1.0625e-05 0 0 0 0 0 0 0 0 0 0 0 0 0 
1 0.799521 0.512224 0.212385 0.0382902 0.0015787 1.1625e-05 0 0 0 0 0 0 0 0 0 0 0 0 0 
1 0.799352 0.511759 0.21183 0.0381603 0.00157843 1.0875e-05 0 0 0 0 0 0 0 0 0 0 0 0 0 
1 0.79991 0.512804 0.212669 0.0382993 0.00154373 9.95e-06 1.25e-07 0 0 0 0 0 0 0 0 0 0 0 0 
1 0.800381 0.513502 0.213492 0.0385532 0.00159668 1.1075e-05 2.5e-07 0 0 0 0 0 0 0 0 0 0 0 0 
1 0.800279 0.513435 0.213347 0.0385518 0.00160163 9.475e-06 0 0 0 0 0 0 0 0 0 0 0 0 0 
1 0.799973 0.513001 0.212936 0.0383904 0.00158933 1.0175e-05 0 0 0 0 0 0 0 0 0 0 0 0 0 
1 0.800436 0.513625 0.213541 0.03867 0.001584 8.925e-06 5e-08 0 0 0 0 0 0 0 0 0 0 0 0 
1 0.80002 0.512815 0.212754 0.0381876 0.00154475 8.7e-06 0 0 0 0 0 0 0 0 0 0 0 0 0 
1 0.800117 0.512925 0.212733 0.0382971 0.00157243 1.1325e-05 0 0 0 0 0 0 0 0 0 0 0 0 0 
1 0.800238 0.51349 0.213411 0.0385621 0.00156473 1.105e-05 5e-08 0 0 0 0 0 0 0 0 0 0 0 0 
1 0.799393 0.512221 0.212421 0.0382641 0.00159673 1.21e-05 2.5e-08 0 0 0 0 0 0 0 0 0 0 0 0 
1 0.799947 0.51277 0.212678 0.038334 0.00157008 1.34e-05 0 0 0 0 0 0 0 0 0 0 0 0 0 
1 0.799188 0.5113 0.211416 0.0380368 0.00156303 1.0725e-05 0 0 0 0 0 0 0 0 0 0 0 0 0 
1 0.800068 0.513268 0.21342 0.03861 0.00160188 9e-06 0 0 0 0 0 0 0 0 0 0 0 0 0 
1 0.800743 0.514438 0.214433 0.0389247 0.0016013 1.12e-05 0 0 0 0 0 0 0 0 0 0 0 0 0 
1 0.800223 0.513532 0.213819 0.0386553 0.00157665 9.775e-06 0 0 0 0 0 0 0 0 0 0 0 0 0 
1 0.799611 0.512316 0.212136 0.0380431 0.00155688 9.8e-06 2.25e-07 0 0 0 0 0 0 0 0 0 0 0 0 
1 0.80014 0.513201 0.213238 0.038508 0.0015669 8.275e-06 0 0 0 0 0 0 0 0 0 0 0 0 0 
1 0.799771 0.51224 0.212121 0.0380595 0.00152445 9.4e-06 0 0 0 0 0 0 0 0 0 0 0 0 0 
1 0.800239 0.513288 0.213254 0.0386421 0.00158743 1.0325e-05 2e-07 0 0 0 0 0 0 0 0 0 0 0 0 
1 0.799847 0.512544 0.212704 0.0384068 0.00157388 1.11e-05 0 0 0 0 0 0 0 0 0 0 0 0 0 
1 0.801053 0.514818 0.214736 0.0391347 0.00164258 1.055e-05 4e-07 1e-07 0 0 0 0 0 0 0 0 0 0 0 
1 0.800258 0.513258 0.212867 0.0383237 0.00157023 1.0275e-05 0 0 0 0 0 0 0 0 0 0 0 0 0 
1 0.799218 0.511665 0.211669 0.0380406 0.00153128 1.135e-05 0 0 0 0 0 0 0 0 0 0 0 0 0 
1 0.800114 0.513402 0.213316 0.038612 0.0016032 1.1625e-05 0 0 0 0 0 0 0 0 0 0 0 0 0 
1 0.799595 0.512156 0.212207 0.0380586 0.00152683 1.1325e-05 1e-07 0 0 0 0 0 0 0 0 0 0 0 0 
1 0.799945 0.513073 0.212953 0.0384308 0.00159823 1.0425e-05 1.5e-07 0 0 0 0 0 0 0 0 0 0 0 0 
1 0.799638 0.512289 0.212221 0.0381808 0.00156003 1.06e-05 0 0 0 0 0 0 0 0 0 0 0 0 0 
1 0.799596 0.512415 0.212275 0.0381712 0.0015751 1.3475e-05 0 0 0 0 0 0 0 0 0 0 0 0 0 
1 0.800554 0.514043 0.214155 0.03889 0.00165063 1.285e-05 0 0 0 0 0 0 0 0 0 0 0 0 0 
1 0.799847 0.512333 0.212107 0.038002 0.00154843 1.0025e-05 0 0 0 0 0 0 0 0 0 0 0 0 0 
1 0.799853 0.512462 0.212383 0.0381057 0.00155268 1.17e-05 2e-07 0 0 0 0 0 0 0 0 0 0 0 0 
1 0.800126 0.513034 0.212912 0.038444 0.00158283 1.0825e-05 0 0 0 0 0 0 0 0 0 0 0 0 0 
1 0.800135 0.513326 0.213258 0.038555 0.0015536 9.975e-06 0 0 0 0 0 0 0 0 0 0 0 0 0 
1 0.800189 0.513311 0.213291 0.0385418 0.0015684 9.175e-06 0 0 0 0 0 0 0 0 0 0 0 0 0 
1 0.800765 0.514574 0.214677 0.0391626 0.00161785 1.2025e-05 4.25e-07 0 0 0 0 0 0 0 0 0 0 0 0 
1 0.800064 0.512999 0.21297 0.0384092 0.001588 1.0425e-05 0 0 0 0 0 0 0 0 0 0 0 0 0 
1 0.800323 0.513587 0.21344 0.0386236 0.00159415 1.115e-05 2.5e-08 0 0 0 0 0 0 0 0 0 0 0 0 
1 0.800166 0.51321 0.213256 0.0385575 0.0016092 7.925e-06 0 0 0 0 0 0 0 0 0 0 0 0 0 
1 0.799711 0.512416 0.212094 0.0378456 0.00153003 8.625e-06 1.25e-07 0 0 0 0 0 0 0 0 0 0 0 0 
1 0.800169 0.513269 0.213563 0.038745 0.0016014 1.2225e-05 0 0 0 0 0 0 0 0 0 0 0 0 0 
1 0.800166 0.513288 0.213091 0.0384377 0.00156488 1.18e-05 0 0 0 0 0 0 0 0 0 0 0 0 0 
1 0.799942 0.512934 0.213124 0.0386194 0.00160185 1.0075e-05 0 0 0 0 0 0 0 0 0 0 0 0 0 
1 0.800033 0.512884 0.213052 0.0384728 0.00158758 8.275e-06 0 0 0 0 0 0 0 0 0 0 0 0 0 
1 0.799947 0.512784 0.212542 0.0382415 0.00156763 1.195e-05 0 0 0 0 0 0 0 0 0 0 0 0 0 
1 0.800195 0.513351 0.213104 0.038477 0.00156905 1.29e-05 0 0 0 0 0 0 0 0 0 0 0 0 0 
1 0.800357 0.513605 0.213616 0.0386623 0.00159103 1.03e-05 0 0 0 0 0 0 0 0 0 0 0 0 0 
1 0.800345 0.513594 0.213679 0.0386586 0.00156965 1.185e-05 0 0 0 0 0 0 0 0 0 0 0 0 0 
1 0.800161 0.51326 0.213342 0.0386114 0.0016153 9.875e-06 0 0 0 0 0 0 0 0 0 0 0 0 0 
1 0.799942 0.512324 0.212142 0.0380734 0.00157503 1.27e-05 0 0 0 0 0 0 0 0 0 0 0 0 0 
1 0.800536 0.513605 0.213493 0.0387342 0.00160525 1.11e-05 0 0 0 0 0 0 0 0 0 0 0 0 0 
1 0.799666 0.512103 0.211956 0.0380705 0.00153598 1.02e-05 0 0 0 0 0 0 0 0 0 0 0 0 0 
1 0.799525 0.512423 0.212696 0.0383201 0.00157925 1.0725e-05 2.5e-08 0 0 0 0 0 0 0 0 0 0 0 0 
1 0.800164 0.513278 0.213572 0.0387076 0.00158598 1.2775e-05 0 0 0 0 0 0 0 0 0 0 0 0 0 
1 0.800481 0.514061 0.213822 0.0387004 0.001592 1.105e-05 0 0 0 0 0 0 0 0 0 0 0 0 0 
1 0.800032 0.513207 0.213438 0.0385491 0.00158593 7.95e-06 0 0 0 0 0 0 0 0 0 0 0 0 0 
1 0.800209 0.513375 0.213607 0.0387175 0.00159983 1.135e-05 1.5e-07 0 0 0 0 0 0 0 0 0 0 0 0 
1 0.799407 0.511955 0.211984 0.0379862 0.001546 1.3025e-05 2.5e-08 0 0 0 0 0 0 0 0 0 0 0 0 
1 0.800721 0.51435 0.214191 0.0387316 0.0015704 9.075e-06 0 0 0 0 0 0 0 0 0 0 0 0 0 
1 0.79973 0.51234 0.211965 0.0380567 0.00156198 1.025e-05 2.75e-07 0 0 0 0 0 0 0 0 0 0 0 0 
1 0.79947 0.511831 0.211839 0.0380215 0.00153208 8.4e-06 0 0 0 0 0 0 0 0 0 0 0 0 0 
1 0.800062 0.513123 0.212885 0.0383781 0.00157728 1.1375e-05 2.5e-08 0 0 0 0 0 0 0 0 0 0 0 0 
1 0.800673 0.514431 0.214332 0.0389116 0.00160318 8.9e-06 3.25e-07 0 0 0 0 0 0 0 0 0 0 0 0 
1 0.799876 0.512816 0.212936 0.0384654 0.00156498 1e-05 0 0 0 0 0 0 0 0 0 0 0 0 0 
1 0.799498 0.511941 0.212116 0.0381166 0.00155253 1.1025e-05 3.25e-07 0 0 0 0 0 0 0 0 0 0 0 0 
1 0.800024 0.512908 0.212964 0.038454 0.00157993 9.875e-06 0 0 0 0 0 0 0 0 0 0 0 0 0 
1 0.799659 0.512468 0.212555 0.038368 0.00156105 8.425e-06 1.75e-07 0 0 0 0 0 0 0 0 0 0 0 0 
1 0.799643 0.512336 0.212457 0.0382948 0.00158063 1.1075e-05 1e-07 0 0 0 0 0 0 0 0 0 0 0 0 
1 0.80009 0.513114 0.213279 0.0387889 0.00163888 1.34e-05 1.5e-07 0 0 0 0 0 0 0 0 0 0 0 0 
1 0.799486 0.512063 0.212188 0.0382221 0.00155178 9.375e-06 1e-07 0 0 0 0 0 0 0 0 0 0 0 0 
1 0.800083 0.512884 0.212771 0.0383671 0.00154638 7.75e-06 2.25e-07 0 0 0 0 0 0 0 0 0 0 0 0 
1 0.799723 0.51241 0.212678 0.0382357 0.00159195 1.295e-05 1.75e-07 0 0 0 0 0 0 0 0 0 0 0 0 
1 0.800128 0.513275 0.213249 0.038508 0.00157603 9.425e-06 0 0 0 0 0 0 0 0 0 0 0 0 0 
1 0.799554 0.51203 0.211855 0.0380378 0.0015531 8.775e-06 0 0 0 0 0 0 0 0 0 0 0 0 0 
1 0.799579 0.512186 0.212269 0.0380241 0.00153658 9.875e-06 7.5e-08 0 0 0 0 0 0 0 0 0 0 0 0 
1 0.800261 0.513233 0.213063 0.038363 0.00156083 8.625e-06 2.5e-08 0 0 0 0 0 0 0 0 0 0 0 0 
1 0.799939 0.512864 0.212758 0.0383171 0.00157213 1.0675e-05 2.5e-08 0 0 0 0 0 0 0 0 0 0 0 0 
1 0.800174 0.513203 0.213092 0.0385447 0.00158723 8.9e-06 0 0 0 0 0 0 0 0 0 0 0 0 0 
1 0.800188 0.513147 0.213339 0.0386666 0.0016446 1.405e-05 0 0 0 0 0 0 0 0 0 0 0 0 0 
1 0.800371 0.513215 0.212849 0.0382287 0.00152825 1.09e-05 0 0 0 0 0 0 0 0 0 0 0 0 0 
1 0.800069 0.51318 0.213061 0.0384308 0.00157725 9.225e-06 0 0 0 0 0 0 0 0 0 0 0 0 0 
1 0.799981 0.513168 0.213076 0.0384429 0.00157398 9.125e-06 1e-07 0 0 0 0 0 0 0 0 0 0 0 0 
1 0.800507 0.513887 0.213702 0.0386185 0.00158525 9.975e-06 0 0 0 0 0 0 0 0 0 0 0 0 0 
1 0.799874 0.512453 0.21227 0.0381005 0.00156213 1.3075e-05 0 0 0 0 0 0 0 0 0 0 0 0 0 
1 0.800692 0.514244 0.214191 0.0387769 0.001598 8.575e-06 0 0 0 0 0 0 0 0 0 0 0 0 0 
1 0.799401 0.512013 0.212037 0.0380856 0.00154015 1.1425e-05 0 0 0 0 0 0 0 0 0 0 0 0 0 
1 0.800119 0.513106 0.213559 0.0388051 0.0016317 1.11e-05 0 0 0 0 0 0 0 0 0 0 0 0 0 
1 0.80049 0.513541 0.213255 0.0386468 0.00161348 8.425e-06 0 0 0 0 0 0 0 0 0 0 0 0 0 
1 0.800516 0.514115 0.214292 0.0389294 0.00158585 8.8e-06 2.5e-08 0 0 0 0 0 0 0 0 0 0 0 0 
1 0.800602 0.514155 0.213761 0.038566 0.001566 1.0325e-05 0 0 0 0 0 0 0 0 0 0 0 0 0 
1 0.799836 0.512694 0.212525 0.038036 0.00155738 1.145e-05 0 0 0 0 0 0 0 0 0 0 0 0 0 
1 0.800442 0.513623 0.213576 0.0385893 0.00161188 1.005e-05 0 0 0 0 0 0 0 0 0 0 0 0 0 
1 0.799791 0.512606 0.212745 0.0383265 0.00156625 9.125e-06 0 0 0 0 0 0 0 0 0 0 0 0 0 
1 0.80006 0.512972 0.213183 0.0386189 0.00159355 1.28e-05 0 0 0 0 0 0 0 0 0 0 0 0 0 
1 0.800046 0.51307 0.212893 0.0383093 0.00156188 8.05e-06 0 0 0 0 0 0 0 0 0 0 0 0 0 
1 0.800393 0.513827 0.213726 0.0386751 0.00157743 1.245e-05 0 0 0 0 0 0 0 0 0 0 0 0 0 
1 0.800071 0.513091 0.213109 0.0385192 0.0015636 1.1125e-05 2.5e-08 0 0 0 0 0 0 0 0 0 0 0 0 
1 0.799967 0.512819 0.21292 0.0384567 0.0015624 8.525e-06 0 0 0 0 0 0 0 0 0 0 0 0 0 
1 0.800537 0.514305 0.214379 0.0389865 0.00162868 1.105e-05 0 0 0 0 0 0 0 0 0 0 0 0 0 
1 0.800594 0.514169 0.214146 0.0387873 0.00156813 1.0625e-05 0 0 0 0 0 0 0 0 0 0 0 0 0 
1 0.800435 0.513961 0.214164 0.0389864 0.0016299 1.2425e-05 1.5e-07 0 0 0 0 0 0 0 0 0 0 0 0 
1 0.800051 0.513032 0.212894 0.0384196 0.00157138 1.1925e-05 0 0 0 0 0 0 0 0 0 0 0 0 0 
1 0.800266 0.513265 0.213008 0.0384464 0.00159383 1.4925e-05 0 0 0 0 0 0 0 0 0 0 0 0 0 
1 0.799858 0.51271 0.212782 0.0382387 0.00155248 1.115e-05 0 0 0 0 0 0 0 0 0 0 0 0 0 
1 0.79999 0.512798 0.212701 0.0384288 0.00158338 6.975e-06 0 0 0 0 0 0 0 0 0 0 0 0 0 
1 0.799864 0.512904 0.212778 0.0382631 0.0015525 1.115e-05 2.5e-07 0 0 0 0 0 0 0 0 0 0 0 0 
1 0.799741 0.512469 0.212699 0.0384818 0.00156703 1.2575e-05 0 0 0 0 0 0 0 0 0 0 0 0 0 
1 0.800992 0.515081 0.214915 0.0390853 0.00162755 1.3225e-05 7.5e-08 0 0 0 0 0 0 0 0 0 0 0 0 
1 0.799673 0.512228 0.212449 0.0382585 0.00156788 1.065e-05 0 0 0 0 0 0 0 0 0 0 0 0 0 
1 0.800012 0.51293 0.212781 0.0382251 0.00154853 9.6e-06 5e-08 0 0 0 0 0 0 0 0 0 0 0 0 
1 0.799567 0.512013 0.212076 0.0381839 0.0015625 9.575e-06 2.5e-08 0 0 0 0 0 0 0 0 0 0 0 0 
1 0.800477 0.513707 0.213519 0.0385993 0.00159905 1.18e-05 0 0 0 0 0 0 0 0 0 0 0 0 0 
1 0.799743 0.512447 0.212337 0.0381489 0.00154518 1.015e-05 0 0 0 0 0 0 0 0 0 0 0 0 0 
1 0.800167 0.513195 0.213042 0.038428 0.0015788 1.1275e-05 0 0 0 0 0 0 0 0 0 0 0 0 0 
1 0.800313 0.513628 0.213593 0.0386338 0.00159138 1.1625e-05 0 0 0 0 0 0 0 0 0 0 0 0 0 
1 0.799636 0.512323 0.212259 0.0381833 0.00158495 1.24e-05 0 0 0 0 0 0 0 0 0 0 0 0 0 
1 0.800273 0.513671 0.213459 0.0385674 0.00155935 7.925e-06 0 0 0 0 0 0 0 0 0 0 0 0 0 
1 0.799913 0.512937 0.213096 0.0385161 0.00158425 1e-05 0 0 0 0 0 0 0 0 0 0 0 0 0 
1 0.800238 0.513268 0.213381 0.0384941 0.00161063 1.1075e-05 3.75e-07 0 0 0 0 0 0 0 0 0 0 0 0 
1 0.800113 0.513113 0.212991 0.0385229 0.00158863 1.0425e-05 0 0 0 0 0 0 0 0 0 0 0 0 0 
1 0.800275 0.513387 0.213209 0.0384134 0.00159338 1.1125e-05 0 0 0 0 0 0 0 0 0 0 0 0 0 
1 0.800358 0.513422 0.213183 0.038379 0.00156175 1.0025e-05 0 0 0 0 0 0 0 0 0 0 0 0 0 
1 0.800705 0.51414 0.213917 0.0387999 0.0016187 1.1375e-05 2.5e-08 0 0 0 0 0 0 0 0 0 0 0 0 
1 0.800282 0.513593 0.213683 0.0387448 0.0016156 1.145e-05 0 0 0 0 0 0 0 0 0 0 0 0 0 
1 0.800023 0.513011 0.213048 0.0384331 0.00157813 1.6075e-05 2.25e-07 0 0 0 0 0 0 0 0 0 0 0 0 
1 0.800077 0.512624 0.21263 0.0383557 0.0015954 1.0675e-05 5e-08 0 0 0 0 0 0 0 0 0 0 0 0 
1 0.799619 0.512131 0.212063 0.038131 0.0015677 9.475e-06 0 0 0 0 0 0 0 0 0 0 0 0 0 
1 0.800488 0.513963 0.213854 0.0387896 0.0016275 1.24e-05 1e-07 0 0 0 0 0 0 0 0 0 0 0 0 
1 0.800352 0.513778 0.213805 0.0387402 0.00158203 9.85e-06 0 0 0 0 0 0 0 0 0 0 0 0 0 
1 0.800478 0.513992 0.213976 0.0388442 0.00160603 1.0775e-05 0 0 0 0 0 0 0 0 0 0 0 0 0 
1 0.799215 0.511421 0.211453 0.0379005 0.00151845 1.1725e-05 1e-07 0 0 0 0 0 0 0 0 0 0 0 0 
1 0.800128 0.513688 0.213984 0.0388511 0.00162913 1.245e-05 0 0 0 0 0 0 0 0 0 0 0 0 0 
1 0.79995 0.512789 0.212689 0.0383311 0.00155498 1.375e-05 2.5e-07 0 0 0 0 0 0 0 0 0 0 0 0 
1 0.799913 0.512569 0.212644 0.0383942 0.00160233 9.35e-06 0 0 0 0 0 0 0 0 0 0 0 0 0 
1 0.800039 0.512819 0.212935 0.0384434 0.00162588 1.205e-05 0 0 0 0 0 0 0 0 0 0 0 0 0 
1 0.799792 0.512359 0.212291 0.0380896 0.0015564 9.675e-06 1.5e-07 0 0 0 0 0 0 0 0 0 0 0 0 
1 0.800373 0.513667 0.213718 0.0387603 0.00158313 9e-06 0 0 0 0 0 0 0 0 0 0 0 0 0 
1 0.800075 0.513086 0.213036 0.0383709 0.00158683 1.055e-05 5e-08 0 0 0 0 0 0 0 0 0 0 0 0 
1 0.799918 0.51284 0.212529 0.0382326 0.00154188 1.0175e-05 0 0 0 0 0 0 0 0 0 0 0 0 0 
1 0.800034 0.513003 0.212595 0.038211 0.00153495 1.06e-05 2.5e-08 0 0 0 0 0 0 0 0 0 0 0 0 
1 0.799985 0.512892 0.212829 0.0383911 0.00158783 1.1175e-05 0 0 0 0 0 0 0 0 0 0 0 0 0 
1 0.800152 0.513361 0.213568 0.0386287 0.0015513 8.975e-06 0 0 0 0 0 0 0 0 0 0 0 0 0 
1 0.799288 0.511693 0.211666 0.0379375 0.00156238 1.1525e-05 7.5e-08 0 0 0 0 0 0 0 0 0 0 0 0 
1 0.79974 0.512569 0.212656 0.0384547 0.00157215 1.0075e-05 0 0 0 0 0 0 0 0 0 0 0 0 0 
1 0.799587 0.512506 0.212739 0.038334 0.00157793 1.2925e-05 0 0 0 0 0 0 0 0 0 0 0 0 0 
1 0.79965 0.512381 0.212111 0.0380688 0.0015443 7e-06 0 0 0 0 0 0 0 0 0 0 0 0 0 
1 0.800304 0.513269 0.213013 0.0383889 0.00155545 8.75e-06 0 0 0 0 0 0 0 0 0 0 0 0 0 
1 0.799696 0.512323 0.212363 0.038139 0.00155503 1.18e-05 1.25e-07 0 0 0 0 0 0 0 0 0 0 0 0 
1 0.800134 0.513086 0.212997 0.0382567 0.00158458 1.1925e-05 1.5e-07 0 0 0 0 0 0 0 0 0 0 0 0 
1 0.799952 0.51289 0.212905 0.0382457 0.00154573 1.2225e-05 0 0 0 0 0 0 0 0 0 0 0 0 0 
1 0.80015 0.513106 0.21299 0.0383797 0.00158705 1.1375e-05 0 0 0 0 0 0 0 0 0 0 0 0 0 
1 0.799636 0.512183 0.211911 0.0378717 0.00150203 8.1e-06 0 0 0 0 0 0 0 0 0 0 0 0 0 
1 0.79962 0.512124 0.212063 0.0380803 0.0015486 1.105e-05 5e-08 0 0 0 0 0 0 0 0 0 0 0 0 
1 0.800258 0.513732 0.213449 0.0385112 0.00156938 8.475e-06 0 0 0 0 0 0 0 0 0 0 0 0 0 
1 0.799147 0.511509 0.211576 0.0379237 0.00152605 8.25e-06 0 0 0 0 0 0 0 0 0 0 0 0 0 
1 0.800375 0.513971 0.213981 0.0386612 0.00157493 1.215e-05 1e-07 0 0 0 0 0 0 0 0 0 0 0 0 
1 0.799076 0.511469 0.211398 0.0378674 0.0015716 1.4275e-05 2e-07 0 0 0 0 0 0 0 0 0 0 0 0 
1 0.799093 0.511263 0.211187 0.0377892 0.0015155 8.5e-06 7.5e-08 0 0 0 0 0 0 0 0 0 0 0 0 
1 0.800099 0.513214 0.21331 0.0384772 0.00159453 1.055e-05 0 0 0 0 0 0 0 0 0 0 0 0 0 
1 0.79987 0.512695 0.212823 0.0383998 0.00155475 1.0575e-05 0 0 0 0 0 0 0 0 0 0 0 0 0 
1 0.799808 0.512481 0.212592 0.0383385 0.00154343 1.1075e-05 1.5e-07 0 0 0 0 0 0 0 0 0 0 0 0 
1 0.800266 0.513366 0.213689 0.0388099 0.00161618 1.09e-05 0 0 0 0 0 0 0 0 0 0 0 0 0 
1 0.799808 0.51266 0.212597 0.038403 0.00156128 1.2725e-05 0 0 0 0 0 0 0 0 0 0 0 0 0 
1 0.799927 0.512909 0.213094 0.0384959 0.00156363 8.875e-06 0 0 0 0 0 0 0 0 0 0 0 0 0 
1 0.799918 0.512965 0.212688 0.0382262 0.0015514 1.2175e-05 5e-08 0 0 0 0 0 0 0 0 0 0 0 0 
1 0.800149 0.51335 0.213056 0.038357 0.00154943 1.1075e-05 0 0 0 0 0 0 0 0 0 0 0 0 0 
1 0.800295 0.513219 0.213259 0.0386295 0.0016251 1.0625e-05 2.25e-07 0 0 0 0 0 0 0 0 0 0 0 0 
1 0.800414 0.513652 0.213787 0.0386614 0.00156423 1.01e-05 0 0 0 0 0 0 0 0 0 0 0 0 0 
1 0.800055 0.513322 0.213196 0.0384574 0.0015673 1.095e-05 0 0 0 0 0 0 0 0 0 0 0 0 0 
1 0.800158 0.513187 0.212898 0.038256 0.00155913 9.675e-06 0 0 0 0 0 0 0 0 0 0 0 0 0 
1 0.800112 0.513203 0.213221 0.0385842 0.00157403 1.1925e-05 0 0 0 0 0 0 0 0 0 0 0 0 0 
1 0.800261 0.513474 0.213342 0.0386309 0.00160408 1.21e-05 0 0 0 0 0 0 0 0 0 0 0 0 0 
1 0.799918 0.51264 0.212699 0.0382216 0.00154945 9.375e-06 5e-08 0 0 0 0 0 0 0 0 0 0 0 0 
1 0.799625 0.512256 0.212277 0.0383521 0.00159198 1.2325e-05 0 0 0 0 0 0 0 0 0 0 0 0 0 
1 0.800044 0.512655 0.212627 0.0382351 0.00158303 1.1825e-05 0 0 0 0 0 0 0 0 0 0 0 0 0 
1 0.800037 0.513367 0.213547 0.0385661 0.0015993 9.525e-06 0 0 0 0 0 0 0 0 0 0 0 0 0 
1 0.799847 0.512576 0.212435 0.0381672 0.00154018 1.055e-05 0 0 0 0 0 0 0 0 0 0 0 0 0 
1 0.799688 0.512418 0.212191 0.0380552 0.00153615 1.04e-05 0 0 0 0 0 0 0 0 0 0 0 0 0 
1 0.799478 0.511759 0.21146 0.0377086 0.00149265 6.2e-06 0 0 0 0 0 0 0 0 0 0 0 0 0 
1 0.79951 0.51225 0.212322 0.0382268 0.00154743 7.35e-06 0 0 0 0 0 0 0 0 0 0 0 0 0 
1 0.799473 0.51205 0.212171 0.0382422 0.00156078 1.2325e-05 0 0 0 0 0 0 0 0 0 0 0 0 0 
1 0.800282 0.513438 0.213672 0.0387497 0.00161413 1.0775e-05 0 0 0 0 0 0 0 0 0 0 0 0 0 
1 0.799608 0.512262 0.212528 0.0383655 0.00157523 9.45e-06 0 0 0 0 0 0 0 0 0 0 0 0 0 
1 0.799427 0.511737 0.211812 0.0380972 0.00152995 1.05e-05 0 0 0 0 0 0 0 0 0 0 0 0 0 
1 0.799976 0.512938 0.212852 0.0382859 0.00159018 9.425e-06 0 0 0 0 0 0 0 0 0 0 0 0 0 
1 0.79965 0.512594 0.2126 0.0383573 0.00156948 1.2425e-05 0 0 0 0 0 0 0 0 0 0 0 0 0 
1 0.800304 0.51391 0.213782 0.0386714 0.00157335 8.45e-06 0 0 0 0 0 0 0 0 0 0 0 0 0 
1 0.800141 0.513279 0.213281 0.0385533 0.0015657 8.9e-06 0 0 0 0 0 0 0 0 0 0 0 0 0 
1 0.800163 0.512791 0.21278 0.0382526 0.00153388 1.0775e-05 0 0 0 0 0 0 0 0 0 0 0 0 0 
1 0.800313 0.513547 0.2137 0.038636 0.0015712 9.225e-06 0 0 0 0 0 0 0 0 0 0 0 0 0 
1 0.79966 0.512414 0.212468 0.0382366 0.00156453 1.075e-05 0 0 0 0 0 0 0 0 0 0 0 0 0 
1 0.799675 0.512217 0.21214 0.0382566 0.00155128 8.55e-06 0 0 0 0 0 0 0 0 0 0 0 0 0 
1 0.799767 0.512634 0.212634 0.0382799 0.00156135 1.2275e-05 0 0 0 0 0 0 0 0 0 0 0 0 0 
1 0.800261 0.513744 0.21361 0.0384433 0.00156718 1.23e-05 7.5e-08 0 0 0 0 0 0 0 0 0 0 0 0 
1 0.799784 0.512576 0.21258 0.0381649 0.00152485 9.05e-06 7.5e-08 0 0 0 0 0 0 0 0 0 0 0 0 
1 0.799774 0.512633 0.212522 0.0382302 0.00156363 1.37e-05 2.5e-08 0 0 0 0 0 0 0 0 0 0 0 0 
1 0.800223 0.513477 0.213568 0.0385955 0.0015848 9.575e-06 0 0 0 0 0 0 0 0 0 0 0 0 0 
1 0.799975 0.513091 0.213276 0.0385001 0.00157153 1.03e-05 0 0 0 0 0 0 0 0 0 0 0 0 0 
1 0.799672 0.512716 0.212727 0.0383733 0.00156098 9.175e-06 0 0 0 0 0 0 0 0 0 0 0 0 0 
1 0.800057 0.513134 0.212833 0.0384377 0.0015864 1.155e-05 2.5e-07 0 0 0 0 0 0 0 0 0 0 0 0 
1 0.8 0.513052 0.213158 0.0385836 0.00159038 1.18e-05 0 0 0 0 0 0 0 0 0 0 0 0 0 
1 0.7998 0.51277 0.212247 0.0379238 0.0015531 9.275e-06 2.5e-08 0 0 0 0 0 0 0 0 0 0 0 0 
1 0.799988 0.512796 0.212625 0.0383289 0.00159743 1.3575e-05 0 0 0 0 0 0 0 0 0 0 0 0 0 
1 0.800078 0.51302 0.212892 0.0383553 0.00155828 1.2925e-05 0 0 0 0 0 0 0 0 0 0 0 0 0 
1 0.799877 0.512792 0.213102 0.0384088 0.00157763 1.1675e-05 1e-07 0 0 0 0 0 0 0 0 0 0 0 0 
1 0.800015 0.51304 0.212806 0.0382982 0.00153858 1.19e-05 1.25e-07 0 0 0 0 0 0 0 0 0 0 0 0 
1 0.800775 0.514557 0.21448 0.0389651 0.0016123 1.055e-05 0 0 0 0 0 0 0 0 0 0 0 0 0 
1 0.799503 0.512122 0.212233 0.0382131 0.00160203 1.21e-05 1.5e-07 0 0 0 0 0 0 0 0 0 0 0 0 
1 0.799628 0.512203 0.211954 0.0379062 0.00153173 1.0125e-05 0 0 0 0 0 0 0 0 0 0 0 0 0 
1 0.799756 0.512437 0.212236 0.0381605 0.00152728 9.45e-06 0 0 0 0 0 0 0 0 0 0 0 0 0 
1 0.799903 0.512934 0.212652 0.0382112 0.00154275 8.225e-06 0 0 0 0 0 0 0 0 0 0 0 0 0 
1 0.801007 0.514759 0.214869 0.0392376 0.00163305 1.0175e-05 2.5e-08 0 0 0 0 0 0 0 0 0 0 0 0 
1 0.799869 0.512825 0.213061 0.0383746 0.00157183 1.2225e-05 0 0 0 0 0 0 0 0 0 0 0 0 0 
1 0.799932 0.512665 0.212515 0.0381606 0.00156773 1.005e-05 2.25e-07 0 0 0 0 0 0 0 0 0 0 0 0 
1 0.800014 0.512966 0.212789 0.0383907 0.00158713 1.0625e-05 5e-08 0 0 0 0 0 0 0 0 0 0 0 0 
1 0.799107 0.511402 0.211577 0.0379787 0.00152968 9.325e-06 5e-08 0 0 0 0 0 0 0 0 0 0 0 0 
1 0.800502 0.514059 0.213976 0.0387054 0.00156838 1.0375e-05 0 0 0 0 0 0 0 0 0 0 0 0 0 
1 0.800114 0.513416 0.213127 0.0383655 0.00154688 8.15e-06 0 0 0 0 0 0 0 0 0 0 0 0 0 
1 0.799976 0.512759 0.212505 0.0381301 0.00155815 1.0275e-05 0 0 0 0 0 0 0 0 0 0 0 0 0 
1 0.800537 0.514458 0.214425 0.0388812 0.00160415 1.1275e-05 0 0 0 0 0 0 0 0 0 0 0 0 0 
1 0.800618 0.514475 0.21457 0.039059 0.0016059 1.0975e-05 0 0 0 0 0 0 0 0 0 0 0 0 0 
1 0.800792 0.514421 0.214048 0.0388554 0.00162588 1.215e-05 7.5e-08 0 0 0 0 0 0 0 0 0 0 0 0 
1 0.799734 0.512998 0.212915 0.0385507 0.00161038 9.55e-06 0 0 0 0 0 0 0 0 0 0 0 0 0 
1 0.800611 0.513821 0.213931 0.0388141 0.0015925 1.135e-05 2.5e-07 0 0 0 0 0 0 0 0 0 0 0 0 
1 0.799936 0.512706 0.21277 0.0382609 0.00156588 1.035e-05 0 0 0 0 0 0 0 0 0 0 0 0 0 
1 0.800258 0.513583 0.213708 0.0386159 0.00158348 1.115e-05 0 0 0 0 0 0 0 0 0 0 0 0 0 
1 0.799915 0.512992 0.213014 0.0384504 0.0015762 1.1275e-05 3.5e-07 0 0 0 0 0 0 0 0 0 0 0 0 
1 0.799984 0.512979 0.212853 0.0384496 0.00161235 1.225e-05 7.5e-08 0 0 0 0 0 0 0 0 0 0 0 0 
1 0.799567 0.512284 0.212498 0.0384761 0.00158388 1.1225e-05 1e-07 0 0 0 0 0 0 0 0 0 0 0 0 
1 0.799878 0.512815 0.212815 0.0383494 0.001568 1.1075e-05 0 0 0 0 0 0 0 0 0 0 0 0 0 
1 0.799886 0.512627 0.212573 0.0382817 0.00156075 1.14e-05 2.5e-08 0 0 0 0 0 0 0 0 0 0 0 0 
1 0.800516 0.513985 0.213768 0.0386386 0.00156785 9e-06 0 0 0 0 0 0 0 0 0 0 0 0 0 
1 0.799314 0.511502 0.211572 0.0379621 0.00156348 1.0925e-05 7.5e-08 0 0 0 0 0 0 0 0 0 0 0 0 
1 0.79969 0.512216 0.212318 0.0380775 0.0015519 1.0425e-05 7.5e-08 0 0 0 0 0 0 0 0 0 0 0 0 
1 0.799852 0.512955 0.212833 0.0382924 0.00159105 1.0725e-05 7.5e-08 0 0 0 0 0 0 0 0 0 0 0 0 
1 0.800682 0.51417 0.213995 0.0387574 0.00159918 1.025e-05 0 0 0 0 0 0 0 0 0 0 0 0 0 
1 0.800533 0.514052 0.213714 0.0387445 0.00158623 9.525e-06 7.5e-08 0 0 0 0 0 0 0 0 0 0 0 0 
1 0.800684 0.514475 0.214391 0.0389355 0.001635 1.145e-05 0 0 0 0 0 0 0 0 0 0 0 0 0 
1 0.799899 0.512878 0.212855 0.0383184 0.0015681 9.525e-06 5e-08 0 0 0 0 0 0 0 0 0 0 0 0 
1 0.800039 0.513078 0.213213 0.0384885 0.0015962 1.05e-05 0 0 0 0 0 0 0 0 0 0 0 0 0 
1 0.800305 0.513493 0.21346 0.0386265 0.00158595 9.825e-06 3.5e-07 0 0 0 0 0 0 0 0 0 0 0 0 
1 0.799714 0.512502 0.212717 0.0383041 0.0015784 1.0125e-05 0 0 0 0 0 0 0 0 0 0 0 0 0 
1 0.80021 0.513354 0.213234 0.0385015 0.00157358 1.085e-05 0 0 0 0 0 0 0 0 0 0 0 0 0 
1 0.800201 0.513488 0.213218 0.0384108 0.00155848 1.1e-05 4e-07 0 0 0 0 0 0 0 0 0 0 0 0 
1 0.799658 0.512347 0.21226 0.0382145 0.00152215 8.925e-06 1e-07 0 0 0 0 0 0 0 0 0 0 0 0 
1 0.799826 0.512595 0.21249 0.0382013 0.00154823 1.035e-05 1.75e-07 0 0 0 0 0 0 0 0 0 0 0 0 
1 0.799988 0.512777 0.212503 0.0381184 0.00154485 1.23e-05 6.5e-07 0 0 0 0 0 0 0 0 0 0 0 0 
1 0.800989 0.514917 0.214952 0.0391962 0.00163363 1.0825e-05 0 0 0 0 0 0 0 0 0 0 0 0 0 
1 0.800409 0.513763 0.213867 0.0388295 0.00162908 1.1675e-05 0 0 0 0 0 0 0 0 0 0 0 0 0 
1 0.799886 0.512785 0.212906 0.0383628 0.0015768 8.175e-06 0 0 0 0 0 0 0 0 0 0 0 0 0 
1 0.800559 0.514304 0.214085 0.0388614 0.00160643 1.1825e-05 0 0 0 0 0 0 0 0 0 0 0 0 0 
1 0.800219 0.513321 0.213364 0.0386749 0.0015861 1.0775e-05 0 0 0 0 0 0 0 0 0 0 0 0 0 
1 0.799262 0.5116 0.2116 0.0379424 0.0015439 1.0925e-05 0 0 0 0 0 0 0 0 0 0 0 0 0 
1 0.800162 0.513371 0.213001 0.0383283 0.00154693 8.225e-06 0 0 0 0 0 0 0 0 0 0 0 0 0 
1 0.79964 0.512236 0.212118 0.038047 0.00155898 9.475e-06 1.25e-07 0 0 0 0 0 0 0 0 0 0 0 0 
1 0.799683 0.512275 0.211948 0.037915 0.00153413 9.625e-06 0 0 0 0 0 0 0 0 0 0 0 0 0 
1 0.799942 0.512727 0.212769 0.0383814 0.00155063 9.325e-06 0 0 0 0 0 0 0 0 0 0 0 0 0 
1 0.80056 0.514172 0.21417 0.0388364 0.00160475 1.0525e-05 0 0 0 0 0 0 0 0 0 0 0 0 0 
1 0.799915 0.512814 0.212465 0.038296 0.001588 9.65e-06 5e-08 0 0 0 0 0 0 0 0 0 0 0 0 
1 0.799673 0.512318 0.212412 0.0381908 0.00155735 8.325e-06 0 0 0 0 0 0 0 0 0 0 0 0 0 
1 0.799763 0.512653 0.212528 0.0382343 0.00156035 1.0025e-05 0 0 0 0 0 0 0 0 0 0 0 0 0 
1 0.799984 0.51319 0.213151 0.0385654 0.00159423 1.265e-05 0 0 0 0 0 0 0 0 0 0 0 0 0 
1 0.800457 0.513588 0.213236 0.0385882 0.00158588 1.18e-05 0 0 0 0 0 0 0 0 0 0 0 0 0 
1 0.800121 0.513382 0.213397 0.0386222 0.00156593 9.625e-06 0 0 0 0 0 0 0 0 0 0 0 0 0 
1 0.800258 0.513495 0.213376 0.0386836 0.00158255 1.035e-05 0 0 0 0 0 0 0 0 0 0 0 0 0 
1 0.800437 0.513683 0.213592 0.0386101 0.0015854 1.095e-05 0 0 0 0 0 0 0 0 0 0 0 0 0 
1 0.800294 0.513828 0.213955 0.0387088 0.00157888 9.3e-06 0 0 0 0 0 0 0 0 0 0 0 0 0 
1 0.800792 0.514673 0.214724 0.0391479 0.00163278 1.29e-05 7.5e-08 0 0 0 0 0 0 0 0 0 0 0 0 
1 0.800151 0.512972 0.212906 0.0383868 0.00158185 8.35e-06 0 0 0 0 0 0 0 0 0 0 0 0 0 
1 0.800464 0.513785 0.213482 0.0386172 0.00159098 9.45e-06 0 0 0 0 0 0 0 0 0 0 0 0 0 
1 0.800456 0.51407 0.214067 0.0388841 0.00163953 1.2125e-05 0 0 0 0 0 0 0 0 0 0 0 0 0 
1 0.800421 0.513732 0.213603 0.0387006 0.0015894 9.875e-06 0 0 0 0 0 0 0 0 0 0 0 0 0 
1 0.800356 0.513816 0.213665 0.0385726 0.00162695 1.3375e-05 0 0 0 0 0 0 0 0 0 0 0 0 0 
1 0.799592 0.512025 0.212341 0.0383455 0.00158433 1.0725e-05 2.5e-08 0 0 0 0 0 0 0 0 0 0 0 0 
1 0.799905 0.512986 0.21306 0.0384784 0.00162255 1.1225e-05 5e-08 0 0 0 0 0 0 0 0 0 0 0 0 
1 0.800365 0.51361 0.213363 0.0384772 0.00158193 1.3225e-05 0 0 0 0 0 0 0 0 0 0 0 0 0 
1 0.799826 0.512484 0.212136 0.0380987 0.00153408 9.1e-06 2e-07 0 0 0 0 0 0 0 0 0 0 0 0 
1 0.800055 0.513138 0.213308 0.038612 0.00161283 1.145e-05 3.5e-07 0 0 0 0 0 0 0 0 0 0 0 0 
1 0.79966 0.512227 0.21214 0.0381219 0.00153188 7.7e-06 5e-08 0 0 0 0 0 0 0 0 0 0 0 0 
1 0.800461 0.513769 0.213519 0.0386569 0.00155865 8.725e-06 1e-07 0 0 0 0 0 0 0 0 0 0 0 0 
1 0.799313 0.511944 0.212154 0.0381215 0.00156855 1.065e-05 0 0 0 0 0 0 0 0 0 0 0 0 0 
1 0.799783 0.512849 0.21296 0.0384297 0.00158345 8.875e-06 0 0 0 0 0 0 0 0 0 0 0 0 0 
1 0.800327 0.513823 0.213769 0.0387124 0.00159975 7.725e-06 0 0 0 0 0 0 0 0 0 0 0 0 0 
1 0.801014 0.515027 0.215099 0.0392453 0.00166498 1.065e-05 0 0 0 0 0 0 0 0 0 0 0 0 0 
1 0.799741 0.512224 0.212278 0.0381184 0.00156945 8.275e-06 0 0 0 0 0 0 0 0 0 0 0 0 0 
1 0.799841 0.512403 0.212318 0.0382256 0.00157783 1.1725e-05 0 0 0 0 0 0 0 0 0 0 0 0 0 
1 0.799594 0.511958 0.211766 0.0378336 0.00153063 1.0075e-05 1e-07 0 0 0 0 0 0 0 0 0 0 0 0 
1 0.799605 0.512392 0.212589 0.0384456 0.00159128 1.345e-05 0 0 0 0 0 0 0 0 0 0 0 0 0 
1 0.800061 0.512771 0.21273 0.0384648 0.00159778 9.575e-06 0 0 0 0 0 0 0 0 0 0 0 0 0 
1 0.799572 0.512018 0.212117 0.0380981 0.0015778 7.825e-06 1e-07 0 0 0 0 0 0 0 0 0 0 0 0 
1 0.800802 0.514533 0.214493 0.038897 0.00157973 8.775e-06 0 0 0 0 0 0 0 0 0 0 0 0 0 
1 0.79973 0.512461 0.212337 0.0381697 0.00154938 1e-05 0 0 0 0 0 0 0 0 0 0 0 0 0 
1 0.800486 0.514188 0.213939 0.0387982 0.0015819 1.07e-05 2.25e-07 0 0 0 0 0 0 0 0 0 0 0 0 
1 0.800111 0.51357 0.213739 0.03884 0.00162523 1.13e-05 7.5e-08 0 0 0 0 0 0 0 0 0 0 0 0 
1 0.80003 0.513105 0.212905 0.0383804 0.0015519 9.6e-06 0 0 0 0 0 0 0 0 0 0 0 0 0 
1 0.800046 0.512599 0.212511 0.038332 0.00154738 1.065e-05 2.5e-08 0 0 0 0 0 0 0 0 0 0 0 0 
1 0.800774 0.514632 0.21445 0.0389387 0.00160543 1.1425e-05 1.75e-07 0 0 0 0 0 0 0 0 0 0 0 0 
1 0.800243 0.513568 0.213733 0.0387174 0.00159395 9.45e-06 0 0 0 0 0 0 0 0 0 0 0 0 0 
1 0.799718 0.512383 0.212357 0.0382435 0.00153608 9.45e-06 5e-08 0 0 0 0 0 0 0 0 0 0 0 0 
1 0.800262 0.513282 0.21315 0.0384414 0.00154723 9.1e-06 0 0 0 0 0 0 0 0 0 0 0 0 0 
1 0.799915 0.512641 0.212666 0.0383831 0.00156788 1.1475e-05 0 0 0 0 0 0 0 0 0 0 0 0 0 
1 0.799952 0.512911 0.212972 0.0384391 0.00158953 1.21e-05 0 0 0 0 0 0 0 0 0 0 0 0 0 
1 0.799547 0.511915 0.211859 0.0380731 0.00155273 8.175e-06 0 0 0 0 0 0 0 0 0 0 0 0 0 
1 0.800497 0.513697 0.213562 0.0386894 0.00158953 1.1425e-05 0 0 0 0 0 0 0 0 0 0 0 0 0 
1 0.800146 0.513347 0.213077 0.0385005 0.0015752 9.475e-06 0 0 0 0 0 0 0 0 0 0 0 0 0 
1 0.799975 0.513186 0.213177 0.038332 0.0015732 1.0925e-05 0 0 0 0 0 0 0 0 0 0 0 0 0 
1 0.799206 0.511623 0.211638 0.0378482 0.00152563 1.21e-05 1.75e-07 0 0 0 0 0 0 0 0 0 0 0 0 
1 0.799708 0.512501 0.212525 0.038105 0.00154315 9.925e-06 2.5e-08 0 0 0 0 0 0 0 0 0 0 0 0 
1 0.799431 0.511782 0.211982 0.0380506 0.001541 1.015e-05 1.25e-07 0 0 0 0 0 0 0 0 0 0 0 0 
1 0.79989 0.512893 0.212619 0.0381829 0.00152793 9.025e-06 1.75e-07 0 0 0 0 0 0 0 0 0 0 0 0 
1 0.799497 0.511799 0.21154 0.0379052 0.00154143 1.0175e-05 0 0 0 0 0 0 0 0 0 0 0 0 0 
1 0.79982 0.512648 0.21259 0.0383422 0.00156575 9.8e-06 2.5e-08 0 0 0 0 0 0 0 0 0 0 0 0 
1 0.800274 0.513457 0.213501 0.0386559 0.00156453 9.925e-06 0 0 0 0 0 0 0 0 0 0 0 0 0 
1 0.800418 0.513657 0.213481 0.0386218 0.00157145 1.0325e-05 7.5e-08 0 0 0 0 0 0 0 0 0 0 0 0 
1 0.800227 0.513446 0.213467 0.0384059 0.00157638 1.02e-05 0 0 0 0 0 0 0 0 0 0 0 0 0 
1 0.800398 0.513659 0.213801 0.0387805 0.0016172 1.1125e-05 0 0 0 0 0 0 0 0 0 0 0 0 0 
1 0.800034 0.513522 0.213735 0.0388273 0.0015935 9.725e-06 0 0 0 0 0 0 0 0 0 0 0 0 0 
1 0.799461 0.511627 0.211465 0.0378858 0.00151665 1.125e-05 0 0 0 0 0 0 0 0 0 0 0 0 0 
1 0.799721 0.512298 0.21217 0.0381368 0.00154153 9.55e-06 0 0 0 0 0 0 0 0 0 0 0 0 0 
1 0.800373 0.513817 0.213825 0.0386354 0.00159998 9.725e-06 0 0 0 0 0 0 0 0 0 0 0 0 0 
1 0.799736 0.512618 0.212687 0.0384136 0.00156885 1.11e-05 0 0 0 0 0 0 0 0 0 0 0 0 0 
1 0.799889 0.512818 0.212545 0.0382127 0.00157783 1.335e-05 0 0 0 0 0 0 0 0 0 0 0 0 0 
1 0.79981 0.512635 0.212844 0.0383311 0.0015395 1.0575e-05 0 0 0 0 0 0 0 0 0 0 0 0 0 
1 0.799338 0.511729 0.211825 0.0380434 0.001555 1.05e-05 0 0 0 0 0 0 0 0 0 0 0 0 0 
1 0.800422 0.513854 0.213806 0.0386486 0.00159683 8.95e-06 0 0 0 0 0 0 0 0 0 0 0 0 0 
1 0.799693 0.512288 0.212358 0.0382174 0.001552 1.0225e-05 0 0 0 0 0 0 0 0 0 0 0 0 0 
1 0.79992 0.512965 0.212695 0.0383374 0.00157303 1.0975e-05 0 0 0 0 0 0 0 0 0 0 0 0 0 
1 0.800345 0.513564 0.21338 0.0384825 0.00156278 1.2325e-05 0 0 0 0 0 0 0 0 0 0 0 0 0 
1 0.800124 0.513395 0.213567 0.038515 0.00158985 1.3925e-05 0 0 0 0 0 0 0 0 0 0 0 0 0 
1 0.799396 0.51163 0.211573 0.0379375 0.0015097 9.7e-06 0 0 0 0 0 0 0 0 0 0 0 0 0 
1 0.799239 0.511271 0.211302 0.0378081 0.0015405 1.02e-05 1.5e-07 0 0 0 0 0 0 0 0 0 0 0 0 
1 0.800234 0.513055 0.212793 0.0381353 0.0015515 9.275e-06 0 0 0 0 0 0 0 0 0 0 0 0 0 
1 0.800465 0.513795 0.213699 0.0386013 0.00157735 1.095e-05 1e-07 0 0 0 0 0 0 0 0 0 0 0 0 
1 0.8 0.513238 0.213262 0.0385067 0.00154778 8.175e-06 0 0 0 0 0 0 0 0 0 0 0 0 0 
1 0.800134 0.513215 0.213323 0.0385292 0.00158115 1.165e-05 0 0 0 0 0 0 0 0 0 0 0 0 0 
1 0.799364 0.511928 0.211619 0.0378891 0.00152643 7.05e-06 0 0 0 0 0 0 0 0 0 0 0 0 0 
1 0.800054 0.513124 0.21302 0.0385028 0.00160353 1.0475e-05 1.25e-07 0 0 0 0 0 0 0 0 0 0 0 0 
1 0.800072 0.513292 0.213466 0.0386382 0.00161348 9.825e-06 0 0 0 0 0 0 0 0 0 0 0 0 0 
1 0.80051 0.513909 0.213711 0.0386254 0.00160293 1.0275e-05 0 0 0 0 0 0 0 0 0 0 0 0 0 
1 0.800182 0.513571 0.213902 0.0388262 0.00162413 1.025e-05 0 0 0 0 0 0 0 0 0 0 0 0 0 
1 0.799933 0.512848 0.212859 0.0384236 0.00153248 9.725e-06 0 0 0 0 0 0 0 0 0 0 0 0 0 
1 0.800156 0.513269 0.213215 0.0385167 0.00156678 1.17e-05 0 0 0 0 0 0 0 0 0 0 0 0 0 
1 0.799728 0.512359 0.212178 0.0379297 0.00154935 1.0425e-05 0 0 0 0 0 0 0 0 0 0 0 0 0 
1 0.799513 0.512197 0.212141 0.0381704 0.0015581 9.325e-06 0 0 0 0 0 0 0 0 0 0 0 0 0 
1 0.80014 0.513342 0.213302 0.038571 0.00159628 1.02e-05 0 0 0 0 0 0 0 0 0 0 0 0 0 
1 0.799784 0.512707 0.212656 0.038296 0.00156635 8.95e-06 2.5e-08 0 0 0 0 0 0 0 0 0 0 0 0 
1 0.799706 0.512447 0.212497 0.0383469 0.00161713 1.3025e-05 2.5e-08 0 0 0 0 0 0 0 0 0 0 0 0 
1 0.799655 0.512558 0.212515 0.0382742 0.00158638 9.225e-06 0 0 0 0 0 0 0 0 0 0 0 0 0 
1 0.801013 0.514689 0.21458 0.0390275 0.0016113 1.0625e-05 0 0 0 0 0 0 0 0 0 0 0 0 0 
1 0.799574 0.512419 0.212598 0.0381622 0.0015581 9.975e-06 1.5e-07 0 0 0 0 0 0 0 0 0 0 0 0 
1 0.80064 0.51438 0.214334 0.0389002 0.00158688 1.185e-05 0 0 0 0 0 0 0 0 0 0 0 0 0 
1 0.799641 0.512417 0.212544 0.0382481 0.0015504 8.875e-06 2.5e-08 0 0 0 0 0 0 0 0 0 0 0 0 
1 0.7999 0.512958 0.21289 0.0383087 0.00155923 1.17e-05 7.5e-08 0 0 0 0 0 0 0 0 0 0 0 0 
1 0.799891 0.512894 0.21275 0.0381615 0.00154085 1.0925e-05 5e-08 0 0 0 0 0 0 0 0 0 0 0 0 
1 0.800246 0.513068 0.213082 0.0384843 0.00157205 1.0325e-05 1.5e-07 0 0 0 0 0 0 0 0 0 0 0 0 
1 0.800113 0.513181 0.213108 0.0384257 0.00156835 1.1475e-05 2.25e-07 0 0 0 0 0 0 0 0 0 0 0 0 
1 0.80013 0.513267 0.213284 0.0385449 0.00159263 1.2925e-05 0 0 0 0 0 0 0 0 0 0 0 0 0 
1 0.799701 0.512295 0.212087 0.0379321 0.00149798 1.1425e-05 0 0 0 0 0 0 0 0 0 0 0 0 0 
1 0.80044 0.51359 0.213666 0.0388499 0.00160998 1.0225e-05 0 0 0 0 0 0 0 0 0 0 0 0 0 
1 0.799299 0.511439 0.211569 0.0378153 0.00154598 7.275e-06 0 0 0 0 0 0 0 0 0 0 0 0 0 
1 0.800615 0.514124 0.214117 0.0389149 0.00158605 7.725e-06 0 0 0 0 0 0 0 0 0 0 0 0 0 
1 0.800235 0.513658 0.21368 0.0386918 0.00159035 1.1225e-05 2.5e-08 0 0 0 0 0 0 0 0 0 0 0 0 
1 0.800309 0.513599 0.213681 0.0387614 0.00161928 1.0375e-05 0 0 0 0 0 0 0 0 0 0 0 0 0 
1 0.800255 0.513288 0.213199 0.03862 0.00160945 9.675e-06 0 0 0 0 0 0 0 0 0 0 0 0 0 
1 0.799675 0.512285 0.212014 0.0380673 0.0015342 9.8e-06 7.5e-08 0 0 0 0 0 0 0 0 0 0 0 0 
1 0.799636 0.512257 0.212254 0.0381365 0.0015276 9.6e-06 2.5e-08 0 0 0 0 0 0 0 0 0 0 0 0 
1 0.799467 0.511936 0.211787 0.0379618 0.00150293 1.13e-05 0 0 0 0 0 0 0 0 0 0 0 0 0 
1 0.799949 0.512833 0.212664 0.0382386 0.0015621 8.2e-06 2.5e-08 0 0 0 0 0 0 0 0 0 0 0 0 
1 0.800402 0.514024 0.214152 0.0389884 0.00162148 1.17e-05 2.25e-07 0 0 0 0 0 0 0 0 0 0 0 0 
1 0.79996 0.512675 0.212497 0.0382379 0.00155413 1.05e-05 1.5e-07 0 0 0 0 0 0 0 0 0 0 0 0 
1 0.800289 0.513718 0.213632 0.038541 0.00155138 9.95e-06 0 0 0 0 0 0 0 0 0 0 0 0 0 
1 0.800374 0.513639 0.21358 0.0386068 0.00162553 9.675e-06 0 0 0 0 0 0 0 0 0 0 0 0 0 
1 0.799817 0.512564 0.212364 0.0381086 0.00157825 8.4e-06 5e-08 0 0 0 0 0 0 0 0 0 0 0 0 
1 0.799979 0.512591 0.212307 0.0380508 0.00153845 1.31e-05 0 0 0 0 0 0 0 0 0 0 0 0 0 
1 0.800251 0.513759 0.213549 0.0386657 0.00158718 9.5e-06 0 0 0 0 0 0 0 0 0 0 0 0 0 
1 0.799769 0.512307 0.212285 0.0382406 0.00157135 9.65e-06 0 0 0 0 0 0 0 0 0 0 0 0 0 
1 0.799533 0.512316 0.212328 0.0382853 0.001577 1.185e-05 0 0 0 0 0 0 0 0 0 0 0 0 0 
1 0.799348 0.511977 0.212282 0.0382419 0.00154295 1.11e-05 7.5e-08 0 0 0 0 0 0 0 0 0 0 0 0 
1 0.799466 0.51199 0.211885 0.0379858 0.00154533 9.225e-06 0 0 0 0 0 0 0 0 0 0 0 0 0 
1 0.800419 0.51387 0.214256 0.0389296 0.0016286 1.0525e-05 0 0 0 0 0 0 0 0 0 0 0 0 0 
1 0.800246 0.513394 0.213099 0.0384213 0.00159615 1.025e-05 0 0 0 0 0 0 0 0 0 0 0 0 0 
1 0.799839 0.512781 0.212618 0.0382501 0.00156175 1.12e-05 0 0 0 0 0 0 0 0 0 0 0 0 0 
1 0.800185 0.513215 0.213037 0.0384257 0.0015907 1.025e-05 0 0 0 0 0 0 0 0 0 0 0 0 0 
1 0.80015 0.513218 0.213177 0.0385447 0.00161158 1.205e-05 0 0 0 0 0 0 0 0 0 0 0 0 0 
1 0.799743 0.512815 0.212668 0.0383106 0.00154063 9.325e-06 2.5e-07 0 0 0 0 0 0 0 0 0 0 0 0 
1 0.799778 0.512427 0.212335 0.038033 0.00153868 9.15e-06 0 0 0 0 0 0 0 0 0 0 0 0 0 
1 0.800036 0.512771 0.212577 0.0380792 0.00154505 1.105e-05 0 0 0 0 0 0 0 0 0 0 0 0 0 
1 0.800137 0.5135 0.213524 0.0387079 0.00157063 9.35e-06 0 0 0 0 0 0 0 0 0 0 0 0 0 
1 0.799484 0.512128 0.212214 0.0381161 0.00155293 9.15e-06 0 0 0 0 0 0 0 0 0 0 0 0 0 
1 0.800106 0.513257 0.213369 0.0386519 0.00158448 9.45e-06 0 0 0 0 0 0 0 0 0 0 0 0 0 
1 0.800531 0.514396 0.214503 0.038988 0.0015946 9.15e-06 0 0 0 0 0 0 0 0 0 0 0 0 0 
1 0.800747 0.514298 0.214065 0.0388605 0.0016251 1.12e-05 0 0 0 0 0 0 0 0 0 0 0 0 0 
1 0.800053 0.513079 0.212973 0.03843 0.00156098 1.05e-05 2.5e-07 0 0 0 0 0 0 0 0 0 0 0 0 
1 0.799962 0.512489 0.212501 0.0382019 0.00153993 1.04e-05 0 0 0 0 0 0 0 0 0 0 0 0 0 
1 0.80106 0.515433 0.21539 0.0394711 0.00165905 1.11e-05 0 0 0 0 0 0 0 0 0 0 0 0 0 
1 0.800408 0.513697 0.213623 0.0387253 0.00159293 1.165e-05 0 0 0 0 0 0 0 0 0 0 0 0 0 
1 0.800403 0.513602 0.213391 0.0384804 0.0015746 1.0725e-05 2.75e-07 0 0 0 0 0 0 0 0 0 0 0 0 
1 0.800844 0.514689 0.21454 0.0390413 0.00164278 1.0825e-05 0 0 0 0 0 0 0 0 0 0 0 0 0 
1 0.799974 0.512981 0.213034 0.038387 0.00156398 1.1175e-05 2.5e-08 0 0 0 0 0 0 0 0 0 0 0 0 
1 0.800075 0.513264 0.213124 0.0386956 0.00161738 8.175e-06 0 0 0 0 0 0 0 0 0 0 0 0 0 
1 0.799357 0.511703 0.211455 0.0379727 0.00151618 9.075e-06 0 0 0 0 0 0 0 0 0 0 0 0 0 
1 0.799811 0.512835 0.212893 0.0384516 0.0015562 1.2325e-05 1.75e-07 0 0 0 0 0 0 0 0 0 0 0 0 
1 0.799913 0.512915 0.212762 0.0384327 0.00157913 1.08e-05 5e-08 0 0 0 0 0 0 0 0 0 0 0 0 
1 0.79921 0.511416 0.211557 0.0379796 0.00151663 1.055e-05 2.5e-08 0 0 0 0 0 0 0 0 0 0 0 0 
1 0.80056 0.513915 0.213963 0.0387429 0.00161728 1.175e-05 0 0 0 0 0 0 0 0 0 0 0 0 0 
1 0.799649 0.512583 0.212514 0.0382918 0.00152893 1.31e-05 3e-07 0 0 0 0 0 0 0 0 0 0 0 0 
1 0.799268 0.511604 0.212123 0.0382054 0.0015518 9.9e-06 0 0 0 0 0 0 0 0 0 0 0 0 0 
1 0.800126 0.51319 0.213206 0.038419 0.00156178 1.19e-05 0 0 0 0 0 0 0 0 0 0 0 0 0 
1 0.799649 0.512391 0.212744 0.0384552 0.00160638 7.75e-06 0 0 0 0 0 0 0 0 0 0 0 0 0 
1 0.799857 0.512725 0.21268 0.0383217 0.00158925 1.04e-05 1.5e-07 0 0 0 0 0 0 0 0 0 0 0 0 
1 0.799986 0.513167 0.213205 0.0384791 0.00157303 1.3425e-05 2.5e-08 0 0 0 0 0 0 0 0 0 0 0 0 
1 0.799746 0.512398 0.212454 0.0383173 0.00157983 1.38e-05 1.75e-07 0 0 0 0 0 0 0 0 0 0 0 0 
1 0.800879 0.514342 0.214224 0.0388032 0.001605 1.0925e-05 3e-07 0 0 0 0 0 0 0 0 0 0 0 0 
1 0.800118 0.513173 0.213091 0.0384778 0.0015791 1.06e-05 2.5e-08 0 0 0 0 0 0 0 0 0 0 0 0 
1 0.799193 0.51162 0.211625 0.037818 0.0015029 8.425e-06 5e-08 0 0 0 0 0 0 0 0 0 0 0 0 
1 0.799923 0.512906 0.212887 0.0384821 0.00155803 8.65e-06 0 0 0 0 0 0 0 0 0 0 0 0 0 
1 0.800188 0.513263 0.213146 0.0384587 0.00158553 1.075e-05 0 0 0 0 0 0 0 0 0 0 0 0 0 
1 0.800341 0.513676 0.213706 0.0387555 0.00159005 1.16e-05 0 0 0 0 0 0 0 0 0 0 0 0 0 
1 0.800303 0.513921 0.213961 0.0388638 0.00160328 1.0025e-05 2.75e-07 0 0 0 0 0 0 0 0 0 0 0 0 
1 0.800095 0.512939 0.212821 0.0382687 0.00155175 1.135e-05 0 0 0 0 0 0 0 0 0 0 0 0 0 
1 0.799838 0.512619 0.212739 0.0383812 0.0015653 9.475e-06 2.5e-08 0 0 0 0 0 0 0 0 0 0 0 0 
1 0.799913 0.5127 0.21275 0.0382514 0.0015787 8.725e-06 0 0 0 0 0 0 0 0 0 0 0 0 0 
1 0.80004 0.51318 0.213232 0.0384822 0.00159255 1.2575e-05 7.5e-08 0 0 0 0 0 0 0 0 0 0 0 0 
1 0.800174 0.513157 0.21313 0.0385251 0.0015754 1.1225e-05 0 0 0 0 0 0 0 0 0 0 0 0 0 
1 0.799621 0.512398 0.212166 0.0381286 0.00156923 1.07e-05 0 0 0 0 0 0 0 0 0 0 0 0 0 
1 0.799221 0.51132 0.211337 0.0378887 0.0015436 1.045e-05 0 0 0 0 0 0 0 0 0 0 0 0 0 
1 0.799735 0.512408 0.212314 0.0381039 0.00154263 7.5e-06 0 0 0 0 0 0 0 0 0 0 0 0 0 
1 0.800375 0.513456 0.213311 0.0386288 0.0015871 1.0775e-05 1e-07 0 0 0 0 0 0 0 0 0 0 0 0 
1 0.799911 0.512752 0.212603 0.0382786 0.0015716 1.0075e-05 4.25e-07 0 0 0 0 0 0 0 0 0 0 0 0 
1 0.800001 0.513056 0.213124 0.0386036 0.00160653 1.0575e-05 0 0 0 0 0 0 0 0 0 0 0 0 0 
1 0.80004 0.513349 0.213165 0.0383656 0.00157218 1.155e-05 0 0 0 0 0 0 0 0 0 0 0 0 0 
1 0.800336 0.513739 0.213736 0.0385692 0.00156683 1.1825e-05 0 0 0 0 0 0 0 0 0 0 0 0 0 
1 0.800212 0.513482 0.213769 0.0388064 0.00159275 9.25e-06 0 0 0 0 0 0 0 0 0 0 0 0 0 
1 0.800251 0.513581 0.213448 0.0385453 0.0015834 1.055e-05 0 0 0 0 0 0 0 0 0 0 0 0 0 
1 0.800048 0.51281 0.212953 0.0385191 0.00159015 1.0425e-05 2e-07 0 0 0 0 0 0 0 0 0 0 0 0 
1 0.799879 0.512838 0.212845 0.0384982 0.00159128 1.1275e-05 5e-08 0 0 0 0 0 0 0 0 0 0 0 0 
1 0.800029 0.513254 0.21343 0.038545 0.0015727 9.9e-06 0 0 0 0 0 0 0 0 0 0 0 0 0 
1 0.800199 0.51316 0.212897 0.0384953 0.00159628 1.1125e-05 0 0 0 0 0 0 0 0 0 0 0 0 0 
1 0.800036 0.512889 0.212801 0.0381854 0.0015142 9.225e-06 0 0 0 0 0 0 0 0 0 0 0 0 0 
1 0.800009 0.513118 0.213362 0.0386084 0.00158118 8.125e-06 0 0 0 0 0 0 0 0 0 0 0 0 0 
1 0.799781 0.512476 0.212431 0.0383097 0.00157378 1.0425e-05 7.5e-08 0 0 0 0 0 0 0 0 0 0 0 0 
1 0.799652 0.512295 0.212214 0.0382443 0.00157673 1.2175e-05 0 0 0 0 0 0 0 0 0 0 0 0 0 
1 0.800043 0.512944 0.212836 0.0382727 0.0015306 1.24e-05 0 0 0 0 0 0 0 0 0 0 0 0 0 
1 0.800182 0.513076 0.212977 0.0383478 0.00156908 1.2475e-05 5e-08 0 0 0 0 0 0 0 0 0 0 0 0 
1 0.799693 0.512332 0.211892 0.0379045 0.00149943 9.825e-06 2e-07 0 0 0 0 0 0 0 0 0 0 0 0 
1 0.800207 0.513636 0.213434 0.0386054 0.00158648 1e-05 0 0 0 0 0 0 0 0 0 0 0 0 0 
1 0.80002 0.512984 0.213091 0.0385453 0.0016089 1.2825e-05 2.5e-08 0 0 0 0 0 0 0 0 0 0 0 0 
1 0.800371 0.513676 0.213682 0.0386554 0.00159753 9.85e-06 0 0 0 0 0 0 0 0 0 0 0 0 0 
1 0.800138 0.513163 0.213031 0.0382949 0.00154155 1.0375e-05 7.5e-08 0 0 0 0 0 0 0 0 0 0 0 0 
1 0.799593 0.511882 0.212018 0.0381741 0.00157148 1.2675e-05 5e-08 0 0 0 0 0 0 0 0 0 0 0 0 
1 0.800226 0.513428 0.213307 0.038521 0.00159848 1.0925e-05 0 0 0 0 0 0 0 0 0 0 0 0 0 
1 0.799655 0.512347 0.212423 0.0382295 0.0015653 1.1125e-05 5e-08 0 0 0 0 0 0 0 0 0 0 0 0 
1 0.800389 0.513776 0.21371 0.0387104 0.0015846 1.295e-05 2.5e-08 0 0 0 0 0 0 0 0 0 0 0 0 
1 0.800164 0.513673 0.213523 0.0385659 0.00155093 1.22e-05 2.5e-08 0 0 0 0 0 0 0 0 0 0 0 0 
1 0.800528 0.514117 0.213952 0.0387018 0.0015896 9.275e-06 2.5e-08 0 0 0 0 0 0 0 0 0 0 0 0 
1 0.80018 0.512829 0.212865 0.0384377 0.00154573 1.0325e-05 0 0 0 0 0 0 0 0 0 0 0 0 0 
1 0.799867 0.512915 0.213151 0.0385442 0.00156628 1.1675e-05 0 0 0 0 0 0 0 0 0 0 0 0 0 
1 0.800135 0.513106 0.213324 0.0386231 0.0015972 7.725e-06 0 0 0 0 0 0 0 0 0 0 0 0 0 
1 0.800028 0.513178 0.213104 0.0383657 0.00159643 1.255e-05 0 0 0 0 0 0 0 0 0 0 0 0 0 
1 0.799831 0.512476 0.212168 0.0380461 0.00154183 1.01e-05 0 0 0 0 0 0 0 0 0 0 0 0 0 
1 0.800307 0.513578 0.213523 0.0386186 0.00156805 1.3875e-05 0 0 0 0 0 0 0 0 0 0 0 0 0 
1 0.800067 0.512873 0.212857 0.038343 0.00158705 1.2475e-05 1.25e-07 0 0 0 0 0 0 0 0 0 0 0 0 
1 0.80023 0.513204 0.213093 0.0384921 0.00154983 1.1425e-05 0 0 0 0 0 0 0 0 0 0 0 0 0 
1 0.800562 0.51389 0.213703 0.0385728 0.00158843 1.0375e-05 2.5e-08 0 0 0 0 0 0 0 0 0 0 0 0 
1 0.799575 0.512429 0.21237 0.0381015 0.00156773 1.05e-05 0 0 0 0 0 0 0 0 0 0 0 0 0 
1 0.800958 0.515133 0.215093 0.0391555 0.00162363 1.16e-05 1e-07 0 0 0 0 0 0 0 0 0 0 0 0 
1 0.799785 0.512706 0.212628 0.038281 0.0015672 9.65e-06 5e-08 0 0 0 0 0 0 0 0 0 0 0 0 
1 0.800462 0.514135 0.213938 0.038808 0.00160913 9e-06 0 0 0 0 0 0 0 0 0 0 0 0 0 
1 0.800543 0.513989 0.2139 0.0386933 0.00161643 1.125e-05 0 0 0 0 0 0 0 0 0 0 0 0 0 
1 0.800273 0.513547 0.213688 0.0386408 0.00156898 9.375e-06 0 0 0 0 0 0 0 0 0 0 0 0 0 
1 0.799455 0.512013 0.211839 0.0380317 0.0015346 9.25e-06 0 0 0 0 0 0 0 0 0 0 0 0 0 
1 0.799901 0.513026 0.213442 0.0387101 0.00163383 9.925e-06 0 0 0 0 0 0 0 0 0 0 0 0 0 
1 0.799618 0.512066 0.211874 0.0379513 0.00155755 7.475e-06 1e-07 0 0 0 0 0 0 0 0 0 0 0 0 
1 0.800222 0.513638 0.213631 0.0388027 0.00162108 1.3325e-05 0 0 0 0 0 0 0 0 0 0 0 0 0 
1 0.799111 0.511179 0.211147 0.0376952 0.0015258 8.95e-06 1.5e-07 0 0 0 0 0 0 0 0 0 0 0 0 
1 0.799558 0.512024 0.211793 0.0379611 0.001532 9.625e-06 2.5e-08 0 0 0 0 0 0 0 0 0 0 0 0 
1 0.799893 0.512843 0.212607 0.0382264 0.00157558 9.975e-06 0 0 0 0 0 0 0 0 0 0 0 0 0 
1 0.80018 0.513381 0.213407 0.0386131 0.00162108 1.2875e-05 2.5e-08 0 0 0 0 0 0 0 0 0 0 0 0 
1 0.799547 0.511844 0.211804 0.0380759 0.0015108 1.2525e-05 2.5e-07 0 0 0 0 0 0 0 0 0 0 0 0 
1 0.799824 0.512635 0.212632 0.0382677 0.00155168 1.23e-05 7.5e-08 0 0 0 0 0 0 0 0 0 0 0 0 
1 0.799996 0.513026 0.212829 0.0383443 0.00158255 1.0825e-05 0 0 0 0 0 0 0 0 0 0 0 0 0 
1 0.800218 0.513232 0.213112 0.0384044 0.00155885 9.7e-06 0 0 0 0 0 0 0 0 0 0 0 0 0 
1 0.800384 0.513876 0.213753 0.0386719 0.0015977 1.05e-05 0 0 0 0 0 0 0 0 0 0 0 0 0 
1 0.800461 0.513983 0.213919 0.0388023 0.00161768 1.1175e-05 1.5e-07 0 0 0 0 0 0 0 0 0 0 0 0 
1 0.79967 0.512076 0.211989 0.0381144 0.00151473 1.055e-05 0 0 0 0 0 0 0 0 0 0 0 0 0 
1 0.800437 0.514029 0.213895 0.0388472 0.0016118 1.06e-05 0 0 0 0 0 0 0 0 0 0 0 0 0 
1 0.80053 0.514112 0.213777 0.0386697 0.00157218 8.2e-06 0 0 0 0 0 0 0 0 0 0 0 0 0 
1 0.800257 0.513376 0.213158 0.0383849 0.0015682 1.2125e-05 0 0 0 0 0 0 0 0 0 0 0 0 0 
1 0.80022 0.513532 0.213443 0.0385893 0.00159105 1.04e-05 0 0 0 0 0 0 0 0 0 0 0 0 0 
1 0.799406 0.511788 0.211615 0.037782 0.00149235 9.625e-06 0 0 0 0 0 0 0 0 0 0 0 0 0 
1 0.799899 0.512734 0.212787 0.0383731 0.0015811 1.0625e-05 0 0 0 0 0 0 0 0 0 0 0 0 0 
1 0.799909 0.513434 0.213439 0.0386034 0.00159075 1.0375e-05 0 0 0 0 0 0 0 0 0 0 0 0 0 
1 0.800485 0.513622 0.213648 0.038647 0.00159333 9.525e-06 0 0 0 0 0 0 0 0 0 0 0 0 0 
1 0.799697 0.512412 0.212516 0.0382274 0.00154103 1.1575e-05 0 0 0 0 0 0 0 0 0 0 0 0 0 
1 0.799778 0.512706 0.21292 0.038352 0.0015418 1.08e-05 0 0 0 0 0 0 0 0 0 0 0 0 0 
1 0.800439 0.514185 0.214246 0.03882 0.00161615 9.05e-06 0 0 0 0 0 0 0 0 0 0 0 0 0 
1 0.799595 0.512131 0.2121 0.0380168 0.00151545 8.5e-06 3.25e-07 0 0 0 0 0 0 0 0 0 0 0 0 
1 0.799923 0.512856 0.212758 0.0383495 0.00157063 9.2e-06 0 0 0 0 0 0 0 0 0 0 0 0 0 
1 0.799921 0.512673 0.212698 0.0383275 0.00157993 1.0075e-05 0 0 0 0 0 0 0 0 0 0 0 0 0 
1 0.800152 0.513159 0.213079 0.0386831 0.0016083 1.1725e-05 0 0 0 0 0 0 0 0 0 0 0 0 0 
1 0.799154 0.511049 0.21115 0.0378333 0.0015595 1.04e-05 5e-08 0 0 0 0 0 0 0 0 0 0 0 0 
1 0.799578 0.512143 0.21206 0.0379728 0.00152213 1.1e-05 4.5e-07 0 0 0 0 0 0 0 0 0 0 0 0 
1 0.799727 0.512072 0.212085 0.0381306 0.00155203 8.625e-06 0 0 0 0 0 0 0 0 0 0 0 0 0 
1 0.79991 0.512807 0.212815 0.0382659 0.0015623 9.9e-06 0 0 0 0 0 0 0 0 0 0 0 0 0 
1 0.800169 0.513368 0.213228 0.038335 0.0015601 8.9e-06 0 0 0 0 0 0 0 0 0 0 0 0 0 
1 0.800502 0.51368 0.213542 0.0385602 0.0015657 8.75e-06 0 0 0 0 0 0 0 0 0 0 0 0 0 
1 0.799758 0.512407 0.212284 0.0383049 0.00156925 9.95e-06 4.5e-07 0 0 0 0 0 0 0 0 0 0 0 0 
1 0.800465 0.513861 0.214045 0.0389214 0.00162365 1.05e-05 5e-08 0 0 0 0 0 0 0 0 0 0 0 0 
1 0.799811 0.512486 0.212478 0.0382241 0.00152888 9.475e-06 0 0 0 0 0 0 0 0 0 0 0 0 0 
1 0.799458 0.512101 0.212355 0.0382952 0.00158075 1.1e-05 5e-08 0 0 0 0 0 0 0 0 0 0 0 0 
1 0.800099 0.513081 0.213021 0.0384342 0.00158528 1.13e-05 7.5e-08 0 0 0 0 0 0 0 0 0 0 0 0 
1 0.800321 0.51356 0.213425 0.038541 0.00158848 1.1125e-05 0 0 0 0 0 0 0 0 0 0 0 0 0 
1 0.800187 0.513098 0.213119 0.0383841 0.00159073 1.145e-05 0 0 0 0 0 0 0 0 0 0 0 0 0 
1 0.799916 0.512658 0.212707 0.0382386 0.00156863 1.055e-05 0 0 0 0 0 0 0 0 0 0 0 0 0 
1 0.800956 0.514532 0.214352 0.0389389 0.00162768 1.095e-05 0 0 0 0 0 0 0 0 0 0 0 0 0 
1 0.799677 0.51235 0.212112 0.0379818 0.00153513 1.105e-05 0 0 0 0 0 0 0 0 0 0 0 0 0 
1 0.799449 0.511875 0.211715 0.037876 0.00152765 7.6e-06 0 0 0 0 0 0 0 0 0 0 0 0 0 
1 0.799914 0.512695 0.212624 0.0382746 0.0015754 1.1425e-05 1e-07 0 0 0 0 0 0 0 0 0 0 0 0 
1 0.800157 0.513166 0.213194 0.0386444 0.0015665 1.0875e-05 1e-07 0 0 0 0 0 0 0 0 0 0 0 0 
1 0.79941 0.512008 0.212319 0.0382973 0.00157488 1.17e-05 0 0 0 0 0 0 0 0 0 0 0 0 0 
1 0.800068 0.513264 0.213274 0.0385625 0.00156625 1.0375e-05 0 0 0 0 0 0 0 0 0 0 0 0 0 
1 0.799888 0.512506 0.212471 0.0381875 0.00153518 8.75e-06 0 0 0 0 0 0 0 0 0 0 0 0 0 
1 0.799795 0.512893 0.212786 0.0383304 0.0015643 1.04e-05 0 0 0 0 0 0 0 0 0 0 0 0 0 
1 0.799955 0.513008 0.213137 0.0384079 0.00158385 1.09e-05 0 0 0 0 0 0 0 0 0 0 0 0 0 
1 0.799569 0.512139 0.212084 0.0381601 0.00156625 9.175e-06 0 0 0 0 0 0 0 0 0 0 0 0 0 
1 0.799944 0.512673 0.21245 0.0382354 0.00156195 1.3e-05 0 0 0 0 0 0 0 0 0 0 0 0 0 
1 0.800497 0.514104 0.213829 0.0387298 0.00157183 1.1425e-05 0 0 0 0 0 0 0 0 0 0 0 0 0 
1 0.79967 0.512107 0.212036 0.0379873 0.00155275 9.775e-06 2.5e-08 0 0 0 0 0 0 0 0 0 0 0 0 
1 0.800026 0.513121 0.213425 0.0387509 0.0016213 1.48e-05 0 0 0 0 0 0 0 0 0 0 0 0 0 
1 0.799913 0.513015 0.212947 0.0383973 0.00157143 1.1475e-05 0 0 0 0 0 0 0 0 0 0 0 0 0 
1 0.799697 0.512589 0.21295 0.0385747 0.00158893 1.425e-05 4.5e-07 0 0 0 0 0 0 0 0 0 0 0 0 
1 0.801106 0.514971 0.214967 0.0393326 0.00162583 8.775e-06 0 0 0 0 0 0 0 0 0 0 0 0 0 
1 0.799573 0.512261 0.2123 0.0379678 0.00152428 8e-06 2.5e-08 0 0 0 0 0 0 0 0 0 0 0 0 
1 0.800025 0.512996 0.212689 0.0382333 0.001537 8.975e-06 1e-07 0 0 0 0 0 0 0 0 0 0 0 0 
1 0.799967 0.512883 0.212783 0.0383503 0.00159423 1.2075e-05 3e-07 0 0 0 0 0 0 0 0 0 0 0 0 
1 0.799775 0.512489 0.212538 0.0383331 0.00154035 1.015e-05 0 0 0 0 0 0 0 0 0 0 0 0 0 
1 0.800204 0.513384 0.212857 0.0383731 0.00158053 1.095e-05 0 0 0 0 0 0 0 0 0 0 0 0 0 
1 0.800422 0.513535 0.213114 0.0384927 0.00156633 9.85e-06 0 0 0 0 0 0 0 0 0 0 0 0 0 
1 0.800177 0.51341 0.213267 0.0385365 0.00161963 1.415e-05 2.75e-07 0 0 0 0 0 0 0 0 0 0 0 0 
1 0.800698 0.514459 0.214482 0.0389681 0.0016108 1.135e-05 0 0 0 0 0 0 0 0 0 0 0 0 0 
1 0.800202 0.513594 0.213512 0.0386669 0.00157285 1.1025e-05 1e-07 0 0 0 0 0 0 0 0 0 0 0 0 
1 0.799879 0.512563 0.212438 0.0381382 0.0015256 1e-05 0 0 0 0 0 0 0 0 0 0 0 0 0 
1 0.799375 0.511963 0.211844 0.0379674 0.00154375 9.925e-06 0 0 0 0 0 0 0 0 0 0 0 0 0 
1 0.800154 0.513334 0.213201 0.0384641 0.00158498 1.14e-05 1.5e-07 0 0 0 0 0 0 0 0 0 0 0 0 
1 0.800507 0.513862 0.213902 0.0387652 0.00159375 1.0775e-05 0 0 0 0 0 0 0 0 0 0 0 0 0 
1 0.800284 0.513334 0.213237 0.0385401 0.00157063 8.575e-06 0 0 0 0 0 0 0 0 0 0 0 0 0 
1 0.799609 0.512164 0.211967 0.0379471 0.00156078 8.125e-06 0 0 0 0 0 0 0 0 0 0 0 0 0 
1 0.799659 0.512259 0.212546 0.0382091 0.00157445 1.0775e-05 1.75e-07 0 0 0 0 0 0 0 0 0 0 0 0 
1 0.799982 0.512956 0.212654 0.0381748 0.0015409 1.05e-05 7.5e-08 0 0 0 0 0 0 0 0 0 0 0 0 
1 0.799476 0.5123 0.212157 0.0381782 0.00158335 9.05e-06 0 0 0 0 0 0 0 0 0 0 0 0 0 
1 0.799942 0.512984 0.21295 0.0385093 0.00156738 1.065e-05 0 0 0 0 0 0 0 0 0 0 0 0 0 
1 0.800462 0.513783 0.213569 0.0386249 0.0015959 9.7e-06 0 0 0 0 0 0 0 0 0 0 0 0 0 
1 0.800068 0.512903 0.21289 0.0384927 0.00159025 1.1575e-05 0 0 0 0 0 0 0 0 0 0 0 0 0 
1 0.799474 0.512102 0.211882 0.0379077 0.00149588 1.0175e-05 0 0 0 0 0 0 0 0 0 0 0 0 0 
1 0.799617 0.511963 0.211989 0.0380459 0.00156053 9.2e-06 0 0 0 0 0 0 0 0 0 0 0 0 0 
1 0.80046 0.513832 0.213572 0.0386953 0.00157013 9.25e-06 0 0 0 0 0 0 0 0 0 0 0 0 0 
1 0.800282 0.51358 0.213188 0.0385737 0.00159168 1.005e-05 4e-07 0 0 0 0 0 0 0 0 0 0 0 0 
1 0.799444 0.511947 0.211643 0.0378282 0.00153538 1.07e-05 0 0 0 0 0 0 0 0 0 0 0 0 0 
1 0.799794 0.5126 0.212398 0.0381094 0.00157035 1.07e-05 5e-08 0 0 0 0 0 0 0 0 0 0 0 0 
1 0.800252 0.513532 0.213447 0.0385615 0.00159678 1.1025e-05 0 0 0 0 0 0 0 0 0 0 0 0 0 
1 0.800432 0.513479 0.213195 0.0385352 0.00155033 7.85e-06 0 0 0 0 0 0 0 0 0 0 0 0 0 
1 0.79959 0.512318 0.212609 0.0383428 0.00156088 1.0525e-05 2.5e-08 0 0 0 0 0 0 0 0 0 0 0 0 
1 0.799578 0.512003 0.21201 0.0380642 0.00152653 7.575e-06 0 0 0 0 0 0 0 0 0 0 0 0 0 
1 0.799887 0.512937 0.212894 0.0383447 0.0015767 9.775e-06 0 0 0 0 0 0 0 0 0 0 0 0 0 
1 0.800081 0.513002 0.213272 0.0384938 0.00160555 1.2325e-05 1.5e-07 0 0 0 0 0 0 0 0 0 0 0 0 
1 0.800009 0.513121 0.213314 0.0386038 0.001591 1.0075e-05 5e-08 0 0 0 0 0 0 0 0 0 0 0 0 
1 0.800731 0.514758 0.214877 0.0390695 0.00160615 9.4e-06 0 0 0 0 0 0 0 0 0 0 0 0 0 
1 0.799902 0.512731 0.212882 0.0384565 0.00156558 9.95e-06 1.25e-07 0 0 0 0 0 0 0 0 0 0 0 0 
1 0.799448 0.512005 0.211966 0.038013 0.00155895 1.2225e-05 0 0 0 0 0 0 0 0 0 0 0 0 0 
1 0.799775 0.512211 0.212266 0.0381844 0.00154135 9.225e-06 4.25e-07 0 0 0 0 0 0 0 0 0 0 0 0 
1 0.799742 0.512201 0.211891 0.0379612 0.00154305 1.08e-05 0 0 0 0 0 0 0 0 0 0 0 0 0 
1 0.800568 0.514522 0.214475 0.038979 0.00162638 1.1575e-05 0 0 0 0 0 0 0 0 0 0 0 0 0 
1 0.799775 0.512815 0.213104 0.0384976 0.00159058 9.625e-06 0 0 0 0 0 0 0 0 0 0 0 0 0 
1 0.800021 0.51293 0.212749 0.0383798 0.00157715 1.0425e-05 0 0 0 0 0 0 0 0 0 0 0 0 0 
1 0.799587 0.511934 0.211582 0.0377364 0.00150528 1.1375e-05 2.5e-08 0 0 0 0 0 0 0 0 0 0 0 0 
1 0.800273 0.513329 0.213182 0.0385545 0.00157165 8.9e-06 2e-07 0 0 0 0 0 0 0 0 0 0 0 0 
1 0.799894 0.513182 0.213416 0.0385296 0.00156735 1.1e-05 0 0 0 0 0 0 0 0 0 0 0 0 0 
1 0.799468 0.512029 0.212212 0.0381724 0.00157828 1.0475e-05 0 0 0 0 0 0 0 0 0 0 0 0 0 
1 0.799867 0.512547 0.212403 0.0380052 0.00155288 1.07e-05 3.5e-07 0 0 0 0 0 0 0 0 0 0 0 0 
1 0.79944 0.51233 0.212535 0.0383406 0.00155748 8.65e-06 0 0 0 0 0 0 0 0 0 0 0 0 0 
1 0.799874 0.512557 0.212542 0.0383933 0.00161098 1.0625e-05 2.5e-08 0 0 0 0 0 0 0 0 0 0 0 0 
1 0.799907 0.512498 0.212381 0.0382833 0.00154248 9.175e-06 2.5e-08 0 0 0 0 0 0 0 0 0 0 0 0 
1 0.800336 0.513486 0.213575 0.0387096 0.00161373 1.125e-05 0 0 0 0 0 0 0 0 0 0 0 0 0 
1 0.800009 0.512858 0.212749 0.038256 0.00156543 1.1975e-05 2.75e-07 0 0 0 0 0 0 0 0 0 0 0 0 
1 0.800157 0.513054 0.212973 0.0385095 0.0015933 1.035e-05 0 0 0 0 0 0 0 0 0 0 0 0 0 
1 0.799402 0.511888 0.2119 0.037924 0.0015346 1.06e-05 0 0 0 0 0 0 0 0 0 0 0 0 0 
1 0.799791 0.512156 0.212055 0.0380218 0.00156093 1.0925e-05 5e-08 0 0 0 0 0 0 0 0 0 0 0 0 
1 0.80035 0.513782 0.213874 0.0387446 0.0015799 9.175e-06 0 0 0 0 0 0 0 0 0 0 0 0 0 
1 0.799655 0.51221 0.212417 0.0383307 0.00156775 7.2e-06 0 0 0 0 0 0 0 0 0 0 0 0 0 
1 0.799502 0.511855 0.211703 0.0380045 0.00153885 1.2125e-05 7.5e-08 0 0 0 0 0 0 0 0 0 0 0 0 
1 0.799892 0.513083 0.213052 0.0384337 0.0015688 1.31e-05 0 0 0 0 0 0 0 0 0 0 0 0 0 
1 0.800481 0.51381 0.213824 0.0387895 0.00163193 1.185e-05 0 0 0 0 0 0 0 0 0 0 0 0 0 
1 0.800285 0.513501 0.213404 0.038536 0.00156095 1.025e-05 0 0 0 0 0 0 0 0 0 0 0 0 0 
1 0.800416 0.514025 0.214077 0.038911 0.0016022 1.295e-05 3.75e-07 0 0 0 0 0 0 0 0 0 0 0 0 
1 0.800446 0.513758 0.213847 0.0387775 0.00161293 1.02e-05 0 0 0 0 0 0 0 0 0 0 0 0 0 
1 0.800423 0.513773 0.213625 0.0386876 0.00157838 1.1475e-05 0 0 0 0 0 0 0 0 0 0 0 0 0 
1 0.800007 0.512988 0.212698 0.0382651 0.00158043 8.425e-06 0 0 0 0 0 0 0 0 0 0 0 0 0 
1 0.800088 0.513266 0.213067 0.0382568 0.00156358 1.255e-05 0 0 0 0 0 0 0 0 0 0 0 0 0 
1 0.799728 0.512266 0.211872 0.0380333 0.00155673 1.2425e-05 2.5e-08 0 0 0 0 0 0 0 0 0 0 0 0 
1 0.800444 0.513857 0.213743 0.0387552 0.00159278 9.5e-06 0 0 0 0 0 0 0 0 0 0 0 0 0 
1 0.799808 0.512329 0.212083 0.0380564 0.0015687 7.675e-06 0 0 0 0 0 0 0 0 0 0 0 0 0 
1 0.799942 0.512619 0.212678 0.0382312 0.00157475 1.2925e-05 0 0 0 0 0 0 0 0 0 0 0 0 0 
1 0.799884 0.512742 0.212679 0.0383372 0.00155408 8.75e-06 0 0 0 0 0 0 0 0 0 0 0 0 0 
1 0.80009 0.513309 0.213418 0.038707 0.00162373 1.165e-05 1.5e-07 0 0 0 0 0 0 0 0 0 0 0 0 
1 0.799986 0.512889 0.212771 0.0382899 0.0015498 8.75e-06 0 0 0 0 0 0 0 0 0 0 0 0 0 
1 0.799559 0.511881 0.211947 0.0379846 0.00155428 1.2475e-05 7.5e-08 0 0 0 0 0 0 0 0 0 0 0 0 
1 0.800109 0.512866 0.212984 0.0383129 0.00156843 1.0675e-05 0 0 0 0 0 0 0 0 0 0 0 0 0 
1 0.799739 0.512658 0.212725 0.0383994 0.00158123 1.235e-05 5e-08 0 0 0 0 0 0 0 0 0 0 0 0 
1 0.799972 0.51309 0.213271 0.0386309 0.0016081 1.125e-05 0 0 0 0 0 0 0 0 0 0 0 0 0 
1 0.799667 0.51215 0.211936 0.0380067 0.00151963 8.95e-06 0 0 0 0 0 0 0 0 0 0 0 0 0 
1 0.800549 0.513941 0.213913 0.038805 0.00158933 1.02e-05 2.25e-07 0 0 0 0 0 0 0 0 0 0 0 0 
1 0.800247 0.513779 0.213752 0.0386965 0.00157588 9.8e-06 0 0 0 0 0 0 0 0 0 0 0 0 0 
1 0.799753 0.512443 0.212598 0.038258 0.00157243 1.1625e-05 0 0 0 0 0 0 0 0 0 0 0 0 0 
1 0.799581 0.511981 0.211861 0.0380361 0.00155023 8.95e-06 0 0 0 0 0 0 0 0 0 0 0 0 0 
1 0.80051 0.513805 0.213396 0.038523 0.00154745 1.0225e-05 0 0 0 0 0 0 0 0 0 0 0 0 0 
1 0.799846 0.512751 0.212835 0.0383695 0.00158733 1.2275e-05 4e-07 0 0 0 0 0 0 0 0 0 0 0 0 
1 0.799766 0.512441 0.212234 0.0381064 0.00154805 1.2425e-05 5e-08 0 0 0 0 0 0 0 0 0 0 0 0 
1 0.800527 0.514009 0.213881 0.0387421 0.00159748 7.625e-06 0 0 0 0 0 0 0 0 0 0 0 0 0 
1 0.800546 0.513648 0.213577 0.0386434 0.00158653 1.05e-05 0 0 0 0 0 0 0 0 0 0 0 0 0 
1 0.801047 0.515132 0.215244 0.0394098 0.00167538 1.0925e-05 2.5e-08 0 0 0 0 0 0 0 0 0 0 0 0 
1 0.800013 0.512627 0.212425 0.0381865 0.0015759 1.18e-05 0 0 0 0 0 0 0 0 0 0 0 0 0 
1 0.800619 0.513954 0.213295 0.0385589 0.00161123 1.025e-05 0 0 0 0 0 0 0 0 0 0 0 0 0 
1 0.799948 0.513149 0.213131 0.0385686 0.00157235 1.1575e-05 0 0 0 0 0 0 0 0 0 0 0 0 0 
1 0.799967 0.512756 0.212898 0.0385413 0.00160818 9.975e-06 0 0 0 0 0 0 0 0 0 0 0 0 0 
1 0.800304 0.513534 0.213286 0.0384751 0.0015558 1.0125e-05 0 0 0 0 0 0 0 0 0 0 0 0 0 
1 0.799764 0.512562 0.212223 0.0380161 0.00156305 1.2625e-05 2e-07 1e-07 0 0 0 0 0 0 0 0 0 0 0 
1 0.800413 0.513724 0.213535 0.0386382 0.00161338 1.035e-05 5e-08 0 0 0 0 0 0 0 0 0 0 0 0 
1 0.799904 0.512936 0.213287 0.0385467 0.00158193 1.035e-05 0 0 0 0 0 0 0 0 0 0 0 0 0 
1 0.800777 0.514324 0.214179 0.0389457 0.00162498 1.1475e-05 0 0 0 0 0 0 0 0 0 0 0 0 0 
1 0.799746 0.512389 0.212253 0.0380268 0.0015494 1.07e-05 7.5e-08 0 0 0 0 0 0 0 0 0 0 0 0 
1 0.79935 0.51151 0.211651 0.0379473 0.0015352 1.2425e-05 5e-08 0 0 0 0 0 0 0 0 0 0 0 0 
1 0.799985 0.513009 0.212804 0.0383968 0.0015735 1.1125e-05 0 0 0 0 0 0 0 0 0 0 0 0 0 
1 0.799704 0.512105 0.211924 0.0381377 0.00153503 1.065e-05 0 0 0 0 0 0 0 0 0 0 0 0 0 
1 0.799756 0.51237 0.212394 0.0382632 0.00155225 1.145e-05 0 0 0 0 0 0 0 0 0 0 0 0 0 
1 0.799454 0.511617 0.211593 0.037868 0.00149628 8.35e-06 0 0 0 0 0 0 0 0 0 0 0 0 0 
1 0.800195 0.513169 0.213083 0.0385592 0.00158813 9.125e-06 0 0 0 0 0 0 0 0 0 0 0 0 0 
1 0.800065 0.513179 0.212993 0.0383718 0.00158005 8.35e-06 0 0 0 0 0 0 0 0 0 0 0 0 0 
1 0.799805 0.51223 0.212002 0.0381001 0.00153648 1.015e-05 0 0 0 0 0 0 0 0 0 0 0 0 0 
1 0.800092 0.512963 0.21288 0.0384088 0.00159825 1.075e-05 0 0 0 0 0 0 0 0 0 0 0 0 0 
1 0.800066 0.513003 0.212773 0.0382283 0.00152995 9.1e-06 1e-07 0 0 0 0 0 0 0 0 0 0 0 0 
1 0.800208 0.513502 0.213199 0.0384977 0.00162035 1.225e-05 2.5e-08 0 0 0 0 0 0 0 0 0 0 0 0 
1 0.800305 0.513703 0.213589 0.0384404 0.00156275 9.925e-06 0 0 0 0 0 0 0 0 0 0 0 0 0 
1 0.800468 0.513718 0.213381 0.038354 0.0015392 1.165e-05 0 0 0 0 0 0 0 0 0 0 0 0 0 
1 0.799649 0.512351 0.212343 0.0380988 0.00157293 9.275e-06 0 0 0 0 0 0 0 0 0 0 0 0 0 
1 0.79997 0.51264 0.212628 0.038387 0.00158755 1.1025e-05 0 0 0 0 0 0 0 0 0 0 0 0 0 
1 0.800236 0.51359 0.213623 0.0387335 0.0015954 1.1375e-05 0 0 0 0 0 0 0 0 0 0 0 0 0 
1 0.800034 0.512788 0.21262 0.0382014 0.00155333 8.725e-06 3e-07 0 0 0 0 0 0 0 0 0 0 0 0 
1 0.799943 0.513145 0.213085 0.0384596 0.00160178 1.0875e-05 0 0 0 0 0 0 0 0 0 0 0 0 0 
1 0.799726 0.512516 0.212493 0.0381852 0.00156455 9.525e-06 0 0 0 0 0 0 0 0 0 0 0 0 0 
1 0.800671 0.514081 0.213939 0.0388234 0.00165738 1.1775e-05 7.5e-08 0 0 0 0 0 0 0 0 0 0 0 0 
1 0.800129 0.51331 0.213275 0.0386282 0.0015948 1.085e-05 0 0 0 0 0 0 0 0 0 0 0 0 0 
1 0.800227 0.513623 0.213313 0.0384815 0.00159915 9.575e-06 0 0 0 0 0 0 0 0 0 0 0 0 0 
1 0.799796 0.512565 0.212588 0.0381308 0.00157043 1.04e-05 0 0 0 0 0 0 0 0 0 0 0 0 0 
1 0.800011 0.512849 0.212815 0.0383064 0.00153515 8.425e-06 7.5e-08 0 0 0 0 0 0 0 0 0 0 0 0 
1 0.799878 0.512537 0.212476 0.0381533 0.00157665 1.0975e-05 0 0 0 0 0 0 0 0 0 0 0 0 0 
1 0.799961 0.513311 0.213443 0.038627 0.00158333 9.775e-06 0 0 0 0 0 0 0 0 0 0 0 0 0 
1 0.800517 0.513859 0.213704 0.0385498 0.00158268 1.0575e-05 0 0 0 0 0 0 0 0 0 0 0 0 0 
1 0.800234 0.513488 0.212977 0.0383337 0.00157035 9.575e-06 0 0 0 0 0 0 0 0 0 0 0 0 0 
1 0.800461 0.513968 0.213883 0.0388417 0.00159413 8.5e-06 0 0 0 0 0 0 0 0 0 0 0 0 0 
1 0.800776 0.514496 0.214236 0.0388177 0.00162673 9.9e-06 2.5e-08 0 0 0 0 0 0 0 0 0 0 0 0 
1 0.799571 0.511858 0.211603 0.0379683 0.0015685 1.17e-05 0 0 0 0 0 0 0 0 0 0 0 0 0 
1 0.80002 0.512929 0.212975 0.0384145 0.00156488 1.185e-05 4e-07 1.25e-07 0 0 0 0 0 0 0 0 0 0 0 
1 0.800088 0.513129 0.213144 0.0385605 0.00158463 1.055e-05 2.5e-08 0 0 0 0 0 0 0 0 0 0 0 0 
1 0.800153 0.513233 0.213019 0.0384758 0.0016004 8.85e-06 0 0 0 0 0 0 0 0 0 0 0 0 0 
1 0.799597 0.512392 0.212359 0.0381016 0.001574 1.1275e-05 0 0 0 0 0 0 0 0 0 0 0 0 0 
1 0.800452 0.513773 0.213707 0.0386475 0.00158583 1.08e-05 5e-08 0 0 0 0 0 0 0 0 0 0 0 0 
1 0.799977 0.512993 0.212795 0.038382 0.00157588 1.075e-05 5e-08 0 0 0 0 0 0 0 0 0 0 0 0 
1 0.800117 0.512979 0.212828 0.0383301 0.00156198 1.11e-05 0 0 0 0 0 0 0 0 0 0 0 0 0 
1 0.800484 0.513957 0.213876 0.038844 0.0016233 7.65e-06 0 0 0 0 0 0 0 0 0 0 0 0 0 
1 0.799722 0.512512 0.212054 0.0379322 0.00152248 8.05e-06 0 0 0 0 0 0 0 0 0 0 0 0 0 
1 0.799131 0.511423 0.211628 0.0378249 0.00154528 9.7e-06 2.5e-08 0 0 0 0 0 0 0 0 0 0 0 0 
1 0.799883 0.512667 0.21253 0.0382581 0.0015843 1.0125e-05 0 0 0 0 0 0 0 0 0 0 0 0 0 
1 0.799876 0.51259 0.212582 0.0382182 0.00157635 8.925e-06 0 0 0 0 0 0 0 0 0 0 0 0 0 
1 0.799734 0.512965 0.212843 0.038379 0.00155655 9.4e-06 0 0 0 0 0 0 0 0 0 0 0 0 0 
1 0.80017 0.513519 0.213469 0.0386631 0.001606 9.375e-06 0 0 0 0 0 0 0 0 0 0 0 0 0 
1 0.801023 0.515065 0.215002 0.0391042 0.0015949 8.7e-06 0 0 0 0 0 0 0 0 0 0 0 0 0 
1 0.800244 0.513377 0.21321 0.0384898 0.00155635 8.3e-06 0 0 0 0 0 0 0 0 0 0 0 0 0 
1 0.799435 0.511648 0.211483 0.0378273 0.00152598 9.55e-06 0 0 0 0 0 0 0 0 0 0 0 0 0 
1 0.79936 0.511942 0.21201 0.0379992 0.00152388 9.975e-06 0 0 0 0 0 0 0 0 0 0 0 0 0 
1 0.79973 0.512198 0.212209 0.0383194 0.00158438 1.085e-05 2.5e-08 0 0 0 0 0 0 0 0 0 0 0 0 
1 0.800062 0.513257 0.213122 0.0384995 0.0015843 1.1875e-05 0 0 0 0 0 0 0 0 0 0 0 0 0 
1 0.799433 0.511889 0.212021 0.0381152 0.00153608 1.16e-05 0 0 0 0 0 0 0 0 0 0 0 0 0 
1 0.799955 0.512891 0.212764 0.0383585 0.00154433 1.0525e-05 0 0 0 0 0 0 0 0 0 0 0 0 0 
1 0.799445 0.512111 0.212146 0.0381791 0.00153803 8.775e-06 0 0 0 0 0 0 0 0 0 0 0 0 0 
1 0.79986 0.512702 0.212738 0.0382849 0.00154663 1.02e-05 0 0 0 0 0 0 0 0 0 0 0 0 0 
1 0.799841 0.512966 0.212982 0.0384096 0.00156345 1.1225e-05 0 0 0 0 0 0 0 0 0 0 0 0 0 
1 0.799453 0.511936 0.211924 0.0379853 0.00153885 1.08e-05 5e-08 0 0 0 0 0 0 0 0 0 0 0 0 
1 0.800005 0.512906 0.212816 0.0383118 0.00156598 1.07e-05 2e-07 0 0 0 0 0 0 0 0 0 0 0 0 
1 0.800205 0.513101 0.212962 0.0383418 0.00155115 1.14e-05 0 0 0 0 0 0 0 0 0 0 0 0 0 
1 0.79961 0.512247 0.212207 0.0380473 0.00151185 9.375e-06 0 0 0 0 0 0 0 0 0 0 0 0 0 
1 0.799913 0.512983 0.213102 0.038404 0.00157023 1.15e-05 0 0 0 0 0 0 0 0 0 0 0 0 0 
1 0.799714 0.512322 0.212495 0.0383199 0.00156208 8.875e-06 0 0 0 0 0 0 0 0 0 0 0 0 0 
1 0.799245 0.511662 0.211652 0.0379918 0.001556 9.275e-06 2.5e-08 0 0 0 0 0 0 0 0 0 0 0 0 
1 0.799716 0.512414 0.212467 0.0383341 0.0015712 9.225e-06 0 0 0 0 0 0 0 0 0 0 0 0 0 
1 0.800201 0.513511 0.213241 0.0384146 0.00153215 6.8e-06 0 0 0 0 0 0 0 0 0 0 0 0 0 
1 0.800489 0.513759 0.213774 0.0388687 0.0016178 1.1275e-05 0 0 0 0 0 0 0 0 0 0 0 0 0 
1 0.799589 0.512123 0.211966 0.0380138 0.00150568 1.0425e-05 7.5e-08 0 0 0 0 0 0 0 0 0 0 0 0 
1 0.799605 0.511873 0.211866 0.0379985 0.00154625 1.0725e-05 0 0 0 0 0 0 0 0 0 0 0 0 0 
1 0.799952 0.512911 0.212848 0.0382387 0.00155628 9.7e-06 0 0 0 0 0 0 0 0 0 0 0 0 0 
1 0.8005 0.513711 0.213675 0.038828 0.00163365 1.0375e-05 0 0 0 0 0 0 0 0 0 0 0 0 0 
1 0.79989 0.513208 0.21316 0.0385349 0.0015957 1.12e-05 3e-07 0 0 0 0 0 0 0 0 0 0 0 0 
1 0.800482 0.513965 0.214326 0.0390743 0.001639 1.155e-05 0 0 0 0 0 0 0 0 0 0 0 0 0 
1 0.800224 0.513508 0.213449 0.0386261 0.00157878 7.45e-06 0 0 0 0 0 0 0 0 0 0 0 0 0 
1 0.800612 0.514367 0.214303 0.0388353 0.0016122 9.3e-06 0 0 0 0 0 0 0 0 0 0 0 0 0 
1 0.799802 0.512253 0.212106 0.0380252 0.00154298 1.19e-05 2.5e-07 0 0 0 0 0 0 0 0 0 0 0 0 
1 0.799718 0.512464 0.212396 0.0382312 0.00155508 8.05e-06 0 0 0 0 0 0 0 0 0 0 0 0 0 
1 0.800174 0.513184 0.213023 0.0383761 0.00156498 1.135e-05 0 0 0 0 0 0 0 0 0 0 0 0 0 
1 0.800397 0.513948 0.214016 0.0387692 0.00160555 1.1275e-05 0 0 0 0 0 0 0 0 0 0 0 0 0 
1 0.799784 0.512434 0.212188 0.0380481 0.00155993 1.0275e-05 0 0 0 0 0 0 0 0 0 0 0 0 0 
1 0.800073 0.512894 0.212711 0.0382893 0.00155643 8.65e-06 0 0 0 0 0 0 0 0 0 0 0 0 0 
1 0.799739 0.512422 0.21251 0.0384049 0.00160268 9.825e-06 0 0 0 0 0 0 0 0 0 0 0 0 0 
1 0.799343 0.511455 0.211541 0.0377464 0.00152585 1.2775e-05 0 0 0 0 0 0 0 0 0 0 0 0 0 
1 0.79993 0.513028 0.213097 0.0385347 0.0015929 9.8e-06 0 0 0 0 0 0 0 0 0 0 0 0 0 
1 0.799741 0.512845 0.212893 0.0384416 0.00158345 1.095e-05 2.25e-07 0 0 0 0 0 0 0 0 0 0 0 0 
1 0.800316 0.513456 0.213306 0.0384563 0.00157083 1.35e-05 4e-07 0 0 0 0 0 0 0 0 0 0 0 0 
1 0.800098 0.513038 0.212914 0.0383079 0.00155853 1.12e-05 1.75e-07 0 0 0 0 0 0 0 0 0 0 0 0 
1 0.79991 0.512907 0.212703 0.0381614 0.0015274 1.1025e-05 0 0 0 0 0 0 0 0 0 0 0 0 0 
1 0.800353 0.513283 0.213013 0.0383234 0.0015633 1.1625e-05 1.5e-07 0 0 0 0 0 0 0 0 0 0 0 0 
1 0.800334 0.513784 0.213859 0.038789 0.0015993 1.3075e-05 1.5e-07 0 0 0 0 0 0 0 0 0 0 0 0 
1 0.800009 0.513244 0.213337 0.0385786 0.00157903 1.27e-05 2.25e-07 0 0 0 0 0 0 0 0 0 0 0 0 
1 0.799794 0.512647 0.212825 0.0383943 0.00157158 1.0125e-05 0 0 0 0 0 0 0 0 0 0 0 0 0 
1 0.799673 0.512483 0.212401 0.0382087 0.00155128 9.75e-06 0 0 0 0 0 0 0 0 0 0 0 0 0 
1 0.800062 0.512726 0.212821 0.0383189 0.00155755 1.4375e-05 2e-07 0 0 0 0 0 0 0 0 0 0 0 0 
1 0.800471 0.513961 0.213961 0.0388508 0.0016066 1.09e-05 0 0 0 0 0 0 0 0 0 0 0 0 0 
1 0.799729 0.512335 0.212213 0.0380031 0.0015129 8.875e-06 0 0 0 0 0 0 0 0 0 0 0 0 0 
1 0.800154 0.513812 0.213892 0.0390174 0.00164825 1.3575e-05 7.5e-08 0 0 0 0 0 0 0 0 0 0 0 0 
1 0.800354 0.513791 0.213469 0.0386637 0.00161308 1.0275e-05 0 0 0 0 0 0 0 0 0 0 0 0 0 
1 0.799669 0.512369 0.212364 0.0381817 0.0015904 1.0875e-05 2.5e-08 0 0 0 0 0 0 0 0 0 0 0 0 
1 0.799823 0.512651 0.21256 0.0383479 0.00161013 9.9e-06 0 0 0 0 0 0 0 0 0 0 0 0 0 
1 0.799748 0.512778 0.212878 0.0383237 0.00158368 1.42e-05 2.5e-08 0 0 0 0 0 0 0 0 0 0 0 0 
1 0.79985 0.512451 0.212283 0.0381925 0.0015635 1.2575e-05 0 0 0 0 0 0 0 0 0 0 0 0 0 
1 0.799834 0.512761 0.212661 0.0382187 0.00155345 1.3475e-05 0 0 0 0 0 0 0 0 0 0 0 0 0 
1 0.799845 0.512506 0.212373 0.0381815 0.00155778 1.2e-05 0 0 0 0 0 0 0 0 0 0 0 0 0 
1 0.800333 0.513479 0.213669 0.0385509 0.00159358 1.2325e-05 0 0 0 0 0 0 0 0 0 0 0 0 0 
1 0.799575 0.512206 0.212096 0.037964 0.00153488 9.95e-06 0 0 0 0 0 0 0 0 0 0 0 0 0 
1 0.800119 0.513405 0.213278 0.0385609 0.00158465 1.185e-05 0 0 0 0 0 0 0 0 0 0 0 0 0 
1 0.799546 0.511947 0.212057 0.0380685 0.001572 9.525e-06 0 0 0 0 0 0 0 0 0 0 0 0 0 
1 0.800337 0.513372 0.213243 0.0385482 0.00159185 1.2475e-05 1e-07 0 0 0 0 0 0 0 0 0 0 0 0 
1 0.800084 0.513471 0.21379 0.038776 0.001597 9.45e-06 0 0 0 0 0 0 0 0 0 0 0 0 0 
1 0.800613 0.514154 0.214212 0.0388659 0.00163055 1.295e-05 0 0 0 0 0 0 0 0 0 0 0 0 0 
1 0.800009 0.513082 0.212981 0.0382967 0.00154435 8.6e-06 0 0 0 0 0 0 0 0 0 0 0 0 0 
1 0.799784 0.512587 0.212573 0.038327 0.0015716 8.7e-06 0 0 0 0 0 0 0 0 0 0 0 0 0 
1 0.800451 0.51429 0.214354 0.0389602 0.0016096 1.0125e-05 0 0 0 0 0 0 0 0 0 0 0 0 0 
1 0.799742 0.512764 0.212836 0.0382564 0.0015604 1.0325e-05 1e-07 0 0 0 0 0 0 0 0 0 0 0 0 
1 0.799933 0.513106 0.213355 0.0387594 0.00159483 9.575e-06 3e-07 0 0 0 0 0 0 0 0 0 0 0 0 
1 0.799978 0.512946 0.212876 0.0382316 0.00155618 8.3e-06 0 0 0 0 0 0 0 0 0 0 0 0 0 
1 0.800246 0.513411 0.213351 0.0384509 0.00155448 1.01e-05 0 0 0 0 0 0 0 0 0 0 0 0 0 
1 0.800686 0.514351 0.214101 0.0388025 0.00161228 9e-06 0 0 0 0 0 0 0 0 0 0 0 0 0 
1 0.800181 0.513373 0.213236 0.0384846 0.00157905 1.12e-05 1e-07 0 0 0 0 0 0 0 0 0 0 0 0 
1 0.800021 0.513124 0.213228 0.0385461 0.00158588 1.245e-05 0 0 0 0 0 0 0 0 0 0 0 0 0 
1 0.800039 0.512799 0.212694 0.0383626 0.0015767 1.0875e-05 0 0 0 0 0 0 0 0 0 0 0 0 0 
1 0.80027 0.513397 0.213457 0.0385541 0.00157798 9.375e-06 0 0 0 0 0 0 0 0 0 0 0 0 0 
1 0.799796 0.512691 0.212775 0.0383925 0.00158618 1.1075e-05 0 0 0 0 0 0 0 0 0 0 0 0 0 
1 0.80029 0.513676 0.213659 0.038657 0.00159785 1.005e-05 7.5e-08 0 0 0 0 0 0 0 0 0 0 0 0 
1 0.799922 0.512845 0.21289 0.0383388 0.0015733 1.025e-05 0 0 0 0 0 0 0 0 0 0 0 0 0 
1 0.799722 0.512335 0.212217 0.0379799 0.00152933 7.925e-06 5.75e-07 0 0 0 0 0 0 0 0 0 0 0 0 
1 0.799877 0.512698 0.212809 0.0384798 0.00159175 9.6e-06 0 0 0 0 0 0 0 0 0 0 0 0 0 
1 0.799691 0.512386 0.212467 0.0382011 0.0015435 1.09e-05 0 0 0 0 0 0 0 0 0 0 0 0 0 
1 0.800438 0.513782 0.213596 0.0387255 0.00160043 1.0025e-05 0 0 0 0 0 0 0 0 0 0 0 0 0 
1 0.799726 0.512698 0.212704 0.0384338 0.00160718 1.27e-05 0 0 0 0 0 0 0 0 0 0 0 0 0 
1 0.800381 0.513353 0.213108 0.0384126 0.00157455 1.2e-05 1.25e-07 0 0 0 0 0 0 0 0 0 0 0 0 
1 0.799526 0.511765 0.211664 0.0379442 0.0015606 1.2575e-05 0 0 0 0 0 0 0 0 0 0 0 0 0 
1 0.79946 0.512023 0.212144 0.0381493 0.00153768 9.525e-06 0 0 0 0 0 0 0 0 0 0 0 0 0 
1 0.79992 0.513094 0.213138 0.0385775 0.00156845 1.075e-05 0 0 0 0 0 0 0 0 0 0 0 0 0 
1 0.800025 0.51303 0.212963 0.0383802 0.00155068 9.3e-06 0 0 0 0 0 0 0 0 0 0 0 0 0 
1 0.799876 0.512614 0.212314 0.0381616 0.00155163 1.22e-05 0 0 0 0 0 0 0 0 0 0 0 0 0 
1 0.799865 0.512848 0.212954 0.0382702 0.00158435 9.7e-06 2e-07 0 0 0 0 0 0 0 0 0 0 0 0 
1 0.799778 0.512204 0.21213 0.0381558 0.0015655 1.05e-05 0 0 0 0 0 0 0 0 0 0 0 0 0 
1 0.800448 0.513788 0.213879 0.0389168 0.00163483 1.235e-05 2.5e-07 0 0 0 0 0 0 0 0 0 0 0 0 
1 0.799776 0.512779 0.212855 0.0383459 0.00157355 1.11e-05 0 0 0 0 0 0 0 0 0 0 0 0 0 
1 0.799636 0.512101 0.211968 0.0381576 0.0015444 8.8e-06 0 0 0 0 0 0 0 0 0 0 0 0 0 
1 0.799655 0.512119 0.21191 0.0379676 0.00154898 8.875e-06 2.5e-08 0 0 0 0 0 0 0 0 0 0 0 0 
1 0.800479 0.513934 0.213731 0.0385861 0.0015656 9.45e-06 0 0 0 0 0 0 0 0 0 0 0 0 0 
1 0.800023 0.513244 0.213145 0.0384517 0.00158655 1.13e-05 7.5e-08 0 0 0 0 0 0 0 0 0 0 0 0 
1 0.799971 0.512666 0.212691 0.0382504 0.00157265 1.075e-05 3.75e-07 0 0 0 0 0 0 0 0 0 0 0 0 
1 0.800387 0.513662 0.213672 0.0385081 0.00160455 8.6e-06 0 0 0 0 0 0 0 0 0 0 0 0 0 
1 0.799801 0.512516 0.212741 0.0383543 0.00155663 8.95e-06 1e-07 0 0 0 0 0 0 0 0 0 0 0 0 
1 0.800044 0.513421 0.213264 0.0385878 0.00160848 1e-05 0 0 0 0 0 0 0 0 0 0 0 0 0 
1 0.80017 0.513115 0.213065 0.0383353 0.00155858 1.0175e-05 1e-07 0 0 0 0 0 0 0 0 0 0 0 0 
1 0.799807 0.512804 0.212769 0.0382915 0.00154453 1.08e-05 0 0 0 0 0 0 0 0 0 0 0 0 0 
1 0.799823 0.512796 0.212677 0.0382365 0.00156925 1.03e-05 0 0 0 0 0 0 0 0 0 0 0 0 0 
1 0.800174 0.513489 0.21382 0.0386509 0.00164558 1.37e-05 2.5e-08 0 0 0 0 0 0 0 0 0 0 0 0 
1 0.799846 0.512401 0.212158 0.0380858 0.0015603 8.825e-06 7.5e-08 0 0 0 0 0 0 0 0 0 0 0 0 
1 0.801139 0.515113 0.214994 0.0390165 0.00159438 9.475e-06 0 0 0 0 0 0 0 0 0 0 0 0 0 
1 0.800375 0.513361 0.213136 0.0384598 0.00158433 8.925e-06 0 0 0 0 0 0 0 0 0 0 0 0 0 
1 0.800485 0.513728 0.213641 0.0385932 0.0015784 1e-05 0 0 0 0 0 0 0 0 0 0 0 0 0 
1 0.799732 0.512192 0.211836 0.0380497 0.00154965 1.265e-05 0 0 0 0 0 0 0 0 0 0 0 0 0 
1 0.799412 0.511545 0.211316 0.0376905 0.00152945 1.1725e-05 2.25e-07 0 0 0 0 0 0 0 0 0 0 0 0 
1 0.799328 0.511783 0.212064 0.0380689 0.00154475 1.015e-05 0 0 0 0 0 0 0 0 0 0 0 0 0 
1 0.799452 0.511946 0.211876 0.0379679 0.001528 1.0675e-05 0 0 0 0 0 0 0 0 0 0 0 0 0 
1 0.800574 0.514339 0.214216 0.0389282 0.0016097 1.01e-05 0 0 0 0 0 0 0 0 0 0 0 0 0 
1 0.80008 0.513097 0.213254 0.0387213 0.00162063 1.25e-05 0 0 0 0 0 0 0 0 0 0 0 0 0 
1 0.799883 0.512744 0.212641 0.0382397 0.0015505 1.1825e-05 2.75e-07 0 0 0 0 0 0 0 0 0 0 0 0 
1 0.799888 0.5128 0.212373 0.0380983 0.00156578 1.005e-05 5e-08 0 0 0 0 0 0 0 0 0 0 0 0 
1 0.799377 0.511495 0.211557 0.0380719 0.00155598 9.75e-06 2.5e-08 0 0 0 0 0 0 0 0 0 0 0 0 
1 0.800347 0.513638 0.213582 0.0385982 0.00156828 1.0125e-05 0 0 0 0 0 0 0 0 0 0 0 0 0 
1 0.799928 0.512543 0.212344 0.0381567 0.00154293 1.12e-05 0 0 0 0 0 0 0 0 0 0 0 0 0 
1 0.800049 0.512985 0.212819 0.0383436 0.00157633 8.55e-06 5e-08 0 0 0 0 0 0 0 0 0 0 0 0 
1 0.800016 0.513512 0.213474 0.0385564 0.00157568 1.14e-05 0 0 0 0 0 0 0 0 0 0 0 0 0 
1 0.799944 0.51288 0.213013 0.0383308 0.00157915 1.0475e-05 0 0 0 0 0 0 0 0 0 0 0 0 0 
1 0.80012 0.513173 0.213059 0.0384374 0.00156733 1.05e-05 5e-08 0 0 0 0 0 0 0 0 0 0 0 0 
1 0.800847 0.514406 0.214344 0.0389551 0.00161693 1.135e-05 0 0 0 0 0 0 0 0 0 0 0 0 0 
1 0.799941 0.512901 0.213043 0.0385283 0.0015779 1.15e-05 0 0 0 0 0 0 0 0 0 0 0 0 0 
1 0.800101 0.513262 0.21315 0.0384657 0.0015845 8.825e-06 0 0 0 0 0 0 0 0 0 0 0 0 0 
1 0.800307 0.513711 0.213346 0.0384895 0.001537 9.35e-06 0 0 0 0 0 0 0 0 0 0 0 0 0 
1 0.799677 0.512368 0.212093 0.0381459 0.0015642 9.3e-06 0 0 0 0 0 0 0 0 0 0 0 0 0 
1 0.800012 0.512702 0.21261 0.0382722 0.0015615 8.15e-06 0 0 0 0 0 0 0 0 0 0 0 0 0 
1 0.799674 0.512754 0.212695 0.0382923 0.00154738 9.375e-06 0 0 0 0 0 0 0 0 0 0 0 0 0 
1 0.800121 0.513394 0.213516 0.0385867 0.00156945 9.425e-06 2.25e-07 0 0 0 0 0 0 0 0 0 0 0 0 
1 0.800201 0.513434 0.21316 0.0384748 0.00159945 1.0725e-05 0 0 0 0 0 0 0 0 0 0 0 0 0 
1 0.800277 0.513361 0.21328 0.038623 0.00160883 1e-05 3e-07 0 0 0 0 0 0 0 0 0 0 0 0 
1 0.800547 0.513922 0.214293 0.0390155 0.00161088 1.06e-05 2.5e-08 0 0 0 0 0 0 0 0 0 0 0 0 
1 0.799492 0.511987 0.212192 0.0381505 0.00152725 9.875e-06 7.5e-08 0 0 0 0 0 0 0 0 0 0 0 0 
1 0.800165 0.513234 0.213154 0.0384741 0.00158065 1.005e-05 0 0 0 0 0 0 0 0 0 0 0 0 0 
1 0.799478 0.512031 0.212041 0.0380528 0.0015411 1.1025e-05 7.5e-08 0 0 0 0 0 0 0 0 0 0 0 0 
1 0.800249 0.513526 0.213529 0.0387368 0.00160368 1.44e-05 5e-08 0 0 0 0 0 0 0 0 0 0 0 0 
1 0.799872 0.512751 0.212898 0.0385884 0.00162525 1.0975e-05 0 0 0 0 0 0 0 0 0 0 0 0 0 
1 0.799608 0.512298 0.212545 0.0383204 0.00155665 1.04e-05 0 0 0 0 0 0 0 0 0 0 0 0 0 
1 0.800301 0.513611 0.213522 0.0387119 0.0016342 1.2225e-05 0 0 0 0 0 0 0 0 0 0 0 0 0 
1 0.799988 0.512691 0.212747 0.0383034 0.0015406 1.15e-05 1.75e-07 0 0 0 0 0 0 0 0 0 0 0 0 
1 0.800946 0.514805 0.21462 0.0389245 0.00160758 8.25e-06 0 0 0 0 0 0 0 0 0 0 0 0 0 
1 0.799958 0.513084 0.212971 0.0384557 0.00157788 1.05e-05 0 0 0 0 0 0 0 0 0 0 0 0 0 
