1 0.49961 0.15588 0.03167 0.00484 0.00074 9e-05 1e-05 0 0 0 0 0 0 0 0 0 0 0 0 
1 0.49914 0.15773 0.03104 0.00421 0.0005 3e-05 0 0 0 0 0 0 0 0 0 0 0 0 0 
1 0.50017 0.15799 0.0323 0.0047 0.00057 6e-05 1e-05 0 0 0 0 0 0 0 0 0 0 0 0 
1 0.49791 0.15816 0.03134 0.00437 0.00067 7e-05 0 0 0 0 0 0 0 0 0 0 0 0 0 
1 0.50165 0.15756 0.03101 0.00459 0.00062 8e-05 1e-05 0 0 0 0 0 0 0 0 0 0 0 0 
1 0.49968 0.15615 0.03074 0.00457 0.00057 7e-05 1e-05 0 0 0 0 0 0 0 0 0 0 0 0 
1 0.50262 0.15914 0.0324 0.00492 0.00062 8e-05 1e-05 0 0 0 0 0 0 0 0 0 0 0 0 
1 0.49694 0.15634 0.0322 0.00448 0.00043 3e-05 0 0 0 0 0 0 0 0 0 0 0 0 0 
1 0.49901 0.15461 0.03003 0.00462 0.00057 9e-05 0 0 0 0 0 0 0 0 0 0 0 0 0 
1 0.49902 0.1553 0.03099 0.00464 0.00053 9e-05 1e-05 0 0 0 0 0 0 0 0 0 0 0 0 
1 0.49825 0.1568 0.03114 0.00435 0.00054 5e-05 1e-05 0 0 0 0 0 0 0 0 0 0 0 0 
1 0.50047 0.15759 0.03126 0.00498 0.00069 9e-05 2e-05 0 0 0 0 0 0 0 0 0 0 0 0 
1 0.50087 0.15813 0.03245 0.00486 0.00053 4e-05 0 0 0 0 0 0 0 0 0 0 0 0 0 
1 0.49863 0.15603 0.03157 0.00491 0.00069 5e-05 1e-05 0 0 0 0 0 0 0 0 0 0 0 0 
1 0.49969 0.15703 0.03155 0.00487 0.00061 5e-05 2e-05 1e-05 0 0 0 0 0 0 0 0 0 0 0 
1 0.49766 0.15528 0.03156 0.0046 0.00064 7e-05 1e-05 0 0 0 0 0 0 0 0 0 0 0 0 
1 0.50022 0.15831 0.03244 0.00477 0.00066 9e-05 1e-05 0 0 0 0 0 0 0 0 0 0 0 0 
1 0.49911 0.15609 0.03105 0.00452 0.0005 6e-05 1e-05 0 0 0 0 0 0 0 0 0 0 0 0 
1 0.50033 0.15564 0.03153 0.00477 0.00054 4e-05 0 0 0 0 0 0 0 0 0 0 0 0 0 
1 0.50207 0.15742 0.03138 0.00461 0.00064 6e-05 0 0 0 0 0 0 0 0 0 0 0 0 0 
1 0.50276 0.15668 0.032 0.00482 0.0007 0.00012 2e-05 0 0 0 0 0 0 0 0 0 0 0 0 
1 0.50011 0.15644 0.03219 0.00475 0.00057 5e-05 0 0 0 0 0 0 0 0 0 0 0 0 0 
1 0.4981 0.15732 0.0322 0.00512 0.00074 0.00015 1e-05 0 0 0 0 0 0 0 0 0 0 0 0 
1 0.50013 0.15825 0.03179 0.0046 0.0005 5e-05 0 0 0 0 0 0 0 0 0 0 0 0 0 
1 0.50034 0.15722 0.03197 0.00456 0.00054 8e-05 0 0 0 0 0 0 0 0 0 0 0 0 0 
1 0.49979 0.15779 0.03178 0.00495 0.00065 7e-05 0 0 0 0 0 0 0 0 0 0 0 0 0 
1 0.50333 0.1594 0.03205 0.00446 0.00067 8e-05 1e-05 1e-05 1e-05 0 0 0 0 0 0 0 0 0 0 
1 0.49947 0.15667 0.03167 0.00487 0.00069 7e-05 0 0 0 0 0 0 0 0 0 0 0 0 0 
1 0.49921 0.15878 0.03209 0.00478 0.0006 6e-05 1e-05 0 0 0 0 0 0 0 0 0 0 0 0 
1 0.49886 0.1574 0.03213 0.00433 0.00054 4e-05 0 0 0 0 0 0 0 0 0 0 0 0 0 
1 0.49805 0.15636 0.03189 0.00459 0.00076 0.0001 1e-05 0 0 0 0 0 0 0 0 0 0 0 0 
1 0.49773 0.15659 0.03138 0.00498 0.0007 0.00011 2e-05 0 0 0 0 0 0 0 0 0 0 0 0 
1 0.4984 0.15501 0.0314 0.0046 0.00059 8e-05 2e-05 0 0 0 0 0 0 0 0 0 0 0 0 
1 0.4966 0.15664 0.03148 0.00455 0.00064 6e-05 1e-05 0 0 0 0 0 0 0 0 0 0 0 0 
1 0.49933 0.15813 0.03196 0.00491 0.00058 8e-05 0 0 0 0 0 0 0 0 0 0 0 0 0 
1 0.49638 0.15636 0.03228 0.00533 0.00068 6e-05 0 0 0 0 0 0 0 0 0 0 0 0 0 
1 0.50099 0.15573 0.03137 0.00439 0.00068 0.0001 0 0 0 0 0 0 0 0 0 0 0 0 0 
1 0.49924 0.15816 0.03187 0.00473 0.00059 0.0001 1e-05 0 0 0 0 0 0 0 0 0 0 0 0 
1 0.50114 0.15705 0.03121 0.00522 0.00065 5e-05 1e-05 0 0 0 0 0 0 0 0 0 0 0 0 
1 0.5018 0.15622 0.03171 0.00519 0.00066 5e-05 0 0 0 0 0 0 0 0 0 0 0 0 0 
1 0.5048 0.1589 0.03276 0.00492 0.0007 8e-05 0 0 0 0 0 0 0 0 0 0 0 0 0 
1 0.49924 0.1592 0.0327 0.00498 0.00052 7e-05 0 0 0 0 0 0 0 0 0 0 0 0 0 
1 0.49757 0.1564 0.03188 0.00505 0.00063 4e-05 0 0 0 0 0 0 0 0 0 0 0 0 0 
1 0.50044 0.15593 0.03106 0.00446 0.00052 6e-05 0 0 0 0 0 0 0 0 0 0 0 0 0 
1 0.49923 0.15764 0.03226 0.00492 0.00058 9e-05 1e-05 0 0 0 0 0 0 0 0 0 0 0 0 
1 0.49926 0.15684 0.03192 0.00447 0.00067 0.0001 1e-05 0 0 0 0 0 0 0 0 0 0 0 0 
1 0.50044 0.15669 0.03142 0.00448 0.00057 0.0001 0 0 0 0 0 0 0 0 0 0 0 0 0 
1 0.49849 0.15663 0.0312 0.00454 0.0005 7e-05 0 0 0 0 0 0 0 0 0 0 0 0 0 
1 0.50009 0.15768 0.03151 0.00441 0.0006 9e-05 2e-05 0 0 0 0 0 0 0 0 0 0 0 0 
1 0.49876 0.15668 0.03041 0.00422 0.0005 5e-05 0 0 0 0 0 0 0 0 0 0 0 0 0 
1 0.50079 0.15725 0.03083 0.00438 0.00043 3e-05 0 0 0 0 0 0 0 0 0 0 0 0 0 
1 0.49881 0.15784 0.03188 0.00462 0.00048 9e-05 0 0 0 0 0 0 0 0 0 0 0 0 0 
1 0.49922 0.15749 0.03199 0.00473 0.00068 0.0001 3e-05 1e-05 0 0 0 0 0 0 0 0 0 0 0 
1 0.49801 0.15655 0.03105 0.00479 0.00072 8e-05 1e-05 1e-05 0 0 0 0 0 0 0 0 0 0 0 
1 0.50088 0.15749 0.03176 0.00474 0.00055 5e-05 0 0 0 0 0 0 0 0 0 0 0 0 0 
1 0.50032 0.15658 0.0328 0.0045 0.00053 3e-05 1e-05 0 0 0 0 0 0 0 0 0 0 0 0 
1 0.50308 0.15658 0.03091 0.00465 0.00063 9e-05 2e-05 0 0 0 0 0 0 0 0 0 0 0 0 
1 0.4997 0.15502 0.03053 0.00442 0.00047 4e-05 0 0 0 0 0 0 0 0 0 0 0 0 0 
1 0.5 0.15547 0.03167 0.00486 0.0006 3e-05 0 0 0 0 0 0 0 0 0 0 0 0 0 
1 0.50267 0.15871 0.03206 0.00463 0.00068 5e-05 0 0 0 0 0 0 0 0 0 0 0 0 0 
1 0.50376 0.15961 0.03252 0.00496 0.0006 6e-05 1e-05 0 0 0 0 0 0 0 0 0 0 0 0 
1 0.50219 0.1571 0.03186 0.00495 0.00063 5e-05 0 0 0 0 0 0 0 0 0 0 0 0 0 
1 0.50148 0.15733 0.03315 0.0053 0.00046 3e-05 0 0 0 0 0 0 0 0 0 0 0 0 0 
1 0.50091 0.15881 0.03217 0.00516 0.0009 6e-05 1e-05 0 0 0 0 0 0 0 0 0 0 0 0 
1 0.49953 0.15763 0.03173 0.00488 0.00071 0.00011 1e-05 0 0 0 0 0 0 0 0 0 0 0 0 
1 0.49596 0.15496 0.03064 0.00434 0.00045 5e-05 0 0 0 0 0 0 0 0 0 0 0 0 0 
1 0.50018 0.15766 0.03089 0.0046 0.00059 0.0001 0 0 0 0 0 0 0 0 0 0 0 0 0 
1 0.49903 0.15611 0.03129 0.00459 0.00061 0.00011 1e-05 0 0 0 0 0 0 0 0 0 0 0 0 
1 0.49996 0.15729 0.03132 0.00477 0.00058 3e-05 1e-05 0 0 0 0 0 0 0 0 0 0 0 0 
1 0.49895 0.15664 0.03151 0.00475 0.00063 7e-05 2e-05 0 0 0 0 0 0 0 0 0 0 0 0 
1 0.49988 0.15722 0.03172 0.00512 0.00069 7e-05 1e-05 0 0 0 0 0 0 0 0 0 0 0 0 
1 0.50172 0.1604 0.03242 0.00491 0.00041 6e-05 2e-05 0 0 0 0 0 0 0 0 0 0 0 0 
1 0.50175 0.16029 0.03234 0.00507 0.00078 6e-05 1e-05 0 0 0 0 0 0 0 0 0 0 0 0 
1 0.49975 0.15593 0.03222 0.00485 0.0007 9e-05 0 0 0 0 0 0 0 0 0 0 0 0 0 
1 0.49989 0.15623 0.03209 0.00459 0.00058 0.0001 1e-05 0 0 0 0 0 0 0 0 0 0 0 0 
1 0.49786 0.15586 0.0313 0.00465 0.00053 8e-05 1e-05 0 0 0 0 0 0 0 0 0 0 0 0 
1 0.49788 0.15508 0.03017 0.00447 0.00052 7e-05 3e-05 0 0 0 0 0 0 0 0 0 0 0 0 
1 0.4989 0.15592 0.03225 0.00445 0.00053 0.0001 3e-05 0 0 0 0 0 0 0 0 0 0 0 0 
1 0.49457 0.1542 0.03191 0.00449 0.00057 4e-05 0 0 0 0 0 0 0 0 0 0 0 0 0 
1 0.50096 0.15712 0.03188 0.00493 0.00075 9e-05 2e-05 0 0 0 0 0 0 0 0 0 0 0 0 
1 0.49979 0.15739 0.03112 0.00424 0.0006 6e-05 0 0 0 0 0 0 0 0 0 0 0 0 0 
1 0.50096 0.15607 0.03165 0.00484 0.00038 9e-05 3e-05 0 0 0 0 0 0 0 0 0 0 0 0 
1 0.50027 0.15576 0.0317 0.00445 0.0006 5e-05 0 0 0 0 0 0 0 0 0 0 0 0 0 
1 0.4992 0.15935 0.03151 0.0046 0.00059 6e-05 2e-05 1e-05 0 0 0 0 0 0 0 0 0 0 0 
1 0.49564 0.15358 0.02972 0.00426 0.00056 9e-05 0 0 0 0 0 0 0 0 0 0 0 0 0 
1 0.49928 0.15535 0.03217 0.00498 0.00051 5e-05 1e-05 0 0 0 0 0 0 0 0 0 0 0 0 
1 0.50146 0.15833 0.03168 0.00465 0.00069 6e-05 0 0 0 0 0 0 0 0 0 0 0 0 0 
1 0.4997 0.15698 0.03247 0.00493 0.00066 7e-05 0 0 0 0 0 0 0 0 0 0 0 0 0 
1 0.50049 0.15884 0.03232 0.00494 0.00059 7e-05 0 0 0 0 0 0 0 0 0 0 0 0 0 
1 0.50148 0.15646 0.03121 0.0047 0.00058 9e-05 0 0 0 0 0 0 0 0 0 0 0 0 0 
1 0.49902 0.16016 0.03337 0.00563 0.00072 8e-05 0 0 0 0 0 0 0 0 0 0 0 0 0 
1 0.4993 0.15757 0.03205 0.00509 0.00065 9e-05 1e-05 0 0 0 0 0 0 0 0 0 0 0 0 
1 0.5005 0.15655 0.03214 0.00444 0.00063 3e-05 0 0 0 0 0 0 0 0 0 0 0 0 0 
1 0.50068 0.15819 0.0308 0.00454 0.00057 9e-05 2e-05 1e-05 1e-05 0 0 0 0 0 0 0 0 0 0 
1 0.49776 0.15605 0.03107 0.00476 0.00062 0.00012 4e-05 1e-05 0 0 0 0 0 0 0 0 0 0 0 
1 0.5019 0.15713 0.03054 0.00402 0.00044 4e-05 0 0 0 0 0 0 0 0 0 0 0 0 0 
1 0.5017 0.16063 0.0331 0.00519 0.00059 7e-05 0 0 0 0 0 0 0 0 0 0 0 0 0 
1 0.49822 0.15597 0.03235 0.0047 0.00058 4e-05 0 0 0 0 0 0 0 0 0 0 0 0 0 
1 0.50046 0.15837 0.03235 0.00459 0.00058 6e-05 0 0 0 0 0 0 0 0 0 0 0 0 0 
1 0.5016 0.15689 0.03124 0.00491 0.00053 4e-05 0 0 0 0 0 0 0 0 0 0 0 0 0 
1 0.50119 0.15802 0.03194 0.00497 0.00063 7e-05 2e-05 0 0 0 0 0 0 0 0 0 0 0 0 
1 0.50382 0.16134 0.03247 0.00491 0.00071 8e-05 1e-05 0 0 0 0 0 0 0 0 0 0 0 0 
1 0.50243 0.16084 0.03396 0.00505 0.00059 8e-05 1e-05 0 0 0 0 0 0 0 0 0 0 0 0 
1 0.49825 0.15697 0.03116 0.00451 0.00057 5e-05 0 0 0 0 0 0 0 0 0 0 0 0 0 
1 0.49906 0.15791 0.03196 0.00474 0.00056 6e-05 1e-05 0 0 0 0 0 0 0 0 0 0 0 0 
