1 0.750867 0.43339 0.16118 0.03189 0.0034575 0.0002225 7.5e-06 2.5e-06 0 0 0 0 0 0 0 0 0 0 0 
1 0.749707 0.431 0.158827 0.0319225 0.003355 0.0002025 7.5e-06 0 0 0 0 0 0 0 0 0 0 0 0 
1 0.748527 0.428863 0.156825 0.0310925 0.0032275 0.0002175 7.5e-06 0 0 0 0 0 0 0 0 0 0 0 0 
1 0.749042 0.430948 0.15894 0.0315 0.0033225 0.0002225 2e-05 0 0 0 0 0 0 0 0 0 0 0 0 
1 0.748525 0.430858 0.158947 0.03204 0.003385 0.000215 7.5e-06 0 0 0 0 0 0 0 0 0 0 0 0 
1 0.750627 0.43333 0.162012 0.0326375 0.00341 0.0002325 2.5e-06 0 0 0 0 0 0 0 0 0 0 0 0 
1 0.74919 0.43175 0.16019 0.0319025 0.0033275 0.000165 7.5e-06 0 0 0 0 0 0 0 0 0 0 0 0 
1 0.75011 0.432885 0.160505 0.031785 0.0032125 0.00017 7.5e-06 2.5e-06 0 0 0 0 0 0 0 0 0 0 0 
1 0.749422 0.430903 0.158992 0.031475 0.00323 0.0001875 1.25e-05 0 0 0 0 0 0 0 0 0 0 0 0 
1 0.748612 0.431153 0.159395 0.03155 0.0031225 0.00018 2.5e-06 0 0 0 0 0 0 0 0 0 0 0 0 
1 0.749907 0.430713 0.15821 0.0316025 0.0031725 0.00021 2.5e-06 0 0 0 0 0 0 0 0 0 0 0 0 
1 0.748607 0.429513 0.15777 0.0315125 0.0031925 0.00018 5e-06 0 0 0 0 0 0 0 0 0 0 0 0 
1 0.750182 0.43149 0.159007 0.0313425 0.003085 0.0001975 2.5e-06 0 0 0 0 0 0 0 0 0 0 0 0 
1 0.75038 0.433855 0.160625 0.0323825 0.00336 0.0002475 1.5e-05 2.5e-06 0 0 0 0 0 0 0 0 0 0 0 
1 0.752037 0.434068 0.161555 0.03237 0.0032775 0.00019 1e-05 0 0 0 0 0 0 0 0 0 0 0 0 
1 0.749527 0.431758 0.15956 0.03179 0.003345 0.000165 1e-05 0 0 0 0 0 0 0 0 0 0 0 0 
1 0.748642 0.429233 0.158217 0.03116 0.00323 0.000185 1.25e-05 0 0 0 0 0 0 0 0 0 0 0 0 
1 0.749835 0.432818 0.160092 0.031895 0.0031875 0.0002425 5e-06 0 0 0 0 0 0 0 0 0 0 0 0 
1 0.749955 0.432418 0.160582 0.03209 0.00316 0.0002375 2.25e-05 0 0 0 0 0 0 0 0 0 0 0 0 
1 0.751055 0.433113 0.1606 0.0316975 0.0033025 0.0002225 2.5e-06 0 0 0 0 0 0 0 0 0 0 0 0 
1 0.750342 0.431198 0.158642 0.0313925 0.003165 0.000215 1.25e-05 0 0 0 0 0 0 0 0 0 0 0 0 
1 0.74981 0.432608 0.159685 0.0314275 0.003205 0.0002025 1.25e-05 0 0 0 0 0 0 0 0 0 0 0 0 
1 0.750187 0.433805 0.159982 0.031655 0.0032775 0.0002125 7.5e-06 0 0 0 0 0 0 0 0 0 0 0 0 
1 0.750702 0.433623 0.161692 0.0324475 0.00347 0.0002325 5e-06 0 0 0 0 0 0 0 0 0 0 0 0 
1 0.748942 0.429153 0.157907 0.0312025 0.0032925 0.00023 7.5e-06 0 0 0 0 0 0 0 0 0 0 0 0 
1 0.75026 0.431633 0.160322 0.032855 0.003535 0.0002225 1.5e-05 0 0 0 0 0 0 0 0 0 0 0 0 
1 0.74906 0.430123 0.15816 0.030835 0.0031 0.000175 2.5e-06 0 0 0 0 0 0 0 0 0 0 0 0 
1 0.749852 0.431325 0.15805 0.0309975 0.0031 0.00017 5e-06 0 0 0 0 0 0 0 0 0 0 0 0 
1 0.750555 0.43349 0.16122 0.0323675 0.0034475 0.0002375 1.75e-05 0 0 0 0 0 0 0 0 0 0 0 0 
1 0.749132 0.42982 0.15731 0.0309675 0.00315 0.0002025 7.5e-06 2.5e-06 0 0 0 0 0 0 0 0 0 0 0 
1 0.749195 0.431913 0.16068 0.0324175 0.0034625 0.0002175 1e-05 0 0 0 0 0 0 0 0 0 0 0 0 
1 0.750362 0.433293 0.161232 0.0325525 0.003225 0.0002275 7.5e-06 0 0 0 0 0 0 0 0 0 0 0 0 
1 0.75054 0.43195 0.159045 0.031495 0.0033625 0.0001475 0 0 0 0 0 0 0 0 0 0 0 0 0 
1 0.749827 0.431028 0.159605 0.0318475 0.003255 0.0002025 2.5e-06 0 0 0 0 0 0 0 0 0 0 0 0 
1 0.750297 0.432163 0.158257 0.0312625 0.00338 0.0001925 1e-05 0 0 0 0 0 0 0 0 0 0 0 0 
1 0.749812 0.431803 0.15976 0.031565 0.003205 0.0002875 1.25e-05 2.5e-06 0 0 0 0 0 0 0 0 0 0 0 
1 0.749597 0.432203 0.161747 0.0326875 0.0035325 0.0002225 1.5e-05 0 0 0 0 0 0 0 0 0 0 0 0 
1 0.749505 0.431368 0.157697 0.0309 0.0030925 0.0001625 1.25e-05 0 0 0 0 0 0 0 0 0 0 0 0 
1 0.749557 0.431173 0.158572 0.0310925 0.00322 0.0001875 1.5e-05 2.5e-06 0 0 0 0 0 0 0 0 0 0 0 
1 0.7516 0.4335 0.161217 0.033045 0.0035975 0.0001625 5e-06 0 0 0 0 0 0 0 0 0 0 0 0 
1 0.750292 0.430458 0.160112 0.03281 0.0034375 0.00023 1e-05 0 0 0 0 0 0 0 0 0 0 0 0 
1 0.746087 0.426125 0.154857 0.03025 0.00303 0.0001525 2.5e-06 0 0 0 0 0 0 0 0 0 0 0 0 
1 0.7517 0.434388 0.160245 0.031525 0.00321 0.0001875 2.5e-06 0 0 0 0 0 0 0 0 0 0 0 0 
1 0.750157 0.43214 0.159615 0.03216 0.00342 0.0002125 5e-06 0 0 0 0 0 0 0 0 0 0 0 0 
1 0.748895 0.430258 0.158415 0.0314425 0.0034775 0.00019 1e-05 2.5e-06 0 0 0 0 0 0 0 0 0 0 0 
1 0.751712 0.4352 0.161892 0.03271 0.0034425 0.000205 1e-05 0 0 0 0 0 0 0 0 0 0 0 0 
1 0.748632 0.430555 0.160125 0.0320575 0.003405 0.0002375 7.5e-06 0 0 0 0 0 0 0 0 0 0 0 0 
1 0.750505 0.431405 0.159895 0.0318075 0.0033375 0.0001875 2.5e-06 0 0 0 0 0 0 0 0 0 0 0 0 
1 0.750512 0.433245 0.162432 0.03307 0.003475 0.00019 7.5e-06 0 0 0 0 0 0 0 0 0 0 0 0 
1 0.748075 0.428458 0.15672 0.030295 0.0029075 0.000195 1.5e-05 0 0 0 0 0 0 0 0 0 0 0 0 
1 0.749575 0.430545 0.159172 0.031665 0.0034775 0.0002125 5e-06 0 0 0 0 0 0 0 0 0 0 0 0 
1 0.74805 0.430543 0.157337 0.031115 0.0029975 0.00019 1e-05 0 0 0 0 0 0 0 0 0 0 0 0 
1 0.750197 0.432653 0.160927 0.03188 0.0033525 0.0001975 5e-06 0 0 0 0 0 0 0 0 0 0 0 0 
1 0.75041 0.432408 0.160285 0.0319575 0.003295 0.0001975 1e-05 0 0 0 0 0 0 0 0 0 0 0 0 
1 0.750555 0.431955 0.159052 0.0318675 0.0032975 0.000225 7.5e-06 0 0 0 0 0 0 0 0 0 0 0 0 
1 0.750695 0.433395 0.159827 0.0318325 0.0033 0.0002025 1.25e-05 2.5e-06 0 0 0 0 0 0 0 0 0 0 0 
1 0.75041 0.433265 0.161215 0.03245 0.003195 0.0002025 7.5e-06 2.5e-06 0 0 0 0 0 0 0 0 0 0 0 
1 0.749035 0.431878 0.159572 0.03138 0.0032775 0.0001875 2e-05 5e-06 0 0 0 0 0 0 0 0 0 0 0 
1 0.749737 0.433033 0.16115 0.0327 0.0034 0.0001725 2.5e-06 0 0 0 0 0 0 0 0 0 0 0 0 
1 0.749892 0.431755 0.160712 0.031895 0.00321 0.000195 5e-06 0 0 0 0 0 0 0 0 0 0 0 0 
1 0.750757 0.433048 0.16132 0.0323775 0.00361 0.00027 2e-05 0 0 0 0 0 0 0 0 0 0 0 0 
1 0.75186 0.435773 0.16181 0.0329125 0.003165 0.0001475 0 0 0 0 0 0 0 0 0 0 0 0 0 
1 0.750247 0.431795 0.159185 0.032045 0.0033875 0.000185 1.5e-05 0 0 0 0 0 0 0 0 0 0 0 0 
1 0.7518 0.43462 0.16177 0.0323675 0.0033025 0.000235 2.5e-06 0 0 0 0 0 0 0 0 0 0 0 0 
1 0.747637 0.429295 0.157267 0.0312725 0.003115 0.00021 2.5e-06 0 0 0 0 0 0 0 0 0 0 0 0 
1 0.75035 0.432718 0.159417 0.031905 0.00311 0.00018 2.5e-06 0 0 0 0 0 0 0 0 0 0 0 0 
1 0.749892 0.432793 0.160455 0.03197 0.00336 0.0001925 5e-06 0 0 0 0 0 0 0 0 0 0 0 0 
1 0.75172 0.434938 0.16126 0.0323975 0.0033825 0.00018 0 0 0 0 0 0 0 0 0 0 0 0 0 
1 0.74854 0.43012 0.15847 0.03185 0.0034375 0.00016 1e-05 0 0 0 0 0 0 0 0 0 0 0 0 
1 0.747885 0.429928 0.15822 0.0306875 0.0029375 0.00018 1.25e-05 2.5e-06 0 0 0 0 0 0 0 0 0 0 0 
1 0.75145 0.433788 0.161007 0.032225 0.00344 0.0002175 1e-05 0 0 0 0 0 0 0 0 0 0 0 0 
1 0.748855 0.432005 0.159307 0.032285 0.0032125 0.000185 1.25e-05 0 0 0 0 0 0 0 0 0 0 0 0 
1 0.74918 0.431425 0.159567 0.03182 0.0031625 0.0001575 1.5e-05 2.5e-06 0 0 0 0 0 0 0 0 0 0 0 
1 0.748522 0.431435 0.15884 0.0310925 0.00325 0.0001675 5e-06 0 0 0 0 0 0 0 0 0 0 0 0 
1 0.747667 0.430245 0.15766 0.0315475 0.00328 0.00022 1.25e-05 0 0 0 0 0 0 0 0 0 0 0 0 
1 0.750292 0.431328 0.160807 0.032205 0.0031125 0.000185 2.5e-06 0 0 0 0 0 0 0 0 0 0 0 0 
1 0.748262 0.429948 0.157847 0.031775 0.0033425 0.0002175 1.25e-05 0 0 0 0 0 0 0 0 0 0 0 0 
1 0.750545 0.433873 0.161382 0.0324075 0.0033425 0.0002225 2e-05 0 0 0 0 0 0 0 0 0 0 0 0 
1 0.748877 0.429628 0.158112 0.0312925 0.0032625 0.0002025 1.25e-05 0 0 0 0 0 0 0 0 0 0 0 0 
1 0.748982 0.430788 0.15838 0.0312475 0.0030375 0.0001325 7.5e-06 0 0 0 0 0 0 0 0 0 0 0 0 
1 0.74924 0.431523 0.15865 0.031595 0.0033925 0.00023 1.75e-05 0 0 0 0 0 0 0 0 0 0 0 0 
1 0.748652 0.43094 0.160067 0.03226 0.00338 0.000235 5e-06 0 0 0 0 0 0 0 0 0 0 0 0 
1 0.751025 0.434145 0.160642 0.03187 0.00327 0.0001725 1.25e-05 0 0 0 0 0 0 0 0 0 0 0 0 
1 0.750175 0.431915 0.159082 0.030935 0.00294 0.0001525 1.25e-05 0 0 0 0 0 0 0 0 0 0 0 0 
1 0.749522 0.4306 0.158532 0.0312075 0.00325 0.00023 1.25e-05 2.5e-06 0 0 0 0 0 0 0 0 0 0 0 
1 0.74875 0.431523 0.16082 0.0325775 0.003465 0.0002375 1.75e-05 0 0 0 0 0 0 0 0 0 0 0 0 
1 0.74751 0.42819 0.156477 0.0304575 0.00296 0.0002325 2.25e-05 0 0 0 0 0 0 0 0 0 0 0 0 
1 0.749782 0.432393 0.158102 0.0311025 0.00309 0.0001575 2.5e-06 0 0 0 0 0 0 0 0 0 0 0 0 
1 0.748725 0.430093 0.159275 0.0319975 0.00318 0.000195 7.5e-06 0 0 0 0 0 0 0 0 0 0 0 0 
1 0.751275 0.432073 0.160992 0.0321975 0.0035075 0.0002675 5e-06 0 0 0 0 0 0 0 0 0 0 0 0 
1 0.75031 0.433533 0.160882 0.031805 0.0030725 0.000185 0 0 0 0 0 0 0 0 0 0 0 0 0 
1 0.750172 0.432625 0.161537 0.0325725 0.00322 0.000195 1e-05 0 0 0 0 0 0 0 0 0 0 0 0 
1 0.74971 0.43155 0.159455 0.031975 0.0035375 0.000195 7.5e-06 0 0 0 0 0 0 0 0 0 0 0 0 
1 0.74912 0.431233 0.158607 0.0317675 0.0031925 0.000205 2.5e-06 0 0 0 0 0 0 0 0 0 0 0 0 
1 0.75212 0.435675 0.163377 0.032855 0.0033725 0.0002175 7.5e-06 0 0 0 0 0 0 0 0 0 0 0 0 
1 0.750132 0.43394 0.161692 0.0324575 0.0033275 0.000215 1.5e-05 0 0 0 0 0 0 0 0 0 0 0 0 
1 0.752562 0.436323 0.162425 0.033205 0.0035975 0.000225 7.5e-06 0 0 0 0 0 0 0 0 0 0 0 0 
1 0.749675 0.432093 0.159075 0.0319175 0.0032875 0.00021 5e-06 0 0 0 0 0 0 0 0 0 0 0 0 
1 0.749892 0.43332 0.161037 0.0320625 0.00342 0.0001825 1.75e-05 2.5e-06 0 0 0 0 0 0 0 0 0 0 0 
1 0.74945 0.431123 0.159345 0.0318875 0.0032575 0.0001525 1e-05 5e-06 0 0 0 0 0 0 0 0 0 0 0 
1 0.747537 0.428705 0.158207 0.03154 0.003495 0.0001925 1e-05 0 0 0 0 0 0 0 0 0 0 0 0 
1 0.752505 0.436415 0.164217 0.0338625 0.003965 0.0002925 1.5e-05 0 0 0 0 0 0 0 0 0 0 0 0 
1 0.749845 0.432315 0.161327 0.032985 0.00332 0.000205 5e-06 0 0 0 0 0 0 0 0 0 0 0 0 
1 0.74976 0.43185 0.158442 0.030645 0.0032025 0.0002725 7.5e-06 0 0 0 0 0 0 0 0 0 0 0 0 
1 0.749437 0.43143 0.15839 0.031295 0.00335 0.000235 1.25e-05 0 0 0 0 0 0 0 0 0 0 0 0 
1 0.748817 0.431168 0.15979 0.0316175 0.00347 0.000225 7.5e-06 0 0 0 0 0 0 0 0 0 0 0 0 
1 0.749155 0.43091 0.158375 0.0314525 0.0032 0.000235 1e-05 2.5e-06 0 0 0 0 0 0 0 0 0 0 0 
1 0.750772 0.43327 0.160605 0.0327275 0.00351 0.0001925 1.75e-05 0 0 0 0 0 0 0 0 0 0 0 0 
1 0.750107 0.43242 0.159157 0.0308275 0.00303 0.0001725 1.5e-05 0 0 0 0 0 0 0 0 0 0 0 0 
1 0.750297 0.432528 0.159862 0.0320775 0.0032125 0.00019 1e-05 0 0 0 0 0 0 0 0 0 0 0 0 
