1 0.69576 0.38108 0.15821 0.05157 0.01516 0.00379 0.00074 0.00011 2e-05 0 0 0 0 0 0 0 0 0 0 
1 0.6981 0.38122 0.16114 0.05385 0.0154 0.00323 0.00064 0.00015 3e-05 0 0 0 0 0 0 0 0 0 0 
1 0.70017 0.38128 0.15869 0.05243 0.0147 0.00378 0.00096 0.00016 5e-05 1e-05 0 0 0 0 0 0 0 0 0 
1 0.69989 0.38252 0.1593 0.05143 0.0144 0.00378 0.00087 0.0002 8e-05 2e-05 0 0 0 0 0 0 0 0 0 
1 0.69825 0.38203 0.15871 0.05216 0.01505 0.00368 0.00083 0.00017 6e-05 0 0 0 0 0 0 0 0 0 0 
1 0.70094 0.3838 0.16124 0.05399 0.01588 0.00386 0.00086 0.00021 4e-05 1e-05 0 0 0 0 0 0 0 0 0 
1 0.70173 0.38358 0.15893 0.0528 0.01496 0.00409 0.00097 0.00019 5e-05 2e-05 2e-05 2e-05 0 0 0 0 0 0 0 
1 0.69859 0.38376 0.16097 0.05417 0.01478 0.00367 0.00083 0.00014 5e-05 3e-05 0 0 0 0 0 0 0 0 0 
1 0.69945 0.38245 0.15967 0.05394 0.01574 0.00374 0.00084 0.00014 5e-05 1e-05 0 0 0 0 0 0 0 0 0 
1 0.70028 0.38308 0.15766 0.05289 0.01412 0.00343 0.00069 0.00017 2e-05 1e-05 0 0 0 0 0 0 0 0 0 
1 0.70058 0.38257 0.15817 0.0524 0.01542 0.00375 0.00101 0.00024 8e-05 0 0 0 0 0 0 0 0 0 0 
1 0.69782 0.38259 0.16001 0.05333 0.01438 0.0035 0.00064 0.00012 4e-05 1e-05 0 0 0 0 0 0 0 0 0 
1 0.70106 0.38613 0.16414 0.05607 0.0159 0.0037 0.001 0.00028 6e-05 1e-05 0 0 0 0 0 0 0 0 0 
1 0.70001 0.38049 0.15913 0.05191 0.01393 0.00382 0.00081 0.00021 5e-05 1e-05 0 0 0 0 0 0 0 0 0 
1 0.69902 0.38548 0.16214 0.05465 0.01571 0.00375 0.00079 0.00019 2e-05 0 0 0 0 0 0 0 0 0 0 
1 0.6977 0.38221 0.16199 0.0544 0.01582 0.00399 0.00105 0.00028 9e-05 2e-05 0 0 0 0 0 0 0 0 0 
1 0.70508 0.38834 0.16128 0.05493 0.01516 0.00381 0.00101 0.00026 5e-05 0 0 0 0 0 0 0 0 0 0 
1 0.70097 0.38216 0.1611 0.05437 0.01577 0.00379 0.00085 0.00021 2e-05 0 0 0 0 0 0 0 0 0 0 
1 0.7005 0.38375 0.16136 0.05337 0.01474 0.00345 0.00085 0.00024 8e-05 3e-05 0 0 0 0 0 0 0 0 0 
1 0.70036 0.3826 0.16078 0.05339 0.01588 0.00367 0.00082 0.00013 1e-05 5.30354e-17 0 0 0 0 0 0 0 0 0 
1 0.70164 0.38106 0.15876 0.05217 0.01409 0.00368 0.00091 0.00021 4e-05 2e-05 2e-05 0 0 0 0 0 0 0 0 
1 0.70085 0.3837 0.16225 0.05554 0.01532 0.00365 0.00094 0.00021 1e-05 0 0 0 0 0 0 0 0 0 0 
1 0.69602 0.37856 0.15756 0.05178 0.01458 0.0031 0.0006 0.00013 2e-05 0 0 0 0 0 0 0 0 0 0 
1 0.69631 0.381 0.15787 0.05146 0.01411 0.00333 0.00077 0.00019 6e-05 2e-05 0 0 0 0 0 0 0 0 0 
1 0.7021 0.38536 0.16038 0.05395 0.01465 0.00384 0.00072 9e-05 2e-05 0 0 0 0 0 0 0 0 0 0 
1 0.70153 0.38521 0.16089 0.05183 0.01436 0.00335 0.00066 8e-05 1e-05 0 0 0 0 0 0 0 0 0 0 
1 0.69965 0.38094 0.15762 0.05163 0.01425 0.00396 0.00091 0.00012 2e-05 0 0 0 0 0 0 0 0 0 0 
1 0.6993 0.38401 0.15978 0.05348 0.0154 0.0037 0.00071 0.00015 1e-05 0 0 0 0 0 0 0 0 0 0 
1 0.69759 0.38098 0.15853 0.05217 0.01457 0.00353 0.00066 0.00014 3e-05 0 0 0 0 0 0 0 0 0 0 
1 0.69848 0.38098 0.15755 0.05183 0.01455 0.00392 0.0008 0.00018 4e-05 1e-05 1e-05 0 0 0 0 0 0 0 0 
1 0.70094 0.38441 0.15965 0.05394 0.01548 0.00353 0.00063 7e-05 0 0 0 0 0 0 0 0 0 0 0 
1 0.69864 0.38358 0.16201 0.05479 0.01545 0.00367 0.00084 0.00022 6e-05 0 0 0 0 0 0 0 0 0 0 
1 0.69723 0.3807 0.15856 0.05315 0.01464 0.00365 0.00097 0.0002 1e-05 0 0 0 0 0 0 0 0 0 0 
1 0.69853 0.37954 0.15814 0.05218 0.01465 0.00385 0.00081 0.00016 2e-05 0 0 0 0 0 0 0 0 0 0 
1 0.70091 0.38668 0.1628 0.05453 0.01542 0.00404 0.00099 0.00027 6e-05 0 0 0 0 0 0 0 0 0 0 
1 0.70077 0.3851 0.16166 0.05327 0.015 0.00386 0.0008 0.00013 0 0 0 0 0 0 0 0 0 0 0 
1 0.69776 0.38171 0.15867 0.05342 0.0151 0.00371 0.00099 0.00032 0.00011 3e-05 0 0 0 0 0 0 0 0 0 
1 0.70224 0.38544 0.16191 0.05392 0.01447 0.0035 0.00074 0.00018 6e-05 1e-05 0 0 0 0 0 0 0 0 0 
1 0.70003 0.38296 0.15999 0.05377 0.0155 0.00349 0.00075 0.00024 8e-05 1e-05 1e-05 0 0 0 0 0 0 0 0 
1 0.69847 0.38261 0.15895 0.05177 0.01385 0.00335 0.00062 0.00015 2e-05 0 0 0 0 0 0 0 0 0 0 
1 0.70084 0.38541 0.16207 0.05453 0.01558 0.00368 0.00083 0.00011 2e-05 0 0 0 0 0 0 0 0 0 0 
1 0.70173 0.38413 0.16209 0.0536 0.01503 0.00341 0.00079 0.00011 1.72529e-17 0 0 0 0 0 0 0 0 0 0 
1 0.70388 0.3852 0.16252 0.0535 0.01464 0.00353 0.00078 0.00013 1e-05 0 0 0 0 0 0 0 0 0 0 
1 0.70077 0.38316 0.1615 0.05318 0.01521 0.00418 0.00084 0.00021 4e-05 0 0 0 0 0 0 0 0 0 0 
1 0.69954 0.38359 0.16174 0.05471 0.01552 0.00398 0.00094 0.00023 5e-05 0 0 0 0 0 0 0 0 0 0 
1 0.70011 0.38336 0.16117 0.05464 0.01576 0.00368 0.00086 0.00022 4e-05 0 0 0 0 0 0 0 0 0 0 
1 0.70376 0.38866 0.16339 0.05452 0.01491 0.0038 0.00075 0.00018 3e-05 0 0 0 0 0 0 0 0 0 0 
1 0.70326 0.38561 0.16219 0.05412 0.0153 0.00398 0.00096 0.00027 3e-05 0 0 0 0 0 0 0 0 0 0 
1 0.69904 0.37915 0.15733 0.05207 0.01432 0.00362 0.0008 0.00015 3e-05 1e-05 0 0 0 0 0 0 0 0 0 
1 0.69933 0.38449 0.15997 0.05276 0.01427 0.00354 0.00094 0.00025 6e-05 1e-05 0 0 0 0 0 0 0 0 0 
1 0.7029 0.38652 0.16212 0.05403 0.01533 0.00435 0.00116 0.00023 3e-05 0 0 0 0 0 0 0 0 0 0 
1 0.70076 0.38393 0.1603 0.0531 0.01512 0.00365 0.00066 8e-05 2e-05 0 0 0 0 0 0 0 0 0 0 
1 0.69972 0.3844 0.16387 0.05533 0.01578 0.00365 0.0007 0.00014 1e-05 0 0 0 0 0 0 0 0 0 0 
1 0.7044 0.38704 0.16107 0.05316 0.01544 0.00381 0.00088 0.00024 5e-05 1e-05 0 0 0 0 0 0 0 0 0 
1 0.70025 0.38384 0.16051 0.05338 0.01539 0.0043 0.00093 0.00024 5e-05 1e-05 0 0 0 0 0 0 0 0 0 
1 0.70013 0.38459 0.16259 0.05504 0.01559 0.00403 0.00095 0.00011 4e-05 1e-05 0 0 0 0 0 0 0 0 0 
1 0.70389 0.38615 0.16265 0.05383 0.01449 0.00325 0.00068 0.00019 5e-05 0 0 0 0 0 0 0 0 0 0 
1 0.69781 0.38015 0.15882 0.05288 0.01494 0.00371 0.00083 0.00019 2e-05 0 0 0 0 0 0 0 0 0 0 
1 0.70011 0.38185 0.16001 0.05419 0.01509 0.00412 0.00093 0.00016 5e-05 0 0 0 0 0 0 0 0 0 0 
1 0.69913 0.38253 0.16068 0.05329 0.01399 0.00349 0.00085 0.00018 3e-05 0 0 0 0 0 0 0 0 0 0 
1 0.70083 0.38403 0.16106 0.05375 0.01503 0.00359 0.00089 0.00019 4e-05 0 0 0 0 0 0 0 0 0 0 
1 0.69828 0.38092 0.15887 0.05245 0.01487 0.00383 0.00095 0.0002 3e-05 1e-05 0 0 0 0 0 0 0 0 0 
1 0.6976 0.382 0.16123 0.05401 0.01482 0.00357 0.0008 0.00017 2e-05 0 0 0 0 0 0 0 0 0 0 
1 0.69743 0.37989 0.15712 0.05096 0.01406 0.00322 0.0008 0.00019 2e-05 0 0 0 0 0 0 0 0 0 0 
1 0.69906 0.37953 0.15691 0.0505 0.01381 0.00323 0.00073 9e-05 2e-05 0 0 0 0 0 0 0 0 0 0 
1 0.69921 0.37951 0.15726 0.05314 0.01453 0.00349 0.00076 0.00014 1e-05 0 0 0 0 0 0 0 0 0 0 
1 0.70263 0.38486 0.16106 0.05392 0.01581 0.00408 0.00106 0.0003 7e-05 1e-05 0 0 0 0 0 0 0 0 0 
1 0.70171 0.38489 0.16064 0.05355 0.01453 0.00376 0.00092 0.00021 4e-05 1e-05 0 0 0 0 0 0 0 0 0 
1 0.70111 0.38362 0.15946 0.0526 0.01447 0.00334 0.00071 0.00011 0 0 0 0 0 0 0 0 0 0 0 
1 0.69752 0.3805 0.158 0.05187 0.01523 0.00408 0.00109 0.00025 5e-05 1e-05 0 0 0 0 0 0 0 0 0 
1 0.69968 0.3837 0.15987 0.05373 0.01452 0.0036 0.00085 0.00016 4e-05 1e-05 0 0 0 0 0 0 0 0 0 
1 0.7013 0.384 0.15915 0.05277 0.01582 0.00401 0.001 0.00023 5e-05 1e-05 0 0 0 0 0 0 0 0 0 
1 0.70241 0.38401 0.16138 0.05418 0.01501 0.00375 0.00093 0.00023 4e-05 0 0 0 0 0 0 0 0 0 0 
1 0.69864 0.38227 0.15951 0.05254 0.01383 0.00339 0.00071 9e-05 2e-05 0 0 0 0 0 0 0 0 0 0 
1 0.69843 0.38054 0.15873 0.05204 0.01361 0.00329 0.0008 0.00016 3e-05 0 0 0 0 0 0 0 0 0 0 
1 0.70174 0.38209 0.15971 0.05279 0.01459 0.00374 0.00081 0.00018 4e-05 0 0 0 0 0 0 0 0 0 0 
1 0.69946 0.3822 0.15939 0.05392 0.0151 0.00351 0.00074 0.00015 4e-05 0 0 0 0 0 0 0 0 0 0 
1 0.69997 0.38061 0.15934 0.05247 0.01482 0.00344 0.00079 0.00016 7e-05 2e-05 0 0 0 0 0 0 0 0 0 
1 0.69945 0.38221 0.15869 0.0524 0.01513 0.00386 0.00092 0.00011 3e-05 2.06501e-18 0 0 0 0 0 0 0 0 0 
1 0.69921 0.38139 0.1609 0.05424 0.01527 0.00387 0.00082 0.00019 5e-05 0 0 0 0 0 0 0 0 0 0 
1 0.69737 0.38004 0.15805 0.05159 0.01344 0.0031 0.0006 0.00011 4e-05 0 0 0 0 0 0 0 0 0 0 
1 0.69868 0.38151 0.16039 0.05378 0.01439 0.0035 0.00082 0.00014 4e-05 0 0 0 0 0 0 0 0 0 0 
1 0.69744 0.37853 0.15634 0.05136 0.01401 0.00361 0.00083 0.00019 4e-05 1e-05 0 0 0 0 0 0 0 0 0 
1 0.69878 0.37983 0.15862 0.05193 0.01452 0.00367 0.00077 0.00011 3e-05 1e-05 0 0 0 0 0 0 0 0 0 
1 0.70003 0.38558 0.16438 0.05655 0.01548 0.00398 0.00085 0.00015 2e-05 1e-05 0 0 0 0 0 0 0 0 0 
1 0.70117 0.38658 0.16192 0.05384 0.01518 0.00392 0.00083 0.00012 1e-05 0 0 0 0 0 0 0 0 0 0 
1 0.69979 0.38568 0.16066 0.05351 0.01496 0.00388 0.00092 0.00026 2e-05 1e-05 0 0 0 0 0 0 0 0 0 
1 0.70128 0.38193 0.15849 0.05242 0.01471 0.00325 0.00063 0.00011 4e-05 1e-05 0 0 0 0 0 0 0 0 0 
1 0.70153 0.38487 0.16199 0.05422 0.01611 0.00375 0.00099 0.00023 5e-05 0 0 0 0 0 0 0 0 0 0 
1 0.69747 0.37922 0.16012 0.05402 0.01535 0.00369 0.00078 0.00022 5e-05 1e-05 0 0 0 0 0 0 0 0 0 
1 0.69869 0.38084 0.15975 0.05315 0.01524 0.00385 0.00083 0.00016 3e-05 1e-05 0 0 0 0 0 0 0 0 0 
1 0.70113 0.38281 0.15986 0.05342 0.0153 0.00367 0.00075 0.00019 2e-05 0 0 0 0 0 0 0 0 0 0 
1 0.69881 0.38345 0.15937 0.05147 0.01334 0.00313 0.00082 0.00024 2e-05 1e-05 0 0 0 0 0 0 0 0 0 
1 0.70063 0.38086 0.15776 0.05236 0.01494 0.00404 0.00102 0.00024 1e-05 0 0 0 0 0 0 0 0 0 0 
1 0.70075 0.38491 0.1615 0.05486 0.01524 0.00425 0.00118 0.00035 0.0001 0 0 0 0 0 0 0 0 0 0 
1 0.70101 0.38333 0.16161 0.05464 0.01459 0.00362 0.00073 0.00013 6e-05 1e-05 1e-05 0 0 0 0 0 0 0 0 
1 0.7005 0.38395 0.15988 0.05322 0.01504 0.00383 0.00093 0.00023 4e-05 1e-05 0 0 0 0 0 0 0 0 0 
1 0.70141 0.38337 0.15981 0.05246 0.01433 0.00352 0.00075 0.00012 0 0 0 0 0 0 0 0 0 0 0 
1 0.69977 0.3832 0.15814 0.05239 0.01424 0.00412 0.00093 0.00012 3e-05 0 0 0 0 0 0 0 0 0 0 
1 0.69706 0.38209 0.15885 0.05148 0.01408 0.00346 0.00073 0.00013 4e-05 0 0 0 0 0 0 0 0 0 0 
1 0.69866 0.38139 0.15819 0.05279 0.01485 0.00378 0.00072 0.00017 5e-05 1e-05 0 0 0 0 0 0 0 0 0 
1 0.70236 0.38272 0.16187 0.05435 0.01563 0.00386 0.00085 0.00015 3e-05 1e-05 0 0 0 0 0 0 0 0 0 
1 0.69794 0.38158 0.15985 0.05267 0.01449 0.00374 0.00104 0.00026 3e-05 1e-05 0 0 0 0 0 0 0 0 0 
1 0.70052 0.38479 0.16041 0.05294 0.01412 0.00342 0.00065 0.00012 0 0 0 0 0 0 0 0 0 0 0 
1 0.70011 0.38121 0.15801 0.05221 0.0149 0.00381 0.00084 0.00018 3e-05 1e-05 0 0 0 0 0 0 0 0 0 
