1 0.747155 0.44014 0.18217 0.050835 0.00981 0.00156 0.000165 5e-06 0 0 0 0 0 0 0 0 0 0 0 
1 0.750605 0.44247 0.183945 0.052055 0.010285 0.001645 0.00016 2e-05 0 0 0 0 0 0 0 0 0 0 0 
1 0.75143 0.44655 0.18661 0.053155 0.010345 0.001545 0.00017 1.5e-05 5e-06 0 0 0 0 0 0 0 0 0 0 
1 0.75273 0.44639 0.18557 0.052375 0.01017 0.00138 0.000125 0 0 0 0 0 0 0 0 0 0 0 0 
1 0.751135 0.444565 0.186335 0.051815 0.010375 0.00153 0.00025 6.5e-05 1e-05 0 0 0 0 0 0 0 0 0 0 
1 0.747875 0.43817 0.180755 0.05039 0.009615 0.00137 0.00013 2e-05 5e-06 0 0 0 0 0 0 0 0 0 0 
1 0.750245 0.44125 0.183625 0.051495 0.010225 0.00165 0.0002 3e-05 0 0 0 0 0 0 0 0 0 0 0 
1 0.75029 0.441675 0.18529 0.05179 0.010235 0.001555 0.000215 2.5e-05 5e-06 0 0 0 0 0 0 0 0 0 0 
1 0.7543 0.44762 0.189565 0.05336 0.010485 0.00152 0.000205 2e-05 1e-05 0 0 0 0 0 0 0 0 0 0 
1 0.749955 0.442125 0.184045 0.051445 0.0097 0.00138 0.00012 5e-06 0 0 0 0 0 0 0 0 0 0 0 
1 0.750785 0.443745 0.184825 0.05232 0.010325 0.00151 0.000175 2.5e-05 0 0 0 0 0 0 0 0 0 0 0 
1 0.749255 0.441425 0.18287 0.05217 0.010415 0.001805 0.0002 2e-05 1e-05 0 0 0 0 0 0 0 0 0 0 
1 0.751005 0.44384 0.187705 0.05381 0.010685 0.001535 0.000155 5e-06 0 0 0 0 0 0 0 0 0 0 0 
1 0.74924 0.440835 0.184785 0.051055 0.00963 0.001375 0.000205 4.5e-05 0 0 0 0 0 0 0 0 0 0 0 
1 0.749435 0.441405 0.182345 0.05017 0.009785 0.00142 0.00018 3.5e-05 0 0 0 0 0 0 0 0 0 0 0 
1 0.752815 0.44565 0.18865 0.05474 0.010735 0.001605 0.0002 4.5e-05 0 0 0 0 0 0 0 0 0 0 0 
1 0.75144 0.443265 0.185025 0.051475 0.009665 0.0012 9e-05 5e-06 0 0 0 0 0 0 0 0 0 0 0 
1 0.75039 0.44002 0.181585 0.050195 0.009815 0.001555 0.00022 2e-05 0 0 0 0 0 0 0 0 0 0 0 
1 0.74986 0.443745 0.187175 0.05467 0.011125 0.00198 0.00028 2.5e-05 5e-06 0 0 0 0 0 0 0 0 0 0 
1 0.74861 0.442375 0.185165 0.052705 0.0105 0.001605 0.000215 1.5e-05 0 0 0 0 0 0 0 0 0 0 0 
1 0.74897 0.440545 0.183105 0.05177 0.01013 0.00149 0.000155 2.5e-05 0 0 0 0 0 0 0 0 0 0 0 
1 0.748135 0.43999 0.18126 0.0511 0.009735 0.00137 0.000155 1.5e-05 5e-06 0 0 0 0 0 0 0 0 0 0 
1 0.74765 0.43984 0.18327 0.05137 0.01011 0.00162 0.000225 4e-05 0 0 0 0 0 0 0 0 0 0 0 
1 0.750705 0.444505 0.18378 0.05141 0.009765 0.001395 0.000155 1.5e-05 0 0 0 0 0 0 0 0 0 0 0 
1 0.750115 0.443455 0.18495 0.052165 0.010465 0.00149 0.00015 2e-05 0 0 0 0 0 0 0 0 0 0 0 
1 0.74918 0.4408 0.18371 0.05188 0.010065 0.00141 0.000185 2e-05 0 0 0 0 0 0 0 0 0 0 0 
1 0.74858 0.43908 0.183935 0.050725 0.010375 0.001665 0.000225 3.5e-05 1e-05 0 0 0 0 0 0 0 0 0 0 
1 0.750645 0.442105 0.18513 0.052115 0.010325 0.001645 0.0003 4e-05 0 0 0 0 0 0 0 0 0 0 0 
1 0.75025 0.44694 0.187705 0.054765 0.011285 0.00186 0.00028 3.5e-05 0 0 0 0 0 0 0 0 0 0 0 
1 0.74892 0.44143 0.18243 0.05153 0.01091 0.0019 0.00027 3e-05 0 0 0 0 0 0 0 0 0 0 0 
1 0.75 0.441805 0.182885 0.0512 0.010365 0.00136 0.00011 1.5e-05 0 0 0 0 0 0 0 0 0 0 0 
1 0.74968 0.444435 0.185555 0.05235 0.01026 0.00149 0.00014 5e-06 0 0 0 0 0 0 0 0 0 0 0 
1 0.749995 0.442985 0.18601 0.05258 0.01081 0.001735 0.0002 5e-05 1.5e-05 0 0 0 0 0 0 0 0 0 0 
1 0.75085 0.442735 0.18522 0.05149 0.01052 0.001575 0.00022 4e-05 5e-06 0 0 0 0 0 0 0 0 0 0 
1 0.750505 0.44128 0.18575 0.052315 0.010565 0.001495 0.000165 1.5e-05 0 0 0 0 0 0 0 0 0 0 0 
1 0.75208 0.443155 0.187 0.05328 0.010455 0.001565 0.00025 2e-05 1.15186e-19 0 0 0 0 0 0 0 0 0 0 
1 0.749585 0.44291 0.18559 0.052555 0.010885 0.001845 0.00027 2e-05 0 0 0 0 0 0 0 0 0 0 0 
1 0.749615 0.443 0.18479 0.052295 0.010555 0.00174 0.00024 1.5e-05 0 0 0 0 0 0 0 0 0 0 0 
1 0.750575 0.44518 0.18602 0.05327 0.010605 0.00156 0.000175 2e-05 0 0 0 0 0 0 0 0 0 0 0 
1 0.74872 0.43932 0.182175 0.04964 0.00965 0.001425 0.0002 1e-05 0 0 0 0 0 0 0 0 0 0 0 
1 0.74998 0.44261 0.18471 0.05254 0.01043 0.00164 0.000215 3.5e-05 0 0 0 0 0 0 0 0 0 0 0 
1 0.749545 0.439705 0.182715 0.051495 0.010015 0.001415 0.00016 3e-05 0 0 0 0 0 0 0 0 0 0 0 
1 0.75102 0.443855 0.18633 0.052475 0.0101 0.00157 0.00022 2.5e-05 0 0 0 0 0 0 0 0 0 0 0 
1 0.74921 0.44 0.18161 0.050885 0.01024 0.00141 0.000175 1.5e-05 0 0 0 0 0 0 0 0 0 0 0 
1 0.74958 0.44304 0.184065 0.052635 0.01072 0.00163 0.0002 1.5e-05 5e-06 0 0 0 0 0 0 0 0 0 0 
1 0.750765 0.441775 0.18491 0.052455 0.01057 0.00157 0.000125 1.5e-05 0 0 0 0 0 0 0 0 0 0 0 
1 0.74934 0.44121 0.185685 0.05221 0.01016 0.00147 0.000185 2e-05 0 0 0 0 0 0 0 0 0 0 0 
1 0.74843 0.44067 0.182285 0.050405 0.01005 0.001505 0.00015 1.5e-05 0 0 0 0 0 0 0 0 0 0 0 
1 0.749185 0.44088 0.1845 0.0511 0.00957 0.001445 0.000135 1.5e-05 0 0 0 0 0 0 0 0 0 0 0 
1 0.748145 0.439315 0.1823 0.051025 0.010485 0.00182 0.00027 4.5e-05 5e-06 0 0 0 0 0 0 0 0 0 0 
1 0.74938 0.44204 0.18369 0.051305 0.00973 0.001315 0.00015 1.5e-05 5e-06 0 0 0 0 0 0 0 0 0 0 
1 0.75172 0.44574 0.18603 0.05305 0.01023 0.001655 0.00018 1e-05 0 0 0 0 0 0 0 0 0 0 0 
1 0.74974 0.444305 0.183885 0.05168 0.0099 0.0013 0.00013 2e-05 0 0 0 0 0 0 0 0 0 0 0 
1 0.750085 0.443115 0.185995 0.052585 0.01019 0.00157 0.00018 1.5e-05 0 0 0 0 0 0 0 0 0 0 0 
1 0.75075 0.443175 0.18724 0.053265 0.01076 0.001805 0.00025 4e-05 5e-06 0 0 0 0 0 0 0 0 0 0 
1 0.7527 0.446955 0.18744 0.054545 0.01114 0.0018 0.00025 3.5e-05 1e-05 0 0 0 0 0 0 0 0 0 0 
1 0.75091 0.441285 0.18296 0.05092 0.00958 0.00127 0.00015 1e-05 0 0 0 0 0 0 0 0 0 0 0 
1 0.75536 0.451535 0.19022 0.054005 0.011245 0.00174 0.000205 2.5e-05 5e-06 0 0 0 0 0 0 0 0 0 0 
1 0.749145 0.442255 0.185085 0.05232 0.01014 0.00154 9.5e-05 1e-05 5e-06 5e-06 5e-06 0 0 0 0 0 0 0 0 
1 0.75047 0.44239 0.1858 0.052105 0.01067 0.001555 0.000185 2e-05 5e-06 0 0 0 0 0 0 0 0 0 0 
1 0.748965 0.44163 0.1834 0.051165 0.00972 0.001425 0.000185 1.5e-05 0 0 0 0 0 0 0 0 0 0 0 
1 0.751135 0.444465 0.18581 0.052035 0.01042 0.00177 0.00032 6.5e-05 1e-05 0 0 0 0 0 0 0 0 0 0 
1 0.74989 0.44133 0.184035 0.05134 0.0102 0.001455 0.000195 3e-05 0 0 0 0 0 0 0 0 0 0 0 
1 0.74946 0.44281 0.184315 0.051675 0.009745 0.001435 0.00013 1.5e-05 0 0 0 0 0 0 0 0 0 0 0 
1 0.74834 0.44043 0.181465 0.05053 0.009795 0.00158 0.00018 5e-06 0 0 0 0 0 0 0 0 0 0 0 
1 0.749705 0.44414 0.18445 0.05058 0.009605 0.001425 0.00018 3e-05 0 0 0 0 0 0 0 0 0 0 0 
1 0.74903 0.43974 0.182695 0.05216 0.0102 0.0016 0.000195 1.5e-05 0 0 0 0 0 0 0 0 0 0 0 
1 0.75272 0.443705 0.184035 0.051085 0.00995 0.00157 0.00013 5e-06 0 0 0 0 0 0 0 0 0 0 0 
1 0.75208 0.4446 0.187215 0.05406 0.01094 0.001715 0.000215 4e-05 0 0 0 0 0 0 0 0 0 0 0 
1 0.750245 0.44333 0.184275 0.051285 0.00984 0.00139 0.000155 5e-06 0 0 0 0 0 0 0 0 0 0 0 
1 0.7483 0.43963 0.18269 0.052015 0.010325 0.00186 0.0003 3.5e-05 0 0 0 0 0 0 0 0 0 0 0 
1 0.74752 0.438275 0.17877 0.049535 0.00928 0.00123 0.000155 1e-05 0 0 0 0 0 0 0 0 0 0 0 
1 0.747415 0.44015 0.18259 0.051035 0.010115 0.001545 0.00015 5e-06 0 0 0 0 0 0 0 0 0 0 0 
1 0.748255 0.440245 0.182365 0.05058 0.010045 0.00142 0.00015 1e-05 5e-06 0 0 0 0 0 0 0 0 0 0 
1 0.7496 0.4393 0.181325 0.05102 0.01023 0.001615 0.00025 4e-05 5e-06 0 0 0 0 0 0 0 0 0 0 
1 0.74954 0.44097 0.18318 0.052415 0.01082 0.00186 0.00037 8e-05 2e-05 5e-06 0 0 0 0 0 0 0 0 0 
1 0.74904 0.44008 0.182455 0.05218 0.01053 0.00175 0.000235 4.5e-05 1e-05 5e-06 0 0 0 0 0 0 0 0 0 
1 0.74807 0.44186 0.184975 0.05162 0.01033 0.001605 0.000205 2e-05 0 0 0 0 0 0 0 0 0 0 0 
1 0.749695 0.442685 0.18472 0.051545 0.010705 0.00164 0.00019 0 0 0 0 0 0 0 0 0 0 0 0 
1 0.749365 0.440685 0.183995 0.051475 0.010375 0.001555 0.000185 2.5e-05 0 0 0 0 0 0 0 0 0 0 0 
1 0.75058 0.444665 0.18592 0.05215 0.01061 0.001745 0.0003 7e-05 2.5e-05 0 0 0 0 0 0 0 0 0 0 
1 0.747435 0.438255 0.180145 0.05019 0.009585 0.00145 0.000205 2e-05 1e-05 0 0 0 0 0 0 0 0 0 0 
1 0.750575 0.443295 0.18598 0.05235 0.01014 0.001425 0.000155 2.5e-05 0 0 0 0 0 0 0 0 0 0 0 
1 0.75077 0.44412 0.18652 0.053005 0.01104 0.00181 0.00023 2.5e-05 0 0 0 0 0 0 0 0 0 0 0 
1 0.753715 0.445775 0.18746 0.0545 0.01126 0.00179 0.00022 3.5e-05 5e-06 0 0 0 0 0 0 0 0 0 0 
1 0.750875 0.44278 0.184395 0.05149 0.010195 0.001645 0.00024 1.5e-05 0 0 0 0 0 0 0 0 0 0 0 
1 0.74863 0.44037 0.181065 0.05078 0.010195 0.00178 0.000255 2e-05 5e-06 0 0 0 0 0 0 0 0 0 0 
1 0.74956 0.44115 0.184925 0.052435 0.010645 0.00169 0.00017 1e-05 0 0 0 0 0 0 0 0 0 0 0 
1 0.749705 0.44303 0.186735 0.052235 0.00999 0.00147 0.000195 1.5e-05 5e-06 0 0 0 0 0 0 0 0 0 0 
1 0.748395 0.44187 0.18313 0.0523 0.010315 0.00146 0.000225 1.5e-05 5e-06 0 0 0 0 0 0 0 0 0 0 
1 0.751835 0.444425 0.185335 0.052355 0.010445 0.00154 0.000225 2.5e-05 5e-06 0 0 0 0 0 0 0 0 0 0 
1 0.747445 0.43945 0.18023 0.050105 0.009645 0.001345 0.000155 2e-05 1e-05 0 0 0 0 0 0 0 0 0 0 
1 0.751215 0.44476 0.18443 0.052105 0.010385 0.00142 0.00014 1e-05 0 0 0 0 0 0 0 0 0 0 0 
1 0.750095 0.443155 0.18529 0.05222 0.009975 0.00156 0.0002 1.5e-05 0 0 0 0 0 0 0 0 0 0 0 
1 0.75008 0.441025 0.18261 0.05054 0.010125 0.00141 0.000245 1e-05 0 0 0 0 0 0 0 0 0 0 0 
1 0.75062 0.44582 0.18777 0.053695 0.01112 0.00165 0.0002 1e-05 5e-06 0 0 0 0 0 0 0 0 0 0 
1 0.748525 0.43941 0.180915 0.05077 0.010385 0.001555 0.000175 3e-05 1e-05 0 0 0 0 0 0 0 0 0 0 
1 0.75097 0.44552 0.18526 0.05217 0.010545 0.001515 0.00016 2e-05 0 0 0 0 0 0 0 0 0 0 0 
1 0.75423 0.44633 0.188755 0.053845 0.011145 0.0018 0.0002 3e-05 0 0 0 0 0 0 0 0 0 0 0 
1 0.75095 0.442575 0.182485 0.05072 0.009725 0.00137 0.00013 5e-06 0 0 0 0 0 0 0 0 0 0 0 
1 0.749255 0.44125 0.18277 0.05108 0.00966 0.001355 0.000155 2.5e-05 0 0 0 0 0 0 0 0 0 0 0 
1 0.749565 0.44011 0.181645 0.051285 0.00971 0.00125 0.000165 1e-05 0 0 0 0 0 0 0 0 0 0 0 
1 0.750945 0.44268 0.183245 0.0516 0.01037 0.001385 0.0002 4.5e-05 0 0 0 0 0 0 0 0 0 0 0 
1 0.74945 0.43988 0.182785 0.05111 0.01004 0.001425 0.000155 1.5e-05 5e-06 0 0 0 0 0 0 0 0 0 0 
1 0.7488 0.441205 0.18372 0.051745 0.00957 0.001385 0.00014 5e-06 0 0 0 0 0 0 0 0 0 0 0 
1 0.752185 0.4437 0.186075 0.05297 0.01035 0.001525 0.00019 1.5e-05 0 0 0 0 0 0 0 0 0 0 0 
