0
30 100
1 0.750763 0.429705 0.151948 0.025515 0.00191833 6e-05 0 0 0 0 0 0 0 0 0 0 0 0 0 
1 0.751055 0.430585 0.152505 0.0262433 0.001855 8.33333e-05 0 0 0 0 0 0 0 0 0 0 0 0 0 
1 0.749538 0.427992 0.151252 0.0255317 0.00178 7.66667e-05 5e-06 0 0 0 0 0 0 0 0 0 0 0 0 
1 0.746527 0.424315 0.14805 0.02437 0.001715 6e-05 0 0 0 0 0 0 0 0 0 0 0 0 0 
1 0.750583 0.427907 0.149145 0.02465 0.0017 5.33333e-05 0 0 0 0 0 0 0 0 0 0 0 0 0 
1 0.750187 0.428797 0.151662 0.0253833 0.001785 6.83333e-05 0 0 0 0 0 0 0 0 0 0 0 0 0 
1 0.749183 0.426895 0.14875 0.0246733 0.00182 0.000105 3.33333e-06 0 0 0 0 0 0 0 0 0 0 0 0 
1 0.749788 0.428018 0.15036 0.02505 0.00179 5.5e-05 1.66667e-06 0 0 0 0 0 0 0 0 0 0 0 0 
1 0.750953 0.430605 0.153445 0.02645 0.001965 5.5e-05 0 0 0 0 0 0 0 0 0 0 0 0 0 
1 0.751725 0.4304 0.151902 0.025435 0.00177167 4.83333e-05 0 0 0 0 0 0 0 0 0 0 0 0 0 
1 0.747335 0.425568 0.149198 0.024665 0.00171667 8.33333e-05 0 0 0 0 0 0 0 0 0 0 0 0 0 
1 0.749563 0.427483 0.149692 0.02504 0.001695 5e-05 1.66667e-06 0 0 0 0 0 0 0 0 0 0 0 0 
1 0.751283 0.430492 0.152657 0.0259733 0.00181333 7.83333e-05 0 0 0 0 0 0 0 0 0 0 0 0 0 
1 0.749023 0.426142 0.148975 0.0247683 0.00185167 7.66667e-05 5e-06 0 0 0 0 0 0 0 0 0 0 0 0 
1 0.751443 0.429498 0.152132 0.0259217 0.00182167 5.33333e-05 0 0 0 0 0 0 0 0 0 0 0 0 0 
1 0.749897 0.428033 0.150975 0.0253233 0.00184333 7.5e-05 5e-06 0 0 0 0 0 0 0 0 0 0 0 0 
1 0.748677 0.428183 0.150495 0.0251767 0.001785 5.5e-05 0 0 0 0 0 0 0 0 0 0 0 0 0 
1 0.750527 0.428683 0.15211 0.0260517 0.00205167 7.16667e-05 1.66667e-06 0 0 0 0 0 0 0 0 0 0 0 0 
1 0.74839 0.426032 0.149697 0.02525 0.00184333 4.83333e-05 0 0 0 0 0 0 0 0 0 0 0 0 0 
1 0.748168 0.426487 0.149972 0.024945 0.00172 6.83333e-05 0 0 0 0 0 0 0 0 0 0 0 0 0 
1 0.750855 0.430372 0.153393 0.0262817 0.00197667 0.0001 6.66667e-06 0 0 0 0 0 0 0 0 0 0 0 0 
1 0.74949 0.426242 0.149533 0.0250083 0.00186833 7.83333e-05 3.33333e-06 0 0 0 0 0 0 0 0 0 0 0 0 
1 0.748555 0.42538 0.149147 0.024945 0.001775 6.83333e-05 5e-06 0 0 0 0 0 0 0 0 0 0 0 0 
1 0.750432 0.430702 0.152335 0.0259433 0.00203833 9.83333e-05 0 0 0 0 0 0 0 0 0 0 0 0 0 
1 0.750893 0.430217 0.152247 0.025955 0.00194167 6e-05 1.66667e-06 0 0 0 0 0 0 0 0 0 0 0 0 
1 0.747565 0.425122 0.148798 0.0245117 0.00178333 5.66667e-05 0 0 0 0 0 0 0 0 0 0 0 0 0 
1 0.749752 0.429158 0.152303 0.0256 0.00189 9.33333e-05 1.66667e-06 0 0 0 0 0 0 0 0 0 0 0 0 
1 0.749055 0.427898 0.151135 0.0255333 0.00177167 7.16667e-05 5e-06 0 0 0 0 0 0 0 0 0 0 0 0 
1 0.751757 0.432143 0.15363 0.0262883 0.00181167 9e-05 1.66667e-06 0 0 0 0 0 0 0 0 0 0 0 0 
1 0.750565 0.428535 0.150383 0.02479 0.00160833 3.5e-05 0 0 0 0 0 0 0 0 0 0 0 0 0 
1 0.752312 0.430905 0.152483 0.0261517 0.001955 7.66667e-05 3.33333e-06 0 0 0 0 0 0 0 0 0 0 0 0 
1 0.752425 0.432972 0.154462 0.0262983 0.00192 7.66667e-05 1.66667e-06 0 0 0 0 0 0 0 0 0 0 0 0 
1 0.748808 0.426792 0.150072 0.0251 0.00160167 4e-05 0 0 0 0 0 0 0 0 0 0 0 0 0 
1 0.748505 0.425403 0.149232 0.02503 0.001685 6.33333e-05 1.66667e-06 0 0 0 0 0 0 0 0 0 0 0 0 
1 0.749672 0.42859 0.151013 0.02536 0.00170833 5.33333e-05 0 0 0 0 0 0 0 0 0 0 0 0 0 
1 0.749115 0.42708 0.149663 0.0248033 0.00174833 4.83333e-05 1.66667e-06 0 0 0 0 0 0 0 0 0 0 0 0 
1 0.751703 0.432313 0.153623 0.0260467 0.00191833 6.33333e-05 1.66667e-06 0 0 0 0 0 0 0 0 0 0 0 0 
1 0.750447 0.429312 0.151663 0.025685 0.001835 7.33333e-05 6.66667e-06 0 0 0 0 0 0 0 0 0 0 0 0 
1 0.750202 0.429557 0.15171 0.025265 0.00182667 7.16667e-05 0 0 0 0 0 0 0 0 0 0 0 0 0 
1 0.750552 0.430152 0.153128 0.026235 0.00179333 5.33333e-05 0 0 0 0 0 0 0 0 0 0 0 0 0 
1 0.749677 0.42643 0.149707 0.024695 0.00173667 6.33333e-05 0 0 0 0 0 0 0 0 0 0 0 0 0 
1 0.751327 0.430782 0.151813 0.025615 0.00174833 6.5e-05 3.33333e-06 0 0 0 0 0 0 0 0 0 0 0 0 
1 0.751643 0.430725 0.153103 0.026055 0.001995 6e-05 6.66667e-06 0 0 0 0 0 0 0 0 0 0 0 0 
0
30 100
1 0.749185 0.428603 0.150443 0.0252233 0.00182 4e-05 0 0 0 0 0 0 0 0 0 0 0 0 0 
1 0.748907 0.426375 0.148955 0.0246583 0.00173167 5.66667e-05 1.66667e-06 0 0 0 0 0 0 0 0 0 0 0 0 
1 0.75046 0.42979 0.152007 0.0258233 0.00196333 8.5e-05 1.66667e-06 0 0 0 0 0 0 0 0 0 0 0 0 
1 0.749228 0.427198 0.150468 0.0249467 0.00171167 6.66667e-05 3.33333e-06 0 0 0 0 0 0 0 0 0 0 0 0 
1 0.749418 0.428418 0.150588 0.024815 0.00165 4.83333e-05 0 0 0 0 0 0 0 0 0 0 0 0 0 
1 0.75005 0.428912 0.15174 0.0255883 0.00172833 7.5e-05 1.66667e-06 0 0 0 0 0 0 0 0 0 0 0 0 
1 0.74971 0.429047 0.150912 0.0253183 0.00170833 5.33333e-05 0 0 0 0 0 0 0 0 0 0 0 0 0 
1 0.750377 0.429368 0.152198 0.0261583 0.00200833 9e-05 0 0 0 0 0 0 0 0 0 0 0 0 0 
1 0.750077 0.430293 0.153028 0.0262683 0.00195833 4.83333e-05 3.33333e-06 0 0 0 0 0 0 0 0 0 0 0 0 
1 0.74935 0.426908 0.149825 0.0246467 0.00174667 8e-05 1.66667e-06 0 0 0 0 0 0 0 0 0 0 0 0 
1 0.748978 0.427098 0.150477 0.0253067 0.00179333 5.5e-05 1.66667e-06 0 0 0 0 0 0 0 0 0 0 0 0 
1 0.751373 0.429615 0.15155 0.025135 0.00173833 6.66667e-05 5e-06 0 0 0 0 0 0 0 0 0 0 0 0 
1 0.751832 0.431415 0.153528 0.0263433 0.00187667 6.66667e-05 0 0 0 0 0 0 0 0 0 0 0 0 0 
1 0.752242 0.431737 0.15356 0.0262417 0.00201333 0.00012 1.66667e-06 0 0 0 0 0 0 0 0 0 0 0 0 
1 0.748925 0.425733 0.148412 0.0249683 0.001695 7.5e-05 1.66667e-06 0 0 0 0 0 0 0 0 0 0 0 0 
1 0.74837 0.427127 0.14999 0.02509 0.00172167 5e-05 1.66667e-06 0 0 0 0 0 0 0 0 0 0 0 0 
1 0.751675 0.430283 0.152968 0.02607 0.00193833 6.83333e-05 0 0 0 0 0 0 0 0 0 0 0 0 0 
1 0.749143 0.427263 0.14984 0.02486 0.00177833 6.5e-05 1.66667e-06 0 0 0 0 0 0 0 0 0 0 0 0 
1 0.750183 0.428233 0.150545 0.025455 0.00184833 6.33333e-05 0 0 0 0 0 0 0 0 0 0 0 0 0 
1 0.750418 0.429263 0.1514 0.02561 0.00184167 7.16667e-05 1.66667e-06 0 0 0 0 0 0 0 0 0 0 0 0 
1 0.750527 0.42963 0.150628 0.0255633 0.001955 7.16667e-05 0 0 0 0 0 0 0 0 0 0 0 0 0 
1 0.748887 0.427852 0.15121 0.0259117 0.00190333 7e-05 5e-06 0 0 0 0 0 0 0 0 0 0 0 0 
1 0.748087 0.426145 0.148577 0.0247733 0.00172333 8.66667e-05 3.33333e-06 0 0 0 0 0 0 0 0 0 0 0 0 
1 0.750165 0.429248 0.152483 0.0259217 0.00182333 8e-05 1.66667e-06 0 0 0 0 0 0 0 0 0 0 0 0 
1 0.748333 0.42676 0.150893 0.0252217 0.00178167 6.66667e-05 1.66667e-06 0 0 0 0 0 0 0 0 0 0 0 0 
1 0.750197 0.430793 0.152328 0.025525 0.00188333 7.5e-05 5e-06 0 0 0 0 0 0 0 0 0 0 0 0 
1 0.748668 0.428035 0.150968 0.0258 0.00193833 8.33333e-05 3.33333e-06 0 0 0 0 0 0 0 0 0 0 0 0 
1 0.750022 0.427375 0.15009 0.0249283 0.00176333 8.66667e-05 1.66667e-06 0 0 0 0 0 0 0 0 0 0 0 0 
1 0.751143 0.430885 0.152785 0.025925 0.00177833 4.83333e-05 0 0 0 0 0 0 0 0 0 0 0 0 0 
1 0.750743 0.429952 0.152615 0.02624 0.00187 4.66667e-05 1.66667e-06 0 0 0 0 0 0 0 0 0 0 0 0 
1 0.749772 0.428118 0.151 0.0251783 0.00173167 6e-05 0 0 0 0 0 0 0 0 0 0 0 0 0 
1 0.748813 0.426278 0.14989 0.0247883 0.00180333 6.33333e-05 3.33333e-06 0 0 0 0 0 0 0 0 0 0 0 0 
1 0.749773 0.430842 0.152968 0.02612 0.00192333 6e-05 8.33333e-06 0 0 0 0 0 0 0 0 0 0 0 0 
1 0.746873 0.424082 0.147117 0.0238333 0.00159 5e-05 0 0 0 0 0 0 0 0 0 0 0 0 0 
1 0.750958 0.429738 0.152008 0.0255567 0.00187667 6.66667e-05 1.66667e-06 0 0 0 0 0 0 0 0 0 0 0 0 
1 0.74976 0.427567 0.150625 0.0255217 0.00180167 5.33333e-05 0 0 0 0 0 0 0 0 0 0 0 0 0 
1 0.750612 0.430502 0.152832 0.0259883 0.00187833 7.33333e-05 5e-06 0 0 0 0 0 0 0 0 0 0 0 0 
1 0.750308 0.428685 0.15277 0.025725 0.00165167 6.66667e-05 1.66667e-06 0 0 0 0 0 0 0 0 0 0 0 0 
1 0.7504 0.430438 0.152788 0.0257717 0.001905 9.33333e-05 0 0 0 0 0 0 0 0 0 0 0 0 0 
1 0.748612 0.426465 0.149973 0.0251017 0.00164667 5e-05 0 0 0 0 0 0 0 0 0 0 0 0 0 
1 0.751292 0.431687 0.153345 0.0261333 0.00186333 6.66667e-05 0 0 0 0 0 0 0 0 0 0 0 0 0 
1 0.747897 0.426803 0.15095 0.0255317 0.00196333 9.66667e-05 8.33333e-06 0 0 0 0 0 0 0 0 0 0 0 0 
1 0.749132 0.427812 0.149835 0.0249767 0.00168333 5.66667e-05 0 0 0 0 0 0 0 0 0 0 0 0 0 
1 0.748898 0.427897 0.151212 0.02552 0.00180333 5.66667e-05 1.66667e-06 0 0 0 0 0 0 0 0 0 0 0 0 
1 0.750047 0.428745 0.151553 0.0251917 0.00168833 6.83333e-05 6.66667e-06 0 0 0 0 0 0 0 0 0 0 0 0 
1 0.75106 0.428633 0.150927 0.025565 0.00186167 5.33333e-05 0 0 0 0 0 0 0 0 0 0 0 0 0 
1 0.749228 0.427432 0.15104 0.0254133 0.00182167 6.16667e-05 0 0 0 0 0 0 0 0 0 0 0 0 0 
1 0.74976 0.429603 0.151442 0.0252083 0.00165333 7.16667e-05 1.66667e-06 0 0 0 0 0 0 0 0 0 0 0 0 
1 0.750415 0.428047 0.151173 0.0256933 0.00181667 5.66667e-05 5e-06 0 0 0 0 0 0 0 0 0 0 0 0 
1 0.749662 0.428925 0.151468 0.025705 0.00182667 7.5e-05 1.66667e-06 0 0 0 0 0 0 0 0 0 0 0 0 
1 0.748918 0.427295 0.150305 0.0251183 0.00182 7.83333e-05 0 0 0 0 0 0 0 0 0 0 0 0 0 
1 0.751463 0.431293 0.154047 0.0259633 0.00180167 6.83333e-05 0 0 0 0 0 0 0 0 0 0 0 0 0 
1 0.751655 0.431838 0.153475 0.0256617 0.00188333 6e-05 3.33333e-06 1.66667e-06 0 0 0 0 0 0 0 0 0 0 0 
1 0.749678 0.42866 0.151875 0.0260383 0.00198833 8.83333e-05 1.66667e-06 0 0 0 0 0 0 0 0 0 0 0 0 
1 0.74943 0.427367 0.151217 0.02564 0.001905 8.66667e-05 1.66667e-06 0 0 0 0 0 0 0 0 0 0 0 0 
1 0.749222 0.426553 0.149663 0.0247 0.00167833 7e-05 5e-06 0 0 0 0 0 0 0 0 0 0 0 0 
1 0.749665 0.42763 0.151525 0.0251583 0.00186333 7.16667e-05 0 0 0 0 0 0 0 0 0 0 0 0 0 
1 0.751098 0.43115 0.153482 0.0262167 0.00199833 6.66667e-05 1e-05 0 0 0 0 0 0 0 0 0 0 0 0 
1 0.751693 0.430788 0.152885 0.0253817 0.00172167 4.5e-05 0 0 0 0 0 0 0 0 0 0 0 0 0 
1 0.750297 0.429623 0.15268 0.0263933 0.00184833 4.66667e-05 0 0 0 0 0 0 0 0 0 0 0 0 0 
1 0.749978 0.429898 0.152982 0.02578 0.00180833 5.16667e-05 3.33333e-06 0 0 0 0 0 0 0 0 0 0 0 0 
1 0.750602 0.428683 0.151175 0.025985 0.00184833 8.66667e-05 0 0 0 0 0 0 0 0 0 0 0 0 0 
1 0.749265 0.427783 0.149318 0.02432 0.00163333 4.33333e-05 0 0 0 0 0 0 0 0 0 0 0 0 0 
1 0.749585 0.428672 0.15144 0.026195 0.00184833 7e-05 5e-06 0 0 0 0 0 0 0 0 0 0 0 0 
1 0.749968 0.425542 0.148777 0.0247917 0.00177167 6.16667e-05 3.33333e-06 0 0 0 0 0 0 0 0 0 0 0 0 
1 0.749072 0.427665 0.149885 0.0252733 0.00180667 7e-05 1.66667e-06 0 0 0 0 0 0 0 0 0 0 0 0 
1 0.751127 0.432678 0.156155 0.02766 0.00217 8.33333e-05 0 0 0 0 0 0 0 0 0 0 0 0 0 
1 0.751168 0.431112 0.152795 0.0258317 0.001805 7.16667e-05 6.66667e-06 0 0 0 0 0 0 0 0 0 0 0 0 
1 0.752318 0.431805 0.15432 0.02678 0.00189333 8.16667e-05 0 0 0 0 0 0 0 0 0 0 0 0 0 
1 0.749173 0.426653 0.14982 0.0252267 0.00187 6.16667e-05 3.33333e-06 0 0 0 0 0 0 0 0 0 0 0 0 
1 0.750447 0.429833 0.151502 0.02519 0.00178333 6.5e-05 0 0 0 0 0 0 0 0 0 0 0 0 0 
1 0.750392 0.42888 0.152538 0.02569 0.00189 6.83333e-05 0 0 0 0 0 0 0 0 0 0 0 0 0 
1 0.750317 0.428468 0.1509 0.02531 0.001865 6.5e-05 3.33333e-06 0 0 0 0 0 0 0 0 0 0 0 0 
1 0.749722 0.427503 0.150158 0.0252383 0.00181667 6.83333e-05 0 0 0 0 0 0 0 0 0 0 0 0 0 
1 0.750027 0.427857 0.150442 0.0249433 0.00167833 8e-05 5e-06 0 0 0 0 0 0 0 0 0 0 0 0 
1 0.75023 0.430463 0.151543 0.025375 0.00165167 5.83333e-05 0 0 0 0 0 0 0 0 0 0 0 0 0 
1 0.749117 0.428508 0.151437 0.0257417 0.001775 6.66667e-05 3.33333e-06 0 0 0 0 0 0 0 0 0 0 0 0 
1 0.753653 0.435038 0.15591 0.0269933 0.00198833 8e-05 0 0 0 0 0 0 0 0 0 0 0 0 0 
1 0.750117 0.430557 0.152252 0.02581 0.00181167 7e-05 0 0 0 0 0 0 0 0 0 0 0 0 0 
1 0.750465 0.430348 0.153157 0.02676 0.00194333 7.83333e-05 1.66667e-06 0 0 0 0 0 0 0 0 0 0 0 0 
1 0.75288 0.434848 0.155998 0.02654 0.00189 6e-05 1.66667e-06 0 0 0 0 0 0 0 0 0 0 0 0 
1 0.748818 0.426412 0.14976 0.025245 0.00181 6.16667e-05 1.66667e-06 0 0 0 0 0 0 0 0 0 0 0 0 
1 0.74985 0.427035 0.149677 0.0245417 0.00171333 6.5e-05 1.66667e-06 0 0 0 0 0 0 0 0 0 0 0 0 
1 0.750257 0.429063 0.150645 0.0251733 0.00168833 6.33333e-05 0 0 0 0 0 0 0 0 0 0 0 0 0 
1 0.74857 0.425987 0.148668 0.0242317 0.00166167 6.83333e-05 0 0 0 0 0 0 0 0 0 0 0 0 0 
1 0.749788 0.427593 0.15075 0.0249233 0.00172833 8.16667e-05 0 0 0 0 0 0 0 0 0 0 0 0 0 
1 0.74842 0.424898 0.148887 0.0245983 0.001745 5.16667e-05 0 0 0 0 0 0 0 0 0 0 0 0 0 
1 0.75075 0.429753 0.152007 0.0252433 0.00170333 5.83333e-05 0 0 0 0 0 0 0 0 0 0 0 0 0 
1 0.750555 0.429485 0.15233 0.02603 0.00191833 9.33333e-05 1.66667e-06 0 0 0 0 0 0 0 0 0 0 0 0 
1 0.747322 0.424702 0.148245 0.0241817 0.00149333 4.33333e-05 0 0 0 0 0 0 0 0 0 0 0 0 0 
1 0.751413 0.432115 0.15443 0.0267067 0.00192333 5.16667e-05 0 0 0 0 0 0 0 0 0 0 0 0 0 
1 0.751332 0.428147 0.151993 0.02614 0.001935 8.66667e-05 3.33333e-06 0 0 0 0 0 0 0 0 0 0 0 0 
1 0.750348 0.428803 0.14985 0.02473 0.00158167 8e-05 1.66667e-06 0 0 0 0 0 0 0 0 0 0 0 0 
1 0.748442 0.426245 0.148845 0.0243267 0.0018 6.83333e-05 3.33333e-06 0 0 0 0 0 0 0 0 0 0 0 0 
1 0.752302 0.432995 0.154053 0.0257083 0.00193167 6e-05 0 0 0 0 0 0 0 0 0 0 0 0 0 
1 0.749472 0.427487 0.150418 0.0255233 0.00183667 6.83333e-05 0 0 0 0 0 0 0 0 0 0 0 0 0 
1 0.750802 0.431185 0.153812 0.0265067 0.00203 5e-05 0 0 0 0 0 0 0 0 0 0 0 0 0 
1 0.754377 0.435373 0.156192 0.027045 0.00202667 6e-05 6.66667e-06 0 0 0 0 0 0 0 0 0 0 0 0 
1 0.748218 0.4256 0.148502 0.0247617 0.00166 7.66667e-05 1.66667e-06 0 0 0 0 0 0 0 0 0 0 0 0 
1 0.749408 0.42779 0.1502 0.0253017 0.00185333 5.33333e-05 0 0 0 0 0 0 0 0 0 0 0 0 0 
