1 0.799567 0.5671 0.360333 0.214833 0.122083 0.06675 0.0364667 0.0188333 0.0100833 0.00556667 0.00248333 0.00135 0.00075 0.00045 0.000233333 0.000116667 8.33333e-05 5e-05 3.33333e-05 
1 0.79875 0.5664 0.359767 0.2126 0.119117 0.0653667 0.0346333 0.0184167 0.00968333 0.00493333 0.00241667 0.00105 0.000366667 0.000166667 8.33333e-05 5e-05 0 0 0 
1 0.800267 0.57015 0.366867 0.220317 0.124533 0.0697667 0.0379 0.0199833 0.0101 0.00513333 0.00273333 0.00148333 0.000683333 0.000283333 8.33333e-05 3.33333e-05 1.66667e-05 1.66667e-05 1.66667e-05 
1 0.799317 0.5695 0.36845 0.219517 0.12365 0.0671 0.0375333 0.0199667 0.0110833 0.00618333 0.00335 0.00183333 0.001 0.000483333 0.00025 0.0001 5e-05 5e-05 1.66667e-05 
1 0.801383 0.572467 0.3716 0.222717 0.128 0.0697833 0.03735 0.0202 0.0113 0.00561667 0.00308333 0.00171667 0.00105 0.000633333 0.000333333 0.000233333 0.000166667 8.33333e-05 3.33333e-05 
1 0.8052 0.572183 0.369917 0.222467 0.128217 0.0702167 0.0380667 0.0190833 0.01 0.00505 0.00246667 0.00131667 0.000916667 0.000416667 0.000233333 5e-05 1.66667e-05 1.66667e-05 1.66667e-05 
1 0.7983 0.564133 0.36385 0.22085 0.126583 0.0694 0.0361333 0.0189667 0.01065 0.00596667 0.00335 0.00183333 0.00103333 0.000583333 0.000366667 0.000216667 0.00015 0.000116667 8.33333e-05 
1 0.797517 0.5649 0.36115 0.216783 0.121517 0.06535 0.03505 0.0192833 0.0104167 0.00561667 0.00328333 0.00196667 0.0012 0.000633333 0.000483333 0.000333333 0.0003 0.000266667 0.0002 
1 0.802133 0.56815 0.361233 0.217617 0.126033 0.0709833 0.0368 0.0195333 0.00998333 0.00493333 0.00266667 0.00135 0.000633333 0.000383333 0.00015 6.66667e-05 1.66667e-05 0 0 
1 0.801467 0.567783 0.362117 0.213433 0.118233 0.0641167 0.0343167 0.0184 0.0099 0.00471667 0.0022 0.0011 0.00055 0.000166667 5e-05 5e-05 5e-05 3.33333e-05 3.33333e-05 
1 0.8011 0.569417 0.3684 0.218867 0.12625 0.07015 0.03825 0.0209167 0.0108167 0.00595 0.00355 0.00205 0.000966667 0.000466667 0.000233333 0.000166667 8.33333e-05 5e-05 7.38076e-17 
1 0.800267 0.566717 0.36385 0.217967 0.122467 0.0669167 0.0350167 0.01855 0.0101167 0.0054 0.00271667 0.00135 0.0006 0.00035 0.000183333 0.000116667 1.66667e-05 0 0 
1 0.796967 0.56175 0.3573 0.211767 0.11795 0.0625833 0.03315 0.0166167 0.00831667 0.00403333 0.002 0.000933333 0.000366667 0.000183333 0.0001 3.33333e-05 0 0 0 
1 0.7994 0.567817 0.3684 0.220167 0.12405 0.0666167 0.0347667 0.01885 0.00968333 0.00518333 0.00285 0.00131667 0.000716667 0.000383333 0.000266667 8.33333e-05 3.33333e-05 1.66667e-05 0 
1 0.798117 0.567533 0.362233 0.21485 0.1199 0.0640833 0.0327167 0.0168333 0.008 0.00353333 0.00173333 0.00075 0.000333333 6.66667e-05 0 0 0 0 0 
1 0.79865 0.566983 0.366933 0.219517 0.124033 0.0671167 0.0347 0.0181167 0.0100333 0.0055 0.00295 0.00165 0.000933333 0.000566667 0.00035 0.000183333 0.000133333 8.33333e-05 5e-05 
1 0.801783 0.571317 0.369467 0.219533 0.123367 0.0663667 0.0358833 0.0186 0.00951667 0.00455 0.00216667 0.00095 0.000266667 5e-05 3.33333e-05 3.33333e-05 1.66667e-05 0 0 
1 0.797083 0.56515 0.362867 0.214667 0.120617 0.0661667 0.0353 0.01845 0.0098 0.00508333 0.00286667 0.00128333 0.0006 0.0004 0.000266667 0.0002 0.000166667 8.33333e-05 5e-05 
1 0.79765 0.56825 0.36615 0.218 0.12625 0.06935 0.0370167 0.02025 0.0105 0.00528333 0.00266667 0.00135 0.00065 0.000333333 0.000166667 8.33333e-05 1.66667e-05 1.66667e-05 0 
1 0.80005 0.567733 0.365533 0.2154 0.123317 0.0668333 0.0343667 0.0184167 0.0102 0.00548333 0.00316667 0.00186667 0.00113333 0.000616667 0.000433333 0.0003 0.000283333 0.000216667 0.00015 
1 0.799667 0.567033 0.361117 0.213833 0.118883 0.0628333 0.0328833 0.0170667 0.00853333 0.00415 0.00198333 0.0011 0.00045 0.0002 0.000133333 6.66667e-05 6.66667e-05 3.33333e-05 3.33333e-05 
1 0.800483 0.5691 0.36495 0.21955 0.12545 0.0691 0.0381333 0.0203667 0.0108833 0.00526667 0.00261667 0.00116667 0.000633333 0.00025 3.33333e-05 0 0 0 0 
1 0.8023 0.5686 0.362867 0.21765 0.122667 0.0665 0.03445 0.0175167 0.00868333 0.00385 0.00203333 0.000883333 0.000366667 0.000216667 0.000133333 5e-05 0 0 0 
1 0.8005 0.570933 0.366433 0.219767 0.1242 0.0678167 0.0362333 0.0186667 0.00935 0.00461667 0.00238333 0.00145 0.000883333 0.000416667 0.000266667 0.00015 0.000116667 8.33333e-05 6.66667e-05 
1 0.801917 0.56865 0.3645 0.215517 0.120217 0.06585 0.0354 0.0180667 0.00931667 0.00525 0.00258333 0.00143333 0.000916667 0.00065 0.0005 0.000433333 0.00035 0.000266667 0.0001 
1 0.79695 0.5683 0.363167 0.21725 0.122367 0.0654667 0.03545 0.0183 0.00931667 0.00501667 0.00256667 0.00148333 0.000733333 0.000416667 0.000216667 0.000116667 5e-05 3.33333e-05 0 
1 0.798833 0.5688 0.369 0.22015 0.12365 0.0660167 0.0359333 0.0192333 0.0099 0.00553333 0.00281667 0.00136667 0.000633333 0.000283333 0.000133333 8.33333e-05 6.66667e-05 5e-05 0 
1 0.803633 0.568517 0.364367 0.218933 0.123117 0.06695 0.0351167 0.0174333 0.0088 0.00448333 0.00215 0.00108333 0.000483333 0.00015 0.0001 5e-05 3.33333e-05 1.66667e-05 0 
1 0.803083 0.570733 0.36545 0.2157 0.12215 0.06695 0.0355167 0.0180167 0.00948333 0.00523333 0.00276667 0.0017 0.000916667 0.000466667 0.00015 6.66667e-05 9.9698e-17 0 0 
1 0.802283 0.572017 0.364367 0.21615 0.121183 0.0660667 0.0352 0.0182667 0.00915 0.00495 0.00255 0.00126667 0.000666667 0.000383333 0.000183333 0.0001 5e-05 4.86e-17 0 
1 0.79835 0.566 0.361683 0.212783 0.122267 0.06625 0.03525 0.0187167 0.0099 0.00503333 0.0027 0.0015 0.000733333 0.000366667 0.00025 0.0001 3.33333e-05 1.36113e-17 0 
1 0.800133 0.568417 0.36165 0.210883 0.11905 0.0631167 0.0333167 0.0166333 0.00823333 0.00448333 0.00248333 0.0012 0.000516667 0.0002 0.000116667 5e-05 3.33333e-05 3.33333e-05 1.66667e-05 
1 0.80275 0.571 0.3679 0.218 0.120317 0.0632333 0.0335 0.0171167 0.00898333 0.00498333 0.00268333 0.00136667 0.000633333 0.0004 8.33333e-05 8.59757e-17 0 0 0 
1 0.799283 0.567783 0.3638 0.217867 0.123417 0.0678 0.0365333 0.0195 0.01045 0.00568333 0.00263333 0.00126667 0.000633333 0.000233333 0.0001 0 0 0 0 
1 0.801333 0.568017 0.362133 0.212017 0.117717 0.0634333 0.0336333 0.01725 0.00876667 0.00415 0.00183333 0.00101667 0.000533333 0.000333333 0.00015 5e-05 3.33333e-05 3.33333e-05 1.66667e-05 
1 0.802983 0.572933 0.36515 0.215067 0.122567 0.0677667 0.0366 0.01985 0.0103667 0.0051 0.00248333 0.00126667 0.000766667 0.000416667 0.000283333 0.000166667 6.66667e-05 1.66667e-05 2.59071e-17 
1 0.79785 0.567017 0.362833 0.21425 0.118883 0.0632667 0.0339667 0.0180167 0.00953333 0.00451667 0.00246667 0.00115 0.000566667 0.000316667 0.00015 5e-05 3.33333e-05 0 0 
1 0.798133 0.564817 0.362017 0.214567 0.120583 0.0662333 0.0355833 0.0185667 0.0100833 0.00526667 0.00238333 0.001 0.000433333 3.33333e-05 0 0 0 0 0 
1 0.8007 0.567817 0.361 0.215583 0.121517 0.0663333 0.0361 0.0185333 0.00976667 0.00483333 0.00246667 0.00148333 0.000766667 0.000366667 0.000233333 0.00015 5e-05 6.25e-17 0 
1 0.799733 0.566083 0.3643 0.217867 0.1237 0.0676667 0.0362167 0.0202333 0.01045 0.00561667 0.0032 0.0015 0.0009 0.00055 0.000233333 0.000133333 5e-05 1.66667e-05 1.66667e-05 
1 0.79575 0.563567 0.360217 0.213083 0.118733 0.06475 0.0337167 0.0177833 0.00915 0.00468333 0.00231667 0.0013 0.000583333 0.00035 0.000233333 0.0001 3.33333e-05 1.66667e-05 0 
1 0.79835 0.569817 0.367883 0.2204 0.125467 0.06865 0.0374333 0.0197333 0.01085 0.00575 0.00308333 0.00188333 0.000933333 0.00045 0.000183333 8.33333e-05 5e-05 1.20071e-17 0 
1 0.800767 0.56665 0.361117 0.21315 0.120483 0.0663833 0.0357667 0.01815 0.00955 0.00483333 0.00255 0.0012 0.0005 0.0002 8.33333e-05 5e-05 1.66667e-05 0 0 
1 0.79815 0.5654 0.363067 0.21855 0.123233 0.0666833 0.0357667 0.0183 0.00916667 0.00461667 0.00235 0.00136667 0.000816667 0.00065 0.000466667 0.0003 0.00015 8.33333e-05 1.66667e-05 
1 0.797533 0.5627 0.357333 0.209033 0.117767 0.0626167 0.0334667 0.0160833 0.00853333 0.00415 0.0019 0.000833333 0.00035 0.000183333 8.33333e-05 5e-05 1.66667e-05 0 0 
1 0.79955 0.567067 0.361517 0.214433 0.119717 0.06335 0.03315 0.0177667 0.00931667 0.0049 0.00258333 0.00146667 0.000833333 0.000416667 0.000216667 5e-05 3.33333e-05 1.66667e-05 0 
1 0.800783 0.569183 0.36415 0.217967 0.12495 0.0683667 0.0349 0.01825 0.0095 0.00445 0.00223333 0.00108333 0.000483333 0.000216667 0.000116667 8.33333e-05 3.33333e-05 0 0 
1 0.8014 0.569533 0.365583 0.216833 0.125783 0.0697833 0.0375667 0.0202333 0.0106667 0.00518333 0.00281667 0.00153333 0.000816667 0.0005 0.000316667 0.000216667 0.000166667 0.000133333 5e-05 
1 0.7972 0.5662 0.362283 0.214867 0.122267 0.0664833 0.0361667 0.01935 0.00978333 0.00485 0.00225 0.00116667 0.000616667 0.00035 0.000233333 0.000116667 5e-05 3.33333e-05 1.66667e-05 
1 0.802767 0.572267 0.36595 0.2188 0.123433 0.0682 0.0371333 0.0199667 0.01025 0.00518333 0.00261667 0.00133333 0.00075 0.000433333 0.000283333 0.000166667 6.66667e-05 3.33333e-05 1.66667e-05 
1 0.799183 0.567667 0.36135 0.214617 0.12095 0.0664 0.0356 0.0191667 0.0107833 0.0058 0.00313333 0.00153333 0.000716667 0.000316667 8.33333e-05 2.26263e-17 0 0 0 
1 0.800917 0.5708 0.367767 0.219767 0.1259 0.0702833 0.0377333 0.01975 0.0106333 0.0053 0.0025 0.00158333 0.000983333 0.000666667 0.00045 0.000316667 0.0002 0.000166667 8.33333e-05 
1 0.801083 0.570583 0.366467 0.217833 0.122233 0.0676333 0.0362167 0.01865 0.0101833 0.00551667 0.00275 0.00145 0.0007 0.000316667 0.000116667 8.33333e-05 6.66667e-05 3.33333e-05 3.33333e-05 
1 0.799367 0.5664 0.361167 0.216767 0.120867 0.06725 0.0364167 0.0194333 0.0101667 0.0052 0.0026 0.00133333 0.000533333 0.000133333 5e-05 1.66667e-05 0 0 0 
1 0.803417 0.5701 0.363833 0.218533 0.1242 0.06695 0.03525 0.01875 0.0100833 0.00545 0.00271667 0.00128333 0.000516667 0.000233333 0.000116667 6.66667e-05 0 0 0 
1 0.800383 0.56925 0.36295 0.216067 0.12525 0.0691 0.0386833 0.0203667 0.0106333 0.00543333 0.00285 0.00148333 0.00065 0.000266667 6.66667e-05 1.66667e-05 0 0 0 
1 0.804917 0.573917 0.36875 0.217883 0.123133 0.0659333 0.0341 0.0168667 0.00818333 0.00411667 0.00218333 0.00106667 0.000466667 0.000183333 3.33333e-05 1.66667e-05 1.66667e-05 1.66667e-05 1.66667e-05 
1 0.80405 0.571667 0.364683 0.217867 0.123883 0.0692833 0.0371667 0.0198 0.0102333 0.00506667 0.00271667 0.00143333 0.000733333 0.0003 0.00015 0.0001 5e-05 5e-05 0 
1 0.799883 0.567167 0.36295 0.21715 0.121867 0.0653667 0.0344167 0.0181833 0.00973333 0.00538333 0.00306667 0.00171667 0.000866667 0.000416667 0.0003 0.00025 0.000166667 0.000116667 3.33333e-05 
1 0.797667 0.567717 0.36805 0.219933 0.124783 0.06765 0.0360333 0.0185667 0.00948333 0.00426667 0.00208333 0.00111667 0.000616667 0.000366667 0.000316667 0.0002 0.000166667 0.000166667 0.000133333 
1 0.80145 0.569217 0.360433 0.217417 0.122933 0.0671833 0.03585 0.0186 0.00976667 0.00513333 0.00253333 0.000966667 0.000466667 0.000216667 5e-05 1.11022e-16 1.11022e-16 1.11022e-16 0 
1 0.801033 0.568033 0.36355 0.21675 0.12395 0.0684 0.0364333 0.01875 0.00956667 0.00435 0.00203333 0.000983333 0.000466667 0.000166667 3.33333e-05 0 0 0 0 
1 0.799267 0.57015 0.36735 0.2191 0.123817 0.0662833 0.0352333 0.0184667 0.00963333 0.00463333 0.00235 0.00115 0.000483333 3.33333e-05 9.77329e-17 0 0 0 0 
1 0.798333 0.564133 0.360283 0.213867 0.119833 0.0647667 0.0347167 0.0178 0.00905 0.00418333 0.00186667 0.000866667 0.0004 0.0002 6.66667e-05 3.33333e-05 0 0 0 
1 0.80325 0.56745 0.36215 0.214833 0.121717 0.06655 0.0341 0.0175167 0.00863333 0.00468333 0.0024 0.0012 0.000533333 0.00025 0.0001 0 0 0 0 
1 0.800783 0.570233 0.36465 0.216633 0.120583 0.0654833 0.0352333 0.0188833 0.00973333 0.0045 0.00256667 0.00136667 0.000766667 0.00045 0.00025 0.00015 0.0001 3.33333e-05 3.33333e-05 
1 0.799167 0.5694 0.3635 0.217717 0.122817 0.0664167 0.0347333 0.0181833 0.00903333 0.00426667 0.00195 0.00101667 0.000433333 0.00025 0.000133333 6.66667e-05 1.66667e-05 0 0 
1 0.797383 0.566033 0.360133 0.212183 0.119683 0.0660833 0.0353667 0.0186833 0.00973333 0.00516667 0.00286667 0.0016 0.000766667 0.00055 0.00035 0.0002 0.000133333 8.33333e-05 6.66667e-05 
1 0.801633 0.567783 0.36465 0.21635 0.121117 0.0658167 0.03575 0.01825 0.00995 0.00553333 0.00296667 0.00145 0.000733333 0.000416667 0.000183333 5e-05 0 0 0 
1 0.7968 0.567133 0.363267 0.214683 0.119417 0.06465 0.0345 0.0186667 0.00948333 0.005 0.00263333 0.00138333 0.000783333 0.000416667 0.000216667 0.00015 8.33333e-05 1.66667e-05 0 
1 0.803117 0.568017 0.361033 0.21665 0.121317 0.0655 0.03475 0.01815 0.00941667 0.00486667 0.00256667 0.00118333 0.000483333 0.00015 6.66667e-05 3.33333e-05 1.66667e-05 0 0 
1 0.79915 0.567267 0.361667 0.215533 0.12065 0.0663167 0.0359833 0.0187833 0.0106333 0.00573333 0.00301667 0.00155 0.000933333 0.000466667 0.000316667 0.000166667 0.000116667 5e-05 1.66667e-05 
1 0.79995 0.571117 0.36665 0.218217 0.124483 0.0695833 0.0384667 0.02065 0.0107333 0.00611667 0.00336667 0.00203333 0.00113333 0.000716667 0.000433333 0.0003 0.000166667 0.0001 5e-05 
1 0.798267 0.567333 0.36075 0.211917 0.12005 0.0652667 0.0343333 0.01805 0.00953333 0.00528333 0.00276667 0.00155 0.000866667 0.000483333 0.000233333 0.00015 3.33333e-05 1.66667e-05 1.66667e-05 
1 0.799117 0.565983 0.3599 0.2104 0.118467 0.0648167 0.03525 0.0188667 0.00943333 0.00493333 0.00271667 0.00158333 0.0008 0.000416667 0.000283333 5e-05 1.66667e-05 0 0 
1 0.80005 0.57065 0.364733 0.215333 0.12 0.0646 0.0334 0.0162833 0.00763333 0.00363333 0.00143333 0.000583333 0.000383333 0.000216667 8.33333e-05 5e-05 5e-05 0 0 
1 0.800667 0.573467 0.368917 0.221983 0.127117 0.07 0.0382167 0.0198167 0.00988333 0.00511667 0.00255 0.00141667 0.0009 0.0006 0.000333333 0.000116667 5e-05 1.66667e-05 0 
1 0.8011 0.571633 0.361367 0.214783 0.121433 0.06675 0.0359 0.0185667 0.00998333 0.00548333 0.00306667 0.00186667 0.0012 0.000766667 0.000583333 0.000416667 0.000316667 0.000166667 3.33333e-05 
1 0.796717 0.563983 0.362517 0.216383 0.123033 0.0688833 0.0373 0.0195833 0.0106833 0.0057 0.00245 0.0011 0.000466667 0.00025 8.33333e-05 5e-05 5e-05 0 0 
1 0.803117 0.569367 0.363667 0.216917 0.124367 0.06845 0.0375167 0.0199167 0.0104667 0.00516667 0.00251667 0.00136667 0.000766667 0.000483333 0.0003 0.000166667 5e-05 0 0 
1 0.801317 0.570783 0.365533 0.21805 0.124367 0.0680667 0.0356667 0.01845 0.00991667 0.00541667 0.00313333 0.00155 0.00065 0.0003 0.000216667 0.0001 6.66667e-05 1.66667e-05 1.66667e-05 
1 0.7967 0.567533 0.3654 0.22085 0.1272 0.0710333 0.0378333 0.0205667 0.0106667 0.00515 0.00228333 0.00113333 0.00065 0.000333333 0.000116667 5e-05 6.54254e-17 0 0 
1 0.800367 0.5721 0.367517 0.218883 0.123367 0.0687 0.0372167 0.0200333 0.0108833 0.00508333 0.0025 0.00135 0.000516667 0.0003 0.00015 8.33333e-05 0 0 0 
1 0.799483 0.563417 0.35705 0.212633 0.11925 0.06335 0.0330167 0.0171167 0.00878333 0.00455 0.00228333 0.00111667 0.0007 0.000366667 0.0002 5e-05 1.66667e-05 0 0 
1 0.800183 0.566217 0.366183 0.221033 0.125883 0.0694333 0.0379167 0.0198667 0.0109 0.00585 0.00295 0.0015 0.00065 0.000333333 0.0002 8.33333e-05 5e-05 1.66667e-05 0 
1 0.80175 0.572683 0.369233 0.22165 0.12545 0.0696833 0.0376667 0.01975 0.0104 0.00533333 0.00275 0.00136667 0.000633333 0.0003 0.000133333 3.33333e-05 0 0 0 
1 0.799583 0.571133 0.365483 0.218383 0.123633 0.0664 0.0355167 0.0186 0.00951667 0.00521667 0.0025 0.00111667 0.000533333 0.000233333 0.000183333 6.66667e-05 3.33333e-05 3.33333e-05 1.66667e-05 
1 0.800683 0.570017 0.3622 0.212067 0.116467 0.0631333 0.0328333 0.0175833 0.00941667 0.00501667 0.00258333 0.00135 0.0008 0.000416667 0.000216667 0.000133333 8.33333e-05 6.66667e-05 1.66667e-05 
1 0.7991 0.567517 0.359783 0.213533 0.120367 0.0648 0.0346 0.0184 0.00975 0.00543333 0.00293333 0.00155 0.000783333 0.000383333 0.000166667 5e-05 1.66667e-05 0 0 
1 0.80175 0.5684 0.362333 0.219217 0.123 0.0663833 0.035 0.0183833 0.00926667 0.00491667 0.00248333 0.0015 0.000833333 0.00055 0.000333333 0.0001 3.33333e-05 1.5038e-17 1.5038e-17 
1 0.79715 0.564583 0.360517 0.215183 0.118983 0.0635333 0.03275 0.0166833 0.00808333 0.00426667 0.00211667 0.00128333 0.000833333 0.000566667 0.000283333 0.00015 0.000116667 0.0001 8.33333e-05 
1 0.796783 0.56725 0.363583 0.2154 0.123133 0.0668 0.0360167 0.0190833 0.0100333 0.00515 0.00243333 0.0012 0.000516667 0.00015 5e-05 3.33333e-05 1.66667e-05 1.66667e-05 0 
1 0.797483 0.560667 0.35775 0.213267 0.119033 0.0641167 0.0350667 0.0180333 0.00961667 0.00473333 0.00246667 0.00106667 0.000516667 0.000233333 0.000116667 8.33333e-05 6.66667e-05 0 0 
1 0.801217 0.570417 0.36585 0.218167 0.123383 0.0679 0.0371 0.0197 0.0105833 0.0056 0.00265 0.00138333 0.000683333 0.00035 0.000166667 8.33333e-05 1.66667e-05 0 0 
1 0.799583 0.5668 0.3634 0.2174 0.122917 0.0664333 0.0354333 0.0185333 0.00956667 0.00473333 0.00241667 0.00103333 0.0004 0.000233333 5e-05 5e-05 0 0 0 
1 0.79785 0.566683 0.362933 0.215033 0.11965 0.0646 0.0341667 0.0175 0.00871667 0.00433333 0.0021 0.00111667 0.000416667 0.000233333 0.0001 6.66667e-05 7.08877e-18 7.08877e-18 0 
1 0.797867 0.5635 0.3629 0.216633 0.122633 0.0676833 0.03625 0.0195833 0.0103833 0.00578333 0.00336667 0.002 0.00111667 0.000683333 0.000333333 0.000133333 6.66667e-05 0 0 
1 0.80245 0.571783 0.3677 0.222933 0.12775 0.0716833 0.0386667 0.02015 0.01105 0.00591667 0.00291667 0.00148333 0.000916667 0.0005 0.00025 0.000116667 6.66667e-05 3.33333e-05 0 
1 0.800267 0.570017 0.365917 0.220017 0.12615 0.0694333 0.0365333 0.0200167 0.0110667 0.00623333 0.00345 0.00208333 0.00121667 0.000683333 0.000416667 0.000283333 6.66667e-05 1.66667e-05 0 
1 0.795767 0.56645 0.362617 0.21475 0.120117 0.0651833 0.0345833 0.0188667 0.00993333 0.00563333 0.00311667 0.00186667 0.000983333 0.000533333 0.000333333 0.000183333 5e-05 1.66667e-05 9.02112e-17 
1 0.798583 0.570283 0.363333 0.21315 0.120783 0.0651167 0.0351333 0.0184167 0.00918333 0.00496667 0.00261667 0.00155 0.000883333 0.000616667 0.00045 0.0003 0.000283333 0.00025 0.0002 
1 0.8044 0.572433 0.366167 0.218083 0.122017 0.0658 0.0351833 0.0189833 0.00971667 0.00451667 0.00251667 0.00126667 0.000666667 0.000366667 0.000233333 0.000166667 0.000116667 0.0001 6.66667e-05 
1 0.803833 0.56665 0.3626 0.21565 0.120133 0.0644667 0.0348167 0.01815 0.0092 0.00483333 0.00228333 0.00095 0.000433333 0.000233333 0.000133333 3.33333e-05 3.33333e-05 0 0 
1 0.802517 0.57245 0.36905 0.2233 0.126717 0.069 0.0359667 0.0189 0.0097 0.00518333 0.00266667 0.00128333 0.000733333 0.00045 0.000233333 0.000133333 5e-05 3.33333e-05 3.33333e-05 
1 0.80045 0.56995 0.364883 0.216917 0.122417 0.0669333 0.03505 0.0178667 0.0089 0.00475 0.00251667 0.00126667 0.00055 0.000266667 0.0001 1.66667e-05 0 0 0 
1 0.798683 0.5653 0.3643 0.2156 0.123617 0.06855 0.0369167 0.0191167 0.0099 0.00523333 0.00308333 0.0015 0.000666667 0.000283333 8.33333e-05 3.33333e-05 0 0 0 
1 0.796883 0.56525 0.362833 0.2141 0.1218 0.0662 0.0346667 0.01815 0.00893333 0.0045 0.00218333 0.00111667 0.00055 0.000283333 0.000116667 3.33333e-05 0 0 0 
1 0.80005 0.569883 0.362483 0.214433 0.120833 0.0673 0.0346667 0.0177333 0.00908333 0.0045 0.00206667 0.000883333 0.0004 0.00015 5e-05 0 0 0 0 
1 0.798767 0.566083 0.363933 0.2162 0.120933 0.0661 0.0344167 0.0182333 0.00928333 0.00495 0.0027 0.00155 0.000916667 0.000416667 0.000183333 0.00015 8.33333e-05 5e-05 3.33333e-05 
1 0.798317 0.567183 0.3624 0.2103 0.118683 0.0630833 0.0328667 0.0165167 0.00816667 0.00388333 0.00161667 0.000783333 0.000316667 0.000116667 3.33333e-05 1.66667e-05 0 0 0 
1 0.799067 0.569167 0.3674 0.220667 0.123883 0.0697 0.0374833 0.0198833 0.0101833 0.00543333 0.00281667 0.0014 0.000583333 0.000266667 6.66667e-05 1.66667e-05 0 0 0 
1 0.8025 0.571167 0.364633 0.218067 0.12445 0.0682333 0.0379667 0.02035 0.0103833 0.00543333 0.00276667 0.00148333 0.000766667 0.000416667 0.000133333 6.66667e-05 1.66667e-05 0 0 
1 0.80215 0.572033 0.366967 0.218317 0.122217 0.0662 0.0355 0.0187833 0.00961667 0.00475 0.00226667 0.00101667 0.000316667 0.0001 3.33333e-05 1.66667e-05 0 0 0 
1 0.7983 0.56875 0.363783 0.21605 0.121683 0.0657833 0.0348167 0.0184667 0.00905 0.00415 0.00193333 0.00108333 0.000466667 0.000183333 0.0001 5e-05 0 0 0 
1 0.7996 0.566167 0.363767 0.21825 0.12445 0.0684333 0.0363333 0.0189667 0.0100333 0.00503333 0.00266667 0.00141667 0.000716667 0.000333333 0.000166667 5e-05 0 0 0 
1 0.79885 0.566983 0.360267 0.2139 0.118683 0.06415 0.0344333 0.0172833 0.00876667 0.00431667 0.0024 0.0011 0.0004 0.0002 1.66667e-05 5.59996e-17 0 0 0 
1 0.799417 0.569483 0.362633 0.217917 0.1239 0.0669667 0.0350667 0.0185 0.00968333 0.00548333 0.00301667 0.00168333 0.001 0.000566667 0.000283333 0.000183333 0.000133333 1.66667e-05 1.66667e-05 
1 0.798567 0.568767 0.367017 0.219417 0.125217 0.06935 0.0365833 0.01975 0.0106833 0.00563333 0.00298333 0.00163333 0.0006 0.00025 0.0001 5e-05 1.66667e-05 0 0 
1 0.798683 0.566383 0.3614 0.215467 0.120783 0.0656167 0.0341667 0.0177333 0.00928333 0.00501667 0.00273333 0.0014 0.0007 0.000366667 0.000283333 0.00015 5e-05 1.66667e-05 0 
1 0.797967 0.567883 0.3611 0.21425 0.120083 0.0649333 0.03485 0.0176333 0.00883333 0.00491667 0.00265 0.00141667 0.000866667 0.000433333 0.000166667 6.66667e-05 3.33333e-05 1.66667e-05 0 
1 0.7991 0.568767 0.364433 0.216617 0.12295 0.0671833 0.0368833 0.0191167 0.00935 0.00453333 0.00231667 0.000983333 0.000516667 0.000333333 0.000183333 8.33333e-05 5e-05 1.66667e-05 5.1642e-17 
1 0.806 0.574817 0.369117 0.22155 0.128067 0.0682667 0.0368333 0.0196167 0.0101 0.00513333 0.0027 0.00146667 0.000933333 0.000516667 0.000266667 0.00015 8.33333e-05 3.33333e-05 3.33333e-05 
1 0.804567 0.575083 0.3708 0.219733 0.125633 0.0695667 0.03785 0.0209833 0.0116833 0.00635 0.00376667 0.00203333 0.0013 0.0007 0.000416667 0.0002 0.00015 5e-05 3.33333e-05 
1 0.8007 0.5662 0.360367 0.214483 0.121983 0.0673833 0.0365833 0.0190333 0.0104833 0.00546667 0.00261667 0.00121667 0.0006 0.000266667 8.33333e-05 3.33333e-05 1.08746e-17 0 0 
1 0.801117 0.569317 0.3655 0.2149 0.12115 0.0666333 0.0360833 0.0188167 0.00928333 0.00478333 0.00233333 0.00135 0.000683333 0.000383333 0.000216667 0.000133333 1.66667e-05 9.02944e-17 9.02944e-17 
1 0.798633 0.56445 0.36195 0.21745 0.121233 0.06675 0.0359667 0.01825 0.00975 0.00503333 0.00253333 0.00118333 0.00065 0.000383333 0.000133333 8.33333e-05 3.33333e-05 0 0 
1 0.8016 0.56995 0.364867 0.217483 0.122533 0.0670667 0.0363667 0.01935 0.00995 0.00546667 0.00298333 0.00148333 0.000633333 0.000283333 0.0001 6.66667e-05 1.66667e-05 0 0 
1 0.800317 0.5671 0.361267 0.2166 0.122033 0.0670833 0.0344833 0.0181833 0.0094 0.00475 0.00246667 0.001 0.000433333 0.000183333 3.33333e-05 1.66667e-05 0 0 0 
1 0.801383 0.57115 0.364383 0.218583 0.121567 0.0671667 0.0366333 0.01985 0.0111667 0.00561667 0.00265 0.00131667 0.000633333 0.000416667 0.00015 5e-05 1.66667e-05 0 0 
1 0.801083 0.564583 0.363817 0.216233 0.120633 0.0659167 0.0343 0.0173333 0.00865 0.0044 0.0021 0.00116667 0.0007 0.000416667 0.0002 0.00015 8.33333e-05 6.66667e-05 1.66667e-05 
1 0.797633 0.562067 0.3585 0.210717 0.117817 0.0625167 0.0326 0.0165833 0.00858333 0.0046 0.0026 0.00148333 0.000816667 0.00045 0.00025 0.000166667 0.000116667 6.66667e-05 3.33333e-05 
1 0.797867 0.56155 0.362867 0.216083 0.121083 0.0652167 0.0343 0.0181833 0.00926667 0.00428333 0.00206667 0.000966667 0.000483333 0.000266667 0.000116667 6.66667e-05 5e-05 5e-05 3.33333e-05 
1 0.800367 0.565883 0.361133 0.213833 0.120533 0.0656 0.0346833 0.0179167 0.00943333 0.00533333 0.00295 0.00163333 0.00103333 0.00055 0.000316667 0.000266667 0.0001 6.66667e-05 9.82214e-17 
1 0.80075 0.571 0.368567 0.219283 0.12605 0.0671333 0.0349833 0.0186167 0.00975 0.00485 0.00248333 0.0014 0.000666667 0.000366667 0.00025 0.000133333 5.61107e-17 5.61107e-17 0 
1 0.801933 0.5675 0.3616 0.213717 0.119667 0.0648833 0.035 0.0187333 0.00935 0.00493333 0.00288333 0.00145 0.0008 0.000366667 0.000166667 0.0001 3.33333e-05 1.66667e-05 0 
1 0.79745 0.56355 0.359067 0.21295 0.118633 0.0650333 0.0343 0.01765 0.00888333 0.00393333 0.00181667 0.00085 0.0003 6.66667e-05 3.33333e-05 1.66667e-05 0 0 0 
1 0.797817 0.5646 0.3618 0.214783 0.12095 0.0642833 0.0339667 0.0179167 0.00948333 0.00551667 0.00295 0.0016 0.000883333 0.00055 0.00035 0.000233333 0.00015 3.33333e-05 5.06373e-17 
1 0.797333 0.563917 0.360033 0.215383 0.122583 0.06885 0.0366 0.01935 0.00995 0.00518333 0.00266667 0.00136667 0.000933333 0.0006 0.00045 0.000233333 0.000166667 5e-05 0 
1 0.799717 0.569833 0.36235 0.21295 0.119867 0.0655 0.0353 0.0178667 0.00891667 0.00468333 0.00221667 0.00106667 0.000533333 0.000233333 0.000133333 5e-05 0 0 0 
1 0.802583 0.56795 0.36255 0.217783 0.1233 0.0663167 0.0349833 0.0172833 0.00915 0.00491667 0.0023 0.00095 0.000383333 0.000183333 0.0001 1.66667e-05 0 0 0 
1 0.8004 0.56935 0.36465 0.216217 0.120017 0.0640667 0.0332667 0.0173833 0.00955 0.00513333 0.00291667 0.00138333 0.000716667 0.000316667 0.000233333 6.66667e-05 1.66667e-05 1.66667e-05 1.66667e-05 
1 0.79795 0.568017 0.3648 0.217767 0.12315 0.0680333 0.0364167 0.0196167 0.0103833 0.00558333 0.00263333 0.00128333 0.000633333 0.000366667 0.000233333 0.000116667 8.33333e-05 1.66667e-05 0 
1 0.8039 0.568883 0.36235 0.215267 0.123417 0.06725 0.0348 0.0183333 0.00961667 0.00495 0.00275 0.00143333 0.000683333 0.0003 0.0001 8.82183e-17 0 0 0 
1 0.800617 0.565767 0.359167 0.212117 0.117883 0.0638333 0.0338333 0.01825 0.00923333 0.00475 0.00258333 0.00141667 0.000733333 0.000333333 0.000166667 6.66667e-05 1.66667e-05 1.66667e-05 0 
1 0.7985 0.56895 0.365983 0.21705 0.121567 0.0670333 0.0353 0.0186167 0.00908333 0.00508333 0.0025 0.00123333 0.0005 0.000283333 0.000183333 0.0001 8.33333e-05 6.66667e-05 1.66667e-05 
1 0.801783 0.5685 0.362517 0.213083 0.121083 0.0657833 0.0353 0.0179 0.0094 0.0047 0.00246667 0.00105 0.0005 0.000216667 5e-05 3.47944e-17 0 0 0 
1 0.795867 0.562833 0.359233 0.213333 0.118533 0.0653167 0.0341333 0.01755 0.00911667 0.00448333 0.00226667 0.0012 0.000566667 0.000383333 0.000183333 8.33333e-05 5e-05 0 0 
1 0.799917 0.569433 0.364083 0.216217 0.1229 0.0688 0.03715 0.0202833 0.01085 0.00565 0.00261667 0.00128333 0.0007 0.000383333 0.00025 0.00015 8.33333e-05 6.66667e-05 3.33333e-05 
1 0.802433 0.570333 0.364417 0.216567 0.12225 0.0654833 0.0341667 0.0178667 0.0086 0.0043 0.00208333 0.000983333 0.000566667 0.000266667 0.00015 3.33333e-05 0 0 0 
1 0.8019 0.57465 0.37055 0.223217 0.127183 0.07165 0.0398833 0.0216167 0.0112667 0.0061 0.00333333 0.00181667 0.000833333 0.000433333 0.000216667 8.33333e-05 3.33333e-05 0 0 
1 0.798467 0.562883 0.361217 0.212983 0.119017 0.06375 0.0329 0.0164167 0.00811667 0.004 0.00191667 0.00105 0.000583333 0.000333333 0.000183333 8.33333e-05 3.33333e-05 1.66667e-05 0 
1 0.800433 0.567233 0.36225 0.21305 0.121383 0.0664667 0.03665 0.0200167 0.0106833 0.0052 0.00283333 0.0013 0.000766667 0.0005 0.00025 0.00015 6.66667e-05 1.66667e-05 0 
1 0.799083 0.567633 0.359583 0.2122 0.1175 0.0633 0.03335 0.0168667 0.0085 0.00428333 0.0021 0.00113333 0.00055 0.000166667 6.66667e-05 1.66667e-05 0 0 0 
1 0.801933 0.56755 0.36255 0.2153 0.122133 0.0661333 0.0354667 0.0189667 0.0100667 0.00515 0.00261667 0.00138333 0.00075 0.00045 0.0003 0.00015 6.66667e-05 0 0 
1 0.79935 0.5681 0.364533 0.217967 0.12445 0.0680167 0.0362667 0.01915 0.0108 0.00543333 0.0025 0.0011 0.000433333 8.33333e-05 1.66667e-05 0 0 0 0 
1 0.798167 0.569633 0.364083 0.215717 0.1224 0.0662 0.0349833 0.0179667 0.00921667 0.0048 0.00253333 0.00145 0.000833333 0.0004 0.000166667 8.33333e-05 1.66667e-05 1.66667e-05 0 
1 0.804933 0.572333 0.366617 0.217733 0.121333 0.0664667 0.0354167 0.0190833 0.0105167 0.00556667 0.00291667 0.0015 0.000766667 0.000366667 0.0001 6.66667e-05 3.33333e-05 1.66667e-05 1.66667e-05 
1 0.796167 0.562583 0.361183 0.213867 0.120667 0.06565 0.0347 0.0182833 0.00973333 0.00476667 0.00235 0.00108333 0.000533333 0.00025 0.000116667 8.33333e-05 6.66667e-05 1.66667e-05 1.66667e-05 
1 0.802633 0.5671 0.363917 0.215467 0.121933 0.0666667 0.0362333 0.01925 0.0104667 0.00543333 0.00296667 0.00163333 0.000916667 0.000533333 0.000333333 0.000166667 0.0001 5e-05 3.33333e-05 
