1 0.500781 0.125302 0.00779995 3.215e-05 0 0 0 0 0 0 0 0 0 0 0 0 0 0 0 
1 0.500618 0.12557 0.00794873 2.675e-05 0 0 0 0 0 0 0 0 0 0 0 0 0 0 0 
1 0.498779 0.124293 0.0076095 3.4675e-05 0 0 0 0 0 0 0 0 0 0 0 0 0 0 0 
1 0.499761 0.124286 0.00767042 4.5875e-05 0 0 0 0 0 0 0 0 0 0 0 0 0 0 0 
1 0.499773 0.125426 0.00777908 3.175e-05 0 0 0 0 0 0 0 0 0 0 0 0 0 0 0 
1 0.500239 0.126063 0.00791908 4.685e-05 0 0 0 0 0 0 0 0 0 0 0 0 0 0 0 
1 0.498484 0.124039 0.00786943 3.015e-05 0 0 0 0 0 0 0 0 0 0 0 0 0 0 0 
1 0.499879 0.124945 0.0078614 3.9675e-05 0 0 0 0 0 0 0 0 0 0 0 0 0 0 0 
1 0.500442 0.125234 0.0075806 2.9275e-05 0 0 0 0 0 0 0 0 0 0 0 0 0 0 0 
1 0.500298 0.125997 0.00797335 4.3025e-05 0 0 0 0 0 0 0 0 0 0 0 0 0 0 0 
1 0.499219 0.125125 0.00790403 2.94e-05 0 0 0 0 0 0 0 0 0 0 0 0 0 0 0 
1 0.499527 0.124669 0.00784702 3.9625e-05 0 0 0 0 0 0 0 0 0 0 0 0 0 0 0 
1 0.501099 0.126338 0.00805533 2.4725e-05 0 0 0 0 0 0 0 0 0 0 0 0 0 0 0 
1 0.499376 0.124241 0.00792243 3.6575e-05 0 0 0 0 0 0 0 0 0 0 0 0 0 0 0 
1 0.501234 0.125999 0.00798118 3.615e-05 0 0 0 0 0 0 0 0 0 0 0 0 0 0 0 
1 0.499425 0.124606 0.0077308 2.565e-05 0 0 0 0 0 0 0 0 0 0 0 0 0 0 0 
1 0.499397 0.124241 0.0077932 3.175e-05 0 0 0 0 0 0 0 0 0 0 0 0 0 0 0 
1 0.497704 0.123451 0.00755978 2.66e-05 0 0 0 0 0 0 0 0 0 0 0 0 0 0 0 
1 0.499861 0.12537 0.00786973 3.4225e-05 0 0 0 0 0 0 0 0 0 0 0 0 0 0 0 
1 0.499669 0.124829 0.00779283 3.71e-05 0 0 0 0 0 0 0 0 0 0 0 0 0 0 0 
1 0.499061 0.124896 0.00783978 2.8375e-05 0 0 0 0 0 0 0 0 0 0 0 0 0 0 0 
1 0.50004 0.124993 0.0078414 3.6275e-05 0 0 0 0 0 0 0 0 0 0 0 0 0 0 0 
1 0.498902 0.124949 0.0081266 4.415e-05 0 0 0 0 0 0 0 0 0 0 0 0 0 0 0 
1 0.499398 0.125112 0.00790025 3.7825e-05 0 0 0 0 0 0 0 0 0 0 0 0 0 0 0 
1 0.499954 0.12511 0.00782205 3.4875e-05 0 0 0 0 0 0 0 0 0 0 0 0 0 0 0 
1 0.499962 0.124653 0.00776045 4.52e-05 0 0 0 0 0 0 0 0 0 0 0 0 0 0 0 
1 0.500364 0.125007 0.0078302 4.9475e-05 0 0 0 0 0 0 0 0 0 0 0 0 0 0 0 
1 0.501111 0.125779 0.00781365 2.9225e-05 0 0 0 0 0 0 0 0 0 0 0 0 0 0 0 
1 0.500404 0.126121 0.00794595 4.1375e-05 0 0 0 0 0 0 0 0 0 0 0 0 0 0 0 
1 0.499579 0.124389 0.00760695 2.99e-05 0 0 0 0 0 0 0 0 0 0 0 0 0 0 0 
1 0.498921 0.124508 0.00767855 3.2325e-05 0 0 0 0 0 0 0 0 0 0 0 0 0 0 0 
1 0.499492 0.124459 0.00782338 3.365e-05 0 0 0 0 0 0 0 0 0 0 0 0 0 0 0 
1 0.49998 0.125548 0.00806518 4.1775e-05 0 0 0 0 0 0 0 0 0 0 0 0 0 0 0 
1 0.499676 0.12438 0.00784645 2.365e-05 0 0 0 0 0 0 0 0 0 0 0 0 0 0 0 
1 0.500004 0.125372 0.0080998 3.2575e-05 0 0 0 0 0 0 0 0 0 0 0 0 0 0 0 
1 0.5009 0.125948 0.00788718 4.51e-05 0 0 0 0 0 0 0 0 0 0 0 0 0 0 0 
1 0.500888 0.125805 0.00802175 3.8175e-05 0 0 0 0 0 0 0 0 0 0 0 0 0 0 0 
1 0.498388 0.124004 0.00793772 3.57e-05 0 0 0 0 0 0 0 0 0 0 0 0 0 0 0 
1 0.498982 0.125024 0.00805335 5.2425e-05 0 0 0 0 0 0 0 0 0 0 0 0 0 0 0 
1 0.500981 0.125735 0.0078961 3.1575e-05 0 0 0 0 0 0 0 0 0 0 0 0 0 0 0 
1 0.499578 0.124809 0.00787095 3.585e-05 0 0 0 0 0 0 0 0 0 0 0 0 0 0 0 
1 0.500629 0.124989 0.00803945 3.56e-05 0 0 0 0 0 0 0 0 0 0 0 0 0 0 0 
1 0.499889 0.124947 0.0078229 3.0825e-05 0 0 0 0 0 0 0 0 0 0 0 0 0 0 0 
1 0.501095 0.125965 0.00789985 2.4725e-05 0 0 0 0 0 0 0 0 0 0 0 0 0 0 0 
1 0.501027 0.125755 0.00802733 3.37e-05 0 0 0 0 0 0 0 0 0 0 0 0 0 0 0 
1 0.500042 0.124694 0.0076922 3.1825e-05 0 0 0 0 0 0 0 0 0 0 0 0 0 0 0 
1 0.499674 0.125406 0.00784173 3.6875e-05 0 0 0 0 0 0 0 0 0 0 0 0 0 0 0 
1 0.499613 0.124432 0.00776405 2.23e-05 0 0 0 0 0 0 0 0 0 0 0 0 0 0 0 
1 0.499648 0.124883 0.0079985 3.9125e-05 0 0 0 0 0 0 0 0 0 0 0 0 0 0 0 
1 0.498901 0.123838 0.00766932 2.8675e-05 0 0 0 0 0 0 0 0 0 0 0 0 0 0 0 
1 0.500392 0.125579 0.00780583 2.23e-05 0 0 0 0 0 0 0 0 0 0 0 0 0 0 0 
1 0.500335 0.125416 0.00774463 2.9325e-05 0 0 0 0 0 0 0 0 0 0 0 0 0 0 0 
1 0.500292 0.125347 0.0077609 3.9975e-05 0 0 0 0 0 0 0 0 0 0 0 0 0 0 0 
1 0.50067 0.125654 0.00792978 3.555e-05 0 0 0 0 0 0 0 0 0 0 0 0 0 0 0 
1 0.500935 0.125684 0.0080953 3.9575e-05 0 0 0 0 0 0 0 0 0 0 0 0 0 0 0 
1 0.500503 0.125853 0.00799245 2.035e-05 0 0 0 0 0 0 0 0 0 0 0 0 0 0 0 
1 0.499961 0.125409 0.00793695 4.095e-05 0 0 0 0 0 0 0 0 0 0 0 0 0 0 0 
1 0.50045 0.12583 0.00791715 5.315e-05 0 0 0 0 0 0 0 0 0 0 0 0 0 0 0 
1 0.501309 0.126285 0.0078454 2.6125e-05 0 0 0 0 0 0 0 0 0 0 0 0 0 0 0 
1 0.498033 0.123112 0.00749797 3.7225e-05 0 0 0 0 0 0 0 0 0 0 0 0 0 0 0 
1 0.500244 0.125518 0.0079321 2.785e-05 0 0 0 0 0 0 0 0 0 0 0 0 0 0 0 
1 0.500984 0.126148 0.0080091 3.1775e-05 0 0 0 0 0 0 0 0 0 0 0 0 0 0 0 
1 0.499449 0.125074 0.0079702 2.105e-05 0 0 0 0 0 0 0 0 0 0 0 0 0 0 0 
1 0.498992 0.124266 0.00762045 3.835e-05 0 0 0 0 0 0 0 0 0 0 0 0 0 0 0 
1 0.499062 0.12505 0.00784338 4.1375e-05 0 0 0 0 0 0 0 0 0 0 0 0 0 0 0 
1 0.499719 0.125149 0.0077519 2.8875e-05 0 0 0 0 0 0 0 0 0 0 0 0 0 0 0 
1 0.500789 0.125777 0.00805873 3.6e-05 0 0 0 0 0 0 0 0 0 0 0 0 0 0 0 
1 0.500151 0.125028 0.00798667 3.6225e-05 0 0 0 0 0 0 0 0 0 0 0 0 0 0 0 
1 0.499508 0.124627 0.00769308 3e-05 0 0 0 0 0 0 0 0 0 0 0 0 0 0 0 
1 0.499143 0.124097 0.0077324 2.3775e-05 0 0 0 0 0 0 0 0 0 0 0 0 0 0 0 
1 0.500817 0.125733 0.00778333 3.2725e-05 0 0 0 0 0 0 0 0 0 0 0 0 0 0 0 
1 0.499617 0.125427 0.00793815 4.5625e-05 0 0 0 0 0 0 0 0 0 0 0 0 0 0 0 
1 0.500101 0.125352 0.00791455 2.4975e-05 0 0 0 0 0 0 0 0 0 0 0 0 0 0 0 
1 0.499739 0.125019 0.00800838 4.34e-05 0 0 0 0 0 0 0 0 0 0 0 0 0 0 0 
1 0.501551 0.127119 0.00811523 4.9875e-05 0 0 0 0 0 0 0 0 0 0 0 0 0 0 0 
1 0.498792 0.1246 0.0078825 2.635e-05 0 0 0 0 0 0 0 0 0 0 0 0 0 0 0 
1 0.501095 0.125541 0.00794325 3.415e-05 0 0 0 0 0 0 0 0 0 0 0 0 0 0 0 
1 0.499354 0.123324 0.00762568 3.04e-05 0 0 0 0 0 0 0 0 0 0 0 0 0 0 0 
1 0.500781 0.126123 0.0079421 2.7375e-05 0 0 0 0 0 0 0 0 0 0 0 0 0 0 0 
1 0.500677 0.125167 0.0077252 2.3075e-05 0 0 0 0 0 0 0 0 0 0 0 0 0 0 0 
1 0.501234 0.125578 0.00782238 3.5575e-05 0 0 0 0 0 0 0 0 0 0 0 0 0 0 0 
1 0.500264 0.125756 0.00807228 3.0625e-05 0 0 0 0 0 0 0 0 0 0 0 0 0 0 0 
1 0.499318 0.124259 0.00775373 3.63e-05 0 0 0 0 0 0 0 0 0 0 0 0 0 0 0 
1 0.499134 0.124102 0.00753605 1.9825e-05 0 0 0 0 0 0 0 0 0 0 0 0 0 0 0 
1 0.498676 0.124591 0.00779895 3.5125e-05 0 0 0 0 0 0 0 0 0 0 0 0 0 0 0 
1 0.500336 0.125462 0.00796373 4.015e-05 0 0 0 0 0 0 0 0 0 0 0 0 0 0 0 
1 0.501599 0.126141 0.0080056 4.6925e-05 0 0 0 0 0 0 0 0 0 0 0 0 0 0 0 
1 0.500194 0.124646 0.00797982 3.38e-05 0 0 0 0 0 0 0 0 0 0 0 0 0 0 0 
1 0.500952 0.12547 0.00777983 2.7275e-05 0 0 0 0 0 0 0 0 0 0 0 0 0 0 0 
1 0.500539 0.125716 0.00806653 2.6925e-05 0 0 0 0 0 0 0 0 0 0 0 0 0 0 0 
1 0.499275 0.124293 0.00785308 2.47e-05 0 0 0 0 0 0 0 0 0 0 0 0 0 0 0 
1 0.499387 0.12434 0.00766158 3.575e-05 0 0 0 0 0 0 0 0 0 0 0 0 0 0 0 
1 0.499913 0.124379 0.00772925 2.0675e-05 0 0 0 0 0 0 0 0 0 0 0 0 0 0 0 
1 0.501264 0.125694 0.00787695 2.3575e-05 0 0 0 0 0 0 0 0 0 0 0 0 0 0 0 
1 0.499473 0.124704 0.00782453 3.7775e-05 0 0 0 0 0 0 0 0 0 0 0 0 0 0 0 
1 0.497965 0.123531 0.007495 2.19e-05 0 0 0 0 0 0 0 0 0 0 0 0 0 0 0 
1 0.500789 0.125885 0.0081111 4.7525e-05 0 0 0 0 0 0 0 0 0 0 0 0 0 0 0 
1 0.500089 0.125651 0.00784138 2.1025e-05 0 0 0 0 0 0 0 0 0 0 0 0 0 0 0 
1 0.499808 0.124871 0.00802738 3.275e-05 0 0 0 0 0 0 0 0 0 0 0 0 0 0 0 
1 0.499985 0.124876 0.00768943 3.44e-05 0 0 0 0 0 0 0 0 0 0 0 0 0 0 0 
1 0.500685 0.126387 0.0081226 3.26e-05 0 0 0 0 0 0 0 0 0 0 0 0 0 0 0 
1 0.500495 0.124864 0.00761858 3e-05 0 0 0 0 0 0 0 0 0 0 0 0 0 0 0 
1 0.500246 0.125081 0.0078425 3.5775e-05 0 0 0 0 0 0 0 0 0 0 0 0 0 0 0 
1 0.50034 0.124977 0.00783773 2.745e-05 0 0 0 0 0 0 0 0 0 0 0 0 0 0 0 
1 0.500392 0.125437 0.0078602 3.8975e-05 0 0 0 0 0 0 0 0 0 0 0 0 0 0 0 
1 0.500144 0.125612 0.00773015 3.3275e-05 0 0 0 0 0 0 0 0 0 0 0 0 0 0 0 
1 0.501161 0.125583 0.0079668 4.515e-05 0 0 0 0 0 0 0 0 0 0 0 0 0 0 0 
1 0.500913 0.125737 0.00795585 2.97e-05 0 0 0 0 0 0 0 0 0 0 0 0 0 0 0 
1 0.498847 0.124349 0.00790298 2.61e-05 0 0 0 0 0 0 0 0 0 0 0 0 0 0 0 
1 0.499405 0.124731 0.00787342 3.385e-05 0 0 0 0 0 0 0 0 0 0 0 0 0 0 0 
1 0.501246 0.126302 0.0079105 3.2025e-05 0 0 0 0 0 0 0 0 0 0 0 0 0 0 0 
1 0.499093 0.124417 0.0076566 2.9375e-05 0 0 0 0 0 0 0 0 0 0 0 0 0 0 0 
1 0.500031 0.124619 0.00774693 4.245e-05 0 0 0 0 0 0 0 0 0 0 0 0 0 0 0 
1 0.49877 0.124657 0.00779238 3.5125e-05 0 0 0 0 0 0 0 0 0 0 0 0 0 0 0 
1 0.49982 0.12458 0.00780892 2.37e-05 4e-07 0 0 0 0 0 0 0 0 0 0 0 0 0 0 
1 0.501799 0.126432 0.00786963 3.2675e-05 0 0 0 0 0 0 0 0 0 0 0 0 0 0 0 
1 0.499771 0.124876 0.0077663 3.1575e-05 0 0 0 0 0 0 0 0 0 0 0 0 0 0 0 
1 0.500348 0.125344 0.00798975 4.0875e-05 0 0 0 0 0 0 0 0 0 0 0 0 0 0 0 
1 0.501097 0.126254 0.0079176 4.965e-05 0 0 0 0 0 0 0 0 0 0 0 0 0 0 0 
1 0.498412 0.123858 0.00757788 3.8525e-05 0 0 0 0 0 0 0 0 0 0 0 0 0 0 0 
1 0.50021 0.125377 0.0080251 4.7675e-05 0 0 0 0 0 0 0 0 0 0 0 0 0 0 0 
1 0.499929 0.125191 0.00772455 3.5975e-05 0 0 0 0 0 0 0 0 0 0 0 0 0 0 0 
1 0.500429 0.125514 0.0080457 4.225e-05 0 0 0 0 0 0 0 0 0 0 0 0 0 0 0 
1 0.499556 0.124576 0.00762635 3.695e-05 0 0 0 0 0 0 0 0 0 0 0 0 0 0 0 
1 0.500717 0.125854 0.00798717 5.34e-05 0 0 0 0 0 0 0 0 0 0 0 0 0 0 0 
1 0.500639 0.125573 0.0080431 3.45e-05 0 0 0 0 0 0 0 0 0 0 0 0 0 0 0 
1 0.498907 0.124653 0.00783365 2.805e-05 0 0 0 0 0 0 0 0 0 0 0 0 0 0 0 
1 0.498147 0.123434 0.00766967 2.515e-05 0 0 0 0 0 0 0 0 0 0 0 0 0 0 0 
1 0.499817 0.125173 0.00790533 3.63e-05 0 0 0 0 0 0 0 0 0 0 0 0 0 0 0 
1 0.497845 0.123896 0.00779355 3.5575e-05 0 0 0 0 0 0 0 0 0 0 0 0 0 0 0 
1 0.500425 0.125292 0.007768 1.79e-05 0 0 0 0 0 0 0 0 0 0 0 0 0 0 0 
1 0.499538 0.125318 0.0078889 2.35e-05 0 0 0 0 0 0 0 0 0 0 0 0 0 0 0 
1 0.499748 0.124701 0.00782502 3.7925e-05 0 0 0 0 0 0 0 0 0 0 0 0 0 0 0 
1 0.499709 0.124438 0.00775903 2.74e-05 0 0 0 0 0 0 0 0 0 0 0 0 0 0 0 
1 0.500948 0.125785 0.00788865 2.4925e-05 0 0 0 0 0 0 0 0 0 0 0 0 0 0 0 
1 0.499564 0.124232 0.00779083 4.095e-05 0 0 0 0 0 0 0 0 0 0 0 0 0 0 0 
1 0.499936 0.124353 0.00746728 2.4925e-05 0 0 0 0 0 0 0 0 0 0 0 0 0 0 0 
1 0.50045 0.12529 0.00801538 3.23e-05 0 0 0 0 0 0 0 0 0 0 0 0 0 0 0 
1 0.50102 0.12592 0.00803573 3.4575e-05 0 0 0 0 0 0 0 0 0 0 0 0 0 0 0 
1 0.500146 0.125361 0.00786233 3.7375e-05 0 0 0 0 0 0 0 0 0 0 0 0 0 0 0 
1 0.500953 0.126113 0.00799995 5e-05 0 0 0 0 0 0 0 0 0 0 0 0 0 0 0 
1 0.499577 0.125063 0.00797738 2.6175e-05 0 0 0 0 0 0 0 0 0 0 0 0 0 0 0 
1 0.499383 0.124269 0.00782862 3.475e-05 0 0 0 0 0 0 0 0 0 0 0 0 0 0 0 
1 0.498271 0.122916 0.00762338 3.4075e-05 0 0 0 0 0 0 0 0 0 0 0 0 0 0 0 
1 0.499235 0.124806 0.00787223 3.325e-05 0 0 0 0 0 0 0 0 0 0 0 0 0 0 0 
1 0.499082 0.124923 0.00782623 4.035e-05 0 0 0 0 0 0 0 0 0 0 0 0 0 0 0 
1 0.498726 0.124378 0.0079148 3.7125e-05 0 0 0 0 0 0 0 0 0 0 0 0 0 0 0 
1 0.500222 0.124969 0.00786983 3.8675e-05 0 0 0 0 0 0 0 0 0 0 0 0 0 0 0 
1 0.499461 0.124885 0.00782735 2.0475e-05 0 0 0 0 0 0 0 0 0 0 0 0 0 0 0 
1 0.499521 0.124632 0.0076856 3.9375e-05 0 0 0 0 0 0 0 0 0 0 0 0 0 0 0 
1 0.500921 0.125255 0.00768877 2.2475e-05 0 0 0 0 0 0 0 0 0 0 0 0 0 0 0 
1 0.500027 0.125122 0.00785218 3.81e-05 0 0 0 0 0 0 0 0 0 0 0 0 0 0 0 
1 0.499722 0.125104 0.00772105 2.6925e-05 0 0 0 0 0 0 0 0 0 0 0 0 0 0 0 
1 0.50074 0.126112 0.00820213 5.505e-05 0 0 0 0 0 0 0 0 0 0 0 0 0 0 0 
1 0.500795 0.124848 0.00780145 2.0925e-05 0 0 0 0 0 0 0 0 0 0 0 0 0 0 0 
1 0.501364 0.126246 0.00798528 3.2e-05 0 0 0 0 0 0 0 0 0 0 0 0 0 0 0 
1 0.49948 0.124767 0.0078096 3.225e-05 0 0 0 0 0 0 0 0 0 0 0 0 0 0 0 
1 0.500532 0.125514 0.00775588 3.25e-05 0 0 0 0 0 0 0 0 0 0 0 0 0 0 0 
1 0.50083 0.126125 0.00809565 5.1625e-05 0 0 0 0 0 0 0 0 0 0 0 0 0 0 0 
1 0.500253 0.12518 0.0079676 3.15e-05 0 0 0 0 0 0 0 0 0 0 0 0 0 0 0 
1 0.498915 0.124169 0.00770438 2.3225e-05 0 0 0 0 0 0 0 0 0 0 0 0 0 0 0 
1 0.500626 0.124944 0.00774713 2.89e-05 0 0 0 0 0 0 0 0 0 0 0 0 0 0 0 
1 0.499064 0.124399 0.00770745 3.2575e-05 0 0 0 0 0 0 0 0 0 0 0 0 0 0 0 
1 0.499391 0.124773 0.00802728 3.3125e-05 0 0 0 0 0 0 0 0 0 0 0 0 0 0 0 
1 0.499854 0.125535 0.00804155 3.175e-05 0 0 0 0 0 0 0 0 0 0 0 0 0 0 0 
1 0.499789 0.124604 0.00778968 3.0225e-05 0 0 0 0 0 0 0 0 0 0 0 0 0 0 0 
1 0.500318 0.124717 0.0077403 2.09e-05 0 0 0 0 0 0 0 0 0 0 0 0 0 0 0 
1 0.500602 0.125659 0.00796928 3.255e-05 0 0 0 0 0 0 0 0 0 0 0 0 0 0 0 
1 0.498651 0.123602 0.00756578 3.07e-05 0 0 0 0 0 0 0 0 0 0 0 0 0 0 0 
1 0.499874 0.124911 0.00807275 3.8825e-05 0 0 0 0 0 0 0 0 0 0 0 0 0 0 0 
1 0.499913 0.124326 0.00774053 2.47e-05 0 0 0 0 0 0 0 0 0 0 0 0 0 0 0 
1 0.499012 0.125066 0.00798587 4.03e-05 0 0 0 0 0 0 0 0 0 0 0 0 0 0 0 
1 0.499093 0.124373 0.00757578 2.84e-05 0 0 0 0 0 0 0 0 0 0 0 0 0 0 0 
1 0.499441 0.124718 0.00786058 3.0175e-05 0 0 0 0 0 0 0 0 0 0 0 0 0 0 0 
1 0.498882 0.124307 0.00791335 4.0225e-05 0 0 0 0 0 0 0 0 0 0 0 0 0 0 0 
1 0.49963 0.125245 0.0077862 3.8025e-05 0 0 0 0 0 0 0 0 0 0 0 0 0 0 0 
1 0.498229 0.123824 0.0076342 2.635e-05 0 0 0 0 0 0 0 0 0 0 0 0 0 0 0 
1 0.50053 0.124659 0.00804018 4.6825e-05 0 0 0 0 0 0 0 0 0 0 0 0 0 0 0 
1 0.498583 0.123369 0.007635 2.99e-05 0 0 0 0 0 0 0 0 0 0 0 0 0 0 0 
1 0.499776 0.124461 0.00791288 3.885e-05 0 0 0 0 0 0 0 0 0 0 0 0 0 0 0 
1 0.500505 0.125447 0.00812535 3.9375e-05 0 0 0 0 0 0 0 0 0 0 0 0 0 0 0 
1 0.502101 0.127197 0.00825673 4.0475e-05 0 0 0 0 0 0 0 0 0 0 0 0 0 0 0 
1 0.500445 0.12583 0.0080222 2.04e-05 0 0 0 0 0 0 0 0 0 0 0 0 0 0 0 
1 0.500171 0.125261 0.00796285 3.3475e-05 1.925e-06 0 0 0 0 0 0 0 0 0 0 0 0 0 0 
1 0.500388 0.124552 0.0078675 2.56e-05 0 0 0 0 0 0 0 0 0 0 0 0 0 0 0 
1 0.500255 0.125348 0.0080003 2.99e-05 0 0 0 0 0 0 0 0 0 0 0 0 0 0 0 
1 0.499516 0.124678 0.00808668 4.7925e-05 0 0 0 0 0 0 0 0 0 0 0 0 0 0 0 
1 0.499709 0.124929 0.0077194 3.4075e-05 0 0 0 0 0 0 0 0 0 0 0 0 0 0 0 
1 0.49983 0.125055 0.00772655 3.1375e-05 0 0 0 0 0 0 0 0 0 0 0 0 0 0 0 
1 0.500228 0.12586 0.0080032 2.875e-05 0 0 0 0 0 0 0 0 0 0 0 0 0 0 0 
1 0.500582 0.125615 0.00796838 3.975e-05 0 0 0 0 0 0 0 0 0 0 0 0 0 0 0 
1 0.50033 0.12551 0.00797298 3.2025e-05 0 0 0 0 0 0 0 0 0 0 0 0 0 0 0 
1 0.50011 0.125581 0.0080033 3.0825e-05 0 0 0 0 0 0 0 0 0 0 0 0 0 0 0 
1 0.500348 0.125171 0.0077751 5.3625e-05 0 0 0 0 0 0 0 0 0 0 0 0 0 0 0 
1 0.501062 0.126128 0.00806085 3.31e-05 0 0 0 0 0 0 0 0 0 0 0 0 0 0 0 
1 0.500637 0.125469 0.00780617 3.215e-05 0 0 0 0 0 0 0 0 0 0 0 0 0 0 0 
1 0.500437 0.125012 0.00776008 2.34e-05 0 0 0 0 0 0 0 0 0 0 0 0 0 0 0 
1 0.499316 0.124077 0.00782948 2.785e-05 0 0 0 0 0 0 0 0 0 0 0 0 0 0 0 
1 0.500354 0.125545 0.00787933 1.7575e-05 0 0 0 0 0 0 0 0 0 0 0 0 0 0 0 
1 0.499663 0.125065 0.00782458 4.2575e-05 0 0 0 0 0 0 0 0 0 0 0 0 0 0 0 
1 0.499239 0.124136 0.00768625 3.0725e-05 0 0 0 0 0 0 0 0 0 0 0 0 0 0 0 
1 0.500607 0.12567 0.0080101 2.7775e-05 0 0 0 0 0 0 0 0 0 0 0 0 0 0 0 
1 0.50103 0.125375 0.0078809 2.7375e-05 0 0 0 0 0 0 0 0 0 0 0 0 0 0 0 
1 0.499573 0.124867 0.00778522 2.9725e-05 0 0 0 0 0 0 0 0 0 0 0 0 0 0 0 
1 0.49976 0.124956 0.00787628 3.7225e-05 0 0 0 0 0 0 0 0 0 0 0 0 0 0 0 
1 0.499765 0.124896 0.0078939 2.2075e-05 0 0 0 0 0 0 0 0 0 0 0 0 0 0 0 
1 0.498681 0.123704 0.00751925 3.1375e-05 0 0 0 0 0 0 0 0 0 0 0 0 0 0 0 
1 0.500057 0.125356 0.00807302 3.585e-05 0 0 0 0 0 0 0 0 0 0 0 0 0 0 0 
1 0.499958 0.125474 0.00798803 3.7275e-05 0 0 0 0 0 0 0 0 0 0 0 0 0 0 0 
1 0.500097 0.125553 0.00786718 3.2225e-05 0 0 0 0 0 0 0 0 0 0 0 0 0 0 0 
1 0.500829 0.125851 0.00801095 2.4875e-05 0 0 0 0 0 0 0 0 0 0 0 0 0 0 0 
1 0.501935 0.127252 0.00814605 2.825e-05 0 0 0 0 0 0 0 0 0 0 0 0 0 0 0 
1 0.498695 0.123961 0.007778 3.6125e-05 0 0 0 0 0 0 0 0 0 0 0 0 0 0 0 
1 0.500921 0.125587 0.00799928 3.1175e-05 0 0 0 0 0 0 0 0 0 0 0 0 0 0 0 
1 0.499288 0.124959 0.00809118 3.64e-05 0 0 0 0 0 0 0 0 0 0 0 0 0 0 0 
1 0.499269 0.124422 0.00785565 2.5975e-05 0 0 0 0 0 0 0 0 0 0 0 0 0 0 0 
1 0.501136 0.125864 0.00783273 2.8575e-05 0 0 0 0 0 0 0 0 0 0 0 0 0 0 0 
1 0.501057 0.125785 0.0080766 3.865e-05 0 0 0 0 0 0 0 0 0 0 0 0 0 0 0 
1 0.501319 0.125439 0.0078465 4.125e-05 0 0 0 0 0 0 0 0 0 0 0 0 0 0 0 
1 0.500052 0.125146 0.0078768 3.51e-05 0 0 0 0 0 0 0 0 0 0 0 0 0 0 0 
1 0.498287 0.123457 0.00749743 3.9075e-05 0 0 0 0 0 0 0 0 0 0 0 0 0 0 0 
1 0.498698 0.124393 0.0078671 3.5025e-05 0 0 0 0 0 0 0 0 0 0 0 0 0 0 0 
1 0.500953 0.12581 0.00807693 2.4675e-05 0 0 0 0 0 0 0 0 0 0 0 0 0 0 0 
1 0.499993 0.125484 0.00809095 3.7625e-05 0 0 0 0 0 0 0 0 0 0 0 0 0 0 0 
1 0.500597 0.125152 0.00787478 3.3975e-05 0 0 0 0 0 0 0 0 0 0 0 0 0 0 0 
1 0.499612 0.125106 0.0079447 4.4675e-05 0 0 0 0 0 0 0 0 0 0 0 0 0 0 0 
1 0.49974 0.125183 0.00796032 4.32e-05 0 0 0 0 0 0 0 0 0 0 0 0 0 0 0 
1 0.499696 0.124547 0.00787848 3.63e-05 0 0 0 0 0 0 0 0 0 0 0 0 0 0 0 
1 0.500108 0.125169 0.0078218 3.2025e-05 0 0 0 0 0 0 0 0 0 0 0 0 0 0 0 
1 0.500414 0.125101 0.00772928 3.47e-05 0 0 0 0 0 0 0 0 0 0 0 0 0 0 0 
1 0.498558 0.123755 0.00769458 2.9525e-05 0 0 0 0 0 0 0 0 0 0 0 0 0 0 0 
1 0.500765 0.125822 0.00803595 3.655e-05 0 0 0 0 0 0 0 0 0 0 0 0 0 0 0 
1 0.500089 0.124515 0.0076844 1.915e-05 0 0 0 0 0 0 0 0 0 0 0 0 0 0 0 
1 0.49963 0.12486 0.0076834 3.775e-05 0 0 0 0 0 0 0 0 0 0 0 0 0 0 0 
1 0.500125 0.12515 0.00799407 3.865e-05 0 0 0 0 0 0 0 0 0 0 0 0 0 0 0 
1 0.500285 0.125404 0.00800208 4.7e-05 0 0 0 0 0 0 0 0 0 0 0 0 0 0 0 
1 0.499344 0.12499 0.007943 2.755e-05 0 0 0 0 0 0 0 0 0 0 0 0 0 0 0 
1 0.49898 0.123878 0.00766533 2.795e-05 0 0 0 0 0 0 0 0 0 0 0 0 0 0 0 
1 0.498447 0.123902 0.0075709 2.5325e-05 0 0 0 0 0 0 0 0 0 0 0 0 0 0 0 
1 0.500537 0.125351 0.0078283 4.2825e-05 0 0 0 0 0 0 0 0 0 0 0 0 0 0 0 
1 0.499947 0.124916 0.00794515 4.23e-05 0 0 0 0 0 0 0 0 0 0 0 0 0 0 0 
1 0.499624 0.1249 0.00773608 2.5725e-05 0 0 0 0 0 0 0 0 0 0 0 0 0 0 0 
1 0.499954 0.124822 0.00776932 3.505e-05 0 0 0 0 0 0 0 0 0 0 0 0 0 0 0 
1 0.498201 0.123297 0.00751043 3.4875e-05 0 0 0 0 0 0 0 0 0 0 0 0 0 0 0 
1 0.499902 0.125289 0.0078631 3.56e-05 0 0 0 0 0 0 0 0 0 0 0 0 0 0 0 
1 0.499685 0.124275 0.00777793 2.9075e-05 0 0 0 0 0 0 0 0 0 0 0 0 0 0 0 
1 0.500453 0.125538 0.00798158 3.99e-05 0 0 0 0 0 0 0 0 0 0 0 0 0 0 0 
1 0.499792 0.124969 0.00790528 4.7675e-05 0 0 0 0 0 0 0 0 0 0 0 0 0 0 0 
1 0.499376 0.125021 0.00785685 3.3225e-05 0 0 0 0 0 0 0 0 0 0 0 0 0 0 0 
1 0.499675 0.124998 0.00774688 2.7525e-05 0 0 0 0 0 0 0 0 0 0 0 0 0 0 0 
1 0.500456 0.125756 0.0080002 4.3025e-05 0 0 0 0 0 0 0 0 0 0 0 0 0 0 0 
1 0.500762 0.125855 0.00799923 2.745e-05 0 0 0 0 0 0 0 0 0 0 0 0 0 0 0 
1 0.499484 0.123757 0.00766088 3.2325e-05 0 0 0 0 0 0 0 0 0 0 0 0 0 0 0 
1 0.50009 0.125112 0.00781118 4.46e-05 0 0 0 0 0 0 0 0 0 0 0 0 0 0 0 
1 0.500139 0.124484 0.00786088 3.9475e-05 0 0 0 0 0 0 0 0 0 0 0 0 0 0 0 
1 0.500181 0.125017 0.0077826 2.63e-05 0 0 0 0 0 0 0 0 0 0 0 0 0 0 0 
1 0.500903 0.12523 0.00795568 2.835e-05 0 0 0 0 0 0 0 0 0 0 0 0 0 0 0 
1 0.501062 0.126028 0.00803873 3.1575e-05 0 0 0 0 0 0 0 0 0 0 0 0 0 0 0 
1 0.500502 0.125381 0.00795303 3.495e-05 0 0 0 0 0 0 0 0 0 0 0 0 0 0 0 
1 0.499063 0.123843 0.00757013 3.8525e-05 0 0 0 0 0 0 0 0 0 0 0 0 0 0 0 
1 0.499301 0.124702 0.0078117 3.71e-05 0 0 0 0 0 0 0 0 0 0 0 0 0 0 0 
1 0.500184 0.124862 0.00795168 3.565e-05 0 0 0 0 0 0 0 0 0 0 0 0 0 0 0 
1 0.499332 0.124353 0.0077554 4.3425e-05 0 0 0 0 0 0 0 0 0 0 0 0 0 0 0 
1 0.501751 0.126779 0.00818615 3.59e-05 0 0 0 0 0 0 0 0 0 0 0 0 0 0 0 
1 0.49991 0.124971 0.0078987 3.28e-05 0 0 0 0 0 0 0 0 0 0 0 0 0 0 0 
1 0.500587 0.125582 0.00772405 3.1375e-05 0 0 0 0 0 0 0 0 0 0 0 0 0 0 0 
1 0.499412 0.125071 0.00778468 3.0275e-05 0 0 0 0 0 0 0 0 0 0 0 0 0 0 0 
1 0.500262 0.125523 0.00788438 3.55e-05 0 0 0 0 0 0 0 0 0 0 0 0 0 0 0 
1 0.499765 0.12479 0.00785663 3.31e-05 0 0 0 0 0 0 0 0 0 0 0 0 0 0 0 
1 0.499907 0.12515 0.00788613 3.2925e-05 0 0 0 0 0 0 0 0 0 0 0 0 0 0 0 
1 0.500113 0.12506 0.0077223 4.14e-05 0 0 0 0 0 0 0 0 0 0 0 0 0 0 0 
1 0.499451 0.124643 0.00771288 3.47e-05 0 0 0 0 0 0 0 0 0 0 0 0 0 0 0 
1 0.500532 0.125498 0.00791392 4.305e-05 0 0 0 0 0 0 0 0 0 0 0 0 0 0 0 
1 0.501099 0.126436 0.0082667 2.84e-05 0 0 0 0 0 0 0 0 0 0 0 0 0 0 0 
1 0.499194 0.12477 0.00778458 2.2675e-05 0 0 0 0 0 0 0 0 0 0 0 0 0 0 0 
1 0.500303 0.124909 0.00782418 3.4025e-05 0 0 0 0 0 0 0 0 0 0 0 0 0 0 0 
1 0.500601 0.126546 0.0082062 4.05e-05 0 0 0 0 0 0 0 0 0 0 0 0 0 0 0 
1 0.501034 0.126353 0.0079884 3.28e-05 0 0 0 0 0 0 0 0 0 0 0 0 0 0 0 
1 0.499816 0.125107 0.00790682 3.25e-05 0 0 0 0 0 0 0 0 0 0 0 0 0 0 0 
1 0.500036 0.12456 0.00800662 2.36e-05 0 0 0 0 0 0 0 0 0 0 0 0 0 0 0 
1 0.500187 0.125259 0.00780023 3.3875e-05 0 0 0 0 0 0 0 0 0 0 0 0 0 0 0 
1 0.499688 0.125083 0.00768285 2.7875e-05 0 0 0 0 0 0 0 0 0 0 0 0 0 0 0 
1 0.500735 0.125205 0.00801035 5.255e-05 0 0 0 0 0 0 0 0 0 0 0 0 0 0 0 
1 0.49973 0.12466 0.0077159 5.0625e-05 0 0 0 0 0 0 0 0 0 0 0 0 0 0 0 
1 0.498911 0.12496 0.00773843 2.69e-05 0 0 0 0 0 0 0 0 0 0 0 0 0 0 0 
1 0.498995 0.124736 0.00774335 2.705e-05 0 0 0 0 0 0 0 0 0 0 0 0 0 0 0 
1 0.501058 0.12635 0.00820948 3.2625e-05 0 0 0 0 0 0 0 0 0 0 0 0 0 0 0 
1 0.499998 0.124902 0.00765578 2.1725e-05 0 0 0 0 0 0 0 0 0 0 0 0 0 0 0 
1 0.499741 0.125387 0.00800905 4.0975e-05 0 0 0 0 0 0 0 0 0 0 0 0 0 0 0 
1 0.500666 0.126283 0.00808018 5.17e-05 0 0 0 0 0 0 0 0 0 0 0 0 0 0 0 
1 0.499098 0.124013 0.007701 4.0975e-05 0 0 0 0 0 0 0 0 0 0 0 0 0 0 0 
1 0.500031 0.12441 0.0077894 2.38e-05 0 0 0 0 0 0 0 0 0 0 0 0 0 0 0 
1 0.500189 0.125084 0.00783963 3.925e-05 0 0 0 0 0 0 0 0 0 0 0 0 0 0 0 
1 0.499123 0.124041 0.00780455 4.3475e-05 0 0 0 0 0 0 0 0 0 0 0 0 0 0 0 
1 0.499852 0.124656 0.00791713 3.025e-05 0 0 0 0 0 0 0 0 0 0 0 0 0 0 0 
1 0.501486 0.126021 0.00792925 2.83e-05 0 0 0 0 0 0 0 0 0 0 0 0 0 0 0 
1 0.499567 0.124735 0.00791963 3.665e-05 0 0 0 0 0 0 0 0 0 0 0 0 0 0 0 
1 0.501239 0.126251 0.00804713 4.3925e-05 0 0 0 0 0 0 0 0 0 0 0 0 0 0 0 
1 0.500239 0.124088 0.00769945 3.48e-05 0 0 0 0 0 0 0 0 0 0 0 0 0 0 0 
1 0.499325 0.125161 0.00780148 3.16e-05 0 0 0 0 0 0 0 0 0 0 0 0 0 0 0 
1 0.50007 0.125661 0.00800388 3.8375e-05 0 0 0 0 0 0 0 0 0 0 0 0 0 0 0 
1 0.499639 0.124796 0.00773425 3.43e-05 0 0 0 0 0 0 0 0 0 0 0 0 0 0 0 
1 0.499843 0.124618 0.00784655 3.5025e-05 0 0 0 0 0 0 0 0 0 0 0 0 0 0 0 
1 0.500123 0.125766 0.0077817 2.7025e-05 0 0 0 0 0 0 0 0 0 0 0 0 0 0 0 
1 0.501362 0.126007 0.00792608 3.495e-05 0 0 0 0 0 0 0 0 0 0 0 0 0 0 0 
1 0.499541 0.124902 0.00790713 3.6475e-05 0 0 0 0 0 0 0 0 0 0 0 0 0 0 0 
1 0.499809 0.125116 0.00796393 2.6325e-05 0 0 0 0 0 0 0 0 0 0 0 0 0 0 0 
1 0.499935 0.125279 0.00784637 2.88e-05 0 0 0 0 0 0 0 0 0 0 0 0 0 0 0 
1 0.49872 0.123734 0.00773665 3.6025e-05 0 0 0 0 0 0 0 0 0 0 0 0 0 0 0 
1 0.500179 0.125652 0.00819682 3.805e-05 0 0 0 0 0 0 0 0 0 0 0 0 0 0 0 
1 0.500333 0.125668 0.00790458 3.1825e-05 0 0 0 0 0 0 0 0 0 0 0 0 0 0 0 
1 0.499733 0.125142 0.00786728 3.11e-05 0 0 0 0 0 0 0 0 0 0 0 0 0 0 0 
1 0.500377 0.12519 0.00781188 2.845e-05 0 0 0 0 0 0 0 0 0 0 0 0 0 0 0 
1 0.500482 0.125631 0.00791763 3.6625e-05 0 0 0 0 0 0 0 0 0 0 0 0 0 0 0 
1 0.500235 0.12542 0.00783158 3.98e-05 0 0 0 0 0 0 0 0 0 0 0 0 0 0 0 
1 0.499906 0.124866 0.00780812 2.27e-05 0 0 0 0 0 0 0 0 0 0 0 0 0 0 0 
1 0.500129 0.125478 0.00793055 3.77e-05 0 0 0 0 0 0 0 0 0 0 0 0 0 0 0 
1 0.499657 0.12484 0.00784585 4.945e-05 0 0 0 0 0 0 0 0 0 0 0 0 0 0 0 
1 0.499247 0.124248 0.00787028 2.7225e-05 0 0 0 0 0 0 0 0 0 0 0 0 0 0 0 
1 0.499772 0.124423 0.0076101 2.45e-05 0 0 0 0 0 0 0 0 0 0 0 0 0 0 0 
1 0.501384 0.126814 0.00817095 3.3425e-05 0 0 0 0 0 0 0 0 0 0 0 0 0 0 0 
1 0.500451 0.125521 0.00797328 4.2325e-05 0 0 0 0 0 0 0 0 0 0 0 0 0 0 0 
1 0.499966 0.124855 0.00788388 3.26e-05 0 0 0 0 0 0 0 0 0 0 0 0 0 0 0 
1 0.499539 0.124627 0.007924 3.33e-05 0 0 0 0 0 0 0 0 0 0 0 0 0 0 0 
1 0.500767 0.125907 0.00803825 3.975e-05 0 0 0 0 0 0 0 0 0 0 0 0 0 0 0 
1 0.499917 0.124925 0.00795865 2.6075e-05 0 0 0 0 0 0 0 0 0 0 0 0 0 0 0 
1 0.500724 0.125849 0.00783208 3.5825e-05 0 0 0 0 0 0 0 0 0 0 0 0 0 0 0 
1 0.500848 0.126107 0.00796398 4.025e-05 0 0 0 0 0 0 0 0 0 0 0 0 0 0 0 
1 0.499996 0.125191 0.0079771 3.135e-05 0 0 0 0 0 0 0 0 0 0 0 0 0 0 0 
1 0.499676 0.124984 0.00790103 3.5575e-05 0 0 0 0 0 0 0 0 0 0 0 0 0 0 0 
1 0.500934 0.126322 0.00820408 4.195e-05 0 0 0 0 0 0 0 0 0 0 0 0 0 0 0 
1 0.500164 0.125011 0.00781053 1.8375e-05 0 0 0 0 0 0 0 0 0 0 0 0 0 0 0 
1 0.498552 0.123841 0.0076594 2.59e-05 0 0 0 0 0 0 0 0 0 0 0 0 0 0 0 
1 0.50135 0.125997 0.00787198 2.815e-05 0 0 0 0 0 0 0 0 0 0 0 0 0 0 0 
1 0.500866 0.125789 0.0078027 4.0925e-05 0 0 0 0 0 0 0 0 0 0 0 0 0 0 0 
1 0.500512 0.125713 0.0079889 3.8625e-05 0 0 0 0 0 0 0 0 0 0 0 0 0 0 0 
1 0.499813 0.125003 0.0078446 2.4525e-05 0 0 0 0 0 0 0 0 0 0 0 0 0 0 0 
1 0.500508 0.12519 0.00781733 3.3725e-05 0 0 0 0 0 0 0 0 0 0 0 0 0 0 0 
1 0.499223 0.124548 0.00774755 4.025e-05 0 0 0 0 0 0 0 0 0 0 0 0 0 0 0 
1 0.49921 0.124591 0.00792743 3.975e-05 0 0 0 0 0 0 0 0 0 0 0 0 0 0 0 
1 0.500133 0.125125 0.00780833 4.425e-05 0 0 0 0 0 0 0 0 0 0 0 0 0 0 0 
1 0.501079 0.125606 0.00790408 3.0675e-05 0 0 0 0 0 0 0 0 0 0 0 0 0 0 0 
1 0.498479 0.124221 0.00783645 2.0675e-05 0 0 0 0 0 0 0 0 0 0 0 0 0 0 0 
1 0.500516 0.125261 0.00772263 2.7075e-05 0 0 0 0 0 0 0 0 0 0 0 0 0 0 0 
1 0.499197 0.124724 0.00782847 3.7025e-05 0 0 0 0 0 0 0 0 0 0 0 0 0 0 0 
1 0.498744 0.124194 0.0077417 3.965e-05 0 0 0 0 0 0 0 0 0 0 0 0 0 0 0 
1 0.499174 0.124195 0.00764123 2.6925e-05 0 0 0 0 0 0 0 0 0 0 0 0 0 0 0 
1 0.501232 0.12664 0.00796463 3.015e-05 0 0 0 0 0 0 0 0 0 0 0 0 0 0 0 
1 0.501662 0.126829 0.00789868 2.06e-05 0 0 0 0 0 0 0 0 0 0 0 0 0 0 0 
1 0.501116 0.126544 0.00790633 1.6325e-05 0 0 0 0 0 0 0 0 0 0 0 0 0 0 0 
1 0.500063 0.125827 0.00797363 3.065e-05 0 0 0 0 0 0 0 0 0 0 0 0 0 0 0 
1 0.499655 0.124827 0.00782272 3.2775e-05 0 0 0 0 0 0 0 0 0 0 0 0 0 0 0 
1 0.498989 0.124075 0.00787165 3.2975e-05 0 0 0 0 0 0 0 0 0 0 0 0 0 0 0 
1 0.500072 0.125681 0.00799085 3.115e-05 0 0 0 0 0 0 0 0 0 0 0 0 0 0 0 
1 0.499531 0.124266 0.00765773 1.9e-05 0 0 0 0 0 0 0 0 0 0 0 0 0 0 0 
1 0.498224 0.123536 0.00782688 2.6325e-05 0 0 0 0 0 0 0 0 0 0 0 0 0 0 0 
1 0.498734 0.123736 0.00750315 3.2275e-05 0 0 0 0 0 0 0 0 0 0 0 0 0 0 0 
1 0.500672 0.125298 0.00773853 3.85e-05 0 0 0 0 0 0 0 0 0 0 0 0 0 0 0 
1 0.500772 0.124653 0.00782678 2.5e-05 0 0 0 0 0 0 0 0 0 0 0 0 0 0 0 
1 0.499055 0.124501 0.0076882 2.8675e-05 0 0 0 0 0 0 0 0 0 0 0 0 0 0 0 
1 0.500159 0.125033 0.0077896 1.9375e-05 0 0 0 0 0 0 0 0 0 0 0 0 0 0 0 
1 0.500869 0.125962 0.0079015 2.945e-05 0 0 0 0 0 0 0 0 0 0 0 0 0 0 0 
1 0.499139 0.125008 0.00803085 3.43e-05 0 0 0 0 0 0 0 0 0 0 0 0 0 0 0 
1 0.49897 0.123811 0.007745 3.37e-05 0 0 0 0 0 0 0 0 0 0 0 0 0 0 0 
1 0.499194 0.124513 0.0078325 3.3775e-05 0 0 0 0 0 0 0 0 0 0 0 0 0 0 0 
1 0.500005 0.125362 0.00788505 3.8e-05 0 0 0 0 0 0 0 0 0 0 0 0 0 0 0 
1 0.499451 0.124412 0.00782313 3.315e-05 0 0 0 0 0 0 0 0 0 0 0 0 0 0 0 
1 0.500774 0.125932 0.00787355 3.2575e-05 0 0 0 0 0 0 0 0 0 0 0 0 0 0 0 
1 0.499133 0.125001 0.00802355 3.1525e-05 0 0 0 0 0 0 0 0 0 0 0 0 0 0 0 
1 0.500505 0.125539 0.00796705 3.005e-05 0 0 0 0 0 0 0 0 0 0 0 0 0 0 0 
1 0.49901 0.1245 0.0077552 2.2625e-05 0 0 0 0 0 0 0 0 0 0 0 0 0 0 0 
1 0.500155 0.125605 0.0078579 2.4875e-05 0 0 0 0 0 0 0 0 0 0 0 0 0 0 0 
1 0.498554 0.123138 0.00759918 3.6625e-05 0 0 0 0 0 0 0 0 0 0 0 0 0 0 0 
1 0.499189 0.124571 0.0078558 4.07e-05 0 0 0 0 0 0 0 0 0 0 0 0 0 0 0 
1 0.500499 0.125352 0.00799585 4.9125e-05 0 0 0 0 0 0 0 0 0 0 0 0 0 0 0 
1 0.50079 0.125056 0.00789723 2.325e-05 0 0 0 0 0 0 0 0 0 0 0 0 0 0 0 
1 0.500323 0.126001 0.00810863 3.2025e-05 0 0 0 0 0 0 0 0 0 0 0 0 0 0 0 
1 0.498529 0.123613 0.00775425 2.655e-05 0 0 0 0 0 0 0 0 0 0 0 0 0 0 0 
1 0.499315 0.125103 0.0078349 2.81e-05 0 0 0 0 0 0 0 0 0 0 0 0 0 0 0 
1 0.499698 0.123885 0.0076974 4.4225e-05 0 0 0 0 0 0 0 0 0 0 0 0 0 0 0 
1 0.499343 0.12463 0.00767213 1.95e-05 0 0 0 0 0 0 0 0 0 0 0 0 0 0 0 
1 0.500142 0.124927 0.00778912 3.785e-05 0 0 0 0 0 0 0 0 0 0 0 0 0 0 0 
1 0.50006 0.124878 0.00778235 2.205e-05 0 0 0 0 0 0 0 0 0 0 0 0 0 0 0 
1 0.500413 0.126188 0.00812898 2.6875e-05 0 0 0 0 0 0 0 0 0 0 0 0 0 0 0 
1 0.49936 0.124519 0.00774052 3.3775e-05 0 0 0 0 0 0 0 0 0 0 0 0 0 0 0 
1 0.499561 0.124686 0.00794085 3.2875e-05 0 0 0 0 0 0 0 0 0 0 0 0 0 0 0 
1 0.499237 0.125085 0.00786432 2.26e-05 0 0 0 0 0 0 0 0 0 0 0 0 0 0 0 
1 0.499845 0.124499 0.00766883 2.185e-05 0 0 0 0 0 0 0 0 0 0 0 0 0 0 0 
1 0.499203 0.125128 0.00766367 2.9575e-05 0 0 0 0 0 0 0 0 0 0 0 0 0 0 0 
1 0.500239 0.125645 0.00799725 3.7225e-05 0 0 0 0 0 0 0 0 0 0 0 0 0 0 0 
1 0.50064 0.1256 0.0079988 3.6375e-05 0 0 0 0 0 0 0 0 0 0 0 0 0 0 0 
1 0.501415 0.125279 0.0078533 2.1625e-05 0 0 0 0 0 0 0 0 0 0 0 0 0 0 0 
1 0.499476 0.125494 0.00803568 3.665e-05 0 0 0 0 0 0 0 0 0 0 0 0 0 0 0 
1 0.499821 0.125631 0.00798777 4.0375e-05 0 0 0 0 0 0 0 0 0 0 0 0 0 0 0 
1 0.500352 0.125066 0.0079665 4.1175e-05 0 0 0 0 0 0 0 0 0 0 0 0 0 0 0 
1 0.499422 0.124782 0.0077395 3.4025e-05 0 0 0 0 0 0 0 0 0 0 0 0 0 0 0 
1 0.500602 0.12527 0.00789895 4.9275e-05 0 0 0 0 0 0 0 0 0 0 0 0 0 0 0 
1 0.499859 0.12452 0.00764508 4.065e-05 0 0 0 0 0 0 0 0 0 0 0 0 0 0 0 
1 0.500631 0.125109 0.0077717 2.8575e-05 0 0 0 0 0 0 0 0 0 0 0 0 0 0 0 
1 0.501067 0.126135 0.00789765 2.6675e-05 0 0 0 0 0 0 0 0 0 0 0 0 0 0 0 
1 0.499592 0.124581 0.00778013 3.84e-05 0 0 0 0 0 0 0 0 0 0 0 0 0 0 0 
1 0.500988 0.126143 0.00806497 3.025e-05 0 0 0 0 0 0 0 0 0 0 0 0 0 0 0 
1 0.499669 0.124889 0.00770827 2.515e-05 0 0 0 0 0 0 0 0 0 0 0 0 0 0 0 
1 0.499687 0.125064 0.0076445 2.4275e-05 0 0 0 0 0 0 0 0 0 0 0 0 0 0 0 
1 0.498729 0.124479 0.00775405 2.365e-05 0 0 0 0 0 0 0 0 0 0 0 0 0 0 0 
1 0.501157 0.126083 0.00813788 3.65e-05 0 0 0 0 0 0 0 0 0 0 0 0 0 0 0 
1 0.500604 0.125071 0.0078345 2.8225e-05 0 0 0 0 0 0 0 0 0 0 0 0 0 0 0 
1 0.499393 0.124947 0.00795353 2.655e-05 0 0 0 0 0 0 0 0 0 0 0 0 0 0 0 
1 0.499142 0.124811 0.00778215 2.735e-05 0 0 0 0 0 0 0 0 0 0 0 0 0 0 0 
1 0.501372 0.126304 0.00786497 3.2325e-05 0 0 0 0 0 0 0 0 0 0 0 0 0 0 0 
1 0.4994 0.124996 0.00777115 3.5025e-05 0 0 0 0 0 0 0 0 0 0 0 0 0 0 0 
1 0.499537 0.124724 0.00795428 3.2675e-05 0 0 0 0 0 0 0 0 0 0 0 0 0 0 0 
1 0.499191 0.123772 0.00757073 3.075e-05 0 0 0 0 0 0 0 0 0 0 0 0 0 0 0 
1 0.500202 0.125307 0.00786173 3.6525e-05 0 0 0 0 0 0 0 0 0 0 0 0 0 0 0 
1 0.501977 0.126527 0.00811565 4.605e-05 0 0 0 0 0 0 0 0 0 0 0 0 0 0 0 
1 0.49956 0.125234 0.00794138 3.1125e-05 0 0 0 0 0 0 0 0 0 0 0 0 0 0 0 
1 0.499236 0.124532 0.00767098 2.575e-05 0 0 0 0 0 0 0 0 0 0 0 0 0 0 0 
1 0.4996 0.124758 0.00765255 3.3275e-05 0 0 0 0 0 0 0 0 0 0 0 0 0 0 0 
1 0.500898 0.12584 0.00798272 3.125e-05 0 0 0 0 0 0 0 0 0 0 0 0 0 0 0 
1 0.500014 0.124826 0.0078804 3.215e-05 8.5e-07 0 0 0 0 0 0 0 0 0 0 0 0 0 0 
1 0.50013 0.125345 0.00780238 3.74e-05 0 0 0 0 0 0 0 0 0 0 0 0 0 0 0 
1 0.5006 0.124697 0.00782113 2.685e-05 0 0 0 0 0 0 0 0 0 0 0 0 0 0 0 
1 0.499083 0.124426 0.00785715 3.1475e-05 0 0 0 0 0 0 0 0 0 0 0 0 0 0 0 
1 0.499364 0.124336 0.00777808 4.075e-05 0 0 0 0 0 0 0 0 0 0 0 0 0 0 0 
1 0.500759 0.126068 0.0080389 3.3875e-05 0 0 0 0 0 0 0 0 0 0 0 0 0 0 0 
1 0.501406 0.126974 0.00804863 2.4425e-05 0 0 0 0 0 0 0 0 0 0 0 0 0 0 0 
1 0.499823 0.125101 0.00786372 2.5475e-05 0 0 0 0 0 0 0 0 0 0 0 0 0 0 0 
1 0.499575 0.125101 0.0079456 3.0075e-05 0 0 0 0 0 0 0 0 0 0 0 0 0 0 0 
1 0.500532 0.125536 0.00807595 3.8575e-05 0 0 0 0 0 0 0 0 0 0 0 0 0 0 0 
1 0.500038 0.125797 0.00812688 3.36e-05 0 0 0 0 0 0 0 0 0 0 0 0 0 0 0 
1 0.500752 0.126091 0.0081461 3.5325e-05 0 0 0 0 0 0 0 0 0 0 0 0 0 0 0 
1 0.500546 0.125886 0.0080538 3.2175e-05 0 0 0 0 0 0 0 0 0 0 0 0 0 0 0 
1 0.502443 0.1268 0.00815308 3.49e-05 0 0 0 0 0 0 0 0 0 0 0 0 0 0 0 
1 0.499081 0.124723 0.00793865 4.73e-05 0 0 0 0 0 0 0 0 0 0 0 0 0 0 0 
1 0.499491 0.124599 0.00787663 3.0625e-05 0 0 0 0 0 0 0 0 0 0 0 0 0 0 0 
1 0.500264 0.125464 0.0080903 3.4825e-05 0 0 0 0 0 0 0 0 0 0 0 0 0 0 0 
1 0.500671 0.12528 0.00785495 2.9725e-05 0 0 0 0 0 0 0 0 0 0 0 0 0 0 0 
1 0.500728 0.125583 0.00801268 3.0325e-05 0 0 0 0 0 0 0 0 0 0 0 0 0 0 0 
1 0.500376 0.125209 0.00775355 3.085e-05 0 0 0 0 0 0 0 0 0 0 0 0 0 0 0 
1 0.498029 0.123649 0.00773283 2.8525e-05 0 0 0 0 0 0 0 0 0 0 0 0 0 0 0 
1 0.500149 0.124757 0.0075872 4.2475e-05 0 0 0 0 0 0 0 0 0 0 0 0 0 0 0 
1 0.500563 0.125536 0.00794238 3.6575e-05 0 0 0 0 0 0 0 0 0 0 0 0 0 0 0 
1 0.499014 0.124992 0.0080583 4.26e-05 0 0 0 0 0 0 0 0 0 0 0 0 0 0 0 
1 0.499646 0.124938 0.00793487 3.3825e-05 0 0 0 0 0 0 0 0 0 0 0 0 0 0 0 
1 0.500885 0.126526 0.00807373 4.7475e-05 0 0 0 0 0 0 0 0 0 0 0 0 0 0 0 
1 0.500111 0.125052 0.00768963 3.5425e-05 0 0 0 0 0 0 0 0 0 0 0 0 0 0 0 
1 0.499183 0.123903 0.0075968 2.67e-05 0 0 0 0 0 0 0 0 0 0 0 0 0 0 0 
1 0.500275 0.125495 0.00795658 2.405e-05 0 0 0 0 0 0 0 0 0 0 0 0 0 0 0 
1 0.499699 0.124475 0.00771423 3.2775e-05 0 0 0 0 0 0 0 0 0 0 0 0 0 0 0 
1 0.498742 0.12413 0.0077707 3.04e-05 0 0 0 0 0 0 0 0 0 0 0 0 0 0 0 
1 0.499922 0.125131 0.0078107 2.9925e-05 0 0 0 0 0 0 0 0 0 0 0 0 0 0 0 
1 0.499958 0.124709 0.0078248 3.3625e-05 0 0 0 0 0 0 0 0 0 0 0 0 0 0 0 
1 0.501137 0.125962 0.0078641 4.155e-05 0 0 0 0 0 0 0 0 0 0 0 0 0 0 0 
1 0.500596 0.125756 0.00803715 4.325e-05 0 0 0 0 0 0 0 0 0 0 0 0 0 0 0 
1 0.500145 0.1252 0.0078591 3.4525e-05 0 0 0 0 0 0 0 0 0 0 0 0 0 0 0 
1 0.499927 0.125243 0.0080738 3.0825e-05 0 0 0 0 0 0 0 0 0 0 0 0 0 0 0 
1 0.500971 0.125864 0.00809855 4.155e-05 0 0 0 0 0 0 0 0 0 0 0 0 0 0 0 
1 0.499677 0.124941 0.00798328 3.19e-05 0 0 0 0 0 0 0 0 0 0 0 0 0 0 0 
1 0.501072 0.126488 0.00833158 4.3775e-05 0 0 0 0 0 0 0 0 0 0 0 0 0 0 0 
1 0.500214 0.12501 0.00772663 2.9825e-05 0 0 0 0 0 0 0 0 0 0 0 0 0 0 0 
1 0.502422 0.126987 0.00797625 2.7825e-05 0 0 0 0 0 0 0 0 0 0 0 0 0 0 0 
1 0.499367 0.124963 0.00785015 3.4825e-05 0 0 0 0 0 0 0 0 0 0 0 0 0 0 0 
1 0.499813 0.12491 0.00793213 3.78e-05 0 0 0 0 0 0 0 0 0 0 0 0 0 0 0 
1 0.499742 0.125271 0.00782252 3.14e-05 0 0 0 0 0 0 0 0 0 0 0 0 0 0 0 
1 0.500392 0.125295 0.00776855 3.6575e-05 0 0 0 0 0 0 0 0 0 0 0 0 0 0 0 
1 0.49946 0.125057 0.0079746 3.8125e-05 0 0 0 0 0 0 0 0 0 0 0 0 0 0 0 
1 0.499531 0.125047 0.0076385 3.1425e-05 0 0 0 0 0 0 0 0 0 0 0 0 0 0 0 
1 0.500898 0.125053 0.00781263 4.5775e-05 0 0 0 0 0 0 0 0 0 0 0 0 0 0 0 
1 0.498463 0.123585 0.00786838 4.43e-05 0 0 0 0 0 0 0 0 0 0 0 0 0 0 0 
1 0.500359 0.125312 0.00794203 4.26e-05 0 0 0 0 0 0 0 0 0 0 0 0 0 0 0 
1 0.50012 0.125391 0.0080055 3.8425e-05 0 0 0 0 0 0 0 0 0 0 0 0 0 0 0 
1 0.501362 0.126345 0.00796375 3.0625e-05 0 0 0 0 0 0 0 0 0 0 0 0 0 0 0 
1 0.499079 0.12407 0.00748185 3.5125e-05 0 0 0 0 0 0 0 0 0 0 0 0 0 0 0 
1 0.499657 0.125185 0.00784228 1.7825e-05 0 0 0 0 0 0 0 0 0 0 0 0 0 0 0 
1 0.501141 0.126128 0.00803413 3.13e-05 0 0 0 0 0 0 0 0 0 0 0 0 0 0 0 
1 0.501027 0.126218 0.00808753 4.5675e-05 0 0 0 0 0 0 0 0 0 0 0 0 0 0 0 
1 0.500249 0.12455 0.0076345 4.7525e-05 0 0 0 0 0 0 0 0 0 0 0 0 0 0 0 
1 0.500466 0.125289 0.00780068 3.4675e-05 0 0 0 0 0 0 0 0 0 0 0 0 0 0 0 
1 0.499865 0.125455 0.00796533 4.11e-05 0 0 0 0 0 0 0 0 0 0 0 0 0 0 0 
1 0.500655 0.125087 0.0079212 3.5675e-05 0 0 0 0 0 0 0 0 0 0 0 0 0 0 0 
1 0.500109 0.125178 0.00785678 3.24e-05 0 0 0 0 0 0 0 0 0 0 0 0 0 0 0 
1 0.499986 0.125016 0.00774848 2.6375e-05 1.5e-07 0 0 0 0 0 0 0 0 0 0 0 0 0 0 
1 0.499822 0.125268 0.00776255 3.5275e-05 0 0 0 0 0 0 0 0 0 0 0 0 0 0 0 
1 0.500664 0.125328 0.00786908 3.7175e-05 0 0 0 0 0 0 0 0 0 0 0 0 0 0 0 
1 0.500916 0.126253 0.00808698 3.6375e-05 0 0 0 0 0 0 0 0 0 0 0 0 0 0 0 
1 0.499465 0.124391 0.00777015 2.7675e-05 0 0 0 0 0 0 0 0 0 0 0 0 0 0 0 
1 0.500425 0.124897 0.0076412 3.18e-05 0 0 0 0 0 0 0 0 0 0 0 0 0 0 0 
1 0.5004 0.125448 0.00783345 2.61e-05 0 0 0 0 0 0 0 0 0 0 0 0 0 0 0 
1 0.499545 0.124735 0.00782628 3.75e-05 0 0 0 0 0 0 0 0 0 0 0 0 0 0 0 
1 0.501877 0.126443 0.00810295 3.86e-05 0 0 0 0 0 0 0 0 0 0 0 0 0 0 0 
1 0.500274 0.124591 0.00760595 3.225e-05 0 0 0 0 0 0 0 0 0 0 0 0 0 0 0 
1 0.499959 0.12462 0.0079482 2.695e-05 0 0 0 0 0 0 0 0 0 0 0 0 0 0 0 
1 0.499769 0.125275 0.0077114 4.2125e-05 0 0 0 0 0 0 0 0 0 0 0 0 0 0 0 
1 0.500626 0.12552 0.00779688 3.12e-05 0 0 0 0 0 0 0 0 0 0 0 0 0 0 0 
1 0.499533 0.125089 0.00785207 2.8275e-05 0 0 0 0 0 0 0 0 0 0 0 0 0 0 0 
1 0.499128 0.124432 0.00778565 3.7275e-05 0 0 0 0 0 0 0 0 0 0 0 0 0 0 0 
1 0.499431 0.124628 0.00786065 3.0425e-05 0 0 0 0 0 0 0 0 0 0 0 0 0 0 0 
1 0.498729 0.123537 0.00745895 4.09e-05 0 0 0 0 0 0 0 0 0 0 0 0 0 0 0 
1 0.501815 0.125879 0.0079221 2.545e-05 0 0 0 0 0 0 0 0 0 0 0 0 0 0 0 
1 0.501094 0.125881 0.00775458 3.93e-05 0 0 0 0 0 0 0 0 0 0 0 0 0 0 0 
1 0.498596 0.124615 0.007642 3.47e-05 0 0 0 0 0 0 0 0 0 0 0 0 0 0 0 
1 0.499396 0.12409 0.00776533 2.4175e-05 0 0 0 0 0 0 0 0 0 0 0 0 0 0 0 
1 0.501085 0.125713 0.00806008 4.0275e-05 0 0 0 0 0 0 0 0 0 0 0 0 0 0 0 
1 0.499295 0.124582 0.00785725 3.5225e-05 0 0 0 0 0 0 0 0 0 0 0 0 0 0 0 
1 0.499571 0.124446 0.00771605 3.1675e-05 0 0 0 0 0 0 0 0 0 0 0 0 0 0 0 
1 0.500711 0.125635 0.00799765 1.8225e-05 0 0 0 0 0 0 0 0 0 0 0 0 0 0 0 
1 0.500708 0.125436 0.00793845 2.4025e-05 0 0 0 0 0 0 0 0 0 0 0 0 0 0 0 
1 0.499268 0.124743 0.0077921 3.5675e-05 0 0 0 0 0 0 0 0 0 0 0 0 0 0 0 
1 0.500137 0.1254 0.0078658 2.2425e-05 0 0 0 0 0 0 0 0 0 0 0 0 0 0 0 
1 0.498733 0.124201 0.00771038 3.41e-05 0 0 0 0 0 0 0 0 0 0 0 0 0 0 0 
1 0.499225 0.1244 0.00773558 3.675e-05 0 0 0 0 0 0 0 0 0 0 0 0 0 0 0 
1 0.498689 0.124063 0.00777477 2.45e-05 0 0 0 0 0 0 0 0 0 0 0 0 0 0 0 
1 0.499691 0.125242 0.00794558 3.03e-05 0 0 0 0 0 0 0 0 0 0 0 0 0 0 0 
1 0.501329 0.126255 0.0079991 4.0775e-05 0 0 0 0 0 0 0 0 0 0 0 0 0 0 0 
1 0.499176 0.124691 0.00776552 3.42e-05 0 0 0 0 0 0 0 0 0 0 0 0 0 0 0 
1 0.499859 0.124871 0.0078563 3.45e-05 0 0 0 0 0 0 0 0 0 0 0 0 0 0 0 
1 0.501118 0.126165 0.00812672 2.8925e-05 0 0 0 0 0 0 0 0 0 0 0 0 0 0 0 
1 0.501208 0.125725 0.00798193 3.015e-05 0 0 0 0 0 0 0 0 0 0 0 0 0 0 0 
1 0.498621 0.124958 0.00792745 2.8425e-05 0 0 0 0 0 0 0 0 0 0 0 0 0 0 0 
1 0.499107 0.12396 0.00773787 2.615e-05 0 0 0 0 0 0 0 0 0 0 0 0 0 0 0 
1 0.499392 0.124446 0.00787963 3.3825e-05 0 0 0 0 0 0 0 0 0 0 0 0 0 0 0 
1 0.499939 0.12512 0.0078178 3.3475e-05 0 0 0 0 0 0 0 0 0 0 0 0 0 0 0 
1 0.500797 0.125561 0.00797178 2.4e-05 0 0 0 0 0 0 0 0 0 0 0 0 0 0 0 
1 0.500405 0.12589 0.0078264 3.9875e-05 0 0 0 0 0 0 0 0 0 0 0 0 0 0 0 
1 0.501972 0.126304 0.0082283 4.1525e-05 0 0 0 0 0 0 0 0 0 0 0 0 0 0 0 
1 0.500358 0.125378 0.00794215 3.43e-05 0 0 0 0 0 0 0 0 0 0 0 0 0 0 0 
1 0.499665 0.124984 0.00784973 3.675e-05 0 0 0 0 0 0 0 0 0 0 0 0 0 0 0 
1 0.500213 0.125419 0.00789393 4.5125e-05 0 0 0 0 0 0 0 0 0 0 0 0 0 0 0 
1 0.499245 0.124271 0.00762698 3.65e-05 0 0 0 0 0 0 0 0 0 0 0 0 0 0 0 
1 0.498804 0.124296 0.00773765 2.6025e-05 0 0 0 0 0 0 0 0 0 0 0 0 0 0 0 
1 0.499268 0.124803 0.00801347 3.855e-05 0 0 0 0 0 0 0 0 0 0 0 0 0 0 0 
1 0.500204 0.125536 0.00797628 5.275e-05 0 0 0 0 0 0 0 0 0 0 0 0 0 0 0 
1 0.499138 0.124554 0.0079213 3.345e-05 0 0 0 0 0 0 0 0 0 0 0 0 0 0 0 
1 0.499865 0.12554 0.00803323 2.735e-05 0 0 0 0 0 0 0 0 0 0 0 0 0 0 0 
1 0.498511 0.124248 0.00783128 3.7e-05 0 0 0 0 0 0 0 0 0 0 0 0 0 0 0 
1 0.500555 0.125539 0.00785673 5.0425e-05 0 0 0 0 0 0 0 0 0 0 0 0 0 0 0 
1 0.501 0.125911 0.00824188 3.6675e-05 0 0 0 0 0 0 0 0 0 0 0 0 0 0 0 
1 0.50125 0.126205 0.00828375 3.0575e-05 0 0 0 0 0 0 0 0 0 0 0 0 0 0 0 
1 0.498405 0.12398 0.00758448 2.915e-05 0 0 0 0 0 0 0 0 0 0 0 0 0 0 0 
1 0.50012 0.125056 0.00776545 2.8725e-05 0 0 0 0 0 0 0 0 0 0 0 0 0 0 0 
1 0.501147 0.125444 0.00794205 2.8475e-05 0 0 0 0 0 0 0 0 0 0 0 0 0 0 0 
1 0.499132 0.124681 0.0076427 4.7425e-05 0 0 0 0 0 0 0 0 0 0 0 0 0 0 0 
1 0.499731 0.125151 0.00779965 3.5975e-05 0 0 0 0 0 0 0 0 0 0 0 0 0 0 0 
1 0.501626 0.126262 0.00805238 3.86e-05 0 0 0 0 0 0 0 0 0 0 0 0 0 0 0 
1 0.500805 0.125878 0.00799773 3.615e-05 0 0 0 0 0 0 0 0 0 0 0 0 0 0 0 
1 0.501551 0.125992 0.00794435 3.0925e-05 0 0 0 0 0 0 0 0 0 0 0 0 0 0 0 
1 0.499612 0.124682 0.00779673 2.6925e-05 0 0 0 0 0 0 0 0 0 0 0 0 0 0 0 
1 0.500282 0.125703 0.00786038 3.3825e-05 0 0 0 0 0 0 0 0 0 0 0 0 0 0 0 
1 0.500477 0.125566 0.0080676 4.1375e-05 0 0 0 0 0 0 0 0 0 0 0 0 0 0 0 
1 0.499729 0.124682 0.00771103 2.72e-05 0 0 0 0 0 0 0 0 0 0 0 0 0 0 0 
1 0.500839 0.125697 0.00803868 3.4775e-05 0 0 0 0 0 0 0 0 0 0 0 0 0 0 0 
1 0.501424 0.126854 0.00815173 1.7875e-05 0 0 0 0 0 0 0 0 0 0 0 0 0 0 0 
1 0.501159 0.125661 0.00781003 3.535e-05 0 0 0 0 0 0 0 0 0 0 0 0 0 0 0 
1 0.500427 0.125395 0.00794188 2.39e-05 0 0 0 0 0 0 0 0 0 0 0 0 0 0 0 
1 0.499625 0.124681 0.00777093 2.9475e-05 0 0 0 0 0 0 0 0 0 0 0 0 0 0 0 
1 0.499625 0.125111 0.00770425 2.8925e-05 0 0 0 0 0 0 0 0 0 0 0 0 0 0 0 
1 0.49995 0.125188 0.0080327 3.2525e-05 0 0 0 0 0 0 0 0 0 0 0 0 0 0 0 
1 0.499034 0.124304 0.00767415 2.8375e-05 0 0 0 0 0 0 0 0 0 0 0 0 0 0 0 
1 0.499959 0.125426 0.00781933 3.9375e-05 0 0 0 0 0 0 0 0 0 0 0 0 0 0 0 
1 0.499612 0.124431 0.00754943 2.47e-05 0 0 0 0 0 0 0 0 0 0 0 0 0 0 0 
1 0.500674 0.125487 0.00783302 2.715e-05 0 0 0 0 0 0 0 0 0 0 0 0 0 0 0 
1 0.499051 0.124713 0.00799175 2.685e-05 0 0 0 0 0 0 0 0 0 0 0 0 0 0 0 
1 0.499893 0.124685 0.00758195 3.565e-05 0 0 0 0 0 0 0 0 0 0 0 0 0 0 0 
1 0.500094 0.125391 0.00778625 2.925e-05 0 0 0 0 0 0 0 0 0 0 0 0 0 0 0 
1 0.498554 0.123914 0.00765245 2.8275e-05 0 0 0 0 0 0 0 0 0 0 0 0 0 0 0 
1 0.499242 0.124949 0.0079829 4.455e-05 0 0 0 0 0 0 0 0 0 0 0 0 0 0 0 
1 0.499437 0.124718 0.0078333 3.21e-05 0 0 0 0 0 0 0 0 0 0 0 0 0 0 0 
1 0.500136 0.125011 0.0077946 3.195e-05 0 0 0 0 0 0 0 0 0 0 0 0 0 0 0 
1 0.498861 0.124278 0.0078089 2.925e-05 0 0 0 0 0 0 0 0 0 0 0 0 0 0 0 
1 0.500828 0.125785 0.00795795 3.6425e-05 0 0 0 0 0 0 0 0 0 0 0 0 0 0 0 
1 0.500574 0.125059 0.0077804 3.385e-05 0 0 0 0 0 0 0 0 0 0 0 0 0 0 0 
1 0.499193 0.125203 0.00792195 3.915e-05 0 0 0 0 0 0 0 0 0 0 0 0 0 0 0 
1 0.501086 0.126155 0.0080229 2.605e-05 0 0 0 0 0 0 0 0 0 0 0 0 0 0 0 
1 0.500867 0.125604 0.0079746 2.6375e-05 0 0 0 0 0 0 0 0 0 0 0 0 0 0 0 
1 0.501483 0.126374 0.00814365 3.395e-05 0 0 0 0 0 0 0 0 0 0 0 0 0 0 0 
1 0.499892 0.125521 0.00787098 3.6625e-05 0 0 0 0 0 0 0 0 0 0 0 0 0 0 0 
1 0.499536 0.12511 0.007745 3.2275e-05 0 0 0 0 0 0 0 0 0 0 0 0 0 0 0 
1 0.500028 0.125079 0.0078621 2.1625e-05 0 0 0 0 0 0 0 0 0 0 0 0 0 0 0 
1 0.500412 0.124589 0.0076981 4.59e-05 0 0 0 0 0 0 0 0 0 0 0 0 0 0 0 
1 0.500953 0.125956 0.0079714 4.2325e-05 0 0 0 0 0 0 0 0 0 0 0 0 0 0 0 
1 0.500769 0.125879 0.00806408 3.6275e-05 0 0 0 0 0 0 0 0 0 0 0 0 0 0 0 
1 0.499259 0.124723 0.00771468 2.875e-05 0 0 0 0 0 0 0 0 0 0 0 0 0 0 0 
1 0.500666 0.125265 0.0078373 2.9275e-05 0 0 0 0 0 0 0 0 0 0 0 0 0 0 0 
1 0.501304 0.126078 0.00815465 4.1575e-05 0 0 0 0 0 0 0 0 0 0 0 0 0 0 0 
1 0.500158 0.12522 0.00790573 2.595e-05 0 0 0 0 0 0 0 0 0 0 0 0 0 0 0 
1 0.499533 0.124767 0.00785335 5.0475e-05 0 0 0 0 0 0 0 0 0 0 0 0 0 0 0 
1 0.500514 0.125615 0.00811448 3.995e-05 0 0 0 0 0 0 0 0 0 0 0 0 0 0 0 
1 0.498707 0.124102 0.00767952 3.7925e-05 0 0 0 0 0 0 0 0 0 0 0 0 0 0 0 
1 0.500326 0.125145 0.00774925 4.915e-05 0 0 0 0 0 0 0 0 0 0 0 0 0 0 0 
1 0.498158 0.12344 0.00764183 2.34e-05 0 0 0 0 0 0 0 0 0 0 0 0 0 0 0 
1 0.499264 0.124434 0.00766693 3.385e-05 0 0 0 0 0 0 0 0 0 0 0 0 0 0 0 
1 0.500646 0.125162 0.00768755 2.6275e-05 0 0 0 0 0 0 0 0 0 0 0 0 0 0 0 
1 0.501084 0.125712 0.00784415 3.675e-05 0 0 0 0 0 0 0 0 0 0 0 0 0 0 0 
1 0.500216 0.125449 0.00818775 3.705e-05 0 0 0 0 0 0 0 0 0 0 0 0 0 0 0 
1 0.500862 0.126515 0.00817428 3.425e-05 0 0 0 0 0 0 0 0 0 0 0 0 0 0 0 
1 0.501549 0.126213 0.0080884 3.39e-05 0 0 0 0 0 0 0 0 0 0 0 0 0 0 0 
1 0.498983 0.124246 0.00781875 3.0925e-05 0 0 0 0 0 0 0 0 0 0 0 0 0 0 0 
1 0.500339 0.125594 0.00793645 4.335e-05 0 0 0 0 0 0 0 0 0 0 0 0 0 0 0 
1 0.499984 0.125135 0.00787482 3.26e-05 0 0 0 0 0 0 0 0 0 0 0 0 0 0 0 
1 0.499044 0.124668 0.0079369 3.6375e-05 0 0 0 0 0 0 0 0 0 0 0 0 0 0 0 
1 0.500605 0.125246 0.00791212 2.745e-05 0 0 0 0 0 0 0 0 0 0 0 0 0 0 0 
1 0.500583 0.125308 0.00790148 3.1375e-05 0 0 0 0 0 0 0 0 0 0 0 0 0 0 0 
1 0.499176 0.123792 0.00763027 3.39e-05 0 0 0 0 0 0 0 0 0 0 0 0 0 0 0 
1 0.498622 0.124138 0.00780788 3.9125e-05 0 0 0 0 0 0 0 0 0 0 0 0 0 0 0 
1 0.50049 0.125815 0.007962 3.425e-05 0 0 0 0 0 0 0 0 0 0 0 0 0 0 0 
1 0.500197 0.124782 0.00793343 4.42e-05 0 0 0 0 0 0 0 0 0 0 0 0 0 0 0 
1 0.501082 0.125259 0.00782283 3.6525e-05 0 0 0 0 0 0 0 0 0 0 0 0 0 0 0 
1 0.499345 0.125236 0.00793947 3.805e-05 0 0 0 0 0 0 0 0 0 0 0 0 0 0 0 
1 0.499994 0.124483 0.0080925 4.0575e-05 0 0 0 0 0 0 0 0 0 0 0 0 0 0 0 
1 0.499352 0.124553 0.0076769 2.7325e-05 0 0 0 0 0 0 0 0 0 0 0 0 0 0 0 
1 0.499392 0.124672 0.00782653 3.4875e-05 0 0 0 0 0 0 0 0 0 0 0 0 0 0 0 
1 0.50027 0.125386 0.00798113 3.4375e-05 0 0 0 0 0 0 0 0 0 0 0 0 0 0 0 
1 0.49995 0.125594 0.00798295 3.855e-05 0 0 0 0 0 0 0 0 0 0 0 0 0 0 0 
1 0.499126 0.12444 0.0077629 3.385e-05 0 0 0 0 0 0 0 0 0 0 0 0 0 0 0 
1 0.498032 0.123093 0.00744892 2.205e-05 0 0 0 0 0 0 0 0 0 0 0 0 0 0 0 
1 0.498945 0.124115 0.00755833 3.6025e-05 0 0 0 0 0 0 0 0 0 0 0 0 0 0 0 
1 0.499741 0.125075 0.00791838 3.5525e-05 0 0 0 0 0 0 0 0 0 0 0 0 0 0 0 
1 0.500101 0.124466 0.00792175 2.9725e-05 0 0 0 0 0 0 0 0 0 0 0 0 0 0 0 
1 0.498895 0.124309 0.00760338 3.37e-05 0 0 0 0 0 0 0 0 0 0 0 0 0 0 0 
1 0.498813 0.124423 0.00750988 3.1675e-05 0 0 0 0 0 0 0 0 0 0 0 0 0 0 0 
1 0.499498 0.12457 0.00763032 2.2325e-05 0 0 0 0 0 0 0 0 0 0 0 0 0 0 0 
1 0.498564 0.123499 0.00778963 3.725e-05 0 0 0 0 0 0 0 0 0 0 0 0 0 0 0 
1 0.500212 0.125315 0.00778903 4.1e-05 0 0 0 0 0 0 0 0 0 0 0 0 0 0 0 
1 0.499295 0.124914 0.00788495 3.1925e-05 0 0 0 0 0 0 0 0 0 0 0 0 0 0 0 
1 0.499356 0.123996 0.00791108 4.6275e-05 0 0 0 0 0 0 0 0 0 0 0 0 0 0 0 
1 0.499649 0.125491 0.00807845 2.445e-05 0 0 0 0 0 0 0 0 0 0 0 0 0 0 0 
1 0.499138 0.123441 0.00764715 3.2675e-05 0 0 0 0 0 0 0 0 0 0 0 0 0 0 0 
1 0.499845 0.125358 0.00789565 3.515e-05 0 0 0 0 0 0 0 0 0 0 0 0 0 0 0 
1 0.499459 0.124779 0.00776988 2.7375e-05 1.25e-07 0 0 0 0 0 0 0 0 0 0 0 0 0 0 
1 0.499974 0.124983 0.00785198 4.61e-05 0 0 0 0 0 0 0 0 0 0 0 0 0 0 0 
1 0.500969 0.125824 0.00778313 3.6325e-05 0 0 0 0 0 0 0 0 0 0 0 0 0 0 0 
1 0.499101 0.124218 0.0078238 5.2125e-05 0 0 0 0 0 0 0 0 0 0 0 0 0 0 0 
1 0.501012 0.125428 0.00798883 2.76e-05 0 0 0 0 0 0 0 0 0 0 0 0 0 0 0 
1 0.50047 0.125389 0.00812028 4.32e-05 0 0 0 0 0 0 0 0 0 0 0 0 0 0 0 
1 0.498385 0.123749 0.00757528 2.6325e-05 0 0 0 0 0 0 0 0 0 0 0 0 0 0 0 
1 0.500212 0.125004 0.00778712 2.25e-05 0 0 0 0 0 0 0 0 0 0 0 0 0 0 0 
1 0.499418 0.124264 0.00782475 2.325e-05 0 0 0 0 0 0 0 0 0 0 0 0 0 0 0 
1 0.499832 0.124472 0.00777733 3.475e-05 0 0 0 0 0 0 0 0 0 0 0 0 0 0 0 
1 0.500561 0.125297 0.00778463 3.9625e-05 0 0 0 0 0 0 0 0 0 0 0 0 0 0 0 
1 0.499757 0.125024 0.00776435 2.5725e-05 0 0 0 0 0 0 0 0 0 0 0 0 0 0 0 
1 0.498984 0.124368 0.00788488 2.71e-05 0 0 0 0 0 0 0 0 0 0 0 0 0 0 0 
1 0.500021 0.125064 0.00786268 4.4075e-05 0 0 0 0 0 0 0 0 0 0 0 0 0 0 0 
1 0.498635 0.124497 0.00789333 2.8225e-05 0 0 0 0 0 0 0 0 0 0 0 0 0 0 0 
1 0.500691 0.125696 0.00802293 3.805e-05 0 0 0 0 0 0 0 0 0 0 0 0 0 0 0 
1 0.499604 0.125041 0.00799798 3.22e-05 0 0 0 0 0 0 0 0 0 0 0 0 0 0 0 
1 0.500947 0.125815 0.0079674 3.6225e-05 0 0 0 0 0 0 0 0 0 0 0 0 0 0 0 
1 0.500782 0.125198 0.00798283 2.785e-05 0 0 0 0 0 0 0 0 0 0 0 0 0 0 0 
1 0.499258 0.124877 0.00788508 3.2975e-05 0 0 0 0 0 0 0 0 0 0 0 0 0 0 0 
1 0.50037 0.125634 0.00791588 4.285e-05 0 0 0 0 0 0 0 0 0 0 0 0 0 0 0 
1 0.500681 0.125757 0.00789195 3.2025e-05 0 0 0 0 0 0 0 0 0 0 0 0 0 0 0 
1 0.500975 0.125563 0.00815033 3.455e-05 0 0 0 0 0 0 0 0 0 0 0 0 0 0 0 
1 0.500305 0.125214 0.00773935 2.47e-05 0 0 0 0 0 0 0 0 0 0 0 0 0 0 0 
1 0.498929 0.124326 0.00763293 3.0225e-05 0 0 0 0 0 0 0 0 0 0 0 0 0 0 0 
1 0.501868 0.125783 0.00802343 4.875e-05 0 0 0 0 0 0 0 0 0 0 0 0 0 0 0 
1 0.499001 0.123331 0.00757825 3.8075e-05 0 0 0 0 0 0 0 0 0 0 0 0 0 0 0 
1 0.501395 0.125901 0.0079658 3.0375e-05 0 0 0 0 0 0 0 0 0 0 0 0 0 0 0 
1 0.500078 0.125032 0.00791205 2.24e-05 0 0 0 0 0 0 0 0 0 0 0 0 0 0 0 
1 0.500785 0.126199 0.00807848 3.825e-05 0 0 0 0 0 0 0 0 0 0 0 0 0 0 0 
1 0.500709 0.125324 0.00767345 4.215e-05 0 0 0 0 0 0 0 0 0 0 0 0 0 0 0 
1 0.497868 0.123875 0.00771918 2.53e-05 0 0 0 0 0 0 0 0 0 0 0 0 0 0 0 
1 0.499969 0.124838 0.00781978 2.9775e-05 0 0 0 0 0 0 0 0 0 0 0 0 0 0 0 
1 0.499099 0.12416 0.00779645 4.1175e-05 0 0 0 0 0 0 0 0 0 0 0 0 0 0 0 
1 0.49855 0.123878 0.0076997 2.7375e-05 0 0 0 0 0 0 0 0 0 0 0 0 0 0 0 
1 0.498679 0.124169 0.0076936 3.245e-05 0 0 0 0 0 0 0 0 0 0 0 0 0 0 0 
1 0.50055 0.125819 0.00805378 3.4e-05 0 0 0 0 0 0 0 0 0 0 0 0 0 0 0 
1 0.500046 0.124582 0.00780435 3.27e-05 0 0 0 0 0 0 0 0 0 0 0 0 0 0 0 
1 0.499914 0.125567 0.007911 4.0175e-05 0 0 0 0 0 0 0 0 0 0 0 0 0 0 0 
1 0.500872 0.125928 0.00804285 2.9075e-05 0 0 0 0 0 0 0 0 0 0 0 0 0 0 0 
1 0.499916 0.124327 0.00733602 3.265e-05 0 0 0 0 0 0 0 0 0 0 0 0 0 0 0 
1 0.500437 0.125242 0.00795203 2.5575e-05 0 0 0 0 0 0 0 0 0 0 0 0 0 0 0 
1 0.500042 0.125117 0.00793383 3.0725e-05 0 0 0 0 0 0 0 0 0 0 0 0 0 0 0 
1 0.5 0.124916 0.00796185 3.265e-05 0 0 0 0 0 0 0 0 0 0 0 0 0 0 0 
1 0.500384 0.125267 0.00783233 2.6675e-05 0 0 0 0 0 0 0 0 0 0 0 0 0 0 0 
1 0.501063 0.126259 0.00810475 3.345e-05 0 0 0 0 0 0 0 0 0 0 0 0 0 0 0 
1 0.500773 0.12558 0.0078801 3.285e-05 0 0 0 0 0 0 0 0 0 0 0 0 0 0 0 
1 0.500047 0.125414 0.00807078 3.23e-05 0 0 0 0 0 0 0 0 0 0 0 0 0 0 0 
1 0.500352 0.125642 0.0080521 3.92e-05 0 0 0 0 0 0 0 0 0 0 0 0 0 0 0 
1 0.498489 0.12363 0.0077427 2.1275e-05 0 0 0 0 0 0 0 0 0 0 0 0 0 0 0 
1 0.500584 0.124991 0.00775093 4.985e-05 0 0 0 0 0 0 0 0 0 0 0 0 0 0 0 
1 0.500016 0.125769 0.00811605 4.8575e-05 0 0 0 0 0 0 0 0 0 0 0 0 0 0 0 
1 0.499075 0.124197 0.0075983 3.19e-05 0 0 0 0 0 0 0 0 0 0 0 0 0 0 0 
1 0.499797 0.124617 0.0078551 2.4325e-05 0 0 0 0 0 0 0 0 0 0 0 0 0 0 0 
1 0.500129 0.125144 0.00792948 2.94e-05 0 0 0 0 0 0 0 0 0 0 0 0 0 0 0 
1 0.500431 0.125774 0.00783622 3.8e-05 0 0 0 0 0 0 0 0 0 0 0 0 0 0 0 
1 0.50054 0.125379 0.00797705 3.0175e-05 0 0 0 0 0 0 0 0 0 0 0 0 0 0 0 
1 0.499414 0.124981 0.00762408 2.825e-05 0 0 0 0 0 0 0 0 0 0 0 0 0 0 0 
1 0.499361 0.124228 0.00773252 4.3175e-05 0 0 0 0 0 0 0 0 0 0 0 0 0 0 0 
1 0.499766 0.125093 0.00791428 4.59e-05 0 0 0 0 0 0 0 0 0 0 0 0 0 0 0 
1 0.499153 0.124305 0.00766455 2.4675e-05 0 0 0 0 0 0 0 0 0 0 0 0 0 0 0 
1 0.500362 0.126038 0.00805195 3.9575e-05 0 0 0 0 0 0 0 0 0 0 0 0 0 0 0 
1 0.500354 0.124606 0.0077658 3.68e-05 0 0 0 0 0 0 0 0 0 0 0 0 0 0 0 
1 0.501872 0.126471 0.00795565 4.93e-05 0 0 0 0 0 0 0 0 0 0 0 0 0 0 0 
1 0.500349 0.125404 0.0076821 3.5425e-05 0 0 0 0 0 0 0 0 0 0 0 0 0 0 0 
1 0.499562 0.124427 0.0077865 3.6375e-05 0 0 0 0 0 0 0 0 0 0 0 0 0 0 0 
1 0.50074 0.125162 0.00800678 3.4125e-05 0 0 0 0 0 0 0 0 0 0 0 0 0 0 0 
1 0.49935 0.124708 0.007856 2.145e-05 0 0 0 0 0 0 0 0 0 0 0 0 0 0 0 
1 0.499783 0.125401 0.0078867 4.1325e-05 0 0 0 0 0 0 0 0 0 0 0 0 0 0 0 
1 0.501463 0.126067 0.00799753 2.8475e-05 0 0 0 0 0 0 0 0 0 0 0 0 0 0 0 
1 0.499389 0.124873 0.00796113 2.89e-05 0 0 0 0 0 0 0 0 0 0 0 0 0 0 0 
1 0.499162 0.124479 0.00759715 2.12e-05 0 0 0 0 0 0 0 0 0 0 0 0 0 0 0 
1 0.501603 0.125771 0.00789368 4.245e-05 0 0 0 0 0 0 0 0 0 0 0 0 0 0 0 
1 0.498444 0.1233 0.00770983 3.74e-05 0 0 0 0 0 0 0 0 0 0 0 0 0 0 0 
1 0.499828 0.125182 0.00786952 3.155e-05 0 0 0 0 0 0 0 0 0 0 0 0 0 0 0 
1 0.50169 0.126934 0.00810163 2.1875e-05 0 0 0 0 0 0 0 0 0 0 0 0 0 0 0 
1 0.498979 0.123637 0.00766552 2.9425e-05 0 0 0 0 0 0 0 0 0 0 0 0 0 0 0 
1 0.500399 0.125612 0.00805703 4.6375e-05 0 0 0 0 0 0 0 0 0 0 0 0 0 0 0 
1 0.500799 0.125994 0.0081311 3.72e-05 0 0 0 0 0 0 0 0 0 0 0 0 0 0 0 
1 0.49947 0.124257 0.00765845 3.135e-05 0 0 0 0 0 0 0 0 0 0 0 0 0 0 0 
1 0.499075 0.123941 0.00758725 3.15e-05 0 0 0 0 0 0 0 0 0 0 0 0 0 0 0 
1 0.501281 0.126057 0.00801388 3.505e-05 0 0 0 0 0 0 0 0 0 0 0 0 0 0 0 
1 0.500878 0.12575 0.00794048 3.6925e-05 0 0 0 0 0 0 0 0 0 0 0 0 0 0 0 
1 0.500141 0.125245 0.00784568 3.03e-05 0 0 0 0 0 0 0 0 0 0 0 0 0 0 0 
1 0.498958 0.124476 0.00786488 3.47e-05 0 0 0 0 0 0 0 0 0 0 0 0 0 0 0 
1 0.500417 0.125805 0.0078259 3.1e-05 0 0 0 0 0 0 0 0 0 0 0 0 0 0 0 
1 0.499302 0.124422 0.00768993 3.4175e-05 0 0 0 0 0 0 0 0 0 0 0 0 0 0 0 
1 0.500263 0.125144 0.00801198 3.39e-05 0 0 0 0 0 0 0 0 0 0 0 0 0 0 0 
1 0.500145 0.125483 0.00802135 3.265e-05 0 0 0 0 0 0 0 0 0 0 0 0 0 0 0 
1 0.501271 0.126134 0.0080237 5.28e-05 0 0 0 0 0 0 0 0 0 0 0 0 0 0 0 
1 0.499893 0.125196 0.00775948 3.3125e-05 0 0 0 0 0 0 0 0 0 0 0 0 0 0 0 
1 0.500025 0.124925 0.00792338 3.26e-05 0 0 0 0 0 0 0 0 0 0 0 0 0 0 0 
1 0.500742 0.126033 0.00821035 3.25e-05 0 0 0 0 0 0 0 0 0 0 0 0 0 0 0 
1 0.500125 0.124842 0.00777132 2.9825e-05 0 0 0 0 0 0 0 0 0 0 0 0 0 0 0 
1 0.501567 0.125589 0.00774753 3.7825e-05 0 0 0 0 0 0 0 0 0 0 0 0 0 0 0 
1 0.49991 0.124683 0.00814375 4.06e-05 0 0 0 0 0 0 0 0 0 0 0 0 0 0 0 
1 0.49808 0.123786 0.00760455 2.4025e-05 0 0 0 0 0 0 0 0 0 0 0 0 0 0 0 
1 0.500566 0.125953 0.00814042 3.67e-05 0 0 0 0 0 0 0 0 0 0 0 0 0 0 0 
1 0.499279 0.12421 0.00777065 3.1675e-05 0 0 0 0 0 0 0 0 0 0 0 0 0 0 0 
1 0.499542 0.124874 0.00792905 3.5525e-05 0 0 0 0 0 0 0 0 0 0 0 0 0 0 0 
1 0.500394 0.125609 0.00789675 4.4825e-05 0 0 0 0 0 0 0 0 0 0 0 0 0 0 0 
1 0.498745 0.123992 0.00749648 3.4275e-05 0 0 0 0 0 0 0 0 0 0 0 0 0 0 0 
1 0.5005 0.125004 0.00773722 3.475e-05 0 0 0 0 0 0 0 0 0 0 0 0 0 0 0 
1 0.499999 0.125124 0.00795518 4.2925e-05 0 0 0 0 0 0 0 0 0 0 0 0 0 0 0 
1 0.500931 0.125836 0.00797515 4.37e-05 0 0 0 0 0 0 0 0 0 0 0 0 0 0 0 
1 0.49927 0.124579 0.00762655 3.2075e-05 0 0 0 0 0 0 0 0 0 0 0 0 0 0 0 
1 0.501673 0.125824 0.00795925 3.795e-05 0 0 0 0 0 0 0 0 0 0 0 0 0 0 0 
1 0.499849 0.12463 0.0077441 2.87e-05 0 0 0 0 0 0 0 0 0 0 0 0 0 0 0 
1 0.50094 0.126743 0.00801393 4.455e-05 0 0 0 0 0 0 0 0 0 0 0 0 0 0 0 
1 0.499486 0.124831 0.0077051 2.6175e-05 0 0 0 0 0 0 0 0 0 0 0 0 0 0 0 
1 0.500079 0.125041 0.00804085 3.085e-05 0 0 0 0 0 0 0 0 0 0 0 0 0 0 0 
1 0.501403 0.126397 0.00800823 5.1125e-05 0 0 0 0 0 0 0 0 0 0 0 0 0 0 0 
1 0.50165 0.125918 0.007851 3.76e-05 0 0 0 0 0 0 0 0 0 0 0 0 0 0 0 
1 0.497188 0.122704 0.00732075 2.745e-05 0 0 0 0 0 0 0 0 0 0 0 0 0 0 0 
1 0.499639 0.12514 0.00794837 2.32e-05 0 0 0 0 0 0 0 0 0 0 0 0 0 0 0 
1 0.502741 0.127453 0.0083515 4.3225e-05 0 0 0 0 0 0 0 0 0 0 0 0 0 0 0 
1 0.498227 0.123921 0.0076976 2.4625e-05 0 0 0 0 0 0 0 0 0 0 0 0 0 0 0 
1 0.500993 0.125855 0.0079535 3.065e-05 0 0 0 0 0 0 0 0 0 0 0 0 0 0 0 
1 0.501347 0.126228 0.00806268 3.21e-05 0 0 0 0 0 0 0 0 0 0 0 0 0 0 0 
1 0.499562 0.124425 0.00763825 2.535e-05 0 0 0 0 0 0 0 0 0 0 0 0 0 0 0 
1 0.498361 0.12393 0.0075575 3.43e-05 0 0 0 0 0 0 0 0 0 0 0 0 0 0 0 
1 0.500425 0.125794 0.00801045 3.7825e-05 0 0 0 0 0 0 0 0 0 0 0 0 0 0 0 
1 0.500489 0.125224 0.00799803 3.6125e-05 0 0 0 0 0 0 0 0 0 0 0 0 0 0 0 
1 0.500205 0.12471 0.00783075 4.1225e-05 0 0 0 0 0 0 0 0 0 0 0 0 0 0 0 
1 0.500342 0.12548 0.0079165 3.11e-05 0 0 0 0 0 0 0 0 0 0 0 0 0 0 0 
1 0.498755 0.124043 0.00761478 1.7675e-05 0 0 0 0 0 0 0 0 0 0 0 0 0 0 0 
1 0.500313 0.125017 0.0078997 3.0525e-05 0 0 0 0 0 0 0 0 0 0 0 0 0 0 0 
1 0.49901 0.124657 0.00774948 3.6275e-05 0 0 0 0 0 0 0 0 0 0 0 0 0 0 0 
1 0.499917 0.12481 0.0077465 3.3475e-05 0 0 0 0 0 0 0 0 0 0 0 0 0 0 0 
1 0.501296 0.125973 0.00792203 3.725e-05 0 0 0 0 0 0 0 0 0 0 0 0 0 0 0 
1 0.499334 0.125117 0.0079315 3.3075e-05 0 0 0 0 0 0 0 0 0 0 0 0 0 0 0 
1 0.499933 0.1252 0.00791938 2.855e-05 0 0 0 0 0 0 0 0 0 0 0 0 0 0 0 
1 0.498815 0.124575 0.0078502 2.91e-05 0 0 0 0 0 0 0 0 0 0 0 0 0 0 0 
1 0.499376 0.124684 0.00764913 2.125e-05 0 0 0 0 0 0 0 0 0 0 0 0 0 0 0 
1 0.500113 0.1245 0.00779525 2.655e-05 0 0 0 0 0 0 0 0 0 0 0 0 0 0 0 
1 0.499265 0.124253 0.00766333 2.795e-05 0 0 0 0 0 0 0 0 0 0 0 0 0 0 0 
1 0.498383 0.12333 0.00767925 2.65e-05 0 0 0 0 0 0 0 0 0 0 0 0 0 0 0 
1 0.501069 0.12617 0.00791383 3.045e-05 0 0 0 0 0 0 0 0 0 0 0 0 0 0 0 
1 0.499056 0.123745 0.00747838 2.7625e-05 0 0 0 0 0 0 0 0 0 0 0 0 0 0 0 
1 0.499093 0.124119 0.00775545 3.0775e-05 0 0 0 0 0 0 0 0 0 0 0 0 0 0 0 
1 0.500015 0.124981 0.00780923 2.785e-05 0 0 0 0 0 0 0 0 0 0 0 0 0 0 0 
1 0.500363 0.125144 0.00778908 4.29e-05 0 0 0 0 0 0 0 0 0 0 0 0 0 0 0 
1 0.497698 0.123384 0.00764915 3.4e-05 0 0 0 0 0 0 0 0 0 0 0 0 0 0 0 
1 0.500711 0.125077 0.0078795 2.205e-05 0 0 0 0 0 0 0 0 0 0 0 0 0 0 0 
1 0.499764 0.124961 0.007812 3.3375e-05 0 0 0 0 0 0 0 0 0 0 0 0 0 0 0 
1 0.500127 0.125058 0.00781225 2.81e-05 0 0 0 0 0 0 0 0 0 0 0 0 0 0 0 
1 0.500995 0.126096 0.0079661 4.12e-05 0 0 0 0 0 0 0 0 0 0 0 0 0 0 0 
1 0.500609 0.125157 0.008064 3.3975e-05 0 0 0 0 0 0 0 0 0 0 0 0 0 0 0 
1 0.498538 0.123748 0.00779968 2.3e-05 0 0 0 0 0 0 0 0 0 0 0 0 0 0 0 
1 0.501403 0.125551 0.00799925 3.69e-05 0 0 0 0 0 0 0 0 0 0 0 0 0 0 0 
1 0.500511 0.125709 0.00786058 2.96e-05 0 0 0 0 0 0 0 0 0 0 0 0 0 0 0 
1 0.499333 0.124843 0.00769113 2.9875e-05 0 0 0 0 0 0 0 0 0 0 0 0 0 0 0 
1 0.500046 0.125123 0.00777495 2.89e-05 0 0 0 0 0 0 0 0 0 0 0 0 0 0 0 
1 0.499498 0.123851 0.00754435 2.3325e-05 0 0 0 0 0 0 0 0 0 0 0 0 0 0 0 
1 0.500981 0.125921 0.00785783 2.8875e-05 0 0 0 0 0 0 0 0 0 0 0 0 0 0 0 
1 0.500836 0.125422 0.00794443 3.465e-05 0 0 0 0 0 0 0 0 0 0 0 0 0 0 0 
1 0.49932 0.124224 0.00784888 4.445e-05 0 0 0 0 0 0 0 0 0 0 0 0 0 0 0 
1 0.500222 0.125269 0.00782825 4.645e-05 0 0 0 0 0 0 0 0 0 0 0 0 0 0 0 
1 0.501521 0.126673 0.0082049 3.9025e-05 0 0 0 0 0 0 0 0 0 0 0 0 0 0 0 
1 0.499568 0.125236 0.00797335 3.73e-05 0 0 0 0 0 0 0 0 0 0 0 0 0 0 0 
1 0.500644 0.125397 0.00806583 3.65e-05 0 0 0 0 0 0 0 0 0 0 0 0 0 0 0 
1 0.499122 0.1244 0.00770845 3.53e-05 0 0 0 0 0 0 0 0 0 0 0 0 0 0 0 
1 0.499072 0.124961 0.00801383 3.765e-05 0 0 0 0 0 0 0 0 0 0 0 0 0 0 0 
1 0.499168 0.124729 0.00803673 3.055e-05 0 0 0 0 0 0 0 0 0 0 0 0 0 0 0 
1 0.500482 0.125522 0.00784013 3.665e-05 0 0 0 0 0 0 0 0 0 0 0 0 0 0 0 
1 0.498645 0.124253 0.00769573 2.82e-05 0 0 0 0 0 0 0 0 0 0 0 0 0 0 0 
1 0.499885 0.125272 0.00776623 3.335e-05 0 0 0 0 0 0 0 0 0 0 0 0 0 0 0 
1 0.499667 0.124913 0.00795028 3.78e-05 0 0 0 0 0 0 0 0 0 0 0 0 0 0 0 
1 0.500049 0.125227 0.00807963 3.14e-05 0 0 0 0 0 0 0 0 0 0 0 0 0 0 0 
1 0.499963 0.12503 0.00774975 3.6775e-05 0 0 0 0 0 0 0 0 0 0 0 0 0 0 0 
1 0.498912 0.124 0.0077389 3.57e-05 0 0 0 0 0 0 0 0 0 0 0 0 0 0 0 
1 0.500169 0.125322 0.00800398 3.4975e-05 0 0 0 0 0 0 0 0 0 0 0 0 0 0 0 
