1 0.600542 0.222993 0.0362583 0.00196667 4.16667e-05 3.33333e-06 0 0 0 0 0 0 0 0 0 0 0 0 0 
1 0.598627 0.220653 0.0356167 0.00183833 5e-05 0 0 0 0 0 0 0 0 0 0 0 0 0 0 
1 0.599735 0.223415 0.03654 0.00208667 3.83333e-05 1.66667e-06 0 0 0 0 0 0 0 0 0 0 0 0 0 
1 0.600922 0.222988 0.0361 0.00201667 3.83333e-05 1.66667e-06 0 0 0 0 0 0 0 0 0 0 0 0 0 
1 0.600563 0.224285 0.0368117 0.00192833 4.33333e-05 0 0 0 0 0 0 0 0 0 0 0 0 0 0 
1 0.599977 0.220967 0.0354067 0.00184333 4e-05 0 0 0 0 0 0 0 0 0 0 0 0 0 0 
1 0.601462 0.225443 0.037545 0.00204167 5.33333e-05 0 0 0 0 0 0 0 0 0 0 0 0 0 0 
1 0.600563 0.223393 0.03645 0.001985 5e-05 3.33333e-06 0 0 0 0 0 0 0 0 0 0 0 0 0 
1 0.600587 0.22279 0.036355 0.00199333 2.66667e-05 1.66667e-06 1.66667e-06 0 0 0 0 0 0 0 0 0 0 0 0 
1 0.597622 0.220593 0.035325 0.00195333 3.33333e-05 3.33333e-06 0 0 0 0 0 0 0 0 0 0 0 0 0 
1 0.59729 0.21982 0.0348283 0.00181833 4e-05 0 0 0 0 0 0 0 0 0 0 0 0 0 0 
1 0.598563 0.220578 0.0357333 0.00198 6e-05 1.66667e-06 0 0 0 0 0 0 0 0 0 0 0 0 0 
1 0.600367 0.223427 0.0360767 0.00199833 6.33333e-05 1e-05 0 0 0 0 0 0 0 0 0 0 0 0 0 
1 0.59959 0.222883 0.036485 0.00195833 4.83333e-05 5e-06 0 0 0 0 0 0 0 0 0 0 0 0 0 
1 0.600612 0.222333 0.035595 0.00185167 3.5e-05 1.66667e-06 0 0 0 0 0 0 0 0 0 0 0 0 0 
1 0.599142 0.22238 0.0362217 0.00204167 2.66667e-05 0 0 0 0 0 0 0 0 0 0 0 0 0 0 
1 0.599582 0.221428 0.0351567 0.00185667 3.83333e-05 0 0 0 0 0 0 0 0 0 0 0 0 0 0 
1 0.601563 0.22529 0.0370983 0.00205833 7.66667e-05 0 0 0 0 0 0 0 0 0 0 0 0 0 0 
1 0.598493 0.222122 0.0361117 0.002105 4e-05 0 0 0 0 0 0 0 0 0 0 0 0 0 0 
1 0.600272 0.222957 0.03625 0.00194667 3.83333e-05 1.66667e-06 0 0 0 0 0 0 0 0 0 0 0 0 0 
1 0.598887 0.222048 0.03583 0.002105 7.16667e-05 0 0 0 0 0 0 0 0 0 0 0 0 0 0 
1 0.599972 0.223025 0.0359983 0.00194 5.5e-05 0 0 0 0 0 0 0 0 0 0 0 0 0 0 
1 0.599135 0.221197 0.0356067 0.00195 7.5e-05 3.33333e-06 0 0 0 0 0 0 0 0 0 0 0 0 0 
1 0.601418 0.223423 0.0366983 0.00204333 6.66667e-05 0 0 0 0 0 0 0 0 0 0 0 0 0 0 
1 0.600765 0.223792 0.036545 0.00192 3.66667e-05 0 0 0 0 0 0 0 0 0 0 0 0 0 0 
1 0.598875 0.223133 0.036455 0.00204167 7.16667e-05 1.66667e-06 0 0 0 0 0 0 0 0 0 0 0 0 0 
1 0.597957 0.221378 0.0353483 0.00193833 6.16667e-05 1.66667e-06 0 0 0 0 0 0 0 0 0 0 0 0 0 
1 0.60075 0.223707 0.0360017 0.00192333 4e-05 1.66667e-06 0 0 0 0 0 0 0 0 0 0 0 0 0 
1 0.600842 0.225173 0.036545 0.00199667 3.33333e-05 0 0 0 0 0 0 0 0 0 0 0 0 0 0 
1 0.598402 0.220747 0.0355633 0.00185333 5e-05 1.66667e-06 0 0 0 0 0 0 0 0 0 0 0 0 0 
1 0.598338 0.221745 0.0359733 0.00187667 4e-05 0 0 0 0 0 0 0 0 0 0 0 0 0 0 
1 0.599658 0.221612 0.0359033 0.00193 4.83333e-05 1.66667e-06 0 0 0 0 0 0 0 0 0 0 0 0 0 
1 0.59949 0.222305 0.0361917 0.00200833 5.33333e-05 1.66667e-06 0 0 0 0 0 0 0 0 0 0 0 0 0 
1 0.599245 0.221688 0.0352983 0.00184167 4e-05 5e-06 0 0 0 0 0 0 0 0 0 0 0 0 0 
1 0.600855 0.22216 0.03576 0.001895 5.5e-05 0 0 0 0 0 0 0 0 0 0 0 0 0 0 
1 0.601298 0.223795 0.036875 0.002035 5.83333e-05 0 0 0 0 0 0 0 0 0 0 0 0 0 0 
1 0.600978 0.223487 0.0359567 0.00194667 5.33333e-05 0 0 0 0 0 0 0 0 0 0 0 0 0 0 
1 0.598407 0.22231 0.0357933 0.001945 4.66667e-05 0 0 0 0 0 0 0 0 0 0 0 0 0 0 
1 0.599792 0.2221 0.0359733 0.00195167 4.5e-05 1.66667e-06 0 0 0 0 0 0 0 0 0 0 0 0 0 
1 0.602367 0.225012 0.0370683 0.00219 4.66667e-05 0 0 0 0 0 0 0 0 0 0 0 0 0 0 
1 0.600748 0.225172 0.037305 0.00209 6e-05 0 0 0 0 0 0 0 0 0 0 0 0 0 0 
1 0.600908 0.223052 0.036195 0.00184333 4.66667e-05 0 0 0 0 0 0 0 0 0 0 0 0 0 0 
1 0.59636 0.220168 0.0356967 0.00197 4.66667e-05 0 0 0 0 0 0 0 0 0 0 0 0 0 0 
1 0.601605 0.224268 0.0363233 0.00197833 5.33333e-05 0 0 0 0 0 0 0 0 0 0 0 0 0 0 
1 0.600167 0.222873 0.0355667 0.00189833 4.16667e-05 0 0 0 0 0 0 0 0 0 0 0 0 0 0 
1 0.599018 0.221605 0.035735 0.00204833 4.66667e-05 0 0 0 0 0 0 0 0 0 0 0 0 0 0 
1 0.600025 0.223133 0.0365283 0.00195833 5.33333e-05 1.66667e-06 0 0 0 0 0 0 0 0 0 0 0 0 0 
1 0.599023 0.222192 0.03588 0.00195 3.33333e-05 0 0 0 0 0 0 0 0 0 0 0 0 0 0 
1 0.599687 0.22306 0.0364867 0.00202667 6.5e-05 1.66667e-06 0 0 0 0 0 0 0 0 0 0 0 0 0 
1 0.599658 0.223248 0.0364517 0.00197167 3.83333e-05 1.66667e-06 0 0 0 0 0 0 0 0 0 0 0 0 0 
1 0.599063 0.22318 0.0361733 0.00216667 5.33333e-05 1.66667e-06 0 0 0 0 0 0 0 0 0 0 0 0 0 
1 0.59946 0.222533 0.0361633 0.00197 4.16667e-05 0 0 0 0 0 0 0 0 0 0 0 0 0 0 
1 0.59823 0.22085 0.0353783 0.00193167 5.5e-05 1.66667e-06 0 0 0 0 0 0 0 0 0 0 0 0 0 
1 0.599218 0.221683 0.0353117 0.00188167 5.66667e-05 0 0 0 0 0 0 0 0 0 0 0 0 0 0 
1 0.59893 0.221247 0.0359667 0.00197333 6e-05 0 0 0 0 0 0 0 0 0 0 0 0 0 0 
1 0.599837 0.222063 0.03561 0.00196333 4.66667e-05 1.66667e-06 0 0 0 0 0 0 0 0 0 0 0 0 0 
1 0.600725 0.224218 0.0365867 0.00194167 5e-05 0 0 0 0 0 0 0 0 0 0 0 0 0 0 
1 0.599663 0.222483 0.0362217 0.00202 2.83333e-05 0 0 0 0 0 0 0 0 0 0 0 0 0 0 
1 0.599097 0.22142 0.036065 0.001925 4.66667e-05 0 0 0 0 0 0 0 0 0 0 0 0 0 0 
1 0.598693 0.221708 0.0358117 0.00196667 3.66667e-05 6.66667e-06 0 0 0 0 0 0 0 0 0 0 0 0 0 
1 0.601373 0.225053 0.0368933 0.00193333 3.66667e-05 0 0 0 0 0 0 0 0 0 0 0 0 0 0 
1 0.59983 0.222327 0.03607 0.00213 3.33333e-05 1.66667e-06 0 0 0 0 0 0 0 0 0 0 0 0 0 
1 0.599378 0.221658 0.0357283 0.001925 5e-05 3.33333e-06 0 0 0 0 0 0 0 0 0 0 0 0 0 
1 0.599863 0.222895 0.0365117 0.00198167 5.5e-05 5e-06 0 0 0 0 0 0 0 0 0 0 0 0 0 
1 0.599205 0.221707 0.0357283 0.00189 5.66667e-05 0 0 0 0 0 0 0 0 0 0 0 0 0 0 
1 0.599477 0.222143 0.0360783 0.00197833 3.66667e-05 0 0 0 0 0 0 0 0 0 0 0 0 0 0 
1 0.59956 0.221737 0.03567 0.00191667 4.16667e-05 0 0 0 0 0 0 0 0 0 0 0 0 0 0 
1 0.601258 0.223808 0.03658 0.00192 3.66667e-05 0 0 0 0 0 0 0 0 0 0 0 0 0 0 
1 0.601332 0.224773 0.036895 0.00209833 5.66667e-05 0 0 0 0 0 0 0 0 0 0 0 0 0 0 
1 0.601025 0.22258 0.0363967 0.00211333 5.5e-05 0 0 0 0 0 0 0 0 0 0 0 0 0 0 
1 0.599668 0.221253 0.0356233 0.00184333 6.33333e-05 0 0 0 0 0 0 0 0 0 0 0 0 0 0 
1 0.601137 0.223755 0.03574 0.00185167 4e-05 3.33333e-06 0 0 0 0 0 0 0 0 0 0 0 0 0 
1 0.598128 0.222167 0.03614 0.00194167 6.66667e-05 1.66667e-06 0 0 0 0 0 0 0 0 0 0 0 0 0 
1 0.600653 0.223318 0.0361783 0.00192167 4.5e-05 0 0 0 0 0 0 0 0 0 0 0 0 0 0 
1 0.601592 0.224027 0.037035 0.00196833 5.83333e-05 0 0 0 0 0 0 0 0 0 0 0 0 0 0 
1 0.600742 0.222688 0.0362283 0.001935 4.66667e-05 5e-06 0 0 0 0 0 0 0 0 0 0 0 0 0 
1 0.598567 0.220568 0.0351033 0.00188333 3.16667e-05 1.66667e-06 0 0 0 0 0 0 0 0 0 0 0 0 0 
1 0.599763 0.221928 0.03562 0.00191667 3.66667e-05 1.66667e-06 0 0 0 0 0 0 0 0 0 0 0 0 0 
1 0.601652 0.22319 0.03586 0.00196167 5.66667e-05 0 0 0 0 0 0 0 0 0 0 0 0 0 0 
1 0.600997 0.223052 0.03595 0.001955 3.66667e-05 1.66667e-06 0 0 0 0 0 0 0 0 0 0 0 0 0 
1 0.599618 0.223402 0.03625 0.00195 4e-05 0 0 0 0 0 0 0 0 0 0 0 0 0 0 
1 0.600823 0.22373 0.03662 0.001975 5.66667e-05 0 0 0 0 0 0 0 0 0 0 0 0 0 0 
1 0.600092 0.222233 0.0361333 0.00193167 4.66667e-05 0 0 0 0 0 0 0 0 0 0 0 0 0 0 
1 0.599325 0.221617 0.0359967 0.001935 5.16667e-05 0 0 0 0 0 0 0 0 0 0 0 0 0 0 
1 0.601 0.223397 0.0359267 0.00194833 5.66667e-05 5e-06 0 0 0 0 0 0 0 0 0 0 0 0 0 
1 0.599002 0.220773 0.0357267 0.00184833 8.33333e-05 0 0 0 0 0 0 0 0 0 0 0 0 0 0 
1 0.600805 0.223877 0.0362367 0.00193 5.33333e-05 1.66667e-06 0 0 0 0 0 0 0 0 0 0 0 0 0 
1 0.600352 0.224255 0.0369067 0.00203333 5.33333e-05 1.66667e-06 0 0 0 0 0 0 0 0 0 0 0 0 0 
1 0.601897 0.225018 0.036455 0.00193833 5.66667e-05 0 0 0 0 0 0 0 0 0 0 0 0 0 0 
1 0.601722 0.225032 0.03615 0.00206 5e-05 0 0 0 0 0 0 0 0 0 0 0 0 0 0 
1 0.598907 0.22243 0.0361583 0.00209667 4.66667e-05 1.66667e-06 0 0 0 0 0 0 0 0 0 0 0 0 0 
1 0.602785 0.225308 0.0367967 0.00208833 5.16667e-05 1.66667e-06 0 0 0 0 0 0 0 0 0 0 0 0 0 
1 0.60044 0.223133 0.0369283 0.00206667 6e-05 0 0 0 0 0 0 0 0 0 0 0 0 0 0 
1 0.600155 0.22232 0.0362367 0.00187333 6.16667e-05 1.66667e-06 0 0 0 0 0 0 0 0 0 0 0 0 0 
1 0.600942 0.222973 0.0362917 0.00206167 4.33333e-05 3.33333e-06 0 0 0 0 0 0 0 0 0 0 0 0 0 
1 0.599048 0.220695 0.0354733 0.001875 5.16667e-05 0 0 0 0 0 0 0 0 0 0 0 0 0 0 
1 0.600237 0.223178 0.0370433 0.00217167 4.66667e-05 1.66667e-06 0 0 0 0 0 0 0 0 0 0 0 0 0 
1 0.598445 0.221467 0.03568 0.00190667 4.5e-05 0 0 0 0 0 0 0 0 0 0 0 0 0 0 
1 0.600637 0.223648 0.0363883 0.00188167 3.5e-05 1.66667e-06 0 0 0 0 0 0 0 0 0 0 0 0 0 
1 0.60158 0.22412 0.03676 0.00211 4.66667e-05 3.33333e-06 0 0 0 0 0 0 0 0 0 0 0 0 0 
