1 0.948408 0.856087 0.708217 0.508048 0.298585 0.139972 0.0520233 0.0157433 0.00374667 0.000576667 5.33333e-05 6.66667e-06 0 0 0 0 0 0 0 
1 0.950872 0.861785 0.716538 0.51757 0.306295 0.141847 0.0517767 0.01531 0.00363667 0.000595 7.83333e-05 8.33333e-06 0 0 0 0 0 0 0 
1 0.946678 0.85122 0.696382 0.487065 0.271227 0.115813 0.0368533 0.009085 0.00214833 0.000366667 3.83333e-05 1.66667e-06 0 0 0 0 0 0 0 
1 0.947848 0.853285 0.700908 0.49278 0.277653 0.119483 0.0395217 0.010135 0.00185167 0.000211667 1e-05 0 0 0 0 0 0 0 0 
1 0.950373 0.861362 0.715882 0.515605 0.302487 0.13891 0.0499367 0.0150267 0.00392667 0.000835 8.83333e-05 0 0 0 0 0 0 0 0 
1 0.946188 0.849227 0.692883 0.483178 0.267655 0.113288 0.03673 0.009445 0.00185167 0.000318333 2.83333e-05 0 0 0 0 0 0 0 0 
1 0.951623 0.864215 0.720617 0.520895 0.308052 0.143665 0.0536033 0.0166717 0.00415833 0.000756667 5.5e-05 0 0 0 0 0 0 0 0 
1 0.950165 0.859865 0.712725 0.509635 0.295148 0.134088 0.0482133 0.0140517 0.00319 0.000508333 3.83333e-05 3.33333e-06 0 0 0 0 0 0 0 
1 0.952295 0.866692 0.725663 0.53099 0.322658 0.159697 0.0668767 0.0242967 0.00768 0.00197667 0.000393333 3e-05 0 0 0 0 0 0 0 
1 0.949982 0.859887 0.71358 0.513143 0.300423 0.137423 0.049475 0.0145083 0.00378 0.00094 0.000168333 2.16667e-05 0 0 0 0 0 0 0 
1 0.951637 0.864822 0.72237 0.524458 0.311397 0.146682 0.0551067 0.0171633 0.00477667 0.00125833 0.000296667 2e-05 0 0 0 0 0 0 0 
1 0.951348 0.86323 0.718442 0.517558 0.301278 0.134738 0.0467217 0.013365 0.00387333 0.00131667 0.000441667 0.000111667 3e-05 3.33333e-06 0 0 0 0 0 
1 0.95017 0.860593 0.714172 0.514968 0.303283 0.141125 0.0522783 0.01574 0.00406833 0.000821667 9.33333e-05 3.33333e-06 0 0 0 0 0 0 0 
1 0.951842 0.86464 0.721633 0.524172 0.311902 0.145845 0.053185 0.0146383 0.00306333 0.00052 4.66667e-05 3.33333e-06 0 0 0 0 0 0 0 
1 0.9487 0.856392 0.705405 0.500542 0.28321 0.119937 0.0372833 0.00876667 0.0016 0.000245 2.83333e-05 1.66667e-06 0 0 0 0 0 0 0 
1 0.948773 0.855867 0.704933 0.498563 0.283593 0.124922 0.04314 0.0125433 0.003155 0.000585 6.16667e-05 1.38778e-17 0 0 0 0 0 0 0 
1 0.950618 0.86094 0.714275 0.513827 0.300575 0.137783 0.048885 0.0132983 0.00286833 0.000495 5.33333e-05 0 0 0 0 0 0 0 0 
1 0.949357 0.857902 0.707967 0.503133 0.289835 0.131153 0.0476017 0.0142867 0.00337167 0.00056 7.5e-05 0 0 0 0 0 0 0 0 
1 0.950462 0.861175 0.713815 0.51135 0.296308 0.133398 0.0473517 0.01399 0.00343167 0.000716667 0.000135 2.5e-05 3.33333e-06 0 0 0 0 0 0 
1 0.950195 0.861055 0.716223 0.517515 0.306052 0.143537 0.0550383 0.0181 0.00527 0.00133667 0.000236667 1.16667e-05 0 0 0 0 0 0 0 
1 0.950062 0.86054 0.715547 0.515715 0.304657 0.142282 0.05281 0.016085 0.0043 0.00115333 0.000338333 6.33333e-05 8.33333e-06 0 0 0 0 0 0 
1 0.952853 0.867793 0.725892 0.526892 0.310533 0.140047 0.04711 0.0115883 0.00233 0.000405 4.66667e-05 1.66667e-06 0 0 0 0 0 0 0 
1 0.946965 0.852553 0.698413 0.49083 0.27671 0.122388 0.0438067 0.01341 0.00336667 0.000588333 4.33333e-05 1.66667e-06 0 0 0 0 0 0 0 
1 0.949347 0.857762 0.709745 0.505983 0.290823 0.129565 0.044335 0.0118967 0.00259667 0.000478333 5.33333e-05 0 0 0 0 0 0 0 0 
1 0.949237 0.857268 0.707128 0.503723 0.290267 0.129825 0.0456483 0.0126317 0.00250833 0.000321667 1.83333e-05 1.66667e-06 0 0 0 0 0 0 0 
1 0.949312 0.858483 0.709037 0.503368 0.288068 0.125612 0.0407483 0.009885 0.00202833 0.000463333 8.33333e-05 6.66667e-06 0 0 0 0 0 0 0 
1 0.949553 0.857695 0.709315 0.505323 0.292325 0.131017 0.0467417 0.013895 0.00391667 0.000953333 0.00021 5.33333e-05 3.33333e-06 0 0 0 0 0 0 
1 0.946595 0.85065 0.69587 0.48685 0.274072 0.117777 0.03845 0.00981333 0.00208 0.000328333 2.66667e-05 1.66667e-06 0 0 0 0 0 0 0 
1 0.95078 0.862593 0.717352 0.517088 0.303018 0.140963 0.053475 0.0179983 0.00624333 0.00245833 0.000891667 0.000255 4.5e-05 1.66667e-06 0 0 0 0 0 
1 0.948722 0.856463 0.706262 0.502187 0.289547 0.129727 0.04579 0.014735 0.00525833 0.00196833 0.000628333 0.000113333 1.83333e-05 0 0 0 0 0 0 
1 0.951333 0.863682 0.721668 0.524468 0.31062 0.143823 0.0521167 0.0158517 0.00449833 0.0011 0.000163333 1.16667e-05 0 0 0 0 0 0 0 
1 0.95176 0.864148 0.719605 0.519833 0.306957 0.142668 0.0538033 0.0169083 0.00442333 0.000851667 9e-05 1.66667e-06 0 0 0 0 0 0 0 
1 0.950763 0.861108 0.71562 0.513223 0.296763 0.131275 0.0443083 0.0120217 0.002645 0.000421667 5.16667e-05 6.66667e-06 0 0 0 0 0 0 0 
1 0.95158 0.863555 0.71907 0.519842 0.308133 0.144872 0.055195 0.01828 0.00558667 0.00142167 0.000241667 3.83333e-05 1.66667e-06 0 0 0 0 0 0 
1 0.949567 0.858353 0.709858 0.506957 0.293125 0.12987 0.0440333 0.0115033 0.002265 0.000306667 4.33333e-05 1.66667e-06 0 0 0 0 0 0 0 
1 0.949472 0.858052 0.709308 0.502892 0.285395 0.123373 0.038695 0.00853 0.00127333 0.000123333 6.66667e-06 0 0 0 0 0 0 0 0 
1 0.95142 0.864543 0.720752 0.521152 0.305857 0.14273 0.053965 0.017345 0.00483833 0.00108833 0.000138333 1.66667e-05 0 0 0 0 0 0 0 
1 0.948383 0.855498 0.705172 0.499733 0.287013 0.128713 0.0444083 0.0124033 0.00279167 0.000528333 8.16667e-05 1.66667e-06 0 0 0 0 0 0 0 
1 0.95194 0.864692 0.721793 0.523145 0.310442 0.144523 0.0517183 0.0149183 0.00351667 0.000701667 7.5e-05 8.33333e-06 0 0 0 0 0 0 0 
1 0.950522 0.86083 0.71576 0.514465 0.301168 0.138775 0.0515083 0.01621 0.00407333 0.000711667 8.16667e-05 5e-06 0 0 0 0 0 0 0 
1 0.950253 0.858995 0.71059 0.505902 0.288365 0.127163 0.0430967 0.0123733 0.00362 0.00114833 0.000271667 4.5e-05 5e-06 0 0 0 0 0 0 
1 0.949608 0.858505 0.710697 0.510023 0.297422 0.134497 0.0459667 0.0115983 0.00202167 0.000303333 3.16667e-05 3.33333e-06 0 0 0 0 0 0 0 
1 0.949963 0.85957 0.713958 0.51366 0.302413 0.142325 0.0548867 0.0191717 0.00637167 0.00183833 0.000371667 6.83333e-05 1.66667e-06 0 0 0 0 0 0 
1 0.952585 0.866583 0.724838 0.52762 0.312195 0.144045 0.0522883 0.0160317 0.00396667 0.000896667 0.000165 8.33333e-06 0 0 0 0 0 0 0 
1 0.949638 0.858932 0.710345 0.50759 0.294812 0.136022 0.0513817 0.0163783 0.00429667 0.00084 0.000118333 1.66667e-06 0 0 0 0 0 0 0 
1 0.9512 0.86292 0.72001 0.52362 0.313695 0.151098 0.059445 0.0200667 0.00592667 0.00172833 0.000378333 3e-05 6.66667e-06 0 0 0 0 0 0 
1 0.95065 0.861775 0.713313 0.508162 0.291242 0.129243 0.04568 0.0137483 0.00378167 0.000971667 0.000183333 1.5e-05 0 0 0 0 0 0 0 
1 0.949058 0.856995 0.7091 0.506847 0.294702 0.136 0.0509967 0.0167667 0.00548667 0.00207833 0.000976667 0.000478333 0.000143333 1.5e-05 1.66667e-06 0 0 0 0 
1 0.950242 0.861305 0.71572 0.514517 0.301123 0.138278 0.0508183 0.015215 0.003705 0.000596667 6e-05 0 0 0 0 0 0 0 0 
1 0.95064 0.862338 0.717053 0.515527 0.30049 0.13672 0.0484333 0.0144617 0.004405 0.001215 0.000246667 3e-05 0 0 0 0 0 0 0 
1 0.948988 0.85851 0.710955 0.509983 0.297063 0.138708 0.05381 0.01865 0.00573833 0.00144167 0.000245 1.66667e-05 0 0 0 0 0 0 0 
1 0.950237 0.860173 0.71413 0.514888 0.303708 0.14172 0.0522683 0.0152833 0.00354167 0.00061 0.000103333 1.66667e-06 0 0 0 0 0 0 0 
1 0.948095 0.853883 0.701317 0.492668 0.279273 0.121782 0.0416533 0.0117733 0.002895 0.000643333 0.000121667 1.5e-05 0 0 0 0 0 0 0 
1 0.949493 0.857152 0.708557 0.505968 0.293312 0.132467 0.0474117 0.0138717 0.00323 0.00054 4.83333e-05 0 0 0 0 0 0 0 0 
1 0.950658 0.861773 0.715858 0.515127 0.302075 0.140072 0.053045 0.01652 0.003985 0.000681667 5e-05 0 0 0 0 0 0 0 0 
1 0.952802 0.866728 0.725635 0.528617 0.317145 0.149528 0.055815 0.0166483 0.00426167 0.00106833 0.000195 3.16667e-05 6.66667e-06 0 0 0 0 0 0 
1 0.949222 0.858032 0.71024 0.507783 0.292362 0.129388 0.044345 0.01274 0.003485 0.000826667 0.000158333 1.16667e-05 0 0 0 0 0 0 0 
1 0.949465 0.85813 0.710583 0.507667 0.29347 0.132888 0.046655 0.0133283 0.00302667 0.000515 4e-05 0 0 0 0 0 0 0 0 
1 0.948813 0.856872 0.706548 0.501213 0.284917 0.123077 0.039575 0.0102967 0.002355 0.00042 5.66667e-05 5e-06 0 0 0 0 0 0 0 
1 0.950295 0.859263 0.711353 0.51055 0.297747 0.136357 0.0483767 0.0127433 0.00234667 0.000326667 2.5e-05 1.66667e-06 0 0 0 0 0 0 0 
1 0.949333 0.85815 0.710633 0.509188 0.297898 0.139393 0.0543983 0.018865 0.00599167 0.00204 0.000725 0.00022 3.5e-05 3.33333e-06 0 0 0 0 0 
1 0.948358 0.85549 0.705803 0.501365 0.286132 0.125535 0.0420583 0.0112333 0.00258 0.000468333 6.83333e-05 1.66667e-06 0 0 0 0 0 0 0 
1 0.950372 0.86194 0.717173 0.517635 0.307255 0.146723 0.058625 0.01977 0.00578333 0.0013 0.00023 2.83333e-05 0 0 0 0 0 0 0 
1 0.950728 0.861867 0.716707 0.517478 0.304222 0.141017 0.0529933 0.0169267 0.00477333 0.00100667 0.000135 1.33333e-05 1.66667e-06 0 0 0 0 0 0 
1 0.951293 0.864277 0.720198 0.522343 0.31021 0.146872 0.057075 0.019555 0.00615333 0.00190333 0.000603333 0.000105 3.33333e-06 0 0 0 0 0 0 
1 0.950772 0.860898 0.714068 0.511572 0.296533 0.132973 0.0462567 0.01318 0.00322167 0.00067 0.000106667 6.66667e-06 0 0 0 0 0 0 0 
1 0.951842 0.864857 0.721857 0.523158 0.310467 0.147402 0.0576217 0.01961 0.00613667 0.00164 0.000343333 4e-05 0 0 0 0 0 0 0 
1 0.950477 0.860977 0.715907 0.514925 0.300497 0.135323 0.0472767 0.0135667 0.00339333 0.000751667 0.00011 1.33333e-05 1.38778e-17 0 0 0 0 0 0 
1 0.950217 0.860728 0.715985 0.515162 0.301297 0.136683 0.0484717 0.014075 0.003665 0.000711667 8e-05 0 0 0 0 0 0 0 0 
1 0.950955 0.862935 0.716687 0.51508 0.300843 0.13792 0.0505417 0.0159417 0.00450667 0.001045 0.000171667 5e-06 0 0 0 0 0 0 0 
1 0.95197 0.864915 0.722868 0.526298 0.31445 0.149728 0.0572933 0.0182917 0.005235 0.00137167 0.000325 4e-05 1.66667e-06 0 0 0 0 0 0 
1 0.94858 0.855947 0.705003 0.498773 0.284322 0.125408 0.04436 0.0138533 0.0042 0.00109 0.00019 2.5e-05 3.33333e-06 0 0 0 0 0 0 
1 0.949482 0.859288 0.713475 0.515283 0.304868 0.142127 0.0521183 0.0150383 0.00339167 0.000606667 6.33333e-05 8.33333e-06 0 0 0 0 0 0 0 
1 0.952182 0.865863 0.723358 0.525477 0.312128 0.145752 0.053935 0.0167717 0.00440667 0.00103667 0.000143333 1.5e-05 1.66667e-06 0 0 0 0 0 0 
1 0.951208 0.862462 0.716653 0.515655 0.30178 0.138532 0.050885 0.0159167 0.00437667 0.000903333 8.33333e-05 0 0 0 0 0 0 0 0 
1 0.949363 0.857482 0.708268 0.504158 0.290368 0.129942 0.0462 0.0151583 0.00573167 0.003025 0.00157333 0.000603333 0.000145 1.16667e-05 0 0 0 0 0 
1 0.94995 0.859737 0.711133 0.507645 0.293153 0.129323 0.0423217 0.010415 0.00198 0.000273333 2e-05 1.66667e-06 0 0 0 0 0 0 0 
1 0.949747 0.85737 0.707027 0.502503 0.28917 0.130133 0.0463717 0.014475 0.00412333 0.000913333 0.000148333 2.33333e-05 0 0 0 0 0 0 0 
1 0.948428 0.85495 0.70389 0.498812 0.286898 0.128317 0.0435517 0.011035 0.00202833 0.000265 1.66667e-05 1.66667e-06 0 0 0 0 0 0 0 
1 0.950528 0.860553 0.714173 0.512117 0.296282 0.129602 0.0409833 0.00865667 0.00118167 0.000103333 8.33333e-06 0 0 0 0 0 0 0 0 
1 0.951435 0.863722 0.72037 0.521383 0.306857 0.142137 0.0521017 0.0158917 0.00437167 0.00114 0.000198333 1.5e-05 0 0 0 0 0 0 0 
1 0.948878 0.857597 0.707773 0.505497 0.294262 0.136987 0.05206 0.017035 0.00482167 0.00110333 0.000136667 1.16667e-05 0 0 0 0 0 0 0 
1 0.950437 0.860463 0.713088 0.509442 0.292543 0.126852 0.0407033 0.00995167 0.00173 0.000243333 3.33333e-05 1.66667e-06 0 0 0 0 0 0 0 
1 0.951097 0.862838 0.71868 0.520637 0.309217 0.146792 0.0558667 0.0179483 0.00495833 0.00123833 0.00029 3e-05 1.66667e-06 0 0 0 0 0 0 
1 0.94918 0.857003 0.708302 0.505013 0.292083 0.130538 0.0448683 0.0120383 0.00267333 0.000496667 7.83333e-05 3.33333e-06 0 0 0 0 0 0 0 
1 0.949842 0.858768 0.710877 0.505948 0.290488 0.12984 0.045085 0.0124967 0.00287 0.000493333 4.5e-05 1.66667e-06 0 0 0 0 0 0 0 
1 0.949887 0.859695 0.712347 0.511902 0.298607 0.13506 0.0462067 0.0117183 0.00200167 0.000206667 1.83333e-05 0 0 0 0 0 0 0 0 
1 0.952127 0.865997 0.724008 0.528322 0.317168 0.152727 0.0592967 0.0198033 0.00592333 0.00142 0.00022 1.33333e-05 1.38778e-17 0 0 0 0 0 0 
1 0.948243 0.85603 0.705503 0.501727 0.29057 0.133045 0.0491217 0.0154583 0.00439333 0.00110333 0.000216667 2e-05 0 0 0 0 0 0 0 
1 0.948762 0.857153 0.708975 0.507038 0.29517 0.137172 0.0524433 0.0173833 0.00517 0.00122833 0.000171667 1.16667e-05 0 0 0 0 0 0 0 
1 0.948533 0.855912 0.706135 0.500777 0.286182 0.12747 0.04397 0.0119667 0.002615 0.000461667 7.33333e-05 8.33333e-06 3.33333e-06 0 0 0 0 0 0 
1 0.948705 0.855745 0.704795 0.500855 0.286665 0.1262 0.0430217 0.0121633 0.00320833 0.000806667 0.000121667 1.5e-05 0 0 0 0 0 0 0 
1 0.947928 0.855258 0.705132 0.499878 0.285212 0.124953 0.0413733 0.011125 0.00280667 0.000776667 0.00019 2.66667e-05 1.66667e-06 0 0 0 0 0 0 
1 0.95079 0.86125 0.714967 0.514133 0.302253 0.139692 0.0509633 0.01509 0.00413 0.00123 0.0004 0.000126667 1.83333e-05 1.66667e-06 0 0 0 0 0 
1 0.950178 0.860472 0.714538 0.51491 0.30462 0.146463 0.0596083 0.0215467 0.00689667 0.00159167 0.000228333 3.33333e-05 0 0 0 0 0 0 0 
1 0.949223 0.857122 0.707252 0.503597 0.290993 0.131282 0.0448133 0.0113867 0.00237833 0.000476667 6e-05 1.16667e-05 0 0 0 0 0 0 0 
1 0.950548 0.861237 0.716252 0.516695 0.306912 0.145887 0.0568867 0.0184083 0.004985 0.000991667 0.000145 1.83333e-05 0 0 0 0 0 0 0 
1 0.951267 0.862962 0.718298 0.520275 0.307157 0.141275 0.0500933 0.01366 0.00293833 0.000486667 5.33333e-05 6.66667e-06 0 0 0 0 0 0 0 
1 0.951015 0.862393 0.716898 0.516802 0.301865 0.137648 0.04847 0.013645 0.00339 0.000696667 8e-05 6.66667e-06 0 0 0 0 0 0 0 
1 0.94952 0.857708 0.707297 0.500277 0.285818 0.124808 0.04137 0.0109083 0.00249 0.000618333 0.0001 1.16667e-05 1.66667e-06 0 0 0 0 0 0 
1 0.949527 0.858533 0.710545 0.507292 0.294763 0.134568 0.04872 0.01413 0.00313833 0.00052 4.83333e-05 1.66667e-06 0 0 0 0 0 0 0 
