1 0.97282 0.92775 0.86641 0.79135 0.71104 0.63098 0.55745 0.49078 0.43094 0.37764 0.33103 0.29073 0.25576 0.22414 0.19652 0.17263 0.15093 0.13217 0.11459 
1 0.96715 0.91414 0.84141 0.75204 0.65905 0.56911 0.48554 0.41205 0.3476 0.29305 0.245 0.20578 0.17132 0.14285 0.11933 0.09936 0.08236 0.06801 0.0562 
1 0.9698 0.9228 0.8541 0.77316 0.68802 0.60443 0.52521 0.45498 0.39323 0.33864 0.2923 0.24936 0.21285 0.18065 0.15269 0.12769 0.10792 0.09101 0.07707 
1 0.96891 0.91942 0.85139 0.76709 0.68037 0.59605 0.51923 0.44989 0.38848 0.33581 0.29178 0.25228 0.21954 0.19185 0.16825 0.14813 0.12999 0.11414 0.10019 
1 0.96738 0.91564 0.84202 0.75505 0.66366 0.57536 0.49287 0.42111 0.35706 0.30212 0.25544 0.21546 0.18158 0.15251 0.1273 0.10621 0.08759 0.07276 0.05928 
1 0.97103 0.92212 0.85268 0.76892 0.68192 0.59843 0.51963 0.44875 0.38539 0.33101 0.28508 0.24562 0.2119 0.18235 0.15667 0.13537 0.11584 0.1002 0.08579 
1 0.96936 0.91913 0.84938 0.76659 0.67959 0.59054 0.50927 0.43799 0.37484 0.3215 0.27435 0.23469 0.20156 0.17358 0.14919 0.12805 0.10949 0.09297 0.07887 
1 0.97011 0.92036 0.84857 0.76338 0.67493 0.58721 0.50559 0.43413 0.36917 0.31352 0.26604 0.22597 0.19045 0.16164 0.13697 0.11694 0.09841 0.08344 0.07058 
1 0.96935 0.92179 0.85374 0.77275 0.68503 0.60041 0.52283 0.45246 0.39073 0.33791 0.29293 0.25323 0.2191 0.18969 0.16305 0.14068 0.12191 0.10501 0.08983 
1 0.97062 0.92379 0.85774 0.77747 0.69358 0.6114 0.53626 0.46983 0.41017 0.35574 0.30796 0.26665 0.23 0.19897 0.1722 0.14875 0.12894 0.1101 0.09293 
1 0.96809 0.91595 0.8439 0.7574 0.6667 0.57818 0.49811 0.42706 0.3648 0.31171 0.26667 0.22777 0.19583 0.16764 0.14319 0.12205 0.1048 0.089 0.07528 
1 0.97156 0.92464 0.85716 0.77775 0.69343 0.61005 0.53294 0.46313 0.40239 0.35073 0.30542 0.26618 0.23211 0.20336 0.17823 0.15619 0.13649 0.11933 0.1035 
1 0.97319 0.92893 0.86568 0.79102 0.70949 0.63133 0.55818 0.49145 0.4299 0.37733 0.33094 0.28984 0.25416 0.22124 0.19277 0.16853 0.14658 0.12764 0.11143 
1 0.96765 0.91489 0.84056 0.75386 0.6612 0.57257 0.49073 0.41776 0.3541 0.30096 0.25496 0.21682 0.18397 0.15672 0.13391 0.11304 0.09519 0.0794 0.06608 
1 0.96871 0.91794 0.84537 0.75878 0.66695 0.57921 0.49931 0.42692 0.36686 0.31566 0.27035 0.23043 0.19619 0.16783 0.14369 0.12259 0.10543 0.09111 0.07784 
1 0.96901 0.91877 0.84911 0.76258 0.67005 0.5801 0.49636 0.42164 0.35637 0.29921 0.25093 0.20974 0.17398 0.14383 0.1175 0.0965 0.07762 0.06249 0.0495 
1 0.96947 0.91999 0.84851 0.76565 0.67794 0.59043 0.51133 0.44048 0.3808 0.32938 0.28606 0.24833 0.21462 0.18513 0.16008 0.13864 0.12013 0.10467 0.0906 
1 0.97234 0.92591 0.85977 0.78048 0.69562 0.61213 0.53516 0.46375 0.4007 0.34538 0.29838 0.25637 0.21934 0.18715 0.15964 0.1353 0.11407 0.09592 0.0803 
1 0.97015 0.92239 0.85583 0.77578 0.68887 0.60316 0.52252 0.45109 0.38975 0.33671 0.29076 0.25195 0.21782 0.1886 0.163 0.14175 0.12263 0.10623 0.09187 
1 0.96906 0.91891 0.84777 0.76454 0.67451 0.58754 0.50751 0.43473 0.3719 0.31853 0.27352 0.23662 0.20509 0.17863 0.15432 0.13163 0.11169 0.09393 0.07811 
1 0.97232 0.92641 0.85815 0.77949 0.69605 0.61194 0.53262 0.46245 0.4004 0.34784 0.30231 0.26283 0.22933 0.19913 0.17368 0.1505 0.13023 0.1133 0.09799 
1 0.97086 0.91998 0.8508 0.7665 0.67716 0.58972 0.50896 0.43635 0.37347 0.31946 0.27432 0.23583 0.2019 0.17279 0.14791 0.12607 0.10637 0.08976 0.07559 
1 0.96936 0.92144 0.8517 0.76794 0.67893 0.59178 0.50982 0.43581 0.37052 0.31706 0.2696 0.22966 0.19419 0.16504 0.13818 0.11505 0.09618 0.08003 0.0658 
1 0.96778 0.91609 0.84566 0.75726 0.66522 0.57515 0.49123 0.41694 0.34856 0.28927 0.2389 0.19595 0.16157 0.13168 0.10707 0.08616 0.06901 0.0553 0.0439 
1 0.96923 0.91917 0.84951 0.76187 0.67082 0.58386 0.50231 0.43041 0.36698 0.31349 0.26576 0.22507 0.19191 0.164 0.14013 0.11944 0.10233 0.08879 0.07733 
1 0.9684 0.91853 0.85183 0.77116 0.68406 0.60176 0.52753 0.46071 0.40106 0.35035 0.30762 0.27031 0.23764 0.20803 0.18286 0.15966 0.13924 0.12182 0.10533 
1 0.97097 0.92434 0.85887 0.7814 0.7001 0.61685 0.53845 0.46734 0.40361 0.34826 0.30025 0.25887 0.22216 0.18944 0.16248 0.13847 0.11807 0.10044 0.0861 
1 0.97207 0.92633 0.86375 0.78806 0.70563 0.6229 0.54535 0.47625 0.41396 0.35894 0.31211 0.27226 0.23827 0.20867 0.18138 0.15761 0.13648 0.11894 0.1037 
1 0.97202 0.92644 0.86505 0.79079 0.70963 0.62805 0.55241 0.48727 0.42773 0.37584 0.33224 0.29316 0.25686 0.22575 0.19766 0.17252 0.15151 0.13325 0.11816 
1 0.97048 0.91955 0.84855 0.76292 0.66893 0.57851 0.49494 0.42084 0.35608 0.29882 0.25037 0.20797 0.17359 0.14481 0.12012 0.09916 0.08122 0.06683 0.05518 
1 0.96707 0.91334 0.83713 0.746 0.64982 0.55657 0.47143 0.39629 0.33116 0.27547 0.22889 0.19032 0.15796 0.13066 0.10771 0.08932 0.07367 0.06074 0.04993 
1 0.96962 0.91994 0.85023 0.76814 0.68163 0.59844 0.5194 0.4494 0.38685 0.32949 0.27955 0.23773 0.20252 0.17224 0.14684 0.12387 0.10495 0.08972 0.07666 
1 0.96885 0.91792 0.8462 0.76088 0.67013 0.58428 0.50368 0.43045 0.3655 0.30804 0.26004 0.22047 0.18726 0.15921 0.13471 0.1147 0.09852 0.08425 0.07295 
1 0.96835 0.91775 0.84553 0.76034 0.67233 0.58589 0.50623 0.43485 0.3725 0.3192 0.27437 0.23629 0.20192 0.17227 0.14788 0.12576 0.10723 0.09136 0.078 
1 0.96872 0.91777 0.84643 0.76062 0.67065 0.58617 0.50715 0.43447 0.37215 0.3163 0.26714 0.22599 0.19002 0.1598 0.13445 0.11196 0.09362 0.07772 0.06296 
1 0.97268 0.92741 0.86579 0.7892 0.7091 0.63183 0.55923 0.4909 0.4294 0.37388 0.32576 0.28254 0.24416 0.21184 0.18348 0.1579 0.13523 0.11656 0.10002 
1 0.97109 0.92238 0.85578 0.7762 0.69092 0.6077 0.53121 0.46012 0.39738 0.34291 0.2948 0.25316 0.21715 0.18658 0.1599 0.13768 0.11811 0.10125 0.08701 
1 0.96996 0.92155 0.85498 0.77408 0.68751 0.60243 0.5242 0.45466 0.39448 0.34139 0.29503 0.25512 0.21953 0.18886 0.16217 0.13804 0.11682 0.09782 0.08228 
1 0.96657 0.91239 0.83589 0.74556 0.6521 0.56247 0.47792 0.40364 0.3384 0.28273 0.23424 0.19312 0.15853 0.12884 0.10419 0.08341 0.0673 0.05409 0.04304 
1 0.97099 0.92227 0.85391 0.77075 0.68214 0.59437 0.51438 0.44236 0.37854 0.32483 0.27907 0.23955 0.2054 0.17616 0.15051 0.1289 0.1101 0.09371 0.07916 
1 0.97009 0.92016 0.85119 0.76804 0.68152 0.59492 0.51511 0.44418 0.38061 0.3266 0.27922 0.23902 0.20535 0.1757 0.15156 0.12954 0.11241 0.09733 0.08465 
1 0.97187 0.92413 0.85736 0.7771 0.69063 0.60449 0.5231 0.45022 0.38564 0.32916 0.28224 0.24123 0.20718 0.1783 0.1549 0.13423 0.11559 0.09972 0.08547 
1 0.97207 0.92573 0.86109 0.78077 0.69271 0.60665 0.52616 0.45277 0.38908 0.33578 0.28918 0.2462 0.20911 0.17646 0.14776 0.12258 0.10236 0.08444 0.06962 
1 0.96962 0.92007 0.84949 0.76467 0.67563 0.58775 0.50745 0.43486 0.37381 0.32042 0.27683 0.23895 0.20621 0.17878 0.15563 0.13459 0.11605 0.10034 0.08557 
1 0.96811 0.91813 0.84526 0.76182 0.67288 0.5852 0.50469 0.43217 0.36937 0.31332 0.26341 0.22137 0.18532 0.15559 0.13079 0.10966 0.09288 0.07844 0.06625 
1 0.97121 0.92371 0.85605 0.77533 0.68918 0.60585 0.52923 0.45992 0.39769 0.34376 0.29735 0.25615 0.22078 0.18853 0.15947 0.13426 0.11202 0.0928 0.0758 
1 0.97039 0.92271 0.85459 0.77493 0.69047 0.60797 0.52866 0.45926 0.39563 0.34212 0.29512 0.25442 0.21947 0.19025 0.16447 0.14193 0.12251 0.10467 0.08924 
1 0.97164 0.92366 0.8569 0.77611 0.69109 0.6086 0.53217 0.4629 0.40143 0.34689 0.30035 0.26047 0.22627 0.19587 0.16745 0.14324 0.12106 0.10236 0.08705 
1 0.96993 0.92189 0.85508 0.7755 0.68974 0.60318 0.52379 0.45235 0.38765 0.33145 0.28284 0.24025 0.2042 0.17393 0.14757 0.12565 0.10733 0.09088 0.0766 
1 0.97099 0.92461 0.85988 0.77974 0.69362 0.60625 0.52461 0.45033 0.38426 0.32577 0.27675 0.23665 0.20407 0.17728 0.15462 0.13456 0.11656 0.10075 0.08714 
1 0.96805 0.91688 0.84624 0.7611 0.67124 0.58409 0.50517 0.43604 0.37764 0.32668 0.28212 0.24287 0.20858 0.18043 0.15651 0.1344 0.11577 0.0982 0.08395 
1 0.96904 0.91876 0.84821 0.76261 0.67131 0.58363 0.50349 0.4326 0.37254 0.32222 0.27768 0.23896 0.20655 0.17861 0.15574 0.13621 0.11914 0.10603 0.09361 
1 0.96926 0.91776 0.8459 0.76115 0.67239 0.58674 0.51026 0.44213 0.38171 0.3286 0.28283 0.24557 0.21186 0.18244 0.15659 0.1343 0.11521 0.09918 0.08548 
1 0.97106 0.92239 0.85467 0.77355 0.68668 0.60257 0.52491 0.45718 0.39769 0.34378 0.29859 0.25737 0.22222 0.19151 0.16572 0.14394 0.12534 0.10816 0.0935 
1 0.97344 0.92876 0.86649 0.79049 0.70712 0.62614 0.55099 0.48384 0.42307 0.36988 0.32559 0.28638 0.25377 0.22459 0.19778 0.17555 0.15486 0.13693 0.12033 
1 0.96871 0.91881 0.84948 0.76492 0.67541 0.58836 0.50667 0.43255 0.36658 0.30978 0.26181 0.22197 0.18699 0.15762 0.1326 0.11149 0.09416 0.08013 0.06868 
1 0.97125 0.92194 0.85283 0.77049 0.68137 0.59407 0.51237 0.43773 0.37177 0.31475 0.26558 0.22156 0.18522 0.15483 0.12974 0.10871 0.09072 0.07625 0.06342 
1 0.96764 0.91537 0.8425 0.75704 0.66581 0.57688 0.49929 0.43157 0.37452 0.32382 0.27938 0.24244 0.20931 0.18225 0.15944 0.1388 0.12007 0.10334 0.08835 
1 0.97395 0.93125 0.87034 0.79597 0.71549 0.63482 0.55726 0.48668 0.42244 0.36519 0.31568 0.27109 0.23308 0.20082 0.17153 0.14601 0.12358 0.10484 0.08794 
1 0.97092 0.92367 0.85336 0.77056 0.68317 0.59803 0.52168 0.45363 0.39502 0.34141 0.29425 0.25418 0.22003 0.1911 0.16618 0.14436 0.12444 0.10784 0.09266 
1 0.96564 0.90991 0.83159 0.73987 0.64273 0.54877 0.46317 0.3882 0.32394 0.26888 0.22466 0.18591 0.15357 0.12696 0.10526 0.08627 0.07043 0.05799 0.04791 
1 0.96914 0.91923 0.84868 0.76591 0.67823 0.59437 0.51664 0.4476 0.3871 0.33305 0.28745 0.24687 0.21163 0.1823 0.15675 0.1343 0.11676 0.10063 0.08732 
1 0.96864 0.91878 0.84911 0.76513 0.6757 0.59076 0.51151 0.44142 0.38025 0.32591 0.2788 0.23623 0.20086 0.17126 0.1461 0.12567 0.10822 0.09338 0.0806 
1 0.97027 0.92161 0.85348 0.77306 0.6875 0.60401 0.52651 0.45529 0.3933 0.33792 0.29079 0.24854 0.21297 0.18183 0.15533 0.13179 0.11239 0.09632 0.08224 
1 0.96998 0.92192 0.85668 0.77394 0.68536 0.59706 0.51449 0.44034 0.37564 0.3196 0.27109 0.22884 0.1936 0.16379 0.13966 0.11907 0.10255 0.08849 0.07621 
1 0.97281 0.92633 0.86086 0.78195 0.69728 0.6142 0.53635 0.46833 0.40925 0.35861 0.31305 0.27427 0.23976 0.2106 0.184 0.15997 0.13918 0.12153 0.10623 
1 0.96908 0.92027 0.84964 0.76593 0.67838 0.59209 0.51145 0.44061 0.37841 0.32531 0.27946 0.24043 0.20596 0.17646 0.15121 0.12901 0.11 0.09316 0.0791 
1 0.9699 0.9198 0.84822 0.7617 0.6716 0.58389 0.50423 0.43414 0.37046 0.31678 0.2704 0.23014 0.1962 0.16713 0.14191 0.1206 0.10331 0.08891 0.07658 
1 0.97067 0.92188 0.85238 0.76964 0.6796 0.5923 0.51228 0.43904 0.37543 0.32036 0.27348 0.2328 0.19789 0.16799 0.14165 0.11959 0.09924 0.08176 0.06673 
1 0.96989 0.92134 0.85112 0.76741 0.67724 0.58944 0.50703 0.43383 0.36954 0.31078 0.26252 0.22277 0.18767 0.15859 0.13372 0.11264 0.09382 0.07842 0.06534 
1 0.96821 0.91721 0.84722 0.76174 0.66915 0.57991 0.498 0.42565 0.36305 0.30892 0.26194 0.22143 0.18667 0.15645 0.13194 0.11077 0.09354 0.07939 0.06637 
1 0.96708 0.91323 0.83791 0.74941 0.6558 0.56522 0.48225 0.40717 0.34002 0.28183 0.23352 0.19291 0.15938 0.13283 0.1109 0.09199 0.07619 0.06315 0.05165 
1 0.97106 0.92164 0.85073 0.76958 0.68279 0.5956 0.5143 0.44317 0.38075 0.32885 0.28326 0.24619 0.21474 0.18672 0.16295 0.1414 0.12315 0.10743 0.09347 
1 0.96676 0.91268 0.83867 0.75213 0.65922 0.57166 0.49124 0.42081 0.35754 0.30465 0.26006 0.22203 0.18975 0.16266 0.13846 0.1191 0.10211 0.08777 0.07566 
1 0.97088 0.92438 0.85804 0.77814 0.69443 0.61155 0.53369 0.46304 0.40196 0.34849 0.30285 0.26322 0.23086 0.20245 0.17759 0.1566 0.13799 0.12107 0.10604 
1 0.96886 0.91846 0.84717 0.76251 0.67204 0.58358 0.5029 0.43127 0.36923 0.31486 0.26898 0.22946 0.19437 0.16434 0.1387 0.11621 0.09722 0.08059 0.06713 
1 0.97034 0.9204 0.84983 0.76666 0.67653 0.59202 0.51306 0.44411 0.38422 0.32988 0.28109 0.23987 0.20323 0.17173 0.14456 0.12209 0.10478 0.08961 0.07705 
1 0.96863 0.91443 0.83944 0.74956 0.65648 0.56693 0.48395 0.4124 0.34979 0.29595 0.25057 0.21168 0.17837 0.15056 0.12743 0.10853 0.09206 0.07811 0.06691 
1 0.96872 0.91693 0.84616 0.76112 0.66946 0.5839 0.5069 0.43771 0.37642 0.3244 0.27851 0.23976 0.2057 0.1775 0.15244 0.13153 0.11298 0.09701 0.08205 
1 0.97134 0.92476 0.85828 0.78075 0.69777 0.61475 0.53639 0.46601 0.40276 0.34659 0.29655 0.2532 0.21679 0.18523 0.15832 0.13505 0.11622 0.09956 0.08567 
1 0.97 0.92059 0.84956 0.76712 0.678 0.59143 0.51276 0.44185 0.38016 0.32668 0.28213 0.24333 0.20899 0.17855 0.15203 0.12855 0.1083 0.09092 0.07606 
1 0.96972 0.92136 0.85219 0.76935 0.68209 0.59704 0.5199 0.4513 0.39211 0.34117 0.2962 0.25713 0.2252 0.1982 0.17408 0.15348 0.13448 0.11853 0.1051 
1 0.97258 0.92625 0.86233 0.78369 0.70162 0.61845 0.53704 0.46452 0.40108 0.34469 0.29507 0.25214 0.21518 0.18399 0.15742 0.13376 0.11447 0.09789 0.08445 
1 0.96816 0.91739 0.84555 0.75765 0.6667 0.5779 0.49752 0.42703 0.36489 0.31237 0.26646 0.22682 0.19196 0.16162 0.13456 0.11052 0.08996 0.07268 0.05881 
1 0.96885 0.91733 0.84708 0.76182 0.67145 0.58232 0.50058 0.42785 0.36598 0.31198 0.2652 0.22566 0.19353 0.1664 0.14286 0.12316 0.10608 0.09102 0.07791 
1 0.97156 0.92475 0.85764 0.77555 0.69014 0.60556 0.5278 0.4544 0.39123 0.33395 0.28488 0.24164 0.20273 0.16826 0.13981 0.11541 0.09437 0.07747 0.06404 
1 0.96636 0.91164 0.83568 0.74508 0.65022 0.55991 0.47911 0.40852 0.34625 0.29263 0.24836 0.21063 0.17924 0.1515 0.12773 0.10761 0.08966 0.07447 0.06067 
1 0.96948 0.92184 0.85325 0.77158 0.6821 0.59433 0.51403 0.44078 0.37611 0.31961 0.27303 0.23336 0.19923 0.16949 0.14438 0.1234 0.10615 0.09106 0.07718 
1 0.96956 0.91971 0.85195 0.7699 0.68394 0.60085 0.52365 0.45588 0.39743 0.34789 0.30422 0.26487 0.22985 0.19797 0.17006 0.14588 0.12426 0.10606 0.09059 
1 0.97097 0.92234 0.85351 0.77413 0.68833 0.60439 0.5279 0.45845 0.39683 0.34353 0.2972 0.25696 0.22189 0.1908 0.16309 0.13695 0.11423 0.0953 0.07943 
1 0.97166 0.92519 0.85711 0.77582 0.68921 0.60319 0.52298 0.44931 0.38653 0.33052 0.28186 0.23917 0.20479 0.17415 0.14977 0.12851 0.10998 0.09522 0.08302 
1 0.97216 0.92724 0.86335 0.78298 0.69863 0.61601 0.53884 0.46962 0.40985 0.3564 0.30969 0.27026 0.2372 0.20925 0.18441 0.1613 0.14007 0.12099 0.10461 
1 0.96902 0.91969 0.85162 0.76787 0.67947 0.59567 0.51707 0.44662 0.38684 0.33194 0.28474 0.2439 0.20923 0.17871 0.15344 0.13229 0.11404 0.098 0.08435 
1 0.97119 0.9244 0.85752 0.77722 0.6905 0.60366 0.52267 0.4512 0.38945 0.33745 0.29241 0.25276 0.21866 0.18726 0.16009 0.13624 0.11503 0.09746 0.08136 
1 0.9682 0.91683 0.8438 0.75685 0.66702 0.58107 0.50117 0.43134 0.3725 0.32098 0.27574 0.23743 0.20366 0.17334 0.14709 0.12472 0.10488 0.08878 0.07408 
1 0.96878 0.91568 0.84315 0.75681 0.66762 0.58265 0.5046 0.43733 0.37755 0.32434 0.27813 0.23742 0.20087 0.16948 0.14202 0.11923 0.10024 0.08445 0.0714 
1 0.96968 0.92066 0.85183 0.76844 0.67977 0.59563 0.51868 0.44853 0.38753 0.33312 0.2863 0.24695 0.21162 0.18026 0.15244 0.12868 0.10901 0.09214 0.07738 
1 0.97118 0.92379 0.85814 0.77792 0.69239 0.60785 0.52882 0.45841 0.39538 0.33974 0.29047 0.24608 0.20661 0.1733 0.14404 0.11947 0.09811 0.08061 0.06587 
1 0.9702 0.92253 0.85522 0.77409 0.68903 0.60574 0.52982 0.45939 0.39911 0.34558 0.30016 0.26011 0.22627 0.19513 0.16871 0.14662 0.12638 0.10907 0.09502 
1 0.9708 0.92255 0.85425 0.77224 0.68627 0.60139 0.52355 0.4545 0.39377 0.34161 0.29596 0.25467 0.21876 0.18834 0.16118 0.13899 0.11988 0.10339 0.08929 
1 0.97133 0.92421 0.86021 0.77994 0.69418 0.60792 0.52758 0.45657 0.3939 0.33939 0.29416 0.25458 0.21972 0.19043 0.16486 0.14089 0.12101 0.10327 0.08823 
1 0.96959 0.92018 0.84997 0.7665 0.6775 0.59241 0.51333 0.44233 0.37958 0.32481 0.27599 0.23582 0.20085 0.17325 0.14944 0.1292 0.11155 0.09618 0.08343 
1 0.96837 0.9188 0.84932 0.7667 0.67832 0.59298 0.51345 0.44033 0.37527 0.32042 0.27299 0.23185 0.19539 0.16443 0.13715 0.11372 0.09465 0.07848 0.06567 
1 0.96801 0.91427 0.84299 0.75564 0.66197 0.57294 0.49343 0.42247 0.3591 0.30519 0.25863 0.21827 0.18284 0.15306 0.12722 0.10605 0.0892 0.0741 0.06131 
1 0.96882 0.91759 0.84647 0.76161 0.67133 0.58342 0.50108 0.42876 0.36305 0.30592 0.25815 0.2164 0.18207 0.15397 0.13088 0.11136 0.0959 0.08254 0.07046 
1 0.96945 0.92215 0.85362 0.77166 0.68358 0.597 0.51775 0.44741 0.38481 0.32801 0.27895 0.23652 0.19971 0.1688 0.14329 0.12079 0.10197 0.08583 0.0725 
1 0.96942 0.91885 0.84896 0.76514 0.67671 0.59241 0.51341 0.44588 0.38501 0.33189 0.28344 0.24213 0.20636 0.17599 0.14929 0.12684 0.10561 0.08873 0.07455 
1 0.96869 0.91613 0.8453 0.75944 0.66826 0.57966 0.49755 0.42715 0.36565 0.31241 0.26718 0.22838 0.19494 0.16573 0.13977 0.11746 0.09817 0.0818 0.06669 
1 0.96979 0.92037 0.85223 0.77072 0.68438 0.59887 0.51894 0.44853 0.38426 0.32975 0.28207 0.2429 0.20813 0.17842 0.15056 0.12832 0.10862 0.09242 0.07906 
1 0.97098 0.92352 0.85522 0.77472 0.68904 0.60418 0.52509 0.45328 0.38867 0.331 0.28247 0.23768 0.20093 0.16985 0.14454 0.12323 0.10436 0.08815 0.0748 
1 0.96855 0.91775 0.84596 0.75863 0.66794 0.57935 0.49867 0.42731 0.36675 0.313 0.26942 0.23273 0.20098 0.17285 0.14906 0.12925 0.11114 0.09483 0.08103 
1 0.97099 0.9233 0.85636 0.77489 0.68878 0.60361 0.524 0.45154 0.38982 0.33596 0.28794 0.24554 0.20896 0.17763 0.15054 0.12675 0.1062 0.08735 0.07219 
1 0.97067 0.92253 0.85318 0.77218 0.68341 0.59744 0.51875 0.44972 0.39015 0.33901 0.29657 0.26122 0.22956 0.20273 0.17855 0.15672 0.13724 0.11973 0.10352 
1 0.969 0.91628 0.84405 0.7572 0.66452 0.57499 0.49278 0.41992 0.35527 0.3019 0.25722 0.21983 0.18768 0.16 0.13638 0.11592 0.0983 0.08355 0.07136 
1 0.9708 0.92291 0.85558 0.77464 0.6885 0.60388 0.52398 0.45213 0.38858 0.33371 0.28587 0.24363 0.20851 0.17887 0.15307 0.13274 0.1155 0.10095 0.08728 
1 0.96918 0.91926 0.8478 0.76379 0.67569 0.5888 0.51145 0.44312 0.38336 0.32844 0.28187 0.2413 0.20496 0.1742 0.14706 0.12396 0.10529 0.0885 0.07408 
1 0.96487 0.90939 0.83197 0.74072 0.64621 0.55513 0.47279 0.39969 0.33808 0.2847 0.23937 0.20041 0.16753 0.13878 0.11461 0.09532 0.07925 0.06574 0.0548 
1 0.97037 0.92389 0.85723 0.77687 0.68879 0.60371 0.52156 0.44839 0.38193 0.32399 0.27269 0.22982 0.19379 0.16407 0.13901 0.11717 0.09952 0.08496 0.07209 
1 0.96709 0.91411 0.84062 0.75195 0.65954 0.57126 0.49367 0.42452 0.36458 0.31282 0.26887 0.2313 0.20026 0.17254 0.14782 0.12795 0.11011 0.09587 0.08291 
1 0.96934 0.92233 0.85382 0.76982 0.6808 0.59386 0.51452 0.44372 0.38425 0.3308 0.28518 0.24429 0.20806 0.17783 0.15239 0.12923 0.10904 0.09181 0.07813 
1 0.96978 0.92183 0.85382 0.77117 0.68479 0.59992 0.52078 0.45131 0.39096 0.33816 0.29113 0.25069 0.21493 0.18323 0.15535 0.13104 0.10903 0.0903 0.0753 
1 0.97119 0.92276 0.85691 0.77705 0.69188 0.60701 0.52735 0.45866 0.39558 0.33992 0.29113 0.24916 0.21364 0.1835 0.15749 0.13529 0.11629 0.10019 0.08631 
1 0.96989 0.92072 0.85104 0.76782 0.67817 0.59241 0.51396 0.44344 0.38218 0.32885 0.28327 0.24338 0.20847 0.17848 0.15154 0.12946 0.11003 0.09294 0.07949 
1 0.96882 0.91845 0.85078 0.76765 0.67963 0.59407 0.51663 0.44772 0.38653 0.335 0.28916 0.25006 0.21587 0.1869 0.16162 0.14017 0.12154 0.10533 0.09144 
1 0.97046 0.92189 0.85311 0.76892 0.67934 0.59213 0.51057 0.4386 0.37628 0.32287 0.2755 0.23424 0.1975 0.16584 0.13934 0.1168 0.09798 0.08224 0.06882 
1 0.9695 0.92036 0.85092 0.76746 0.6809 0.59605 0.51691 0.44651 0.38359 0.33015 0.2839 0.24486 0.21108 0.18302 0.15898 0.13853 0.12121 0.10576 0.09236 
1 0.9685 0.91451 0.84005 0.75262 0.65791 0.56871 0.48713 0.4163 0.35534 0.3026 0.25646 0.21844 0.18442 0.15675 0.13299 0.11253 0.0953 0.08043 0.0687 
1 0.97202 0.92399 0.85748 0.77541 0.68735 0.60111 0.52006 0.44728 0.38292 0.32689 0.27971 0.23917 0.20553 0.17557 0.14925 0.12608 0.10626 0.09048 0.07704 
1 0.97038 0.92155 0.85183 0.76846 0.67983 0.59407 0.51553 0.44679 0.3863 0.33438 0.28833 0.24816 0.214 0.18443 0.15842 0.13524 0.11585 0.09816 0.08291 
1 0.97039 0.92206 0.85417 0.7722 0.68805 0.60524 0.52872 0.45998 0.40064 0.34767 0.30001 0.25999 0.22639 0.19659 0.17024 0.1485 0.12871 0.11123 0.09675 
1 0.97077 0.9229 0.85455 0.77417 0.68675 0.60028 0.52304 0.45233 0.39046 0.33516 0.28737 0.24692 0.21215 0.18159 0.15525 0.13121 0.11149 0.0958 0.08207 
1 0.97164 0.92458 0.85771 0.77578 0.69129 0.60757 0.5295 0.46017 0.39795 0.34219 0.29577 0.25709 0.22275 0.19371 0.16804 0.14527 0.12543 0.10857 0.09454 
1 0.96964 0.92105 0.85069 0.76919 0.68371 0.59961 0.52276 0.45515 0.3946 0.34113 0.29696 0.25781 0.22322 0.19335 0.16742 0.14557 0.12591 0.10854 0.0935 
1 0.97088 0.9234 0.85743 0.77877 0.69222 0.60894 0.53304 0.46639 0.40523 0.35411 0.30956 0.26901 0.2349 0.20455 0.17734 0.15364 0.13365 0.11544 0.09985 
1 0.96757 0.91467 0.84068 0.7518 0.65773 0.56545 0.48206 0.40899 0.34457 0.2868 0.2373 0.1964 0.16128 0.13407 0.10994 0.09121 0.07473 0.06107 0.05046 
1 0.97122 0.92365 0.85568 0.77302 0.68525 0.5992 0.52186 0.45248 0.38936 0.33547 0.29088 0.25147 0.21849 0.18771 0.16234 0.14099 0.12151 0.10469 0.08973 
1 0.96895 0.91837 0.8475 0.7634 0.6751 0.58962 0.50986 0.43803 0.37544 0.32068 0.27526 0.23621 0.20373 0.17579 0.15196 0.13118 0.11402 0.09953 0.08725 
1 0.97158 0.92417 0.85801 0.77891 0.69259 0.60894 0.5304 0.46099 0.40027 0.34715 0.30061 0.25842 0.22321 0.19226 0.16639 0.14315 0.12282 0.10664 0.09362 
1 0.96738 0.91502 0.84399 0.75738 0.66787 0.58149 0.50287 0.43144 0.36846 0.3138 0.26665 0.22684 0.19287 0.1637 0.13851 0.11747 0.09894 0.08382 0.07051 
1 0.97026 0.92048 0.85093 0.76634 0.67509 0.58734 0.50835 0.43799 0.37777 0.32553 0.27997 0.23991 0.2055 0.17582 0.15138 0.13046 0.11339 0.099 0.08531 
1 0.97133 0.92383 0.85688 0.77733 0.69107 0.60856 0.5328 0.46233 0.40106 0.34672 0.29767 0.25599 0.21953 0.18747 0.15997 0.13712 0.11749 0.10045 0.0855 
1 0.96935 0.91977 0.84948 0.7619 0.67162 0.58409 0.50364 0.43179 0.36963 0.31444 0.26805 0.22702 0.19153 0.16233 0.1374 0.11667 0.09901 0.08403 0.07143 
1 0.97055 0.9232 0.85534 0.77543 0.69033 0.60533 0.52578 0.4531 0.38974 0.33488 0.28776 0.24627 0.21022 0.17909 0.15287 0.13134 0.11298 0.09832 0.08457 
1 0.97107 0.92183 0.85454 0.77443 0.68804 0.60344 0.52563 0.45447 0.39201 0.33789 0.29248 0.25289 0.21755 0.18792 0.16322 0.14122 0.12215 0.10586 0.09215 
1 0.96828 0.91902 0.84943 0.76599 0.6808 0.59707 0.52184 0.45175 0.39043 0.33631 0.28999 0.25005 0.21529 0.18542 0.16019 0.13669 0.11569 0.09692 0.08195 
1 0.9699 0.92029 0.85144 0.76873 0.68143 0.59768 0.52036 0.45222 0.39091 0.33698 0.29088 0.25045 0.21732 0.18867 0.16257 0.13939 0.11916 0.10141 0.08597 
1 0.96874 0.91897 0.85125 0.76797 0.68106 0.59626 0.51821 0.44917 0.38701 0.33439 0.28878 0.24835 0.21329 0.18253 0.15725 0.13577 0.11759 0.10142 0.08726 
1 0.97099 0.92174 0.85415 0.77262 0.68576 0.59878 0.51963 0.44646 0.38265 0.32829 0.28249 0.24175 0.20719 0.17957 0.15373 0.1316 0.1111 0.09417 0.07947 
1 0.97132 0.92449 0.85712 0.77676 0.68905 0.60235 0.52198 0.44908 0.38399 0.32829 0.28223 0.24259 0.20668 0.17607 0.14912 0.12639 0.10654 0.09029 0.07576 
1 0.96817 0.91682 0.8468 0.76531 0.67724 0.59099 0.51207 0.4416 0.37887 0.32574 0.28107 0.2426 0.20911 0.18188 0.15742 0.13683 0.11837 0.10273 0.08898 
1 0.97146 0.92487 0.85934 0.78121 0.69904 0.61786 0.54313 0.47635 0.41642 0.36413 0.31842 0.27683 0.24146 0.20944 0.1807 0.15558 0.13259 0.11342 0.096 
1 0.96962 0.91797 0.84718 0.76094 0.66938 0.5837 0.5059 0.43615 0.37543 0.32405 0.27905 0.23929 0.20543 0.17626 0.15122 0.12959 0.11062 0.09453 0.08083 
1 0.97082 0.92307 0.85675 0.77693 0.69393 0.61398 0.54062 0.47421 0.41479 0.36351 0.31831 0.27913 0.24632 0.21677 0.19137 0.16827 0.148 0.1306 0.11459 
1 0.96878 0.91924 0.85066 0.76811 0.67978 0.59484 0.51563 0.44738 0.3868 0.33439 0.28915 0.24954 0.21647 0.18707 0.16161 0.13903 0.11998 0.10318 0.08815 
1 0.97123 0.92308 0.85686 0.77845 0.69301 0.61027 0.53235 0.46452 0.40458 0.35146 0.30475 0.26457 0.23043 0.20124 0.17604 0.15375 0.13383 0.11696 0.10226 
1 0.96994 0.91872 0.8482 0.76275 0.67028 0.58077 0.49951 0.42647 0.36071 0.30367 0.25478 0.21114 0.17502 0.14531 0.1204 0.10142 0.08459 0.07052 0.05924 
1 0.96854 0.91784 0.84708 0.76329 0.67507 0.58846 0.50891 0.43683 0.37172 0.31413 0.26377 0.22268 0.18691 0.15726 0.13172 0.11107 0.09434 0.07907 0.06542 
1 0.96781 0.91726 0.84571 0.7609 0.67333 0.58784 0.51024 0.44031 0.37945 0.32813 0.28422 0.24544 0.21166 0.18229 0.15538 0.13172 0.11164 0.09392 0.0784 
1 0.96895 0.91625 0.84391 0.75551 0.6654 0.5761 0.49636 0.42697 0.36635 0.31563 0.27049 0.23143 0.19962 0.17167 0.14741 0.12649 0.10963 0.0949 0.08126 
1 0.97082 0.92354 0.85564 0.77627 0.69017 0.60523 0.52678 0.45627 0.39436 0.34047 0.29282 0.25315 0.21959 0.19066 0.16462 0.14277 0.12312 0.10684 0.09324 
1 0.96998 0.91911 0.84798 0.76646 0.67782 0.59117 0.51025 0.43903 0.37636 0.31977 0.27091 0.22923 0.19293 0.16282 0.13787 0.11757 0.10055 0.08602 0.07369 
1 0.97019 0.92235 0.85443 0.77125 0.68209 0.59634 0.51495 0.44182 0.37733 0.32103 0.27058 0.2285 0.19211 0.16037 0.13217 0.10922 0.0898 0.07307 0.05919 
1 0.96788 0.91447 0.84101 0.7539 0.65896 0.56525 0.47868 0.40314 0.33823 0.28208 0.23457 0.19455 0.16175 0.13436 0.11035 0.09146 0.07582 0.0633 0.05302 
1 0.96759 0.91643 0.84594 0.75986 0.66832 0.5802 0.5018 0.43057 0.36782 0.3148 0.27088 0.23253 0.19974 0.17228 0.14925 0.12878 0.11049 0.09449 0.08105 
1 0.96823 0.91892 0.848 0.76263 0.67485 0.58986 0.51076 0.43958 0.37923 0.32574 0.27969 0.24006 0.20642 0.17622 0.15025 0.12704 0.10657 0.0882 0.07196 
1 0.96899 0.91931 0.84832 0.76313 0.6718 0.58364 0.50463 0.43299 0.36821 0.31468 0.26769 0.22698 0.19196 0.16196 0.1353 0.11335 0.09509 0.07969 0.0668 
1 0.96984 0.92061 0.85077 0.7687 0.68252 0.59757 0.51857 0.44731 0.38427 0.32859 0.28145 0.24044 0.20365 0.17348 0.14674 0.12275 0.10208 0.08505 0.0705 
1 0.96994 0.92113 0.85383 0.7718 0.68515 0.60142 0.52368 0.45376 0.39414 0.34213 0.29646 0.25753 0.22475 0.19669 0.17325 0.15309 0.13532 0.1194 0.10482 
1 0.97145 0.92359 0.85751 0.7772 0.69295 0.60993 0.53269 0.46078 0.39778 0.34225 0.2921 0.2496 0.21403 0.18205 0.15343 0.12978 0.10871 0.09153 0.07677 
1 0.97016 0.92273 0.85477 0.77261 0.68405 0.59778 0.51732 0.44739 0.38495 0.33081 0.28303 0.24199 0.20725 0.17733 0.15166 0.13103 0.11302 0.09802 0.08422 
1 0.97048 0.92209 0.85454 0.77335 0.68861 0.6031 0.52346 0.45256 0.3897 0.33462 0.28863 0.2497 0.21591 0.18573 0.15969 0.13843 0.11919 0.10338 0.08958 
1 0.96919 0.91857 0.84755 0.76292 0.67345 0.58652 0.50891 0.43871 0.37673 0.32479 0.27895 0.24005 0.20657 0.1776 0.1537 0.13334 0.11704 0.10249 0.09085 
1 0.97305 0.92714 0.86231 0.78461 0.70211 0.62065 0.54692 0.48221 0.42443 0.37421 0.33025 0.29277 0.25931 0.2295 0.20272 0.17905 0.1573 0.13775 0.11991 
1 0.97042 0.92123 0.85411 0.77202 0.68524 0.60293 0.52574 0.45619 0.39519 0.34246 0.29634 0.25625 0.22244 0.19405 0.16847 0.14634 0.12599 0.10882 0.09379 
1 0.96858 0.91726 0.84718 0.7644 0.67563 0.58959 0.51157 0.444 0.38271 0.32936 0.28485 0.24683 0.21478 0.18743 0.16263 0.14044 0.12081 0.10361 0.08908 
1 0.96934 0.91822 0.84628 0.75969 0.66751 0.57733 0.49628 0.42527 0.36284 0.30742 0.26091 0.22062 0.18595 0.15711 0.13253 0.11146 0.09307 0.07831 0.06637 
1 0.9669 0.91412 0.84115 0.75449 0.66222 0.57398 0.49302 0.41945 0.35504 0.30074 0.25452 0.21413 0.18082 0.15225 0.12758 0.10631 0.08827 0.07296 0.0607 
1 0.9715 0.92464 0.85713 0.77775 0.69249 0.60978 0.5328 0.46277 0.40129 0.34878 0.30127 0.26119 0.22541 0.19437 0.16771 0.14505 0.12474 0.10722 0.09271 
1 0.97121 0.9252 0.85944 0.77954 0.69199 0.608 0.52798 0.45556 0.3923 0.33772 0.28902 0.24609 0.20812 0.17727 0.15128 0.12956 0.11072 0.09473 0.08123 
1 0.97127 0.92489 0.85917 0.77738 0.69048 0.60893 0.53244 0.46136 0.39924 0.34373 0.29487 0.25037 0.21386 0.18007 0.15271 0.12918 0.10885 0.0924 0.07841 
1 0.96906 0.91914 0.8496 0.76529 0.67518 0.58526 0.50192 0.42807 0.36348 0.30852 0.2606 0.2213 0.18547 0.15498 0.12961 0.10778 0.08943 0.07437 0.06205 
1 0.97016 0.92181 0.85482 0.77467 0.68958 0.60477 0.528 0.45651 0.39452 0.3389 0.28988 0.24676 0.21082 0.18001 0.15258 0.12986 0.11124 0.0942 0.07973 
1 0.96882 0.91872 0.84872 0.76309 0.67381 0.58658 0.50721 0.43499 0.37036 0.31364 0.26623 0.22697 0.19397 0.16644 0.14375 0.12444 0.10753 0.09344 0.082 
1 0.97092 0.9221 0.85419 0.77341 0.68912 0.6054 0.52819 0.4574 0.39596 0.34322 0.29765 0.25832 0.22355 0.19353 0.16796 0.14489 0.12407 0.10516 0.08961 
1 0.96995 0.92084 0.85175 0.76689 0.67654 0.58699 0.50453 0.43136 0.36826 0.31414 0.26757 0.22564 0.1909 0.1607 0.13571 0.11533 0.09738 0.08262 0.07079 
1 0.96772 0.91648 0.84526 0.76002 0.67035 0.58533 0.50667 0.43645 0.37507 0.32265 0.2766 0.23781 0.20332 0.17434 0.14985 0.12891 0.10996 0.09427 0.08082 
1 0.96818 0.91687 0.84375 0.75884 0.6681 0.57809 0.49711 0.42618 0.36252 0.3088 0.25888 0.21642 0.17998 0.14992 0.12562 0.10539 0.08805 0.07299 0.06058 
1 0.97069 0.92294 0.85632 0.77655 0.69309 0.61101 0.53607 0.46698 0.40584 0.35378 0.30676 0.26597 0.23258 0.20293 0.1774 0.15514 0.13488 0.11722 0.10177 
1 0.97048 0.92246 0.85512 0.77323 0.68671 0.60447 0.52705 0.45786 0.398 0.34505 0.2989 0.26086 0.22701 0.19784 0.17208 0.15031 0.13154 0.11466 0.10037 
1 0.96818 0.91531 0.83995 0.75051 0.65732 0.56711 0.4847 0.41257 0.35024 0.29593 0.25029 0.21406 0.18304 0.15681 0.13468 0.11655 0.10092 0.08667 0.07433 
1 0.97169 0.92458 0.85897 0.78037 0.6942 0.60818 0.52672 0.4535 0.39082 0.33459 0.28714 0.2459 0.21095 0.18143 0.15496 0.13366 0.11454 0.09785 0.08332 
1 0.96909 0.91932 0.84734 0.76097 0.66988 0.58554 0.50851 0.43971 0.38116 0.32998 0.28643 0.24915 0.21764 0.19074 0.16594 0.14454 0.12638 0.10964 0.09506 
1 0.97006 0.91945 0.84996 0.76643 0.6749 0.58647 0.50681 0.4342 0.36921 0.31345 0.26664 0.2264 0.19216 0.16416 0.1409 0.12169 0.10577 0.09143 0.07927 
1 0.96931 0.92049 0.85109 0.77079 0.68544 0.60247 0.52511 0.45618 0.39741 0.34526 0.29978 0.26141 0.22773 0.19727 0.17098 0.14858 0.12872 0.1109 0.09506 
1 0.97072 0.92475 0.85876 0.77668 0.6898 0.60522 0.52804 0.45826 0.39727 0.34143 0.29314 0.25225 0.2183 0.18919 0.16371 0.14155 0.12134 0.1043 0.08991 
1 0.96942 0.91905 0.84868 0.76439 0.67639 0.59156 0.51305 0.44359 0.3807 0.32777 0.28357 0.24582 0.2139 0.1878 0.16547 0.14586 0.12905 0.11479 0.10174 
1 0.96806 0.91608 0.84375 0.75717 0.6649 0.5784 0.49791 0.42583 0.3637 0.3113 0.26441 0.22502 0.19093 0.1616 0.1363 0.11403 0.09475 0.07765 0.06371 
1 0.97044 0.92344 0.85811 0.77906 0.6923 0.60668 0.52771 0.45527 0.39192 0.33746 0.28874 0.24671 0.20992 0.17917 0.15114 0.12652 0.10501 0.08769 0.07302 
1 0.97107 0.92254 0.85529 0.77455 0.68928 0.60381 0.52441 0.45354 0.39001 0.33517 0.28761 0.24738 0.21321 0.18516 0.15964 0.13746 0.11796 0.10153 0.08827 
1 0.96765 0.9161 0.84249 0.75592 0.66302 0.57494 0.49385 0.42367 0.36411 0.31098 0.26695 0.23052 0.20051 0.17409 0.1505 0.12954 0.11121 0.09523 0.08155 
1 0.97061 0.92308 0.85669 0.77578 0.69218 0.60978 0.53333 0.46717 0.40912 0.35832 0.31352 0.27354 0.23777 0.20597 0.17931 0.15644 0.13588 0.11816 0.10275 
1 0.97064 0.92246 0.8544 0.77062 0.6819 0.59478 0.51697 0.44762 0.38622 0.33352 0.28661 0.24584 0.21046 0.17942 0.15338 0.13086 0.11104 0.09321 0.07747 
1 0.97128 0.92437 0.85725 0.77828 0.69413 0.60976 0.53023 0.45955 0.39529 0.33876 0.28922 0.24689 0.21002 0.17787 0.15087 0.12697 0.10638 0.08914 0.07357 
1 0.96858 0.91693 0.84532 0.76003 0.67254 0.59072 0.51303 0.44294 0.38144 0.32843 0.28124 0.24092 0.20548 0.17406 0.14758 0.12493 0.1059 0.08997 0.07568 
1 0.96636 0.91329 0.83777 0.75018 0.65937 0.57099 0.49331 0.42356 0.36436 0.31329 0.26909 0.22897 0.19507 0.16584 0.14008 0.11866 0.09901 0.0821 0.06828 
1 0.96898 0.91904 0.84843 0.76463 0.6748 0.58827 0.50825 0.43748 0.37474 0.32023 0.27362 0.2336 0.20051 0.17091 0.14592 0.12327 0.10399 0.08678 0.07301 
1 0.97079 0.91894 0.84847 0.76456 0.67551 0.58999 0.51312 0.44393 0.38197 0.32787 0.28114 0.2388 0.20267 0.16985 0.14203 0.1194 0.10022 0.08412 0.07031 
1 0.96984 0.91899 0.84871 0.76345 0.67196 0.58095 0.49914 0.42535 0.36118 0.30573 0.25974 0.2204 0.1874 0.15877 0.13473 0.11408 0.09563 0.07984 0.06664 
1 0.96905 0.91778 0.84576 0.75967 0.667 0.57311 0.48659 0.41083 0.34297 0.28542 0.23463 0.19337 0.15786 0.12884 0.10565 0.08851 0.07435 0.06257 0.05244 
1 0.96871 0.91635 0.84509 0.76177 0.67324 0.5856 0.50489 0.4349 0.37454 0.32266 0.27893 0.24024 0.20869 0.18252 0.15926 0.1396 0.12265 0.1069 0.093 
1 0.97115 0.9218 0.85371 0.76972 0.68023 0.59322 0.51069 0.43893 0.37697 0.32238 0.27371 0.23237 0.19823 0.16806 0.14257 0.12198 0.1044 0.09014 0.07787 
1 0.96939 0.91903 0.84683 0.76275 0.67651 0.59367 0.51667 0.4463 0.38558 0.33224 0.28707 0.24776 0.21438 0.1842 0.15787 0.13518 0.11432 0.09686 0.08224 
1 0.96891 0.91883 0.84855 0.76361 0.67472 0.58652 0.50814 0.43699 0.37348 0.32044 0.27433 0.23423 0.19793 0.16758 0.14348 0.12154 0.10267 0.08693 0.07418 
1 0.97071 0.92313 0.85615 0.77578 0.68805 0.60132 0.51994 0.44598 0.37975 0.3219 0.27253 0.23087 0.19499 0.16431 0.13907 0.11678 0.09844 0.0824 0.06791 
1 0.97179 0.92413 0.85651 0.77697 0.69292 0.61281 0.53609 0.46698 0.40857 0.3552 0.3102 0.26944 0.23495 0.20569 0.17981 0.15808 0.13878 0.12092 0.1059 
1 0.97019 0.92275 0.8557 0.77267 0.68435 0.59725 0.51559 0.44418 0.38156 0.32671 0.27953 0.2406 0.20654 0.17802 0.15297 0.13121 0.11212 0.09615 0.08186 
1 0.97158 0.926 0.86277 0.78606 0.70504 0.62554 0.55081 0.48271 0.42058 0.36583 0.3175 0.27405 0.2374 0.20709 0.18046 0.15799 0.13794 0.11985 0.10417 
1 0.97034 0.92151 0.85401 0.77384 0.68719 0.60555 0.52954 0.45801 0.39565 0.33982 0.29236 0.25106 0.21566 0.18561 0.15872 0.13612 0.11558 0.09686 0.08083 
1 0.96998 0.92068 0.85174 0.77056 0.68235 0.59717 0.51789 0.44509 0.38306 0.32883 0.28365 0.2446 0.21177 0.18368 0.15804 0.13501 0.11498 0.09698 0.08119 
1 0.97035 0.92193 0.85409 0.77214 0.68501 0.59896 0.51856 0.44744 0.384 0.32982 0.28251 0.24111 0.20488 0.17358 0.14734 0.12351 0.10344 0.08683 0.07303 
1 0.96961 0.91926 0.8492 0.76505 0.67521 0.58941 0.51225 0.4442 0.38478 0.33442 0.28983 0.25202 0.22061 0.194 0.1703 0.14908 0.13036 0.11466 0.10089 
1 0.97065 0.92434 0.85714 0.7749 0.68725 0.60139 0.52185 0.45076 0.3882 0.33356 0.28612 0.24467 0.20792 0.17572 0.14818 0.12642 0.10696 0.09113 0.0772 
1 0.96948 0.92043 0.8528 0.77115 0.68395 0.5972 0.51671 0.44403 0.37893 0.32327 0.27546 0.23524 0.19886 0.16806 0.14379 0.12308 0.10483 0.08904 0.07577 
1 0.97144 0.92668 0.86305 0.78694 0.70658 0.62685 0.55283 0.48436 0.42478 0.37118 0.32325 0.2808 0.24513 0.21378 0.18566 0.16114 0.1401 0.12185 0.10594 
1 0.97033 0.92084 0.85303 0.76805 0.67926 0.59181 0.5104 0.43773 0.37397 0.31933 0.27167 0.22935 0.19428 0.16379 0.13797 0.11563 0.09667 0.08055 0.06728 
1 0.969 0.91735 0.84469 0.75961 0.6679 0.57892 0.49918 0.42716 0.36632 0.31283 0.26753 0.22813 0.19474 0.16483 0.13931 0.11708 0.09841 0.0824 0.06885 
1 0.96833 0.91588 0.8417 0.75564 0.66578 0.57776 0.4993 0.42994 0.36843 0.31714 0.27222 0.23298 0.19914 0.17061 0.14631 0.1243 0.10528 0.09005 0.07641 
1 0.97 0.92077 0.85404 0.77158 0.68401 0.59743 0.51571 0.4409 0.37468 0.31769 0.26845 0.22718 0.19272 0.16385 0.1399 0.11962 0.10341 0.08947 0.07774 
1 0.97082 0.92254 0.85439 0.7744 0.68882 0.60816 0.53218 0.46447 0.40645 0.35574 0.30962 0.27009 0.23681 0.20753 0.18209 0.15936 0.13917 0.12095 0.10543 
1 0.96856 0.91865 0.84617 0.75998 0.67018 0.58134 0.4986 0.42716 0.36396 0.31148 0.26575 0.2262 0.19247 0.16324 0.13785 0.11675 0.09803 0.08293 0.06932 
1 0.96893 0.91803 0.84587 0.75771 0.66683 0.57791 0.49578 0.42292 0.3592 0.30422 0.25788 0.21765 0.18357 0.15478 0.13046 0.11008 0.0924 0.07803 0.06507 
1 0.96929 0.91961 0.85076 0.76837 0.67903 0.59092 0.51013 0.43584 0.37063 0.31327 0.26478 0.22316 0.18852 0.16027 0.13573 0.1149 0.098 0.08311 0.07144 
1 0.96852 0.91962 0.84862 0.76357 0.67031 0.58118 0.49878 0.42519 0.35925 0.30178 0.25349 0.21009 0.17467 0.14482 0.12135 0.10209 0.0869 0.07459 0.06352 
1 0.96939 0.91951 0.84801 0.76219 0.67219 0.58614 0.50594 0.43505 0.37359 0.32142 0.27629 0.23676 0.20503 0.1772 0.15376 0.13253 0.11405 0.0975 0.08413 
1 0.97014 0.92191 0.85295 0.77082 0.68405 0.59942 0.52202 0.45297 0.39197 0.33758 0.29059 0.24835 0.21224 0.18026 0.15256 0.12937 0.10778 0.09018 0.07409 
1 0.97148 0.92545 0.86139 0.78382 0.70059 0.61973 0.54235 0.47209 0.40796 0.35137 0.30151 0.25792 0.22014 0.18833 0.16036 0.13627 0.11556 0.09808 0.08425 
1 0.97218 0.92673 0.8647 0.78873 0.70647 0.62763 0.55347 0.48593 0.42648 0.37452 0.32867 0.28969 0.25459 0.22426 0.19759 0.17345 0.15259 0.13555 0.11985 
1 0.97185 0.9236 0.85566 0.7751 0.68791 0.60536 0.52398 0.45314 0.3885 0.33338 0.28606 0.24625 0.21257 0.18206 0.15574 0.13353 0.11462 0.09714 0.08256 
1 0.96823 0.91898 0.84784 0.76661 0.67883 0.59306 0.51356 0.44419 0.38251 0.32936 0.28259 0.24122 0.20465 0.1736 0.14667 0.12325 0.10408 0.08818 0.07404 
1 0.96621 0.91091 0.83307 0.74097 0.64361 0.55222 0.47133 0.40045 0.33943 0.28868 0.24509 0.20793 0.17701 0.14979 0.12742 0.1067 0.08934 0.07494 0.06287 
1 0.97227 0.92715 0.86567 0.78947 0.70934 0.63282 0.5611 0.49596 0.43765 0.38483 0.33865 0.29717 0.2605 0.22844 0.20009 0.17539 0.15277 0.13322 0.11632 
1 0.97087 0.92277 0.85521 0.77253 0.68209 0.59512 0.51435 0.44387 0.38087 0.32595 0.27818 0.23849 0.20463 0.17697 0.1519 0.12936 0.1098 0.09212 0.07674 
1 0.9712 0.92184 0.85419 0.77365 0.68836 0.60467 0.529 0.46106 0.40152 0.34987 0.30411 0.26549 0.23242 0.20384 0.17814 0.15533 0.13565 0.11854 0.10302 
1 0.97049 0.92284 0.85607 0.77173 0.68472 0.59956 0.52134 0.44868 0.38683 0.33554 0.29096 0.25139 0.2181 0.18846 0.16213 0.13821 0.11748 0.09943 0.08506 
1 0.97259 0.92892 0.8637 0.78397 0.69956 0.61651 0.53842 0.46738 0.40346 0.34727 0.29786 0.25294 0.2152 0.18282 0.15594 0.13326 0.11359 0.09626 0.08156 
1 0.96902 0.91782 0.84769 0.76295 0.67454 0.58887 0.50866 0.4392 0.37693 0.32437 0.27699 0.23724 0.20211 0.17323 0.14901 0.12837 0.11002 0.09388 0.08038 
1 0.97044 0.92126 0.85324 0.77202 0.68474 0.59836 0.51727 0.44483 0.37927 0.32393 0.27518 0.23483 0.20084 0.17234 0.14913 0.12874 0.1118 0.09656 0.08367 
1 0.96797 0.9159 0.84387 0.75658 0.66336 0.57445 0.49411 0.42117 0.35699 0.30194 0.2541 0.21378 0.17869 0.1483 0.12386 0.10337 0.0848 0.06987 0.05796 
1 0.96773 0.91476 0.83893 0.74782 0.65234 0.55907 0.47331 0.39849 0.33247 0.27644 0.22967 0.18996 0.1557 0.12853 0.10501 0.08591 0.06999 0.05669 0.04563 
1 0.97027 0.92131 0.85344 0.77147 0.68308 0.59813 0.52101 0.45029 0.38876 0.33303 0.28476 0.24444 0.20878 0.1773 0.15105 0.12766 0.10804 0.09119 0.07713 
1 0.96991 0.92245 0.85442 0.77427 0.69019 0.60845 0.53338 0.46595 0.4047 0.34994 0.303 0.26305 0.22732 0.19613 0.16902 0.14589 0.1259 0.10877 0.09405 
1 0.96887 0.91732 0.84395 0.75583 0.66378 0.5744 0.49221 0.41771 0.35098 0.29521 0.24703 0.20494 0.16995 0.14032 0.11536 0.09536 0.07858 0.0642 0.0534 
1 0.9702 0.92137 0.85347 0.77138 0.68257 0.59829 0.51795 0.44516 0.38057 0.32529 0.27778 0.23534 0.20003 0.16905 0.14309 0.12104 0.10233 0.08661 0.0723 
1 0.96661 0.91159 0.83586 0.74474 0.64851 0.55606 0.47223 0.40011 0.3381 0.28538 0.24261 0.20542 0.17497 0.14947 0.12713 0.10858 0.09286 0.07852 0.06615 
1 0.96744 0.91594 0.8424 0.75471 0.66142 0.57091 0.48743 0.41256 0.34936 0.29475 0.24766 0.20814 0.17567 0.14714 0.1238 0.10374 0.08696 0.0724 0.0608 
1 0.96809 0.91849 0.84439 0.75712 0.66497 0.57504 0.4918 0.41895 0.35737 0.30459 0.25842 0.21989 0.18823 0.16192 0.13812 0.11805 0.10012 0.08474 0.07181 
1 0.96922 0.91936 0.84904 0.76302 0.67321 0.58672 0.50711 0.43505 0.37304 0.31867 0.27168 0.23094 0.19438 0.16214 0.13359 0.10938 0.08781 0.07021 0.05603 
1 0.96939 0.91989 0.84948 0.76572 0.67824 0.59485 0.51738 0.44772 0.38471 0.32939 0.28156 0.24098 0.20571 0.17576 0.15104 0.13053 0.11329 0.09756 0.08368 
1 0.97231 0.92658 0.86067 0.78338 0.70016 0.61842 0.54192 0.47525 0.4148 0.36162 0.31621 0.27672 0.24232 0.21307 0.18733 0.16452 0.14492 0.12686 0.11129 
1 0.96616 0.91053 0.83592 0.74805 0.65756 0.57088 0.48821 0.4149 0.35321 0.29973 0.25405 0.21487 0.18203 0.154 0.13085 0.11139 0.09491 0.08073 0.06845 
1 0.96866 0.91819 0.84731 0.76281 0.67329 0.58721 0.50766 0.43626 0.37373 0.32058 0.27571 0.23752 0.20414 0.17482 0.14986 0.12971 0.11199 0.09678 0.08341 
1 0.96869 0.91771 0.8479 0.76364 0.67348 0.58547 0.50206 0.4274 0.36426 0.31002 0.26328 0.22378 0.19027 0.16018 0.13526 0.11255 0.09404 0.07789 0.06561 
1 0.96703 0.91288 0.83687 0.74673 0.64976 0.55633 0.47452 0.40352 0.34404 0.29167 0.24718 0.20994 0.17998 0.15344 0.13249 0.1142 0.09855 0.08479 0.07249 
1 0.97165 0.92328 0.85477 0.77338 0.68642 0.60168 0.52406 0.45512 0.39579 0.34428 0.30028 0.26221 0.22828 0.20019 0.17569 0.15431 0.13516 0.1177 0.10226 
1 0.97213 0.92661 0.86342 0.785 0.70045 0.61483 0.53421 0.45991 0.39314 0.33487 0.2842 0.24186 0.20483 0.17549 0.14999 0.12847 0.10898 0.0928 0.07814 
1 0.97152 0.92427 0.85831 0.77843 0.69288 0.61066 0.53304 0.46449 0.4024 0.35037 0.30434 0.26418 0.23007 0.19989 0.17373 0.15054 0.12987 0.11185 0.09564 
1 0.96957 0.91912 0.84907 0.76321 0.67313 0.58376 0.50037 0.42593 0.36046 0.30433 0.25451 0.21079 0.17359 0.14324 0.11781 0.09596 0.0779 0.06335 0.05127 
1 0.96761 0.91431 0.84151 0.75393 0.66183 0.57239 0.49101 0.41725 0.35323 0.29628 0.24905 0.20601 0.16988 0.13977 0.11434 0.0933 0.07657 0.06295 0.05142 
1 0.96918 0.92065 0.84898 0.76581 0.67661 0.59157 0.51432 0.44374 0.38296 0.3298 0.28486 0.2442 0.20813 0.17804 0.1502 0.12666 0.10633 0.08923 0.07379 
1 0.97132 0.9263 0.86189 0.78388 0.70007 0.61926 0.54564 0.47856 0.41753 0.36246 0.31443 0.2707 0.2342 0.20093 0.17282 0.14746 0.12599 0.10678 0.09093 
1 0.96826 0.9187 0.84692 0.75943 0.6669 0.58031 0.49948 0.4262 0.3627 0.30727 0.26096 0.22133 0.18814 0.16101 0.13752 0.11661 0.09944 0.08441 0.07222 
1 0.97075 0.92249 0.85421 0.77259 0.68499 0.59988 0.52167 0.44903 0.38692 0.3321 0.28413 0.24331 0.20813 0.17947 0.15502 0.13418 0.11561 0.09939 0.08483 
1 0.97011 0.91998 0.84876 0.76523 0.68 0.59628 0.51842 0.45041 0.39051 0.33993 0.29451 0.25631 0.22341 0.19588 0.17118 0.14967 0.13046 0.11341 0.09737 
1 0.96914 0.91832 0.84568 0.75956 0.66627 0.5744 0.48801 0.41048 0.34418 0.28632 0.23721 0.19492 0.15842 0.12832 0.10375 0.08469 0.06873 0.05563 0.04576 
1 0.9709 0.9232 0.85602 0.77496 0.68946 0.60503 0.52796 0.46026 0.39918 0.34307 0.29376 0.25057 0.21326 0.18 0.15226 0.12864 0.10732 0.08875 0.07317 
1 0.9722 0.9261 0.86041 0.7811 0.69644 0.61319 0.53702 0.46792 0.40639 0.35342 0.30888 0.26976 0.23583 0.20626 0.18104 0.16014 0.14211 0.1256 0.11097 
1 0.97168 0.92432 0.85635 0.77495 0.68814 0.60425 0.52548 0.45637 0.39665 0.34306 0.29689 0.25547 0.22072 0.18931 0.16443 0.14112 0.12181 0.10429 0.0892 
1 0.973 0.92824 0.86505 0.78924 0.7063 0.62536 0.5496 0.4806 0.4206 0.36777 0.32146 0.27975 0.24203 0.20957 0.18171 0.15633 0.13506 0.11684 0.10107 
1 0.96899 0.92012 0.85193 0.77018 0.68207 0.59936 0.52458 0.45482 0.39367 0.33989 0.29486 0.25437 0.21901 0.18871 0.16443 0.14348 0.12613 0.11207 0.10046 
1 0.96975 0.91974 0.85067 0.76846 0.68025 0.594 0.51715 0.44896 0.38823 0.33558 0.29015 0.25123 0.21643 0.18682 0.16099 0.13903 0.12094 0.10487 0.09147 
1 0.97064 0.9222 0.85303 0.77102 0.68381 0.59816 0.5195 0.44871 0.38788 0.33258 0.28638 0.24686 0.21282 0.18382 0.15867 0.13672 0.11842 0.10236 0.08851 
1 0.97005 0.92061 0.8517 0.76894 0.6813 0.59483 0.51419 0.44269 0.37966 0.32364 0.27628 0.2352 0.20142 0.17149 0.14637 0.12579 0.10801 0.09219 0.07879 
1 0.97134 0.92496 0.85869 0.77742 0.69187 0.60618 0.52789 0.45583 0.39346 0.33904 0.29248 0.25322 0.21877 0.18958 0.16285 0.13972 0.1186 0.10083 0.08479 
1 0.97217 0.92734 0.86285 0.78477 0.70011 0.6167 0.5399 0.46842 0.40685 0.35384 0.30744 0.26724 0.23203 0.20252 0.17713 0.1552 0.13664 0.11925 0.10424 
1 0.9682 0.91582 0.84209 0.7537 0.66281 0.57359 0.49195 0.42143 0.35846 0.30384 0.25619 0.21607 0.18462 0.15709 0.1349 0.11634 0.09953 0.08465 0.07071 
1 0.97128 0.92364 0.85821 0.77597 0.69064 0.6056 0.52503 0.45569 0.39508 0.34196 0.29461 0.25545 0.22209 0.19388 0.17006 0.14966 0.13156 0.11597 0.10187 
1 0.97208 0.92373 0.85883 0.78028 0.69603 0.61481 0.53698 0.4691 0.40901 0.3558 0.30934 0.26964 0.23437 0.203 0.17571 0.15138 0.13096 0.11331 0.09814 
1 0.96931 0.92009 0.85103 0.76754 0.67994 0.59566 0.51678 0.4452 0.38182 0.3249 0.27608 0.23258 0.19448 0.16292 0.13722 0.11488 0.09652 0.08034 0.0664 
1 0.97017 0.92187 0.85499 0.77341 0.69006 0.60745 0.52798 0.4566 0.3929 0.33618 0.28647 0.24292 0.20529 0.17263 0.14575 0.12386 0.10453 0.08806 0.07456 
1 0.97046 0.92239 0.85516 0.77391 0.68691 0.59952 0.51943 0.44733 0.38119 0.32458 0.27611 0.23575 0.20105 0.17308 0.1486 0.12731 0.10761 0.09139 0.07804 
1 0.96983 0.91827 0.84663 0.76484 0.67667 0.58941 0.50799 0.43477 0.36926 0.31352 0.26587 0.22456 0.1891 0.15933 0.13552 0.11352 0.09479 0.0787 0.06434 
1 0.97013 0.92009 0.85061 0.76827 0.67931 0.59355 0.51431 0.44351 0.38105 0.3261 0.27909 0.23918 0.20321 0.17301 0.14658 0.12386 0.10462 0.08828 0.07457 
1 0.97225 0.9292 0.86797 0.79115 0.70841 0.62663 0.54918 0.47971 0.41634 0.36138 0.3117 0.26713 0.22763 0.19351 0.16395 0.13797 0.11707 0.09885 0.08361 
1 0.96859 0.91803 0.84323 0.75571 0.66226 0.57181 0.48716 0.41281 0.34795 0.29296 0.24511 0.20577 0.17232 0.14282 0.11841 0.09718 0.07995 0.06561 0.05393 
1 0.97122 0.92188 0.85377 0.77189 0.68399 0.59888 0.52187 0.45216 0.3917 0.33799 0.29125 0.25146 0.21517 0.18513 0.15949 0.13709 0.1182 0.10226 0.08893 
1 0.96816 0.91599 0.84053 0.75089 0.65482 0.56395 0.48154 0.40788 0.34527 0.29124 0.24634 0.20728 0.17446 0.14731 0.1243 0.10613 0.09027 0.07712 0.06552 
1 0.9694 0.92159 0.85211 0.76702 0.67558 0.58574 0.50332 0.43006 0.36633 0.31103 0.26439 0.22532 0.19264 0.16459 0.1409 0.1203 0.10262 0.08821 0.07517 
1 0.97231 0.92694 0.86219 0.78385 0.7003 0.61546 0.53868 0.46725 0.40348 0.34515 0.2937 0.2488 0.20947 0.17549 0.1459 0.12157 0.10164 0.08432 0.0695 
1 0.97031 0.92162 0.85319 0.76975 0.68154 0.5957 0.51434 0.4422 0.37979 0.32392 0.27543 0.2341 0.19913 0.16883 0.14365 0.12143 0.10187 0.0854 0.07263 
1 0.968 0.91606 0.84331 0.75675 0.66522 0.5756 0.49474 0.42343 0.3599 0.30537 0.25837 0.21835 0.18532 0.15734 0.13263 0.11173 0.09487 0.08068 0.06892 
1 0.96553 0.90946 0.83052 0.73576 0.6396 0.54525 0.46249 0.38938 0.32756 0.27526 0.2313 0.19289 0.16062 0.13325 0.10917 0.08927 0.07213 0.05791 0.04732 
1 0.96813 0.9149 0.84324 0.75706 0.66585 0.57747 0.4946 0.42102 0.35789 0.30369 0.25622 0.21654 0.18274 0.1548 0.13062 0.1105 0.09342 0.07947 0.06726 
1 0.97246 0.92651 0.86161 0.78389 0.69989 0.61735 0.54062 0.4718 0.41244 0.35816 0.31077 0.27014 0.23528 0.20538 0.17876 0.15523 0.13487 0.11765 0.10224 
1 0.96888 0.91727 0.84446 0.75824 0.66806 0.58166 0.50286 0.43288 0.37113 0.31883 0.27431 0.2355 0.20138 0.17273 0.14726 0.12479 0.1062 0.08832 0.07298 
1 0.97079 0.92304 0.85445 0.77335 0.68619 0.59724 0.51561 0.44253 0.37743 0.32192 0.27295 0.23231 0.19833 0.16707 0.14259 0.12108 0.10256 0.08633 0.07272 
1 0.97158 0.92503 0.85837 0.77945 0.69456 0.61237 0.53585 0.46822 0.40876 0.3578 0.31293 0.27302 0.23945 0.209 0.18069 0.15512 0.1333 0.11343 0.09592 
1 0.96966 0.91932 0.85012 0.76824 0.68049 0.59438 0.51517 0.44073 0.37617 0.32204 0.27687 0.23699 0.20097 0.1705 0.1455 0.12387 0.10574 0.08889 0.07476 
1 0.96961 0.91916 0.84873 0.76546 0.67903 0.59495 0.5184 0.44953 0.38903 0.33864 0.29414 0.25684 0.22464 0.19744 0.17458 0.15498 0.13827 0.12319 0.1104 
1 0.96922 0.92045 0.85084 0.76902 0.67908 0.59346 0.51312 0.44054 0.37893 0.32522 0.27854 0.23787 0.20368 0.17603 0.15227 0.13105 0.11352 0.09774 0.08326 
1 0.96851 0.91706 0.84489 0.75684 0.66429 0.5759 0.49171 0.42036 0.35842 0.30442 0.25789 0.21869 0.18558 0.15844 0.13397 0.11316 0.09604 0.08078 0.06811 
1 0.96724 0.91518 0.84011 0.7511 0.65687 0.56471 0.47701 0.40081 0.33315 0.27781 0.2307 0.19166 0.15912 0.13145 0.10935 0.09038 0.07582 0.063 0.05249 
1 0.96581 0.91092 0.83576 0.74715 0.65451 0.56578 0.48409 0.41127 0.34732 0.29319 0.24659 0.20741 0.17424 0.14618 0.12316 0.10312 0.08673 0.07365 0.06254 
1 0.96768 0.91457 0.84001 0.75258 0.65972 0.56918 0.48835 0.41616 0.35328 0.30043 0.25659 0.21728 0.18335 0.15282 0.12599 0.1031 0.08291 0.06646 0.05347 
1 0.96949 0.91799 0.84944 0.76678 0.6801 0.59594 0.5208 0.45267 0.39125 0.33775 0.29257 0.25401 0.22047 0.19177 0.16653 0.14359 0.12296 0.10424 0.089 
1 0.97222 0.92627 0.86111 0.7811 0.69484 0.6116 0.53262 0.46177 0.40025 0.34447 0.2966 0.25564 0.22088 0.19104 0.16475 0.14164 0.1217 0.10403 0.0895 
1 0.96936 0.91864 0.84934 0.76353 0.67397 0.58734 0.50777 0.44013 0.37845 0.32531 0.27964 0.2399 0.2057 0.17577 0.15077 0.12965 0.11071 0.09429 0.07937 
1 0.97022 0.92079 0.85114 0.76993 0.68458 0.60005 0.5216 0.45107 0.38955 0.33523 0.28877 0.24682 0.21153 0.18196 0.15647 0.13516 0.11636 0.10076 0.08738 
1 0.97187 0.92345 0.8547 0.77266 0.68659 0.60346 0.52638 0.45718 0.39488 0.34136 0.296 0.25736 0.22429 0.19561 0.17023 0.1476 0.12786 0.11137 0.09607 
1 0.96865 0.9166 0.84478 0.75762 0.66504 0.57389 0.49108 0.41763 0.35565 0.30172 0.25673 0.21747 0.18483 0.15624 0.13215 0.11208 0.09472 0.07893 0.06583 
1 0.97029 0.92276 0.85408 0.77244 0.68368 0.59534 0.51292 0.43897 0.37614 0.3209 0.27495 0.23577 0.20058 0.1709 0.14635 0.12517 0.10785 0.09308 0.07998 
1 0.97027 0.92259 0.85574 0.77591 0.69021 0.60702 0.53071 0.46235 0.40247 0.3503 0.30465 0.26371 0.22769 0.19647 0.16838 0.14431 0.12432 0.10567 0.09034 
1 0.97024 0.92212 0.8556 0.77513 0.68929 0.60605 0.52802 0.45847 0.39892 0.34899 0.30584 0.26954 0.23677 0.20793 0.18225 0.16027 0.14052 0.12249 0.10627 
1 0.97091 0.9235 0.85632 0.77733 0.6926 0.60954 0.52918 0.45618 0.39378 0.33861 0.29095 0.24873 0.21162 0.18083 0.15455 0.13208 0.11271 0.0959 0.0811 
1 0.96961 0.9191 0.8488 0.76438 0.6756 0.58819 0.50786 0.43772 0.37366 0.31921 0.27257 0.23296 0.19934 0.17013 0.14578 0.1247 0.10692 0.09246 0.0802 
1 0.9712 0.92294 0.85667 0.77676 0.69287 0.61101 0.53238 0.46047 0.39563 0.34001 0.29206 0.25061 0.21597 0.1863 0.15964 0.13684 0.11646 0.0994 0.08379 
1 0.96836 0.91793 0.84945 0.76769 0.67929 0.59344 0.51345 0.44219 0.37907 0.32545 0.27679 0.23409 0.19725 0.16768 0.14181 0.12044 0.10155 0.08615 0.07307 
1 0.96679 0.91287 0.83629 0.74695 0.65392 0.56282 0.4808 0.40683 0.34231 0.28537 0.23769 0.19745 0.16317 0.13483 0.11055 0.08994 0.07371 0.06033 0.05001 
1 0.97151 0.9261 0.86112 0.78311 0.70055 0.61933 0.54404 0.47389 0.41227 0.35789 0.31034 0.26912 0.23286 0.20248 0.17535 0.15215 0.1319 0.11414 0.09801 
1 0.96864 0.91851 0.84707 0.76126 0.66874 0.5788 0.49645 0.42232 0.35859 0.30362 0.25807 0.22062 0.18827 0.16138 0.13768 0.11834 0.10125 0.0863 0.07381 
1 0.97118 0.92425 0.85821 0.77819 0.69486 0.61199 0.53448 0.46679 0.40684 0.35454 0.30959 0.27043 0.23702 0.20603 0.17928 0.15605 0.13666 0.11981 0.10472 
1 0.96852 0.91833 0.84741 0.76064 0.66979 0.58237 0.50137 0.4326 0.37387 0.32228 0.27659 0.23763 0.20509 0.17678 0.15255 0.13148 0.11413 0.09903 0.08538 
1 0.96987 0.92195 0.85384 0.77278 0.68675 0.59934 0.51876 0.4463 0.38246 0.32694 0.27941 0.23901 0.20417 0.17474 0.1473 0.12313 0.10194 0.08453 0.06907 
1 0.9702 0.92238 0.85502 0.7754 0.68955 0.60771 0.53364 0.46576 0.4046 0.35198 0.30413 0.26341 0.22732 0.19584 0.16873 0.14499 0.12379 0.10567 0.09007 
1 0.97227 0.92735 0.86323 0.78616 0.7041 0.62298 0.54825 0.48227 0.42344 0.37202 0.32579 0.28496 0.24908 0.21787 0.18922 0.16423 0.1421 0.12321 0.10617 
1 0.96897 0.91816 0.84699 0.76352 0.67312 0.58674 0.50754 0.43683 0.37623 0.32324 0.27841 0.24094 0.20676 0.17871 0.15442 0.13292 0.11372 0.09705 0.08236 
1 0.97222 0.92546 0.8595 0.78156 0.70034 0.62048 0.54628 0.47966 0.41862 0.36472 0.31667 0.2739 0.2376 0.20568 0.17804 0.15383 0.13309 0.11454 0.09892 
1 0.96818 0.916 0.84237 0.75739 0.66829 0.58301 0.50408 0.43351 0.37093 0.31771 0.27156 0.23131 0.19599 0.16774 0.14342 0.12272 0.10475 0.08964 0.07681 
1 0.97091 0.92487 0.85723 0.77711 0.69134 0.60867 0.53254 0.46195 0.40124 0.34835 0.30296 0.26199 0.22632 0.19578 0.16763 0.14344 0.12217 0.10449 0.08879 
1 0.96859 0.91822 0.84771 0.76158 0.67077 0.58527 0.50451 0.43295 0.37184 0.31875 0.27343 0.23453 0.20168 0.17235 0.14755 0.12605 0.10764 0.09278 0.08013 
1 0.96946 0.92072 0.84938 0.76596 0.67778 0.59161 0.51268 0.4392 0.37439 0.31718 0.26649 0.22157 0.18467 0.15316 0.12635 0.10449 0.08589 0.07011 0.05711 
1 0.97064 0.92286 0.85564 0.77672 0.69056 0.60785 0.5319 0.46251 0.40074 0.34758 0.30203 0.26224 0.22631 0.19449 0.16732 0.14409 0.12402 0.10582 0.09061 
1 0.97129 0.92284 0.8543 0.77138 0.68458 0.59904 0.519 0.44695 0.38419 0.3309 0.28415 0.24586 0.21235 0.18239 0.1562 0.13217 0.11241 0.09509 0.08079 
1 0.97023 0.92164 0.85186 0.7663 0.67705 0.59026 0.51249 0.4431 0.38019 0.32677 0.28017 0.24155 0.2064 0.17622 0.15046 0.12734 0.10801 0.09276 0.07994 
1 0.97092 0.92207 0.85153 0.76494 0.67386 0.58655 0.50565 0.4318 0.3663 0.31205 0.26399 0.22369 0.18846 0.15741 0.13041 0.10709 0.08668 0.06893 0.05452 
1 0.97022 0.92023 0.8513 0.76915 0.68495 0.60302 0.52873 0.46139 0.4024 0.35193 0.30796 0.26914 0.23505 0.20683 0.18072 0.15908 0.13941 0.12158 0.1058 
1 0.96983 0.92113 0.85168 0.76829 0.67748 0.58957 0.50931 0.43726 0.37413 0.3189 0.27103 0.22968 0.19266 0.16169 0.13454 0.11385 0.09646 0.08095 0.06788 
1 0.97185 0.92373 0.85864 0.7791 0.6951 0.61483 0.53863 0.47048 0.40851 0.35596 0.31025 0.27042 0.23592 0.20593 0.17947 0.1567 0.13712 0.11928 0.10365 
1 0.968 0.91513 0.8423 0.75607 0.66502 0.57685 0.49788 0.42662 0.36491 0.31158 0.26553 0.22533 0.19067 0.16154 0.13621 0.11491 0.09599 0.07971 0.06575 
1 0.9694 0.91976 0.84939 0.76675 0.67997 0.59356 0.51528 0.44293 0.3796 0.32614 0.27845 0.23623 0.20147 0.17249 0.14821 0.12785 0.10974 0.09499 0.08227 
1 0.97138 0.92353 0.85766 0.77836 0.69378 0.61253 0.53801 0.47051 0.41131 0.35889 0.31075 0.26928 0.23554 0.20566 0.18068 0.15865 0.13949 0.12172 0.1065 
1 0.97015 0.92069 0.85256 0.77135 0.68537 0.60485 0.52828 0.45783 0.39388 0.33741 0.28674 0.24319 0.20589 0.17336 0.14535 0.12177 0.10173 0.08508 0.07059 
1 0.9703 0.92317 0.8573 0.77806 0.69753 0.61739 0.54252 0.47636 0.41569 0.36499 0.3197 0.27911 0.2447 0.21329 0.18555 0.16191 0.14132 0.12286 0.10664 
1 0.96795 0.916 0.84264 0.75547 0.66548 0.57732 0.49725 0.42731 0.36556 0.31321 0.26861 0.2294 0.19684 0.169 0.14578 0.12497 0.10814 0.09345 0.08055 
1 0.97105 0.92331 0.85893 0.77968 0.69613 0.6159 0.5393 0.47016 0.40917 0.35561 0.31132 0.27164 0.23821 0.20793 0.18222 0.15976 0.13964 0.12198 0.10616 
1 0.97061 0.92289 0.85443 0.77102 0.68378 0.59823 0.51936 0.44966 0.38775 0.33303 0.28615 0.2464 0.2112 0.18172 0.15719 0.13543 0.11711 0.10115 0.08604 
1 0.97111 0.92438 0.8583 0.77905 0.69286 0.6077 0.52913 0.45799 0.39455 0.33911 0.29157 0.24904 0.21301 0.1814 0.15439 0.1307 0.11043 0.09289 0.07833 
1 0.96684 0.91434 0.84147 0.75538 0.66466 0.57777 0.49937 0.42921 0.36797 0.31442 0.26916 0.23115 0.19861 0.16959 0.14463 0.12186 0.10208 0.08531 0.07097 
1 0.97088 0.9225 0.85525 0.77398 0.68682 0.60378 0.52547 0.45248 0.38867 0.33434 0.28537 0.2455 0.21128 0.1818 0.15866 0.1381 0.12074 0.10479 0.09093 
1 0.96848 0.91725 0.84594 0.75993 0.66925 0.58162 0.4978 0.42413 0.3593 0.30435 0.25754 0.21738 0.18212 0.1526 0.12724 0.10659 0.0896 0.07545 0.06372 
1 0.96759 0.91436 0.84025 0.75239 0.65967 0.56761 0.48715 0.41596 0.35377 0.29974 0.25516 0.21717 0.18513 0.158 0.13471 0.11509 0.09828 0.08364 0.07036 
1 0.97172 0.925 0.86111 0.78238 0.69958 0.61738 0.54084 0.47081 0.40709 0.35059 0.30164 0.25934 0.22168 0.18833 0.1601 0.13515 0.11364 0.09577 0.08009 
1 0.97009 0.92074 0.85177 0.76919 0.68314 0.59897 0.51968 0.44858 0.38369 0.32841 0.27846 0.23493 0.19707 0.16474 0.13606 0.11108 0.09003 0.07332 0.05892 
1 0.97031 0.92233 0.85653 0.77563 0.69147 0.60771 0.5311 0.46242 0.40099 0.3474 0.29976 0.25743 0.21875 0.18525 0.15696 0.13223 0.11112 0.09348 0.07881 
1 0.96935 0.9177 0.84774 0.7647 0.67515 0.58632 0.50344 0.42886 0.36329 0.30848 0.26221 0.22167 0.18756 0.15903 0.13398 0.11407 0.0964 0.08146 0.06872 
1 0.97033 0.92131 0.85231 0.76901 0.68084 0.59491 0.51697 0.44525 0.38428 0.33006 0.283 0.24304 0.20919 0.17837 0.15268 0.131 0.112 0.09568 0.08169 
1 0.96965 0.91978 0.85009 0.76821 0.68248 0.59449 0.51392 0.44415 0.38211 0.32993 0.28247 0.24004 0.20356 0.172 0.14397 0.12039 0.0999 0.08243 0.06842 
1 0.96841 0.91765 0.84713 0.76063 0.67094 0.58234 0.50021 0.42857 0.36583 0.31276 0.26684 0.22753 0.19378 0.16561 0.14156 0.12138 0.10359 0.08843 0.07626 
1 0.97019 0.92228 0.85442 0.77217 0.68387 0.59916 0.52144 0.45224 0.39032 0.33616 0.28762 0.24567 0.2075 0.17564 0.14936 0.1269 0.10712 0.09061 0.07753 
1 0.97017 0.91852 0.8485 0.763 0.67214 0.58605 0.50857 0.43666 0.375 0.31866 0.26918 0.22702 0.19112 0.1607 0.1354 0.11307 0.09456 0.07962 0.06669 
1 0.97097 0.92418 0.85939 0.77896 0.69357 0.60995 0.53 0.45819 0.39604 0.34139 0.29512 0.25457 0.21909 0.18694 0.1598 0.13711 0.11709 0.10031 0.08714 
1 0.97166 0.92524 0.86012 0.78069 0.69728 0.61286 0.53273 0.46144 0.39906 0.3421 0.29268 0.25044 0.21535 0.18503 0.15957 0.13656 0.11767 0.10134 0.08667 
1 0.96976 0.91879 0.85044 0.76758 0.68075 0.59752 0.52062 0.45203 0.39132 0.3371 0.28878 0.2463 0.21002 0.17912 0.15214 0.12957 0.11077 0.09556 0.08253 
1 0.97047 0.92442 0.85821 0.77666 0.69027 0.60217 0.52266 0.45143 0.38802 0.33391 0.28668 0.24559 0.20884 0.17784 0.15194 0.12926 0.11027 0.09411 0.08083 
1 0.96898 0.91934 0.84953 0.76436 0.6759 0.58835 0.50684 0.43528 0.37387 0.32284 0.2799 0.24255 0.21074 0.18261 0.15746 0.13628 0.1156 0.09839 0.08354 
1 0.97391 0.9311 0.871 0.79813 0.71969 0.63951 0.56332 0.4944 0.43273 0.3767 0.32863 0.28581 0.24869 0.21415 0.18512 0.15871 0.13537 0.1162 0.09898 
1 0.9691 0.9193 0.85076 0.76678 0.67991 0.59803 0.52139 0.45146 0.39038 0.33677 0.28929 0.24847 0.21284 0.18137 0.15358 0.12936 0.10851 0.09048 0.07485 
1 0.96743 0.91337 0.83954 0.75125 0.65874 0.56905 0.48504 0.41189 0.34726 0.29216 0.24675 0.20768 0.17459 0.14676 0.12328 0.10313 0.08614 0.07258 0.06055 
1 0.96969 0.92126 0.85456 0.77255 0.68571 0.59998 0.51908 0.44774 0.38539 0.33017 0.28101 0.23838 0.20054 0.16979 0.14396 0.12086 0.10125 0.08456 0.07004 
1 0.96868 0.91946 0.84999 0.76785 0.67991 0.59505 0.51833 0.44865 0.38729 0.33491 0.29031 0.25195 0.21788 0.188 0.16241 0.13972 0.11921 0.10069 0.08471 
1 0.97028 0.92132 0.85364 0.76907 0.67767 0.59014 0.5091 0.437 0.37308 0.31797 0.27165 0.23133 0.19695 0.16541 0.13992 0.11795 0.09823 0.08103 0.06671 
1 0.97027 0.92236 0.85411 0.77218 0.68597 0.60197 0.5245 0.45376 0.39111 0.33686 0.28861 0.24674 0.20966 0.17845 0.15175 0.13028 0.11135 0.09565 0.08189 
1 0.96944 0.92107 0.85365 0.77275 0.68823 0.60413 0.52638 0.45881 0.39701 0.34404 0.29906 0.26062 0.22622 0.19599 0.1693 0.14533 0.12441 0.1056 0.08972 
1 0.9696 0.91906 0.84751 0.76656 0.67846 0.59232 0.51493 0.44597 0.38454 0.33069 0.28363 0.24337 0.20854 0.17694 0.1493 0.12529 0.10446 0.08674 0.07209 
1 0.97124 0.92361 0.85714 0.77853 0.69309 0.60996 0.5328 0.46145 0.39902 0.34359 0.29688 0.25691 0.22214 0.19069 0.16264 0.13905 0.11884 0.10202 0.08691 
1 0.96953 0.92044 0.85167 0.76671 0.67704 0.59151 0.51171 0.44189 0.37962 0.32687 0.28031 0.24099 0.20775 0.17772 0.15182 0.12916 0.10966 0.09155 0.07697 
1 0.96925 0.91912 0.84942 0.76687 0.67949 0.59566 0.51888 0.44912 0.38928 0.33666 0.29061 0.25 0.2157 0.18517 0.15942 0.13711 0.11706 0.09985 0.08544 
1 0.96903 0.91869 0.84632 0.7599 0.6689 0.57946 0.49758 0.42389 0.35959 0.30328 0.25643 0.21684 0.18163 0.15341 0.12932 0.10858 0.09038 0.07526 0.06257 
1 0.97046 0.92373 0.85766 0.77848 0.69505 0.6142 0.53993 0.4726 0.41321 0.36145 0.31395 0.27393 0.2386 0.20735 0.18148 0.1577 0.13628 0.11774 0.10121 
1 0.97413 0.93201 0.87195 0.79819 0.71913 0.6411 0.56667 0.49736 0.43485 0.37989 0.32947 0.28647 0.24705 0.21434 0.18421 0.16007 0.13917 0.12073 0.10449 
1 0.97257 0.92637 0.86301 0.78591 0.70416 0.62373 0.54729 0.47751 0.41463 0.35741 0.30628 0.26266 0.2267 0.19522 0.16924 0.14708 0.12769 0.10983 0.09419 
1 0.96983 0.91942 0.84804 0.7642 0.67621 0.58838 0.50703 0.4337 0.37002 0.31409 0.26652 0.22609 0.19111 0.16155 0.13641 0.11421 0.09583 0.07947 0.06659 
1 0.97034 0.92061 0.85081 0.76824 0.6809 0.59638 0.52023 0.45128 0.38959 0.33641 0.29017 0.25013 0.2162 0.18758 0.16223 0.14044 0.12116 0.10504 0.09093 
1 0.96845 0.91555 0.84234 0.75562 0.66071 0.56886 0.48626 0.41306 0.34754 0.29138 0.24552 0.2067 0.17522 0.14857 0.12636 0.10879 0.09288 0.07966 0.06727 
1 0.97107 0.92231 0.85307 0.7708 0.68242 0.598 0.51947 0.4493 0.38877 0.33616 0.28954 0.24796 0.21096 0.1783 0.15132 0.12807 0.10896 0.09256 0.07888 
1 0.97025 0.92155 0.85248 0.76994 0.68411 0.59912 0.52143 0.45152 0.39018 0.33735 0.2929 0.2527 0.21842 0.18754 0.15964 0.13561 0.11532 0.09781 0.08277 
1 0.97088 0.92341 0.85739 0.77796 0.69354 0.61085 0.53312 0.46382 0.40224 0.34654 0.30002 0.26049 0.22898 0.20172 0.17909 0.15847 0.13972 0.12286 0.10717 
1 0.96956 0.91835 0.84636 0.761 0.66979 0.58404 0.5059 0.43491 0.37374 0.31906 0.27341 0.23397 0.20041 0.17062 0.14465 0.1228 0.10532 0.09024 0.07757 
1 0.9687 0.92 0.8515 0.76797 0.67965 0.59285 0.51418 0.44287 0.3795 0.32527 0.27817 0.23738 0.20142 0.17272 0.14707 0.1257 0.10732 0.09182 0.07793 
1 0.96959 0.9186 0.84633 0.76057 0.67091 0.58284 0.50131 0.42894 0.3651 0.30872 0.26221 0.22228 0.18991 0.16167 0.13823 0.11823 0.10083 0.0864 0.07417 
1 0.97267 0.92761 0.86389 0.78485 0.69952 0.61609 0.54008 0.47063 0.41045 0.35737 0.30963 0.27044 0.23621 0.20668 0.17974 0.15595 0.13522 0.11658 0.09981 
1 0.9713 0.92357 0.85628 0.77279 0.68395 0.59529 0.51325 0.43972 0.37597 0.32196 0.27459 0.23594 0.20159 0.17166 0.14801 0.12602 0.10636 0.09065 0.07697 
1 0.97116 0.92349 0.85608 0.77366 0.68381 0.5939 0.5104 0.43403 0.36917 0.3126 0.26317 0.22105 0.18641 0.15747 0.13312 0.11215 0.09438 0.07845 0.06515 
1 0.96991 0.92091 0.85146 0.76936 0.68244 0.59726 0.518 0.44857 0.3869 0.33239 0.28766 0.24838 0.21451 0.18532 0.15919 0.13758 0.11869 0.10236 0.08746 
1 0.96731 0.91466 0.84121 0.7525 0.66336 0.57654 0.49841 0.42938 0.36748 0.31515 0.26996 0.23039 0.19787 0.17201 0.15047 0.13216 0.11583 0.10224 0.08998 
1 0.96902 0.91967 0.84955 0.76519 0.67575 0.58749 0.50226 0.42724 0.36255 0.30873 0.26129 0.22221 0.18817 0.1591 0.13429 0.11395 0.09639 0.08181 0.06909 
1 0.96999 0.92144 0.85252 0.77269 0.68637 0.6038 0.52305 0.45243 0.39005 0.33671 0.29128 0.25112 0.21768 0.1896 0.16612 0.14418 0.12519 0.10873 0.09434 
1 0.96817 0.91374 0.84021 0.75241 0.65858 0.56725 0.48483 0.41468 0.35529 0.30371 0.26054 0.22377 0.19295 0.16601 0.14226 0.12274 0.10453 0.08771 0.07344 
1 0.97022 0.92262 0.85405 0.77066 0.68277 0.5957 0.51632 0.4423 0.37742 0.32163 0.27363 0.23202 0.19689 0.16582 0.13967 0.11803 0.09953 0.0842 0.0713 
1 0.97197 0.92603 0.86076 0.77879 0.69312 0.6103 0.53479 0.46648 0.40565 0.35013 0.30099 0.25775 0.21949 0.18725 0.15746 0.13409 0.11392 0.09676 0.08143 
1 0.96976 0.9202 0.84822 0.76185 0.66939 0.5801 0.49416 0.41639 0.34825 0.29039 0.24131 0.19898 0.16358 0.13551 0.11118 0.09136 0.07522 0.06227 0.05192 
1 0.9716 0.92507 0.85901 0.78095 0.69692 0.61452 0.5366 0.46902 0.40847 0.35658 0.31294 0.2743 0.24114 0.21307 0.18819 0.16591 0.1454 0.12727 0.11043 
1 0.96962 0.92118 0.85191 0.76798 0.6764 0.58796 0.5058 0.43269 0.36828 0.31407 0.26772 0.22901 0.19554 0.16579 0.1405 0.11947 0.10141 0.08603 0.0722 
1 0.97043 0.92255 0.85669 0.77729 0.69362 0.60855 0.53122 0.46248 0.40067 0.34684 0.30076 0.26016 0.2241 0.19116 0.16282 0.13855 0.11692 0.09836 0.08304 
1 0.96995 0.92297 0.85471 0.7708 0.68403 0.59703 0.51565 0.4422 0.37735 0.31941 0.26907 0.22582 0.1888 0.15731 0.1313 0.10827 0.08984 0.07418 0.0611 
1 0.96781 0.91399 0.84168 0.75376 0.66195 0.57282 0.48901 0.41581 0.35375 0.29956 0.25324 0.21449 0.18136 0.15387 0.13168 0.11309 0.09675 0.08275 0.07086 
1 0.97072 0.92172 0.85258 0.77065 0.68474 0.60007 0.52255 0.45246 0.39047 0.33661 0.28941 0.24849 0.21192 0.18079 0.15526 0.13325 0.11567 0.10063 0.08706 
1 0.97071 0.91981 0.84962 0.7647 0.67577 0.58985 0.50902 0.4362 0.37354 0.31971 0.27256 0.23286 0.19944 0.17107 0.14731 0.12762 0.11043 0.09613 0.08432 
1 0.97137 0.92497 0.86155 0.78536 0.70073 0.62008 0.54474 0.47723 0.4157 0.36146 0.31388 0.27254 0.23687 0.20538 0.17859 0.15528 0.13512 0.11804 0.10402 
1 0.96922 0.92192 0.85274 0.77061 0.6852 0.60178 0.52456 0.45598 0.39697 0.34508 0.29958 0.25785 0.22066 0.18874 0.16002 0.13625 0.11717 0.10159 0.08897 
1 0.97194 0.92458 0.85834 0.7771 0.69035 0.60491 0.52571 0.45326 0.38975 0.33537 0.28867 0.24847 0.21332 0.18382 0.15746 0.13401 0.11319 0.09635 0.08162 
1 0.96816 0.91741 0.84564 0.76442 0.67869 0.59252 0.51407 0.44437 0.38295 0.32967 0.28117 0.23931 0.20233 0.1711 0.14234 0.11793 0.09759 0.08072 0.06587 
1 0.96863 0.91831 0.84931 0.76474 0.67585 0.59151 0.51479 0.44621 0.38651 0.33437 0.2888 0.25034 0.2176 0.18941 0.16598 0.14529 0.12747 0.11198 0.09741 
1 0.97023 0.92271 0.8572 0.77658 0.69207 0.61088 0.53473 0.46437 0.40112 0.34399 0.29531 0.25335 0.21641 0.18607 0.16029 0.13808 0.11963 0.10282 0.0877 
1 0.96973 0.92066 0.85074 0.7668 0.67661 0.58938 0.5118 0.44162 0.38054 0.32712 0.27966 0.23814 0.20314 0.17297 0.14786 0.1265 0.10867 0.09313 0.07994 
1 0.97074 0.92208 0.85388 0.77159 0.68336 0.59811 0.51668 0.44606 0.38524 0.33228 0.28688 0.24734 0.21515 0.18639 0.16183 0.14042 0.12224 0.10728 0.09433 
1 0.97031 0.92073 0.84992 0.76517 0.67416 0.58486 0.50266 0.42969 0.36504 0.30944 0.26222 0.21946 0.18409 0.1545 0.13032 0.10988 0.09238 0.07749 0.06477 
1 0.96997 0.91991 0.84773 0.76127 0.67139 0.58352 0.5027 0.4309 0.36683 0.31292 0.26403 0.22301 0.18842 0.1597 0.13538 0.11441 0.0964 0.08184 0.06987 
1 0.96915 0.91759 0.84594 0.75915 0.66769 0.57862 0.49619 0.42385 0.36184 0.31006 0.2663 0.23062 0.19875 0.17252 0.14802 0.12647 0.10749 0.09209 0.07888 
1 0.96936 0.9186 0.84882 0.76454 0.67448 0.58791 0.50585 0.43571 0.37556 0.32253 0.27449 0.23495 0.20115 0.17287 0.14863 0.12768 0.11023 0.09458 0.08152 
1 0.97038 0.9215 0.85403 0.77235 0.68985 0.60981 0.53471 0.46972 0.41389 0.36327 0.31971 0.28075 0.24707 0.21723 0.1906 0.16658 0.14567 0.1276 0.11125 
1 0.96963 0.91927 0.84731 0.76248 0.67154 0.58388 0.5032 0.43031 0.36548 0.30985 0.2631 0.22373 0.19033 0.16127 0.13589 0.11398 0.0962 0.08081 0.06732 
1 0.97013 0.92166 0.85272 0.77078 0.68342 0.59724 0.51855 0.44901 0.38714 0.33332 0.28668 0.24656 0.21118 0.18044 0.15423 0.13153 0.11296 0.0967 0.08256 
1 0.96933 0.91723 0.84585 0.76013 0.67122 0.58607 0.5057 0.43546 0.37306 0.31794 0.27208 0.23289 0.19972 0.17216 0.14829 0.12759 0.11003 0.09474 0.08129 
1 0.969 0.91824 0.84635 0.76043 0.67195 0.58398 0.50173 0.42757 0.36175 0.30637 0.25841 0.21673 0.18203 0.15286 0.1288 0.1085 0.09202 0.07792 0.06617 
1 0.97104 0.92517 0.86051 0.78193 0.69902 0.61462 0.53821 0.46938 0.40732 0.3536 0.30707 0.26752 0.23205 0.20235 0.17718 0.15441 0.13464 0.11782 0.10362 
1 0.96981 0.92046 0.85277 0.7724 0.68836 0.60333 0.52349 0.4518 0.38691 0.33146 0.28368 0.24041 0.20476 0.17281 0.14558 0.12389 0.10672 0.09294 0.08146 
1 0.97216 0.928 0.8649 0.78645 0.70141 0.61802 0.5363 0.46056 0.39311 0.33374 0.28221 0.24039 0.20376 0.17359 0.1476 0.1247 0.10542 0.08885 0.07507 
1 0.97116 0.9254 0.85894 0.7798 0.694 0.60968 0.52994 0.45818 0.39645 0.34135 0.29546 0.25308 0.21731 0.18598 0.16023 0.13895 0.1207 0.10348 0.08905 
1 0.97114 0.92292 0.85673 0.77581 0.69108 0.60665 0.52921 0.45961 0.39676 0.341 0.29415 0.25339 0.21885 0.18963 0.1627 0.13965 0.11946 0.10234 0.08767 
1 0.97085 0.92307 0.85567 0.77692 0.69283 0.61204 0.53387 0.46443 0.40386 0.35133 0.30606 0.26811 0.23425 0.20677 0.18312 0.16247 0.14455 0.12805 0.11341 
1 0.97162 0.92589 0.86054 0.78174 0.69891 0.61675 0.54035 0.47257 0.41093 0.35636 0.3085 0.26724 0.23048 0.19855 0.17122 0.14793 0.12731 0.10874 0.09211 
1 0.9695 0.91936 0.84969 0.76459 0.67596 0.59018 0.51093 0.43929 0.37622 0.32277 0.27706 0.23694 0.20411 0.1755 0.15176 0.1318 0.11363 0.09776 0.08407 
1 0.97007 0.92065 0.85204 0.77145 0.6876 0.60577 0.52968 0.4623 0.40165 0.34658 0.29804 0.25665 0.21938 0.18777 0.16143 0.13897 0.12044 0.10459 0.09035 
1 0.97032 0.92128 0.8515 0.76836 0.67825 0.59193 0.5114 0.43872 0.37406 0.31861 0.27099 0.22905 0.19351 0.16351 0.13875 0.11782 0.09966 0.0836 0.06989 
1 0.97104 0.92536 0.85991 0.77911 0.69493 0.61275 0.5346 0.46503 0.40548 0.35195 0.30552 0.26486 0.22965 0.19867 0.17159 0.14768 0.1274 0.10936 0.09301 
1 0.96697 0.91497 0.84199 0.7548 0.66512 0.57865 0.49745 0.42725 0.36603 0.31562 0.27183 0.23383 0.20056 0.17162 0.14656 0.12535 0.10814 0.09239 0.07907 
1 0.9722 0.92769 0.86226 0.78185 0.69756 0.61404 0.538 0.46557 0.40366 0.34754 0.29861 0.25701 0.2205 0.18921 0.16241 0.14021 0.12136 0.10502 0.0897 
1 0.96758 0.91665 0.84194 0.75424 0.6632 0.57503 0.49442 0.42241 0.36028 0.30691 0.26006 0.22116 0.1869 0.15861 0.1335 0.11225 0.09376 0.07871 0.06561 
1 0.97019 0.92096 0.85162 0.76939 0.68119 0.59531 0.51614 0.44723 0.38442 0.32822 0.27858 0.23501 0.19724 0.16602 0.13887 0.1155 0.09662 0.08072 0.06762 
1 0.97064 0.92182 0.85424 0.77427 0.68745 0.60383 0.52585 0.45548 0.39212 0.3386 0.29165 0.25165 0.21615 0.18481 0.15854 0.13576 0.11598 0.09887 0.0835 
1 0.97194 0.92592 0.86191 0.7846 0.7006 0.62156 0.54593 0.47902 0.41914 0.36565 0.32018 0.27894 0.24358 0.21155 0.18254 0.15741 0.13528 0.11582 0.09944 
1 0.97074 0.92426 0.85678 0.77455 0.68747 0.60171 0.52455 0.45384 0.3919 0.33875 0.29293 0.25555 0.22176 0.19097 0.16507 0.14173 0.12062 0.10246 0.08639 
1 0.9716 0.92448 0.85709 0.7753 0.6886 0.60576 0.52937 0.45969 0.39753 0.34544 0.2996 0.25906 0.22292 0.19121 0.16406 0.13901 0.11826 0.10042 0.08597 
1 0.96894 0.92008 0.8504 0.7669 0.67819 0.59239 0.51294 0.43969 0.37609 0.32044 0.27258 0.23074 0.19661 0.16754 0.14254 0.1214 0.10291 0.08749 0.07494 
1 0.97119 0.92502 0.86047 0.78081 0.69799 0.61855 0.54394 0.47653 0.41691 0.36475 0.31914 0.27872 0.24389 0.21288 0.18548 0.16175 0.13903 0.11892 0.1016 
1 0.96995 0.92085 0.85118 0.76684 0.67628 0.58881 0.50996 0.43865 0.37805 0.32582 0.28046 0.24147 0.2064 0.17648 0.15035 0.12858 0.1095 0.0927 0.07865 
1 0.96992 0.92064 0.84975 0.7639 0.67424 0.58631 0.50629 0.43263 0.36812 0.31185 0.2652 0.22586 0.19213 0.1636 0.13976 0.11966 0.10281 0.08838 0.07668 
1 0.96806 0.91724 0.8474 0.76399 0.67562 0.58723 0.50792 0.4374 0.37352 0.31992 0.27284 0.23309 0.19838 0.16878 0.14504 0.12473 0.10693 0.09139 0.07787 
1 0.9721 0.92138 0.85257 0.76824 0.67868 0.59003 0.50877 0.43499 0.36947 0.31355 0.2644 0.22347 0.18826 0.15892 0.13575 0.11674 0.09985 0.0855 0.07308 
1 0.97176 0.92465 0.8601 0.78305 0.70007 0.62237 0.54845 0.48024 0.42058 0.36997 0.32443 0.28464 0.25099 0.22258 0.19808 0.17636 0.15773 0.14119 0.12668 
1 0.96848 0.91798 0.84841 0.76365 0.67349 0.58723 0.51053 0.44099 0.37962 0.326 0.28088 0.24188 0.20701 0.17728 0.15069 0.12788 0.10911 0.09123 0.0764 
1 0.96979 0.92177 0.85265 0.77004 0.68397 0.5977 0.51929 0.44656 0.3818 0.32726 0.28102 0.24059 0.20701 0.17831 0.15273 0.13135 0.11186 0.09462 0.07955 
1 0.96872 0.91762 0.84563 0.76105 0.6701 0.58454 0.50621 0.43719 0.37938 0.32841 0.28473 0.24757 0.2164 0.18982 0.16533 0.14352 0.12431 0.10751 0.09357 
1 0.96841 0.91551 0.84237 0.75364 0.66013 0.56902 0.48702 0.41259 0.34976 0.29468 0.24811 0.20709 0.17256 0.14358 0.11916 0.09897 0.08118 0.0667 0.05467 
1 0.96902 0.92008 0.85029 0.76703 0.67764 0.59231 0.51262 0.44352 0.38036 0.32491 0.27652 0.23439 0.20038 0.17077 0.14526 0.12424 0.10526 0.08959 0.07552 
1 0.9712 0.92244 0.8551 0.77322 0.68519 0.59873 0.51796 0.4417 0.37615 0.32084 0.27319 0.23265 0.19946 0.17008 0.1445 0.12294 0.10438 0.08879 0.07538 
1 0.97115 0.92355 0.85832 0.77985 0.69678 0.61546 0.53904 0.47083 0.41035 0.35697 0.31109 0.27015 0.23542 0.20576 0.18048 0.15911 0.13965 0.12248 0.10787 
1 0.96814 0.91672 0.8437 0.75786 0.66624 0.57687 0.49448 0.41981 0.35556 0.30201 0.25565 0.21664 0.18349 0.15471 0.13098 0.11017 0.09184 0.07731 0.06458 
