1 0.95292 0.87147 0.74875 0.59557 0.43944 0.30167 0.19796 0.126005 0.07907 0.04886 0.030025 0.018125 0.010735 0.00616 0.003555 0.00207 0.001285 0.00082 0.000435 
1 0.948395 0.86078 0.73074 0.568595 0.402865 0.263505 0.162 0.09534 0.054595 0.03069 0.01735 0.009875 0.00542 0.00289 0.00134 0.000505 0.00013 2.5e-05 5e-06 
1 0.948695 0.861345 0.730375 0.569035 0.406745 0.27101 0.172595 0.106445 0.066235 0.041945 0.02767 0.01866 0.012945 0.00866 0.005725 0.003475 0.002185 0.001325 0.000815 
1 0.950435 0.86593 0.73811 0.57921 0.41917 0.281665 0.180605 0.111395 0.06605 0.038495 0.022285 0.013235 0.00824 0.00571 0.004065 0.00284 0.00186 0.00104 0.000515 
1 0.949795 0.863455 0.73377 0.57547 0.416225 0.284305 0.18577 0.118345 0.07478 0.046675 0.02951 0.01814 0.01126 0.007015 0.004565 0.003015 0.00211 0.00151 0.00101 
1 0.947745 0.858545 0.7263 0.56251 0.39899 0.264645 0.167715 0.103635 0.064205 0.03973 0.02507 0.01605 0.01022 0.00614 0.003635 0.00191 0.00091 0.00044 0.00014 
1 0.952625 0.869965 0.74681 0.59485 0.438815 0.304635 0.201255 0.129175 0.08338 0.054935 0.03653 0.02463 0.017065 0.011915 0.008305 0.00541 0.0033 0.001825 0.00094 
1 0.951365 0.86796 0.741255 0.582515 0.423965 0.287405 0.183665 0.11255 0.067195 0.03991 0.02261 0.012475 0.006085 0.00281 0.00127 0.0004 0.00011 1.5e-05 5e-06 
1 0.9507 0.86528 0.737345 0.579705 0.41611 0.27525 0.16967 0.100965 0.05847 0.03408 0.02047 0.012885 0.008275 0.00508 0.00278 0.0013 0.000475 0.00012 1.5e-05 
1 0.948815 0.86198 0.73116 0.56938 0.40702 0.27412 0.177405 0.112245 0.06993 0.042825 0.025755 0.01469 0.00853 0.00487 0.002785 0.00159 0.00078 0.00031 0.000125 
1 0.94916 0.86314 0.732825 0.57141 0.40819 0.270145 0.167435 0.099095 0.05528 0.029225 0.01417 0.006065 0.00238 0.00087 0.000305 9e-05 2.5e-05 0 0 
1 0.947615 0.8573 0.724375 0.56131 0.39934 0.264715 0.166555 0.103215 0.06219 0.037195 0.021595 0.01284 0.007625 0.004225 0.002265 0.00113 0.000435 0.00017 3e-05 
1 0.952515 0.86953 0.74622 0.592045 0.433375 0.29579 0.19119 0.12083 0.0738 0.045105 0.02743 0.016805 0.01023 0.00636 0.003805 0.00226 0.00126 0.000615 0.000345 
1 0.95167 0.86851 0.7433 0.5897 0.434215 0.30081 0.198925 0.12839 0.08057 0.05001 0.03105 0.019505 0.01224 0.00727 0.004555 0.002645 0.0014 0.00071 0.000295 
1 0.95105 0.86702 0.73883 0.57937 0.418295 0.280655 0.17878 0.110385 0.066885 0.039805 0.02295 0.013135 0.008095 0.00532 0.003275 0.001915 0.00102 0.000375 0.000105 
1 0.951385 0.86904 0.74486 0.592885 0.43818 0.30358 0.20034 0.129055 0.08247 0.05327 0.034425 0.02184 0.013505 0.008175 0.004785 0.002725 0.00157 0.000975 0.00061 
1 0.94646 0.8563 0.722735 0.55832 0.39477 0.26058 0.163925 0.100715 0.061015 0.036745 0.021595 0.012035 0.006005 0.00267 0.00109 0.0004 0.000185 9e-05 3.5e-05 
1 0.950245 0.86578 0.73954 0.58226 0.42336 0.285775 0.18308 0.113325 0.068585 0.03948 0.02203 0.012215 0.006965 0.00396 0.001945 0.000885 0.000345 0.0001 1.5e-05 
1 0.94818 0.860875 0.7306 0.570155 0.407255 0.27079 0.170075 0.103615 0.062135 0.036855 0.02167 0.012695 0.007 0.003525 0.00165 0.00063 0.00023 5e-05 5e-06 
1 0.947395 0.85782 0.72638 0.564955 0.404705 0.26981 0.171405 0.1028 0.058545 0.032465 0.017055 0.00853 0.00438 0.002365 0.00128 0.0007 0.000335 0.000145 4e-05 
1 0.949845 0.863875 0.736335 0.579115 0.4217 0.28847 0.190025 0.12053 0.075225 0.045205 0.02695 0.015775 0.00904 0.00521 0.00311 0.00182 0.00097 0.000445 0.000225 
1 0.949455 0.861925 0.731545 0.57073 0.41078 0.276955 0.17705 0.110475 0.06711 0.04008 0.024025 0.014555 0.008895 0.00564 0.00356 0.002425 0.00163 0.00111 0.000655 
1 0.951125 0.867425 0.74251 0.587655 0.428485 0.293105 0.190485 0.118755 0.07328 0.043525 0.02644 0.01589 0.010095 0.00633 0.00383 0.0023 0.001165 0.00055 0.000175 
1 0.94913 0.86205 0.731435 0.570975 0.40746 0.27061 0.1698 0.103165 0.06083 0.0358 0.02112 0.012315 0.007265 0.004335 0.00252 0.00139 0.00074 0.000315 0.000115 
1 0.94904 0.861385 0.729645 0.56702 0.40514 0.268485 0.1692 0.103055 0.06057 0.034975 0.019875 0.01125 0.00615 0.002955 0.001305 0.000385 0.000155 4e-05 1e-05 
1 0.950185 0.86454 0.736775 0.577635 0.41553 0.277455 0.17686 0.110295 0.06682 0.04005 0.02358 0.01352 0.007885 0.00458 0.002665 0.001605 0.00082 0.00032 0.000165 
1 0.951185 0.86677 0.74051 0.580975 0.42003 0.283575 0.182085 0.114335 0.070505 0.042925 0.02639 0.015965 0.009165 0.00504 0.002825 0.00147 0.000695 0.000225 7.5e-05 
1 0.948555 0.860215 0.729085 0.568985 0.4058 0.267865 0.16557 0.09817 0.056775 0.033395 0.01902 0.010845 0.00628 0.003605 0.00204 0.001035 0.00057 0.000225 6.5e-05 
1 0.94962 0.86155 0.731275 0.568945 0.40515 0.267705 0.16855 0.10228 0.06134 0.036115 0.020855 0.01172 0.006955 0.004225 0.002975 0.002165 0.00158 0.000945 0.000555 
1 0.948765 0.8626 0.73234 0.57279 0.411415 0.2738 0.17189 0.104495 0.062215 0.037465 0.02337 0.01484 0.00929 0.005815 0.003545 0.001855 0.000965 0.000465 0.00021 
1 0.9509 0.86814 0.74353 0.58661 0.42832 0.29097 0.186215 0.11262 0.066305 0.036875 0.02005 0.010555 0.00549 0.002565 0.001085 0.000355 5.5e-05 5e-06 0 
1 0.950395 0.86443 0.73572 0.577425 0.415805 0.28017 0.177645 0.107065 0.06234 0.035565 0.019395 0.010005 0.004815 0.00226 0.001075 0.00073 0.000485 0.000325 0.00017 
1 0.95157 0.868755 0.74476 0.5907 0.43408 0.30021 0.19707 0.125305 0.077505 0.047685 0.029445 0.01779 0.01066 0.006265 0.004045 0.002955 0.00237 0.002095 0.00187 
1 0.950255 0.863985 0.737125 0.578485 0.419365 0.282315 0.18157 0.11334 0.069595 0.04178 0.02554 0.015565 0.008875 0.00522 0.00305 0.0015 0.00056 0.000145 3e-05 
1 0.948 0.86148 0.73229 0.57265 0.41234 0.277115 0.17675 0.10989 0.066545 0.038605 0.021625 0.012075 0.006115 0.00328 0.00197 0.00109 0.00059 0.000215 3e-05 
1 0.949955 0.863885 0.736005 0.577385 0.41708 0.281495 0.17995 0.112365 0.06935 0.04364 0.0283 0.01889 0.012615 0.0083 0.005125 0.00307 0.002055 0.001425 0.00089 
1 0.951225 0.86813 0.74279 0.584175 0.42293 0.286105 0.18421 0.11539 0.07158 0.045315 0.02959 0.01978 0.013305 0.009355 0.00657 0.00452 0.003095 0.002295 0.00181 
1 0.951655 0.86675 0.74271 0.58689 0.4298 0.29316 0.189405 0.116945 0.069645 0.040145 0.02235 0.0123 0.006455 0.003525 0.0019 0.00095 0.000415 0.00016 5.5e-05 
1 0.950565 0.864805 0.736635 0.578135 0.417265 0.283835 0.183335 0.11594 0.0724 0.04573 0.03003 0.01969 0.01363 0.009285 0.00612 0.004295 0.002865 0.00186 0.00102 
1 0.952675 0.87053 0.746605 0.59157 0.432835 0.29569 0.190295 0.117105 0.06836 0.038775 0.021145 0.011075 0.00619 0.003605 0.001965 0.00101 0.000555 0.000375 0.00026 
1 0.950095 0.86465 0.737745 0.57956 0.420925 0.284475 0.17959 0.10883 0.06341 0.03723 0.021305 0.01216 0.00732 0.00437 0.002585 0.00144 0.000795 0.000445 0.0002 
1 0.95092 0.86591 0.74012 0.582725 0.423025 0.28804 0.185725 0.11574 0.071065 0.04291 0.026455 0.01612 0.009965 0.00613 0.00352 0.001805 0.000755 0.000275 5.5e-05 
1 0.947735 0.85886 0.72674 0.565785 0.402985 0.26786 0.16789 0.10029 0.05779 0.03224 0.01755 0.009685 0.005265 0.002845 0.001285 0.0005 0.00017 6e-05 1.5e-05 
1 0.95143 0.869825 0.74504 0.591595 0.4343 0.296145 0.193 0.1221 0.07636 0.047665 0.03026 0.01905 0.01209 0.007715 0.005185 0.00365 0.00261 0.001805 0.00126 
1 0.949065 0.863875 0.73498 0.574125 0.413975 0.279715 0.180205 0.113685 0.0707 0.04308 0.025745 0.015055 0.00877 0.005225 0.003605 0.002835 0.002455 0.002035 0.00167 
1 0.949685 0.86338 0.736305 0.57736 0.41747 0.28295 0.183465 0.115705 0.07153 0.045425 0.03017 0.020895 0.014345 0.00995 0.00692 0.004745 0.00313 0.00214 0.001295 
1 0.94969 0.863615 0.735025 0.577455 0.41857 0.28383 0.183575 0.113985 0.07002 0.04292 0.026475 0.01619 0.010045 0.006385 0.003885 0.00252 0.001515 0.000885 0.00042 
1 0.94849 0.861025 0.731605 0.5727 0.413625 0.27881 0.179415 0.113615 0.07183 0.045985 0.029645 0.01959 0.01269 0.007935 0.0046 0.002285 0.00084 0.00025 6e-05 
1 0.94787 0.8604 0.72954 0.568225 0.407185 0.272495 0.17247 0.105155 0.06279 0.03669 0.021885 0.012595 0.007305 0.00405 0.002235 0.00122 0.00065 0.000255 4.5e-05 
1 0.95097 0.86673 0.74081 0.5853 0.425115 0.288535 0.18727 0.118235 0.073725 0.045925 0.02865 0.01733 0.01037 0.006085 0.003505 0.00186 0.001005 0.000435 0.000205 
1 0.951495 0.86833 0.74469 0.591865 0.435925 0.301535 0.20066 0.13048 0.08519 0.056125 0.038275 0.026455 0.01919 0.014095 0.010455 0.00743 0.005055 0.003265 0.00182 
1 0.950905 0.86767 0.742795 0.586615 0.429645 0.296155 0.196545 0.12949 0.085425 0.05506 0.035405 0.021385 0.011845 0.006165 0.003165 0.00171 0.00083 0.00038 0.000165 
1 0.952485 0.871105 0.74673 0.59138 0.433175 0.29734 0.196005 0.12536 0.07921 0.04897 0.030025 0.017985 0.01074 0.006345 0.00372 0.00205 0.001115 0.00049 0.000215 
1 0.949995 0.863675 0.733365 0.57195 0.40979 0.271425 0.16951 0.10077 0.05807 0.032115 0.01741 0.008985 0.00415 0.00172 0.00062 0.0002 3.5e-05 1e-05 5e-06 
1 0.950785 0.86686 0.74132 0.58648 0.42947 0.29558 0.19528 0.126365 0.079005 0.048115 0.02793 0.01572 0.00831 0.003945 0.001685 0.00057 0.00019 6e-05 1e-05 
1 0.95074 0.86673 0.739675 0.58247 0.423425 0.28721 0.187745 0.119005 0.073435 0.04549 0.02802 0.018075 0.01212 0.00829 0.00562 0.004195 0.00332 0.002845 0.00249 
1 0.95118 0.868415 0.74526 0.58878 0.42962 0.29257 0.1878 0.115895 0.06975 0.041785 0.02434 0.01411 0.00816 0.005125 0.003425 0.002325 0.00158 0.001005 0.00066 
1 0.949785 0.86519 0.739685 0.5851 0.42927 0.298405 0.199875 0.13152 0.08558 0.05498 0.03456 0.02033 0.011815 0.00643 0.0031 0.00129 0.00053 0.00013 2.5e-05 
1 0.94873 0.86124 0.73015 0.56845 0.404215 0.26662 0.167315 0.101815 0.06019 0.035765 0.021325 0.01312 0.008835 0.006885 0.00575 0.0049 0.00401 0.00317 0.0025 
1 0.951975 0.86829 0.741505 0.58477 0.42498 0.290235 0.19038 0.12207 0.076635 0.047805 0.029455 0.017585 0.01053 0.006085 0.003765 0.002305 0.00134 0.000695 0.000375 
1 0.94858 0.860665 0.730145 0.569715 0.40703 0.271915 0.170475 0.100815 0.057475 0.03184 0.017475 0.009845 0.00567 0.003115 0.001585 0.00082 0.00034 9e-05 1e-05 
1 0.951105 0.867735 0.74203 0.585365 0.42255 0.28324 0.17912 0.10906 0.064585 0.037345 0.02042 0.011065 0.005545 0.00251 0.001055 0.00031 6e-05 1e-05 0 
1 0.949785 0.863725 0.733755 0.575525 0.417225 0.281915 0.179815 0.10928 0.064005 0.037275 0.0222 0.01322 0.007935 0.004805 0.002625 0.00128 0.00059 0.000245 9.5e-05 
1 0.95157 0.86671 0.73948 0.58142 0.422485 0.28742 0.185205 0.117045 0.072095 0.04399 0.026665 0.01586 0.00924 0.00493 0.002365 0.000895 0.000315 0.00011 1.5e-05 
1 0.949455 0.86466 0.737215 0.578995 0.420155 0.28451 0.182555 0.113245 0.069665 0.042475 0.02651 0.01706 0.011065 0.00711 0.00439 0.00248 0.00129 0.000655 0.00029 
1 0.946795 0.85868 0.726995 0.567635 0.408575 0.276215 0.179295 0.11322 0.070715 0.042685 0.025505 0.01536 0.0093 0.005815 0.004035 0.00279 0.0019 0.001155 0.000605 
1 0.952745 0.870135 0.74668 0.59239 0.4346 0.300385 0.199015 0.129945 0.08478 0.054925 0.035645 0.02344 0.015855 0.010715 0.0072 0.004715 0.003165 0.002025 0.001145 
1 0.94891 0.862305 0.73249 0.57091 0.40814 0.27071 0.171095 0.10474 0.06329 0.038645 0.024015 0.015015 0.00956 0.00639 0.004635 0.003375 0.002325 0.001585 0.0009 
1 0.951375 0.86923 0.745935 0.591305 0.4341 0.30061 0.20041 0.131195 0.08452 0.05392 0.03431 0.021775 0.013475 0.0084 0.00502 0.003015 0.00197 0.001195 0.00062 
1 0.94966 0.86395 0.73564 0.576265 0.416265 0.281175 0.180855 0.11308 0.06954 0.04236 0.025355 0.014835 0.008865 0.00518 0.003125 0.00188 0.001 0.00051 0.000195 
1 0.94548 0.853995 0.71924 0.555175 0.39276 0.256665 0.16056 0.09799 0.0595 0.03496 0.02041 0.010865 0.005565 0.00269 0.00132 0.00055 0.000215 7.5e-05 1e-05 
1 0.949905 0.86421 0.73562 0.576615 0.41653 0.279585 0.177515 0.10843 0.06437 0.038035 0.023755 0.015265 0.009685 0.00618 0.00398 0.00279 0.00195 0.001375 0.00101 
1 0.950695 0.86597 0.738995 0.581195 0.422875 0.28966 0.19025 0.120785 0.07616 0.046365 0.027875 0.016285 0.009355 0.00496 0.00274 0.00154 0.000845 0.000505 0.000175 
1 0.950165 0.863895 0.736275 0.579675 0.42061 0.28564 0.185415 0.115745 0.07018 0.041835 0.024595 0.01419 0.008235 0.00492 0.003105 0.00198 0.00133 0.00086 0.00046 
1 0.948 0.85948 0.729335 0.569235 0.41011 0.27646 0.178155 0.11135 0.06963 0.042435 0.025745 0.01528 0.008525 0.00433 0.002035 0.000835 0.00032 0.00013 3e-05 
1 0.95155 0.86732 0.740205 0.580865 0.418575 0.279675 0.1757 0.10368 0.057565 0.03073 0.016305 0.00852 0.004785 0.00285 0.0016 0.00081 0.0003 6e-05 1e-05 
1 0.95178 0.86764 0.74133 0.58557 0.428845 0.294825 0.193605 0.12387 0.07783 0.048355 0.02944 0.01731 0.00981 0.005 0.00245 0.00116 0.00045 0.000135 2e-05 
1 0.948705 0.858955 0.72645 0.56418 0.402505 0.267945 0.171055 0.1069 0.06638 0.04112 0.02554 0.016175 0.010895 0.00707 0.00445 0.002485 0.001115 0.0004 0.0001 
1 0.948855 0.861885 0.731875 0.572825 0.4128 0.27734 0.177865 0.109475 0.06616 0.040865 0.024585 0.01409 0.0076 0.003995 0.00183 0.000745 0.000305 0.000125 3e-05 
1 0.951385 0.868 0.7423 0.588325 0.42763 0.2893 0.185085 0.114385 0.06946 0.041235 0.02475 0.014655 0.00902 0.00547 0.00306 0.001665 0.00075 0.00033 0.0001 
1 0.95052 0.86774 0.743765 0.589675 0.434495 0.302695 0.203225 0.133965 0.085475 0.05333 0.03232 0.019415 0.011365 0.00657 0.00353 0.00176 0.000775 0.000385 8.5e-05 
1 0.95051 0.864665 0.73591 0.578375 0.419145 0.281445 0.18019 0.11148 0.066825 0.039255 0.02233 0.01267 0.00738 0.00431 0.002725 0.00175 0.00108 0.00052 0.00018 
1 0.94683 0.85672 0.72277 0.559285 0.39651 0.261885 0.163055 0.097405 0.0568 0.032465 0.018585 0.010235 0.005055 0.002225 0.00095 0.00029 7e-05 1e-05 2.41057e-17 
1 0.94862 0.86019 0.72707 0.561605 0.39569 0.25744 0.155395 0.089125 0.049005 0.02576 0.01313 0.00603 0.00265 0.001095 0.000485 0.00019 8e-05 1.5e-05 0 
1 0.950355 0.864545 0.736295 0.578945 0.418295 0.28314 0.180165 0.111105 0.066785 0.040815 0.02471 0.01447 0.00798 0.00413 0.001945 0.00076 0.000235 5.5e-05 1.5e-05 
1 0.948185 0.859635 0.728075 0.566865 0.408905 0.27463 0.1767 0.108535 0.065855 0.039545 0.02242 0.01192 0.00579 0.00249 0.0011 0.000475 0.000145 3e-05 0 
1 0.94752 0.85874 0.727415 0.56466 0.403385 0.26886 0.17122 0.104355 0.0607 0.03402 0.017855 0.009045 0.004695 0.002415 0.001245 0.00053 0.00024 4e-05 5e-06 
1 0.950685 0.86511 0.73797 0.579865 0.423045 0.290565 0.190255 0.120525 0.07586 0.047245 0.029815 0.01965 0.013185 0.00863 0.005665 0.00381 0.00254 0.0016 0.00103 
1 0.949595 0.86318 0.733825 0.574785 0.41345 0.278375 0.179705 0.11432 0.07116 0.04301 0.025315 0.014535 0.008495 0.00503 0.00299 0.00168 0.000925 0.00049 0.000245 
1 0.949795 0.86477 0.738215 0.58304 0.42553 0.292835 0.1936 0.12343 0.078235 0.04855 0.02992 0.01809 0.0104 0.005605 0.002925 0.00146 0.000745 0.000395 0.00017 
1 0.94996 0.86279 0.73421 0.57633 0.41932 0.285825 0.18444 0.113925 0.068755 0.040125 0.022245 0.0115 0.005705 0.00261 0.001125 0.00046 8e-05 2e-05 0 
1 0.95272 0.868245 0.74467 0.58941 0.43043 0.292085 0.18975 0.1215 0.07704 0.04814 0.02977 0.01858 0.01185 0.007655 0.00538 0.00368 0.002385 0.00136 0.00063 
1 0.948155 0.859625 0.72832 0.56691 0.403455 0.26589 0.16666 0.101255 0.060875 0.03673 0.02148 0.01179 0.00614 0.00314 0.001465 0.00064 0.00018 4e-05 1.5e-05 
1 0.951085 0.866785 0.74062 0.58203 0.419235 0.279725 0.175085 0.104065 0.06015 0.03424 0.02011 0.01185 0.007255 0.0047 0.00286 0.001565 0.00063 0.0002 3.5e-05 
1 0.95188 0.867995 0.74363 0.587925 0.42985 0.293875 0.193165 0.122595 0.07627 0.046425 0.027805 0.01649 0.00984 0.005775 0.00314 0.00152 0.00069 0.000285 0.00014 
1 0.95271 0.870445 0.7478 0.59469 0.436825 0.301685 0.19816 0.12641 0.07833 0.047425 0.02758 0.01617 0.00993 0.00623 0.00402 0.00264 0.001645 0.001015 0.00059 
1 0.94902 0.8611 0.7311 0.57105 0.41292 0.277945 0.177985 0.108495 0.06485 0.0378 0.021495 0.01183 0.00653 0.003595 0.00199 0.00094 0.000405 0.00015 5e-05 
1 0.9481 0.860025 0.729185 0.56605 0.404345 0.26849 0.170095 0.10429 0.06211 0.03714 0.02263 0.013695 0.00864 0.00553 0.00362 0.002425 0.00166 0.00126 0.000905 
1 0.94738 0.85922 0.727035 0.564275 0.40305 0.269735 0.172575 0.105325 0.061175 0.03375 0.0183 0.009735 0.005165 0.00276 0.001555 0.00078 0.00035 0.00013 2.5e-05 
1 0.950755 0.866535 0.740345 0.582715 0.41975 0.280265 0.17607 0.10615 0.061755 0.03641 0.021795 0.013025 0.007765 0.004305 0.00215 0.000835 0.000305 6.5e-05 5e-06 
1 0.95037 0.86598 0.74005 0.58248 0.422775 0.2876 0.186805 0.1183 0.072835 0.04404 0.025975 0.015455 0.00913 0.00553 0.00335 0.00184 0.000835 0.000285 5.5e-05 
1 0.952025 0.869605 0.746575 0.5922 0.434975 0.30116 0.201745 0.13388 0.0895 0.05916 0.03987 0.027035 0.018575 0.01267 0.009025 0.00654 0.00462 0.00318 0.002195 
1 0.948155 0.858285 0.72688 0.5662 0.40643 0.27376 0.1759 0.10893 0.06517 0.038355 0.02187 0.012185 0.0068 0.00352 0.001745 0.00074 0.00029 6.5e-05 1e-05 
1 0.948915 0.86194 0.73452 0.5768 0.418695 0.28533 0.18582 0.1188 0.074585 0.04566 0.02795 0.015785 0.00852 0.0043 0.00198 0.00088 0.000325 0.0001 2.5e-05 
1 0.95034 0.86495 0.738865 0.581705 0.42391 0.289755 0.190275 0.123165 0.07721 0.04902 0.030055 0.01812 0.011205 0.007105 0.004515 0.00269 0.001515 0.00088 0.00049 
1 0.94731 0.859445 0.7269 0.565055 0.401655 0.26603 0.16633 0.099085 0.057415 0.033585 0.019195 0.011145 0.006565 0.00412 0.002595 0.00153 0.000915 0.00056 0.000335 
1 0.947925 0.86031 0.729675 0.56942 0.407225 0.27188 0.17097 0.10364 0.062425 0.037545 0.02198 0.012375 0.006645 0.003225 0.00123 0.0003 7e-05 1e-05 0 
1 0.9488 0.862365 0.73351 0.572635 0.40901 0.270165 0.171965 0.105715 0.063565 0.03777 0.021575 0.01192 0.006005 0.0028 0.00114 0.0004 8.5e-05 1e-05 0 
1 0.950605 0.86696 0.73984 0.584355 0.42871 0.297635 0.19857 0.129845 0.08229 0.050965 0.030705 0.01822 0.01097 0.0065 0.00362 0.00184 0.000855 0.00043 0.00024 
1 0.95012 0.86545 0.73936 0.584755 0.42516 0.28877 0.1876 0.119195 0.07461 0.046765 0.02934 0.018965 0.012485 0.0082 0.005585 0.00375 0.00248 0.00144 0.00077 
1 0.95231 0.870305 0.74546 0.58893 0.43014 0.29345 0.189805 0.118445 0.072315 0.04404 0.026865 0.016095 0.00961 0.00579 0.00349 0.001955 0.00107 0.000565 0.000325 
1 0.949625 0.86321 0.734895 0.57544 0.41512 0.27971 0.17722 0.108415 0.06349 0.03675 0.021935 0.01311 0.00791 0.00454 0.00212 0.000895 0.00032 0.000135 3.5e-05 
1 0.94983 0.86393 0.73592 0.577865 0.419395 0.285225 0.187 0.1201 0.07597 0.049175 0.032455 0.02206 0.014985 0.00976 0.005975 0.003345 0.001735 0.00077 0.00029 
1 0.95087 0.867965 0.74256 0.584135 0.424405 0.289395 0.1882 0.119775 0.074955 0.04659 0.02982 0.01902 0.01288 0.009465 0.00749 0.00638 0.00556 0.00482 0.0043 
1 0.95106 0.866285 0.742295 0.586485 0.42917 0.29379 0.19134 0.122475 0.076905 0.046535 0.027985 0.01686 0.010015 0.005905 0.003545 0.00214 0.001265 0.000815 0.000435 
1 0.949325 0.861915 0.73074 0.567925 0.404545 0.267765 0.168295 0.10271 0.06215 0.03732 0.022285 0.012985 0.007455 0.004155 0.00216 0.00106 0.000405 0.00011 3.5e-05 
1 0.949505 0.863685 0.73478 0.575745 0.41351 0.275895 0.171655 0.101555 0.05757 0.03109 0.0162 0.008135 0.00376 0.00161 0.00066 0.000205 5.5e-05 1.5e-05 0 
1 0.949625 0.863595 0.734595 0.57827 0.42182 0.289845 0.19149 0.123595 0.07956 0.051315 0.033225 0.021305 0.013855 0.009065 0.005775 0.00358 0.001975 0.00087 0.000325 
1 0.947465 0.85991 0.729125 0.56924 0.40538 0.267935 0.168835 0.102755 0.06127 0.03677 0.021755 0.012715 0.00702 0.003795 0.00187 0.00078 0.000225 3.5e-05 5e-06 
1 0.94843 0.861865 0.732855 0.571735 0.409985 0.274045 0.174185 0.106445 0.062705 0.03646 0.02062 0.01162 0.00677 0.00413 0.002665 0.001825 0.00132 0.00102 0.000795 
1 0.94851 0.861295 0.73148 0.56968 0.40467 0.26674 0.16661 0.09884 0.057505 0.03249 0.01772 0.009725 0.004815 0.0022 0.000855 0.000325 8.5e-05 2.5e-05 5e-06 
1 0.94751 0.85887 0.7261 0.564045 0.40275 0.268505 0.17104 0.105995 0.065795 0.04137 0.026 0.016315 0.01028 0.006345 0.00387 0.00244 0.001465 0.000665 0.00024 
1 0.950365 0.864625 0.73674 0.577385 0.41704 0.279255 0.17761 0.110105 0.067585 0.04195 0.02631 0.016815 0.010545 0.006545 0.003965 0.002365 0.00117 0.000445 0.00012 
1 0.95073 0.86602 0.739965 0.58482 0.42689 0.29265 0.18996 0.11954 0.07329 0.04457 0.026195 0.014855 0.008235 0.00442 0.00232 0.001445 0.000905 0.000555 0.00033 
1 0.95114 0.867635 0.74305 0.58876 0.43221 0.299015 0.197505 0.126605 0.0788 0.04866 0.030145 0.01861 0.01173 0.00738 0.004525 0.00282 0.00165 0.00087 0.000365 
1 0.949995 0.864155 0.73569 0.57405 0.41411 0.28063 0.18176 0.115875 0.073365 0.04663 0.02979 0.019685 0.013265 0.009455 0.00724 0.00597 0.00481 0.00379 0.002725 
1 0.953635 0.87345 0.75371 0.601835 0.44423 0.30788 0.202255 0.12889 0.0814 0.049755 0.02944 0.017435 0.010305 0.00605 0.003565 0.001985 0.00109 0.00054 0.000195 
1 0.949395 0.86268 0.734425 0.574055 0.41384 0.278515 0.17905 0.11249 0.069225 0.04275 0.026425 0.016725 0.01025 0.005795 0.003005 0.00134 0.00049 0.000195 9e-05 
1 0.94933 0.862275 0.735205 0.57677 0.416085 0.280295 0.18082 0.11336 0.06947 0.041455 0.02504 0.015385 0.009895 0.0058 0.00324 0.001605 0.000725 0.000205 5.5e-05 
1 0.949295 0.863375 0.734145 0.57377 0.409375 0.27007 0.16954 0.101625 0.058965 0.03393 0.019435 0.010965 0.00591 0.00318 0.001665 0.00086 0.000445 0.00017 5e-05 
1 0.951785 0.86728 0.742085 0.583965 0.42213 0.284885 0.17957 0.108455 0.063605 0.03768 0.022185 0.01311 0.00782 0.004745 0.002655 0.001405 0.00071 0.000345 0.00013 
1 0.953185 0.872345 0.75193 0.60084 0.444885 0.308585 0.2032 0.12845 0.078955 0.047385 0.028365 0.016685 0.010195 0.00616 0.00347 0.00191 0.000935 0.0004 0.0001 
1 0.9484 0.861845 0.73266 0.57288 0.412185 0.27717 0.17693 0.108925 0.06498 0.03839 0.02299 0.01422 0.009435 0.006505 0.00469 0.00347 0.00256 0.002025 0.00165 
1 0.949415 0.86075 0.728335 0.566705 0.40295 0.264495 0.16486 0.097215 0.05558 0.03083 0.016405 0.00853 0.00416 0.001945 0.001025 0.00045 0.0002 6.5e-05 0 
1 0.95194 0.868575 0.741065 0.585975 0.427775 0.292965 0.192355 0.122795 0.07788 0.050035 0.03219 0.02072 0.01305 0.00813 0.004915 0.00277 0.001815 0.001065 0.00054 
1 0.95055 0.865855 0.73941 0.58518 0.42759 0.293285 0.190275 0.11991 0.073925 0.04445 0.02659 0.01538 0.00892 0.005395 0.00333 0.001925 0.001155 0.000605 0.000305 
1 0.95109 0.86695 0.740395 0.584855 0.42625 0.29049 0.189165 0.1204 0.07488 0.045935 0.027765 0.016995 0.01064 0.00668 0.00409 0.002665 0.001705 0.001135 0.000815 
1 0.948685 0.86108 0.729375 0.570665 0.40881 0.273705 0.175585 0.109595 0.06748 0.04074 0.024455 0.014135 0.007825 0.003955 0.002 0.00093 0.000375 0.000105 2e-05 
1 0.94763 0.857825 0.725855 0.564705 0.401075 0.26306 0.16327 0.098385 0.05874 0.03439 0.019955 0.01158 0.00649 0.00398 0.00244 0.001525 0.000765 0.000275 9e-05 
1 0.948115 0.859995 0.72919 0.566825 0.4039 0.266405 0.165785 0.097115 0.05529 0.03161 0.018045 0.010245 0.005695 0.00301 0.001415 0.000555 0.000145 1e-05 0 
1 0.948605 0.86176 0.73188 0.57253 0.41078 0.27531 0.175935 0.10735 0.064235 0.03689 0.019835 0.0102 0.005055 0.002235 0.00089 0.00024 5.5e-05 5e-06 0 
1 0.95155 0.867685 0.741565 0.584665 0.425825 0.288985 0.18623 0.115485 0.07023 0.04161 0.025055 0.015965 0.010245 0.00679 0.00421 0.002465 0.001165 0.000375 0.00011 
1 0.948445 0.858285 0.72702 0.5635 0.40076 0.26495 0.165965 0.10178 0.063155 0.03871 0.024015 0.01507 0.0097 0.00613 0.003885 0.002425 0.00152 0.00108 0.00081 
1 0.9491 0.861565 0.73061 0.56953 0.405055 0.2675 0.16546 0.09847 0.05672 0.03138 0.01688 0.009105 0.00526 0.003385 0.00229 0.001645 0.001215 0.000855 0.00056 
1 0.950215 0.86467 0.73758 0.579115 0.42035 0.28557 0.186415 0.118775 0.07496 0.046375 0.029125 0.01865 0.0122 0.00805 0.004955 0.002655 0.001285 0.0005 0.00018 
1 0.94985 0.864935 0.738145 0.58112 0.423805 0.291665 0.19294 0.1241 0.07844 0.048145 0.02972 0.018315 0.01162 0.00714 0.00422 0.00227 0.00102 0.00034 0.000105 
1 0.95371 0.873785 0.7546 0.604065 0.44989 0.315725 0.212975 0.139765 0.09033 0.058315 0.036835 0.0235 0.014755 0.009165 0.00551 0.003445 0.002235 0.001315 0.00069 
1 0.95093 0.865445 0.73824 0.582435 0.42568 0.29067 0.188665 0.120135 0.074205 0.04532 0.02766 0.017005 0.01046 0.006445 0.00404 0.002295 0.00126 0.000665 0.00024 
1 0.948695 0.861925 0.73215 0.571365 0.408895 0.271525 0.17124 0.105495 0.06376 0.036935 0.02032 0.01066 0.005 0.00217 0.00077 0.00019 2.5e-05 0 0 
1 0.95191 0.86821 0.74374 0.589845 0.433675 0.30034 0.19819 0.12816 0.081865 0.05007 0.02974 0.01672 0.00906 0.00478 0.002505 0.00127 0.000685 0.000365 0.00023 
