1 0.800432 0.513114 0.211171 0.0361456 0.00109964 2.885e-06 0 0 0 0 0 0 0 0 0 0 0 0 0 
1 0.800305 0.512792 0.211031 0.0361542 0.00114539 2.165e-06 0 0 0 0 0 0 0 0 0 0 0 0 0 
1 0.800329 0.512902 0.211087 0.0360928 0.00111768 2e-06 0 0 0 0 0 0 0 0 0 0 0 0 0 
1 0.800183 0.512486 0.210506 0.0360111 0.00112914 2.5e-06 0 0 0 0 0 0 0 0 0 0 0 0 0 
1 0.79981 0.51232 0.210844 0.0359858 0.00110687 2.29e-06 0 0 0 0 0 0 0 0 0 0 0 0 0 
1 0.799936 0.512075 0.21028 0.0357791 0.00108961 1.37e-06 0 0 0 0 0 0 0 0 0 0 0 0 0 
1 0.800208 0.512674 0.210945 0.0361348 0.00109537 1.775e-06 0 0 0 0 0 0 0 0 0 0 0 0 0 
1 0.800032 0.512264 0.210362 0.035914 0.00113303 2.575e-06 0 0 0 0 0 0 0 0 0 0 0 0 0 
1 0.800283 0.512726 0.210777 0.0359434 0.00111208 1.56e-06 0 0 0 0 0 0 0 0 0 0 0 0 0 
1 0.79975 0.511755 0.210046 0.0357869 0.00108644 1.65e-06 0 0 0 0 0 0 0 0 0 0 0 0 0 
1 0.800261 0.512484 0.210779 0.0359857 0.00113526 1.435e-06 0 0 0 0 0 0 0 0 0 0 0 0 0 
1 0.799755 0.511855 0.210174 0.0357152 0.00109388 1.88e-06 0 0 0 0 0 0 0 0 0 0 0 0 0 
1 0.7998 0.511784 0.210008 0.0356969 0.00107083 2.65e-06 0 0 0 0 0 0 0 0 0 0 0 0 0 
1 0.800316 0.512932 0.211198 0.0361904 0.00111335 2.21e-06 0 0 0 0 0 0 0 0 0 0 0 0 0 
1 0.800152 0.512526 0.210776 0.0359076 0.00108577 9.3e-07 0 0 0 0 0 0 0 0 0 0 0 0 0 
1 0.800374 0.51306 0.211081 0.0361398 0.0011392 1.47e-06 0 0 0 0 0 0 0 0 0 0 0 0 0 
1 0.799605 0.511564 0.209967 0.0357562 0.0011008 1.76e-06 0 0 0 0 0 0 0 0 0 0 0 0 0 
1 0.800747 0.513678 0.211999 0.0362543 0.00112665 1.575e-06 0 0 0 0 0 0 0 0 0 0 0 0 0 
1 0.800182 0.512313 0.210453 0.0358871 0.00112803 2.22e-06 0 0 0 0 0 0 0 0 0 0 0 0 0 
1 0.800498 0.513188 0.211162 0.036022 0.00108096 1.88e-06 0 0 0 0 0 0 0 0 0 0 0 0 0 
1 0.799893 0.511798 0.209885 0.0355988 0.00107503 2.55e-06 0 0 0 0 0 0 0 0 0 0 0 0 0 
1 0.799563 0.511088 0.209214 0.0353459 0.00104654 2.305e-06 0 0 0 0 0 0 0 0 0 0 0 0 0 
1 0.800489 0.51323 0.211464 0.0362605 0.00109859 2.205e-06 0 0 0 0 0 0 0 0 0 0 0 0 0 
1 0.79965 0.51202 0.210317 0.0359008 0.00112084 1.595e-06 0 0 0 0 0 0 0 0 0 0 0 0 0 
1 0.800055 0.512625 0.210757 0.0358692 0.0010999 2.7e-06 0 0 0 0 0 0 0 0 0 0 0 0 0 
1 0.800307 0.512822 0.210941 0.0360024 0.00109182 2.025e-06 0 0 0 0 0 0 0 0 0 0 0 0 0 
1 0.799878 0.512044 0.210186 0.0358864 0.00109423 2.28e-06 0 0 0 0 0 0 0 0 0 0 0 0 0 
1 0.799889 0.512295 0.210474 0.0358511 0.00109324 1.9e-06 0 0 0 0 0 0 0 0 0 0 0 0 0 
1 0.799739 0.5118 0.210131 0.0358396 0.00111569 3.49e-06 0 0 0 0 0 0 0 0 0 0 0 0 0 
1 0.799887 0.512047 0.210054 0.0356735 0.00107179 1.465e-06 0 0 0 0 0 0 0 0 0 0 0 0 0 
1 0.800122 0.512638 0.210749 0.0359892 0.00111879 3.185e-06 0 0 0 0 0 0 0 0 0 0 0 0 0 
1 0.799962 0.512152 0.210104 0.0356764 0.00105903 1.845e-06 0 0 0 0 0 0 0 0 0 0 0 0 0 
1 0.800026 0.512074 0.21045 0.0358407 0.00112277 3.08e-06 0 0 0 0 0 0 0 0 0 0 0 0 0 
1 0.800257 0.51253 0.21053 0.0358551 0.00109185 2.125e-06 0 0 0 0 0 0 0 0 0 0 0 0 0 
1 0.800382 0.513099 0.211234 0.0361579 0.00109591 1.235e-06 0 0 0 0 0 0 0 0 0 0 0 0 0 
1 0.79956 0.5113 0.209444 0.0355227 0.00108685 2.625e-06 0 0 0 0 0 0 0 0 0 0 0 0 0 
1 0.800024 0.512055 0.210292 0.0359011 0.00111955 2.78e-06 0 0 0 0 0 0 0 0 0 0 0 0 0 
1 0.800026 0.512434 0.210415 0.0358536 0.00108473 1.425e-06 0 0 0 0 0 0 0 0 0 0 0 0 0 
1 0.800396 0.512979 0.211107 0.0361863 0.00109678 1.77e-06 0 0 0 0 0 0 0 0 0 0 0 0 0 
1 0.801088 0.514165 0.212186 0.0364734 0.00113094 1.51e-06 0 0 0 0 0 0 0 0 0 0 0 0 0 
1 0.799613 0.511219 0.209325 0.0353786 0.0010536 2.395e-06 0 0 0 0 0 0 0 0 0 0 0 0 0 
1 0.800044 0.512047 0.210031 0.0356656 0.00111035 2.205e-06 0 0 0 0 0 0 0 0 0 0 0 0 0 
1 0.800068 0.512119 0.210312 0.0358032 0.00107883 2.57e-06 0 0 0 0 0 0 0 0 0 0 0 0 0 
1 0.800511 0.51312 0.211317 0.0362597 0.00111043 1.725e-06 0 0 0 0 0 0 0 0 0 0 0 0 0 
1 0.800056 0.512345 0.210602 0.0359779 0.00111292 2.67e-06 0 0 0 0 0 0 0 0 0 0 0 0 0 
1 0.799764 0.511857 0.210007 0.0356932 0.00108129 1.92e-06 0 0 0 0 0 0 0 0 0 0 0 0 0 
1 0.799667 0.511383 0.209124 0.0352036 0.00106605 1.62e-06 0 0 0 0 0 0 0 0 0 0 0 0 0 
1 0.800203 0.512547 0.210908 0.0360821 0.00111356 2.265e-06 0 0 0 0 0 0 0 0 0 0 0 0 0 
1 0.80026 0.512644 0.210628 0.035996 0.00113727 2.32e-06 0 0 0 0 0 0 0 0 0 0 0 0 0 
1 0.799913 0.512044 0.21027 0.035838 0.00109786 2.55e-06 0 0 0 0 0 0 0 0 0 0 0 0 0 
1 0.800524 0.51326 0.211348 0.0361828 0.00111289 2.005e-06 0 0 0 0 0 0 0 0 0 0 0 0 0 
1 0.79936 0.511184 0.209321 0.0355535 0.00110972 2.955e-06 0 0 0 0 0 0 0 0 0 0 0 0 0 
1 0.800118 0.512318 0.210533 0.0359051 0.00113509 2.77e-06 0 0 0 0 0 0 0 0 0 0 0 0 0 
1 0.800313 0.512763 0.210809 0.0358569 0.00108469 1.865e-06 0 0 0 0 0 0 0 0 0 0 0 0 0 
1 0.799556 0.511201 0.209168 0.0354443 0.00108084 2.305e-06 0 0 0 0 0 0 0 0 0 0 0 0 0 
1 0.799907 0.512046 0.210097 0.0356393 0.00107832 2.12e-06 0 0 0 0 0 0 0 0 0 0 0 0 0 
1 0.799918 0.512169 0.210191 0.0357754 0.00108199 1.845e-06 0 0 0 0 0 0 0 0 0 0 0 0 0 
1 0.800223 0.512703 0.21081 0.036047 0.00110266 2.555e-06 0 0 0 0 0 0 0 0 0 0 0 0 0 
1 0.799264 0.510625 0.208991 0.0353575 0.00103136 1.665e-06 1.55e-07 0 0 0 0 0 0 0 0 0 0 0 0 
1 0.800158 0.51237 0.210253 0.0356512 0.0011013 1.94e-06 0 0 0 0 0 0 0 0 0 0 0 0 0 
1 0.799904 0.511893 0.21 0.0357515 0.00108424 1.33e-06 0 0 0 0 0 0 0 0 0 0 0 0 0 
1 0.800329 0.512928 0.210888 0.0359956 0.0011059 1.585e-06 0 0 0 0 0 0 0 0 0 0 0 0 0 
1 0.800303 0.512962 0.211103 0.03612 0.00111061 2.155e-06 0 0 0 0 0 0 0 0 0 0 0 0 0 
1 0.799859 0.511632 0.209784 0.0355836 0.00107688 1.265e-06 0 0 0 0 0 0 0 0 0 0 0 0 0 
1 0.800279 0.51282 0.210879 0.036023 0.0011237 3.3e-06 0 0 0 0 0 0 0 0 0 0 0 0 0 
1 0.799786 0.511878 0.209909 0.0356589 0.00109934 2.37e-06 0 0 0 0 0 0 0 0 0 0 0 0 0 
1 0.799722 0.511866 0.210198 0.0357738 0.00109287 3.32e-06 0 0 0 0 0 0 0 0 0 0 0 0 0 
1 0.800447 0.513011 0.211258 0.0362154 0.00112782 1.78e-06 0 0 0 0 0 0 0 0 0 0 0 0 0 
1 0.799516 0.511137 0.209522 0.0354926 0.00109015 2.015e-06 0 0 0 0 0 0 0 0 0 0 0 0 0 
1 0.799566 0.511382 0.209606 0.0354052 0.001051 1.92e-06 0 0 0 0 0 0 0 0 0 0 0 0 0 
1 0.800104 0.512373 0.210669 0.0359734 0.00108034 2.39e-06 0 0 0 0 0 0 0 0 0 0 0 0 0 
1 0.800544 0.51312 0.211335 0.0361801 0.00113139 1.875e-06 0 0 0 0 0 0 0 0 0 0 0 0 0 
1 0.799617 0.511583 0.209627 0.0355146 0.00108756 2.855e-06 0 0 0 0 0 0 0 0 0 0 0 0 0 
1 0.799811 0.511921 0.210129 0.0358476 0.00111737 2.525e-06 0 0 0 0 0 0 0 0 0 0 0 0 0 
1 0.800317 0.512628 0.21067 0.0358841 0.00111168 1.61e-06 0 0 0 0 0 0 0 0 0 0 0 0 0 
1 0.799458 0.511411 0.20979 0.0357811 0.0011058 2.46e-06 0 0 0 0 0 0 0 0 0 0 0 0 0 
1 0.799467 0.511195 0.209478 0.0355604 0.00109348 2.555e-06 0 0 0 0 0 0 0 0 0 0 0 0 0 
1 0.799981 0.512256 0.210444 0.035825 0.0010856 1.77e-06 0 0 0 0 0 0 0 0 0 0 0 0 0 
1 0.8005 0.512999 0.211143 0.0360465 0.00111497 2.445e-06 0 0 0 0 0 0 0 0 0 0 0 0 0 
1 0.800058 0.512342 0.210418 0.0357806 0.0011162 2.885e-06 0 0 0 0 0 0 0 0 0 0 0 0 0 
1 0.799978 0.511676 0.209983 0.0356251 0.00108096 1.29e-06 0 0 0 0 0 0 0 0 0 0 0 0 0 
1 0.80044 0.513111 0.210986 0.0360104 0.00110265 2.215e-06 0 0 0 0 0 0 0 0 0 0 0 0 0 
1 0.799999 0.511788 0.209883 0.0357169 0.00108126 1.225e-06 0 0 0 0 0 0 0 0 0 0 0 0 0 
1 0.800015 0.512184 0.210426 0.0359276 0.00111267 2.85e-06 0 0 0 0 0 0 0 0 0 0 0 0 0 
1 0.800097 0.512594 0.210744 0.0361044 0.00111318 3.41e-06 0 0 0 0 0 0 0 0 0 0 0 0 0 
1 0.799105 0.510513 0.208622 0.0352047 0.00108257 1.55e-06 0 0 0 0 0 0 0 0 0 0 0 0 0 
1 0.799645 0.511557 0.209643 0.0355967 0.00108082 2.17e-06 0 0 0 0 0 0 0 0 0 0 0 0 0 
1 0.799888 0.511911 0.210042 0.0358061 0.00108106 1.47e-06 0 0 0 0 0 0 0 0 0 0 0 0 0 
1 0.800343 0.513239 0.211555 0.0362001 0.00111541 2.37e-06 0 0 0 0 0 0 0 0 0 0 0 0 0 
1 0.800478 0.513184 0.211592 0.0362521 0.00111248 1.96e-06 0 0 0 0 0 0 0 0 0 0 0 0 0 
1 0.799676 0.511593 0.209506 0.0353214 0.001062 3.285e-06 0 0 0 0 0 0 0 0 0 0 0 0 0 
1 0.800242 0.512764 0.21112 0.0361463 0.00111707 3.085e-06 0 0 0 0 0 0 0 0 0 0 0 0 0 
1 0.799825 0.511784 0.209905 0.0356863 0.00108777 1.605e-06 0 0 0 0 0 0 0 0 0 0 0 0 0 
1 0.800212 0.512343 0.210444 0.0359505 0.0010929 1.865e-06 9e-08 0 0 0 0 0 0 0 0 0 0 0 0 
1 0.799787 0.511514 0.209712 0.0356381 0.00109053 2.22e-06 0 0 0 0 0 0 0 0 0 0 0 0 0 
1 0.80128 0.514507 0.212282 0.0365623 0.00114684 2.65e-06 0 0 0 0 0 0 0 0 0 0 0 0 0 
1 0.800259 0.512451 0.210309 0.0358345 0.00109139 1.71e-06 0 0 0 0 0 0 0 0 0 0 0 0 0 
1 0.799303 0.511014 0.209167 0.035454 0.00105575 2.305e-06 0 0 0 0 0 0 0 0 0 0 0 0 0 
1 0.800021 0.512496 0.210624 0.0360569 0.00110616 2.21e-06 0 0 0 0 0 0 0 0 0 0 0 0 0 
1 0.799552 0.5113 0.209638 0.0355422 0.00107682 2.995e-06 0 0 0 0 0 0 0 0 0 0 0 0 0 
1 0.799951 0.512242 0.210402 0.0359194 0.00112104 2.46e-06 0 0 0 0 0 0 0 0 0 0 0 0 0 
1 0.79969 0.511528 0.209626 0.0355935 0.00108252 2.565e-06 0 0 0 0 0 0 0 0 0 0 0 0 0 
1 0.799849 0.512004 0.209986 0.0356593 0.00107183 1.18e-06 0 0 0 0 0 0 0 0 0 0 0 0 0 
1 0.800466 0.513244 0.211235 0.0361504 0.00113763 2.685e-06 0 0 0 0 0 0 0 0 0 0 0 0 0 
1 0.799744 0.511403 0.209595 0.0355297 0.00107516 1.595e-06 0 0 0 0 0 0 0 0 0 0 0 0 0 
1 0.799675 0.511215 0.20935 0.0354209 0.00106684 1.665e-06 0 0 0 0 0 0 0 0 0 0 0 0 0 
1 0.800425 0.512944 0.211168 0.0361704 0.00112671 2.36e-06 0 0 0 0 0 0 0 0 0 0 0 0 0 
1 0.799975 0.512176 0.210471 0.0359431 0.0010786 2.235e-06 0 0 0 0 0 0 0 0 0 0 0 0 0 
1 0.800069 0.512435 0.210671 0.0359534 0.00108643 1.94e-06 0 0 0 0 0 0 0 0 0 0 0 0 0 
1 0.800698 0.513552 0.211921 0.0364993 0.00113771 2.04e-06 0 0 0 0 0 0 0 0 0 0 0 0 0 
1 0.800139 0.512454 0.210764 0.0361117 0.00113071 2.93e-06 0 0 0 0 0 0 0 0 0 0 0 0 0 
1 0.800125 0.512459 0.210619 0.0359597 0.0011004 9.5e-07 0 0 0 0 0 0 0 0 0 0 0 0 0 
1 0.799843 0.511909 0.20999 0.0355469 0.00109268 2.445e-06 0 0 0 0 0 0 0 0 0 0 0 0 0 
1 0.800115 0.512295 0.210595 0.0359501 0.00109912 1.235e-06 0 0 0 0 0 0 0 0 0 0 0 0 0 
1 0.799479 0.511165 0.20935 0.035479 0.0010552 2.3e-06 0 0 0 0 0 0 0 0 0 0 0 0 0 
1 0.800446 0.513057 0.211434 0.0362717 0.00114117 1.845e-06 0 0 0 0 0 0 0 0 0 0 0 0 0 
1 0.79987 0.511844 0.210152 0.0356963 0.00112133 2.785e-06 0 0 0 0 0 0 0 0 0 0 0 0 0 
1 0.799861 0.51173 0.209909 0.0358001 0.00110424 2.225e-06 0 0 0 0 0 0 0 0 0 0 0 0 0 
1 0.800038 0.512312 0.210278 0.0357796 0.0010966 4.095e-06 0 0 0 0 0 0 0 0 0 0 0 0 0 
1 0.800469 0.513043 0.21109 0.036111 0.00110087 1.905e-06 0 0 0 0 0 0 0 0 0 0 0 0 0 
1 0.800501 0.513116 0.211365 0.0361687 0.00111129 2.485e-06 0 0 0 0 0 0 0 0 0 0 0 0 0 
1 0.80006 0.512465 0.210762 0.0359477 0.00109217 2.43e-06 0 0 0 0 0 0 0 0 0 0 0 0 0 
1 0.799863 0.511393 0.209397 0.0354261 0.0010931 1.275e-06 0 0 0 0 0 0 0 0 0 0 0 0 0 
1 0.800434 0.512654 0.210674 0.0359838 0.00110656 1.035e-06 0 0 0 0 0 0 0 0 0 0 0 0 0 
1 0.799679 0.511468 0.209548 0.035624 0.00108551 1.365e-06 0 0 0 0 0 0 0 0 0 0 0 0 0 
1 0.799627 0.511591 0.209985 0.0356309 0.00107107 1.7e-06 0 0 0 0 0 0 0 0 0 0 0 0 0 
1 0.799947 0.512002 0.210359 0.0357539 0.00109364 1.57e-06 0 0 0 0 0 0 0 0 0 0 0 0 0 
1 0.8005 0.513311 0.211252 0.0361026 0.00112233 2.985e-06 0 0 0 0 0 0 0 0 0 0 0 0 0 
1 0.799838 0.511958 0.210476 0.0358523 0.00111347 1.515e-06 0 0 0 0 0 0 0 0 0 0 0 0 0 
1 0.800364 0.513056 0.211342 0.0361904 0.00113228 1.225e-06 0 0 0 0 0 0 0 0 0 0 0 0 0 
1 0.799642 0.511708 0.209725 0.0355374 0.00108223 2.5e-06 0 0 0 0 0 0 0 0 0 0 0 0 0 
1 0.800436 0.512786 0.210788 0.0359344 0.00112596 1.96e-06 0 0 0 0 0 0 0 0 0 0 0 0 0 
1 0.799445 0.511011 0.209069 0.0352751 0.00106623 1.43e-06 0 0 0 0 0 0 0 0 0 0 0 0 0 
1 0.800035 0.51228 0.210438 0.0358964 0.00109651 1.995e-06 1.7e-07 0 0 0 0 0 0 0 0 0 0 0 0 
1 0.800182 0.512585 0.210573 0.0358482 0.00110946 1.24e-06 0 0 0 0 0 0 0 0 0 0 0 0 0 
1 0.800517 0.513137 0.211221 0.0360914 0.0011285 2.31e-06 0 0 0 0 0 0 0 0 0 0 0 0 0 
1 0.799964 0.51218 0.210562 0.0360363 0.00110852 2.145e-06 0 0 0 0 0 0 0 0 0 0 0 0 0 
1 0.799581 0.511434 0.209676 0.0356454 0.00111124 3.27e-06 0 0 0 0 0 0 0 0 0 0 0 0 0 
1 0.799635 0.511547 0.209868 0.0357382 0.00108393 1.99e-06 0 0 0 0 0 0 0 0 0 0 0 0 0 
1 0.79955 0.511308 0.209445 0.0355013 0.00108809 2.23e-06 0 0 0 0 0 0 0 0 0 0 0 0 0 
1 0.800046 0.512213 0.210406 0.0358632 0.00109569 2.84e-06 0 0 0 0 0 0 0 0 0 0 0 0 0 
1 0.799554 0.511492 0.209998 0.035914 0.0011042 2.015e-06 0 0 0 0 0 0 0 0 0 0 0 0 0 
1 0.799879 0.511826 0.209987 0.0357613 0.00108455 1.36e-06 0 0 0 0 0 0 0 0 0 0 0 0 0 
1 0.800136 0.512294 0.210507 0.0359883 0.00113839 1.105e-06 0 0 0 0 0 0 0 0 0 0 0 0 0 
1 0.799658 0.511574 0.209842 0.0356561 0.00109009 9.4e-07 0 0 0 0 0 0 0 0 0 0 0 0 0 
1 0.799784 0.511693 0.209705 0.0356989 0.00110936 1.8e-06 0 0 0 0 0 0 0 0 0 0 0 0 0 
1 0.799906 0.512026 0.210507 0.0358013 0.0011078 2.09e-06 0 0 0 0 0 0 0 0 0 0 0 0 0 
1 0.79993 0.511997 0.210138 0.0356717 0.00109039 1.885e-06 0 0 0 0 0 0 0 0 0 0 0 0 0 
1 0.800049 0.51228 0.210512 0.0358685 0.00113204 2.87e-06 0 0 0 0 0 0 0 0 0 0 0 0 0 
1 0.800115 0.512213 0.21032 0.0359181 0.00112393 1.4e-06 0 0 0 0 0 0 0 0 0 0 0 0 0 
1 0.800043 0.512 0.210293 0.0358791 0.00112357 3.32e-06 0 0 0 0 0 0 0 0 0 0 0 0 0 
1 0.800452 0.512611 0.210407 0.0357744 0.00108901 2.285e-06 0 0 0 0 0 0 0 0 0 0 0 0 0 
1 0.799932 0.512361 0.210581 0.0359125 0.00111705 2.02e-06 0 0 0 0 0 0 0 0 0 0 0 0 0 
1 0.799831 0.512045 0.210243 0.0356735 0.0010969 1.54e-06 0 0 0 0 0 0 0 0 0 0 0 0 0 
1 0.800734 0.513328 0.211219 0.0360845 0.00113766 2.095e-06 0 0 0 0 0 0 0 0 0 0 0 0 0 
1 0.799991 0.511872 0.209826 0.035628 0.0011023 1.985e-06 0 0 0 0 0 0 0 0 0 0 0 0 0 
1 0.800484 0.513031 0.211382 0.0361074 0.00112768 1.935e-06 0 0 0 0 0 0 0 0 0 0 0 0 0 
1 0.799454 0.510926 0.209024 0.0352898 0.00106245 1.545e-06 0 0 0 0 0 0 0 0 0 0 0 0 0 
1 0.800356 0.512725 0.211174 0.0362117 0.00112201 1.835e-06 0 0 0 0 0 0 0 0 0 0 0 0 0 
1 0.800551 0.512966 0.210821 0.0360319 0.00111045 1.74e-06 0 0 0 0 0 0 0 0 0 0 0 0 0 
1 0.800594 0.513672 0.212025 0.0365307 0.0011207 2.52e-06 0 0 0 0 0 0 0 0 0 0 0 0 0 
1 0.800041 0.512391 0.210154 0.0356218 0.00107492 2.25e-06 0 0 0 0 0 0 0 0 0 0 0 0 0 
1 0.800419 0.512795 0.210824 0.0359758 0.00111953 1.71e-06 0 0 0 0 0 0 0 0 0 0 0 0 0 
1 0.800296 0.512616 0.210819 0.0360025 0.00111161 2.67e-06 0 0 0 0 0 0 0 0 0 0 0 0 0 
1 0.799728 0.511806 0.210196 0.0357672 0.00109911 2.01e-06 0 0 0 0 0 0 0 0 0 0 0 0 0 
1 0.799997 0.51205 0.21024 0.0356944 0.00109042 1.67e-06 0 0 0 0 0 0 0 0 0 0 0 0 0 
1 0.800637 0.513405 0.211415 0.0362189 0.00111487 2.49e-06 0 0 0 0 0 0 0 0 0 0 0 0 0 
1 0.800077 0.512428 0.210618 0.0360524 0.00111286 1.735e-06 0 0 0 0 0 0 0 0 0 0 0 0 0 
1 0.799944 0.512043 0.210318 0.03582 0.00108005 2.215e-06 0 0 0 0 0 0 0 0 0 0 0 0 0 
1 0.800326 0.512921 0.211197 0.0361933 0.00113532 1.77e-06 0 0 0 0 0 0 0 0 0 0 0 0 0 
1 0.800781 0.513769 0.212053 0.0364561 0.00112194 1.95e-06 0 0 0 0 0 0 0 0 0 0 0 0 0 
1 0.800601 0.513479 0.211664 0.0362998 0.00113313 2.03e-06 0 0 0 0 0 0 0 0 0 0 0 0 0 
1 0.800131 0.512303 0.210169 0.0356228 0.00107914 2.76e-06 0 0 0 0 0 0 0 0 0 0 0 0 0 
1 0.800201 0.512439 0.210406 0.0357465 0.00109104 2.16e-06 0 0 0 0 0 0 0 0 0 0 0 0 0 
1 0.800073 0.512207 0.210298 0.0357361 0.00107562 1.39e-06 0 0 0 0 0 0 0 0 0 0 0 0 0 
1 0.799833 0.511841 0.210009 0.0358134 0.00108487 2.335e-06 0 0 0 0 0 0 0 0 0 0 0 0 0 
1 0.799997 0.512449 0.210525 0.0358443 0.00109138 2.41e-06 0 0 0 0 0 0 0 0 0 0 0 0 0 
1 0.799787 0.511689 0.210245 0.0358768 0.00106087 1.715e-06 0 0 0 0 0 0 0 0 0 0 0 0 0 
1 0.800939 0.514345 0.212525 0.0366176 0.00115332 2.505e-06 0 0 0 0 0 0 0 0 0 0 0 0 0 
1 0.799704 0.511434 0.209647 0.0355703 0.00109049 1.045e-06 0 0 0 0 0 0 0 0 0 0 0 0 0 
1 0.799891 0.511958 0.209979 0.0356472 0.00110286 2.465e-06 0 0 0 0 0 0 0 0 0 0 0 0 0 
1 0.799783 0.511466 0.209413 0.0354627 0.00106713 2.16e-06 0 0 0 0 0 0 0 0 0 0 0 0 0 
1 0.800151 0.512412 0.210456 0.0357809 0.00111302 1.52e-06 0 0 0 0 0 0 0 0 0 0 0 0 0 
1 0.799584 0.511195 0.209414 0.0354016 0.00103505 1.08e-06 0 0 0 0 0 0 0 0 0 0 0 0 0 
1 0.80025 0.51276 0.210929 0.035969 0.00112985 2.41e-06 0 0 0 0 0 0 0 0 0 0 0 0 0 
1 0.800198 0.512749 0.210779 0.0360004 0.00112832 2.21e-06 0 0 0 0 0 0 0 0 0 0 0 0 0 
1 0.799687 0.511494 0.209861 0.0357278 0.00109402 2.98e-06 0 0 0 0 0 0 0 0 0 0 0 0 0 
1 0.800148 0.512558 0.21064 0.0359008 0.00109622 2.455e-06 0 0 0 0 0 0 0 0 0 0 0 0 0 
1 0.799903 0.512012 0.210168 0.0356606 0.00107708 1.315e-06 0 0 0 0 0 0 0 0 0 0 0 0 0 
1 0.800409 0.512763 0.211062 0.0362103 0.00114816 1.425e-06 0 0 0 0 0 0 0 0 0 0 0 0 0 
1 0.800658 0.51348 0.211387 0.0362789 0.00114819 1.565e-06 0 0 0 0 0 0 0 0 0 0 0 0 0 
1 0.799995 0.511975 0.209965 0.0354678 0.00105093 1.77e-06 0 0 0 0 0 0 0 0 0 0 0 0 0 
1 0.800459 0.512959 0.210798 0.0360275 0.00111761 2.47e-06 0 0 0 0 0 0 0 0 0 0 0 0 0 
1 0.800768 0.513528 0.211549 0.0362409 0.00112474 1.805e-06 0 0 0 0 0 0 0 0 0 0 0 0 0 
1 0.800087 0.512353 0.210644 0.0359515 0.00110319 3.085e-06 0 0 0 0 0 0 0 0 0 0 0 0 0 
1 0.799787 0.51163 0.209978 0.0357572 0.00110335 2.5e-06 0 0 0 0 0 0 0 0 0 0 0 0 0 
1 0.799524 0.511049 0.209134 0.0353871 0.00108368 7.95e-07 0 0 0 0 0 0 0 0 0 0 0 0 0 
1 0.800566 0.513384 0.21162 0.0363047 0.00114476 2.19e-06 0 0 0 0 0 0 0 0 0 0 0 0 0 
1 0.800609 0.513538 0.211845 0.0363342 0.00110274 2.02e-06 0 0 0 0 0 0 0 0 0 0 0 0 0 
1 0.800268 0.513048 0.211201 0.0361876 0.00113631 2.9e-06 0 0 0 0 0 0 0 0 0 0 0 0 0 
1 0.799376 0.511074 0.209121 0.0354793 0.00106652 1.855e-06 0 0 0 0 0 0 0 0 0 0 0 0 0 
1 0.800137 0.512785 0.211162 0.0360702 0.00111633 9.15e-07 0 0 0 0 0 0 0 0 0 0 0 0 0 
1 0.799966 0.512074 0.210231 0.035801 0.00109599 1.905e-06 0 0 0 0 0 0 0 0 0 0 0 0 0 
1 0.800117 0.512299 0.210312 0.0357876 0.00111345 1.05e-06 0 0 0 0 0 0 0 0 0 0 0 0 0 
1 0.799767 0.511428 0.209779 0.0356596 0.00108797 2.97e-06 0 0 0 0 0 0 0 0 0 0 0 0 0 
1 0.79993 0.511908 0.210105 0.035677 0.00109788 2.16e-06 0 0 0 0 0 0 0 0 0 0 0 0 0 
1 0.80039 0.512998 0.211155 0.0362069 0.00111665 2.51e-06 0 0 0 0 0 0 0 0 0 0 0 0 0 
1 0.800154 0.512474 0.210634 0.0358686 0.00112386 1.39e-06 0 0 0 0 0 0 0 0 0 0 0 0 0 
1 0.79999 0.51212 0.209939 0.035528 0.0010758 1.885e-06 0 0 0 0 0 0 0 0 0 0 0 0 0 
1 0.799949 0.511985 0.209941 0.0356708 0.00111846 2.325e-06 0 0 0 0 0 0 0 0 0 0 0 0 0 
1 0.799755 0.512099 0.210459 0.0359076 0.00114152 1.35e-06 0 0 0 0 0 0 0 0 0 0 0 0 0 
1 0.799839 0.512007 0.210244 0.0358773 0.001074 1.76e-06 0 0 0 0 0 0 0 0 0 0 0 0 0 
1 0.799654 0.511717 0.209919 0.0357248 0.00108418 2.3e-06 0 0 0 0 0 0 0 0 0 0 0 0 0 
1 0.799696 0.511551 0.209768 0.0355792 0.00109542 1.795e-06 0 0 0 0 0 0 0 0 0 0 0 0 0 
1 0.799336 0.511269 0.209578 0.035649 0.00109823 1.155e-06 0 0 0 0 0 0 0 0 0 0 0 0 0 
1 0.800355 0.512613 0.21052 0.0358061 0.00111019 2.265e-06 0 0 0 0 0 0 0 0 0 0 0 0 0 
1 0.799834 0.511634 0.209891 0.0356033 0.00109876 2.32e-06 0 0 0 0 0 0 0 0 0 0 0 0 0 
1 0.800507 0.513067 0.211135 0.0360163 0.00110702 8.15e-07 0 0 0 0 0 0 0 0 0 0 0 0 0 
1 0.799572 0.511501 0.209936 0.0356235 0.00108854 1.785e-06 0 0 0 0 0 0 0 0 0 0 0 0 0 
1 0.799808 0.511664 0.209856 0.0356502 0.00108412 2.08e-06 0 0 0 0 0 0 0 0 0 0 0 0 0 
1 0.800056 0.512245 0.210104 0.0355183 0.00105587 1.94e-06 0 0 0 0 0 0 0 0 0 0 0 0 0 
1 0.799422 0.510984 0.209108 0.0353183 0.00106384 2.07e-06 0 0 0 0 0 0 0 0 0 0 0 0 0 
1 0.800227 0.512882 0.210878 0.0359532 0.00111181 2.27e-06 0 0 0 0 0 0 0 0 0 0 0 0 0 
1 0.799179 0.510859 0.209104 0.0353757 0.00106816 2.645e-06 0 0 0 0 0 0 0 0 0 0 0 0 0 
1 0.800277 0.513002 0.211338 0.0360959 0.00111211 2.01e-06 0 0 0 0 0 0 0 0 0 0 0 0 0 
1 0.799154 0.510836 0.2089 0.0353045 0.00107831 2.165e-06 0 0 0 0 0 0 0 0 0 0 0 0 0 
1 0.799231 0.510683 0.208859 0.0352685 0.00105415 1.635e-06 0 0 0 0 0 0 0 0 0 0 0 0 0 
1 0.800167 0.512482 0.210843 0.0359195 0.00112264 2.03e-06 0 0 0 0 0 0 0 0 0 0 0 0 0 
1 0.799611 0.511475 0.209831 0.0356675 0.0011003 2.395e-06 0 0 0 0 0 0 0 0 0 0 0 0 0 
1 0.799935 0.511812 0.210081 0.0357819 0.00109264 2.525e-06 0 0 0 0 0 0 0 0 0 0 0 0 0 
1 0.800066 0.512419 0.210708 0.0360488 0.00114038 2.13e-06 0 0 0 0 0 0 0 0 0 0 0 0 0 
1 0.799901 0.512132 0.2104 0.0359064 0.0011031 3.6e-06 0 0 0 0 0 0 0 0 0 0 0 0 0 
1 0.799966 0.512234 0.210289 0.0357704 0.00111032 2.28e-06 0 0 0 0 0 0 0 0 0 0 0 0 0 
1 0.800008 0.512133 0.210215 0.0356477 0.00107937 3.645e-06 0 0 0 0 0 0 0 0 0 0 0 0 0 
1 0.800054 0.512269 0.210378 0.0358096 0.00107826 1.32e-06 0 0 0 0 0 0 0 0 0 0 0 0 0 
1 0.800378 0.51266 0.21088 0.0359633 0.00111845 2.685e-06 0 0 0 0 0 0 0 0 0 0 0 0 0 
1 0.800295 0.512694 0.210966 0.0360508 0.00108997 2.4e-06 0 0 0 0 0 0 0 0 0 0 0 0 0 
1 0.799785 0.511836 0.210085 0.0357075 0.00108716 1.995e-06 0 0 0 0 0 0 0 0 0 0 0 0 0 
1 0.800686 0.513501 0.21132 0.0361073 0.00111878 1.975e-06 0 0 0 0 0 0 0 0 0 0 0 0 0 
1 0.799672 0.51149 0.209844 0.0357593 0.00109521 3.51e-06 0 0 0 0 0 0 0 0 0 0 0 0 0 
1 0.800133 0.512312 0.210538 0.0359483 0.00111202 2.62e-06 0 0 0 0 0 0 0 0 0 0 0 0 0 
1 0.799802 0.511755 0.209923 0.0357116 0.00111899 2.065e-06 0 0 0 0 0 0 0 0 0 0 0 0 0 
1 0.800302 0.512695 0.210804 0.0360707 0.0010989 1.21e-06 0 0 0 0 0 0 0 0 0 0 0 0 0 
1 0.799575 0.511347 0.209648 0.0356106 0.00108397 2.385e-06 0 0 0 0 0 0 0 0 0 0 0 0 0 
1 0.800202 0.512624 0.210523 0.0357692 0.00110551 2.82e-06 0 0 0 0 0 0 0 0 0 0 0 0 0 
1 0.799878 0.511833 0.209812 0.0355885 0.00109113 1.95e-06 0 0 0 0 0 0 0 0 0 0 0 0 0 
1 0.799335 0.510728 0.208746 0.0352157 0.00106428 1.465e-06 0 0 0 0 0 0 0 0 0 0 0 0 0 
1 0.799583 0.511685 0.209791 0.0356323 0.00107968 1.59e-06 0 0 0 0 0 0 0 0 0 0 0 0 0 
1 0.79967 0.511378 0.209623 0.0356638 0.00110795 1.145e-06 0 0 0 0 0 0 0 0 0 0 0 0 0 
1 0.800162 0.512565 0.210929 0.0360628 0.001113 1.96e-06 0 0 0 0 0 0 0 0 0 0 0 0 0 
1 0.7997 0.511663 0.210123 0.0358224 0.00111953 1.355e-06 0 0 0 0 0 0 0 0 0 0 0 0 0 
1 0.799565 0.511311 0.209553 0.0355654 0.00106365 1.395e-06 0 0 0 0 0 0 0 0 0 0 0 0 0 
1 0.800026 0.512295 0.21042 0.0357433 0.00111141 1.1e-06 0 0 0 0 0 0 0 0 0 0 0 0 0 
1 0.79979 0.512107 0.210234 0.035816 0.00108977 1.435e-06 0 0 0 0 0 0 0 0 0 0 0 0 0 
1 0.800277 0.513023 0.211057 0.0361507 0.00109976 1.745e-06 0 0 0 0 0 0 0 0 0 0 0 0 0 
1 0.800285 0.512711 0.210999 0.0360639 0.00110071 2.18e-06 0 0 0 0 0 0 0 0 0 0 0 0 0 
1 0.800075 0.512143 0.210262 0.0357791 0.00108221 1.66e-06 0 0 0 0 0 0 0 0 0 0 0 0 0 
1 0.799921 0.511899 0.210223 0.0357809 0.00109161 1.995e-06 0 0 0 0 0 0 0 0 0 0 0 0 0 
1 0.800214 0.512658 0.210856 0.0360984 0.00112359 2.39e-06 0 0 0 0 0 0 0 0 0 0 0 0 0 
1 0.799469 0.511265 0.209462 0.035485 0.0010822 2.66e-06 0 0 0 0 0 0 0 0 0 0 0 0 0 
1 0.800251 0.512702 0.210735 0.0358588 0.00108806 2.04e-06 0 0 0 0 0 0 0 0 0 0 0 0 0 
1 0.799885 0.512113 0.210213 0.0355462 0.00108234 9.55e-07 0 0 0 0 0 0 0 0 0 0 0 0 0 
1 0.799624 0.511346 0.209356 0.0353759 0.00106821 1.81e-06 0 0 0 0 0 0 0 0 0 0 0 0 0 
1 0.8 0.51243 0.210664 0.0358782 0.00109499 2.3e-06 0 0 0 0 0 0 0 0 0 0 0 0 0 
1 0.800107 0.512561 0.210939 0.0360256 0.00110709 1.49e-06 0 0 0 0 0 0 0 0 0 0 0 0 0 
1 0.799958 0.512407 0.210548 0.0359016 0.0011045 2.985e-06 0 0 0 0 0 0 0 0 0 0 0 0 0 
1 0.799906 0.512183 0.210399 0.0359298 0.00108708 1.375e-06 0 0 0 0 0 0 0 0 0 0 0 0 0 
1 0.799777 0.511993 0.210106 0.0357652 0.00109182 2.84e-06 0 0 0 0 0 0 0 0 0 0 0 0 0 
1 0.799994 0.512303 0.210366 0.0357279 0.00108864 2.6e-06 0 0 0 0 0 0 0 0 0 0 0 0 0 
1 0.800051 0.512199 0.210011 0.0355295 0.00108204 1.755e-06 0 0 0 0 0 0 0 0 0 0 0 0 0 
1 0.799669 0.511395 0.209448 0.0354768 0.00108805 2.655e-06 0 0 0 0 0 0 0 0 0 0 0 0 0 
1 0.799936 0.512298 0.210633 0.0360222 0.0011254 1.725e-06 0 0 0 0 0 0 0 0 0 0 0 0 0 
1 0.800037 0.512189 0.210246 0.0357589 0.00107835 1.825e-06 0 0 0 0 0 0 0 0 0 0 0 0 0 
1 0.800757 0.513632 0.211758 0.0363529 0.00111442 1.56e-06 0 0 0 0 0 0 0 0 0 0 0 0 0 
1 0.79946 0.51129 0.209654 0.0356235 0.00108295 1.715e-06 0 0 0 0 0 0 0 0 0 0 0 0 0 
1 0.79988 0.511964 0.209973 0.035646 0.00110379 3.15e-06 0 0 0 0 0 0 0 0 0 0 0 0 0 
1 0.799797 0.511748 0.209803 0.0356168 0.00104989 1.455e-06 0 0 0 0 0 0 0 0 0 0 0 0 0 
1 0.799912 0.51222 0.210094 0.0356484 0.00106906 1.41e-06 0 0 0 0 0 0 0 0 0 0 0 0 0 
1 0.800724 0.513528 0.211964 0.0364637 0.00114528 1.03e-06 0 0 0 0 0 0 0 0 0 0 0 0 0 
1 0.799772 0.51178 0.210148 0.0356546 0.0011087 2.805e-06 0 0 0 0 0 0 0 0 0 0 0 0 0 
1 0.800093 0.512452 0.210497 0.0358617 0.0011075 1.65e-06 0 0 0 0 0 0 0 0 0 0 0 0 0 
1 0.800208 0.512606 0.210706 0.0360707 0.00113286 1.48e-06 0 0 0 0 0 0 0 0 0 0 0 0 0 
1 0.799047 0.510585 0.208854 0.0352286 0.00107065 1.92e-06 0 0 0 0 0 0 0 0 0 0 0 0 0 
1 0.800439 0.513253 0.211308 0.0361844 0.00112601 1.43e-06 0 0 0 0 0 0 0 0 0 0 0 0 0 
1 0.800174 0.512665 0.21066 0.0357722 0.00108442 2.035e-06 0 0 0 0 0 0 0 0 0 0 0 0 0 
1 0.800112 0.512257 0.210123 0.0356664 0.0010918 2.02e-06 0 0 0 0 0 0 0 0 0 0 0 0 0 
1 0.800313 0.513237 0.2116 0.0362036 0.00113412 2.035e-06 0 0 0 0 0 0 0 0 0 0 0 0 0 
1 0.800656 0.513639 0.211733 0.0363315 0.00111963 2.065e-06 0 0 0 0 0 0 0 0 0 0 0 0 0 
1 0.800002 0.512472 0.2106 0.0360496 0.00112981 3.3e-06 0 0 0 0 0 0 0 0 0 0 0 0 0 
1 0.799901 0.511871 0.209968 0.0357376 0.00111044 1.185e-06 0 0 0 0 0 0 0 0 0 0 0 0 0 
1 0.800665 0.5134 0.211591 0.0362628 0.00113133 1.605e-06 0 0 0 0 0 0 0 0 0 0 0 0 0 
1 0.799949 0.512263 0.210521 0.0358229 0.00110401 2.68e-06 0 0 0 0 0 0 0 0 0 0 0 0 0 
1 0.799858 0.511937 0.210258 0.0356854 0.00107077 1.435e-06 0 0 0 0 0 0 0 0 0 0 0 0 0 
1 0.799747 0.511944 0.210018 0.0357103 0.00107965 1.06e-06 0 0 0 0 0 0 0 0 0 0 0 0 0 
1 0.800064 0.512276 0.210509 0.0359844 0.00109442 1.745e-06 0 0 0 0 0 0 0 0 0 0 0 0 0 
1 0.799687 0.51151 0.209844 0.0356986 0.00110874 2.655e-06 0 0 0 0 0 0 0 0 0 0 0 0 0 
1 0.800041 0.512146 0.210257 0.0358654 0.00111419 2.675e-06 0 0 0 0 0 0 0 0 0 0 0 0 0 
1 0.800225 0.512487 0.210377 0.0357616 0.00108079 1.7e-06 0 0 0 0 0 0 0 0 0 0 0 0 0 
1 0.799356 0.510826 0.209148 0.0354792 0.00109405 2.435e-06 0 0 0 0 0 0 0 0 0 0 0 0 0 
1 0.799773 0.511491 0.209846 0.0356325 0.00109491 9.45e-07 0 0 0 0 0 0 0 0 0 0 0 0 0 
1 0.799662 0.511797 0.209972 0.0356815 0.00110108 1.39e-06 0 0 0 0 0 0 0 0 0 0 0 0 0 
1 0.80069 0.51342 0.21138 0.036205 0.00109996 2.1e-06 0 0 0 0 0 0 0 0 0 0 0 0 0 
1 0.80052 0.513303 0.211234 0.0362039 0.00112994 1.725e-06 0 0 0 0 0 0 0 0 0 0 0 0 0 
1 0.800586 0.513575 0.211643 0.0363265 0.00114014 1.91e-06 0 0 0 0 0 0 0 0 0 0 0 0 0 
1 0.800093 0.512369 0.210438 0.035857 0.00110737 1.995e-06 0 0 0 0 0 0 0 0 0 0 0 0 0 
1 0.799939 0.512146 0.210562 0.035968 0.00112131 1.48e-06 0 0 0 0 0 0 0 0 0 0 0 0 0 
1 0.799947 0.511966 0.210084 0.0357592 0.00109385 1.98e-06 0 0 0 0 0 0 0 0 0 0 0 0 0 
1 0.79982 0.511836 0.210266 0.0357768 0.00110241 2.5e-06 0 0 0 0 0 0 0 0 0 0 0 0 0 
1 0.800668 0.513326 0.211303 0.0361864 0.00112753 2.76e-06 0 0 0 0 0 0 0 0 0 0 0 0 0 
1 0.800039 0.512401 0.210393 0.0357002 0.00108699 2.78e-06 0 0 0 0 0 0 0 0 0 0 0 0 0 
1 0.799857 0.511851 0.209983 0.0356052 0.00107121 1.17e-06 0 0 0 0 0 0 0 0 0 0 0 0 0 
1 0.799296 0.510772 0.208825 0.0352659 0.00103154 1.335e-06 0 0 0 0 0 0 0 0 0 0 0 0 0 
1 0.800858 0.513534 0.211284 0.0360262 0.001117 1.63e-06 0 0 0 0 0 0 0 0 0 0 0 0 0 
1 0.800613 0.513409 0.211716 0.0363453 0.00113448 3.075e-06 0 0 0 0 0 0 0 0 0 0 0 0 0 
1 0.79993 0.5121 0.21039 0.0357514 0.00107118 1.61e-06 0 0 0 0 0 0 0 0 0 0 0 0 0 
1 0.800195 0.512841 0.211009 0.0360641 0.00109805 2.05e-06 0 0 0 0 0 0 0 0 0 0 0 0 0 
1 0.80047 0.513107 0.211106 0.0361282 0.00111035 1.73e-06 0 0 0 0 0 0 0 0 0 0 0 0 0 
1 0.79986 0.512026 0.210385 0.0359429 0.00111214 1.13e-06 0 0 0 0 0 0 0 0 0 0 0 0 0 
1 0.799934 0.512163 0.210127 0.0355455 0.00110507 2.52e-06 0 0 0 0 0 0 0 0 0 0 0 0 0 
1 0.799935 0.511951 0.209812 0.0355328 0.00109695 2.085e-06 0 0 0 0 0 0 0 0 0 0 0 0 0 
1 0.799779 0.511766 0.209566 0.0354717 0.00107678 1.385e-06 0 0 0 0 0 0 0 0 0 0 0 0 0 
1 0.799764 0.511524 0.209534 0.0354871 0.00106123 2.44e-06 0 0 0 0 0 0 0 0 0 0 0 0 0 
1 0.800217 0.512905 0.211075 0.0360634 0.00110375 2.12e-06 0 0 0 0 0 0 0 0 0 0 0 0 0 
1 0.800202 0.512561 0.210507 0.0358736 0.00110154 2.095e-06 0 0 0 0 0 0 0 0 0 0 0 0 0 
1 0.79958 0.51138 0.20971 0.0356222 0.00109411 1.99e-06 0 0 0 0 0 0 0 0 0 0 0 0 0 
1 0.799997 0.512355 0.210532 0.035857 0.00113407 2.93e-06 0 0 0 0 0 0 0 0 0 0 0 0 0 
1 0.800153 0.512537 0.210722 0.0358595 0.00108562 2.65e-06 0 0 0 0 0 0 0 0 0 0 0 0 0 
1 0.800488 0.513037 0.210882 0.0360699 0.00111138 1.625e-06 0 0 0 0 0 0 0 0 0 0 0 0 0 
1 0.800126 0.512516 0.210712 0.0360369 0.00109105 1.395e-06 0 0 0 0 0 0 0 0 0 0 0 0 0 
1 0.800077 0.512191 0.210279 0.0358825 0.00109708 1.605e-06 0 0 0 0 0 0 0 0 0 0 0 0 0 
1 0.800461 0.512955 0.211079 0.0359737 0.00108796 2.555e-06 0 0 0 0 0 0 0 0 0 0 0 0 0 
1 0.800463 0.513093 0.211287 0.0361421 0.00112955 1.26e-06 0 0 0 0 0 0 0 0 0 0 0 0 0 
1 0.800831 0.513885 0.212022 0.0365532 0.00114195 1.45e-06 0 0 0 0 0 0 0 0 0 0 0 0 0 
1 0.800469 0.512984 0.211074 0.0360132 0.00111898 2.23e-06 0 0 0 0 0 0 0 0 0 0 0 0 0 
1 0.800151 0.512607 0.21068 0.0360025 0.00111634 1.695e-06 0 0 0 0 0 0 0 0 0 0 0 0 0 
1 0.800408 0.513109 0.211138 0.0361322 0.00112095 2.67e-06 0 0 0 0 0 0 0 0 0 0 0 0 0 
1 0.80015 0.512835 0.211206 0.0360538 0.00108771 1.91e-06 0 0 0 0 0 0 0 0 0 0 0 0 0 
1 0.80017 0.512349 0.210352 0.0358198 0.00109263 1.63e-06 0 0 0 0 0 0 0 0 0 0 0 0 0 
1 0.799755 0.511907 0.210224 0.0357742 0.00114689 1.91e-06 0 0 0 0 0 0 0 0 0 0 0 0 0 
1 0.80005 0.512174 0.210335 0.0357521 0.00108247 2.095e-06 0 0 0 0 0 0 0 0 0 0 0 0 0 
1 0.800165 0.512748 0.210692 0.0359273 0.00112335 2.43e-06 0 0 0 0 0 0 0 0 0 0 0 0 0 
1 0.799948 0.511921 0.209998 0.0357421 0.00110245 1.465e-06 0 0 0 0 0 0 0 0 0 0 0 0 0 
1 0.799219 0.510679 0.208811 0.0353006 0.00104778 3.26e-06 0 0 0 0 0 0 0 0 0 0 0 0 0 
1 0.799921 0.512083 0.210142 0.03577 0.00106925 1.575e-06 0 0 0 0 0 0 0 0 0 0 0 0 0 
1 0.799733 0.511644 0.209826 0.0355826 0.00110119 1.365e-06 0 0 0 0 0 0 0 0 0 0 0 0 0 
1 0.800008 0.512499 0.210726 0.0360311 0.00113437 3.94e-06 0 0 0 0 0 0 0 0 0 0 0 0 0 
1 0.799754 0.511947 0.21034 0.0358617 0.0011091 2.765e-06 0 0 0 0 0 0 0 0 0 0 0 0 0 
1 0.801036 0.514281 0.212541 0.0366687 0.00116465 1.955e-06 0 0 0 0 0 0 0 0 0 0 0 0 0 
1 0.799734 0.511668 0.209914 0.0356838 0.00108533 1.435e-06 0 0 0 0 0 0 0 0 0 0 0 0 0 
1 0.799876 0.51166 0.209826 0.0356642 0.0010892 1.085e-06 0 0 0 0 0 0 0 0 0 0 0 0 0 
1 0.799658 0.511306 0.209417 0.035437 0.00106089 2.345e-06 0 0 0 0 0 0 0 0 0 0 0 0 0 
1 0.799682 0.511804 0.21005 0.0358508 0.00111085 1.325e-06 0 0 0 0 0 0 0 0 0 0 0 0 0 
1 0.800057 0.511843 0.21004 0.0358246 0.00108935 3.39e-06 0 0 0 0 0 0 0 0 0 0 0 0 0 
1 0.799587 0.511185 0.20954 0.0355301 0.00108392 2.665e-06 0 0 0 0 0 0 0 0 0 0 0 0 0 
1 0.800826 0.513825 0.212036 0.0362915 0.0011309 1.325e-06 0 0 0 0 0 0 0 0 0 0 0 0 0 
1 0.799675 0.511562 0.209431 0.0354613 0.00106909 2.185e-06 0 0 0 0 0 0 0 0 0 0 0 0 0 
1 0.800526 0.51344 0.211396 0.0361337 0.00110178 2.47e-06 0 0 0 0 0 0 0 0 0 0 0 0 0 
1 0.799653 0.511543 0.209808 0.0356904 0.00109992 3.61e-06 0 0 0 0 0 0 0 0 0 0 0 0 0 
1 0.80024 0.512915 0.210993 0.0360613 0.00111326 1.97e-06 0 0 0 0 0 0 0 0 0 0 0 0 0 
1 0.800061 0.511949 0.209904 0.0357789 0.00108213 2.7e-06 0 0 0 0 0 0 0 0 0 0 0 0 0 
1 0.801217 0.514827 0.212794 0.036659 0.00115376 2.61e-06 0 0 0 0 0 0 0 0 0 0 0 0 0 
1 0.799678 0.511692 0.210018 0.0356027 0.00107213 1.24e-06 0 0 0 0 0 0 0 0 0 0 0 0 0 
1 0.800084 0.512529 0.210964 0.0361919 0.00111226 2.275e-06 0 0 0 0 0 0 0 0 0 0 0 0 0 
1 0.799728 0.511386 0.20949 0.035572 0.00108486 2.07e-06 0 0 0 0 0 0 0 0 0 0 0 0 0 
1 0.800208 0.512717 0.210967 0.0361157 0.0011362 1.1e-06 0 0 0 0 0 0 0 0 0 0 0 0 0 
1 0.799585 0.510915 0.20898 0.0352328 0.00104605 1.63e-06 0 0 0 0 0 0 0 0 0 0 0 0 0 
1 0.800511 0.513216 0.211454 0.0362231 0.0011013 1.87e-06 0 0 0 0 0 0 0 0 0 0 0 0 0 
1 0.800127 0.512281 0.210294 0.0357677 0.00108074 1.98e-06 0 0 0 0 0 0 0 0 0 0 0 0 0 
1 0.800016 0.512263 0.210299 0.0356642 0.00108427 1.32e-06 0 0 0 0 0 0 0 0 0 0 0 0 0 
1 0.799545 0.511373 0.209625 0.0355252 0.00108899 1.77e-06 0 0 0 0 0 0 0 0 0 0 0 0 0 
1 0.799488 0.511356 0.209655 0.035513 0.00107446 2.25e-06 0 0 0 0 0 0 0 0 0 0 0 0 0 
1 0.799858 0.511955 0.210189 0.0356911 0.00109162 1.785e-06 0 0 0 0 0 0 0 0 0 0 0 0 0 
1 0.799643 0.511788 0.209821 0.035487 0.00105506 2.02e-06 0 0 0 0 0 0 0 0 0 0 0 0 0 
1 0.799439 0.510939 0.209006 0.0353736 0.00108629 2.32e-06 0 0 0 0 0 0 0 0 0 0 0 0 0 
1 0.799961 0.512229 0.21026 0.0357979 0.00108134 1.62e-06 0 0 0 0 0 0 0 0 0 0 0 0 0 
1 0.799935 0.512023 0.210207 0.0358136 0.00106008 2.29e-06 0 0 0 0 0 0 0 0 0 0 0 0 0 
1 0.800426 0.513049 0.211169 0.0360958 0.00110033 2.25e-06 0 0 0 0 0 0 0 0 0 0 0 0 0 
1 0.800357 0.512789 0.210981 0.0359436 0.00109342 2.54e-06 0 0 0 0 0 0 0 0 0 0 0 0 0 
1 0.800461 0.512921 0.21126 0.0361784 0.00113476 2.04e-06 0 0 0 0 0 0 0 0 0 0 0 0 0 
1 0.800284 0.513024 0.211232 0.036186 0.00111902 1.57e-06 0 0 0 0 0 0 0 0 0 0 0 0 0 
1 0.799393 0.510817 0.209015 0.0353356 0.00104406 2.17e-06 0 0 0 0 0 0 0 0 0 0 0 0 0 
1 0.79982 0.511681 0.209808 0.0356866 0.00108518 2.555e-06 0 0 0 0 0 0 0 0 0 0 0 0 0 
1 0.800379 0.513228 0.21161 0.0362705 0.00112791 1.89e-06 0 0 0 0 0 0 0 0 0 0 0 0 0 
1 0.800043 0.512245 0.210594 0.0359777 0.00111573 2.26e-06 0 0 0 0 0 0 0 0 0 0 0 0 0 
1 0.79985 0.51202 0.210114 0.0356985 0.00109625 2.72e-06 0 0 0 0 0 0 0 0 0 0 0 0 0 
1 0.799744 0.5117 0.209954 0.0356201 0.00106479 2.835e-06 0 0 0 0 0 0 0 0 0 0 0 0 0 
1 0.799652 0.51141 0.209564 0.0355539 0.00105591 1.52e-06 0 0 0 0 0 0 0 0 0 0 0 0 0 
1 0.79994 0.512214 0.210547 0.0359386 0.00112971 1.335e-06 0 0 0 0 0 0 0 0 0 0 0 0 0 
1 0.799772 0.511688 0.209677 0.0355863 0.0010846 2.79e-06 0 0 0 0 0 0 0 0 0 0 0 0 0 
1 0.80041 0.513059 0.211105 0.0359973 0.00108547 2.38e-06 0 0 0 0 0 0 0 0 0 0 0 0 0 
1 0.799965 0.512289 0.210484 0.0357668 0.00109867 2.51e-06 0 0 0 0 0 0 0 0 0 0 0 0 0 
1 0.799691 0.511573 0.209983 0.0357329 0.00109746 2.04e-06 0 0 0 0 0 0 0 0 0 0 0 0 0 
1 0.7998 0.51163 0.209616 0.0356564 0.00108648 2.545e-06 0 0 0 0 0 0 0 0 0 0 0 0 0 
1 0.799641 0.511269 0.209451 0.0354201 0.00105168 1.82e-06 0 0 0 0 0 0 0 0 0 0 0 0 0 
1 0.80088 0.513475 0.211492 0.0361078 0.00110447 1.125e-06 0 0 0 0 0 0 0 0 0 0 0 0 0 
1 0.799854 0.51214 0.210408 0.0358649 0.0010817 1.54e-06 0 0 0 0 0 0 0 0 0 0 0 0 0 
1 0.800197 0.512541 0.210903 0.0360073 0.00113023 1.84e-06 0 0 0 0 0 0 0 0 0 0 0 0 0 
1 0.799312 0.510997 0.209016 0.0353674 0.00107017 2.085e-06 0 0 0 0 0 0 0 0 0 0 0 0 0 
1 0.79997 0.512188 0.210244 0.0358463 0.00110716 1.665e-06 0 0 0 0 0 0 0 0 0 0 0 0 0 
1 0.800222 0.51267 0.210805 0.0359572 0.00111864 2.39e-06 0 0 0 0 0 0 0 0 0 0 0 0 0 
1 0.800284 0.512832 0.210951 0.0360008 0.00110606 1.3e-06 0 0 0 0 0 0 0 0 0 0 0 0 0 
1 0.800184 0.512812 0.211225 0.0361312 0.00113091 1.475e-06 0 0 0 0 0 0 0 0 0 0 0 0 0 
1 0.799888 0.511917 0.210179 0.0356862 0.00108043 2.78e-06 0 0 0 0 0 0 0 0 0 0 0 0 0 
1 0.800057 0.512314 0.210557 0.0358523 0.00107666 2.52e-06 0 0 0 0 0 0 0 0 0 0 0 0 0 
1 0.799698 0.511424 0.209454 0.0354442 0.00106295 1.91e-06 0 0 0 0 0 0 0 0 0 0 0 0 0 
1 0.799703 0.511515 0.209567 0.0354596 0.00108525 1.545e-06 0 0 0 0 0 0 0 0 0 0 0 0 0 
1 0.799996 0.512277 0.210636 0.0359883 0.0011238 3.075e-06 0 0 0 0 0 0 0 0 0 0 0 0 0 
1 0.800329 0.513046 0.211167 0.0360996 0.00112958 1.995e-06 0 0 0 0 0 0 0 0 0 0 0 0 0 
1 0.799554 0.511339 0.209632 0.0357131 0.00113863 3.105e-06 0 0 0 0 0 0 0 0 0 0 0 0 0 
1 0.800065 0.51229 0.210558 0.0358705 0.00112546 2.175e-06 0 0 0 0 0 0 0 0 0 0 0 0 0 
1 0.800639 0.513395 0.211384 0.0361516 0.00109566 1.445e-06 0 0 0 0 0 0 0 0 0 0 0 0 0 
1 0.799621 0.511737 0.210249 0.0357811 0.00109526 2.115e-06 0 0 0 0 0 0 0 0 0 0 0 0 0 
1 0.800591 0.513245 0.211339 0.0361446 0.00110745 2.3e-06 0 0 0 0 0 0 0 0 0 0 0 0 0 
1 0.799716 0.511913 0.210236 0.0357672 0.00110572 2.095e-06 0 0 0 0 0 0 0 0 0 0 0 0 0 
1 0.800059 0.512208 0.210176 0.0356902 0.00108654 1.465e-06 0 0 0 0 0 0 0 0 0 0 0 0 0 
1 0.80012 0.512338 0.210491 0.0358538 0.00110065 2.31e-06 0 0 0 0 0 0 0 0 0 0 0 0 0 
1 0.799997 0.512143 0.21016 0.0357343 0.00107542 2.855e-06 0 0 0 0 0 0 0 0 0 0 0 0 0 
1 0.800075 0.512372 0.210391 0.0358733 0.00109937 2.44e-06 0 0 0 0 0 0 0 0 0 0 0 0 0 
1 0.800203 0.512612 0.21056 0.0359091 0.00110212 1.76e-06 0 0 0 0 0 0 0 0 0 0 0 0 0 
1 0.79972 0.51136 0.209661 0.0355965 0.00110297 1.865e-06 0 0 0 0 0 0 0 0 0 0 0 0 0 
1 0.799982 0.512179 0.210536 0.0358959 0.00110465 1.83e-06 0 0 0 0 0 0 0 0 0 0 0 0 0 
1 0.800028 0.512149 0.210219 0.035781 0.00107245 1.425e-06 0 0 0 0 0 0 0 0 0 0 0 0 0 
1 0.800218 0.51257 0.210648 0.0357873 0.00111237 3.115e-06 0 0 0 0 0 0 0 0 0 0 0 0 0 
1 0.80051 0.513272 0.211417 0.0363081 0.00113868 1.83e-06 0 0 0 0 0 0 0 0 0 0 0 0 0 
1 0.8004 0.51282 0.210955 0.0360856 0.00111917 2.365e-06 0 0 0 0 0 0 0 0 0 0 0 0 0 
1 0.799588 0.511175 0.209221 0.035417 0.00106576 1.125e-06 0 0 0 0 0 0 0 0 0 0 0 0 0 
1 0.799634 0.511508 0.209728 0.0356389 0.0010571 2.15e-06 0 0 0 0 0 0 0 0 0 0 0 0 0 
1 0.799388 0.511046 0.209152 0.0353376 0.00105603 1.205e-06 0 0 0 0 0 0 0 0 0 0 0 0 0 
1 0.79992 0.511979 0.210133 0.0356762 0.00108088 1.34e-06 0 0 0 0 0 0 0 0 0 0 0 0 0 
1 0.80049 0.513356 0.21183 0.0364763 0.00113211 2.205e-06 0 0 0 0 0 0 0 0 0 0 0 0 0 
1 0.800074 0.512075 0.21005 0.0356708 0.00111037 2.925e-06 0 0 0 0 0 0 0 0 0 0 0 0 0 
1 0.800416 0.512943 0.211018 0.0359523 0.00110953 1.35e-06 0 0 0 0 0 0 0 0 0 0 0 0 0 
1 0.800193 0.512459 0.210649 0.0359256 0.00110041 1.495e-06 0 0 0 0 0 0 0 0 0 0 0 0 0 
1 0.799869 0.511593 0.209513 0.0353623 0.00108275 2.125e-06 0 0 0 0 0 0 0 0 0 0 0 0 0 
1 0.79987 0.511898 0.209991 0.0357221 0.00110682 2.4e-06 0 0 0 0 0 0 0 0 0 0 0 0 0 
1 0.7998 0.511747 0.209695 0.0356247 0.00107431 2.85e-06 5e-08 0 0 0 0 0 0 0 0 0 0 0 0 
1 0.800125 0.512197 0.210263 0.0358753 0.00110126 1.725e-06 0 0 0 0 0 0 0 0 0 0 0 0 0 
1 0.799336 0.511168 0.209472 0.0355735 0.00107175 6.2e-07 0 0 0 0 0 0 0 0 0 0 0 0 0 
1 0.799749 0.511755 0.210157 0.0358149 0.00109015 1.505e-06 0 0 0 0 0 0 0 0 0 0 0 0 0 
1 0.799386 0.511413 0.209648 0.0355647 0.00107385 3.09e-06 0 0 0 0 0 0 0 0 0 0 0 0 0 
1 0.800273 0.51238 0.210854 0.0360838 0.00110661 1.78e-06 0 0 0 0 0 0 0 0 0 0 0 0 0 
1 0.800306 0.512719 0.210396 0.03563 0.00109691 2.64e-06 0 0 0 0 0 0 0 0 0 0 0 0 0 
1 0.800085 0.512383 0.210367 0.035942 0.00109876 1.835e-06 0 0 0 0 0 0 0 0 0 0 0 0 0 
1 0.800364 0.513003 0.211165 0.0361016 0.00110775 2.2e-06 0 0 0 0 0 0 0 0 0 0 0 0 0 
1 0.799162 0.510404 0.208346 0.0350972 0.00108711 2.13e-06 0 0 0 0 0 0 0 0 0 0 0 0 0 
1 0.799692 0.511765 0.21006 0.0358145 0.00107889 1.23e-06 0 0 0 0 0 0 0 0 0 0 0 0 0 
1 0.800291 0.512491 0.210449 0.0357194 0.00110327 3.185e-06 0 0 0 0 0 0 0 0 0 0 0 0 0 
1 0.799867 0.512122 0.2102 0.0357039 0.00110211 1.78e-06 0 0 0 0 0 0 0 0 0 0 0 0 0 
1 0.799804 0.511785 0.209901 0.0356154 0.00109843 8.2e-07 0 0 0 0 0 0 0 0 0 0 0 0 0 
1 0.80004 0.51243 0.210843 0.0360571 0.0010903 1.63e-06 0 0 0 0 0 0 0 0 0 0 0 0 0 
1 0.800524 0.513608 0.212013 0.03656 0.0011253 1.98e-06 0 0 0 0 0 0 0 0 0 0 0 0 0 
1 0.800656 0.513458 0.211413 0.0362351 0.00113912 1.54e-06 0 0 0 0 0 0 0 0 0 0 0 0 0 
1 0.800217 0.512616 0.210896 0.0360271 0.00110103 3.22e-06 0 0 0 0 0 0 0 0 0 0 0 0 0 
1 0.799933 0.51178 0.209998 0.0356449 0.00110425 2.7e-06 0 0 0 0 0 0 0 0 0 0 0 0 0 
1 0.801059 0.514612 0.212744 0.0368025 0.00112862 1.505e-06 0 0 0 0 0 0 0 0 0 0 0 0 0 
1 0.800216 0.512518 0.210703 0.0359984 0.00110414 1.615e-06 0 0 0 0 0 0 0 0 0 0 0 0 0 
1 0.800508 0.513009 0.210962 0.0360056 0.00110443 1.62e-06 0 0 0 0 0 0 0 0 0 0 0 0 0 
1 0.800871 0.513813 0.211736 0.0363658 0.00114681 2.025e-06 0 0 0 0 0 0 0 0 0 0 0 0 0 
1 0.799917 0.512275 0.210553 0.0358667 0.00110693 1.795e-06 0 0 0 0 0 0 0 0 0 0 0 0 0 
1 0.799982 0.512083 0.209889 0.0358427 0.00110305 1.615e-06 0 0 0 0 0 0 0 0 0 0 0 0 0 
1 0.799061 0.510357 0.208549 0.035237 0.00105141 2.825e-06 0 0 0 0 0 0 0 0 0 0 0 0 0 
1 0.800241 0.512901 0.211196 0.0362364 0.00111106 3.075e-06 9.5e-08 0 0 0 0 0 0 0 0 0 0 0 0 
1 0.799968 0.512149 0.210319 0.0359377 0.0011146 1.65e-06 0 0 0 0 0 0 0 0 0 0 0 0 0 
1 0.799543 0.511153 0.209255 0.0354312 0.001074 2.685e-06 0 0 0 0 0 0 0 0 0 0 0 0 0 
1 0.800106 0.512786 0.211129 0.0359963 0.00109436 1.59e-06 0 0 0 0 0 0 0 0 0 0 0 0 0 
1 0.799466 0.511219 0.209312 0.0354124 0.00105084 2.165e-06 0 0 0 0 0 0 0 0 0 0 0 0 0 
1 0.79972 0.51172 0.210269 0.0358718 0.00110589 2.51e-06 0 0 0 0 0 0 0 0 0 0 0 0 0 
1 0.799873 0.512114 0.210454 0.0359089 0.00110885 2.885e-06 0 0 0 0 0 0 0 0 0 0 0 0 0 
1 0.80014 0.512515 0.2109 0.0361964 0.00113018 1.825e-06 0 0 0 0 0 0 0 0 0 0 0 0 0 
1 0.799664 0.511573 0.209717 0.0354534 0.00106961 1.69e-06 0 0 0 0 0 0 0 0 0 0 0 0 0 
1 0.799933 0.512135 0.210252 0.0358793 0.00111452 1.81e-06 0 0 0 0 0 0 0 0 0 0 0 0 0 
1 0.800544 0.513044 0.211272 0.0361457 0.0011097 3.045e-06 0 0 0 0 0 0 0 0 0 0 0 0 0 
1 0.800073 0.512254 0.210458 0.0358351 0.00109068 2.76e-06 0 0 0 0 0 0 0 0 0 0 0 0 0 
1 0.799718 0.511617 0.209862 0.0356129 0.00108078 3.645e-06 0 0 0 0 0 0 0 0 0 0 0 0 0 
1 0.799947 0.512085 0.210295 0.0358619 0.00108481 1.875e-06 1.1e-07 0 0 0 0 0 0 0 0 0 0 0 0 
1 0.80011 0.512423 0.210505 0.0359361 0.00111261 2.035e-06 0 0 0 0 0 0 0 0 0 0 0 0 0 
1 0.800472 0.513105 0.211246 0.0361727 0.00112437 2.29e-06 0 0 0 0 0 0 0 0 0 0 0 0 0 
1 0.800403 0.513207 0.211428 0.0363392 0.00113622 2.565e-06 0 0 0 0 0 0 0 0 0 0 0 0 0 
1 0.800113 0.512346 0.210328 0.0357332 0.0010644 1.885e-06 0 0 0 0 0 0 0 0 0 0 0 0 0 
1 0.799791 0.511761 0.209927 0.0357322 0.001088 2.4e-06 0 0 0 0 0 0 0 0 0 0 0 0 0 
1 0.799858 0.51181 0.2101 0.0356105 0.00107781 1.4e-06 0 0 0 0 0 0 0 0 0 0 0 0 0 
1 0.800392 0.513021 0.211239 0.0361559 0.00111617 2.825e-06 0 0 0 0 0 0 0 0 0 0 0 0 0 
1 0.800325 0.512584 0.210763 0.0361164 0.00112417 2.95e-06 0 0 0 0 0 0 0 0 0 0 0 0 0 
1 0.799577 0.511128 0.209213 0.0354743 0.00107707 2.65e-06 0 0 0 0 0 0 0 0 0 0 0 0 0 
1 0.799531 0.51115 0.209336 0.0353856 0.00108287 1.965e-06 0 0 0 0 0 0 0 0 0 0 0 0 0 
1 0.799823 0.511588 0.209572 0.0355328 0.00108542 1.68e-06 1e-08 0 0 0 0 0 0 0 0 0 0 0 0 
1 0.80015 0.512216 0.21036 0.0358116 0.00109459 1.93e-06 0 0 0 0 0 0 0 0 0 0 0 0 0 
1 0.799678 0.511551 0.209706 0.0355743 0.00110466 2.115e-06 0 0 0 0 0 0 0 0 0 0 0 0 0 
1 0.800681 0.513747 0.211956 0.0363896 0.00113582 1.265e-06 0 0 0 0 0 0 0 0 0 0 0 0 0 
1 0.799851 0.512202 0.210147 0.0356885 0.00109116 1.68e-06 0 0 0 0 0 0 0 0 0 0 0 0 0 
1 0.800404 0.512944 0.211262 0.0360598 0.00111404 2.865e-06 0 0 0 0 0 0 0 0 0 0 0 0 0 
1 0.800063 0.512521 0.21083 0.0360007 0.00111102 2.385e-06 0 0 0 0 0 0 0 0 0 0 0 0 0 
1 0.800279 0.512291 0.210463 0.0358696 0.00110292 1.57e-06 0 0 0 0 0 0 0 0 0 0 0 0 0 
1 0.80028 0.512798 0.210907 0.0360997 0.00113016 2.885e-06 0 0 0 0 0 0 0 0 0 0 0 0 0 
1 0.799492 0.511504 0.209724 0.035526 0.00109224 2.545e-06 0 0 0 0 0 0 0 0 0 0 0 0 0 
1 0.800257 0.512691 0.210788 0.0359567 0.0011174 2.265e-06 0 0 0 0 0 0 0 0 0 0 0 0 0 
1 0.800048 0.512137 0.210221 0.0357136 0.0010571 3.255e-06 0 0 0 0 0 0 0 0 0 0 0 0 0 
1 0.800051 0.512337 0.210694 0.0359819 0.00109658 1.74e-06 0 0 0 0 0 0 0 0 0 0 0 0 0 
1 0.800102 0.512225 0.21033 0.0359079 0.00110727 1.68e-06 0 0 0 0 0 0 0 0 0 0 0 0 0 
1 0.799475 0.511397 0.209531 0.0356346 0.00110798 1.31e-06 0 0 0 0 0 0 0 0 0 0 0 0 0 
1 0.799895 0.511881 0.210044 0.0356683 0.00106582 1.235e-06 0 0 0 0 0 0 0 0 0 0 0 0 0 
1 0.80014 0.51239 0.210484 0.0358219 0.00107654 9.6e-07 0 0 0 0 0 0 0 0 0 0 0 0 0 
1 0.799815 0.511789 0.209587 0.03539 0.00107227 1.56e-06 0 0 0 0 0 0 0 0 0 0 0 0 0 
1 0.800119 0.512856 0.211134 0.036146 0.00113776 2.36e-06 0 0 0 0 0 0 0 0 0 0 0 0 0 
1 0.799988 0.512105 0.210486 0.0359563 0.0011164 1.91e-06 1.45e-07 0 0 0 0 0 0 0 0 0 0 0 0 
1 0.800361 0.513028 0.211228 0.0360797 0.00112767 3.26e-06 0 0 0 0 0 0 0 0 0 0 0 0 0 
1 0.800362 0.512789 0.210882 0.0358621 0.00108372 1.695e-06 0 0 0 0 0 0 0 0 0 0 0 0 0 
1 0.799666 0.511307 0.209565 0.0355373 0.00106808 2.61e-06 0 0 0 0 0 0 0 0 0 0 0 0 0 
1 0.800144 0.512573 0.210631 0.0358619 0.00110905 1.945e-06 0 0 0 0 0 0 0 0 0 0 0 0 0 
1 0.800018 0.512348 0.21046 0.035828 0.00109406 2.32e-06 0 0 0 0 0 0 0 0 0 0 0 0 0 
1 0.79976 0.511759 0.209807 0.0355707 0.00108186 2.79e-06 0 0 0 0 0 0 0 0 0 0 0 0 0 
1 0.800371 0.5133 0.211547 0.0361901 0.00110325 1.68e-06 0 0 0 0 0 0 0 0 0 0 0 0 0 
1 0.800826 0.514028 0.212231 0.0365375 0.00114151 1.92e-06 0 0 0 0 0 0 0 0 0 0 0 0 0 
1 0.799538 0.510969 0.20916 0.035438 0.00104871 1.575e-06 0 0 0 0 0 0 0 0 0 0 0 0 0 
1 0.800298 0.512742 0.211017 0.0360753 0.00110553 2.74e-06 0 0 0 0 0 0 0 0 0 0 0 0 0 
1 0.800215 0.512784 0.211034 0.0361122 0.00113673 2.82e-06 0 0 0 0 0 0 0 0 0 0 0 0 0 
1 0.800297 0.512773 0.21062 0.0357602 0.00111249 1.52e-06 0 0 0 0 0 0 0 0 0 0 0 0 0 
1 0.800043 0.512169 0.210174 0.0356733 0.00108586 2.72e-06 0 0 0 0 0 0 0 0 0 0 0 0 0 
1 0.800012 0.512058 0.210213 0.0357518 0.00106311 2.53e-06 0 0 0 0 0 0 0 0 0 0 0 0 0 
1 0.800084 0.512171 0.210338 0.0358656 0.00111203 2.995e-06 0 0 0 0 0 0 0 0 0 0 0 0 0 
1 0.80043 0.512741 0.210828 0.0360184 0.00110133 2.505e-06 0 0 0 0 0 0 0 0 0 0 0 0 0 
1 0.800059 0.512201 0.210181 0.0356595 0.00109198 1.2e-06 0 0 0 0 0 0 0 0 0 0 0 0 0 
1 0.800301 0.513307 0.21162 0.0361987 0.00110221 3.155e-06 0 0 0 0 0 0 0 0 0 0 0 0 0 
1 0.800264 0.512471 0.210578 0.0358602 0.00110019 1.31e-06 0 0 0 0 0 0 0 0 0 0 0 0 0 
1 0.800462 0.513248 0.211365 0.0362139 0.00115528 2.36e-06 0 0 0 0 0 0 0 0 0 0 0 0 0 
1 0.8004 0.512881 0.210881 0.0359745 0.00112795 1.755e-06 0 0 0 0 0 0 0 0 0 0 0 0 0 
1 0.800303 0.512826 0.211158 0.0360537 0.00112268 2.5e-06 0 0 0 0 0 0 0 0 0 0 0 0 0 
1 0.799527 0.511422 0.20952 0.0355031 0.00105727 2.52e-06 0 0 0 0 0 0 0 0 0 0 0 0 0 
1 0.800028 0.512572 0.211227 0.0361777 0.00113366 1.73e-06 0 0 0 0 0 0 0 0 0 0 0 0 0 
1 0.799566 0.511227 0.209182 0.0353451 0.00109096 1.785e-06 0 0 0 0 0 0 0 0 0 0 0 0 0 
1 0.800152 0.512615 0.210888 0.0361025 0.00114306 2.005e-06 0 0 0 0 0 0 0 0 0 0 0 0 0 
1 0.799015 0.509928 0.207976 0.0348841 0.00104417 1.665e-06 0 0 0 0 0 0 0 0 0 0 0 0 0 
1 0.799692 0.511728 0.209665 0.0355278 0.00108044 1.525e-06 0 0 0 0 0 0 0 0 0 0 0 0 0 
1 0.799961 0.512303 0.210446 0.0358211 0.00109198 2.255e-06 0 0 0 0 0 0 0 0 0 0 0 0 0 
1 0.800067 0.512157 0.21003 0.0356633 0.001094 2.19e-06 0 0 0 0 0 0 0 0 0 0 0 0 0 
1 0.799445 0.511017 0.209349 0.0355837 0.00108178 1.605e-06 0 0 0 0 0 0 0 0 0 0 0 0 0 
1 0.799651 0.511464 0.209665 0.035627 0.001078 1.7e-06 0 0 0 0 0 0 0 0 0 0 0 0 0 
1 0.80028 0.512882 0.210691 0.0358229 0.00109312 2.135e-06 0 0 0 0 0 0 0 0 0 0 0 0 0 
1 0.800034 0.512298 0.21038 0.0357619 0.00108275 1.655e-06 0 0 0 0 0 0 0 0 0 0 0 0 0 
1 0.800856 0.51372 0.211836 0.036323 0.00112823 2.785e-06 0 0 0 0 0 0 0 0 0 0 0 0 0 
1 0.799515 0.511015 0.20935 0.0355609 0.00109017 1.835e-06 0 0 0 0 0 0 0 0 0 0 0 0 0 
1 0.800527 0.513056 0.211147 0.0361029 0.00110185 3.075e-06 2.2e-07 0 0 0 0 0 0 0 0 0 0 0 0 
1 0.80046 0.513383 0.211307 0.0362158 0.00111724 2.165e-06 0 0 0 0 0 0 0 0 0 0 0 0 0 
1 0.800234 0.512587 0.210543 0.0359556 0.00109656 1.455e-06 0 0 0 0 0 0 0 0 0 0 0 0 0 
1 0.800557 0.513172 0.211318 0.0360042 0.00110117 3.575e-06 0 0 0 0 0 0 0 0 0 0 0 0 0 
1 0.799371 0.511123 0.209254 0.0354175 0.00107772 1.655e-06 0 0 0 0 0 0 0 0 0 0 0 0 0 
1 0.799593 0.511492 0.209902 0.0356398 0.00106373 1.825e-06 0 0 0 0 0 0 0 0 0 0 0 0 0 
1 0.799663 0.511863 0.210119 0.0358268 0.0011122 1.78e-06 0 0 0 0 0 0 0 0 0 0 0 0 0 
1 0.800491 0.513164 0.211348 0.0361873 0.00112222 2.695e-06 0 0 0 0 0 0 0 0 0 0 0 0 0 
1 0.799857 0.512015 0.21028 0.0357936 0.00109304 2.38e-06 0 0 0 0 0 0 0 0 0 0 0 0 0 
1 0.799702 0.511724 0.209988 0.035605 0.00106174 2.245e-06 0 0 0 0 0 0 0 0 0 0 0 0 0 
1 0.800336 0.513273 0.211701 0.036219 0.00112091 2.685e-06 0 0 0 0 0 0 0 0 0 0 0 0 0 
1 0.7997 0.511558 0.209913 0.0355468 0.00107221 2.39e-06 0 0 0 0 0 0 0 0 0 0 0 0 0 
1 0.800043 0.512169 0.21024 0.03581 0.00108878 1.23e-06 0 0 0 0 0 0 0 0 0 0 0 0 0 
1 0.799919 0.511797 0.209958 0.0356098 0.00107983 2.25e-06 0 0 0 0 0 0 0 0 0 0 0 0 0 
1 0.800144 0.512413 0.210562 0.0360616 0.00113772 2.68e-06 0 0 0 0 0 0 0 0 0 0 0 0 0 
1 0.799238 0.510343 0.208585 0.0352866 0.00108769 4.025e-06 0 0 0 0 0 0 0 0 0 0 0 0 0 
1 0.799771 0.511817 0.209997 0.0356229 0.00108722 1.465e-06 0 0 0 0 0 0 0 0 0 0 0 0 0 
1 0.799787 0.511471 0.209581 0.0356282 0.00108067 3.33e-06 0 0 0 0 0 0 0 0 0 0 0 0 0 
1 0.799916 0.511924 0.210041 0.0356733 0.00111119 2.685e-06 0 0 0 0 0 0 0 0 0 0 0 0 0 
1 0.800403 0.512952 0.211187 0.0359735 0.00108096 2.54e-06 0 0 0 0 0 0 0 0 0 0 0 0 0 
1 0.800388 0.51251 0.210522 0.0359554 0.00108493 2.605e-06 0 0 0 0 0 0 0 0 0 0 0 0 0 
1 0.799923 0.512169 0.21038 0.0359091 0.00110546 1.83e-06 0 0 0 0 0 0 0 0 0 0 0 0 0 
1 0.800351 0.512997 0.21128 0.0360739 0.00111228 1.76e-06 0 0 0 0 0 0 0 0 0 0 0 0 0 
1 0.799573 0.511343 0.209759 0.0355676 0.00107362 1.46e-06 0 0 0 0 0 0 0 0 0 0 0 0 0 
1 0.799517 0.511268 0.209738 0.0357376 0.00108748 1.955e-06 0 0 0 0 0 0 0 0 0 0 0 0 0 
1 0.800375 0.51273 0.210726 0.0359402 0.00109128 2.9e-06 5e-09 0 0 0 0 0 0 0 0 0 0 0 0 
1 0.800433 0.512848 0.210939 0.0359767 0.00111095 2.625e-06 7.5e-08 0 0 0 0 0 0 0 0 0 0 0 0 
1 0.799759 0.511546 0.209807 0.0356363 0.00109177 1.35e-06 0 0 0 0 0 0 0 0 0 0 0 0 0 
1 0.800721 0.513407 0.211337 0.0360973 0.00112891 1.755e-06 0 0 0 0 0 0 0 0 0 0 0 0 0 
1 0.799555 0.511117 0.209268 0.0353097 0.00105891 3.03e-06 0 0 0 0 0 0 0 0 0 0 0 0 0 
1 0.799818 0.511783 0.209891 0.0355891 0.00111576 2.85e-06 0 0 0 0 0 0 0 0 0 0 0 0 0 
1 0.799467 0.51113 0.20931 0.0353628 0.00106914 2e-06 0 0 0 0 0 0 0 0 0 0 0 0 0 
1 0.80057 0.513169 0.211128 0.0362828 0.00113114 2.885e-06 0 0 0 0 0 0 0 0 0 0 0 0 0 
1 0.799438 0.51114 0.209526 0.0355472 0.00108662 1.9e-06 0 0 0 0 0 0 0 0 0 0 0 0 0 
1 0.799932 0.51224 0.210568 0.0359891 0.00108644 1.395e-06 0 0 0 0 0 0 0 0 0 0 0 0 0 
1 0.799848 0.511754 0.210053 0.0355819 0.00107914 1.335e-06 0 0 0 0 0 0 0 0 0 0 0 0 0 
1 0.800166 0.512585 0.21048 0.0358154 0.00109996 2.385e-06 0 0 0 0 0 0 0 0 0 0 0 0 0 
1 0.799844 0.512074 0.210378 0.035798 0.00108985 2.435e-06 0 0 0 0 0 0 0 0 0 0 0 0 0 
1 0.799615 0.511126 0.209277 0.0354726 0.00107788 9.3e-07 0 0 0 0 0 0 0 0 0 0 0 0 0 
1 0.800035 0.512155 0.210172 0.0356987 0.0010958 2.12e-06 0 0 0 0 0 0 0 0 0 0 0 0 0 
1 0.800526 0.513311 0.211415 0.0362139 0.00110364 3.11e-06 0 0 0 0 0 0 0 0 0 0 0 0 0 
1 0.79977 0.511667 0.209981 0.0357039 0.001086 2.885e-06 0 0 0 0 0 0 0 0 0 0 0 0 0 
1 0.799985 0.512367 0.210694 0.036177 0.00114324 2.645e-06 0 0 0 0 0 0 0 0 0 0 0 0 0 
1 0.799953 0.512441 0.210744 0.0358352 0.00109436 1.98e-06 0 0 0 0 0 0 0 0 0 0 0 0 0 
1 0.800008 0.512237 0.210432 0.0359348 0.00112858 2.6e-06 0 0 0 0 0 0 0 0 0 0 0 0 0 
1 0.800905 0.513831 0.212051 0.0365248 0.00114043 3.01e-06 0 0 0 0 0 0 0 0 0 0 0 0 0 
1 0.799854 0.511816 0.210064 0.0355397 0.00106265 1.765e-06 0 0 0 0 0 0 0 0 0 0 0 0 0 
1 0.79953 0.511311 0.209364 0.0355132 0.00109067 3.13e-06 0 0 0 0 0 0 0 0 0 0 0 0 0 
1 0.799903 0.511681 0.209685 0.0355571 0.00106233 2.21e-06 0 0 0 0 0 0 0 0 0 0 0 0 0 
1 0.800255 0.512632 0.210886 0.0360072 0.0011007 1.49e-06 0 0 0 0 0 0 0 0 0 0 0 0 0 
1 0.800171 0.512381 0.210212 0.0357934 0.0011014 2.285e-06 0 0 0 0 0 0 0 0 0 0 0 0 0 
1 0.800227 0.512648 0.210447 0.0359169 0.00111118 1.59e-06 0 0 0 0 0 0 0 0 0 0 0 0 0 
1 0.800403 0.512907 0.21103 0.0359287 0.00111797 2.93e-06 0 0 0 0 0 0 0 0 0 0 0 0 0 
1 0.800662 0.513783 0.211997 0.0364303 0.00113031 1.92e-06 0 0 0 0 0 0 0 0 0 0 0 0 0 
1 0.800041 0.512371 0.210522 0.0358073 0.00106809 2.56e-06 0 0 0 0 0 0 0 0 0 0 0 0 0 
1 0.799624 0.511494 0.209459 0.0355757 0.0010865 2.205e-06 0 0 0 0 0 0 0 0 0 0 0 0 0 
1 0.79987 0.512152 0.210189 0.0358025 0.00111063 2.465e-06 0 0 0 0 0 0 0 0 0 0 0 0 0 
1 0.800293 0.512536 0.210704 0.0360035 0.00113634 2.82e-06 0 0 0 0 0 0 0 0 0 0 0 0 0 
1 0.800328 0.512916 0.211221 0.0361674 0.00111896 1.81e-06 0 0 0 0 0 0 0 0 0 0 0 0 0 
1 0.799971 0.511957 0.209977 0.0355257 0.001102 8.75e-07 0 0 0 0 0 0 0 0 0 0 0 0 0 
1 0.799683 0.511466 0.209902 0.0356436 0.00107081 1.18e-06 0 0 0 0 0 0 0 0 0 0 0 0 0 
1 0.799672 0.511489 0.209621 0.0354884 0.00107828 3.16e-06 0 0 0 0 0 0 0 0 0 0 0 0 0 
1 0.79959 0.511611 0.209844 0.0357061 0.00111633 2.965e-06 0 0 0 0 0 0 0 0 0 0 0 0 0 
1 0.80004 0.512346 0.210424 0.0359132 0.0010872 2.045e-06 0 0 0 0 0 0 0 0 0 0 0 0 0 
1 0.800458 0.512916 0.210973 0.0360464 0.00111472 1.235e-06 0 0 0 0 0 0 0 0 0 0 0 0 0 
1 0.800199 0.512332 0.210423 0.0359728 0.00110983 1.97e-06 0 0 0 0 0 0 0 0 0 0 0 0 0 
1 0.79948 0.511395 0.209416 0.0354426 0.00105275 1.795e-06 0 0 0 0 0 0 0 0 0 0 0 0 0 
1 0.799603 0.51101 0.209067 0.0353476 0.00108172 1.82e-06 0 0 0 0 0 0 0 0 0 0 0 0 0 
1 0.800844 0.513819 0.211841 0.0364807 0.00112575 2.26e-06 0 0 0 0 0 0 0 0 0 0 0 0 0 
1 0.800062 0.512316 0.210041 0.0357379 0.00109964 1.455e-06 0 0 0 0 0 0 0 0 0 0 0 0 0 
1 0.799711 0.511736 0.209939 0.0355844 0.00108325 2.495e-06 0 0 0 0 0 0 0 0 0 0 0 0 0 
1 0.799617 0.511355 0.209284 0.0353828 0.00110113 2.62e-06 0 0 0 0 0 0 0 0 0 0 0 0 0 
1 0.800257 0.512627 0.210576 0.0357218 0.00109851 2.805e-06 0 0 0 0 0 0 0 0 0 0 0 0 0 
1 0.800421 0.512886 0.211021 0.0362292 0.00111138 2.185e-06 0 0 0 0 0 0 0 0 0 0 0 0 0 
1 0.799448 0.511175 0.209675 0.0354926 0.00106387 2.005e-06 0 0 0 0 0 0 0 0 0 0 0 0 0 
1 0.799728 0.511446 0.209453 0.035362 0.00109973 1.845e-06 0 0 0 0 0 0 0 0 0 0 0 0 0 
1 0.79971 0.51167 0.210145 0.0359038 0.00112 2.14e-06 1.25e-07 0 0 0 0 0 0 0 0 0 0 0 0 
1 0.800079 0.512255 0.210731 0.0359996 0.00113199 2.7e-06 0 0 0 0 0 0 0 0 0 0 0 0 0 
1 0.800643 0.513736 0.212008 0.0363957 0.00111362 2.895e-06 0 0 0 0 0 0 0 0 0 0 0 0 0 
1 0.800198 0.512714 0.210945 0.0359952 0.00110943 2.31e-06 0 0 0 0 0 0 0 0 0 0 0 0 0 
1 0.799424 0.511038 0.209314 0.0353748 0.00106605 1.17e-06 0 0 0 0 0 0 0 0 0 0 0 0 0 
1 0.800109 0.512457 0.210821 0.0360806 0.00113462 2.26e-06 0 0 0 0 0 0 0 0 0 0 0 0 0 
1 0.799622 0.511178 0.20909 0.0354406 0.00106163 2.65e-06 0 0 0 0 0 0 0 0 0 0 0 0 0 
1 0.80032 0.512979 0.211051 0.036055 0.00111355 1.61e-06 0 0 0 0 0 0 0 0 0 0 0 0 0 
1 0.800021 0.512451 0.210808 0.0359807 0.00111089 2.76e-06 0 0 0 0 0 0 0 0 0 0 0 0 0 
1 0.800112 0.512413 0.210715 0.0359656 0.00109991 1.425e-06 0 0 0 0 0 0 0 0 0 0 0 0 0 
1 0.799517 0.510934 0.208894 0.0353149 0.00105668 2.01e-06 0 0 0 0 0 0 0 0 0 0 0 0 0 
1 0.800351 0.512552 0.210544 0.0358878 0.00108444 1.565e-06 0 0 0 0 0 0 0 0 0 0 0 0 0 
1 0.799778 0.512091 0.210505 0.0358843 0.00109743 3.315e-06 0 0 0 0 0 0 0 0 0 0 0 0 0 
1 0.799536 0.511415 0.20975 0.0356356 0.00109812 3.255e-06 0 0 0 0 0 0 0 0 0 0 0 0 0 
1 0.79992 0.511823 0.209913 0.0356029 0.00110569 1.49e-06 0 0 0 0 0 0 0 0 0 0 0 0 0 
1 0.79951 0.511539 0.209916 0.035713 0.00110896 2.185e-06 0 0 0 0 0 0 0 0 0 0 0 0 0 
1 0.799454 0.510902 0.209055 0.0354241 0.00110485 3.115e-06 0 0 0 0 0 0 0 0 0 0 0 0 0 
1 0.799951 0.511876 0.209841 0.035686 0.00109196 2.045e-06 0 0 0 0 0 0 0 0 0 0 0 0 0 
1 0.800229 0.512671 0.211059 0.0361763 0.00113516 3.68e-06 0 0 0 0 0 0 0 0 0 0 0 0 0 
1 0.800098 0.5122 0.210225 0.0356783 0.00108504 1.685e-06 0 0 0 0 0 0 0 0 0 0 0 0 0 
1 0.799852 0.51164 0.209559 0.0355119 0.00108406 2.415e-06 0 0 0 0 0 0 0 0 0 0 0 0 0 
1 0.799329 0.510839 0.209078 0.035333 0.0010591 2.105e-06 0 0 0 0 0 0 0 0 0 0 0 0 0 
1 0.800133 0.512254 0.210584 0.0358951 0.00110404 1.55e-06 0 0 0 0 0 0 0 0 0 0 0 0 0 
1 0.799992 0.512201 0.210489 0.0359697 0.00110303 1.385e-06 0 0 0 0 0 0 0 0 0 0 0 0 0 
1 0.799507 0.511272 0.209539 0.0354828 0.00105705 1.545e-06 0 0 0 0 0 0 0 0 0 0 0 0 0 
1 0.79961 0.511551 0.209968 0.0356503 0.00107861 1.68e-06 0 0 0 0 0 0 0 0 0 0 0 0 0 
1 0.800489 0.513106 0.211123 0.0361437 0.00114606 1.4e-06 0 0 0 0 0 0 0 0 0 0 0 0 0 
1 0.80027 0.512617 0.210579 0.0357632 0.0011014 1.385e-06 0 0 0 0 0 0 0 0 0 0 0 0 0 
1 0.800112 0.512458 0.210417 0.0357651 0.00108349 1.27e-06 0 0 0 0 0 0 0 0 0 0 0 0 0 
1 0.800453 0.513113 0.211545 0.0363682 0.00113059 2.09e-06 0 0 0 0 0 0 0 0 0 0 0 0 0 
1 0.800559 0.513315 0.211307 0.036149 0.0011082 2.115e-06 0 0 0 0 0 0 0 0 0 0 0 0 0 
1 0.800211 0.512664 0.210558 0.0358559 0.00109893 1.745e-06 0 0 0 0 0 0 0 0 0 0 0 0 0 
1 0.799885 0.512026 0.20991 0.0355503 0.00106805 2.655e-06 0 0 0 0 0 0 0 0 0 0 0 0 0 
1 0.799993 0.512172 0.209961 0.0357516 0.0010817 2.485e-06 0 0 0 0 0 0 0 0 0 0 0 0 0 
1 0.800152 0.512721 0.210892 0.0359935 0.00110135 1.325e-06 0 0 0 0 0 0 0 0 0 0 0 0 0 
1 0.800216 0.512136 0.209943 0.0356225 0.0010822 2.105e-06 0 0 0 0 0 0 0 0 0 0 0 0 0 
1 0.799657 0.511386 0.209529 0.0355382 0.00108139 1.415e-06 0 0 0 0 0 0 0 0 0 0 0 0 0 
1 0.799992 0.512059 0.210321 0.0358155 0.00108477 1.875e-06 0 0 0 0 0 0 0 0 0 0 0 0 0 
1 0.799904 0.512162 0.210497 0.0359659 0.00110466 2.815e-06 0 0 0 0 0 0 0 0 0 0 0 0 0 
1 0.79995 0.511922 0.209874 0.0356106 0.00107876 1.46e-06 0 0 0 0 0 0 0 0 0 0 0 0 0 
1 0.79949 0.511031 0.209389 0.0353779 0.00107623 2.685e-06 0 0 0 0 0 0 0 0 0 0 0 0 0 
1 0.800113 0.512177 0.210535 0.0357724 0.00110465 2.44e-06 0 0 0 0 0 0 0 0 0 0 0 0 0 
1 0.799369 0.511086 0.209261 0.0355188 0.00108527 1.9e-06 0 0 0 0 0 0 0 0 0 0 0 0 0 
1 0.800363 0.512921 0.211077 0.0361414 0.00113852 1.77e-06 0 0 0 0 0 0 0 0 0 0 0 0 0 
1 0.799565 0.51139 0.209391 0.0354237 0.00106786 2.965e-06 0 0 0 0 0 0 0 0 0 0 0 0 0 
1 0.801033 0.514212 0.212459 0.0366205 0.00113309 2.37e-06 0 0 0 0 0 0 0 0 0 0 0 0 0 
1 0.799673 0.51175 0.210006 0.0357273 0.00109524 1.835e-06 0 0 0 0 0 0 0 0 0 0 0 0 0 
1 0.799796 0.511688 0.210032 0.0356271 0.00106546 2.595e-06 0 0 0 0 0 0 0 0 0 0 0 0 0 
1 0.799576 0.511051 0.209083 0.0354478 0.00104884 1.675e-06 0 0 0 0 0 0 0 0 0 0 0 0 0 
1 0.799975 0.511958 0.210034 0.0357156 0.00111099 2.69e-06 0 0 0 0 0 0 0 0 0 0 0 0 0 
1 0.800404 0.51301 0.211131 0.0361392 0.00112501 2.34e-06 0 0 0 0 0 0 0 0 0 0 0 0 0 
1 0.799753 0.511821 0.209949 0.03574 0.00109386 1.045e-06 0 0 0 0 0 0 0 0 0 0 0 0 0 
1 0.800659 0.513523 0.211614 0.0362157 0.00111105 1.54e-06 0 0 0 0 0 0 0 0 0 0 0 0 0 
1 0.800666 0.513682 0.211958 0.0365446 0.00114999 1.605e-06 0 0 0 0 0 0 0 0 0 0 0 0 0 
1 0.80051 0.512869 0.210756 0.0358814 0.00112183 1.495e-06 0 0 0 0 0 0 0 0 0 0 0 0 0 
1 0.800035 0.51211 0.210001 0.0357345 0.00109734 2.18e-06 0 0 0 0 0 0 0 0 0 0 0 0 0 
1 0.800388 0.51308 0.210887 0.0360445 0.00110209 1.765e-06 0 0 0 0 0 0 0 0 0 0 0 0 0 
1 0.799885 0.511932 0.210188 0.0359169 0.00109669 2.94e-06 0 0 0 0 0 0 0 0 0 0 0 0 0 
1 0.800245 0.512753 0.210867 0.0359719 0.00108997 1.655e-06 0 0 0 0 0 0 0 0 0 0 0 0 0 
1 0.799803 0.511867 0.209683 0.0354245 0.00107527 2.22e-06 0 0 0 0 0 0 0 0 0 0 0 0 0 
1 0.800758 0.513738 0.211681 0.0362379 0.00113376 3.595e-06 0 0 0 0 0 0 0 0 0 0 0 0 0 
1 0.799277 0.510988 0.209661 0.0356574 0.00106201 1.23e-06 0 0 0 0 0 0 0 0 0 0 0 0 0 
1 0.800761 0.513471 0.211574 0.0363152 0.00111632 1.945e-06 0 0 0 0 0 0 0 0 0 0 0 0 0 
1 0.799761 0.511786 0.210041 0.0356505 0.00109588 2.41e-06 0 0 0 0 0 0 0 0 0 0 0 0 0 
1 0.799341 0.51067 0.209021 0.035395 0.00109607 7.25e-07 0 0 0 0 0 0 0 0 0 0 0 0 0 
1 0.800046 0.512377 0.210327 0.0358009 0.00109305 1.655e-06 0 0 0 0 0 0 0 0 0 0 0 0 0 
1 0.799937 0.511838 0.210106 0.0358171 0.00108172 2.765e-06 0 0 0 0 0 0 0 0 0 0 0 0 0 
1 0.799733 0.511466 0.209525 0.0355282 0.00106234 2.3e-06 0 0 0 0 0 0 0 0 0 0 0 0 0 
1 0.799461 0.510876 0.208865 0.0352437 0.00106513 1.62e-06 0 0 0 0 0 0 0 0 0 0 0 0 0 
1 0.800252 0.5127 0.211027 0.0362293 0.00111679 2.145e-06 0 0 0 0 0 0 0 0 0 0 0 0 0 
1 0.79978 0.511728 0.209686 0.0354927 0.00109964 2.175e-06 0 0 0 0 0 0 0 0 0 0 0 0 0 
1 0.799958 0.512008 0.210114 0.0357516 0.00106988 1.76e-06 0 0 0 0 0 0 0 0 0 0 0 0 0 
1 0.79998 0.511952 0.209904 0.0355063 0.0011056 1.2e-06 0 0 0 0 0 0 0 0 0 0 0 0 0 
1 0.79983 0.511752 0.209731 0.0356558 0.00106244 2.325e-06 0 0 0 0 0 0 0 0 0 0 0 0 0 
1 0.800481 0.513137 0.211025 0.0360168 0.00112736 2.185e-06 6.5e-08 0 0 0 0 0 0 0 0 0 0 0 0 
1 0.800376 0.512935 0.210898 0.0359414 0.0010912 2.6e-06 0 0 0 0 0 0 0 0 0 0 0 0 0 
1 0.800169 0.512537 0.210601 0.0358822 0.00111288 1.5e-06 0 0 0 0 0 0 0 0 0 0 0 0 0 
1 0.799727 0.511485 0.209876 0.0356147 0.00108186 1.22e-06 0 0 0 0 0 0 0 0 0 0 0 0 0 
1 0.800444 0.513091 0.211304 0.0362859 0.00112144 2.485e-06 0 0 0 0 0 0 0 0 0 0 0 0 0 
1 0.799613 0.511303 0.209188 0.0353407 0.00108446 2.685e-06 0 0 0 0 0 0 0 0 0 0 0 0 0 
1 0.800382 0.513055 0.211262 0.0361048 0.0011429 1.64e-06 0 0 0 0 0 0 0 0 0 0 0 0 0 
1 0.79918 0.510654 0.208673 0.0351335 0.00104516 1.53e-06 0 0 0 0 0 0 0 0 0 0 0 0 0 
1 0.800592 0.513342 0.211508 0.0363412 0.00113816 2.375e-06 0 0 0 0 0 0 0 0 0 0 0 0 0 
1 0.800246 0.512533 0.210782 0.0360727 0.00111838 1.74e-06 0 0 0 0 0 0 0 0 0 0 0 0 0 
1 0.800129 0.512667 0.210657 0.0358916 0.00110663 2.365e-06 0 0 0 0 0 0 0 0 0 0 0 0 0 
1 0.800019 0.512174 0.21031 0.0356974 0.00107619 1.925e-06 0 0 0 0 0 0 0 0 0 0 0 0 0 
1 0.799834 0.51164 0.209746 0.0355408 0.00109455 1.97e-06 0 0 0 0 0 0 0 0 0 0 0 0 0 
1 0.799758 0.511591 0.209718 0.035499 0.00109172 2.115e-06 0 0 0 0 0 0 0 0 0 0 0 0 0 
1 0.799997 0.512547 0.210887 0.0360213 0.00113628 2.49e-06 0 0 0 0 0 0 0 0 0 0 0 0 0 
1 0.800486 0.512886 0.210958 0.0359616 0.00110676 1.325e-06 0 0 0 0 0 0 0 0 0 0 0 0 0 
1 0.800247 0.512747 0.210455 0.0358381 0.0010942 1.585e-06 0 0 0 0 0 0 0 0 0 0 0 0 0 
1 0.800658 0.513489 0.211674 0.0364144 0.00112225 1.57e-06 0 0 0 0 0 0 0 0 0 0 0 0 0 
1 0.80071 0.513438 0.211513 0.0361189 0.001112 2.46e-06 0 0 0 0 0 0 0 0 0 0 0 0 0 
1 0.799585 0.511159 0.209075 0.0353897 0.00109041 1.79e-06 0 0 0 0 0 0 0 0 0 0 0 0 0 
1 0.799967 0.512194 0.210602 0.0359445 0.00108523 2.035e-06 0 0 0 0 0 0 0 0 0 0 0 0 0 
1 0.800237 0.512511 0.210705 0.0360503 0.00111137 2.24e-06 0 0 0 0 0 0 0 0 0 0 0 0 0 
1 0.79974 0.511723 0.209617 0.0356792 0.00109706 1.88e-06 0 0 0 0 0 0 0 0 0 0 0 0 0 
1 0.8002 0.512685 0.210882 0.0358536 0.00111303 2.775e-06 0 0 0 0 0 0 0 0 0 0 0 0 0 
1 0.800223 0.512638 0.210722 0.0359026 0.00106653 1.125e-06 0 0 0 0 0 0 0 0 0 0 0 0 0 
1 0.799289 0.510704 0.208809 0.0351999 0.00104632 2e-06 0 0 0 0 0 0 0 0 0 0 0 0 0 
1 0.800311 0.512817 0.210655 0.0359224 0.00112356 2.055e-06 0 0 0 0 0 0 0 0 0 0 0 0 0 
1 0.800299 0.512573 0.210328 0.0357164 0.00108229 2.3e-06 0 0 0 0 0 0 0 0 0 0 0 0 0 
1 0.799476 0.511438 0.209785 0.0355744 0.00108751 1.715e-06 0 0 0 0 0 0 0 0 0 0 0 0 0 
1 0.799475 0.511204 0.209448 0.0355306 0.00110033 1.795e-06 0 0 0 0 0 0 0 0 0 0 0 0 0 
1 0.799831 0.511901 0.209907 0.0356493 0.00109091 2.095e-06 0 0 0 0 0 0 0 0 0 0 0 0 0 
1 0.79967 0.511996 0.21035 0.0358619 0.00109842 1.78e-06 0 0 0 0 0 0 0 0 0 0 0 0 0 
1 0.800104 0.512562 0.210515 0.0359701 0.00110776 8.3e-07 0 0 0 0 0 0 0 0 0 0 0 0 0 
1 0.80093 0.514032 0.212036 0.0363487 0.00111345 1.66e-06 0 0 0 0 0 0 0 0 0 0 0 0 0 
1 0.800285 0.512837 0.21104 0.0359939 0.00112474 3.005e-06 0 0 0 0 0 0 0 0 0 0 0 0 0 
1 0.799794 0.511814 0.209865 0.0356567 0.00107278 1.59e-06 0 0 0 0 0 0 0 0 0 0 0 0 0 
1 0.799329 0.510934 0.20911 0.0353992 0.00105603 1.8e-06 0 0 0 0 0 0 0 0 0 0 0 0 0 
1 0.799766 0.511675 0.209981 0.0357992 0.00109603 2.245e-06 0 0 0 0 0 0 0 0 0 0 0 0 0 
1 0.800066 0.512464 0.210636 0.0359223 0.00108723 2.095e-06 2.15e-07 0 0 0 0 0 0 0 0 0 0 0 0 
1 0.799412 0.510916 0.209207 0.0354597 0.00104287 1.21e-06 0 0 0 0 0 0 0 0 0 0 0 0 0 
1 0.799874 0.511938 0.210188 0.0357614 0.00106643 1.795e-06 0 0 0 0 0 0 0 0 0 0 0 0 0 
1 0.799542 0.511396 0.209695 0.0356167 0.00109661 2.535e-06 0 0 0 0 0 0 0 0 0 0 0 0 0 
1 0.799689 0.511561 0.209785 0.0355529 0.00107312 2.92e-06 0 0 0 0 0 0 0 0 0 0 0 0 0 
1 0.800052 0.512596 0.210801 0.0359444 0.00110454 2.605e-06 0 0 0 0 0 0 0 0 0 0 0 0 0 
1 0.799447 0.511151 0.209414 0.0354509 0.00108098 1.89e-06 0 0 0 0 0 0 0 0 0 0 0 0 0 
1 0.799932 0.512096 0.210219 0.0357222 0.0010752 2.34e-06 0 0 0 0 0 0 0 0 0 0 0 0 0 
1 0.800079 0.512273 0.2105 0.0357808 0.00109251 2.545e-06 0 0 0 0 0 0 0 0 0 0 0 0 0 
1 0.799727 0.511616 0.209742 0.0355619 0.0010629 1.315e-06 0 0 0 0 0 0 0 0 0 0 0 0 0 
1 0.800182 0.512567 0.210911 0.0360049 0.00111724 3.035e-06 0 0 0 0 0 0 0 0 0 0 0 0 0 
1 0.798944 0.510076 0.208573 0.035296 0.00107855 2.075e-06 0 0 0 0 0 0 0 0 0 0 0 0 0 
1 0.799881 0.512147 0.21041 0.0358319 0.00109609 2.02e-06 0 0 0 0 0 0 0 0 0 0 0 0 0 
1 0.800016 0.512272 0.210429 0.0358458 0.00108334 1.78e-06 0 0 0 0 0 0 0 0 0 0 0 0 0 
1 0.799788 0.511564 0.209594 0.0355964 0.0010818 1.82e-06 0 0 0 0 0 0 0 0 0 0 0 0 0 
1 0.800033 0.51254 0.210914 0.0361087 0.00111151 2.29e-06 0 0 0 0 0 0 0 0 0 0 0 0 0 
1 0.799911 0.511424 0.209354 0.0354193 0.00104979 2.005e-06 0 0 0 0 0 0 0 0 0 0 0 0 0 
1 0.800033 0.512296 0.210624 0.0359463 0.00112015 2.11e-06 0 0 0 0 0 0 0 0 0 0 0 0 0 
1 0.800076 0.512373 0.21023 0.0356597 0.00108354 2.51e-06 0 0 0 0 0 0 0 0 0 0 0 0 0 
1 0.80012 0.512473 0.210955 0.0360883 0.00112451 1.235e-06 0 0 0 0 0 0 0 0 0 0 0 0 0 
1 0.800147 0.512619 0.210912 0.0360963 0.00115638 3.09e-06 0 0 0 0 0 0 0 0 0 0 0 0 0 
1 0.800538 0.513421 0.21166 0.0363441 0.00111515 2.365e-06 0 0 0 0 0 0 0 0 0 0 0 0 0 
1 0.800244 0.512945 0.211071 0.036027 0.00108642 2.01e-06 0 0 0 0 0 0 0 0 0 0 0 0 0 
1 0.800026 0.511861 0.209897 0.0356719 0.00110024 2.345e-06 0 0 0 0 0 0 0 0 0 0 0 0 0 
1 0.799499 0.511257 0.209477 0.0355529 0.001074 1.62e-06 0 0 0 0 0 0 0 0 0 0 0 0 0 
1 0.800107 0.512132 0.210236 0.0356827 0.00108115 1.265e-06 0 0 0 0 0 0 0 0 0 0 0 0 0 
1 0.800466 0.513263 0.211417 0.0361319 0.0011198 2.775e-06 0 0 0 0 0 0 0 0 0 0 0 0 0 
1 0.799794 0.511581 0.209602 0.0354075 0.00104714 1.185e-06 0 0 0 0 0 0 0 0 0 0 0 0 0 
1 0.800065 0.512112 0.210237 0.0357812 0.00109415 2.94e-06 0 0 0 0 0 0 0 0 0 0 0 0 0 
1 0.799694 0.511508 0.209888 0.035735 0.00111256 2.125e-06 0 0 0 0 0 0 0 0 0 0 0 0 0 
1 0.799649 0.511507 0.209759 0.0355479 0.00108585 1.32e-06 0 0 0 0 0 0 0 0 0 0 0 0 0 
1 0.799771 0.511923 0.209969 0.0357898 0.00110959 2.785e-06 0 0 0 0 0 0 0 0 0 0 0 0 0 
1 0.799933 0.512411 0.210589 0.0359319 0.00109896 1.73e-06 0 0 0 0 0 0 0 0 0 0 0 0 0 
1 0.800465 0.513246 0.211626 0.0363475 0.00112657 1.28e-06 0 0 0 0 0 0 0 0 0 0 0 0 0 
1 0.799927 0.511821 0.209599 0.0353284 0.00104807 2.755e-06 0 0 0 0 0 0 0 0 0 0 0 0 0 
1 0.79994 0.511969 0.21005 0.0357421 0.00109708 2.86e-06 0 0 0 0 0 0 0 0 0 0 0 0 0 
1 0.799833 0.511869 0.209992 0.0356296 0.0010861 1.715e-06 0 0 0 0 0 0 0 0 0 0 0 0 0 
1 0.800971 0.513883 0.212223 0.0365048 0.00115386 1.79e-06 0 0 0 0 0 0 0 0 0 0 0 0 0 
1 0.799825 0.512211 0.210253 0.0358399 0.00111823 2.255e-06 0 0 0 0 0 0 0 0 0 0 0 0 0 
1 0.79941 0.510947 0.209278 0.0353276 0.00103704 1.88e-06 0 0 0 0 0 0 0 0 0 0 0 0 0 
1 0.799989 0.512273 0.210602 0.0359602 0.00110628 2.655e-06 0 0 0 0 0 0 0 0 0 0 0 0 0 
1 0.800152 0.512409 0.210624 0.0358772 0.00109191 3.81e-06 0 0 0 0 0 0 0 0 0 0 0 0 0 
1 0.800053 0.512048 0.210303 0.0358452 0.0010736 2.12e-06 0 0 0 0 0 0 0 0 0 0 0 0 0 
1 0.799996 0.512442 0.210702 0.035948 0.00112485 2.48e-06 0 0 0 0 0 0 0 0 0 0 0 0 0 
1 0.8002 0.512961 0.21097 0.0360602 0.00114296 2.025e-06 0 0 0 0 0 0 0 0 0 0 0 0 0 
1 0.79991 0.511828 0.209902 0.035589 0.00110255 1.445e-06 0 0 0 0 0 0 0 0 0 0 0 0 0 
1 0.799672 0.511541 0.209732 0.0356854 0.00111636 1.44e-06 0 0 0 0 0 0 0 0 0 0 0 0 0 
1 0.799533 0.511345 0.209582 0.0354725 0.00107976 2.19e-06 0 0 0 0 0 0 0 0 0 0 0 0 0 
1 0.799748 0.511523 0.209656 0.0355857 0.00109845 2.095e-06 0 0 0 0 0 0 0 0 0 0 0 0 0 
1 0.799835 0.511785 0.209934 0.0356116 0.00108303 2.99e-06 0 0 0 0 0 0 0 0 0 0 0 0 0 
1 0.799894 0.511806 0.209956 0.035652 0.00109268 2.765e-06 0 0 0 0 0 0 0 0 0 0 0 0 0 
1 0.800423 0.5128 0.211108 0.03599 0.00108834 1.845e-06 0 0 0 0 0 0 0 0 0 0 0 0 0 
1 0.799483 0.511364 0.209437 0.0354617 0.00108179 2.135e-06 0 0 0 0 0 0 0 0 0 0 0 0 0 
1 0.800143 0.512586 0.210751 0.0359053 0.00109378 1.485e-06 0 0 0 0 0 0 0 0 0 0 0 0 0 
1 0.799561 0.511216 0.20965 0.0355462 0.0010972 2.28e-06 0 0 0 0 0 0 0 0 0 0 0 0 0 
1 0.800281 0.512466 0.210583 0.0359308 0.00111617 1.73e-06 0 0 0 0 0 0 0 0 0 0 0 0 0 
1 0.800088 0.512661 0.211271 0.0361858 0.00111543 3.36e-06 0 0 0 0 0 0 0 0 0 0 0 0 0 
1 0.800942 0.514044 0.212174 0.0363749 0.00114772 1.055e-06 0 0 0 0 0 0 0 0 0 0 0 0 0 
1 0.799494 0.511086 0.209223 0.0353068 0.00106359 1.65e-06 0 0 0 0 0 0 0 0 0 0 0 0 0 
1 0.79988 0.51197 0.210367 0.0359037 0.00108817 1.785e-06 0 0 0 0 0 0 0 0 0 0 0 0 0 
1 0.800752 0.514172 0.212307 0.0364889 0.00114139 3.01e-06 0 0 0 0 0 0 0 0 0 0 0 0 0 
1 0.799488 0.511412 0.209649 0.0355698 0.0010827 2.325e-06 0 0 0 0 0 0 0 0 0 0 0 0 0 
1 0.800264 0.512957 0.211294 0.0361917 0.00109637 2.36e-06 0 0 0 0 0 0 0 0 0 0 0 0 0 
1 0.800103 0.51228 0.210249 0.0356779 0.00108157 2.85e-06 0 0 0 0 0 0 0 0 0 0 0 0 0 
1 0.800263 0.512618 0.210616 0.035918 0.00110443 2.56e-06 0 0 0 0 0 0 0 0 0 0 0 0 0 
1 0.800771 0.513813 0.211934 0.036382 0.0011395 2.25e-06 0 0 0 0 0 0 0 0 0 0 0 0 0 
1 0.799643 0.511765 0.209891 0.035616 0.00108929 3.425e-06 0 0 0 0 0 0 0 0 0 0 0 0 0 
1 0.800555 0.513205 0.211131 0.0361604 0.00113402 1.135e-06 0 0 0 0 0 0 0 0 0 0 0 0 0 
1 0.800192 0.512381 0.210519 0.0358636 0.00109576 2.695e-06 0 0 0 0 0 0 0 0 0 0 0 0 0 
1 0.799861 0.512058 0.210514 0.0359215 0.00110697 2.27e-06 0 0 0 0 0 0 0 0 0 0 0 0 0 
1 0.800129 0.512464 0.210688 0.0359706 0.00111107 1.485e-06 0 0 0 0 0 0 0 0 0 0 0 0 0 
1 0.800385 0.512738 0.210883 0.035983 0.00112727 3.115e-06 0 0 0 0 0 0 0 0 0 0 0 0 0 
1 0.799534 0.511175 0.209274 0.035337 0.00104352 1.27e-06 0 0 0 0 0 0 0 0 0 0 0 0 0 
1 0.799965 0.512073 0.210471 0.0359638 0.00112434 2.665e-06 0 0 0 0 0 0 0 0 0 0 0 0 0 
1 0.799736 0.511534 0.209629 0.0355242 0.00107065 1.44e-06 0 0 0 0 0 0 0 0 0 0 0 0 0 
1 0.800293 0.512687 0.210763 0.0360362 0.0011139 2.37e-06 0 0 0 0 0 0 0 0 0 0 0 0 0 
1 0.799835 0.512128 0.210431 0.0359636 0.00113582 3.265e-06 0 0 0 0 0 0 0 0 0 0 0 0 0 
1 0.800409 0.512535 0.21049 0.0358958 0.00110529 1.785e-06 0 0 0 0 0 0 0 0 0 0 0 0 0 
1 0.79956 0.510959 0.209123 0.0354097 0.00108628 2.885e-06 0 0 0 0 0 0 0 0 0 0 0 0 0 
1 0.799785 0.511852 0.2102 0.0357688 0.00109726 1.51e-06 0 0 0 0 0 0 0 0 0 0 0 0 0 
1 0.799797 0.511995 0.210296 0.0359755 0.00109053 2.43e-06 0 0 0 0 0 0 0 0 0 0 0 0 0 
1 0.799892 0.51233 0.210538 0.0358568 0.0011048 2.505e-06 0 0 0 0 0 0 0 0 0 0 0 0 0 
1 0.800007 0.511849 0.209698 0.0354709 0.00109263 2.355e-06 0 0 0 0 0 0 0 0 0 0 0 0 0 
1 0.79973 0.511817 0.210006 0.0356133 0.00108452 1.04e-06 0 0 0 0 0 0 0 0 0 0 0 0 0 
1 0.800021 0.511998 0.209987 0.0357196 0.00110765 2.55e-06 0 0 0 0 0 0 0 0 0 0 0 0 0 
1 0.800329 0.512954 0.211189 0.0361553 0.00113385 1.565e-06 0 0 0 0 0 0 0 0 0 0 0 0 0 
1 0.79986 0.511978 0.210183 0.035864 0.00109206 2.485e-06 0 0 0 0 0 0 0 0 0 0 0 0 0 
1 0.799175 0.510558 0.208678 0.0352512 0.00106291 2.215e-06 0 0 0 0 0 0 0 0 0 0 0 0 0 
1 0.800011 0.512206 0.210333 0.0358098 0.00109274 2.99e-06 0 0 0 0 0 0 0 0 0 0 0 0 0 
1 0.800662 0.513482 0.211371 0.0362913 0.00110377 2.29e-06 0 0 0 0 0 0 0 0 0 0 0 0 0 
1 0.799594 0.511426 0.209778 0.0355134 0.00109242 1.995e-06 0 0 0 0 0 0 0 0 0 0 0 0 0 
1 0.800568 0.512958 0.210879 0.0359913 0.0011111 1.545e-06 0 0 0 0 0 0 0 0 0 0 0 0 0 
1 0.800212 0.512427 0.210707 0.035923 0.00109124 1.66e-06 0 0 0 0 0 0 0 0 0 0 0 0 0 
1 0.799603 0.51189 0.210154 0.0358028 0.00111431 1.025e-06 0 0 0 0 0 0 0 0 0 0 0 0 0 
1 0.800211 0.512569 0.210604 0.0359214 0.00109994 2.7e-06 0 0 0 0 0 0 0 0 0 0 0 0 0 
1 0.80006 0.512503 0.210896 0.0360551 0.00110993 2e-06 0 0 0 0 0 0 0 0 0 0 0 0 0 
1 0.799511 0.511323 0.209478 0.0354141 0.00108193 1.8e-06 0 0 0 0 0 0 0 0 0 0 0 0 0 
1 0.800516 0.51313 0.211384 0.0361565 0.00112671 1.82e-06 0 0 0 0 0 0 0 0 0 0 0 0 0 
1 0.799726 0.511486 0.209514 0.035562 0.0011108 1.675e-06 0 0 0 0 0 0 0 0 0 0 0 0 0 
1 0.801119 0.514209 0.212101 0.0364519 0.00113641 3.035e-06 0 0 0 0 0 0 0 0 0 0 0 0 0 
1 0.8005 0.513078 0.211127 0.0361016 0.0011165 1.23e-06 0 0 0 0 0 0 0 0 0 0 0 0 0 
1 0.80024 0.512571 0.210502 0.0358693 0.0011123 1.515e-06 0 0 0 0 0 0 0 0 0 0 0 0 0 
1 0.799826 0.511574 0.209502 0.0355244 0.001085 2.5e-06 0 0 0 0 0 0 0 0 0 0 0 0 0 
1 0.799401 0.510828 0.208754 0.0351665 0.0010423 3.12e-06 0 0 0 0 0 0 0 0 0 0 0 0 0 
1 0.799393 0.511039 0.209438 0.0354872 0.00106616 2.48e-06 0 0 0 0 0 0 0 0 0 0 0 0 0 
1 0.799594 0.511334 0.209507 0.0355133 0.00106834 2.295e-06 0 0 0 0 0 0 0 0 0 0 0 0 0 
1 0.800699 0.513833 0.212063 0.0365087 0.00115554 2.725e-06 0 0 0 0 0 0 0 0 0 0 0 0 0 
1 0.800096 0.512284 0.210527 0.0360608 0.00111754 1.61e-06 0 0 0 0 0 0 0 0 0 0 0 0 0 
1 0.799922 0.512024 0.210156 0.0356689 0.00106767 2.05e-06 0 0 0 0 0 0 0 0 0 0 0 0 0 
1 0.799669 0.511616 0.209541 0.0354653 0.00108775 1.145e-06 0 0 0 0 0 0 0 0 0 0 0 0 0 
1 0.799647 0.511308 0.209277 0.0354794 0.00108121 2.57e-06 0 0 0 0 0 0 0 0 0 0 0 0 0 
1 0.800456 0.512963 0.211057 0.0359248 0.00109999 2.475e-06 0 0 0 0 0 0 0 0 0 0 0 0 0 
1 0.799852 0.511517 0.209515 0.0354656 0.00105277 1.4e-06 0 0 0 0 0 0 0 0 0 0 0 0 0 
1 0.799654 0.511632 0.209818 0.035721 0.00109192 1.87e-06 0 0 0 0 0 0 0 0 0 0 0 0 0 
1 0.800193 0.512862 0.2109 0.0359961 0.0011139 1.195e-06 0 0 0 0 0 0 0 0 0 0 0 0 0 
1 0.799776 0.511915 0.210156 0.0357648 0.00111062 2.8e-06 0 0 0 0 0 0 0 0 0 0 0 0 0 
1 0.800635 0.513433 0.211522 0.0362634 0.0011482 1.42e-06 0 0 0 0 0 0 0 0 0 0 0 0 0 
1 0.800378 0.512804 0.210983 0.036034 0.00111548 1.705e-06 0 0 0 0 0 0 0 0 0 0 0 0 0 
1 0.799913 0.512277 0.210551 0.0359227 0.00110822 2.57e-06 0 0 0 0 0 0 0 0 0 0 0 0 0 
1 0.800547 0.513476 0.211471 0.0361564 0.00110595 2.515e-06 0 0 0 0 0 0 0 0 0 0 0 0 0 
1 0.799608 0.51164 0.209618 0.0355412 0.00106317 1.92e-06 0 0 0 0 0 0 0 0 0 0 0 0 0 
1 0.800198 0.512047 0.210072 0.0357819 0.00109599 1.235e-06 0 0 0 0 0 0 0 0 0 0 0 0 0 
1 0.79946 0.511262 0.209472 0.0354107 0.00106844 2.605e-06 0 0 0 0 0 0 0 0 0 0 0 0 0 
1 0.799815 0.512311 0.210646 0.0359118 0.00109819 2.61e-06 0 0 0 0 0 0 0 0 0 0 0 0 0 
1 0.800407 0.513093 0.211149 0.0361162 0.00112513 2.935e-06 0 0 0 0 0 0 0 0 0 0 0 0 0 
1 0.80039 0.512717 0.210789 0.0359134 0.00109017 1.54e-06 0 0 0 0 0 0 0 0 0 0 0 0 0 
1 0.800416 0.512915 0.211343 0.0362931 0.00115259 3.44e-06 0 0 0 0 0 0 0 0 0 0 0 0 0 
1 0.799596 0.511278 0.209767 0.0356756 0.00106955 2.685e-06 0 0 0 0 0 0 0 0 0 0 0 0 0 
1 0.800161 0.512509 0.210491 0.035827 0.00109341 1.425e-06 0 0 0 0 0 0 0 0 0 0 0 0 0 
1 0.799533 0.511403 0.209648 0.0355284 0.0010804 3.095e-06 0 0 0 0 0 0 0 0 0 0 0 0 0 
1 0.800165 0.51261 0.210996 0.036166 0.00111857 2.68e-06 0 0 0 0 0 0 0 0 0 0 0 0 0 
1 0.799636 0.511667 0.209936 0.0357054 0.00107993 2.305e-06 0 0 0 0 0 0 0 0 0 0 0 0 0 
1 0.7999 0.511949 0.210464 0.0359691 0.00109624 1.905e-06 0 0 0 0 0 0 0 0 0 0 0 0 0 
1 0.800372 0.51295 0.210933 0.036033 0.00110741 1.845e-06 0 0 0 0 0 0 0 0 0 0 0 0 0 
1 0.800599 0.513024 0.211223 0.0361096 0.00110398 2.055e-06 0 0 0 0 0 0 0 0 0 0 0 0 0 
1 0.800007 0.512235 0.210464 0.0357485 0.00109148 1.76e-06 0 0 0 0 0 0 0 0 0 0 0 0 0 
1 0.800493 0.513252 0.211384 0.0362397 0.00113399 2.115e-06 0 0 0 0 0 0 0 0 0 0 0 0 0 
1 0.799209 0.510949 0.208981 0.0353936 0.00108354 1.5e-06 0 0 0 0 0 0 0 0 0 0 0 0 0 
1 0.800379 0.512693 0.210698 0.0360306 0.00113234 1.94e-06 0 0 0 0 0 0 0 0 0 0 0 0 0 
1 0.800225 0.512592 0.210396 0.0357032 0.00108903 1.585e-06 0 0 0 0 0 0 0 0 0 0 0 0 0 
1 0.799886 0.511777 0.209813 0.0356029 0.00107831 1.51e-06 0 0 0 0 0 0 0 0 0 0 0 0 0 
1 0.800702 0.513685 0.211948 0.0363157 0.00115005 1.6e-06 0 0 0 0 0 0 0 0 0 0 0 0 0 
1 0.799639 0.511459 0.20939 0.0355345 0.00107131 3.33e-06 0 0 0 0 0 0 0 0 0 0 0 0 0 
1 0.799572 0.511597 0.209586 0.0354073 0.00107796 1.71e-06 0 0 0 0 0 0 0 0 0 0 0 0 0 
1 0.799812 0.511816 0.209844 0.0356584 0.00107452 2.18e-06 0 0 0 0 0 0 0 0 0 0 0 0 0 
1 0.799668 0.511535 0.209722 0.0356706 0.00109838 1.41e-06 0 0 0 0 0 0 0 0 0 0 0 0 0 
1 0.799984 0.512321 0.210502 0.0357743 0.0010967 1.375e-06 0 0 0 0 0 0 0 0 0 0 0 0 0 
1 0.800701 0.513507 0.211675 0.0361968 0.00112723 3.495e-06 0 0 0 0 0 0 0 0 0 0 0 0 0 
1 0.800675 0.513611 0.211716 0.0363464 0.00114785 1.725e-06 0 0 0 0 0 0 0 0 0 0 0 0 0 
1 0.800187 0.51256 0.210887 0.0359286 0.00111454 2.015e-06 0 0 0 0 0 0 0 0 0 0 0 0 0 
1 0.800453 0.512935 0.211182 0.0360234 0.00113518 2e-06 0 0 0 0 0 0 0 0 0 0 0 0 0 
1 0.799898 0.512012 0.210027 0.035645 0.00108902 2.405e-06 0 0 0 0 0 0 0 0 0 0 0 0 0 
1 0.799821 0.511658 0.20982 0.035681 0.00110656 2.68e-06 0 0 0 0 0 0 0 0 0 0 0 0 0 
1 0.800554 0.51328 0.21143 0.0361086 0.00111745 3.21e-06 0 0 0 0 0 0 0 0 0 0 0 0 0 
1 0.799835 0.512042 0.210296 0.0357904 0.001091 1.89e-06 0 0 0 0 0 0 0 0 0 0 0 0 0 
1 0.799968 0.512197 0.210508 0.0359049 0.00111041 1.83e-06 0 0 0 0 0 0 0 0 0 0 0 0 0 
1 0.799481 0.511235 0.209218 0.0354443 0.00104744 1.765e-06 0 0 0 0 0 0 0 0 0 0 0 0 0 
1 0.800763 0.513783 0.211935 0.0364655 0.00115806 1.685e-06 0 0 0 0 0 0 0 0 0 0 0 0 0 
1 0.800456 0.513284 0.211709 0.0363947 0.00114538 1.685e-06 0 0 0 0 0 0 0 0 0 0 0 0 0 
1 0.800178 0.512517 0.210814 0.0360144 0.00113118 1.205e-06 0 0 0 0 0 0 0 0 0 0 0 0 0 
1 0.799706 0.511861 0.210299 0.0357855 0.00109689 2.335e-06 0 0 0 0 0 0 0 0 0 0 0 0 0 
1 0.799807 0.511786 0.20994 0.0356714 0.00109804 2.285e-06 0 0 0 0 0 0 0 0 0 0 0 0 0 
1 0.800348 0.513045 0.211402 0.0363378 0.0011422 1.665e-06 0 0 0 0 0 0 0 0 0 0 0 0 0 
1 0.799974 0.512409 0.210888 0.0360699 0.00112918 1.38e-06 0 0 0 0 0 0 0 0 0 0 0 0 0 
1 0.799122 0.510496 0.20893 0.0352726 0.00110021 6.15e-07 0 0 0 0 0 0 0 0 0 0 0 0 0 
1 0.799698 0.511678 0.209912 0.035658 0.00106621 1.42e-06 0 0 0 0 0 0 0 0 0 0 0 0 0 
1 0.79934 0.510927 0.209041 0.0352806 0.00107904 2.575e-06 0 0 0 0 0 0 0 0 0 0 0 0 0 
1 0.800351 0.513155 0.211204 0.036122 0.00112182 2.68e-06 0 0 0 0 0 0 0 0 0 0 0 0 0 
1 0.800157 0.512637 0.210935 0.0360525 0.00111291 2.145e-06 0 0 0 0 0 0 0 0 0 0 0 0 0 
1 0.799246 0.510635 0.208741 0.0353722 0.00107901 1.905e-06 0 0 0 0 0 0 0 0 0 0 0 0 0 
1 0.79958 0.511538 0.209953 0.0356833 0.00110115 1.945e-06 0 0 0 0 0 0 0 0 0 0 0 0 0 
