1 0.69995 0.4913 0.34255 0.24045 0.1708 0.1203 0.08115 0.0565 0.0403 0.02795 0.01875 0.0133 0.0092 0.00625 0.0048 0.00355 0.00235 0.0017 0.0013 
1 0.7013 0.4931 0.34265 0.24005 0.1693 0.11905 0.08315 0.06015 0.0413 0.02815 0.0201 0.01435 0.01025 0.0069 0.00515 0.0037 0.0027 0.0021 0.00145 
1 0.7021 0.4911 0.34445 0.2403 0.1682 0.11855 0.08305 0.0584 0.04185 0.02945 0.0212 0.0149 0.01045 0.00675 0.0045 0.0035 0.0023 0.00165 0.00115 
1 0.70415 0.4914 0.345 0.24045 0.1689 0.11735 0.0835 0.05865 0.04005 0.029 0.0197 0.0137 0.00965 0.0063 0.00425 0.0027 0.0018 0.00145 0.00075 
1 0.7031 0.4901 0.34285 0.2377 0.16785 0.1162 0.08365 0.0584 0.04075 0.02895 0.02125 0.01465 0.01 0.00745 0.00525 0.0035 0.00235 0.0016 0.001 
1 0.7015 0.48845 0.3375 0.24025 0.16685 0.1166 0.08345 0.05805 0.04025 0.02755 0.01935 0.0137 0.00965 0.0069 0.00505 0.00335 0.00245 0.00155 0.0011 
1 0.6984 0.4883 0.3412 0.2404 0.16925 0.1202 0.08535 0.0595 0.04195 0.02955 0.02075 0.01475 0.01065 0.0072 0.00505 0.0035 0.0024 0.00175 0.00135 
1 0.7008 0.49195 0.3469 0.2417 0.1691 0.1201 0.0858 0.05995 0.04205 0.0298 0.0203 0.01495 0.0102 0.00665 0.00515 0.00335 0.00225 0.0015 0.00115 
1 0.70215 0.49095 0.3476 0.2433 0.17065 0.1194 0.08405 0.0581 0.0402 0.02795 0.0194 0.0132 0.00895 0.00625 0.0041 0.00285 0.002 0.00125 0.00105 
1 0.6968 0.487 0.34065 0.2376 0.1627 0.1153 0.08065 0.05685 0.0394 0.02795 0.01955 0.01415 0.01 0.00695 0.0047 0.00335 0.00215 0.0018 0.0014 
1 0.69965 0.4924 0.3465 0.24325 0.16915 0.11735 0.08285 0.0568 0.0404 0.028 0.01905 0.01355 0.00935 0.00605 0.0039 0.0029 0.00195 0.0015 0.0009 
1 0.6992 0.4854 0.33845 0.2345 0.16135 0.1139 0.07875 0.05695 0.03985 0.0285 0.0198 0.01435 0.00975 0.0069 0.0046 0.00335 0.00245 0.0018 0.00105 
1 0.7014 0.48905 0.3429 0.23845 0.1676 0.1191 0.086 0.05995 0.04295 0.0305 0.0225 0.0165 0.01195 0.0078 0.0059 0.00415 0.0026 0.0022 0.00145 
1 0.6995 0.49045 0.341 0.23705 0.1667 0.11795 0.08345 0.05805 0.0413 0.02935 0.0206 0.01445 0.0099 0.0072 0.00505 0.0034 0.0024 0.002 0.00135 
1 0.70195 0.488 0.34505 0.2426 0.17005 0.1175 0.0816 0.05825 0.04135 0.02845 0.0204 0.0139 0.00965 0.00675 0.00515 0.0037 0.00235 0.0018 0.0015 
1 0.6958 0.48575 0.33835 0.23825 0.16605 0.11685 0.08165 0.05715 0.0399 0.02715 0.01915 0.01355 0.0097 0.0058 0.0045 0.00295 0.0021 0.0016 0.0011 
1 0.69595 0.4885 0.34425 0.2419 0.1705 0.11915 0.08495 0.0604 0.0415 0.02975 0.0204 0.01375 0.0099 0.007 0.00465 0.0027 0.0016 0.00075 0.00055 
1 0.6978 0.4873 0.34205 0.2381 0.1635 0.1145 0.0818 0.05795 0.03975 0.02865 0.01995 0.0142 0.0096 0.0068 0.0047 0.0032 0.00245 0.0016 0.00125 
1 0.6943 0.4878 0.3412 0.23855 0.16735 0.11535 0.0794 0.056 0.0396 0.02605 0.01785 0.01215 0.00795 0.00575 0.00445 0.00305 0.00185 0.00135 0.0008 
1 0.6931 0.4814 0.3339 0.23535 0.16525 0.11235 0.0781 0.0555 0.0376 0.02625 0.0182 0.01235 0.0083 0.0058 0.00385 0.00295 0.00175 0.0011 0.00075 
1 0.69885 0.49185 0.3452 0.2419 0.16935 0.12095 0.0837 0.05775 0.04065 0.0287 0.0202 0.0138 0.0089 0.00635 0.0046 0.0029 0.00225 0.0013 0.001 
1 0.6977 0.49065 0.34385 0.24245 0.16935 0.12035 0.0836 0.0596 0.0407 0.0295 0.01985 0.0139 0.0096 0.00705 0.0049 0.00365 0.003 0.0021 0.0012 
1 0.69685 0.49305 0.34455 0.24355 0.17235 0.12135 0.0852 0.05855 0.04065 0.0289 0.02 0.01385 0.00875 0.00605 0.00445 0.003 0.0021 0.0014 0.00075 
1 0.69895 0.4915 0.34335 0.24185 0.1709 0.11925 0.0851 0.06025 0.04145 0.0279 0.01915 0.0138 0.0097 0.0067 0.00475 0.00345 0.00255 0.0019 0.00135 
1 0.6992 0.48685 0.3426 0.2417 0.1693 0.1205 0.0835 0.0589 0.04355 0.03 0.0207 0.01415 0.0097 0.0069 0.0054 0.00345 0.0023 0.0019 0.0015 
1 0.70295 0.48775 0.34085 0.24045 0.16565 0.11825 0.0833 0.05735 0.04145 0.02835 0.01995 0.0147 0.0099 0.00705 0.0049 0.003 0.0024 0.00185 0.00105 
1 0.7056 0.4929 0.3457 0.23915 0.16455 0.1156 0.0803 0.0569 0.04085 0.02865 0.02005 0.01405 0.0095 0.00615 0.004 0.00265 0.002 0.0016 0.00095 
1 0.70545 0.4973 0.3493 0.24295 0.1708 0.12035 0.08285 0.0594 0.0426 0.03135 0.0229 0.0165 0.012 0.00815 0.00515 0.0037 0.0026 0.0018 0.00125 
1 0.693 0.48405 0.34205 0.2391 0.16495 0.11305 0.0769 0.05285 0.0373 0.0275 0.01895 0.01355 0.009 0.00665 0.00475 0.0034 0.0021 0.0014 0.00105 
1 0.6988 0.4841 0.34005 0.2347 0.1632 0.1143 0.0821 0.05695 0.03965 0.02745 0.0191 0.0132 0.0093 0.007 0.00515 0.0037 0.00285 0.00205 0.0014 
1 0.70325 0.4945 0.3503 0.2452 0.17155 0.1207 0.08485 0.0595 0.0428 0.02925 0.0204 0.01465 0.01 0.0063 0.00385 0.00265 0.00195 0.00115 0.00085 
1 0.70305 0.49065 0.3428 0.2426 0.1713 0.1206 0.0838 0.05815 0.0414 0.02975 0.02155 0.0143 0.0096 0.0073 0.00585 0.00415 0.003 0.00215 0.00145 
1 0.7017 0.49035 0.34345 0.2412 0.16825 0.11815 0.0824 0.05805 0.0411 0.0282 0.0194 0.0138 0.0104 0.0073 0.00455 0.003 0.0022 0.00145 0.00075 
1 0.7008 0.4939 0.3441 0.2406 0.16775 0.11755 0.08285 0.05905 0.0414 0.0289 0.01985 0.01375 0.0097 0.0067 0.0047 0.00335 0.0025 0.0015 0.00095 
1 0.69905 0.48995 0.34565 0.2428 0.17 0.12095 0.0834 0.05835 0.03935 0.02635 0.0176 0.0124 0.00845 0.006 0.0042 0.0031 0.00245 0.0018 0.0012 
1 0.70095 0.49065 0.3428 0.2374 0.1663 0.1184 0.08245 0.0572 0.0388 0.027 0.01845 0.01385 0.00955 0.0064 0.00435 0.00275 0.00165 0.00105 0.00075 
1 0.7049 0.4922 0.34925 0.24615 0.1754 0.12295 0.0862 0.05885 0.0406 0.02925 0.02195 0.01555 0.01085 0.00745 0.0054 0.00335 0.00255 0.0018 0.00145 
1 0.69835 0.4861 0.3408 0.23845 0.16655 0.11655 0.0805 0.0564 0.0388 0.02745 0.019 0.0134 0.00925 0.00655 0.0045 0.0029 0.00185 0.0013 0.00095 
1 0.6925 0.48305 0.33615 0.23205 0.16255 0.1128 0.0786 0.0537 0.03735 0.02555 0.0177 0.01205 0.00875 0.0059 0.00435 0.0033 0.00235 0.0016 0.0009 
1 0.70145 0.4877 0.34335 0.24245 0.1684 0.1199 0.08505 0.05965 0.0413 0.02755 0.0197 0.0141 0.0105 0.00735 0.0048 0.00355 0.0025 0.00175 0.00125 
1 0.70015 0.4926 0.33755 0.23555 0.16235 0.112 0.07765 0.05295 0.037 0.02515 0.0178 0.0117 0.00785 0.00575 0.00395 0.0029 0.0018 0.00135 0.0009 
1 0.6943 0.48695 0.34035 0.23935 0.16475 0.114 0.0801 0.05495 0.0388 0.0271 0.0195 0.0136 0.00995 0.00675 0.0053 0.00345 0.00205 0.00165 0.0013 
1 0.6976 0.488 0.34365 0.24025 0.16795 0.1167 0.08165 0.0567 0.04035 0.02855 0.02085 0.0147 0.00945 0.00625 0.00455 0.00335 0.00225 0.0016 0.0013 
1 0.6982 0.4916 0.34045 0.23875 0.1679 0.1187 0.0809 0.0568 0.0391 0.0275 0.01955 0.0134 0.00935 0.0063 0.00445 0.00265 0.0018 0.0013 0.001 
1 0.70095 0.49005 0.344 0.24235 0.1697 0.1164 0.0816 0.0568 0.03835 0.0269 0.0197 0.0145 0.0104 0.00675 0.0049 0.00325 0.00195 0.0014 0.0009 
1 0.6992 0.48645 0.34115 0.23925 0.1671 0.11745 0.0841 0.05675 0.0415 0.0279 0.0189 0.01315 0.0087 0.00575 0.00395 0.0028 0.00185 0.00145 0.00085 
1 0.7039 0.496 0.3474 0.24485 0.17065 0.12005 0.0842 0.05935 0.0428 0.03015 0.02075 0.0144 0.00945 0.0068 0.0047 0.0036 0.00265 0.00195 0.0014 
1 0.70175 0.4899 0.34145 0.2419 0.1716 0.12045 0.0837 0.0582 0.03905 0.02745 0.01895 0.01335 0.0096 0.0069 0.0049 0.0033 0.0021 0.00155 0.001 
1 0.6983 0.4853 0.3449 0.2402 0.16995 0.1202 0.0834 0.0571 0.0405 0.02895 0.0204 0.01465 0.0108 0.00765 0.00515 0.0035 0.0024 0.00195 0.00125 
1 0.70005 0.4871 0.34425 0.23995 0.16965 0.1198 0.08325 0.058 0.0412 0.0275 0.01845 0.01385 0.00975 0.00695 0.00495 0.00305 0.00235 0.00145 0.00115 
1 0.7026 0.4884 0.34265 0.2407 0.16715 0.118 0.08365 0.059 0.0408 0.02775 0.01915 0.01315 0.00935 0.0071 0.0044 0.003 0.00225 0.0017 0.00105 
1 0.70375 0.4923 0.34465 0.2424 0.17215 0.1196 0.08435 0.059 0.04065 0.03055 0.02155 0.0151 0.0104 0.00775 0.0055 0.00355 0.00265 0.0019 0.0012 
1 0.7039 0.49365 0.34915 0.24255 0.172 0.12025 0.0831 0.0577 0.04005 0.0274 0.01945 0.0139 0.0096 0.0062 0.00405 0.00285 0.00215 0.00155 0.00115 
1 0.69995 0.49095 0.34595 0.23935 0.1681 0.11815 0.0824 0.0568 0.0392 0.02655 0.0186 0.0133 0.0097 0.00715 0.005 0.00345 0.0024 0.00165 0.00115 
1 0.69735 0.4887 0.34265 0.24095 0.16715 0.1177 0.0803 0.0573 0.04095 0.0285 0.02025 0.01495 0.0109 0.00815 0.0056 0.00395 0.0025 0.0021 0.0012 
1 0.6958 0.4875 0.34375 0.2415 0.16895 0.1197 0.0849 0.05835 0.03975 0.0275 0.01945 0.01345 0.00925 0.0067 0.0044 0.0031 0.00235 0.00185 0.0014 
1 0.6995 0.4887 0.34245 0.2397 0.1677 0.11645 0.08225 0.05515 0.03915 0.0265 0.0187 0.0131 0.00965 0.0072 0.005 0.0036 0.0026 0.0019 0.00125 
1 0.7004 0.48985 0.34265 0.2419 0.16665 0.11615 0.0797 0.05495 0.0383 0.02655 0.01865 0.01275 0.00915 0.0063 0.00425 0.00265 0.0016 0.0011 0.00085 
1 0.6983 0.4892 0.33945 0.23535 0.16405 0.11595 0.08235 0.05975 0.04235 0.0307 0.0224 0.0156 0.01075 0.0074 0.0049 0.00335 0.0023 0.00165 0.00115 
1 0.69745 0.4868 0.3419 0.23885 0.16835 0.1196 0.08325 0.056 0.03855 0.02675 0.0193 0.01335 0.00955 0.0069 0.00505 0.00375 0.00265 0.00175 0.00135 
1 0.7043 0.4934 0.34495 0.2433 0.17175 0.1213 0.0831 0.0599 0.042 0.02825 0.0186 0.01295 0.0089 0.00645 0.0046 0.00305 0.00215 0.0015 0.001 
1 0.70075 0.49145 0.34015 0.23825 0.1676 0.11765 0.08235 0.05795 0.0401 0.0277 0.0187 0.0129 0.00965 0.0071 0.0051 0.0036 0.00225 0.00185 0.00135 
1 0.69985 0.49 0.342 0.23925 0.16745 0.1194 0.0843 0.0594 0.0415 0.02995 0.0203 0.01415 0.01 0.0073 0.00525 0.0038 0.00235 0.0013 0.00085 
1 0.69755 0.488 0.3406 0.23515 0.1654 0.11645 0.0802 0.0557 0.03925 0.02715 0.0186 0.0125 0.0089 0.00625 0.00465 0.0033 0.002 0.00145 0.001 
1 0.70085 0.48745 0.3435 0.2431 0.17165 0.1197 0.0835 0.05945 0.0427 0.0307 0.02115 0.0143 0.00975 0.00685 0.005 0.00365 0.00255 0.00185 0.00135 
1 0.69985 0.48935 0.34225 0.2423 0.169 0.11855 0.0835 0.0595 0.0425 0.0303 0.02105 0.01475 0.0101 0.00695 0.00535 0.0036 0.00285 0.002 0.0013 
1 0.6936 0.48065 0.33375 0.23425 0.1648 0.11365 0.0805 0.05615 0.0388 0.02765 0.0182 0.0131 0.00965 0.00715 0.0052 0.0036 0.0025 0.002 0.0014 
1 0.7001 0.4916 0.3454 0.2448 0.17235 0.11765 0.08095 0.057 0.03865 0.0263 0.018 0.01225 0.0091 0.00625 0.0045 0.0034 0.0027 0.00175 0.00135 
1 0.70175 0.48795 0.34005 0.2375 0.167 0.11545 0.08145 0.05635 0.0388 0.02785 0.01895 0.01305 0.0093 0.0066 0.00475 0.00325 0.0023 0.0018 0.0013 
1 0.7021 0.49195 0.3471 0.24985 0.1786 0.1219 0.08505 0.05905 0.04085 0.0281 0.01915 0.0138 0.00945 0.00615 0.00415 0.00285 0.00205 0.00145 0.00125 
1 0.69735 0.48925 0.3427 0.2407 0.1694 0.11935 0.0834 0.05835 0.03985 0.02785 0.01905 0.01335 0.0102 0.00705 0.00525 0.00325 0.00235 0.00145 0.00095 
1 0.69965 0.48605 0.33885 0.2379 0.16895 0.118 0.082 0.0573 0.04135 0.0284 0.02035 0.014 0.0098 0.00725 0.00495 0.0035 0.00215 0.00145 0.0012 
1 0.69175 0.4879 0.34025 0.2373 0.16675 0.1191 0.0835 0.05885 0.04075 0.0277 0.01955 0.01435 0.0097 0.00615 0.0041 0.0027 0.00155 0.00115 0.0006 
1 0.6993 0.49185 0.343 0.2411 0.16935 0.12075 0.0852 0.0609 0.04245 0.0297 0.02125 0.01475 0.0103 0.0074 0.0049 0.0037 0.00275 0.0021 0.0016 
1 0.6959 0.4846 0.3359 0.2366 0.1653 0.1154 0.0792 0.05395 0.03715 0.0249 0.0174 0.01125 0.0076 0.0052 0.00405 0.00265 0.00205 0.0014 0.00095 
1 0.70035 0.4899 0.34385 0.24375 0.1719 0.1193 0.08225 0.05955 0.04245 0.03065 0.02245 0.016 0.0112 0.00805 0.00565 0.004 0.00275 0.0018 0.00135 
1 0.7003 0.4915 0.3449 0.2394 0.1669 0.1155 0.08025 0.05525 0.03905 0.02725 0.01975 0.0135 0.0092 0.0062 0.0041 0.0026 0.00225 0.0016 0.00125 
1 0.70035 0.4876 0.34295 0.2411 0.1682 0.11615 0.08125 0.05635 0.03905 0.0268 0.0185 0.01315 0.0091 0.0066 0.00465 0.0032 0.00235 0.0019 0.0014 
1 0.69825 0.48815 0.34135 0.24365 0.1681 0.1206 0.0845 0.0603 0.0422 0.0301 0.02095 0.0143 0.0103 0.0076 0.0054 0.0036 0.00245 0.0017 0.0011 
1 0.70085 0.4893 0.3427 0.2365 0.1653 0.11405 0.0807 0.0572 0.03965 0.02805 0.01975 0.01415 0.0101 0.0069 0.0049 0.0033 0.00225 0.0018 0.0012 
1 0.70145 0.486 0.34475 0.2429 0.17125 0.1159 0.082 0.05685 0.03885 0.027 0.0186 0.0136 0.0091 0.0064 0.0047 0.00345 0.00235 0.00175 0.00135 
1 0.69695 0.4908 0.34495 0.24205 0.17 0.11955 0.0831 0.05945 0.0421 0.0291 0.0208 0.0146 0.01125 0.0082 0.00555 0.0039 0.0029 0.00245 0.00175 
1 0.7027 0.48895 0.33995 0.23615 0.1674 0.11815 0.0833 0.0571 0.0397 0.027 0.019 0.01255 0.0093 0.00665 0.00455 0.00325 0.0022 0.00165 0.0012 
1 0.699 0.4893 0.34465 0.24015 0.16865 0.1167 0.07935 0.054 0.0368 0.0253 0.0176 0.012 0.0087 0.00585 0.00465 0.003 0.00225 0.0014 0.00095 
1 0.69945 0.4929 0.34935 0.24275 0.169 0.11965 0.0828 0.0585 0.04055 0.02805 0.0197 0.01395 0.01 0.00665 0.005 0.00375 0.00265 0.0021 0.0014 
1 0.70135 0.49485 0.34595 0.2406 0.16765 0.1183 0.0838 0.0581 0.04075 0.0286 0.02 0.01405 0.00915 0.0061 0.00445 0.0034 0.00225 0.00165 0.00095 
1 0.7042 0.4929 0.3489 0.2462 0.1736 0.12455 0.0871 0.06155 0.04415 0.0318 0.0227 0.0155 0.01145 0.00815 0.00535 0.00345 0.0025 0.00185 0.00135 
1 0.7023 0.4915 0.343 0.24245 0.17055 0.12035 0.08415 0.06175 0.04285 0.02905 0.02045 0.0135 0.00955 0.0066 0.00455 0.003 0.0019 0.00125 0.00075 
1 0.70185 0.48945 0.3409 0.24 0.1657 0.11435 0.0787 0.0554 0.03875 0.0279 0.0208 0.0149 0.01005 0.0072 0.0053 0.0035 0.00255 0.0015 0.00075 
1 0.7002 0.4886 0.34865 0.2441 0.1683 0.11845 0.08235 0.05825 0.04035 0.0293 0.0196 0.0141 0.00995 0.00625 0.00445 0.0032 0.0024 0.00155 0.0008 
1 0.69975 0.48925 0.34355 0.23835 0.16545 0.11465 0.08045 0.0573 0.03875 0.0268 0.01855 0.0132 0.00985 0.0064 0.0046 0.00325 0.0022 0.00145 0.0009 
1 0.69445 0.48945 0.34215 0.23925 0.16905 0.12155 0.08535 0.06025 0.0431 0.02975 0.0213 0.0145 0.00965 0.0063 0.0044 0.0029 0.0017 0.0015 0.00115 
1 0.69455 0.4865 0.3415 0.2399 0.16275 0.11205 0.07805 0.0559 0.0396 0.0285 0.0196 0.01435 0.01005 0.00775 0.00545 0.0037 0.0026 0.0018 0.0013 
1 0.6975 0.4813 0.33835 0.23435 0.16515 0.11605 0.07995 0.05575 0.0389 0.0281 0.01905 0.01255 0.00825 0.00555 0.00375 0.0026 0.0019 0.0013 0.0008 
1 0.6992 0.4946 0.3461 0.2427 0.17265 0.11875 0.08285 0.05735 0.0398 0.02805 0.01945 0.01335 0.00945 0.006 0.0039 0.0029 0.0019 0.0011 0.0006 
1 0.70025 0.49215 0.3413 0.23885 0.1677 0.1178 0.0841 0.0589 0.0414 0.02775 0.01965 0.01385 0.00935 0.00625 0.00385 0.00275 0.0019 0.0011 0.0007 
1 0.6968 0.4884 0.3362 0.23595 0.1639 0.11455 0.0816 0.05855 0.04085 0.02715 0.0184 0.0128 0.00875 0.0062 0.0045 0.00325 0.0021 0.00145 0.00105 
1 0.6984 0.4909 0.3434 0.24155 0.1708 0.1199 0.08415 0.0574 0.0395 0.029 0.02115 0.0149 0.01065 0.00715 0.0053 0.0034 0.00205 0.00155 0.0013 
1 0.70245 0.4903 0.344 0.23705 0.167 0.11715 0.0816 0.0552 0.0392 0.0264 0.01825 0.0125 0.0089 0.0058 0.0042 0.003 0.0021 0.0014 0.0007 
1 0.7008 0.4904 0.34235 0.24145 0.16865 0.11605 0.0824 0.0578 0.0397 0.02835 0.01935 0.01335 0.01035 0.00765 0.0058 0.00405 0.0031 0.00205 0.0014 
1 0.69885 0.49245 0.3405 0.2373 0.1661 0.11735 0.07925 0.05575 0.0392 0.0284 0.02015 0.01425 0.01025 0.00745 0.00485 0.0038 0.00265 0.00195 0.0013 
1 0.70355 0.4905 0.34245 0.24025 0.1688 0.1164 0.085 0.0605 0.0418 0.0288 0.0203 0.01425 0.0103 0.0069 0.00495 0.00365 0.00265 0.00185 0.00125 
1 0.6926 0.48565 0.34265 0.2375 0.16705 0.11695 0.08295 0.06005 0.0413 0.0291 0.01995 0.0139 0.0093 0.0062 0.00475 0.00295 0.00215 0.00175 0.0014 
1 0.70385 0.491 0.3426 0.24035 0.1688 0.1169 0.0817 0.05765 0.04045 0.0278 0.01965 0.0147 0.0099 0.00685 0.00505 0.00325 0.00245 0.0015 0.00095 
1 0.7022 0.495 0.344 0.23925 0.16725 0.11935 0.0824 0.05715 0.0406 0.0276 0.01855 0.01305 0.0095 0.0066 0.00445 0.00345 0.0026 0.00195 0.0014 
