1 0.984167 0.95985 0.927483 0.88975 0.84955 0.8084 0.768067 0.72765 0.686017 0.6462 0.606483 0.5671 0.529533 0.491567 0.456267 0.42075 0.3865 0.353167 0.319933 
1 0.983067 0.955783 0.921933 0.879983 0.837683 0.793617 0.748467 0.705183 0.663967 0.622333 0.58435 0.54755 0.51255 0.47615 0.4411 0.407233 0.375517 0.34325 0.3116 
1 0.983933 0.957133 0.922983 0.884283 0.842433 0.800883 0.757883 0.717333 0.676417 0.636567 0.596883 0.557867 0.519117 0.482767 0.445233 0.409083 0.3727 0.339467 0.304083 
1 0.98165 0.95215 0.915167 0.871917 0.825183 0.778733 0.732717 0.685183 0.6397 0.5967 0.556383 0.517617 0.480083 0.44385 0.409083 0.377333 0.346867 0.31635 0.2897 
1 0.98505 0.960583 0.930883 0.895167 0.855867 0.816167 0.7759 0.7358 0.695233 0.6559 0.614967 0.57505 0.535317 0.496317 0.45555 0.417333 0.3779 0.341333 0.3065 
1 0.98395 0.960083 0.926417 0.886567 0.8449 0.801833 0.760033 0.717283 0.67485 0.633983 0.59375 0.55335 0.514067 0.477017 0.439317 0.403717 0.368167 0.334783 0.302333 
1 0.982267 0.956083 0.921517 0.884333 0.8423 0.798467 0.7541 0.711133 0.668917 0.625533 0.58505 0.5455 0.507567 0.47025 0.4334 0.396733 0.363217 0.331383 0.3007 
1 0.983433 0.95885 0.926067 0.88865 0.849433 0.809633 0.76745 0.725983 0.684633 0.6441 0.602733 0.561467 0.523633 0.48525 0.448 0.41075 0.373 0.338533 0.304767 
1 0.982717 0.956767 0.921783 0.881033 0.839617 0.797317 0.754967 0.712983 0.671017 0.630367 0.589133 0.549883 0.509883 0.47025 0.434517 0.398733 0.365817 0.332817 0.29975 
1 0.9837 0.956617 0.922283 0.8817 0.838367 0.793083 0.749133 0.708083 0.66735 0.627033 0.5892 0.549183 0.5123 0.476833 0.4423 0.408783 0.374983 0.341833 0.3085 
1 0.981817 0.953383 0.916533 0.874133 0.828117 0.779867 0.7322 0.685517 0.639567 0.597133 0.55485 0.513717 0.473367 0.43395 0.397217 0.36085 0.324167 0.290017 0.258067 
1 0.980583 0.952767 0.917317 0.876333 0.832517 0.7876 0.7419 0.697283 0.651133 0.6091 0.568583 0.52855 0.48925 0.450833 0.414467 0.379817 0.345283 0.311217 0.27815 
1 0.979567 0.94905 0.911133 0.866317 0.82065 0.77505 0.72815 0.683433 0.640717 0.59775 0.558017 0.52125 0.484067 0.4517 0.417883 0.385383 0.354117 0.3235 0.293417 
1 0.983333 0.958017 0.923833 0.88535 0.843767 0.799867 0.754767 0.709767 0.666183 0.623267 0.580833 0.53965 0.501083 0.463083 0.426367 0.391233 0.35695 0.324467 0.293017 
1 0.982667 0.9556 0.921033 0.879483 0.836733 0.792017 0.744783 0.700717 0.658167 0.6156 0.57395 0.535033 0.495483 0.459667 0.424183 0.3889 0.355767 0.321217 0.288733 
1 0.9811 0.952567 0.91585 0.87425 0.827917 0.78095 0.7355 0.6905 0.648417 0.608483 0.568667 0.533283 0.498483 0.464317 0.430917 0.3985 0.367833 0.335583 0.30465 
1 0.981767 0.954017 0.9192 0.877433 0.8312 0.786033 0.742767 0.69715 0.651883 0.610033 0.569967 0.530983 0.492583 0.4556 0.420333 0.38555 0.352417 0.320967 0.2894 
1 0.981333 0.955317 0.921083 0.881317 0.837983 0.7923 0.749883 0.704733 0.6608 0.619517 0.577167 0.537217 0.497767 0.459167 0.422767 0.386683 0.352683 0.319483 0.288083 
1 0.9817 0.954567 0.919767 0.8791 0.836683 0.790683 0.744417 0.700067 0.653917 0.609233 0.56585 0.52315 0.4823 0.44425 0.407467 0.373433 0.34085 0.308817 0.277667 
1 0.983533 0.957033 0.922683 0.883567 0.83925 0.79445 0.74815 0.70425 0.6617 0.6209 0.580633 0.540517 0.501717 0.462683 0.425517 0.388983 0.353083 0.319317 0.28535 
1 0.982117 0.955183 0.920417 0.87975 0.838233 0.79535 0.752633 0.710533 0.669033 0.6276 0.58625 0.547967 0.511233 0.474867 0.439117 0.405217 0.370867 0.33805 0.3049 
1 0.982867 0.957283 0.922367 0.88235 0.8407 0.796717 0.75315 0.709383 0.6676 0.627167 0.587017 0.55005 0.512717 0.477 0.4425 0.407117 0.37365 0.3398 0.30695 
1 0.985383 0.961733 0.9317 0.89615 0.856183 0.816333 0.775833 0.734083 0.692383 0.652967 0.614917 0.576533 0.53895 0.500583 0.46295 0.426733 0.392083 0.357117 0.325317 
1 0.981917 0.954083 0.91905 0.877733 0.833467 0.789317 0.74475 0.7007 0.659417 0.618617 0.580333 0.541433 0.502567 0.4628 0.425667 0.3882 0.3538 0.3196 0.287583 
1 0.983983 0.9582 0.924217 0.884867 0.84435 0.801333 0.758567 0.716533 0.673333 0.630667 0.590717 0.5498 0.509983 0.47205 0.43465 0.4 0.366967 0.3343 0.302417 
1 0.983033 0.956067 0.920167 0.8799 0.836933 0.792833 0.749233 0.7076 0.665167 0.622683 0.579633 0.53605 0.4954 0.454667 0.415317 0.377433 0.340617 0.307117 0.274683 
1 0.981667 0.954817 0.919817 0.881133 0.838417 0.795283 0.7501 0.70625 0.662683 0.618967 0.5761 0.534983 0.49535 0.457183 0.422267 0.38845 0.355917 0.3236 0.292383 
1 0.981483 0.954383 0.917817 0.87575 0.829583 0.784767 0.739117 0.696417 0.653967 0.613233 0.574233 0.534933 0.497167 0.461317 0.42505 0.390167 0.357467 0.326317 0.294917 
1 0.982567 0.9554 0.919467 0.8784 0.833517 0.7885 0.7428 0.698567 0.653633 0.607717 0.564617 0.52355 0.483967 0.445033 0.40765 0.3722 0.3364 0.302067 0.270017 
1 0.983567 0.957967 0.924667 0.888333 0.846967 0.805817 0.763467 0.7233 0.684567 0.64545 0.607567 0.569867 0.53335 0.496383 0.460133 0.4236 0.3886 0.35395 0.319117 
1 0.98285 0.956733 0.92245 0.883433 0.840583 0.793433 0.748267 0.703717 0.660833 0.6207 0.580833 0.542267 0.506683 0.468883 0.433417 0.3987 0.3647 0.331767 0.299633 
1 0.980533 0.950183 0.913117 0.868467 0.82175 0.77605 0.72835 0.682417 0.63795 0.594833 0.554483 0.514267 0.476217 0.437883 0.402017 0.366983 0.333617 0.300683 0.26915 
1 0.981383 0.953533 0.917817 0.874617 0.8295 0.783633 0.737433 0.691033 0.646083 0.604567 0.563183 0.523933 0.485467 0.44865 0.41335 0.379233 0.34685 0.315817 0.286067 
1 0.98355 0.95685 0.9218 0.881517 0.837383 0.79185 0.74705 0.7022 0.658317 0.61545 0.5731 0.5317 0.491733 0.453717 0.417183 0.382033 0.34995 0.318033 0.285833 
1 0.982467 0.954833 0.9196 0.87975 0.834883 0.7892 0.74425 0.699217 0.654983 0.612383 0.5697 0.529883 0.491233 0.45465 0.419417 0.383717 0.350483 0.3186 0.28615 
1 0.9816 0.954167 0.9194 0.8799 0.836367 0.7912 0.746983 0.703233 0.657533 0.61205 0.568333 0.527583 0.487883 0.452967 0.4176 0.383533 0.351817 0.319367 0.287083 
1 0.982667 0.956117 0.92285 0.88375 0.842117 0.799667 0.754817 0.710267 0.665617 0.622267 0.580833 0.539317 0.499383 0.463033 0.424667 0.388067 0.3514 0.31645 0.284433 
1 0.9823 0.9551 0.920983 0.88025 0.836733 0.792033 0.748217 0.703867 0.662 0.62185 0.583117 0.543933 0.506567 0.468917 0.43485 0.401533 0.3683 0.336783 0.305267 
1 0.983583 0.957167 0.923183 0.883783 0.839983 0.797533 0.753683 0.710867 0.6688 0.62835 0.58585 0.54555 0.506717 0.467417 0.430683 0.395917 0.361633 0.327367 0.2944 
1 0.984317 0.9616 0.929483 0.891633 0.851017 0.80925 0.76605 0.722383 0.682083 0.641217 0.601133 0.56185 0.52335 0.486783 0.451733 0.4186 0.3832 0.3502 0.316767 
1 0.984783 0.9596 0.926417 0.887917 0.848683 0.80745 0.765633 0.724283 0.68315 0.644167 0.604367 0.566967 0.529983 0.49295 0.456833 0.42135 0.386917 0.352367 0.320117 
1 0.98145 0.952467 0.91455 0.8708 0.823667 0.7766 0.730833 0.685067 0.6422 0.6003 0.560683 0.522633 0.4857 0.448183 0.411833 0.375767 0.340867 0.307433 0.275733 
1 0.978383 0.946083 0.90605 0.860017 0.810967 0.762567 0.712567 0.6653 0.620833 0.5763 0.5343 0.49345 0.455167 0.419917 0.384917 0.352 0.320067 0.291117 0.2628 
1 0.98315 0.95655 0.921967 0.881933 0.838967 0.794833 0.750133 0.704383 0.660867 0.618667 0.5789 0.539533 0.50165 0.462367 0.4259 0.390033 0.35455 0.3201 0.287683 
1 0.983067 0.956567 0.921433 0.883517 0.842783 0.8005 0.758633 0.716733 0.675883 0.635883 0.5989 0.561967 0.525367 0.488667 0.451733 0.415383 0.379967 0.347183 0.31415 
1 0.982617 0.9544 0.9197 0.878383 0.836883 0.792183 0.747167 0.70285 0.66025 0.61915 0.577333 0.53745 0.4997 0.462467 0.429717 0.39625 0.363717 0.331967 0.3 
1 0.982767 0.95565 0.92125 0.88095 0.838533 0.7923 0.747567 0.70525 0.6629 0.622033 0.5803 0.539017 0.5003 0.46235 0.42515 0.390517 0.358317 0.3254 0.292783 
1 0.980617 0.9529 0.915933 0.872217 0.825517 0.77665 0.729317 0.681467 0.63485 0.591467 0.551567 0.51105 0.472 0.434733 0.398983 0.36435 0.330283 0.297433 0.26565 
1 0.981 0.9516 0.9143 0.8721 0.827067 0.7833 0.738167 0.6944 0.649983 0.60685 0.5647 0.524067 0.486 0.448733 0.412433 0.376917 0.34265 0.31025 0.279783 
1 0.981567 0.9548 0.92085 0.879567 0.834517 0.789 0.74215 0.697917 0.653267 0.609467 0.567667 0.526383 0.4876 0.450983 0.417033 0.3838 0.350033 0.318867 0.286033 
1 0.983367 0.9579 0.924367 0.886333 0.844367 0.8001 0.756033 0.71255 0.670933 0.627733 0.58755 0.548017 0.510033 0.472717 0.4365 0.399717 0.365817 0.3328 0.300883 
1 0.978083 0.948133 0.907933 0.861767 0.813983 0.764883 0.716667 0.670033 0.62435 0.58 0.5373 0.496067 0.455717 0.416167 0.380383 0.345217 0.314917 0.283933 0.25305 
1 0.982133 0.954967 0.921417 0.882433 0.839517 0.796317 0.753067 0.709367 0.669767 0.63025 0.591683 0.553333 0.51695 0.48195 0.446983 0.411767 0.37655 0.345267 0.3129 
1 0.982733 0.955783 0.9215 0.881433 0.8403 0.79645 0.7533 0.707583 0.6639 0.621933 0.58115 0.541167 0.501983 0.4652 0.428333 0.393733 0.359867 0.3268 0.295217 
1 0.982633 0.954433 0.91855 0.877667 0.834067 0.789483 0.74475 0.703333 0.662233 0.621017 0.581383 0.541267 0.503733 0.46695 0.43045 0.395833 0.3619 0.329433 0.296667 
1 0.982533 0.956683 0.922217 0.883117 0.8406 0.7954 0.750217 0.704717 0.661917 0.618717 0.57595 0.534617 0.494267 0.455383 0.419483 0.383917 0.34955 0.31575 0.285683 
1 0.982433 0.955533 0.920967 0.881233 0.839533 0.797283 0.754633 0.715167 0.675667 0.637267 0.5997 0.561817 0.524283 0.488533 0.453383 0.41855 0.38395 0.3507 0.3175 
1 0.983483 0.959133 0.92475 0.88655 0.843 0.799767 0.75485 0.712217 0.669167 0.625917 0.58425 0.543383 0.50215 0.464767 0.426333 0.389317 0.355483 0.321133 0.287617 
1 0.981467 0.955383 0.9223 0.8817 0.838217 0.794217 0.747067 0.702283 0.65755 0.613617 0.57145 0.5318 0.491317 0.4521 0.415767 0.379717 0.345483 0.311567 0.280317 
1 0.982867 0.95655 0.922367 0.881283 0.8356 0.7899 0.745233 0.699233 0.653217 0.608333 0.565733 0.525383 0.48605 0.44715 0.410083 0.374467 0.340317 0.307117 0.275367 
1 0.983333 0.958233 0.924567 0.88615 0.840833 0.795617 0.75105 0.7048 0.659717 0.614617 0.57255 0.531083 0.490433 0.450167 0.413067 0.377033 0.34355 0.309367 0.277683 
1 0.983033 0.95775 0.92465 0.887483 0.847 0.805817 0.765283 0.723317 0.681283 0.638667 0.5984 0.557917 0.519017 0.480883 0.4447 0.408483 0.37355 0.33985 0.3079 
1 0.982533 0.955217 0.918117 0.875233 0.831417 0.7882 0.743533 0.69985 0.6584 0.616533 0.577467 0.537817 0.500583 0.46275 0.426933 0.393383 0.359917 0.326667 0.294633 
1 0.98385 0.957583 0.924 0.881933 0.8385 0.794267 0.748983 0.704367 0.6597 0.616783 0.577183 0.537933 0.498617 0.460317 0.424083 0.387817 0.353183 0.319533 0.285367 
1 0.981417 0.953733 0.919233 0.878167 0.835817 0.7925 0.749117 0.70675 0.662917 0.62015 0.58025 0.539983 0.499517 0.4603 0.421633 0.3856 0.351917 0.318483 0.286733 
1 0.9818 0.9549 0.9194 0.878817 0.83535 0.792217 0.749533 0.706733 0.6643 0.622883 0.583183 0.542633 0.503733 0.466833 0.431283 0.396183 0.363667 0.33255 0.302383 
1 0.98175 0.955317 0.921783 0.8842 0.843283 0.801517 0.759933 0.7201 0.681017 0.641983 0.604883 0.567367 0.528833 0.492933 0.456133 0.420017 0.3851 0.3494 0.315467 
1 0.982167 0.954333 0.919083 0.87835 0.8334 0.7864 0.739017 0.693517 0.648483 0.605017 0.5629 0.5213 0.483117 0.444267 0.40735 0.372633 0.3397 0.30675 0.273767 
1 0.98295 0.9562 0.918517 0.8767 0.833033 0.788567 0.745033 0.70255 0.661333 0.61995 0.580383 0.540933 0.504183 0.46775 0.4336 0.400767 0.368383 0.336583 0.304983 
1 0.9831 0.957567 0.923983 0.886 0.8444 0.800167 0.75765 0.71635 0.676217 0.636483 0.597067 0.558833 0.520267 0.483483 0.445233 0.410667 0.376317 0.341867 0.3068 
1 0.981633 0.954083 0.917933 0.877033 0.834617 0.78945 0.74815 0.706617 0.6649 0.623317 0.583033 0.542033 0.503383 0.4673 0.43125 0.395917 0.361667 0.328217 0.296267 
1 0.983117 0.958417 0.9267 0.887833 0.846967 0.805283 0.761983 0.7191 0.67425 0.632617 0.591367 0.553183 0.513233 0.474517 0.436717 0.4 0.365417 0.3319 0.300483 
1 0.980083 0.95195 0.91495 0.871583 0.826633 0.779267 0.732667 0.686483 0.643117 0.599633 0.556683 0.515833 0.477267 0.4401 0.404417 0.372067 0.3406 0.308717 0.277717 
1 0.982067 0.95495 0.920817 0.8796 0.83565 0.788317 0.7416 0.694867 0.650333 0.608533 0.5668 0.526817 0.487283 0.4487 0.411083 0.375967 0.34315 0.31095 0.280267 
1 0.98375 0.9583 0.925133 0.887717 0.846467 0.802767 0.758233 0.713167 0.668117 0.624717 0.5838 0.544083 0.504967 0.465317 0.429417 0.393783 0.359533 0.325833 0.294983 
1 0.981417 0.953967 0.91875 0.87645 0.831767 0.78665 0.741133 0.697583 0.653733 0.609567 0.570267 0.531017 0.491817 0.4548 0.417417 0.382233 0.34855 0.316083 0.28485 
1 0.983867 0.9594 0.928383 0.890717 0.850617 0.808333 0.765833 0.722417 0.681917 0.640583 0.59935 0.560817 0.523333 0.487517 0.4512 0.41545 0.3807 0.347233 0.313233 
1 0.982083 0.954783 0.920133 0.8813 0.839133 0.796167 0.751617 0.708133 0.665517 0.625567 0.586067 0.546133 0.509767 0.4726 0.436617 0.400817 0.366217 0.3337 0.300683 
1 0.980467 0.951317 0.9127 0.869233 0.823333 0.77745 0.730433 0.68635 0.6432 0.600167 0.55815 0.518617 0.480117 0.44245 0.406117 0.3711 0.336417 0.3025 0.27015 
1 0.981333 0.95165 0.91305 0.86935 0.82375 0.777967 0.732117 0.6848 0.63845 0.593267 0.550633 0.50875 0.469533 0.433267 0.397767 0.36365 0.331567 0.30095 0.270367 
1 0.98475 0.961467 0.931017 0.894383 0.853883 0.812867 0.771283 0.727683 0.68455 0.644033 0.602683 0.562767 0.522467 0.4845 0.44765 0.410183 0.3748 0.340033 0.306067 
1 0.982117 0.957233 0.92405 0.88335 0.840167 0.795083 0.753783 0.713033 0.67125 0.629667 0.58985 0.54855 0.510833 0.474283 0.438683 0.40265 0.36995 0.33895 0.306967 
1 0.983333 0.957367 0.924083 0.8843 0.84175 0.796733 0.75485 0.71145 0.66955 0.627733 0.586133 0.545433 0.504767 0.465367 0.427517 0.39225 0.35545 0.321417 0.289267 
1 0.981867 0.95505 0.919783 0.879333 0.836 0.7918 0.747467 0.704833 0.662483 0.619683 0.577617 0.537667 0.497033 0.45695 0.419183 0.383283 0.3492 0.315417 0.283133 
1 0.98355 0.956017 0.9215 0.8814 0.837383 0.792883 0.749083 0.704883 0.661183 0.618167 0.576583 0.5354 0.496217 0.458717 0.4211 0.385833 0.352583 0.320367 0.288367 
1 0.98375 0.95905 0.925733 0.886883 0.8434 0.7982 0.752883 0.708667 0.665117 0.62245 0.58135 0.540783 0.500133 0.4606 0.426133 0.391567 0.3572 0.322233 0.2889 
1 0.9843 0.9604 0.929333 0.8909 0.8513 0.8099 0.766333 0.72345 0.680883 0.639517 0.602067 0.563617 0.524217 0.488033 0.45225 0.415933 0.382517 0.3479 0.315067 
1 0.98165 0.955517 0.92005 0.879783 0.83635 0.792033 0.747117 0.703767 0.66005 0.619083 0.578733 0.541767 0.506583 0.470917 0.43495 0.400017 0.36545 0.3328 0.302717 
1 0.981583 0.954067 0.917833 0.875833 0.831417 0.787067 0.742767 0.698533 0.65555 0.61485 0.572017 0.5304 0.491283 0.4527 0.41645 0.381417 0.346633 0.312833 0.28015 
1 0.980533 0.95265 0.916367 0.875983 0.830683 0.782683 0.736 0.6919 0.648067 0.6036 0.5606 0.520133 0.4806 0.443933 0.408583 0.373533 0.3415 0.310017 0.279917 
1 0.983183 0.958967 0.926033 0.8887 0.849583 0.807783 0.765617 0.723433 0.680867 0.6405 0.59995 0.559367 0.521767 0.483433 0.44845 0.41425 0.3798 0.345583 0.311717 
1 0.98345 0.95815 0.923617 0.8843 0.840083 0.793767 0.749167 0.702217 0.657583 0.614383 0.57345 0.53285 0.4942 0.45825 0.422317 0.386517 0.352733 0.319817 0.288383 
1 0.982467 0.955033 0.919883 0.877933 0.831783 0.785483 0.738767 0.69565 0.6512 0.607633 0.563517 0.523583 0.485017 0.447333 0.412633 0.378467 0.345883 0.313483 0.2825 
1 0.98345 0.958117 0.921583 0.880267 0.836217 0.789667 0.74145 0.6969 0.655583 0.613383 0.571117 0.531267 0.49105 0.452567 0.415283 0.379033 0.343267 0.30915 0.27575 
1 0.984433 0.95965 0.92835 0.892117 0.85235 0.811267 0.770917 0.7294 0.687917 0.648133 0.6086 0.5701 0.532883 0.496383 0.4591 0.423517 0.3874 0.351533 0.315917 
1 0.982233 0.95635 0.921617 0.88175 0.840183 0.798483 0.757167 0.7151 0.675917 0.637617 0.59935 0.56225 0.524683 0.48695 0.452067 0.416217 0.38125 0.347083 0.312683 
1 0.98255 0.9565 0.922517 0.88375 0.84125 0.7975 0.75275 0.708117 0.66475 0.622783 0.583583 0.543333 0.505383 0.467167 0.430783 0.396 0.361367 0.327733 0.294067 
1 0.98285 0.957283 0.924533 0.885833 0.844333 0.8017 0.760033 0.717017 0.674533 0.632417 0.59295 0.5523 0.5145 0.477 0.439617 0.404483 0.369233 0.335567 0.303683 
1 0.984617 0.96115 0.930017 0.8943 0.856333 0.815483 0.775433 0.73725 0.697317 0.657767 0.61735 0.5778 0.53825 0.500467 0.4632 0.426033 0.391317 0.35665 0.3212 
1 0.9826 0.95585 0.920633 0.878533 0.8343 0.78955 0.744267 0.697583 0.654183 0.6122 0.572583 0.531583 0.4921 0.455233 0.4189 0.383567 0.351267 0.320317 0.290133 
1 0.980817 0.952583 0.9151 0.874367 0.828117 0.779933 0.73145 0.68375 0.638467 0.59475 0.55265 0.511167 0.473183 0.4363 0.401717 0.366217 0.332683 0.299567 0.267517 
1 0.9809 0.951 0.91315 0.868583 0.819567 0.76985 0.720633 0.673867 0.627083 0.583383 0.541233 0.499567 0.46085 0.423733 0.388433 0.354783 0.322333 0.292283 0.263617 
1 0.98165 0.9556 0.923217 0.883933 0.842317 0.799467 0.759217 0.718017 0.677767 0.6388 0.600017 0.56215 0.524717 0.487683 0.449883 0.41355 0.37845 0.343817 0.310683 
1 0.982017 0.95555 0.9197 0.879817 0.837633 0.793233 0.749083 0.7033 0.660933 0.620167 0.579417 0.540717 0.502117 0.4649 0.4282 0.393917 0.360367 0.327417 0.296533 
1 0.981783 0.956433 0.922433 0.882283 0.837883 0.793933 0.748633 0.705 0.660817 0.619717 0.579717 0.539883 0.50025 0.46345 0.428283 0.391917 0.3577 0.3251 0.293133 
1 0.981617 0.953033 0.91735 0.87575 0.831417 0.78515 0.739633 0.693217 0.647983 0.605233 0.563733 0.522167 0.482367 0.443883 0.4066 0.369883 0.336433 0.305083 0.2736 
1 0.982333 0.955367 0.921133 0.879733 0.837067 0.792133 0.747033 0.703733 0.6601 0.61545 0.5748 0.535383 0.4952 0.4578 0.4227 0.388067 0.353233 0.319483 0.286833 
1 0.982183 0.9532 0.9164 0.872033 0.82485 0.775533 0.72775 0.682017 0.6374 0.5939 0.55265 0.512467 0.47365 0.437367 0.402783 0.367917 0.334967 0.30255 0.27235 
1 0.9834 0.959 0.927667 0.89075 0.851867 0.8114 0.770617 0.729583 0.689183 0.648917 0.61145 0.573417 0.536433 0.4999 0.463217 0.42865 0.394483 0.361033 0.32765 
1 0.980883 0.953433 0.915783 0.872733 0.828217 0.7795 0.734117 0.690567 0.64685 0.605183 0.564067 0.52475 0.488383 0.452417 0.417333 0.384233 0.3506 0.319517 0.28805 
