1 0.988016 0.965014 0.922062 0.847684 0.733454 0.584094 0.423134 0.281174 0.175925 0.106533 0.0638775 0.0370313 0.0197925 0.009415 0.0035975 0.00091125 0.000115 6.25e-06 0 
1 0.991185 0.97447 0.943551 0.889077 0.802848 0.68391 0.545136 0.405745 0.286014 0.193982 0.12776 0.0822925 0.0541813 0.0384725 0.0292112 0.0221812 0.0154237 0.0090075 0.003925 
1 0.988255 0.965109 0.922041 0.847096 0.730541 0.576131 0.407426 0.253916 0.138099 0.065435 0.0276938 0.0107 0.00439875 0.0019275 0.0006625 0.00012375 7.5e-06 0 0 
1 0.988896 0.968076 0.929889 0.864245 0.765231 0.638682 0.505059 0.384596 0.289956 0.21811 0.165552 0.125742 0.0933675 0.0664763 0.044465 0.0275513 0.0150125 0.0065925 0.00226625 
1 0.992049 0.976796 0.947916 0.896925 0.815636 0.701812 0.565074 0.425237 0.302269 0.208435 0.141988 0.0965075 0.0650075 0.0420813 0.0246175 0.0118625 0.004635 0.001455 0.00030375 
1 0.989895 0.970035 0.933077 0.868286 0.766284 0.628886 0.472667 0.323589 0.204133 0.12114 0.070305 0.0416388 0.0242513 0.0134612 0.00672 0.00282 0.000815 0.0001575 8.75e-06 
1 0.988644 0.966639 0.92631 0.85575 0.745434 0.599922 0.44103 0.298209 0.188168 0.112169 0.06434 0.035195 0.0175013 0.00754 0.00265875 0.00067875 0.000125 1.5e-05 0 
1 0.99057 0.972501 0.939216 0.880285 0.786389 0.658772 0.515196 0.381765 0.273274 0.192276 0.133096 0.091215 0.0619775 0.0421925 0.0271888 0.0151337 0.00663125 0.00209 0.00043 
1 0.991116 0.97422 0.943245 0.888256 0.798992 0.674116 0.52628 0.379741 0.256249 0.169061 0.114202 0.08062 0.0579775 0.04049 0.0264925 0.01594 0.00884625 0.004335 0.00160125 
1 0.99167 0.975679 0.945965 0.893782 0.811104 0.698997 0.572706 0.451406 0.350511 0.274002 0.216275 0.170127 0.131377 0.0993813 0.07394 0.0543988 0.0380275 0.02467 0.01545 
1 0.989801 0.969837 0.932504 0.866654 0.762444 0.620503 0.458934 0.305759 0.18333 0.0990125 0.04876 0.0220638 0.00826875 0.00254875 0.0005325 6.125e-05 2.5e-06 6.93889e-18 0 
1 0.991069 0.973982 0.942186 0.887075 0.801277 0.68639 0.55439 0.425363 0.312558 0.220818 0.150204 0.0997625 0.0661962 0.04728 0.0377888 0.0327425 0.0287763 0.0237863 0.0183075 
1 0.990594 0.972276 0.938471 0.879021 0.786311 0.660579 0.51856 0.383189 0.271924 0.189094 0.130476 0.0898325 0.0587488 0.0336563 0.0157088 0.0062025 0.002255 0.00072 0.00013125 
1 0.992546 0.978085 0.950779 0.903355 0.828889 0.72715 0.607964 0.485434 0.373029 0.278462 0.201554 0.139884 0.09178 0.0562463 0.03197 0.0165263 0.00746 0.0028575 0.0008 
1 0.988039 0.965357 0.922547 0.84961 0.737554 0.592032 0.43343 0.292822 0.187371 0.120582 0.0818675 0.0582463 0.0410975 0.0273462 0.0169788 0.00999875 0.00531625 0.0022775 0.00076875 
1 0.990124 0.971396 0.936385 0.875872 0.781546 0.655803 0.514558 0.38141 0.267734 0.177449 0.110242 0.065545 0.0382288 0.0221125 0.0126488 0.00703625 0.003595 0.00145125 0.00036125 
1 0.991429 0.975179 0.945156 0.892435 0.810336 0.700937 0.575294 0.45128 0.341006 0.249986 0.179645 0.12676 0.0882412 0.062175 0.045785 0.0345663 0.025555 0.0179413 0.0116312 
1 0.991515 0.975244 0.94412 0.890297 0.805371 0.69085 0.562755 0.441416 0.340584 0.264076 0.208034 0.166392 0.132904 0.10295 0.0762313 0.0535188 0.03549 0.0226425 0.0140613 
1 0.989861 0.970442 0.934489 0.873209 0.778412 0.654858 0.5201 0.391094 0.273411 0.174552 0.0999937 0.0513688 0.024075 0.0110363 0.00503375 0.00207 0.00057 8.5e-05 8.75e-06 
1 0.989079 0.967469 0.927237 0.857381 0.74913 0.607575 0.454792 0.317101 0.211405 0.139418 0.0950462 0.0674275 0.0473738 0.0316775 0.0202838 0.0128313 0.00805375 0.00477625 0.00273625 
1 0.988569 0.966329 0.92445 0.851881 0.738551 0.590365 0.431723 0.287984 0.176545 0.0994337 0.05138 0.0230175 0.00843875 0.00249 0.0006925 0.000155 1e-05 0 0 
1 0.988175 0.965201 0.923257 0.850996 0.74095 0.598846 0.447192 0.313379 0.21076 0.138702 0.088865 0.0551413 0.0334838 0.0196913 0.0106363 0.0047525 0.00166125 0.00042625 5.25e-05 
1 0.990745 0.972701 0.939108 0.879312 0.784287 0.651676 0.49658 0.345174 0.216399 0.120991 0.058835 0.025115 0.0102463 0.00416125 0.00158125 0.00047125 8.875e-05 8.75e-06 0 
1 0.990624 0.972391 0.938569 0.878725 0.783336 0.656524 0.519122 0.396634 0.301655 0.230581 0.176575 0.13502 0.102585 0.0776263 0.0592488 0.0467113 0.0382275 0.0323163 0.0269363 
1 0.987527 0.964053 0.920289 0.844649 0.727554 0.57198 0.404198 0.258219 0.153331 0.0892537 0.0520488 0.0293275 0.0145325 0.0058975 0.00197625 0.000515 9e-05 1.25e-05 0 
1 0.990761 0.973207 0.940301 0.882789 0.791644 0.668465 0.531004 0.401359 0.292054 0.207271 0.145182 0.101489 0.071275 0.0494913 0.0338163 0.0222013 0.0134737 0.00771125 0.00385875 
1 0.989912 0.970032 0.932969 0.867422 0.76341 0.622459 0.463144 0.315899 0.199363 0.11601 0.0604063 0.0272913 0.0102063 0.00305125 0.0007175 7.125e-05 1.125e-05 0 0 
1 0.987276 0.963131 0.919121 0.844141 0.731481 0.58851 0.437043 0.300633 0.193244 0.117112 0.0685025 0.0392163 0.0211313 0.00989125 0.00354375 0.0008575 0.00011625 5e-06 0 
1 0.989911 0.97032 0.933721 0.870777 0.772461 0.639179 0.488275 0.345681 0.228405 0.14197 0.0840025 0.0466388 0.0239813 0.0116013 0.00503625 0.001895 0.00053125 7.25e-05 2.5e-06 
1 0.990447 0.972101 0.938801 0.880551 0.790134 0.668615 0.52875 0.392646 0.276475 0.188917 0.127991 0.0874712 0.0621088 0.0469375 0.03762 0.0309588 0.02594 0.0216575 0.0169113 
1 0.991637 0.975821 0.945835 0.892375 0.806305 0.686443 0.544076 0.402358 0.280457 0.187946 0.124271 0.0831037 0.056325 0.0383913 0.025655 0.0161863 0.00918125 0.00443 0.001585 
1 0.990712 0.972537 0.939717 0.882775 0.796135 0.682483 0.554361 0.428378 0.312753 0.212647 0.132701 0.07545 0.039075 0.0177088 0.0070775 0.00244875 0.00063875 0.00011375 1.125e-05 
1 0.989925 0.970016 0.932685 0.866512 0.76117 0.616309 0.450854 0.296757 0.178597 0.102096 0.058345 0.0368425 0.0268038 0.0208288 0.0157613 0.0106975 0.00627625 0.00284875 0.0009375 
1 0.989505 0.96899 0.93126 0.863969 0.757402 0.615729 0.460351 0.322569 0.217615 0.142318 0.089655 0.053735 0.0304363 0.0155988 0.0071625 0.002585 0.00070875 0.00014625 2.125e-05 
1 0.990892 0.973369 0.940514 0.882896 0.792266 0.671144 0.534151 0.404234 0.294669 0.208601 0.143762 0.0975525 0.0667888 0.0466913 0.0321313 0.0202 0.0110175 0.0053475 0.002565 
1 0.990601 0.972826 0.939227 0.880402 0.788347 0.665986 0.531906 0.40882 0.308949 0.233617 0.17688 0.131601 0.0922837 0.0579113 0.0299863 0.0124462 0.0041525 0.0011725 0.0003175 
1 0.990507 0.971769 0.936794 0.876499 0.782156 0.65574 0.51391 0.377063 0.260087 0.171472 0.111124 0.0721713 0.0461338 0.0266475 0.0128938 0.0044375 0.0008425 9e-05 5e-06 
1 0.990371 0.971967 0.937911 0.877907 0.781656 0.650025 0.49983 0.357929 0.24339 0.159707 0.103377 0.0677588 0.0442513 0.0275138 0.0156925 0.007465 0.002685 0.000635 0.00011875 
1 0.993485 0.980841 0.95678 0.914276 0.845055 0.74603 0.624232 0.494722 0.374001 0.273182 0.19635 0.141204 0.104554 0.081185 0.0655875 0.05341 0.0418663 0.0305363 0.02064 
1 0.989054 0.967835 0.928801 0.860765 0.754971 0.614779 0.458033 0.311035 0.19296 0.113112 0.06621 0.040535 0.0250213 0.0144425 0.007425 0.00303375 0.00087125 0.00015625 1.875e-05 
1 0.988801 0.967727 0.928481 0.861296 0.759015 0.62728 0.488486 0.365632 0.266165 0.188625 0.129394 0.0884475 0.0618338 0.0454163 0.0349038 0.0257475 0.0172763 0.00995 0.00445125 
1 0.992707 0.978755 0.952789 0.908355 0.838372 0.743947 0.631212 0.511512 0.394007 0.287346 0.202228 0.141829 0.10019 0.0701712 0.047675 0.0326875 0.0227688 0.0155188 0.0102225 
1 0.991145 0.974261 0.943589 0.89109 0.81148 0.708812 0.596262 0.485525 0.386312 0.303374 0.236065 0.181242 0.137516 0.103295 0.0764425 0.0558775 0.0406188 0.0289813 0.02003 
1 0.990916 0.973857 0.941821 0.885325 0.796107 0.674226 0.532677 0.393674 0.27332 0.1772 0.108561 0.064575 0.03778 0.0217788 0.0125925 0.007445 0.00390625 0.00166 0.000415 
1 0.992417 0.977916 0.950504 0.901577 0.82254 0.712904 0.583489 0.456502 0.347004 0.259115 0.189359 0.13365 0.09277 0.0640562 0.0441738 0.0303038 0.019985 0.0117787 0.00543 
1 0.988952 0.96722 0.927322 0.858301 0.754974 0.624562 0.488499 0.367992 0.272291 0.203614 0.157197 0.125167 0.0994437 0.0744763 0.0514138 0.0330025 0.0192938 0.0102063 0.0050775 
1 0.991175 0.974292 0.943077 0.888506 0.800234 0.680417 0.544297 0.413211 0.299868 0.210235 0.142776 0.0959987 0.065305 0.04667 0.03438 0.0253175 0.0184025 0.0125613 0.0075825 
1 0.988976 0.967629 0.928439 0.862303 0.760845 0.629145 0.484989 0.35344 0.246691 0.166724 0.108292 0.0679763 0.0402613 0.0218875 0.0103788 0.00423 0.0012475 0.000235 1.875e-05 
1 0.99144 0.975096 0.944525 0.889589 0.799516 0.672291 0.520119 0.367064 0.236949 0.1388 0.07328 0.0357088 0.0155962 0.0054625 0.0013325 0.00019125 7.5e-06 0 0 
1 0.991895 0.976331 0.947554 0.896717 0.817877 0.710206 0.582416 0.450216 0.328481 0.228187 0.154481 0.102307 0.0656775 0.0382963 0.0201388 0.00877625 0.00301125 0.00076875 0.00020125 
1 0.9911 0.973712 0.941657 0.884934 0.796981 0.678615 0.547689 0.426955 0.330419 0.260076 0.209145 0.168446 0.132751 0.10203 0.077665 0.0581763 0.0407638 0.0241387 0.0111162 
1 0.990144 0.971207 0.936456 0.875006 0.77839 0.64775 0.502167 0.369969 0.267859 0.19366 0.135183 0.0864725 0.0488975 0.0242838 0.010875 0.00492125 0.002115 0.00073875 0.000145 
1 0.992019 0.976671 0.948777 0.900051 0.823132 0.716166 0.589421 0.460961 0.346559 0.253551 0.181281 0.124692 0.0824713 0.0524675 0.0315875 0.0176575 0.0087875 0.003925 0.00148 
1 0.989324 0.968975 0.9311 0.864647 0.762782 0.628954 0.482579 0.347168 0.236935 0.155461 0.09798 0.0588113 0.0327013 0.01563 0.00580625 0.001925 0.0005875 7.25e-05 2.5e-06 
1 0.993157 0.979961 0.955537 0.913771 0.847612 0.75515 0.642626 0.522152 0.408966 0.310661 0.230111 0.166632 0.118972 0.0830875 0.056105 0.0365075 0.0234375 0.0147725 0.009 
1 0.986371 0.959937 0.911141 0.828325 0.704994 0.551275 0.395121 0.261056 0.160456 0.09332 0.0519363 0.0282225 0.014845 0.00720125 0.00297 0.0008475 0.00017 1.375e-05 -4.85723e-17 
1 0.989446 0.969134 0.930937 0.865189 0.760945 0.622981 0.469755 0.329734 0.218911 0.139964 0.0896 0.0594375 0.042405 0.0313575 0.0224325 0.0152838 0.00966875 0.005465 0.00274875 
1 0.989877 0.970136 0.934192 0.872847 0.779379 0.659336 0.526966 0.400476 0.292401 0.206519 0.140975 0.0910575 0.0539963 0.0286275 0.0136738 0.00573625 0.002045 0.00051625 8.125e-05 
1 0.989104 0.967642 0.927747 0.85897 0.754271 0.616887 0.468736 0.33613 0.237182 0.171521 0.128836 0.0993 0.07732 0.0578313 0.0404475 0.0252425 0.013435 0.00629875 0.00276125 
1 0.991211 0.974064 0.942642 0.887995 0.803076 0.691447 0.568204 0.453857 0.359286 0.285785 0.229751 0.184506 0.146122 0.113765 0.0888987 0.0704775 0.0576475 0.0480313 0.0395225 
1 0.990419 0.971956 0.938074 0.879801 0.789069 0.668359 0.534517 0.406851 0.295875 0.205049 0.135345 0.0842862 0.0480138 0.02463 0.010675 0.00341375 0.00062375 3.375e-05 0 
1 0.989164 0.968541 0.930151 0.864024 0.761729 0.626979 0.481185 0.349782 0.24883 0.179202 0.13119 0.094525 0.0641663 0.040075 0.0222387 0.0107862 0.00431375 0.001285 0.00023625 
1 0.991254 0.973984 0.941597 0.884074 0.792872 0.669028 0.53043 0.39932 0.291275 0.209142 0.15158 0.110494 0.08006 0.0561925 0.0373413 0.0226825 0.0124338 0.006 0.00237 
1 0.989616 0.96975 0.933157 0.868747 0.76896 0.637957 0.495599 0.365383 0.26301 0.188709 0.137132 0.101881 0.075235 0.0532938 0.0342825 0.0191438 0.0088675 0.003195 0.00077625 
1 0.989259 0.968657 0.930412 0.863839 0.75995 0.622386 0.469915 0.327828 0.213265 0.130451 0.0747 0.0394363 0.0185788 0.00684625 0.00174625 0.00021875 1e-05 6.93889e-18 6.93889e-18 
1 0.988425 0.966574 0.926335 0.857591 0.753092 0.616454 0.468595 0.332814 0.222945 0.143543 0.088165 0.051785 0.0291363 0.0158325 0.00748375 0.00273875 0.00074375 0.00013125 6.25e-06 
1 0.98977 0.9703 0.934279 0.870802 0.770214 0.634105 0.481972 0.339303 0.223413 0.143031 0.09436 0.0658588 0.0478663 0.0360263 0.0269613 0.0192775 0.01361 0.0098725 0.00722375 
1 0.987739 0.964208 0.92012 0.844566 0.729654 0.581748 0.42568 0.290086 0.189617 0.12205 0.0754325 0.0427025 0.0214088 0.0097775 0.0041375 0.00157125 0.0003875 4.25e-05 3.75e-06 
1 0.988201 0.965874 0.924677 0.853929 0.74481 0.602122 0.446964 0.304976 0.195282 0.119137 0.0710738 0.041675 0.0230175 0.010715 0.0034075 0.00072 8e-05 8.75e-06 0 
1 0.989084 0.96819 0.929297 0.862432 0.759412 0.626245 0.482234 0.350955 0.248169 0.174308 0.122414 0.0838725 0.0526813 0.028825 0.01341 0.0051375 0.001465 0.00026125 2.25e-05 
1 0.993004 0.979402 0.953697 0.907875 0.835405 0.734137 0.613875 0.492619 0.384689 0.295094 0.222015 0.165024 0.121015 0.08571 0.05804 0.0367325 0.02067 0.01019 0.00424625 
1 0.989295 0.968466 0.930377 0.863601 0.759303 0.620952 0.467786 0.327928 0.216445 0.135146 0.0783725 0.0410625 0.0191825 0.0076675 0.0023875 0.00051 5.625e-05 0 0 
1 0.988899 0.9674 0.927835 0.859814 0.753565 0.611862 0.4534 0.306696 0.189595 0.108915 0.05765 0.0277838 0.0115275 0.00390625 0.000975 0.00014375 8.75e-06 6.93889e-18 0 
1 0.989826 0.969905 0.933555 0.87074 0.77413 0.647017 0.504204 0.367646 0.25452 0.168394 0.106909 0.06537 0.03796 0.0209563 0.0110925 0.0056075 0.002365 0.00065125 6.75e-05 
1 0.988872 0.967351 0.927091 0.856341 0.746708 0.602386 0.447862 0.312176 0.210431 0.139305 0.08804 0.0517775 0.0285813 0.014585 0.00628625 0.00208375 0.000485 6.5e-05 2.5e-06 
1 0.986922 0.961729 0.915292 0.836543 0.715986 0.561634 0.400747 0.262806 0.165239 0.10396 0.0693525 0.0494713 0.0366988 0.027195 0.0194525 0.0133462 0.008115 0.004225 0.0015 
1 0.987406 0.964035 0.920297 0.845659 0.732649 0.586152 0.429506 0.290119 0.186334 0.118087 0.075875 0.0480825 0.02815 0.013995 0.00563875 0.00167125 0.00036125 5e-05 7.5e-06 
1 0.991762 0.975836 0.945742 0.893242 0.810419 0.697615 0.567377 0.438934 0.329347 0.246174 0.187914 0.145569 0.111807 0.0823988 0.0554125 0.0330638 0.0173313 0.0081075 0.0035525 
1 0.990805 0.972951 0.939709 0.881159 0.789571 0.664121 0.519285 0.379766 0.263072 0.17471 0.110579 0.0652613 0.0346738 0.0158938 0.006105 0.00193625 0.00042375 4.875e-05 0 
1 0.988902 0.967657 0.928404 0.860126 0.756085 0.621402 0.477589 0.350002 0.253135 0.184239 0.133427 0.0932625 0.0636975 0.042585 0.0277325 0.01753 0.0101412 0.0053025 0.00223875 
1 0.991216 0.974304 0.94295 0.887134 0.798745 0.674625 0.528376 0.382568 0.25973 0.166198 0.0995812 0.0568413 0.0313688 0.0175013 0.009665 0.00480125 0.00189875 0.00051 7.875e-05 
1 0.991514 0.97517 0.944661 0.890427 0.803884 0.685249 0.550916 0.424084 0.320999 0.24879 0.20245 0.170145 0.143987 0.120654 0.10211 0.0886763 0.07713 0.0650087 0.0512875 
1 0.990759 0.9725 0.938642 0.880442 0.79098 0.672859 0.540577 0.415504 0.311279 0.231744 0.172794 0.132191 0.104317 0.0837163 0.06725 0.05375 0.0427413 0.0341538 0.0284163 
1 0.992232 0.977279 0.948814 0.898862 0.817768 0.70251 0.567572 0.432536 0.311169 0.212971 0.138984 0.0870275 0.0533213 0.0328225 0.0199225 0.0124375 0.0085525 0.00665875 0.0050875 
1 0.98872 0.967271 0.927924 0.860106 0.757276 0.623881 0.477907 0.342911 0.231829 0.152812 0.102224 0.0726463 0.0558663 0.044785 0.0358663 0.028835 0.0235425 0.0188488 0.01384 
1 0.99008 0.971065 0.935942 0.874267 0.777897 0.64771 0.501491 0.365146 0.254534 0.174176 0.119561 0.0853838 0.0644825 0.0503663 0.0393513 0.0289175 0.0183263 0.00999375 0.00491375 
1 0.99079 0.972651 0.93959 0.881309 0.790686 0.670051 0.532673 0.398484 0.281918 0.185574 0.111176 0.0574613 0.02405 0.00777625 0.0019025 0.0003325 2.5e-05 0 0 
1 0.990736 0.972777 0.939206 0.880057 0.787349 0.662406 0.521492 0.386435 0.272711 0.185173 0.121202 0.0745225 0.042955 0.0225638 0.0101925 0.003515 0.000935 0.00016125 7.5e-06 
1 0.989609 0.969231 0.930786 0.864382 0.760356 0.620974 0.465094 0.322031 0.20798 0.12633 0.0743337 0.0431288 0.0240263 0.0113062 0.0039975 0.00089125 0.00015875 1.5e-05 0 
1 0.988851 0.967522 0.927251 0.856902 0.748717 0.605115 0.447018 0.30342 0.194109 0.12303 0.082175 0.0582375 0.0424038 0.0305825 0.02038 0.0115375 0.00527 0.0018275 0.00041 
1 0.989844 0.970531 0.934654 0.871725 0.771933 0.638517 0.489672 0.351165 0.239764 0.158372 0.104999 0.0726 0.0542225 0.0440213 0.0379488 0.0325113 0.02669 0.021035 0.0155938 
1 0.989837 0.970247 0.933586 0.869087 0.767074 0.631819 0.484376 0.349623 0.24086 0.154871 0.08785 0.041435 0.015355 0.004605 0.00103 0.0001575 1.625e-05 6.93889e-18 0 
1 0.988897 0.96726 0.927622 0.860116 0.758512 0.626686 0.480005 0.339473 0.221114 0.130379 0.0685975 0.0337463 0.0170525 0.00906125 0.00463625 0.002285 0.00115125 0.00049375 0.0001325 
1 0.988131 0.965495 0.923402 0.851313 0.740351 0.596961 0.445497 0.313827 0.215835 0.147395 0.0990312 0.0650888 0.0413988 0.0262913 0.01715 0.0118888 0.00814875 0.00495625 0.00232875 
1 0.988626 0.966194 0.924217 0.851482 0.738704 0.590951 0.435092 0.302584 0.208146 0.148594 0.113206 0.0918587 0.0780938 0.067945 0.059675 0.0528813 0.047685 0.0430388 0.037815 
1 0.991519 0.975342 0.944262 0.890081 0.803078 0.683634 0.544879 0.409241 0.289582 0.195466 0.128035 0.0827862 0.0535638 0.0343788 0.0215413 0.0128637 0.0071475 0.00307875 0.00082625 
1 0.989979 0.970514 0.934214 0.870265 0.769704 0.636045 0.486225 0.345844 0.233484 0.153305 0.101249 0.0698075 0.0510175 0.0384975 0.0278 0.01734 0.00855875 0.003025 0.0006375 
1 0.991627 0.97488 0.943482 0.886986 0.795724 0.66751 0.521066 0.382046 0.26999 0.187399 0.131949 0.0953325 0.0721687 0.0549738 0.040945 0.03008 0.0225188 0.0159025 0.0099975 
1 0.991525 0.97537 0.945332 0.892226 0.809046 0.6977 0.571961 0.452664 0.351154 0.268602 0.204397 0.152359 0.109491 0.0756488 0.0523075 0.0376975 0.029085 0.0234575 0.0185263 
1 0.988186 0.965756 0.924461 0.853094 0.746124 0.610922 0.47087 0.35068 0.259089 0.192102 0.14186 0.102934 0.0712675 0.0451475 0.0253088 0.0127 0.00554 0.00207 0.00046375 
