1 0.501528 0.12856 0.010127 0.000184 1e-06 0 0 0 0 0 0 0 0 0 0 0 0 0 0 
1 0.499706 0.128403 0.010118 0.00017 2e-06 0 0 0 0 0 0 0 0 0 0 0 0 0 0 
1 0.500888 0.129241 0.010221 0.000161 1e-06 0 0 0 0 0 0 0 0 0 0 0 0 0 0 
1 0.499827 0.128338 0.010291 0.000199 0 0 0 0 0 0 0 0 0 0 0 0 0 0 0 
1 0.501529 0.129723 0.010344 0.00017 1e-06 0 0 0 0 0 0 0 0 0 0 0 0 0 0 
1 0.500152 0.128168 0.010181 0.000199 4e-06 0 0 0 0 0 0 0 0 0 0 0 0 0 0 
1 0.500965 0.128866 0.010062 0.000181 0 0 0 0 0 0 0 0 0 0 0 0 0 0 0 
1 0.499166 0.127288 0.00989 0.000165 0 0 0 0 0 0 0 0 0 0 0 0 0 0 0 
1 0.499808 0.12851 0.010021 0.000156 0 0 0 0 0 0 0 0 0 0 0 0 0 0 0 
1 0.499869 0.128503 0.01022 0.000199 3e-06 0 0 0 0 0 0 0 0 0 0 0 0 0 0 
1 0.500886 0.129032 0.010383 0.000162 3e-06 0 0 0 0 0 0 0 0 0 0 0 0 0 0 
1 0.49826 0.127817 0.009893 0.000159 4e-06 0 0 0 0 0 0 0 0 0 0 0 0 0 0 
1 0.50145 0.129434 0.010029 0.00017 0 0 0 0 0 0 0 0 0 0 0 0 0 0 0 
1 0.500293 0.129843 0.010304 0.000188 0 0 0 0 0 0 0 0 0 0 0 0 0 0 0 
1 0.500928 0.129315 0.010373 0.000212 3e-06 0 0 0 0 0 0 0 0 0 0 0 0 0 0 
1 0.498953 0.127299 0.010106 0.000184 8e-06 0 0 0 0 0 0 0 0 0 0 0 0 0 0 
1 0.501061 0.129321 0.010365 0.000192 1e-06 0 0 0 0 0 0 0 0 0 0 0 0 0 0 
1 0.500195 0.12884 0.009974 0.000185 0 0 0 0 0 0 0 0 0 0 0 0 0 0 0 
1 0.500255 0.128353 0.010217 0.000205 3e-06 0 0 0 0 0 0 0 0 0 0 0 0 0 0 
1 0.501268 0.129237 0.010052 0.000206 6e-06 0 0 0 0 0 0 0 0 0 0 0 0 0 0 
1 0.499997 0.128515 0.009938 0.000178 1e-06 0 0 0 0 0 0 0 0 0 0 0 0 0 0 
1 0.50206 0.129688 0.010432 0.000206 0 0 0 0 0 0 0 0 0 0 0 0 0 0 0 
1 0.499498 0.12862 0.010096 0.000166 1e-06 0 0 0 0 0 0 0 0 0 0 0 0 0 0 
1 0.498519 0.12709 0.009974 0.000187 2e-06 0 0 0 0 0 0 0 0 0 0 0 0 0 0 
1 0.500969 0.129654 0.010111 0.00019 3e-06 0 0 0 0 0 0 0 0 0 0 0 0 0 0 
1 0.500259 0.12871 0.010089 0.000163 0 0 0 0 0 0 0 0 0 0 0 0 0 0 0 
1 0.499897 0.127986 0.010024 0.000171 2e-06 0 0 0 0 0 0 0 0 0 0 0 0 0 0 
1 0.501641 0.129729 0.010598 0.000217 0 0 0 0 0 0 0 0 0 0 0 0 0 0 0 
1 0.499616 0.128276 0.010135 0.000187 3e-06 0 0 0 0 0 0 0 0 0 0 0 0 0 0 
1 0.500482 0.128746 0.010208 0.000158 2e-06 0 0 0 0 0 0 0 0 0 0 0 0 0 0 
1 0.501177 0.128781 0.009959 0.000163 3e-06 0 0 0 0 0 0 0 0 0 0 0 0 0 0 
1 0.50052 0.128012 0.009849 0.00016 0 0 0 0 0 0 0 0 0 0 0 0 0 0 0 
1 0.500858 0.128454 0.010054 0.000196 0 0 0 0 0 0 0 0 0 0 0 0 0 0 0 
1 0.499204 0.127884 0.009889 0.00018 0 0 0 0 0 0 0 0 0 0 0 0 0 0 0 
1 0.497795 0.127128 0.009878 0.000171 3e-06 0 0 0 0 0 0 0 0 0 0 0 0 0 0 
1 0.50141 0.129362 0.010432 0.000195 1e-06 0 0 0 0 0 0 0 0 0 0 0 0 0 0 
1 0.50152 0.130766 0.010594 0.000175 0 0 0 0 0 0 0 0 0 0 0 0 0 0 0 
1 0.498868 0.127497 0.010033 0.000181 1e-06 0 0 0 0 0 0 0 0 0 0 0 0 0 0 
1 0.498556 0.127208 0.009908 0.000177 8e-06 0 0 0 0 0 0 0 0 0 0 0 0 0 0 
1 0.498994 0.127863 0.010003 0.000201 1e-06 0 0 0 0 0 0 0 0 0 0 0 0 0 0 
1 0.500082 0.12868 0.009944 0.000199 3e-06 0 0 0 0 0 0 0 0 0 0 0 0 0 0 
1 0.499883 0.127608 0.009677 0.000158 1e-06 0 0 0 0 0 0 0 0 0 0 0 0 0 0 
1 0.499734 0.128515 0.010201 0.000183 1e-06 0 0 0 0 0 0 0 0 0 0 0 0 0 0 
1 0.501109 0.13019 0.010751 0.000259 1e-06 0 0 0 0 0 0 0 0 0 0 0 0 0 0 
1 0.499555 0.127379 0.009899 0.000163 1e-06 0 0 0 0 0 0 0 0 0 0 0 0 0 0 
1 0.498823 0.127897 0.010001 0.000178 6e-06 0 0 0 0 0 0 0 0 0 0 0 0 0 0 
1 0.50095 0.129269 0.010288 0.000195 8e-06 0 0 0 0 0 0 0 0 0 0 0 0 0 0 
1 0.500724 0.129098 0.010179 0.000175 3e-06 0 0 0 0 0 0 0 0 0 0 0 0 0 0 
1 0.498755 0.12777 0.010094 0.000199 1e-06 0 0 0 0 0 0 0 0 0 0 0 0 0 0 
1 0.5019 0.129277 0.010321 0.000174 2e-06 0 0 0 0 0 0 0 0 0 0 0 0 0 0 
1 0.499597 0.127663 0.009837 0.000168 1e-06 0 0 0 0 0 0 0 0 0 0 0 0 0 0 
1 0.500315 0.128302 0.010225 0.000207 5e-06 0 0 0 0 0 0 0 0 0 0 0 0 0 0 
1 0.501181 0.129129 0.010183 0.000179 0 0 0 0 0 0 0 0 0 0 0 0 0 0 0 
1 0.499733 0.128112 0.00988 0.000196 1e-06 0 0 0 0 0 0 0 0 0 0 0 0 0 0 
1 0.499578 0.127721 0.009965 0.000157 0 0 0 0 0 0 0 0 0 0 0 0 0 0 0 
1 0.500433 0.129271 0.010597 0.000192 4e-06 0 0 0 0 0 0 0 0 0 0 0 0 0 0 
1 0.500313 0.12846 0.010067 0.000168 4e-06 0 0 0 0 0 0 0 0 0 0 0 0 0 0 
1 0.498806 0.127882 0.009913 0.000158 0 0 0 0 0 0 0 0 0 0 0 0 0 0 0 
1 0.499881 0.12873 0.010307 0.000199 2e-06 0 0 0 0 0 0 0 0 0 0 0 0 0 0 
1 0.499594 0.128475 0.00979 0.000178 2e-06 0 0 0 0 0 0 0 0 0 0 0 0 0 0 
1 0.501993 0.12959 0.01044 0.000216 4e-06 0 0 0 0 0 0 0 0 0 0 0 0 0 0 
1 0.499953 0.128247 0.01005 0.000206 2e-06 0 0 0 0 0 0 0 0 0 0 0 0 0 0 
1 0.499694 0.127098 0.009833 0.000145 1e-06 0 0 0 0 0 0 0 0 0 0 0 0 0 0 
1 0.500301 0.128553 0.010065 0.000148 1e-06 0 0 0 0 0 0 0 0 0 0 0 0 0 0 
1 0.498237 0.126558 0.009515 0.000186 0 0 0 0 0 0 0 0 0 0 0 0 0 0 0 
1 0.499939 0.127568 0.009973 0.000225 5e-06 0 0 0 0 0 0 0 0 0 0 0 0 0 0 
1 0.499942 0.128435 0.010176 0.000179 1e-06 0 0 0 0 0 0 0 0 0 0 0 0 0 0 
1 0.500933 0.12981 0.01048 0.000214 1e-06 0 0 0 0 0 0 0 0 0 0 0 0 0 0 
1 0.498548 0.12801 0.010219 0.000191 1e-06 0 0 0 0 0 0 0 0 0 0 0 0 0 0 
1 0.498903 0.127482 0.009482 0.000131 0 0 0 0 0 0 0 0 0 0 0 0 0 0 0 
1 0.500845 0.128446 0.010078 0.0002 8e-06 0 0 0 0 0 0 0 0 0 0 0 0 0 0 
1 0.501867 0.129564 0.010261 0.000186 0 0 0 0 0 0 0 0 0 0 0 0 0 0 0 
1 0.501728 0.12932 0.010194 0.000182 1e-06 0 0 0 0 0 0 0 0 0 0 0 0 0 0 
1 0.499509 0.128325 0.010205 0.000196 1e-06 0 0 0 0 0 0 0 0 0 0 0 0 0 0 
1 0.499259 0.127315 0.009929 0.000172 1e-06 0 0 0 0 0 0 0 0 0 0 0 0 0 0 
1 0.49854 0.12791 0.009905 0.000149 0 0 0 0 0 0 0 0 0 0 0 0 0 0 0 
1 0.500121 0.128725 0.01013 0.000163 3e-06 0 0 0 0 0 0 0 0 0 0 0 0 0 0 
1 0.501339 0.129462 0.010245 0.000194 3e-06 0 0 0 0 0 0 0 0 0 0 0 0 0 0 
1 0.497874 0.126687 0.009801 0.000201 3e-06 0 0 0 0 0 0 0 0 0 0 0 0 0 0 
1 0.500286 0.128873 0.009941 0.000138 0 0 0 0 0 0 0 0 0 0 0 0 0 0 0 
1 0.501102 0.129238 0.010053 0.000165 2e-06 0 0 0 0 0 0 0 0 0 0 0 0 0 0 
1 0.49995 0.128408 0.010097 0.000177 2e-06 0 0 0 0 0 0 0 0 0 0 0 0 0 0 
1 0.497611 0.126473 0.009661 0.000162 2e-06 0 0 0 0 0 0 0 0 0 0 0 0 0 0 
1 0.499881 0.128103 0.010012 0.000182 3e-06 0 0 0 0 0 0 0 0 0 0 0 0 0 0 
1 0.500177 0.127989 0.009994 0.000173 2e-06 0 0 0 0 0 0 0 0 0 0 0 0 0 0 
1 0.500726 0.128355 0.01024 0.000207 5e-06 0 0 0 0 0 0 0 0 0 0 0 0 0 0 
1 0.500514 0.128881 0.010454 0.000174 1e-06 0 0 0 0 0 0 0 0 0 0 0 0 0 0 
1 0.500981 0.129354 0.010381 0.0002 2e-06 0 0 0 0 0 0 0 0 0 0 0 0 0 0 
1 0.501347 0.130072 0.010418 0.000178 3e-06 0 0 0 0 0 0 0 0 0 0 0 0 0 0 
1 0.498141 0.126823 0.010006 0.000208 1e-06 0 0 0 0 0 0 0 0 0 0 0 0 0 0 
1 0.500426 0.128558 0.010231 0.000184 1e-06 0 0 0 0 0 0 0 0 0 0 0 0 0 0 
1 0.500871 0.128955 0.010053 0.00018 1e-06 0 0 0 0 0 0 0 0 0 0 0 0 0 0 
1 0.500298 0.128625 0.010197 0.000193 2e-06 0 0 0 0 0 0 0 0 0 0 0 0 0 0 
1 0.498889 0.127544 0.010209 0.000188 4e-06 0 0 0 0 0 0 0 0 0 0 0 0 0 0 
1 0.499927 0.12778 0.010012 0.000172 3e-06 0 0 0 0 0 0 0 0 0 0 0 0 0 0 
1 0.499328 0.127292 0.009863 0.000188 3e-06 0 0 0 0 0 0 0 0 0 0 0 0 0 0 
1 0.500286 0.128189 0.009977 0.000199 1e-06 0 0 0 0 0 0 0 0 0 0 0 0 0 0 
1 0.500715 0.12917 0.009986 0.000189 2e-06 0 0 0 0 0 0 0 0 0 0 0 0 0 0 
1 0.498592 0.127356 0.009863 0.000192 1e-06 0 0 0 0 0 0 0 0 0 0 0 0 0 0 
1 0.499504 0.128593 0.01047 0.000195 2e-06 0 0 0 0 0 0 0 0 0 0 0 0 0 0 
1 0.498794 0.127719 0.010038 0.000194 2e-06 0 0 0 0 0 0 0 0 0 0 0 0 0 0 
1 0.499393 0.127503 0.010036 0.000165 0 0 0 0 0 0 0 0 0 0 0 0 0 0 0 
1 0.500354 0.129815 0.010086 0.000159 0 0 0 0 0 0 0 0 0 0 0 0 0 0 0 
1 0.499271 0.128127 0.009941 0.000145 2e-06 0 0 0 0 0 0 0 0 0 0 0 0 0 0 
1 0.50017 0.128917 0.010112 0.000201 3e-06 0 0 0 0 0 0 0 0 0 0 0 0 0 0 
1 0.499215 0.127236 0.009655 0.000205 1e-06 0 0 0 0 0 0 0 0 0 0 0 0 0 0 
1 0.501824 0.12917 0.010374 0.000195 1e-06 0 0 0 0 0 0 0 0 0 0 0 0 0 0 
1 0.500432 0.127915 0.010086 0.000169 0 0 0 0 0 0 0 0 0 0 0 0 0 0 0 
1 0.500663 0.12889 0.010173 0.000163 2e-06 0 0 0 0 0 0 0 0 0 0 0 0 0 0 
1 0.501005 0.128753 0.010289 0.00022 1e-06 0 0 0 0 0 0 0 0 0 0 0 0 0 0 
1 0.50018 0.128239 0.010015 0.000165 2e-06 0 0 0 0 0 0 0 0 0 0 0 0 0 0 
1 0.500261 0.128299 0.010048 0.000184 1e-06 0 0 0 0 0 0 0 0 0 0 0 0 0 0 
1 0.498839 0.127506 0.010032 0.000155 0 0 0 0 0 0 0 0 0 0 0 0 0 0 0 
1 0.501032 0.129334 0.010237 0.000169 5e-06 0 0 0 0 0 0 0 0 0 0 0 0 0 0 
1 0.499146 0.127723 0.009774 0.000158 3e-06 0 0 0 0 0 0 0 0 0 0 0 0 0 0 
1 0.498768 0.127483 0.010116 0.000178 2e-06 0 0 0 0 0 0 0 0 0 0 0 0 0 0 
1 0.500453 0.129065 0.010348 0.000202 2e-06 0 0 0 0 0 0 0 0 0 0 0 0 0 0 
1 0.499274 0.128034 0.00993 0.000198 2e-06 0 0 0 0 0 0 0 0 0 0 0 0 0 0 
1 0.499879 0.128447 0.009861 0.000181 8e-06 0 0 0 0 0 0 0 0 0 0 0 0 0 0 
1 0.499379 0.128042 0.009898 0.000184 3e-06 0 0 0 0 0 0 0 0 0 0 0 0 0 0 
1 0.500726 0.129559 0.010166 0.000176 1e-06 0 0 0 0 0 0 0 0 0 0 0 0 0 0 
1 0.50022 0.127337 0.009843 0.000176 3e-06 0 0 0 0 0 0 0 0 0 0 0 0 0 0 
1 0.500039 0.128834 0.010142 0.000157 0 0 0 0 0 0 0 0 0 0 0 0 0 0 0 
1 0.5021 0.12923 0.010386 0.000197 3e-06 0 0 0 0 0 0 0 0 0 0 0 0 0 0 
1 0.500051 0.128756 0.010077 0.000164 2e-06 0 0 0 0 0 0 0 0 0 0 0 0 0 0 
1 0.498808 0.126652 0.009806 0.000162 0 0 0 0 0 0 0 0 0 0 0 0 0 0 0 
1 0.5012 0.128884 0.010134 0.000193 5e-06 0 0 0 0 0 0 0 0 0 0 0 0 0 0 
1 0.500889 0.12919 0.010249 0.000206 0 0 0 0 0 0 0 0 0 0 0 0 0 0 0 
1 0.499394 0.127023 0.009834 0.000175 3e-06 0 0 0 0 0 0 0 0 0 0 0 0 0 0 
1 0.500153 0.128824 0.010324 0.000177 2e-06 0 0 0 0 0 0 0 0 0 0 0 0 0 0 
1 0.500512 0.128731 0.01006 0.000183 0 0 0 0 0 0 0 0 0 0 0 0 0 0 0 
1 0.498917 0.127784 0.010113 0.00018 0 0 0 0 0 0 0 0 0 0 0 0 0 0 0 
1 0.499743 0.12893 0.010186 0.000156 2e-06 0 0 0 0 0 0 0 0 0 0 0 0 0 0 
1 0.499368 0.127306 0.009849 0.000213 3e-06 0 0 0 0 0 0 0 0 0 0 0 0 0 0 
1 0.500426 0.129246 0.010246 0.000194 1e-06 0 0 0 0 0 0 0 0 0 0 0 0 0 0 
1 0.500654 0.128626 0.010148 0.000175 2e-06 0 0 0 0 0 0 0 0 0 0 0 0 0 0 
1 0.498803 0.127279 0.009961 0.000184 1e-06 0 0 0 0 0 0 0 0 0 0 0 0 0 0 
1 0.49922 0.127082 0.009869 0.000213 2e-06 0 0 0 0 0 0 0 0 0 0 0 0 0 0 
1 0.500517 0.128013 0.009939 0.000172 3e-06 0 0 0 0 0 0 0 0 0 0 0 0 0 0 
1 0.499609 0.127626 0.009862 0.000191 0 0 0 0 0 0 0 0 0 0 0 0 0 0 0 
1 0.499601 0.127707 0.010131 0.000194 3e-06 0 0 0 0 0 0 0 0 0 0 0 0 0 0 
1 0.500505 0.128784 0.009939 0.000178 0 0 0 0 0 0 0 0 0 0 0 0 0 0 0 
1 0.499878 0.128692 0.010088 0.000182 9e-06 0 0 0 0 0 0 0 0 0 0 0 0 0 0 
1 0.502061 0.13093 0.010659 0.000194 3e-06 0 0 0 0 0 0 0 0 0 0 0 0 0 0 
1 0.500515 0.1285 0.0102 0.000205 1e-06 0 0 0 0 0 0 0 0 0 0 0 0 0 0 
1 0.499039 0.127694 0.009738 0.000171 2e-06 0 0 0 0 0 0 0 0 0 0 0 0 0 0 
1 0.49976 0.128647 0.010106 0.000197 6e-06 0 0 0 0 0 0 0 0 0 0 0 0 0 0 
1 0.500462 0.12963 0.010493 0.000204 3e-06 0 0 0 0 0 0 0 0 0 0 0 0 0 0 
1 0.500681 0.129063 0.010345 0.000199 2e-06 0 0 0 0 0 0 0 0 0 0 0 0 0 0 
1 0.49989 0.128602 0.01021 0.000205 2e-06 0 0 0 0 0 0 0 0 0 0 0 0 0 0 
1 0.49895 0.127674 0.009978 0.000154 1e-06 0 0 0 0 0 0 0 0 0 0 0 0 0 0 
1 0.499699 0.128105 0.009998 0.000196 3e-06 0 0 0 0 0 0 0 0 0 0 0 0 0 0 
1 0.500823 0.129401 0.010306 0.000182 6e-06 0 0 0 0 0 0 0 0 0 0 0 0 0 0 
1 0.498558 0.127428 0.010015 0.000163 2e-06 0 0 0 0 0 0 0 0 0 0 0 0 0 0 
1 0.50067 0.129105 0.01035 0.00018 1e-06 0 0 0 0 0 0 0 0 0 0 0 0 0 0 
1 0.500039 0.127881 0.010058 0.000202 1e-06 0 0 0 0 0 0 0 0 0 0 0 0 0 0 
1 0.500711 0.129255 0.010104 0.000209 1e-06 0 0 0 0 0 0 0 0 0 0 0 0 0 0 
1 0.501331 0.13028 0.01019 0.000163 2e-06 0 0 0 0 0 0 0 0 0 0 0 0 0 0 
1 0.499867 0.128202 0.009846 0.000169 4e-06 0 0 0 0 0 0 0 0 0 0 0 0 0 0 
1 0.501149 0.128225 0.009998 0.000212 1e-06 0 0 0 0 0 0 0 0 0 0 0 0 0 0 
1 0.5002 0.128206 0.010035 0.000187 0 0 0 0 0 0 0 0 0 0 0 0 0 0 0 
1 0.502039 0.129948 0.010493 0.000208 3e-06 0 0 0 0 0 0 0 0 0 0 0 0 0 0 
1 0.500201 0.128596 0.010146 0.000211 1e-06 0 0 0 0 0 0 0 0 0 0 0 0 0 0 
1 0.502207 0.13012 0.01042 0.000176 1e-06 0 0 0 0 0 0 0 0 0 0 0 0 0 0 
1 0.499069 0.127702 0.01014 0.000167 2e-06 0 0 0 0 0 0 0 0 0 0 0 0 0 0 
1 0.500471 0.128956 0.010101 0.000189 2e-06 0 0 0 0 0 0 0 0 0 0 0 0 0 0 
1 0.501185 0.129412 0.010238 0.000188 3e-06 0 0 0 0 0 0 0 0 0 0 0 0 0 0 
1 0.498033 0.127583 0.009928 0.000191 2e-06 0 0 0 0 0 0 0 0 0 0 0 0 0 0 
1 0.49982 0.128415 0.010018 0.000178 1e-06 0 0 0 0 0 0 0 0 0 0 0 0 0 0 
1 0.501489 0.129609 0.010312 0.000183 0 0 0 0 0 0 0 0 0 0 0 0 0 0 0 
1 0.501545 0.130002 0.010225 0.000178 0 0 0 0 0 0 0 0 0 0 0 0 0 0 0 
1 0.500555 0.127937 0.010112 0.000173 2e-06 0 0 0 0 0 0 0 0 0 0 0 0 0 0 
1 0.49996 0.128969 0.010263 0.000193 0 0 0 0 0 0 0 0 0 0 0 0 0 0 0 
1 0.500487 0.12955 0.010245 0.000185 4e-06 0 0 0 0 0 0 0 0 0 0 0 0 0 0 
1 0.500177 0.128569 0.010055 0.000196 3e-06 0 0 0 0 0 0 0 0 0 0 0 0 0 0 
1 0.501005 0.12867 0.010186 0.000179 2e-06 0 0 0 0 0 0 0 0 0 0 0 0 0 0 
1 0.500449 0.128735 0.010059 0.000198 2e-06 0 0 0 0 0 0 0 0 0 0 0 0 0 0 
1 0.500045 0.128782 0.010093 0.00018 2e-06 0 0 0 0 0 0 0 0 0 0 0 0 0 0 
1 0.500199 0.129008 0.010186 0.000204 1e-06 0 0 0 0 0 0 0 0 0 0 0 0 0 0 
1 0.500402 0.129151 0.010062 0.000184 0 0 0 0 0 0 0 0 0 0 0 0 0 0 0 
1 0.499421 0.128062 0.009858 0.000177 1e-06 0 0 0 0 0 0 0 0 0 0 0 0 0 0 
1 0.499292 0.128225 0.009849 0.000178 0 0 0 0 0 0 0 0 0 0 0 0 0 0 0 
1 0.498649 0.12739 0.010039 0.000177 1e-06 0 0 0 0 0 0 0 0 0 0 0 0 0 0 
1 0.497945 0.126525 0.009693 0.00018 0 0 0 0 0 0 0 0 0 0 0 0 0 0 0 
1 0.501043 0.128265 0.010108 0.000207 3e-06 0 0 0 0 0 0 0 0 0 0 0 0 0 0 
1 0.498515 0.126982 0.009729 0.000191 0 0 0 0 0 0 0 0 0 0 0 0 0 0 0 
1 0.500236 0.128557 0.010163 0.000188 9e-06 0 0 0 0 0 0 0 0 0 0 0 0 0 0 
1 0.500521 0.128184 0.01019 0.00019 1e-06 0 0 0 0 0 0 0 0 0 0 0 0 0 0 
1 0.500198 0.128468 0.010118 0.000172 0 0 0 0 0 0 0 0 0 0 0 0 0 0 0 
1 0.500855 0.129221 0.010212 0.000205 2e-06 0 0 0 0 0 0 0 0 0 0 0 0 0 0 
1 0.499048 0.127704 0.010021 0.000181 4e-06 0 0 0 0 0 0 0 0 0 0 0 0 0 0 
1 0.499911 0.127888 0.010079 0.000179 1e-06 0 0 0 0 0 0 0 0 0 0 0 0 0 0 
1 0.499262 0.128382 0.010086 0.000209 1e-06 0 0 0 0 0 0 0 0 0 0 0 0 0 0 
1 0.500397 0.129043 0.010532 0.000194 1e-06 0 0 0 0 0 0 0 0 0 0 0 0 0 0 
1 0.50122 0.129068 0.010395 0.000194 1e-06 0 0 0 0 0 0 0 0 0 0 0 0 0 0 
1 0.500948 0.129265 0.010212 0.000218 0 0 0 0 0 0 0 0 0 0 0 0 0 0 0 
1 0.500404 0.128416 0.010211 0.00019 0 0 0 0 0 0 0 0 0 0 0 0 0 0 0 
1 0.499047 0.128127 0.010108 0.000218 1e-06 0 0 0 0 0 0 0 0 0 0 0 0 0 0 
1 0.500799 0.129646 0.01044 0.00018 3e-06 0 0 0 0 0 0 0 0 0 0 0 0 0 0 
1 0.500931 0.129224 0.010195 0.000174 0 0 0 0 0 0 0 0 0 0 0 0 0 0 0 
1 0.500852 0.12928 0.010436 0.000198 1e-06 0 0 0 0 0 0 0 0 0 0 0 0 0 0 
1 0.499582 0.128138 0.010081 0.000177 0 0 0 0 0 0 0 0 0 0 0 0 0 0 0 
1 0.500909 0.129068 0.010321 0.000177 1e-06 0 0 0 0 0 0 0 0 0 0 0 0 0 0 
1 0.499796 0.128692 0.010177 0.000217 4e-06 0 0 0 0 0 0 0 0 0 0 0 0 0 0 
1 0.499933 0.128866 0.010094 0.000163 2e-06 1e-06 0 0 0 0 0 0 0 0 0 0 0 0 0 
1 0.500396 0.128309 0.010025 0.000176 2e-06 0 0 0 0 0 0 0 0 0 0 0 0 0 0 
1 0.499376 0.128029 0.010098 0.000167 2e-06 0 0 0 0 0 0 0 0 0 0 0 0 0 0 
1 0.501541 0.12955 0.010698 0.000252 2e-06 0 0 0 0 0 0 0 0 0 0 0 0 0 0 
1 0.499274 0.127778 0.009875 0.000196 1e-06 0 0 0 0 0 0 0 0 0 0 0 0 0 0 
1 0.501245 0.129792 0.010195 0.000186 1e-06 0 0 0 0 0 0 0 0 0 0 0 0 0 0 
1 0.501148 0.128447 0.010223 0.000203 1e-06 0 0 0 0 0 0 0 0 0 0 0 0 0 0 
1 0.501663 0.130073 0.010574 0.000215 1e-06 0 0 0 0 0 0 0 0 0 0 0 0 0 0 
1 0.498158 0.127433 0.009952 0.000206 1e-06 0 0 0 0 0 0 0 0 0 0 0 0 0 0 
1 0.501264 0.129262 0.010213 0.000181 1e-06 0 0 0 0 0 0 0 0 0 0 0 0 0 0 
1 0.499217 0.12757 0.009916 0.000167 2e-06 0 0 0 0 0 0 0 0 0 0 0 0 0 0 
1 0.500136 0.127681 0.0102 0.00018 2e-06 0 0 0 0 0 0 0 0 0 0 0 0 0 0 
1 0.50108 0.128856 0.009974 0.000162 1e-06 0 0 0 0 0 0 0 0 0 0 0 0 0 0 
1 0.499095 0.127343 0.009959 0.000177 2e-06 0 0 0 0 0 0 0 0 0 0 0 0 0 0 
1 0.498306 0.127042 0.010138 0.000174 0 0 0 0 0 0 0 0 0 0 0 0 0 0 0 
1 0.499244 0.128267 0.010063 0.000162 1e-06 0 0 0 0 0 0 0 0 0 0 0 0 0 0 
1 0.499169 0.128182 0.010093 0.000203 7e-06 0 0 0 0 0 0 0 0 0 0 0 0 0 0 
1 0.499003 0.127601 0.009774 0.000165 2e-06 0 0 0 0 0 0 0 0 0 0 0 0 0 0 
1 0.499109 0.128074 0.01014 0.000182 2e-06 0 0 0 0 0 0 0 0 0 0 0 0 0 0 
1 0.499039 0.127795 0.010034 0.000193 1e-06 0 0 0 0 0 0 0 0 0 0 0 0 0 0 
1 0.49962 0.129025 0.010263 0.000196 0 0 0 0 0 0 0 0 0 0 0 0 0 0 0 
1 0.49904 0.128162 0.010031 0.000185 1e-06 0 0 0 0 0 0 0 0 0 0 0 0 0 0 
1 0.501251 0.129885 0.010215 0.000189 1e-06 0 0 0 0 0 0 0 0 0 0 0 0 0 0 
1 0.499991 0.128148 0.010241 0.000162 1e-06 0 0 0 0 0 0 0 0 0 0 0 0 0 0 
1 0.500746 0.128947 0.010245 0.000142 1e-06 0 0 0 0 0 0 0 0 0 0 0 0 0 0 
1 0.499947 0.128045 0.010195 0.000178 2e-06 0 0 0 0 0 0 0 0 0 0 0 0 0 0 
1 0.500607 0.128864 0.010228 0.000212 8e-06 1e-06 0 0 0 0 0 0 0 0 0 0 0 0 0 
1 0.501468 0.129451 0.010424 0.000225 6e-06 0 0 0 0 0 0 0 0 0 0 0 0 0 0 
1 0.499687 0.127951 0.010071 0.000179 1e-06 0 0 0 0 0 0 0 0 0 0 0 0 0 0 
1 0.500278 0.128528 0.010169 0.000166 3e-06 0 0 0 0 0 0 0 0 0 0 0 0 0 0 
1 0.500105 0.129061 0.010236 0.000167 1e-06 0 0 0 0 0 0 0 0 0 0 0 0 0 0 
1 0.500422 0.128638 0.010135 0.000195 1e-06 0 0 0 0 0 0 0 0 0 0 0 0 0 0 
1 0.500278 0.128251 0.010223 0.000191 2e-06 0 0 0 0 0 0 0 0 0 0 0 0 0 0 
1 0.498054 0.126033 0.009659 0.000206 0 0 0 0 0 0 0 0 0 0 0 0 0 0 0 
1 0.499858 0.128402 0.01037 0.000224 1e-06 0 0 0 0 0 0 0 0 0 0 0 0 0 0 
1 0.500765 0.127932 0.010089 0.000165 0 0 0 0 0 0 0 0 0 0 0 0 0 0 0 
1 0.500233 0.127598 0.009779 0.000143 2e-06 0 0 0 0 0 0 0 0 0 0 0 0 0 0 
1 0.49923 0.128035 0.010009 0.00018 3e-06 0 0 0 0 0 0 0 0 0 0 0 0 0 0 
1 0.500965 0.129538 0.010406 0.000214 0 0 0 0 0 0 0 0 0 0 0 0 0 0 0 
1 0.501452 0.129522 0.010463 0.000173 0 0 0 0 0 0 0 0 0 0 0 0 0 0 0 
1 0.50026 0.128563 0.010045 0.000167 0 0 0 0 0 0 0 0 0 0 0 0 0 0 0 
1 0.49991 0.128745 0.01021 0.000218 3e-06 0 0 0 0 0 0 0 0 0 0 0 0 0 0 
1 0.499564 0.127581 0.009997 0.000177 1e-06 0 0 0 0 0 0 0 0 0 0 0 0 0 0 
1 0.500756 0.129383 0.010456 0.000163 2e-06 0 0 0 0 0 0 0 0 0 0 0 0 0 0 
1 0.499497 0.128186 0.010123 0.000196 0 0 0 0 0 0 0 0 0 0 0 0 0 0 0 
1 0.498811 0.126975 0.00986 0.000201 1e-06 0 0 0 0 0 0 0 0 0 0 0 0 0 0 
1 0.500926 0.128855 0.010404 0.000199 1e-06 0 0 0 0 0 0 0 0 0 0 0 0 0 0 
1 0.500604 0.128823 0.010091 0.000163 0 0 0 0 0 0 0 0 0 0 0 0 0 0 0 
1 0.499946 0.128223 0.010254 0.000161 2e-06 0 0 0 0 0 0 0 0 0 0 0 0 0 0 
1 0.499119 0.127677 0.010087 0.000169 0 0 0 0 0 0 0 0 0 0 0 0 0 0 0 
1 0.499579 0.128043 0.010076 0.000183 1e-06 0 0 0 0 0 0 0 0 0 0 0 0 0 0 
1 0.499215 0.1281 0.010092 0.000182 1e-06 0 0 0 0 0 0 0 0 0 0 0 0 0 0 
1 0.50071 0.128294 0.010164 0.000205 5e-06 0 0 0 0 0 0 0 0 0 0 0 0 0 0 
1 0.497702 0.127395 0.009877 0.000167 1e-06 0 0 0 0 0 0 0 0 0 0 0 0 0 0 
1 0.498302 0.127041 0.009851 0.000197 2e-06 0 0 0 0 0 0 0 0 0 0 0 0 0 0 
1 0.499775 0.128106 0.010123 0.000154 2e-06 0 0 0 0 0 0 0 0 0 0 0 0 0 0 
1 0.501526 0.128583 0.010133 0.000205 2e-06 0 0 0 0 0 0 0 0 0 0 0 0 0 0 
1 0.500604 0.129296 0.010407 0.000202 1e-06 0 0 0 0 0 0 0 0 0 0 0 0 0 0 
1 0.499527 0.127918 0.00977 0.000184 3e-06 0 0 0 0 0 0 0 0 0 0 0 0 0 0 
1 0.499222 0.128615 0.010319 0.000205 1e-06 0 0 0 0 0 0 0 0 0 0 0 0 0 0 
1 0.500248 0.128869 0.01007 0.000195 4e-06 0 0 0 0 0 0 0 0 0 0 0 0 0 0 
1 0.499292 0.127574 0.009987 0.000189 1e-06 0 0 0 0 0 0 0 0 0 0 0 0 0 0 
1 0.500692 0.128988 0.010101 0.000189 1e-06 0 0 0 0 0 0 0 0 0 0 0 0 0 0 
1 0.500063 0.128224 0.01004 0.000166 1e-06 0 0 0 0 0 0 0 0 0 0 0 0 0 0 
1 0.501212 0.130124 0.01048 0.000181 0 0 0 0 0 0 0 0 0 0 0 0 0 0 0 
1 0.499939 0.128962 0.01029 0.000243 6e-06 0 0 0 0 0 0 0 0 0 0 0 0 0 0 
1 0.502003 0.129557 0.01048 0.000216 4e-06 0 0 0 0 0 0 0 0 0 0 0 0 0 0 
1 0.50033 0.127327 0.01007 0.000204 3e-06 0 0 0 0 0 0 0 0 0 0 0 0 0 0 
1 0.498952 0.128292 0.010218 0.000154 1e-06 0 0 0 0 0 0 0 0 0 0 0 0 0 0 
1 0.498929 0.127513 0.009996 0.000183 0 0 0 0 0 0 0 0 0 0 0 0 0 0 0 
1 0.499699 0.12809 0.010097 0.000203 3e-06 0 0 0 0 0 0 0 0 0 0 0 0 0 0 
1 0.501383 0.129083 0.010385 0.000205 0 0 0 0 0 0 0 0 0 0 0 0 0 0 0 
1 0.498124 0.127296 0.009993 0.000161 2e-06 0 0 0 0 0 0 0 0 0 0 0 0 0 0 
1 0.499637 0.128446 0.010215 0.000167 1e-06 0 0 0 0 0 0 0 0 0 0 0 0 0 0 
1 0.498979 0.128277 0.010147 0.000194 3e-06 0 0 0 0 0 0 0 0 0 0 0 0 0 0 
1 0.499727 0.127839 0.009951 0.000163 2e-06 0 0 0 0 0 0 0 0 0 0 0 0 0 0 
1 0.499376 0.128505 0.010142 0.000202 1e-06 0 0 0 0 0 0 0 0 0 0 0 0 0 0 
1 0.50094 0.129191 0.010234 0.00021 3e-06 0 0 0 0 0 0 0 0 0 0 0 0 0 0 
1 0.500238 0.128103 0.009689 0.000154 0 0 0 0 0 0 0 0 0 0 0 0 0 0 0 
1 0.501861 0.129628 0.010052 0.000212 3e-06 0 0 0 0 0 0 0 0 0 0 0 0 0 0 
1 0.499574 0.128173 0.010353 0.000221 2e-06 0 0 0 0 0 0 0 0 0 0 0 0 0 0 
1 0.498627 0.127477 0.009802 0.000216 2e-06 0 0 0 0 0 0 0 0 0 0 0 0 0 0 
1 0.499364 0.128165 0.010059 0.000171 1e-06 0 0 0 0 0 0 0 0 0 0 0 0 0 0 
1 0.499352 0.128138 0.01006 0.000172 3e-06 0 0 0 0 0 0 0 0 0 0 0 0 0 0 
1 0.500643 0.129057 0.010253 0.000191 3e-06 0 0 0 0 0 0 0 0 0 0 0 0 0 0 
1 0.500809 0.128838 0.010044 0.000176 1e-06 0 0 0 0 0 0 0 0 0 0 0 0 0 0 
1 0.499749 0.128744 0.00994 0.000193 2e-06 0 0 0 0 0 0 0 0 0 0 0 0 0 0 
1 0.500055 0.128387 0.010174 0.000182 2e-06 0 0 0 0 0 0 0 0 0 0 0 0 0 0 
1 0.49925 0.127841 0.009882 0.000196 1e-06 0 0 0 0 0 0 0 0 0 0 0 0 0 0 
1 0.500261 0.12907 0.010257 0.000235 2e-06 0 0 0 0 0 0 0 0 0 0 0 0 0 0 
1 0.500785 0.128622 0.009922 0.000216 5e-06 0 0 0 0 0 0 0 0 0 0 0 0 0 0 
1 0.49792 0.126614 0.009805 0.000196 2e-06 0 0 0 0 0 0 0 0 0 0 0 0 0 0 
1 0.50003 0.128869 0.010056 0.000164 1e-06 0 0 0 0 0 0 0 0 0 0 0 0 0 0 
1 0.50111 0.129414 0.01035 0.00022 3e-06 0 0 0 0 0 0 0 0 0 0 0 0 0 0 
1 0.498828 0.127493 0.009885 0.00018 1e-06 0 0 0 0 0 0 0 0 0 0 0 0 0 0 
1 0.498337 0.127282 0.010045 0.000185 2e-06 0 0 0 0 0 0 0 0 0 0 0 0 0 0 
1 0.500823 0.129231 0.010488 0.000196 2e-06 0 0 0 0 0 0 0 0 0 0 0 0 0 0 
1 0.500718 0.128416 0.009838 0.000188 1e-06 0 0 0 0 0 0 0 0 0 0 0 0 0 0 
1 0.499385 0.128133 0.010106 0.000163 7e-06 2e-06 0 0 0 0 0 0 0 0 0 0 0 0 0 
1 0.499772 0.128717 0.010426 0.000202 3e-06 0 0 0 0 0 0 0 0 0 0 0 0 0 0 
1 0.498451 0.128021 0.01013 0.000192 3e-06 0 0 0 0 0 0 0 0 0 0 0 0 0 0 
1 0.500594 0.128595 0.00975 0.000158 3e-06 0 0 0 0 0 0 0 0 0 0 0 0 0 0 
1 0.499438 0.127984 0.009999 0.000175 2e-06 0 0 0 0 0 0 0 0 0 0 0 0 0 0 
1 0.500626 0.128941 0.010002 0.000164 8e-06 0 0 0 0 0 0 0 0 0 0 0 0 0 0 
1 0.49796 0.12793 0.010042 0.000154 4e-06 0 0 0 0 0 0 0 0 0 0 0 0 0 0 
1 0.500961 0.128943 0.010226 0.000199 2e-06 0 0 0 0 0 0 0 0 0 0 0 0 0 0 
1 0.49894 0.128305 0.009952 0.000188 1e-06 0 0 0 0 0 0 0 0 0 0 0 0 0 0 
1 0.500846 0.128403 0.009897 0.000155 4e-06 0 0 0 0 0 0 0 0 0 0 0 0 0 0 
1 0.498952 0.127297 0.009747 0.000171 0 0 0 0 0 0 0 0 0 0 0 0 0 0 0 
1 0.499522 0.128034 0.010044 0.000184 4e-06 0 0 0 0 0 0 0 0 0 0 0 0 0 0 
1 0.498915 0.127539 0.009787 0.000199 2e-06 0 0 0 0 0 0 0 0 0 0 0 0 0 0 
1 0.49975 0.128067 0.009942 0.000179 6e-06 1e-06 0 0 0 0 0 0 0 0 0 0 0 0 0 
1 0.501441 0.129226 0.010272 0.000193 4e-06 0 0 0 0 0 0 0 0 0 0 0 0 0 0 
1 0.498871 0.127544 0.00973 0.000187 0 0 0 0 0 0 0 0 0 0 0 0 0 0 0 
1 0.500771 0.128443 0.010069 0.000166 1e-06 0 0 0 0 0 0 0 0 0 0 0 0 0 0 
1 0.500174 0.128427 0.010095 0.000189 2e-06 0 0 0 0 0 0 0 0 0 0 0 0 0 0 
1 0.499014 0.127418 0.010078 0.000184 2e-06 0 0 0 0 0 0 0 0 0 0 0 0 0 0 
1 0.500449 0.129599 0.010237 0.000188 3e-06 0 0 0 0 0 0 0 0 0 0 0 0 0 0 
1 0.49901 0.128458 0.009951 0.000158 1e-06 0 0 0 0 0 0 0 0 0 0 0 0 0 0 
1 0.500335 0.128978 0.01037 0.000188 0 0 0 0 0 0 0 0 0 0 0 0 0 0 0 
1 0.501411 0.129106 0.010149 0.000192 0 0 0 0 0 0 0 0 0 0 0 0 0 0 0 
1 0.49932 0.128034 0.010079 0.000165 1e-06 0 0 0 0 0 0 0 0 0 0 0 0 0 0 
1 0.500159 0.127357 0.009949 0.000168 2e-06 0 0 0 0 0 0 0 0 0 0 0 0 0 0 
1 0.499988 0.130104 0.010461 0.000175 0 0 0 0 0 0 0 0 0 0 0 0 0 0 0 
1 0.501233 0.128877 0.01005 0.000214 4e-06 0 0 0 0 0 0 0 0 0 0 0 0 0 0 
1 0.500297 0.128103 0.00995 0.000128 0 0 0 0 0 0 0 0 0 0 0 0 0 0 0 
1 0.499456 0.128079 0.010204 0.000192 1e-06 0 0 0 0 0 0 0 0 0 0 0 0 0 0 
1 0.500729 0.128939 0.010249 0.000179 0 0 0 0 0 0 0 0 0 0 0 0 0 0 0 
1 0.501391 0.129491 0.01029 0.000235 2e-06 0 0 0 0 0 0 0 0 0 0 0 0 0 0 
1 0.499401 0.127759 0.009744 0.00019 0 0 0 0 0 0 0 0 0 0 0 0 0 0 0 
1 0.49966 0.128735 0.010329 0.000205 1e-06 0 0 0 0 0 0 0 0 0 0 0 0 0 0 
1 0.499243 0.128091 0.010093 0.000188 4e-06 0 0 0 0 0 0 0 0 0 0 0 0 0 0 
1 0.499506 0.127635 0.010045 0.000177 1e-06 0 0 0 0 0 0 0 0 0 0 0 0 0 0 
1 0.499201 0.127744 0.009866 0.000162 0 0 0 0 0 0 0 0 0 0 0 0 0 0 0 
1 0.502095 0.129776 0.010257 0.00019 2e-06 0 0 0 0 0 0 0 0 0 0 0 0 0 0 
1 0.500583 0.129147 0.010294 0.000222 1e-06 0 0 0 0 0 0 0 0 0 0 0 0 0 0 
1 0.501463 0.128889 0.010304 0.00021 1e-06 0 0 0 0 0 0 0 0 0 0 0 0 0 0 
1 0.50006 0.128419 0.010019 0.000172 2e-06 0 0 0 0 0 0 0 0 0 0 0 0 0 0 
1 0.500118 0.128621 0.010335 0.000182 0 0 0 0 0 0 0 0 0 0 0 0 0 0 0 
1 0.499367 0.128052 0.010039 0.000168 0 0 0 0 0 0 0 0 0 0 0 0 0 0 0 
1 0.501019 0.129051 0.010382 0.000182 0 0 0 0 0 0 0 0 0 0 0 0 0 0 0 
1 0.500318 0.129 0.010202 0.000216 3e-06 0 0 0 0 0 0 0 0 0 0 0 0 0 0 
1 0.498802 0.128593 0.010293 0.000187 1e-06 0 0 0 0 0 0 0 0 0 0 0 0 0 0 
1 0.499814 0.128382 0.010045 0.00017 1e-06 0 0 0 0 0 0 0 0 0 0 0 0 0 0 
1 0.50068 0.128725 0.009906 0.000145 1e-06 0 0 0 0 0 0 0 0 0 0 0 0 0 0 
1 0.499471 0.127752 0.010167 0.000201 3e-06 0 0 0 0 0 0 0 0 0 0 0 0 0 0 
1 0.500718 0.129033 0.01026 0.00022 7e-06 0 0 0 0 0 0 0 0 0 0 0 0 0 0 
1 0.499075 0.128315 0.010366 0.000225 0 0 0 0 0 0 0 0 0 0 0 0 0 0 0 
1 0.499463 0.127478 0.009939 0.00018 8e-06 0 0 0 0 0 0 0 0 0 0 0 0 0 0 
1 0.500225 0.127974 0.010023 0.000208 2e-06 0 0 0 0 0 0 0 0 0 0 0 0 0 0 
1 0.499456 0.12802 0.009999 0.000176 3e-06 0 0 0 0 0 0 0 0 0 0 0 0 0 0 
1 0.498961 0.127343 0.009786 0.000169 0 0 0 0 0 0 0 0 0 0 0 0 0 0 0 
1 0.49923 0.127421 0.010138 0.000164 1e-06 0 0 0 0 0 0 0 0 0 0 0 0 0 0 
1 0.499584 0.127671 0.010265 0.000188 1e-06 0 0 0 0 0 0 0 0 0 0 0 0 0 0 
1 0.500941 0.128451 0.009982 0.000176 1e-06 0 0 0 0 0 0 0 0 0 0 0 0 0 0 
1 0.500252 0.128326 0.010126 0.00017 0 0 0 0 0 0 0 0 0 0 0 0 0 0 0 
1 0.500309 0.129479 0.010591 0.000224 3e-06 0 0 0 0 0 0 0 0 0 0 0 0 0 0 
1 0.499166 0.127917 0.010195 0.000154 0 0 0 0 0 0 0 0 0 0 0 0 0 0 0 
1 0.499969 0.127704 0.00998 0.000185 3e-06 0 0 0 0 0 0 0 0 0 0 0 0 0 0 
1 0.499892 0.128054 0.010012 0.000194 0 0 0 0 0 0 0 0 0 0 0 0 0 0 0 
1 0.500767 0.128839 0.010366 0.000211 9e-06 0 0 0 0 0 0 0 0 0 0 0 0 0 0 
1 0.49902 0.128245 0.010014 0.000215 1e-06 0 0 0 0 0 0 0 0 0 0 0 0 0 0 
1 0.50136 0.129185 0.010269 0.000232 2e-06 0 0 0 0 0 0 0 0 0 0 0 0 0 0 
1 0.499157 0.127973 0.010099 0.000164 0 0 0 0 0 0 0 0 0 0 0 0 0 0 0 
1 0.49874 0.127198 0.009996 0.000148 2e-06 0 0 0 0 0 0 0 0 0 0 0 0 0 0 
1 0.499599 0.128754 0.010367 0.000195 3e-06 0 0 0 0 0 0 0 0 0 0 0 0 0 0 
1 0.500852 0.129138 0.010257 0.000164 2e-06 0 0 0 0 0 0 0 0 0 0 0 0 0 0 
1 0.500242 0.128998 0.010223 0.000183 1e-06 0 0 0 0 0 0 0 0 0 0 0 0 0 0 
1 0.501488 0.129457 0.010244 0.00018 0 0 0 0 0 0 0 0 0 0 0 0 0 0 0 
1 0.50054 0.129074 0.010306 0.000204 3e-06 0 0 0 0 0 0 0 0 0 0 0 0 0 0 
1 0.500366 0.128042 0.010169 0.00016 0 0 0 0 0 0 0 0 0 0 0 0 0 0 0 
1 0.500804 0.128779 0.009985 0.00019 3e-06 0 0 0 0 0 0 0 0 0 0 0 0 0 0 
1 0.499728 0.127742 0.009899 0.000158 1e-06 0 0 0 0 0 0 0 0 0 0 0 0 0 0 
1 0.500025 0.128753 0.010234 0.000201 0 0 0 0 0 0 0 0 0 0 0 0 0 0 0 
1 0.500023 0.128911 0.010206 0.000205 6e-06 0 0 0 0 0 0 0 0 0 0 0 0 0 0 
1 0.498456 0.126903 0.009995 0.000178 3e-06 0 0 0 0 0 0 0 0 0 0 0 0 0 0 
1 0.499796 0.129266 0.010321 0.000151 2e-06 0 0 0 0 0 0 0 0 0 0 0 0 0 0 
1 0.501214 0.129531 0.010217 0.000212 5e-06 0 0 0 0 0 0 0 0 0 0 0 0 0 0 
1 0.499962 0.128872 0.010052 0.000197 3e-06 0 0 0 0 0 0 0 0 0 0 0 0 0 0 
1 0.501407 0.129367 0.010293 0.000184 5e-06 0 0 0 0 0 0 0 0 0 0 0 0 0 0 
1 0.499715 0.128723 0.010114 0.000183 0 0 0 0 0 0 0 0 0 0 0 0 0 0 0 
1 0.499424 0.128917 0.010246 0.000171 7e-06 0 0 0 0 0 0 0 0 0 0 0 0 0 0 
1 0.499945 0.127947 0.01028 0.000201 0 0 0 0 0 0 0 0 0 0 0 0 0 0 0 
1 0.500367 0.12857 0.010101 0.000179 1e-06 0 0 0 0 0 0 0 0 0 0 0 0 0 0 
1 0.500525 0.128072 0.009953 0.000167 7e-06 0 0 0 0 0 0 0 0 0 0 0 0 0 0 
1 0.500819 0.128749 0.01031 0.00022 1e-06 0 0 0 0 0 0 0 0 0 0 0 0 0 0 
1 0.499319 0.127686 0.010018 0.000197 2e-06 0 0 0 0 0 0 0 0 0 0 0 0 0 0 
1 0.500118 0.128276 0.00986 0.000163 2e-06 0 0 0 0 0 0 0 0 0 0 0 0 0 0 
1 0.500992 0.128959 0.009974 0.000171 1e-06 0 0 0 0 0 0 0 0 0 0 0 0 0 0 
1 0.499634 0.128199 0.009968 0.000152 1e-06 0 0 0 0 0 0 0 0 0 0 0 0 0 0 
1 0.498399 0.127477 0.009901 0.000172 1e-06 0 0 0 0 0 0 0 0 0 0 0 0 0 0 
1 0.498587 0.126877 0.009834 0.00018 0 0 0 0 0 0 0 0 0 0 0 0 0 0 0 
1 0.501477 0.129672 0.010573 0.000211 1e-06 0 0 0 0 0 0 0 0 0 0 0 0 0 0 
1 0.50044 0.12859 0.010053 0.000174 1e-06 0 0 0 0 0 0 0 0 0 0 0 0 0 0 
1 0.50112 0.129189 0.010324 0.000179 2e-06 0 0 0 0 0 0 0 0 0 0 0 0 0 0 
1 0.499478 0.128081 0.010048 0.000192 7e-06 0 0 0 0 0 0 0 0 0 0 0 0 0 0 
1 0.499401 0.127805 0.009966 0.000178 3e-06 0 0 0 0 0 0 0 0 0 0 0 0 0 0 
1 0.499244 0.127601 0.00986 0.00017 1e-06 0 0 0 0 0 0 0 0 0 0 0 0 0 0 
1 0.500008 0.12791 0.009746 0.000164 0 0 0 0 0 0 0 0 0 0 0 0 0 0 0 
1 0.50013 0.128671 0.010212 0.000201 2e-06 1e-06 0 0 0 0 0 0 0 0 0 0 0 0 0 
1 0.499878 0.128732 0.010244 0.000209 0 0 0 0 0 0 0 0 0 0 0 0 0 0 0 
1 0.502013 0.130016 0.010246 0.000172 3e-06 0 0 0 0 0 0 0 0 0 0 0 0 0 0 
1 0.499793 0.128763 0.010205 0.00019 1e-06 0 0 0 0 0 0 0 0 0 0 0 0 0 0 
1 0.500243 0.128992 0.010365 0.000195 3e-06 0 0 0 0 0 0 0 0 0 0 0 0 0 0 
1 0.499438 0.128517 0.010234 0.000151 0 0 0 0 0 0 0 0 0 0 0 0 0 0 0 
1 0.501793 0.130241 0.010522 0.000162 1e-06 0 0 0 0 0 0 0 0 0 0 0 0 0 0 
1 0.499632 0.128236 0.010037 0.000183 1e-06 0 0 0 0 0 0 0 0 0 0 0 0 0 0 
1 0.500302 0.128975 0.010157 0.000199 0 0 0 0 0 0 0 0 0 0 0 0 0 0 0 
1 0.497371 0.126394 0.009713 0.000172 1e-06 0 0 0 0 0 0 0 0 0 0 0 0 0 0 
1 0.500746 0.130058 0.01058 0.000207 1e-06 0 0 0 0 0 0 0 0 0 0 0 0 0 0 
1 0.501004 0.130328 0.010331 0.000191 2e-06 0 0 0 0 0 0 0 0 0 0 0 0 0 0 
1 0.500677 0.128823 0.01022 0.00023 2e-06 0 0 0 0 0 0 0 0 0 0 0 0 0 0 
1 0.499796 0.128444 0.010248 0.000218 2e-06 0 0 0 0 0 0 0 0 0 0 0 0 0 0 
1 0.499463 0.128099 0.009982 0.00021 3e-06 0 0 0 0 0 0 0 0 0 0 0 0 0 0 
1 0.49907 0.128217 0.009886 0.00022 4e-06 0 0 0 0 0 0 0 0 0 0 0 0 0 0 
1 0.498991 0.127642 0.009858 0.000187 3e-06 0 0 0 0 0 0 0 0 0 0 0 0 0 0 
1 0.50052 0.128695 0.010175 0.000188 3e-06 0 0 0 0 0 0 0 0 0 0 0 0 0 0 
1 0.501016 0.128945 0.00991 0.000159 0 0 0 0 0 0 0 0 0 0 0 0 0 0 0 
1 0.501114 0.130012 0.010443 0.000231 2e-06 0 0 0 0 0 0 0 0 0 0 0 0 0 0 
1 0.500728 0.129105 0.010245 0.000196 1e-06 0 0 0 0 0 0 0 0 0 0 0 0 0 0 
1 0.500537 0.129199 0.010266 0.000231 2e-06 0 0 0 0 0 0 0 0 0 0 0 0 0 0 
1 0.499979 0.128702 0.01017 0.000193 4e-06 0 0 0 0 0 0 0 0 0 0 0 0 0 0 
1 0.500669 0.128218 0.009923 0.000185 1e-06 0 0 0 0 0 0 0 0 0 0 0 0 0 0 
1 0.500994 0.12968 0.010343 0.000185 0 0 0 0 0 0 0 0 0 0 0 0 0 0 0 
1 0.50185 0.130412 0.010649 0.000201 0 0 0 0 0 0 0 0 0 0 0 0 0 0 0 
1 0.500453 0.128583 0.010107 0.000179 0 0 0 0 0 0 0 0 0 0 0 0 0 0 0 
1 0.499799 0.128847 0.010136 0.00018 0 0 0 0 0 0 0 0 0 0 0 0 0 0 0 
1 0.49825 0.126644 0.009968 0.000176 0 0 0 0 0 0 0 0 0 0 0 0 0 0 0 
1 0.499197 0.128203 0.009874 0.000134 0 0 0 0 0 0 0 0 0 0 0 0 0 0 0 
1 0.499672 0.127889 0.009973 0.000191 1e-06 0 0 0 0 0 0 0 0 0 0 0 0 0 0 
1 0.499171 0.127197 0.009889 0.000169 0 0 0 0 0 0 0 0 0 0 0 0 0 0 0 
1 0.499411 0.1283 0.010023 0.000175 1e-06 0 0 0 0 0 0 0 0 0 0 0 0 0 0 
1 0.498389 0.127284 0.010048 0.000171 3e-06 0 0 0 0 0 0 0 0 0 0 0 0 0 0 
1 0.50174 0.12915 0.010227 0.000215 0 0 0 0 0 0 0 0 0 0 0 0 0 0 0 
1 0.500263 0.128365 0.010085 0.000195 2e-06 0 0 0 0 0 0 0 0 0 0 0 0 0 0 
1 0.50073 0.129059 0.0104 0.000183 3e-06 1e-06 0 0 0 0 0 0 0 0 0 0 0 0 0 
1 0.499878 0.128544 0.010193 0.000152 0 0 0 0 0 0 0 0 0 0 0 0 0 0 0 
1 0.499469 0.128573 0.010247 0.00018 1e-06 0 0 0 0 0 0 0 0 0 0 0 0 0 0 
1 0.500717 0.128105 0.010155 0.000183 2e-06 0 0 0 0 0 0 0 0 0 0 0 0 0 0 
1 0.499323 0.127839 0.010105 0.00017 2e-06 0 0 0 0 0 0 0 0 0 0 0 0 0 0 
1 0.50023 0.128999 0.010042 0.000239 3e-06 0 0 0 0 0 0 0 0 0 0 0 0 0 0 
1 0.500053 0.128429 0.010109 0.000169 1e-06 0 0 0 0 0 0 0 0 0 0 0 0 0 0 
1 0.499747 0.128588 0.010001 0.00015 0 0 0 0 0 0 0 0 0 0 0 0 0 0 0 
1 0.500172 0.128995 0.010071 0.000196 0 0 0 0 0 0 0 0 0 0 0 0 0 0 0 
1 0.500749 0.128225 0.010097 0.000122 0 0 0 0 0 0 0 0 0 0 0 0 0 0 0 
1 0.50197 0.129473 0.010202 0.000162 1e-06 0 0 0 0 0 0 0 0 0 0 0 0 0 0 
1 0.501386 0.130066 0.010178 0.000167 1e-06 0 0 0 0 0 0 0 0 0 0 0 0 0 0 
1 0.500326 0.128642 0.010086 0.000156 2e-06 0 0 0 0 0 0 0 0 0 0 0 0 0 0 
1 0.500358 0.128285 0.010065 0.000215 4e-06 0 0 0 0 0 0 0 0 0 0 0 0 0 0 
1 0.499543 0.127692 0.009896 0.00016 8e-06 0 0 0 0 0 0 0 0 0 0 0 0 0 0 
1 0.498923 0.127671 0.009974 0.000172 1e-06 0 0 0 0 0 0 0 0 0 0 0 0 0 0 
1 0.499825 0.128587 0.01026 0.000183 0 0 0 0 0 0 0 0 0 0 0 0 0 0 0 
1 0.500329 0.128617 0.010101 0.000165 2e-06 0 0 0 0 0 0 0 0 0 0 0 0 0 0 
1 0.499554 0.127919 0.010008 0.000158 0 0 0 0 0 0 0 0 0 0 0 0 0 0 0 
1 0.499091 0.127765 0.009971 0.000215 5e-06 0 0 0 0 0 0 0 0 0 0 0 0 0 0 
1 0.500677 0.129073 0.010086 0.000183 0 0 0 0 0 0 0 0 0 0 0 0 0 0 0 
1 0.500742 0.129358 0.010235 0.000169 1e-06 0 0 0 0 0 0 0 0 0 0 0 0 0 0 
1 0.499068 0.12773 0.010053 0.000187 1e-06 0 0 0 0 0 0 0 0 0 0 0 0 0 0 
1 0.500146 0.128392 0.010126 0.000182 0 0 0 0 0 0 0 0 0 0 0 0 0 0 0 
1 0.500288 0.128765 0.009733 0.000177 2e-06 0 0 0 0 0 0 0 0 0 0 0 0 0 0 
1 0.499474 0.128206 0.01018 0.000174 3e-06 0 0 0 0 0 0 0 0 0 0 0 0 0 0 
1 0.500225 0.128305 0.009736 0.000171 5e-06 0 0 0 0 0 0 0 0 0 0 0 0 0 0 
1 0.499222 0.128292 0.010138 0.000167 0 0 0 0 0 0 0 0 0 0 0 0 0 0 0 
1 0.499586 0.127039 0.009864 0.000183 1e-06 0 0 0 0 0 0 0 0 0 0 0 0 0 0 
1 0.499561 0.127907 0.009949 0.000177 1e-06 0 0 0 0 0 0 0 0 0 0 0 0 0 0 
1 0.499089 0.127634 0.00993 0.000198 4e-06 0 0 0 0 0 0 0 0 0 0 0 0 0 0 
1 0.498882 0.127609 0.00993 0.000178 2e-06 1e-06 0 0 0 0 0 0 0 0 0 0 0 0 0 
1 0.499528 0.128597 0.010037 0.000207 0 0 0 0 0 0 0 0 0 0 0 0 0 0 0 
1 0.498942 0.127808 0.0101 0.000203 0 0 0 0 0 0 0 0 0 0 0 0 0 0 0 
1 0.500856 0.129054 0.010386 0.000254 7e-06 0 0 0 0 0 0 0 0 0 0 0 0 0 0 
1 0.499363 0.127811 0.009877 0.000177 2e-06 0 0 0 0 0 0 0 0 0 0 0 0 0 0 
1 0.500387 0.128818 0.010074 0.000158 0 0 0 0 0 0 0 0 0 0 0 0 0 0 0 
1 0.500831 0.128183 0.010116 0.000202 0 0 0 0 0 0 0 0 0 0 0 0 0 0 0 
1 0.499844 0.128633 0.010364 0.000182 0 0 0 0 0 0 0 0 0 0 0 0 0 0 0 
1 0.499997 0.128447 0.010107 0.000201 1e-06 0 0 0 0 0 0 0 0 0 0 0 0 0 0 
1 0.500183 0.128795 0.010273 0.00021 4e-06 0 0 0 0 0 0 0 0 0 0 0 0 0 0 
1 0.500934 0.128846 0.010138 0.000178 0 0 0 0 0 0 0 0 0 0 0 0 0 0 0 
1 0.499539 0.128525 0.01009 0.000154 1e-06 0 0 0 0 0 0 0 0 0 0 0 0 0 0 
1 0.500984 0.129352 0.010255 0.000183 2e-06 0 0 0 0 0 0 0 0 0 0 0 0 0 0 
1 0.500659 0.129617 0.01035 0.000158 2e-06 0 0 0 0 0 0 0 0 0 0 0 0 0 0 
1 0.501163 0.129169 0.010365 0.000187 5e-06 0 0 0 0 0 0 0 0 0 0 0 0 0 0 
1 0.499894 0.129319 0.010231 0.000183 0 0 0 0 0 0 0 0 0 0 0 0 0 0 0 
1 0.50047 0.128514 0.009958 0.000163 0 0 0 0 0 0 0 0 0 0 0 0 0 0 0 
1 0.500504 0.12862 0.010216 0.000161 3e-06 0 0 0 0 0 0 0 0 0 0 0 0 0 0 
1 0.500428 0.128614 0.010208 0.000182 1e-06 0 0 0 0 0 0 0 0 0 0 0 0 0 0 
1 0.49939 0.127487 0.010055 0.000187 3e-06 0 0 0 0 0 0 0 0 0 0 0 0 0 0 
1 0.499728 0.128186 0.009936 0.000166 0 0 0 0 0 0 0 0 0 0 0 0 0 0 0 
1 0.500553 0.128917 0.010126 0.0002 1e-06 0 0 0 0 0 0 0 0 0 0 0 0 0 0 
1 0.499411 0.128338 0.010123 0.000191 5e-06 0 0 0 0 0 0 0 0 0 0 0 0 0 0 
1 0.498628 0.127467 0.009852 0.00015 2e-06 0 0 0 0 0 0 0 0 0 0 0 0 0 0 
1 0.497668 0.12738 0.009863 0.000188 2e-06 0 0 0 0 0 0 0 0 0 0 0 0 0 0 
1 0.500638 0.129639 0.010417 0.000206 1e-06 0 0 0 0 0 0 0 0 0 0 0 0 0 0 
1 0.499493 0.128311 0.010224 0.000201 0 0 0 0 0 0 0 0 0 0 0 0 0 0 0 
1 0.50072 0.128665 0.010221 0.000195 5e-06 0 0 0 0 0 0 0 0 0 0 0 0 0 0 
1 0.499866 0.128273 0.010264 0.000148 6e-06 3e-06 0 0 0 0 0 0 0 0 0 0 0 0 0 
1 0.499787 0.128029 0.009919 0.000161 0 0 0 0 0 0 0 0 0 0 0 0 0 0 0 
1 0.500068 0.129226 0.010136 0.000174 0 0 0 0 0 0 0 0 0 0 0 0 0 0 0 
1 0.500554 0.129383 0.010205 0.00018 0 0 0 0 0 0 0 0 0 0 0 0 0 0 0 
1 0.499557 0.128073 0.010159 0.000189 1e-06 0 0 0 0 0 0 0 0 0 0 0 0 0 0 
1 0.499691 0.127914 0.010064 0.000168 2e-06 0 0 0 0 0 0 0 0 0 0 0 0 0 0 
1 0.499545 0.127811 0.009981 0.000168 1e-06 0 0 0 0 0 0 0 0 0 0 0 0 0 0 
1 0.501145 0.129781 0.010243 0.000178 3e-06 0 0 0 0 0 0 0 0 0 0 0 0 0 0 
1 0.500384 0.129023 0.010066 0.000202 3e-06 0 0 0 0 0 0 0 0 0 0 0 0 0 0 
1 0.500589 0.128951 0.010084 0.000196 3e-06 0 0 0 0 0 0 0 0 0 0 0 0 0 0 
1 0.49948 0.127759 0.010156 0.000203 1e-06 0 0 0 0 0 0 0 0 0 0 0 0 0 0 
1 0.500807 0.128517 0.010403 0.000207 3e-06 0 0 0 0 0 0 0 0 0 0 0 0 0 0 
1 0.500066 0.128313 0.010128 0.000164 1e-06 0 0 0 0 0 0 0 0 0 0 0 0 0 0 
1 0.500195 0.128457 0.010402 0.000219 4e-06 0 0 0 0 0 0 0 0 0 0 0 0 0 0 
1 0.500737 0.128832 0.010236 0.000185 2e-06 0 0 0 0 0 0 0 0 0 0 0 0 0 0 
1 0.49938 0.1284 0.010095 0.000181 0 0 0 0 0 0 0 0 0 0 0 0 0 0 0 
1 0.500985 0.128724 0.010049 0.000158 2e-06 0 0 0 0 0 0 0 0 0 0 0 0 0 0 
1 0.500301 0.128243 0.010174 0.000189 2e-06 0 0 0 0 0 0 0 0 0 0 0 0 0 0 
1 0.499943 0.128555 0.010072 0.000199 2e-06 0 0 0 0 0 0 0 0 0 0 0 0 0 0 
1 0.500165 0.129018 0.010203 0.00018 1e-06 0 0 0 0 0 0 0 0 0 0 0 0 0 0 
1 0.499655 0.127933 0.010093 0.000224 2e-06 0 0 0 0 0 0 0 0 0 0 0 0 0 0 
1 0.500789 0.129508 0.010173 0.000197 0 0 0 0 0 0 0 0 0 0 0 0 0 0 0 
1 0.49936 0.127488 0.010069 0.000163 4e-06 0 0 0 0 0 0 0 0 0 0 0 0 0 0 
1 0.500482 0.129482 0.010307 0.000183 3e-06 0 0 0 0 0 0 0 0 0 0 0 0 0 0 
1 0.500524 0.12819 0.010221 0.000199 7e-06 0 0 0 0 0 0 0 0 0 0 0 0 0 0 
1 0.501735 0.129722 0.010327 0.000198 1e-06 0 0 0 0 0 0 0 0 0 0 0 0 0 0 
1 0.498021 0.127042 0.009716 0.000178 3e-06 0 0 0 0 0 0 0 0 0 0 0 0 0 0 
1 0.499652 0.127963 0.01002 0.000199 2e-06 0 0 0 0 0 0 0 0 0 0 0 0 0 0 
1 0.498534 0.127395 0.009813 0.000167 1e-06 0 0 0 0 0 0 0 0 0 0 0 0 0 0 
1 0.500462 0.128252 0.010113 0.000159 4e-06 0 0 0 0 0 0 0 0 0 0 0 0 0 0 
1 0.500249 0.128493 0.010186 0.000195 1e-06 0 0 0 0 0 0 0 0 0 0 0 0 0 0 
1 0.497591 0.127268 0.009971 0.000158 0 0 0 0 0 0 0 0 0 0 0 0 0 0 0 
1 0.499657 0.12831 0.010118 0.000161 0 0 0 0 0 0 0 0 0 0 0 0 0 0 0 
1 0.500007 0.128506 0.010356 0.000198 8e-06 0 0 0 0 0 0 0 0 0 0 0 0 0 0 
1 0.499695 0.128125 0.01007 0.000233 0 0 0 0 0 0 0 0 0 0 0 0 0 0 0 
1 0.498439 0.127655 0.009952 0.000146 1e-06 0 0 0 0 0 0 0 0 0 0 0 0 0 0 
1 0.501272 0.129135 0.01039 0.000224 2e-06 0 0 0 0 0 0 0 0 0 0 0 0 0 0 
1 0.498256 0.127462 0.009835 0.00016 0 0 0 0 0 0 0 0 0 0 0 0 0 0 0 
1 0.500951 0.128777 0.010007 0.000196 2e-06 0 0 0 0 0 0 0 0 0 0 0 0 0 0 
1 0.500426 0.128225 0.010029 0.000177 4e-06 0 0 0 0 0 0 0 0 0 0 0 0 0 0 
1 0.499988 0.129028 0.010076 0.000162 0 0 0 0 0 0 0 0 0 0 0 0 0 0 0 
1 0.498385 0.127466 0.009914 0.000158 3e-06 0 0 0 0 0 0 0 0 0 0 0 0 0 0 
1 0.498975 0.127188 0.009831 0.000189 3e-06 0 0 0 0 0 0 0 0 0 0 0 0 0 0 
1 0.500499 0.128804 0.01009 0.000175 2e-06 0 0 0 0 0 0 0 0 0 0 0 0 0 0 
1 0.500677 0.12965 0.010169 0.000173 3e-06 0 0 0 0 0 0 0 0 0 0 0 0 0 0 
1 0.498721 0.127531 0.010058 0.000179 1e-06 0 0 0 0 0 0 0 0 0 0 0 0 0 0 
1 0.500804 0.128906 0.010146 0.000166 1e-06 0 0 0 0 0 0 0 0 0 0 0 0 0 0 
1 0.499321 0.128206 0.010166 0.000175 1e-06 0 0 0 0 0 0 0 0 0 0 0 0 0 0 
1 0.499822 0.128642 0.010043 0.000188 0 0 0 0 0 0 0 0 0 0 0 0 0 0 0 
1 0.501082 0.129673 0.010464 0.000206 1e-06 0 0 0 0 0 0 0 0 0 0 0 0 0 0 
1 0.500211 0.127628 0.010237 0.000191 3e-06 0 0 0 0 0 0 0 0 0 0 0 0 0 0 
1 0.499129 0.12793 0.010026 0.000178 2e-06 0 0 0 0 0 0 0 0 0 0 0 0 0 0 
1 0.499776 0.128437 0.009969 0.000154 1e-06 0 0 0 0 0 0 0 0 0 0 0 0 0 0 
1 0.49894 0.128465 0.010062 0.000166 0 0 0 0 0 0 0 0 0 0 0 0 0 0 0 
1 0.498245 0.127684 0.009934 0.000176 4e-06 0 0 0 0 0 0 0 0 0 0 0 0 0 0 
1 0.501419 0.129423 0.010136 0.000198 2e-06 0 0 0 0 0 0 0 0 0 0 0 0 0 0 
1 0.501083 0.129667 0.010047 0.000191 4e-06 0 0 0 0 0 0 0 0 0 0 0 0 0 0 
1 0.500059 0.12813 0.009979 0.000185 0 0 0 0 0 0 0 0 0 0 0 0 0 0 0 
1 0.499426 0.127876 0.010119 0.000168 3e-06 0 0 0 0 0 0 0 0 0 0 0 0 0 0 
