1 0.80073 0.513393 0.210992 0.0357288 0.00101582 1.064e-06 0 0 0 0 0 0 0 0 0 0 0 0 0 
1 0.800555 0.513217 0.211074 0.035695 0.00104467 1.754e-06 0 0 0 0 0 0 0 0 0 0 0 0 0 
1 0.800161 0.512501 0.210178 0.0354689 0.00102308 8.1e-07 0 0 0 0 0 0 0 0 0 0 0 0 0 
1 0.799797 0.511984 0.209984 0.0354558 0.00102381 1.607e-06 0 0 0 0 0 0 0 0 0 0 0 0 0 
1 0.799973 0.512176 0.20996 0.0353157 0.00102213 7.91e-07 0 0 0 0 0 0 0 0 0 0 0 0 0 
1 0.800316 0.51271 0.210732 0.0357204 0.00102915 5.15e-07 0 0 0 0 0 0 0 0 0 0 0 0 0 
1 0.799831 0.511759 0.209364 0.0350985 0.00101143 1.539e-06 0 0 0 0 0 0 0 0 0 0 0 0 0 
1 0.800432 0.5128 0.210199 0.0354404 0.00100306 9.69e-07 0 0 0 0 0 0 0 0 0 0 0 0 0 
1 0.79994 0.511809 0.210001 0.0354813 0.00104294 1.643e-06 0 0 0 0 0 0 0 0 0 0 0 0 0 
1 0.799684 0.511453 0.209251 0.0350049 0.000986045 8.41e-07 0 0 0 0 0 0 0 0 0 0 0 0 0 
1 0.799773 0.511672 0.209623 0.0352859 0.00100679 1.058e-06 0 0 0 0 0 0 0 0 0 0 0 0 0 
1 0.800334 0.512793 0.210713 0.0355767 0.00100157 1.043e-06 0 0 0 0 0 0 0 0 0 0 0 0 0 
1 0.800699 0.513671 0.211257 0.0357308 0.00101618 7.61e-07 0 0 0 0 0 0 0 0 0 0 0 0 0 
1 0.799805 0.511637 0.209676 0.0353914 0.00102569 6.51e-07 0 0 0 0 0 0 0 0 0 0 0 0 0 
1 0.800756 0.513636 0.211459 0.0358143 0.00101866 8.34e-07 0 0 0 0 0 0 0 0 0 0 0 0 0 
1 0.800082 0.511886 0.209713 0.0353033 0.00103696 5.4e-07 0 0 0 0 0 0 0 0 0 0 0 0 0 
1 0.800564 0.51312 0.210802 0.035606 0.00102601 9.54e-07 0 0 0 0 0 0 0 0 0 0 0 0 0 
1 0.799971 0.511963 0.209693 0.0352077 0.000995383 1.001e-06 0 0 0 0 0 0 0 0 0 0 0 0 0 
1 0.799949 0.511771 0.2096 0.0352108 0.000981901 1.353e-06 0 0 0 0 0 0 0 0 0 0 0 0 0 
1 0.799877 0.512234 0.210177 0.0354316 0.00100785 8.41e-07 0 0 0 0 0 0 0 0 0 0 0 0 0 
1 0.800093 0.512495 0.210277 0.0353598 0.00101469 1.682e-06 0 0 0 0 0 0 0 0 0 0 0 0 0 
1 0.800106 0.512413 0.210167 0.0354343 0.00100755 1.262e-06 0 0 0 0 0 0 0 0 0 0 0 0 0 
1 0.799956 0.512146 0.209888 0.0353992 0.00100726 1.216e-06 0 0 0 0 0 0 0 0 0 0 0 0 0 
1 0.80031 0.512684 0.210622 0.0356292 0.00104535 1.384e-06 0 0 0 0 0 0 0 0 0 0 0 0 0 
1 0.79937 0.51074 0.208542 0.0348343 0.000981808 1.151e-06 0 0 0 0 0 0 0 0 0 0 0 0 0 
1 0.800287 0.512671 0.210385 0.0354906 0.00101623 1.542e-06 0 0 0 0 0 0 0 0 0 0 0 0 0 
1 0.79998 0.512012 0.209771 0.0351731 0.000979004 4.64e-07 0 0 0 0 0 0 0 0 0 0 0 0 0 
1 0.799387 0.510726 0.208593 0.0348483 0.00100029 2.068e-06 0 0 0 0 0 0 0 0 0 0 0 0 0 
1 0.800653 0.51311 0.210758 0.0356675 0.00102299 7.17e-07 0 0 0 0 0 0 0 0 0 0 0 0 0 
1 0.799458 0.510966 0.208688 0.0349571 0.00099241 2.38e-07 0 0 0 0 0 0 0 0 0 0 0 0 0 
1 0.800158 0.51218 0.210046 0.0354399 0.00103834 9.08e-07 0 0 0 0 0 0 0 0 0 0 0 0 0 
1 0.800185 0.512491 0.210079 0.0353693 0.000982295 7.46e-07 0 0 0 0 0 0 0 0 0 0 0 0 0 
1 0.800937 0.513888 0.211497 0.0359695 0.00103355 1.013e-06 0 0 0 0 0 0 0 0 0 0 0 0 0 
1 0.800212 0.512551 0.210398 0.0354829 0.00099807 1.316e-06 0 0 0 0 0 0 0 0 0 0 0 0 0 
1 0.799452 0.510789 0.208346 0.0347653 0.000990191 1.269e-06 0 0 0 0 0 0 0 0 0 0 0 0 0 
1 0.800215 0.51232 0.210141 0.0353915 0.000998876 1.798e-06 0 0 0 0 0 0 0 0 0 0 0 0 0 
1 0.800467 0.512941 0.210636 0.0356533 0.00101186 1.158e-06 0 0 0 0 0 0 0 0 0 0 0 0 0 
1 0.799957 0.512062 0.21008 0.0353966 0.000990942 9.68e-07 0 0 0 0 0 0 0 0 0 0 0 0 0 
1 0.800474 0.512741 0.21051 0.035661 0.00105926 1.283e-06 0 0 0 0 0 0 0 0 0 0 0 0 0 
1 0.80009 0.512169 0.209801 0.0351897 0.000996554 1.149e-06 0 0 0 0 0 0 0 0 0 0 0 0 0 
1 0.800069 0.512146 0.209806 0.0353341 0.0010357 9.14e-07 0 0 0 0 0 0 0 0 0 0 0 0 0 
1 0.799931 0.511889 0.209764 0.0353143 0.00100508 9.92e-07 0 0 0 0 0 0 0 0 0 0 0 0 0 
1 0.800168 0.512416 0.210204 0.03549 0.00103659 2.64e-07 0 0 0 0 0 0 0 0 0 0 0 0 0 
1 0.799393 0.510932 0.208686 0.034935 0.00100539 8.42e-07 0 0 0 0 0 0 0 0 0 0 0 0 0 
1 0.800367 0.512657 0.210444 0.035482 0.00100613 5.87e-07 0 0 0 0 0 0 0 0 0 0 0 0 0 
1 0.799888 0.511499 0.209069 0.0350996 0.000997925 5.17e-07 0 0 0 0 0 0 0 0 0 0 0 0 0 
1 0.799648 0.511358 0.209059 0.0349177 0.000997706 8.54e-07 0 0 0 0 0 0 0 0 0 0 0 0 0 
1 0.799849 0.511876 0.20952 0.0352183 0.000991469 1.329e-06 0 0 0 0 0 0 0 0 0 0 0 0 0 
1 0.799828 0.511741 0.209526 0.0352239 0.000977975 1.487e-06 0 0 0 0 0 0 0 0 0 0 0 0 0 
1 0.799287 0.510264 0.208083 0.0346895 0.00101025 7.96e-07 0 0 0 0 0 0 0 0 0 0 0 0 0 
1 0.800062 0.512148 0.209963 0.0353709 0.00100551 2.18e-07 0 0 0 0 0 0 0 0 0 0 0 0 0 
1 0.800569 0.513253 0.210934 0.0357315 0.00104097 2.476e-06 0 0 0 0 0 0 0 0 0 0 0 0 0 
1 0.800395 0.513038 0.21085 0.0356984 0.00103348 9.35e-07 0 0 0 0 0 0 0 0 0 0 0 0 0 
1 0.799501 0.511024 0.208702 0.0348599 0.000998648 6.51e-07 0 0 0 0 0 0 0 0 0 0 0 0 0 
1 0.799816 0.511649 0.209349 0.0351429 0.00101282 6.93e-07 0 0 0 0 0 0 0 0 0 0 0 0 0 
1 0.799812 0.511981 0.209822 0.0352601 0.00101681 9.19e-07 0 0 0 0 0 0 0 0 0 0 0 0 0 
1 0.800541 0.513111 0.211028 0.0356983 0.00102758 9.49e-07 0 0 0 0 0 0 0 0 0 0 0 0 0 
1 0.799565 0.511029 0.209057 0.0350322 0.000986952 5.63e-07 0 0 0 0 0 0 0 0 0 0 0 0 0 
1 0.799745 0.51135 0.209353 0.0350517 0.000990919 1.008e-06 0 0 0 0 0 0 0 0 0 0 0 0 0 
1 0.799912 0.511891 0.209696 0.0352777 0.000984582 6.74e-07 0 0 0 0 0 0 0 0 0 0 0 0 0 
1 0.799898 0.511837 0.209602 0.0351555 0.000988854 1.371e-06 0 0 0 0 0 0 0 0 0 0 0 0 0 
1 0.800191 0.512458 0.210345 0.0355663 0.00103183 1.796e-06 0 0 0 0 0 0 0 0 0 0 0 0 0 
1 0.800349 0.512534 0.210193 0.0354248 0.00101787 1.321e-06 0 0 0 0 0 0 0 0 0 0 0 0 0 
1 0.799462 0.511236 0.209274 0.0352791 0.00100867 1.422e-06 0 0 0 0 0 0 0 0 0 0 0 0 0 
1 0.799336 0.511002 0.208831 0.0349668 0.00101441 7.36e-07 0 0 0 0 0 0 0 0 0 0 0 0 0 
1 0.800274 0.512594 0.210439 0.03551 0.00101359 9.55e-07 0 0 0 0 0 0 0 0 0 0 0 0 0 
1 0.800409 0.512636 0.210259 0.0353541 0.00101816 1.429e-06 0 0 0 0 0 0 0 0 0 0 0 0 0 
1 0.799958 0.511697 0.209628 0.0352026 0.00101753 1.4e-06 0 0 0 0 0 0 0 0 0 0 0 0 0 
1 0.80028 0.512649 0.21032 0.0354265 0.00101381 1.576e-06 0 0 0 0 0 0 0 0 0 0 0 0 0 
1 0.800322 0.512647 0.21026 0.0355014 0.0010048 2.7e-07 0 0 0 0 0 0 0 0 0 0 0 0 0 
1 0.800367 0.512798 0.210668 0.035684 0.001013 1.257e-06 0 0 0 0 0 0 0 0 0 0 0 0 0 
1 0.799376 0.511291 0.209083 0.0351231 0.0009911 1.272e-06 0 0 0 0 0 0 0 0 0 0 0 0 0 
1 0.799644 0.511408 0.209167 0.0350417 0.000994374 6.63e-07 0 0 0 0 0 0 0 0 0 0 0 0 0 
1 0.799816 0.511723 0.209566 0.035258 0.00099035 5.99e-07 0 0 0 0 0 0 0 0 0 0 0 0 0 
1 0.800735 0.513676 0.211675 0.0359537 0.00104134 1.341e-06 0 0 0 0 0 0 0 0 0 0 0 0 0 
1 0.800054 0.512127 0.210288 0.0353551 0.000995385 1.095e-06 0 0 0 0 0 0 0 0 0 0 0 0 0 
1 0.800222 0.512332 0.210183 0.0355748 0.00102564 1.524e-06 0 0 0 0 0 0 0 0 0 0 0 0 0 
1 0.799705 0.511246 0.209089 0.0350093 0.00100962 7.51e-07 0 0 0 0 0 0 0 0 0 0 0 0 0 
1 0.800161 0.512114 0.209959 0.0354678 0.000997551 7.62e-07 0 0 0 0 0 0 0 0 0 0 0 0 0 
1 0.799902 0.511744 0.209558 0.0352706 0.00101517 2.051e-06 0 0 0 0 0 0 0 0 0 0 0 0 0 
1 0.801055 0.514 0.211708 0.0360354 0.0010668 8.01e-07 0 0 0 0 0 0 0 0 0 0 0 0 0 
1 0.800131 0.512331 0.209901 0.0353707 0.00100629 1.385e-06 9.6e-08 0 0 0 0 0 0 0 0 0 0 0 0 
1 0.800178 0.512726 0.210618 0.0357224 0.00102214 7.39e-07 0 0 0 0 0 0 0 0 0 0 0 0 0 
1 0.799602 0.511226 0.209222 0.0351095 0.000992902 1.294e-06 0 0 0 0 0 0 0 0 0 0 0 0 0 
1 0.799915 0.511773 0.209506 0.0351979 0.00101116 1.443e-06 0 0 0 0 0 0 0 0 0 0 0 0 0 
1 0.799796 0.511757 0.20941 0.0351561 0.000980188 8.34e-07 0 0 0 0 0 0 0 0 0 0 0 0 0 
1 0.800259 0.512553 0.210284 0.0354942 0.00101977 9.09e-07 0 0 0 0 0 0 0 0 0 0 0 0 0 
1 0.799992 0.51162 0.209307 0.0350617 0.000992631 8.66e-07 0 0 0 0 0 0 0 0 0 0 0 0 0 
1 0.799873 0.511478 0.209235 0.0350479 0.00100059 1.293e-06 0 0 0 0 0 0 0 0 0 0 0 0 0 
1 0.800443 0.512853 0.210642 0.035652 0.00103676 1.549e-06 0 0 0 0 0 0 0 0 0 0 0 0 0 
1 0.800147 0.512367 0.210312 0.0356444 0.00103766 1.147e-06 0 0 0 0 0 0 0 0 0 0 0 0 0 
1 0.800438 0.512997 0.211038 0.035805 0.00101805 1.272e-06 0 0 0 0 0 0 0 0 0 0 0 0 0 
1 0.799748 0.511473 0.209415 0.0353155 0.00102906 9.25e-07 0 0 0 0 0 0 0 0 0 0 0 0 0 
1 0.800369 0.512782 0.210585 0.0356445 0.00102884 2.68e-07 0 0 0 0 0 0 0 0 0 0 0 0 0 
1 0.799995 0.512046 0.209756 0.0350998 0.00100628 7.94e-07 0 0 0 0 0 0 0 0 0 0 0 0 0 
1 0.799908 0.511855 0.209821 0.0354705 0.00100811 9.9e-07 0 0 0 0 0 0 0 0 0 0 0 0 0 
1 0.800032 0.512102 0.209861 0.0352388 0.00102441 1.126e-06 0 0 0 0 0 0 0 0 0 0 0 0 0 
1 0.79945 0.510869 0.208876 0.0349888 0.00100264 6.96e-07 0 0 0 0 0 0 0 0 0 0 0 0 0 
1 0.8004 0.5126 0.210348 0.0357385 0.00104089 1.525e-06 0 0 0 0 0 0 0 0 0 0 0 0 0 
1 0.799784 0.511815 0.209508 0.0351381 0.00100728 9.24e-07 0 0 0 0 0 0 0 0 0 0 0 0 0 
1 0.800404 0.512804 0.210628 0.0356089 0.0010179 4.51e-07 0 0 0 0 0 0 0 0 0 0 0 0 0 
1 0.799938 0.511915 0.209793 0.035275 0.00100107 9.49e-07 0 0 0 0 0 0 0 0 0 0 0 0 0 
1 0.799552 0.510946 0.208765 0.0350054 0.00101783 2.2e-06 0 0 0 0 0 0 0 0 0 0 0 0 0 
1 0.800409 0.512222 0.209769 0.0352511 0.000983998 5.21e-07 0 0 0 0 0 0 0 0 0 0 0 0 0 
1 0.799653 0.51127 0.208982 0.0351297 0.000993029 6.37e-07 0 0 0 0 0 0 0 0 0 0 0 0 0 
1 0.799653 0.511562 0.209458 0.0351405 0.000995176 6.7e-07 0 0 0 0 0 0 0 0 0 0 0 0 0 
1 0.800386 0.512789 0.210405 0.0354719 0.00100931 1.153e-06 0 0 0 0 0 0 0 0 0 0 0 0 0 
1 0.800157 0.512558 0.210625 0.0356089 0.00102003 9.74e-07 0 0 0 0 0 0 0 0 0 0 0 0 0 
1 0.800003 0.512228 0.210178 0.035456 0.0010325 9.18e-07 0 0 0 0 0 0 0 0 0 0 0 0 0 
1 0.799569 0.511285 0.209025 0.0349202 0.000996502 7.94e-07 0 0 0 0 0 0 0 0 0 0 0 0 0 
1 0.800324 0.51262 0.210368 0.0354858 0.00104941 1.123e-06 0 0 0 0 0 0 0 0 0 0 0 0 0 
1 0.799643 0.511278 0.208827 0.0348668 0.000991898 5.68e-07 0 0 0 0 0 0 0 0 0 0 0 0 0 
1 0.799976 0.511944 0.209625 0.0353026 0.00101349 7.91e-07 0 0 0 0 0 0 0 0 0 0 0 0 0 
1 0.800629 0.513421 0.211186 0.0357394 0.00103635 1.016e-06 0 0 0 0 0 0 0 0 0 0 0 0 0 
1 0.800238 0.512504 0.210564 0.0357294 0.00102444 1.519e-06 0 0 0 0 0 0 0 0 0 0 0 0 0 
1 0.799831 0.511644 0.209565 0.0352882 0.00102724 1.149e-06 0 0 0 0 0 0 0 0 0 0 0 0 0 
1 0.799624 0.511479 0.209574 0.0353345 0.00100551 6.35e-07 0 0 0 0 0 0 0 0 0 0 0 0 0 
1 0.799832 0.511703 0.209607 0.0352081 0.00100491 1.026e-06 0 0 0 0 0 0 0 0 0 0 0 0 0 
1 0.799355 0.511028 0.209282 0.0352841 0.00101848 2.237e-06 0 0 0 0 0 0 0 0 0 0 0 0 0 
1 0.799821 0.51158 0.20935 0.0352756 0.001015 1.48e-06 0 0 0 0 0 0 0 0 0 0 0 0 0 
1 0.799916 0.511814 0.209663 0.0352857 0.00102382 6.81e-07 0 0 0 0 0 0 0 0 0 0 0 0 0 
1 0.800038 0.512101 0.210141 0.03553 0.00102244 4.96e-07 0 0 0 0 0 0 0 0 0 0 0 0 0 
1 0.799529 0.511041 0.208917 0.034979 0.000999838 7.45e-07 0 0 0 0 0 0 0 0 0 0 0 0 0 
1 0.799885 0.511723 0.209593 0.0352479 0.00102374 1.161e-06 0 0 0 0 0 0 0 0 0 0 0 0 0 
1 0.800063 0.512104 0.210013 0.0353583 0.00102346 9.48e-07 0 0 0 0 0 0 0 0 0 0 0 0 0 
1 0.800155 0.512129 0.209782 0.0354033 0.00103457 1.214e-06 0 0 0 0 0 0 0 0 0 0 0 0 0 
1 0.800347 0.512326 0.210203 0.035511 0.00104059 9.44e-07 0 0 0 0 0 0 0 0 0 0 0 0 0 
1 0.8005 0.512651 0.210361 0.0355122 0.00102978 6.16e-07 0 0 0 0 0 0 0 0 0 0 0 0 0 
1 0.799993 0.512301 0.210162 0.0353328 0.00102706 1.607e-06 0 0 0 0 0 0 0 0 0 0 0 0 0 
1 0.800583 0.513238 0.210829 0.0356519 0.0010582 1.202e-06 0 0 0 0 0 0 0 0 0 0 0 0 0 
1 0.79983 0.511389 0.208989 0.0349973 0.00100444 6.91e-07 0 0 0 0 0 0 0 0 0 0 0 0 0 
1 0.800321 0.512599 0.21061 0.0355673 0.00103494 1.015e-06 0 0 0 0 0 0 0 0 0 0 0 0 0 
1 0.800257 0.512348 0.210274 0.0354261 0.00103002 1.345e-06 0 0 0 0 0 0 0 0 0 0 0 0 0 
1 0.800305 0.51238 0.210097 0.0354606 0.00102868 1.312e-06 0 0 0 0 0 0 0 0 0 0 0 0 0 
1 0.80023 0.512506 0.210527 0.0355238 0.0010033 1.645e-06 0 0 0 0 0 0 0 0 0 0 0 0 0 
1 0.800226 0.512521 0.209957 0.0351684 0.000999153 8.33e-07 0 0 0 0 0 0 0 0 0 0 0 0 0 
1 0.800501 0.512834 0.21064 0.0355724 0.00102901 1.136e-06 0 0 0 0 0 0 0 0 0 0 0 0 0 
1 0.799841 0.511811 0.209742 0.0353107 0.00100897 1.391e-06 0 0 0 0 0 0 0 0 0 0 0 0 0 
1 0.800123 0.512072 0.209961 0.0352724 0.00102388 1.743e-06 0 0 0 0 0 0 0 0 0 0 0 0 0 
1 0.800183 0.512378 0.210009 0.0353234 0.00101439 5.01e-07 0 0 0 0 0 0 0 0 0 0 0 0 0 
1 0.800093 0.512198 0.210024 0.0354188 0.00103432 1.26e-06 0 0 0 0 0 0 0 0 0 0 0 0 0 
1 0.79993 0.511843 0.209662 0.0352523 0.000999883 8.77e-07 0 0 0 0 0 0 0 0 0 0 0 0 0 
1 0.800391 0.513091 0.210862 0.0357451 0.00103478 1.307e-06 0 0 0 0 0 0 0 0 0 0 0 0 0 
1 0.80056 0.513211 0.211276 0.0358997 0.00104645 1.252e-06 0 0 0 0 0 0 0 0 0 0 0 0 0 
1 0.800182 0.512285 0.210061 0.0353179 0.00103138 1.141e-06 0 0 0 0 0 0 0 0 0 0 0 0 0 
1 0.800111 0.512107 0.20956 0.0350257 0.000985031 1.631e-06 0 0 0 0 0 0 0 0 0 0 0 0 0 
1 0.800071 0.512042 0.209798 0.0352226 0.000999196 7.8e-07 0 0 0 0 0 0 0 0 0 0 0 0 0 
1 0.799591 0.511054 0.208808 0.0349801 0.000990326 1.286e-06 0 0 0 0 0 0 0 0 0 0 0 0 0 
1 0.800077 0.512258 0.209978 0.0353546 0.0010158 6.42e-07 0 0 0 0 0 0 0 0 0 0 0 0 0 
1 0.800664 0.513155 0.211051 0.0357159 0.00102029 1.376e-06 0 0 0 0 0 0 0 0 0 0 0 0 0 
1 0.799666 0.511496 0.209388 0.0351237 0.00100458 6.8e-07 0 0 0 0 0 0 0 0 0 0 0 0 0 
1 0.799829 0.511776 0.209416 0.0350916 0.00100059 1.343e-06 0 0 0 0 0 0 0 0 0 0 0 0 0 
1 0.799636 0.511127 0.208864 0.034989 0.000995936 3.99e-07 0 0 0 0 0 0 0 0 0 0 0 0 0 
1 0.799978 0.511888 0.209644 0.0351704 0.00098769 9.5e-07 0 0 0 0 0 0 0 0 0 0 0 0 0 
1 0.799997 0.511885 0.209776 0.0351365 0.0010186 1.047e-06 0 0 0 0 0 0 0 0 0 0 0 0 0 
1 0.800302 0.512543 0.210282 0.0354948 0.00103028 1.472e-06 0 0 0 0 0 0 0 0 0 0 0 0 0 
1 0.799782 0.511637 0.209672 0.0353809 0.00101655 3.74e-07 0 0 0 0 0 0 0 0 0 0 0 0 0 
1 0.799891 0.511964 0.209756 0.0352337 0.00100484 1.214e-06 0 0 0 0 0 0 0 0 0 0 0 0 0 
1 0.800396 0.512668 0.210458 0.035518 0.00103103 1.131e-06 0 0 0 0 0 0 0 0 0 0 0 0 0 
1 0.800133 0.512104 0.209747 0.0352788 0.00103791 5.96e-07 0 0 0 0 0 0 0 0 0 0 0 0 0 
1 0.800393 0.512501 0.210182 0.0353983 0.000984751 6.94e-07 0 0 0 0 0 0 0 0 0 0 0 0 0 
1 0.800346 0.512417 0.209867 0.0353148 0.00101793 1.188e-06 0 0 0 0 0 0 0 0 0 0 0 0 0 
1 0.800571 0.513075 0.210731 0.0356856 0.0010388 3.14e-07 0 0 0 0 0 0 0 0 0 0 0 0 0 
1 0.799972 0.512017 0.209824 0.0353398 0.00101369 1.385e-06 0 0 0 0 0 0 0 0 0 0 0 0 0 
1 0.800126 0.511915 0.209608 0.0352047 0.00103064 1.348e-06 0 0 0 0 0 0 0 0 0 0 0 0 0 
1 0.799856 0.511635 0.209384 0.0351178 0.00103317 1.131e-06 0 0 0 0 0 0 0 0 0 0 0 0 0 
1 0.800632 0.513332 0.211341 0.0358362 0.00103831 1.625e-06 0 0 0 0 0 0 0 0 0 0 0 0 0 
1 0.800304 0.512922 0.210731 0.0357049 0.00104103 1.698e-06 0 0 0 0 0 0 0 0 0 0 0 0 0 
1 0.799228 0.510669 0.208384 0.0348157 0.000985788 8.11e-07 0 0 0 0 0 0 0 0 0 0 0 0 0 
1 0.800322 0.512814 0.210833 0.0357497 0.00104082 2.23e-07 0 0 0 0 0 0 0 0 0 0 0 0 0 
1 0.799849 0.511277 0.208912 0.0350078 0.000988081 1.13e-06 0 0 0 0 0 0 0 0 0 0 0 0 0 
1 0.800115 0.51195 0.2098 0.0353468 0.00100906 7.25e-07 0 0 0 0 0 0 0 0 0 0 0 0 0 
1 0.799972 0.511885 0.209794 0.0352798 0.00100132 4.38e-07 0 0 0 0 0 0 0 0 0 0 0 0 0 
1 0.800262 0.512582 0.210448 0.0355952 0.00105014 1.637e-06 0 0 0 0 0 0 0 0 0 0 0 0 0 
1 0.800177 0.512154 0.209574 0.035094 0.00101717 8.66e-07 0 0 0 0 0 0 0 0 0 0 0 0 0 
1 0.799991 0.512024 0.209805 0.0352515 0.00101208 6e-07 0 0 0 0 0 0 0 0 0 0 0 0 0 
1 0.799989 0.512008 0.20975 0.03527 0.00101992 1.521e-06 0 0 0 0 0 0 0 0 0 0 0 0 0 
1 0.799887 0.511815 0.209688 0.0353352 0.000974435 5.19e-07 0 0 0 0 0 0 0 0 0 0 0 0 0 
1 0.799409 0.511317 0.209131 0.0351076 0.00099358 1.125e-06 0 0 0 0 0 0 0 0 0 0 0 0 0 
1 0.799686 0.511569 0.209557 0.0351814 0.00100301 1.255e-06 0 0 0 0 0 0 0 0 0 0 0 0 0 
1 0.799608 0.511354 0.208967 0.0349875 0.0010111 4.97e-07 0 0 0 0 0 0 0 0 0 0 0 0 0 
1 0.800082 0.51214 0.209904 0.0353342 0.0010345 1.34e-06 0 0 0 0 0 0 0 0 0 0 0 0 0 
1 0.800419 0.512794 0.210438 0.0354257 0.00101302 7.85e-07 0 0 0 0 0 0 0 0 0 0 0 0 0 
1 0.799601 0.511419 0.209496 0.0351292 0.000987632 1.441e-06 0 0 0 0 0 0 0 0 0 0 0 0 0 
1 0.800024 0.511911 0.209668 0.0352707 0.000985027 1.181e-06 0 0 0 0 0 0 0 0 0 0 0 0 0 
1 0.799736 0.511405 0.209057 0.0349116 0.000976526 1.299e-06 0 0 0 0 0 0 0 0 0 0 0 0 0 
1 0.800339 0.512764 0.210478 0.0355534 0.0010199 4.89e-07 0 0 0 0 0 0 0 0 0 0 0 0 0 
1 0.799835 0.511996 0.209711 0.0352185 0.000994322 1.206e-06 0 0 0 0 0 0 0 0 0 0 0 0 0 
1 0.800234 0.512837 0.210807 0.0356098 0.00102485 1.142e-06 0 0 0 0 0 0 0 0 0 0 0 0 0 
1 0.798992 0.510308 0.20793 0.034669 0.000978458 8.59e-07 0 0 0 0 0 0 0 0 0 0 0 0 0 
1 0.799482 0.511045 0.208871 0.0349364 0.000990023 8.2e-07 0 0 0 0 0 0 0 0 0 0 0 0 0 
1 0.800022 0.51208 0.209988 0.0352706 0.00101426 4.45e-07 0 0 0 0 0 0 0 0 0 0 0 0 0 
1 0.799448 0.511094 0.209122 0.0351864 0.000997398 1.21e-06 0 0 0 0 0 0 0 0 0 0 0 0 0 
1 0.800218 0.51243 0.21026 0.035481 0.00103733 1.038e-06 0 0 0 0 0 0 0 0 0 0 0 0 0 
1 0.799631 0.511507 0.209428 0.035249 0.00100841 1.344e-06 0 0 0 0 0 0 0 0 0 0 0 0 0 
1 0.800014 0.512022 0.209703 0.035277 0.000995793 4.58e-07 0 0 0 0 0 0 0 0 0 0 0 0 0 
1 0.799846 0.511507 0.209232 0.03497 0.000982534 6.43e-07 0 0 0 0 0 0 0 0 0 0 0 0 0 
1 0.800023 0.511776 0.209748 0.0354115 0.00101813 7.59e-07 0 0 0 0 0 0 0 0 0 0 0 0 0 
1 0.800386 0.512776 0.2107 0.0356489 0.00100134 8.56e-07 0 0 0 0 0 0 0 0 0 0 0 0 0 
1 0.799615 0.511303 0.209165 0.0349895 0.000971195 1.394e-06 0 0 0 0 0 0 0 0 0 0 0 0 0 
1 0.800388 0.512956 0.210786 0.0356677 0.00104167 7.31e-07 0 0 0 0 0 0 0 0 0 0 0 0 0 
1 0.800191 0.512277 0.210082 0.0354211 0.00102309 2.169e-06 0 0 0 0 0 0 0 0 0 0 0 0 0 
1 0.800083 0.512171 0.209905 0.0353321 0.00102297 1.303e-06 0 0 0 0 0 0 0 0 0 0 0 0 0 
1 0.799738 0.511438 0.209168 0.0350563 0.00100593 6.94e-07 0 0 0 0 0 0 0 0 0 0 0 0 0 
1 0.799737 0.51156 0.209551 0.0352731 0.00100676 2.817e-06 0 0 0 0 0 0 0 0 0 0 0 0 0 
1 0.799961 0.511812 0.209338 0.0351103 0.00101343 9.1e-07 0 0 0 0 0 0 0 0 0 0 0 0 0 
1 0.799779 0.511663 0.209391 0.0351601 0.000994119 1.927e-06 0 0 0 0 0 0 0 0 0 0 0 0 0 
1 0.799185 0.510499 0.208266 0.0346972 0.000978292 8.04e-07 0 0 0 0 0 0 0 0 0 0 0 0 0 
1 0.7993 0.510737 0.208807 0.035009 0.00100298 7.48e-07 0 0 0 0 0 0 0 0 0 0 0 0 0 
1 0.800116 0.512366 0.210328 0.0354585 0.00101318 4.96e-07 0 0 0 0 0 0 0 0 0 0 0 0 0 
1 0.799875 0.511901 0.209928 0.0354236 0.00102136 6.09e-07 0 0 0 0 0 0 0 0 0 0 0 0 0 
1 0.799478 0.511092 0.209077 0.0350921 0.000993035 1.679e-06 0 0 0 0 0 0 0 0 0 0 0 0 0 
1 0.799889 0.511935 0.209792 0.0351988 0.00101115 4.86e-07 0 0 0 0 0 0 0 0 0 0 0 0 0 
1 0.800148 0.512597 0.210338 0.0355289 0.00101339 4.26e-07 0 0 0 0 0 0 0 0 0 0 0 0 0 
1 0.800246 0.512463 0.210505 0.035585 0.00101824 8.51e-07 0 0 0 0 0 0 0 0 0 0 0 0 0 
1 0.800236 0.512284 0.209883 0.0352546 0.00101008 7e-07 0 0 0 0 0 0 0 0 0 0 0 0 0 
1 0.799751 0.511358 0.209176 0.0349539 0.000991417 1.178e-06 0 0 0 0 0 0 0 0 0 0 0 0 0 
1 0.799709 0.511305 0.209055 0.0351259 0.00102157 1.189e-06 0 0 0 0 0 0 0 0 0 0 0 0 0 
1 0.79998 0.512145 0.210006 0.0352906 0.000998431 1.282e-06 0 0 0 0 0 0 0 0 0 0 0 0 0 
1 0.800118 0.512674 0.210439 0.0353771 0.00100216 8.53e-07 0 0 0 0 0 0 0 0 0 0 0 0 0 
1 0.799516 0.51095 0.208777 0.034948 0.0010149 8.74e-07 0 0 0 0 0 0 0 0 0 0 0 0 0 
1 0.800025 0.51232 0.210157 0.0353264 0.000989785 8.21e-07 0 0 0 0 0 0 0 0 0 0 0 0 0 
1 0.800047 0.512434 0.210364 0.0354627 0.0010194 7.24e-07 0 0 0 0 0 0 0 0 0 0 0 0 0 
1 0.799782 0.511837 0.209479 0.0351778 0.000995407 8.06e-07 0 0 0 0 0 0 0 0 0 0 0 0 0 
1 0.799648 0.511492 0.209254 0.0351535 0.0009968 1.7e-06 0 0 0 0 0 0 0 0 0 0 0 0 0 
1 0.799863 0.511879 0.209609 0.0351217 0.000997333 9.56e-07 0 0 0 0 0 0 0 0 0 0 0 0 0 
1 0.800177 0.512145 0.209565 0.0352025 0.00101109 7.65e-07 0 0 0 0 0 0 0 0 0 0 0 0 0 
1 0.800072 0.51207 0.209902 0.0353157 0.00100354 5.08e-07 0 0 0 0 0 0 0 0 0 0 0 0 0 
1 0.799859 0.511777 0.209803 0.0353398 0.00102198 8.26e-07 0 0 0 0 0 0 0 0 0 0 0 0 0 
1 0.800398 0.512712 0.21023 0.0354875 0.00100837 1.128e-06 0 0 0 0 0 0 0 0 0 0 0 0 0 
1 0.799413 0.511096 0.209118 0.0351121 0.00100654 1.024e-06 0 0 0 0 0 0 0 0 0 0 0 0 0 
1 0.799853 0.511717 0.209374 0.0351529 0.00100858 6.96e-07 0 0 0 0 0 0 0 0 0 0 0 0 0 
1 0.799405 0.510945 0.208751 0.0348501 0.000942992 4.54e-07 0 0 0 0 0 0 0 0 0 0 0 0 0 
1 0.800557 0.513253 0.211089 0.0357138 0.00101117 5.19e-07 0 0 0 0 0 0 0 0 0 0 0 0 0 
1 0.80014 0.5123 0.210213 0.0353557 0.00102352 1.171e-06 0 0 0 0 0 0 0 0 0 0 0 0 0 
1 0.800029 0.512217 0.209977 0.0353222 0.00101455 1.227e-06 0 0 0 0 0 0 0 0 0 0 0 0 0 
1 0.800102 0.512516 0.210314 0.035545 0.00103329 8.25e-07 0 0 0 0 0 0 0 0 0 0 0 0 0 
1 0.799317 0.51102 0.208849 0.034851 0.000989864 1.086e-06 0 0 0 0 0 0 0 0 0 0 0 0 0 
1 0.800412 0.513126 0.210818 0.035668 0.0010347 7.46e-07 0 0 0 0 0 0 0 0 0 0 0 0 0 
1 0.800164 0.512052 0.2095 0.0350661 0.00100237 3.68e-07 0 0 0 0 0 0 0 0 0 0 0 0 0 
1 0.800336 0.513066 0.211139 0.0357422 0.00103651 1.371e-06 0 0 0 0 0 0 0 0 0 0 0 0 0 
1 0.80053 0.513196 0.210848 0.0356956 0.0010315 1.249e-06 0 0 0 0 0 0 0 0 0 0 0 0 0 
1 0.799779 0.511935 0.20978 0.0354461 0.00102966 4.18e-07 0 0 0 0 0 0 0 0 0 0 0 0 0 
1 0.800564 0.512846 0.210816 0.0357052 0.00104331 2.18e-07 0 0 0 0 0 0 0 0 0 0 0 0 0 
1 0.799737 0.511518 0.20931 0.0350559 0.000994864 1.505e-06 0 0 0 0 0 0 0 0 0 0 0 0 0 
1 0.800146 0.512396 0.210334 0.0354258 0.000999672 8.88e-07 0 0 0 0 0 0 0 0 0 0 0 0 0 
1 0.799726 0.511766 0.209488 0.035183 0.000991177 6.41e-07 0 0 0 0 0 0 0 0 0 0 0 0 0 
1 0.799678 0.511466 0.209471 0.0353643 0.00103537 1.291e-06 0 0 0 0 0 0 0 0 0 0 0 0 0 
1 0.799697 0.51125 0.209176 0.0351663 0.00101861 7.25e-07 0 0 0 0 0 0 0 0 0 0 0 0 0 
1 0.800085 0.512173 0.209762 0.0352404 0.000996793 1.097e-06 0 0 0 0 0 0 0 0 0 0 0 0 0 
1 0.799863 0.511728 0.209618 0.0352543 0.00101836 2.65e-07 0 0 0 0 0 0 0 0 0 0 0 0 0 
1 0.799735 0.511314 0.209296 0.0351391 0.00102849 8.32e-07 0 0 0 0 0 0 0 0 0 0 0 0 0 
1 0.799682 0.511646 0.209524 0.0351859 0.00100218 5.61e-07 0 0 0 0 0 0 0 0 0 0 0 0 0 
1 0.800804 0.513597 0.211179 0.0358154 0.00104278 1.215e-06 0 0 0 0 0 0 0 0 0 0 0 0 0 
1 0.801021 0.514257 0.211854 0.0361131 0.00108187 9.71e-07 0 0 0 0 0 0 0 0 0 0 0 0 0 
1 0.799853 0.511804 0.209632 0.0351814 0.00100562 2.88e-07 0 0 0 0 0 0 0 0 0 0 0 0 0 
1 0.799858 0.511861 0.209864 0.0353779 0.0010206 1.277e-06 0 0 0 0 0 0 0 0 0 0 0 0 0 
1 0.799969 0.511708 0.20951 0.0352797 0.00102016 8.27e-07 0 0 0 0 0 0 0 0 0 0 0 0 0 
1 0.799932 0.511847 0.209856 0.0353309 0.00100822 7.26e-07 0 0 0 0 0 0 0 0 0 0 0 0 0 
1 0.800608 0.513241 0.210867 0.035701 0.00104407 8.31e-07 0 0 0 0 0 0 0 0 0 0 0 0 0 
1 0.79963 0.511285 0.208929 0.0349474 0.000989411 1.387e-06 0 0 0 0 0 0 0 0 0 0 0 0 0 
1 0.79929 0.510568 0.208378 0.034716 0.000956702 1.032e-06 0 0 0 0 0 0 0 0 0 0 0 0 0 
1 0.800824 0.513365 0.210831 0.0355291 0.00100586 3.41e-07 0 0 0 0 0 0 0 0 0 0 0 0 0 
1 0.800328 0.512679 0.210791 0.0356971 0.00104312 9.31e-07 0 0 0 0 0 0 0 0 0 0 0 0 0 
1 0.799855 0.511906 0.2098 0.0352119 0.000989337 2.29e-07 0 0 0 0 0 0 0 0 0 0 0 0 0 
1 0.800549 0.513013 0.210686 0.0355669 0.00101471 1.304e-06 0 0 0 0 0 0 0 0 0 0 0 0 0 
1 0.799905 0.51194 0.209912 0.0354095 0.00101698 1.392e-06 0 0 0 0 0 0 0 0 0 0 0 0 0 
1 0.799898 0.512009 0.209644 0.035021 0.00100039 1.376e-06 0 0 0 0 0 0 0 0 0 0 0 0 0 
1 0.79967 0.511321 0.209037 0.0349441 0.00100078 1.088e-06 0 0 0 0 0 0 0 0 0 0 0 0 0 
1 0.799895 0.511734 0.209513 0.0352124 0.00101193 3.97e-07 0 0 0 0 0 0 0 0 0 0 0 0 0 
1 0.800126 0.51228 0.210217 0.0355034 0.00102175 1.1e-06 0 0 0 0 0 0 0 0 0 0 0 0 0 
1 0.800307 0.512602 0.210135 0.0353958 0.000997741 6.19e-07 0 0 0 0 0 0 0 0 0 0 0 0 0 
1 0.799621 0.511275 0.20926 0.0350782 0.00100578 5.53e-07 0 0 0 0 0 0 0 0 0 0 0 0 0 
1 0.800143 0.512378 0.21019 0.035413 0.00103873 1.388e-06 0 0 0 0 0 0 0 0 0 0 0 0 0 
1 0.800128 0.512388 0.209883 0.0352891 0.0010054 8.93e-07 0 0 0 0 0 0 0 0 0 0 0 0 0 
1 0.799971 0.511934 0.209765 0.0353131 0.00100122 1.413e-06 0 0 0 0 0 0 0 0 0 0 0 0 0 
1 0.80016 0.512325 0.210101 0.0354497 0.00101821 1.305e-06 0 0 0 0 0 0 0 0 0 0 0 0 0 
1 0.800468 0.512815 0.210548 0.0354792 0.00100952 1.309e-06 0 0 0 0 0 0 0 0 0 0 0 0 0 
1 0.800464 0.513078 0.210911 0.035685 0.00102125 9.49e-07 0 0 0 0 0 0 0 0 0 0 0 0 0 
1 0.800019 0.512004 0.209764 0.03529 0.000993754 4.22e-07 0 0 0 0 0 0 0 0 0 0 0 0 0 
1 0.800523 0.513014 0.210763 0.035662 0.00104299 7.68e-07 0 0 0 0 0 0 0 0 0 0 0 0 0 
1 0.800455 0.513201 0.211133 0.035812 0.00105498 1.436e-06 0 0 0 0 0 0 0 0 0 0 0 0 0 
1 0.800404 0.512897 0.210776 0.0355748 0.00100481 1.283e-06 0 0 0 0 0 0 0 0 0 0 0 0 0 
1 0.800139 0.512321 0.210102 0.0353864 0.00101693 2.123e-06 0 0 0 0 0 0 0 0 0 0 0 0 0 
1 0.800009 0.512293 0.210207 0.0354741 0.00103729 5.21e-07 0 0 0 0 0 0 0 0 0 0 0 0 0 
1 0.800356 0.512686 0.210218 0.035259 0.00101075 1.827e-06 0 0 0 0 0 0 0 0 0 0 0 0 0 
1 0.80007 0.511811 0.209295 0.0351354 0.000992706 8.85e-07 0 0 0 0 0 0 0 0 0 0 0 0 0 
1 0.799616 0.511261 0.208937 0.035033 0.000996639 7.92e-07 0 0 0 0 0 0 0 0 0 0 0 0 0 
1 0.800188 0.512482 0.210186 0.0354525 0.00101387 6.49e-07 0 0 0 0 0 0 0 0 0 0 0 0 0 
1 0.799168 0.510669 0.208514 0.0348319 0.00100813 1.188e-06 0 0 0 0 0 0 0 0 0 0 0 0 0 
1 0.799761 0.511808 0.209572 0.035327 0.00103937 2.012e-06 0 0 0 0 0 0 0 0 0 0 0 0 0 
1 0.800333 0.512822 0.210748 0.0356168 0.00105015 1.44e-06 0 0 0 0 0 0 0 0 0 0 0 0 0 
1 0.799894 0.511832 0.209644 0.0352441 0.00101255 9.55e-07 0 0 0 0 0 0 0 0 0 0 0 0 0 
1 0.799824 0.511449 0.209249 0.0350796 0.00100472 7.8e-07 0 0 0 0 0 0 0 0 0 0 0 0 0 
1 0.799686 0.511264 0.209013 0.0350452 0.000962963 1.21e-06 0 0 0 0 0 0 0 0 0 0 0 0 0 
1 0.79923 0.510446 0.208452 0.0349383 0.000991689 7.35e-07 0 0 0 0 0 0 0 0 0 0 0 0 0 
1 0.799724 0.511339 0.209063 0.0351068 0.000993156 2.196e-06 0 0 0 0 0 0 0 0 0 0 0 0 0 
1 0.800613 0.513189 0.210965 0.0355651 0.00102794 9.07e-07 0 0 0 0 0 0 0 0 0 0 0 0 0 
1 0.799653 0.511475 0.209058 0.0349884 0.000991265 3.25e-07 0 0 0 0 0 0 0 0 0 0 0 0 0 
1 0.800402 0.513106 0.210728 0.0356142 0.00102333 1.146e-06 0 0 0 0 0 0 0 0 0 0 0 0 0 
1 0.799888 0.511834 0.209613 0.0353071 0.00103066 2.082e-06 0 0 0 0 0 0 0 0 0 0 0 0 0 
1 0.800032 0.512111 0.209874 0.0354904 0.00103628 4.29e-07 0 0 0 0 0 0 0 0 0 0 0 0 0 
1 0.800748 0.513622 0.211058 0.0357111 0.00102514 1.665e-06 0 0 0 0 0 0 0 0 0 0 0 0 0 
1 0.799659 0.511529 0.209522 0.0351377 0.000995268 1.201e-06 0 0 0 0 0 0 0 0 0 0 0 0 0 
1 0.800074 0.512268 0.210277 0.0356233 0.0010062 8.03e-07 0 0 0 0 0 0 0 0 0 0 0 0 0 
1 0.799644 0.511084 0.208931 0.0350665 0.00102122 1.274e-06 0 0 0 0 0 0 0 0 0 0 0 0 0 
1 0.800024 0.512175 0.210176 0.0354472 0.00103455 5.53e-07 0 0 0 0 0 0 0 0 0 0 0 0 0 
1 0.799618 0.511297 0.209295 0.035068 0.000993952 1.015e-06 0 0 0 0 0 0 0 0 0 0 0 0 0 
1 0.800444 0.51256 0.21014 0.0354038 0.0010096 7.85e-07 0 0 0 0 0 0 0 0 0 0 0 0 0 
1 0.799917 0.511995 0.209675 0.0351713 0.000994585 2.15e-07 0 0 0 0 0 0 0 0 0 0 0 0 0 
1 0.799169 0.510508 0.208556 0.0348803 0.000994731 1.091e-06 0 0 0 0 0 0 0 0 0 0 0 0 0 
1 0.799777 0.511727 0.209621 0.0351272 0.000976204 1.003e-06 0 0 0 0 0 0 0 0 0 0 0 0 0 
1 0.799286 0.510521 0.208263 0.0346723 0.000962218 2.96e-07 0 0 0 0 0 0 0 0 0 0 0 0 0 
1 0.79969 0.51144 0.209112 0.0351009 0.00100535 1.274e-06 0 0 0 0 0 0 0 0 0 0 0 0 0 
1 0.799933 0.511987 0.209712 0.035299 0.000995994 9.74e-07 0 0 0 0 0 0 0 0 0 0 0 0 0 
1 0.800399 0.512823 0.210701 0.0356441 0.00102516 1.355e-06 0 0 0 0 0 0 0 0 0 0 0 0 0 
1 0.800503 0.513011 0.210589 0.0355107 0.000997553 8.47e-07 0 0 0 0 0 0 0 0 0 0 0 0 0 
1 0.799983 0.511806 0.209772 0.0352134 0.000990875 1.066e-06 0 0 0 0 0 0 0 0 0 0 0 0 0 
1 0.800228 0.513028 0.21096 0.0357662 0.00105205 8.74e-07 0 0 0 0 0 0 0 0 0 0 0 0 0 
1 0.799325 0.510492 0.208382 0.0348286 0.000965885 8.97e-07 0 0 0 0 0 0 0 0 0 0 0 0 0 
1 0.800001 0.511701 0.209494 0.035208 0.00100587 9.83e-07 0 0 0 0 0 0 0 0 0 0 0 0 0 
1 0.800009 0.512111 0.210064 0.0353695 0.000988519 1.477e-06 0 0 0 0 0 0 0 0 0 0 0 0 0 
1 0.80015 0.512393 0.21014 0.035544 0.00103928 1.205e-06 0 0 0 0 0 0 0 0 0 0 0 0 0 
1 0.799943 0.511973 0.209926 0.0353509 0.00100503 9.43e-07 0 0 0 0 0 0 0 0 0 0 0 0 0 
1 0.799434 0.51091 0.208627 0.0349218 0.000969761 1.09e-06 0 0 0 0 0 0 0 0 0 0 0 0 0 
1 0.799695 0.511585 0.20951 0.0351699 0.00101198 9.16e-07 0 0 0 0 0 0 0 0 0 0 0 0 0 
1 0.800032 0.51212 0.209725 0.0353476 0.00101871 1.156e-06 0 0 0 0 0 0 0 0 0 0 0 0 0 
1 0.800312 0.512629 0.210296 0.0353425 0.00102258 1.004e-06 0 0 0 0 0 0 0 0 0 0 0 0 0 
1 0.799868 0.511758 0.209696 0.0351876 0.00101948 1.094e-06 0 0 0 0 0 0 0 0 0 0 0 0 0 
1 0.800137 0.51226 0.20988 0.0353522 0.00100468 1.514e-06 0 0 0 0 0 0 0 0 0 0 0 0 0 
1 0.799655 0.511051 0.208818 0.0348088 0.000966717 9.78e-07 0 0 0 0 0 0 0 0 0 0 0 0 0 
1 0.800553 0.512913 0.21061 0.0354981 0.00103944 1.013e-06 0 0 0 0 0 0 0 0 0 0 0 0 0 
1 0.800038 0.512032 0.209868 0.0353784 0.00100042 6.93e-07 0 0 0 0 0 0 0 0 0 0 0 0 0 
1 0.799961 0.512021 0.209838 0.0352822 0.001013 1.669e-06 0 0 0 0 0 0 0 0 0 0 0 0 0 
1 0.799648 0.511295 0.209084 0.035085 0.000999334 8.01e-07 0 0 0 0 0 0 0 0 0 0 0 0 0 
1 0.800182 0.512408 0.210214 0.0354383 0.0010232 1.734e-06 0 0 0 0 0 0 0 0 0 0 0 0 0 
1 0.800657 0.513333 0.210979 0.0357028 0.00102469 7.71e-07 0 0 0 0 0 0 0 0 0 0 0 0 0 
1 0.79973 0.511862 0.209796 0.0352701 0.00101476 8.4e-07 0 0 0 0 0 0 0 0 0 0 0 0 0 
1 0.799731 0.511485 0.209412 0.0352103 0.000988693 4.01e-07 0 0 0 0 0 0 0 0 0 0 0 0 0 
1 0.799559 0.511019 0.208694 0.0347971 0.000975097 9.72e-07 0 0 0 0 0 0 0 0 0 0 0 0 0 
1 0.799539 0.511088 0.208804 0.0348937 0.00100436 1.889e-06 0 0 0 0 0 0 0 0 0 0 0 0 0 
1 0.799665 0.511467 0.209398 0.0353401 0.00101105 8.68e-07 0 0 0 0 0 0 0 0 0 0 0 0 0 
1 0.800393 0.512963 0.210724 0.0355883 0.00104736 1.42e-06 0 0 0 0 0 0 0 0 0 0 0 0 0 
1 0.79951 0.511192 0.209104 0.0350297 0.00100405 7.35e-07 0 0 0 0 0 0 0 0 0 0 0 0 0 
1 0.800922 0.51363 0.211389 0.0358975 0.00105968 1.272e-06 0 0 0 0 0 0 0 0 0 0 0 0 0 
1 0.799502 0.511328 0.209363 0.0350527 0.000984539 8.88e-07 0 0 0 0 0 0 0 0 0 0 0 0 0 
1 0.80068 0.513269 0.210998 0.035775 0.00102086 1.568e-06 0 0 0 0 0 0 0 0 0 0 0 0 0 
1 0.799821 0.51191 0.209727 0.0351495 0.00101409 1.286e-06 0 0 0 0 0 0 0 0 0 0 0 0 0 
1 0.799909 0.511595 0.20918 0.0348989 0.000958152 3.88e-07 0 0 0 0 0 0 0 0 0 0 0 0 0 
1 0.800196 0.512336 0.210118 0.0354234 0.0010138 1.46e-06 0 0 0 0 0 0 0 0 0 0 0 0 0 
1 0.799939 0.511976 0.209762 0.0353949 0.00101809 8.02e-07 0 0 0 0 0 0 0 0 0 0 0 0 0 
1 0.800233 0.512523 0.210228 0.0354602 0.00102156 4.3e-07 0 0 0 0 0 0 0 0 0 0 0 0 0 
1 0.800112 0.512022 0.209999 0.0354601 0.00103035 5.16e-07 0 0 0 0 0 0 0 0 0 0 0 0 0 
1 0.799606 0.511181 0.209094 0.0349609 0.000988585 1.091e-06 0 0 0 0 0 0 0 0 0 0 0 0 0 
1 0.80036 0.512644 0.21032 0.0354981 0.00102727 1.1e-06 0 0 0 0 0 0 0 0 0 0 0 0 0 
1 0.800549 0.513156 0.210979 0.0357732 0.00104839 1.281e-06 0 0 0 0 0 0 0 0 0 0 0 0 0 
1 0.800361 0.512655 0.210405 0.0355749 0.00102286 1.295e-06 0 0 0 0 0 0 0 0 0 0 0 0 0 
1 0.79959 0.511163 0.208842 0.0349517 0.000983589 1.24e-06 0 0 0 0 0 0 0 0 0 0 0 0 0 
1 0.799899 0.512066 0.209758 0.0352939 0.000975894 9.85e-07 0 0 0 0 0 0 0 0 0 0 0 0 0 
1 0.799965 0.512042 0.209883 0.0352857 0.00101297 3.21e-07 0 0 0 0 0 0 0 0 0 0 0 0 0 
1 0.800469 0.512947 0.210836 0.0357517 0.00104259 4.08e-07 0 0 0 0 0 0 0 0 0 0 0 0 0 
1 0.799923 0.511667 0.209295 0.0350929 0.00102108 9.52e-07 0 0 0 0 0 0 0 0 0 0 0 0 0 
1 0.799962 0.511937 0.209612 0.035154 0.00100869 5.2e-07 0 0 0 0 0 0 0 0 0 0 0 0 0 
1 0.800174 0.51235 0.210264 0.0354827 0.00102671 6.88e-07 0 0 0 0 0 0 0 0 0 0 0 0 0 
1 0.800224 0.512104 0.209452 0.0350579 0.00101502 1.661e-06 0 0 0 0 0 0 0 0 0 0 0 0 0 
1 0.799957 0.512116 0.209867 0.0354305 0.00102825 1.478e-06 0 0 0 0 0 0 0 0 0 0 0 0 0 
1 0.800011 0.511807 0.209513 0.0353079 0.00100403 8.37e-07 0 0 0 0 0 0 0 0 0 0 0 0 0 
1 0.799237 0.510837 0.208893 0.0350368 0.000989777 4.6e-07 0 0 0 0 0 0 0 0 0 0 0 0 0 
1 0.799663 0.511371 0.209264 0.0350983 0.000993858 1.512e-06 0 0 0 0 0 0 0 0 0 0 0 0 0 
1 0.800489 0.512978 0.211208 0.0358458 0.00103942 1.154e-06 0 0 0 0 0 0 0 0 0 0 0 0 0 
1 0.800536 0.512767 0.210268 0.0353216 0.00102197 7.24e-07 0 0 0 0 0 0 0 0 0 0 0 0 0 
1 0.800293 0.512711 0.210207 0.0355284 0.00100253 9.86e-07 0 0 0 0 0 0 0 0 0 0 0 0 0 
1 0.800409 0.513044 0.210796 0.0356932 0.0010303 8.84e-07 0 0 0 0 0 0 0 0 0 0 0 0 0 
1 0.799356 0.510899 0.208728 0.0349272 0.000994806 7.16e-07 0 0 0 0 0 0 0 0 0 0 0 0 0 
1 0.79982 0.511496 0.20923 0.0349828 0.000995047 6.73e-07 0 0 0 0 0 0 0 0 0 0 0 0 0 
1 0.799915 0.511856 0.209607 0.0351838 0.00102476 1.25e-06 0 0 0 0 0 0 0 0 0 0 0 0 0 
1 0.799634 0.511271 0.209033 0.0350009 0.000997326 1.238e-06 0 0 0 0 0 0 0 0 0 0 0 0 0 
1 0.800046 0.512241 0.210362 0.0355537 0.00102176 9.74e-07 0 0 0 0 0 0 0 0 0 0 0 0 0 
1 0.800625 0.513532 0.211519 0.0360257 0.00105043 1.412e-06 0 0 0 0 0 0 0 0 0 0 0 0 0 
1 0.800549 0.513245 0.210848 0.0356053 0.0010382 7.31e-07 0 0 0 0 0 0 0 0 0 0 0 0 0 
1 0.80027 0.512412 0.210427 0.0356057 0.00102182 1.159e-06 0 0 0 0 0 0 0 0 0 0 0 0 0 
1 0.801009 0.514228 0.211968 0.0361319 0.00105953 8.19e-07 0 0 0 0 0 0 0 0 0 0 0 0 0 
1 0.800469 0.512749 0.21053 0.0356339 0.0010284 3.43e-07 0 0 0 0 0 0 0 0 0 0 0 0 0 
1 0.800679 0.513181 0.210588 0.0355159 0.0010224 5.6e-07 0 0 0 0 0 0 0 0 0 0 0 0 0 
1 0.800335 0.512727 0.2106 0.035573 0.00101761 1.996e-06 0 0 0 0 0 0 0 0 0 0 0 0 0 
1 0.800075 0.512264 0.210042 0.0355415 0.00104033 9.69e-07 0 0 0 0 0 0 0 0 0 0 0 0 0 
1 0.799652 0.511168 0.208928 0.0350773 0.00100178 9.12e-07 0 0 0 0 0 0 0 0 0 0 0 0 0 
1 0.799892 0.512112 0.209973 0.0354527 0.000984423 1.216e-06 0 0 0 0 0 0 0 0 0 0 0 0 0 
1 0.800122 0.512302 0.210162 0.0355156 0.00103866 1.279e-06 0 0 0 0 0 0 0 0 0 0 0 0 0 
1 0.800239 0.512437 0.21026 0.0354708 0.00103241 1.12e-06 0 0 0 0 0 0 0 0 0 0 0 0 0 
1 0.799885 0.512418 0.21017 0.0354294 0.000980306 1.56e-06 0 0 0 0 0 0 0 0 0 0 0 0 0 
1 0.799519 0.510879 0.209034 0.0351132 0.000998411 1.727e-06 0 0 0 0 0 0 0 0 0 0 0 0 0 
1 0.800175 0.512497 0.21028 0.0355259 0.00102212 1.191e-06 0 0 0 0 0 0 0 0 0 0 0 0 0 
1 0.80014 0.51236 0.210356 0.0356655 0.00102812 8.23e-07 0 0 0 0 0 0 0 0 0 0 0 0 0 
1 0.799977 0.51209 0.209662 0.0351227 0.000984564 4.76e-07 0 0 0 0 0 0 0 0 0 0 0 0 0 
1 0.799856 0.51164 0.209473 0.0352988 0.0010138 1.79e-06 0 0 0 0 0 0 0 0 0 0 0 0 0 
1 0.80019 0.512138 0.209941 0.0353554 0.00101233 2.104e-06 0 0 0 0 0 0 0 0 0 0 0 0 0 
1 0.800286 0.512607 0.210464 0.0354378 0.00100733 9.26e-07 0 0 0 0 0 0 0 0 0 0 0 0 0 
1 0.799935 0.511952 0.209799 0.035349 0.0010072 7.44e-07 0 0 0 0 0 0 0 0 0 0 0 0 0 
1 0.800245 0.512438 0.210102 0.035437 0.00102311 7.16e-07 0 0 0 0 0 0 0 0 0 0 0 0 0 
1 0.800232 0.512729 0.210725 0.0356702 0.00104143 6.21e-07 0 0 0 0 0 0 0 0 0 0 0 0 0 
1 0.799975 0.511962 0.209726 0.0353301 0.000995227 3.41e-07 0 0 0 0 0 0 0 0 0 0 0 0 0 
1 0.80002 0.512213 0.209967 0.0353617 0.000993406 1.207e-06 0 0 0 0 0 0 0 0 0 0 0 0 0 
1 0.799966 0.511833 0.209688 0.0351844 0.00100153 1.084e-06 0 0 0 0 0 0 0 0 0 0 0 0 0 
1 0.800465 0.513053 0.21087 0.0356628 0.00101709 1.84e-06 0 0 0 0 0 0 0 0 0 0 0 0 0 
1 0.799941 0.512036 0.209787 0.0354496 0.0010509 1.065e-06 0 0 0 0 0 0 0 0 0 0 0 0 0 
1 0.799276 0.510169 0.208091 0.0347522 0.000976717 5.03e-07 0 0 0 0 0 0 0 0 0 0 0 0 0 
1 0.799657 0.511091 0.208839 0.0349936 0.00100634 2.248e-06 0 0 0 0 0 0 0 0 0 0 0 0 0 
1 0.800144 0.511992 0.209921 0.0353321 0.00101434 5.31e-07 0 0 0 0 0 0 0 0 0 0 0 0 0 
1 0.799391 0.510667 0.208485 0.0348158 0.00100116 1.185e-06 0 0 0 0 0 0 0 0 0 0 0 0 0 
1 0.800325 0.512923 0.210713 0.0355639 0.00103703 1.092e-06 0 0 0 0 0 0 0 0 0 0 0 0 0 
1 0.800136 0.512602 0.210408 0.0354788 0.00101782 2.94e-07 0 0 0 0 0 0 0 0 0 0 0 0 0 
1 0.80002 0.511979 0.210019 0.0352576 0.00101946 8.83e-07 0 0 0 0 0 0 0 0 0 0 0 0 0 
1 0.800228 0.512137 0.209983 0.0353011 0.00101347 7.33e-07 0 0 0 0 0 0 0 0 0 0 0 0 0 
1 0.800332 0.512799 0.210513 0.035637 0.00102066 1.142e-06 0 0 0 0 0 0 0 0 0 0 0 0 0 
1 0.799981 0.512239 0.210155 0.0353123 0.00101577 1.12e-06 0 0 0 0 0 0 0 0 0 0 0 0 0 
1 0.800138 0.51221 0.209872 0.0352713 0.00099041 2.13e-06 0 0 0 0 0 0 0 0 0 0 0 0 0 
1 0.800271 0.512491 0.210421 0.0355148 0.00102371 1.76e-06 0 0 0 0 0 0 0 0 0 0 0 0 0 
1 0.800331 0.512498 0.210438 0.0356854 0.00103597 4.25e-07 0 0 0 0 0 0 0 0 0 0 0 0 0 
1 0.799529 0.51128 0.209058 0.0351037 0.00102385 8.14e-07 0 0 0 0 0 0 0 0 0 0 0 0 0 
1 0.799913 0.511705 0.209442 0.0351596 0.000986438 4.37e-07 0 0 0 0 0 0 0 0 0 0 0 0 0 
1 0.800062 0.512031 0.209762 0.035264 0.00100471 6.95e-07 0 0 0 0 0 0 0 0 0 0 0 0 0 
1 0.800151 0.512407 0.210213 0.0354951 0.00103799 7.13e-07 0 0 0 0 0 0 0 0 0 0 0 0 0 
1 0.7998 0.511779 0.209618 0.0353463 0.00101309 1.084e-06 0 0 0 0 0 0 0 0 0 0 0 0 0 
1 0.800493 0.513072 0.210927 0.0356762 0.00105424 1.552e-06 0 0 0 0 0 0 0 0 0 0 0 0 0 
1 0.800564 0.512893 0.210697 0.0355413 0.00100684 7.17e-07 0 0 0 0 0 0 0 0 0 0 0 0 0 
1 0.799905 0.512021 0.209838 0.0353121 0.00102468 1.11e-06 0 0 0 0 0 0 0 0 0 0 0 0 0 
1 0.799974 0.511921 0.209658 0.0352773 0.00100411 7.75e-07 0 0 0 0 0 0 0 0 0 0 0 0 0 
1 0.800289 0.512663 0.210373 0.0354452 0.00102138 1.564e-06 0 0 0 0 0 0 0 0 0 0 0 0 0 
1 0.800352 0.513083 0.210792 0.0356488 0.00101863 1.105e-06 0 0 0 0 0 0 0 0 0 0 0 0 0 
1 0.800719 0.513419 0.211325 0.0358583 0.00104014 1.547e-06 0 0 0 0 0 0 0 0 0 0 0 0 0 
1 0.79976 0.511429 0.209367 0.0351438 0.000988056 1.395e-06 0 0 0 0 0 0 0 0 0 0 0 0 0 
1 0.800276 0.512462 0.210334 0.0355099 0.00103022 1.81e-06 0 0 0 0 0 0 0 0 0 0 0 0 0 
1 0.799802 0.511707 0.209348 0.0350813 0.00100882 1.235e-06 0 0 0 0 0 0 0 0 0 0 0 0 0 
1 0.79986 0.51156 0.209279 0.0350474 0.000966783 4.43e-07 0 0 0 0 0 0 0 0 0 0 0 0 0 
1 0.800061 0.512074 0.209974 0.0353267 0.000988855 8.99e-07 0 0 0 0 0 0 0 0 0 0 0 0 0 
1 0.800448 0.512595 0.210377 0.035531 0.00103874 5.94e-07 0 0 0 0 0 0 0 0 0 0 0 0 0 
1 0.800494 0.512752 0.210583 0.0354993 0.00100678 5.82e-07 0 0 0 0 0 0 0 0 0 0 0 0 0 
1 0.799819 0.511953 0.209784 0.0353154 0.000996499 1.136e-06 0 0 0 0 0 0 0 0 0 0 0 0 0 
1 0.800514 0.512954 0.210716 0.0355542 0.00102498 9.26e-07 0 0 0 0 0 0 0 0 0 0 0 0 0 
1 0.800471 0.513068 0.210818 0.0356743 0.00105338 1.181e-06 0 0 0 0 0 0 0 0 0 0 0 0 0 
1 0.800689 0.513188 0.210851 0.0356717 0.00104504 1.428e-06 0 0 0 0 0 0 0 0 0 0 0 0 0 
1 0.799736 0.511359 0.209211 0.0350289 0.000983097 4.59e-07 0 0 0 0 0 0 0 0 0 0 0 0 0 
1 0.799751 0.511803 0.209929 0.035322 0.00100684 1.71e-07 0 0 0 0 0 0 0 0 0 0 0 0 0 
1 0.799571 0.511149 0.208957 0.0349634 0.00100601 1.554e-06 0 0 0 0 0 0 0 0 0 0 0 0 0 
1 0.800276 0.512579 0.210499 0.0356862 0.00106603 6.08e-07 0 0 0 0 0 0 0 0 0 0 0 0 0 
1 0.799029 0.509786 0.207586 0.0344996 0.000978774 1.989e-06 0 0 0 0 0 0 0 0 0 0 0 0 0 
1 0.799847 0.511924 0.209439 0.035054 0.00100898 3.94e-07 0 0 0 0 0 0 0 0 0 0 0 0 0 
1 0.799917 0.511805 0.209387 0.035154 0.000983987 2.75e-07 0 0 0 0 0 0 0 0 0 0 0 0 0 
1 0.799598 0.511141 0.208932 0.034972 0.000965699 5.66e-07 0 0 0 0 0 0 0 0 0 0 0 0 0 
1 0.799629 0.5112 0.2091 0.0351372 0.000996083 6.85e-07 0 0 0 0 0 0 0 0 0 0 0 0 0 
1 0.800255 0.512702 0.210177 0.0353193 0.00100962 1.207e-06 0 0 0 0 0 0 0 0 0 0 0 0 0 
1 0.800421 0.512665 0.21034 0.0353968 0.000998246 6.87e-07 0 0 0 0 0 0 0 0 0 0 0 0 0 
1 0.800755 0.513729 0.21135 0.0358489 0.00104399 5.38e-07 0 0 0 0 0 0 0 0 0 0 0 0 0 
1 0.799947 0.51161 0.209403 0.0351244 0.000990123 6.72e-07 0 0 0 0 0 0 0 0 0 0 0 0 0 
1 0.80012 0.512577 0.210352 0.0355948 0.00103208 1.523e-06 0 0 0 0 0 0 0 0 0 0 0 0 0 
1 0.800172 0.512289 0.209948 0.0353912 0.00101291 2.98e-07 0 0 0 0 0 0 0 0 0 0 0 0 0 
1 0.800429 0.513023 0.210943 0.0356915 0.00102295 1.062e-06 0 0 0 0 0 0 0 0 0 0 0 0 0 
1 0.799249 0.510537 0.208256 0.034597 0.000956787 8.04e-07 0 0 0 0 0 0 0 0 0 0 0 0 0 
1 0.800171 0.512396 0.210467 0.0355952 0.00102546 1.132e-06 0 0 0 0 0 0 0 0 0 0 0 0 0 
1 0.800217 0.512689 0.210284 0.0354211 0.00104168 1.428e-06 0 0 0 0 0 0 0 0 0 0 0 0 0 
1 0.799881 0.511993 0.209945 0.0353406 0.00100251 6.56e-07 0 0 0 0 0 0 0 0 0 0 0 0 0 
1 0.799816 0.511888 0.209832 0.0352968 0.00101026 9.88e-07 0 0 0 0 0 0 0 0 0 0 0 0 0 
1 0.799794 0.511944 0.209956 0.0352087 0.00100796 1.659e-06 0 0 0 0 0 0 0 0 0 0 0 0 0 
1 0.799988 0.511739 0.209307 0.0350009 0.000985748 1.069e-06 0 0 0 0 0 0 0 0 0 0 0 0 0 
1 0.79986 0.51186 0.20948 0.0351008 0.00100206 8.99e-07 0 0 0 0 0 0 0 0 0 0 0 0 0 
1 0.800201 0.512295 0.210133 0.0355961 0.00103944 1.428e-06 0 0 0 0 0 0 0 0 0 0 0 0 0 
1 0.799306 0.510476 0.208453 0.0348484 0.00098299 1.089e-06 0 0 0 0 0 0 0 0 0 0 0 0 0 
1 0.799467 0.510973 0.208977 0.0351445 0.000999289 6.91e-07 0 0 0 0 0 0 0 0 0 0 0 0 0 
1 0.800569 0.512945 0.210581 0.0356273 0.00103177 1.553e-06 0 0 0 0 0 0 0 0 0 0 0 0 0 
1 0.800113 0.512215 0.210013 0.0352233 0.000980601 1.41e-06 0 0 0 0 0 0 0 0 0 0 0 0 0 
1 0.80016 0.51204 0.209639 0.0352846 0.00100246 3.45e-07 0 0 0 0 0 0 0 0 0 0 0 0 0 
1 0.799924 0.512166 0.210046 0.0354218 0.00101943 1.115e-06 0 0 0 0 0 0 0 0 0 0 0 0 0 
1 0.800099 0.512346 0.210084 0.0354115 0.00101714 1.202e-06 0 0 0 0 0 0 0 0 0 0 0 0 0 
1 0.799716 0.511463 0.209462 0.0351835 0.000992947 1.474e-06 0 0 0 0 0 0 0 0 0 0 0 0 0 
1 0.800116 0.512222 0.209918 0.0353877 0.00102971 2.039e-
