1 0.85082 0.64451 0.42764 0.25201 0.13447 0.06829 0.03305 0.01592 0.00722 0.00319 0.00135 0.00057 0.00017 2e-05 0 0 0 0 0 
1 0.84964 0.64488 0.42968 0.25563 0.13902 0.06986 0.0339 0.01585 0.00728 0.00336 0.00144 0.00066 0.0003 0.00011 2e-05 3.68733e-17 0 0 0 
1 0.8493 0.64319 0.42842 0.25411 0.13693 0.06894 0.03306 0.01537 0.00669 0.00323 0.00131 0.00061 0.00038 0.00021 0.00013 4e-05 1e-05 0 0 
1 0.84928 0.64332 0.42846 0.25124 0.13379 0.06662 0.0313 0.01449 0.0063 0.00267 0.00103 0.00039 0.00014 5e-05 1e-05 0 0 0 0 
1 0.85028 0.64478 0.42709 0.25239 0.13619 0.0676 0.03201 0.0147 0.00678 0.00305 0.00133 0.00061 0.00023 7e-05 1e-05 0 0 0 0 
1 0.85019 0.64454 0.42787 0.252 0.13464 0.0668 0.03235 0.01507 0.00658 0.00252 0.00116 0.0005 0.00027 7e-05 2e-05 1e-05 1e-05 0 0 
1 0.84851 0.63943 0.42135 0.24254 0.12784 0.06253 0.02948 0.01366 0.00603 0.0027 0.00114 0.00037 0.00014 3e-05 1.70169e-17 0 0 0 0 
1 0.85096 0.64988 0.43769 0.25903 0.14109 0.07253 0.03532 0.01771 0.00822 0.00373 0.00151 0.00059 0.00023 0.0001 2e-05 0 0 0 0 
1 0.8494 0.64552 0.42927 0.25326 0.13615 0.06753 0.0322 0.01462 0.00672 0.00322 0.00145 0.00079 0.00048 0.00035 0.00028 0.00021 0.00011 7e-05 2e-05 
1 0.85254 0.65076 0.43594 0.25925 0.14076 0.07188 0.03586 0.01722 0.00839 0.00437 0.00242 0.00142 0.00092 0.00064 0.00055 0.00045 0.00035 0.00027 0.0001 
1 0.84893 0.64461 0.43064 0.25362 0.13681 0.06777 0.03184 0.01449 0.00648 0.00284 0.00128 0.00058 0.00023 9e-05 3e-05 0 0 0 0 
1 0.85103 0.64714 0.43106 0.25348 0.13558 0.06794 0.03212 0.01484 0.00685 0.00278 0.00141 0.00063 0.00024 0.00013 5e-05 2e-05 0 0 0 
1 0.84995 0.64791 0.43193 0.25588 0.13884 0.07082 0.03578 0.018 0.00911 0.00462 0.0023 0.00124 0.00067 0.00045 0.00017 8e-05 1e-05 0 0 
1 0.8466 0.64008 0.4251 0.24945 0.13148 0.06458 0.0305 0.01389 0.00622 0.00282 0.00133 0.00064 0.0002 5e-05 1e-05 0 0 0 0 
1 0.85055 0.64481 0.43083 0.25363 0.13557 0.06819 0.03236 0.01462 0.00618 0.00258 0.00115 0.00049 0.00026 8e-05 5.19584e-18 0 0 0 0 
1 0.84957 0.64563 0.42873 0.25287 0.13537 0.06758 0.03265 0.01512 0.00656 0.00272 0.00117 0.00052 0.00025 5e-05 2e-05 0 0 0 0 
1 0.85173 0.64962 0.4333 0.25815 0.13937 0.07096 0.03491 0.01728 0.0085 0.00405 0.00193 0.00076 0.00033 0.00012 4e-05 0 0 0 0 
1 0.85083 0.64282 0.4291 0.25389 0.13871 0.07082 0.03476 0.01675 0.00828 0.00405 0.00202 0.00112 0.00058 0.00023 7e-05 1e-05 0 0 0 
1 0.85194 0.64696 0.43204 0.25442 0.13605 0.06756 0.03158 0.01371 0.00581 0.00243 0.00086 0.00029 6e-05 3e-05 1e-05 0 0 0 0 
1 0.85021 0.64591 0.43322 0.25706 0.139 0.07075 0.03498 0.01693 0.00795 0.00377 0.00172 0.0008 0.00041 0.00019 8e-05 1e-05 0 0 0 
1 0.84842 0.64489 0.42943 0.25392 0.13628 0.06852 0.03297 0.01528 0.00655 0.00259 0.00102 0.0004 0.00013 7e-05 1e-05 0 0 0 0 
1 0.85274 0.64985 0.43351 0.25549 0.13671 0.06755 0.03214 0.01428 0.00604 0.00273 0.00139 0.0006 0.00021 0.00015 4e-05 1e-05 1e-05 0 0 
1 0.85123 0.64875 0.4334 0.254 0.1356 0.06756 0.03212 0.01473 0.00668 0.00328 0.00149 0.00051 0.00016 2e-05 0 0 0 0 0 
1 0.84854 0.6427 0.42409 0.24738 0.13181 0.06535 0.03019 0.01396 0.00618 0.00267 0.00115 0.00043 0.00018 7e-05 2e-05 0 0 0 0 
1 0.85182 0.64884 0.43304 0.2564 0.13776 0.0696 0.03367 0.01579 0.00711 0.00276 0.00105 0.00038 0.00017 4e-05 0 0 0 0 0 
1 0.84894 0.6463 0.43216 0.25874 0.14042 0.06958 0.03293 0.01511 0.00683 0.00276 0.00119 0.00043 0.00011 4e-05 0 0 0 0 0 
1 0.84936 0.64083 0.42403 0.24856 0.13242 0.06522 0.03115 0.01444 0.00684 0.00315 0.00146 0.00068 0.0003 0.00016 0.0001 5e-05 0 0 0 
1 0.84957 0.64372 0.4284 0.25279 0.13647 0.06812 0.03295 0.01587 0.00774 0.00375 0.00163 0.00056 0.00022 7e-05 1e-05 0 0 0 0 
1 0.85352 0.65314 0.43949 0.26484 0.14506 0.07367 0.03663 0.0177 0.00819 0.00372 0.00141 0.00061 0.00019 0.0001 4e-05 5.26301e-17 0 0 0 
1 0.85107 0.64929 0.43202 0.25547 0.13929 0.0709 0.03435 0.01587 0.00722 0.00332 0.00153 0.00085 0.00062 0.00035 0.00021 9e-05 3e-05 0 0 
1 0.84861 0.64206 0.42421 0.24772 0.13142 0.06413 0.03013 0.01337 0.00578 0.00217 0.00099 0.00033 0.00015 0.00011 8e-05 2e-05 1e-05 0 0 
1 0.85093 0.64313 0.42565 0.25127 0.13233 0.06532 0.03088 0.01487 0.00752 0.00375 0.00207 0.00113 0.00065 0.00046 0.00024 6e-05 2e-05 0 0 
1 0.84888 0.64525 0.43086 0.25632 0.13918 0.0715 0.03459 0.01601 0.00766 0.00361 0.00166 0.00067 0.00026 0.0001 3e-05 0 0 0 0 
1 0.84964 0.64561 0.43094 0.25785 0.14154 0.07335 0.03631 0.0179 0.00834 0.00366 0.00165 0.00075 0.00022 6e-05 2e-05 2.85938e-17 0 0 0 
1 0.85031 0.6434 0.42419 0.24907 0.1329 0.06646 0.03106 0.01426 0.0067 0.0028 0.00113 0.00045 0.00014 5e-05 2e-05 2e-05 1e-05 0 0 
1 0.84685 0.6412 0.42598 0.24919 0.13234 0.06597 0.03142 0.01447 0.00654 0.00275 0.00123 0.00053 0.00018 4e-05 4.24105e-17 0 0 0 0 
1 0.84878 0.64569 0.43165 0.25602 0.14009 0.07062 0.03471 0.01605 0.00734 0.00336 0.00152 0.00055 0.00013 5e-05 1e-05 0 0 0 0 
1 0.84741 0.64169 0.42397 0.24821 0.13156 0.06414 0.03033 0.01387 0.0066 0.00309 0.00143 0.00069 0.00024 7e-05 2e-05 0 0 0 0 
1 0.85092 0.64588 0.43245 0.25652 0.14123 0.07124 0.03413 0.01615 0.00739 0.0035 0.00174 0.00079 0.00044 0.0002 6e-05 2e-05 2e-05 0 0 
1 0.84784 0.63971 0.42205 0.24716 0.13195 0.06494 0.03104 0.01511 0.00706 0.00352 0.00177 0.0009 0.00064 0.00045 0.00029 0.00011 6e-05 4e-05 1e-05 
1 0.84917 0.64214 0.42669 0.24714 0.13062 0.06233 0.02817 0.0121 0.00519 0.00233 0.00098 0.00044 0.0002 9e-05 3e-05 0 0 0 0 
1 0.85051 0.64709 0.43219 0.25834 0.14275 0.07405 0.03754 0.01858 0.00921 0.00461 0.00243 0.00135 0.00062 0.00031 0.00018 9e-05 7e-05 2e-05 0 
1 0.85132 0.64597 0.43199 0.25503 0.13606 0.06725 0.0323 0.01462 0.00681 0.00307 0.0011 0.00045 0.00013 5e-05 0 0 0 0 0 
1 0.85142 0.64916 0.43605 0.25867 0.14063 0.07251 0.03597 0.01789 0.00848 0.00391 0.00195 0.001 0.00048 0.0003 0.00015 4e-05 1e-05 0 0 
1 0.85103 0.64439 0.42907 0.25288 0.13751 0.06986 0.03338 0.01473 0.00685 0.00311 0.00138 0.00064 0.00026 0.00015 8e-05 3e-05 1e-05 0 0 
1 0.85421 0.65179 0.43957 0.26215 0.14351 0.07397 0.03687 0.01782 0.00863 0.00433 0.00231 0.00118 0.00051 0.00021 6e-05 2e-05 0 0 0 
1 0.85049 0.64439 0.42864 0.25456 0.1354 0.06787 0.03239 0.01531 0.00727 0.00336 0.00147 0.00059 0.00029 0.0001 7e-05 5e-05 2e-05 0 0 
1 0.85047 0.6433 0.42547 0.25024 0.13414 0.06665 0.03035 0.0132 0.00584 0.00258 0.00092 0.00035 0.00012 4e-05 1e-05 0 0 0 0 
1 0.85085 0.64718 0.43036 0.25508 0.1393 0.07221 0.03593 0.01728 0.00862 0.00403 0.00184 0.00086 0.00044 0.00012 2e-05 5.45008e-17 0 0 0 
1 0.85117 0.64848 0.42911 0.25157 0.13486 0.06754 0.03281 0.01553 0.00736 0.00319 0.0012 0.00044 0.00011 0 0 0 0 0 0 
1 0.8507 0.64871 0.43166 0.25317 0.13594 0.06923 0.03335 0.01526 0.007 0.0031 0.00139 0.00047 0.0002 6e-05 1e-05 0 0 0 0 
1 0.85066 0.64611 0.431 0.25368 0.1362 0.06797 0.03184 0.0147 0.0068 0.00298 0.00127 0.00066 0.00024 0.00011 2e-05 1e-05 0 0 0 
1 0.84756 0.64235 0.42429 0.24936 0.13391 0.06676 0.03076 0.01369 0.00612 0.00277 0.00116 0.00054 0.00027 9e-05 1e-05 0 0 0 0 
1 0.84712 0.64085 0.42586 0.24843 0.13107 0.0639 0.0288 0.01272 0.00508 0.00222 0.00095 0.00037 0.00011 5e-05 2e-05 2e-05 0 0 0 
1 0.85397 0.65237 0.43528 0.25852 0.13855 0.07014 0.03272 0.01515 0.00704 0.00325 0.0014 0.00079 0.00035 0.00015 7e-05 2e-05 1e-05 0 0 
1 0.8492 0.64468 0.42841 0.25244 0.13537 0.0686 0.03279 0.01562 0.00741 0.00368 0.002 0.00113 0.00078 0.00061 0.0005 0.00037 0.00028 0.00026 0.00015 
1 0.84931 0.64372 0.42836 0.25336 0.13612 0.06748 0.03165 0.01416 0.00625 0.00263 0.00124 0.00059 0.00028 0.00011 4e-05 2e-05 0 0 0 
1 0.84774 0.64116 0.42507 0.24759 0.13046 0.06293 0.02865 0.01235 0.00526 0.00231 0.00091 0.00046 0.00017 5e-05 1e-05 0 0 0 0 
1 0.84755 0.6421 0.4274 0.25071 0.13388 0.06607 0.03076 0.01443 0.00657 0.00281 0.00128 0.00039 0.0001 5.55112e-17 5.55112e-17 0 0 0 0 
1 0.85495 0.65444 0.43936 0.26194 0.14418 0.07401 0.03655 0.01809 0.00857 0.00407 0.00198 0.00099 0.00042 0.00018 6e-05 2e-05 0 0 0 
1 0.85243 0.64991 0.43683 0.25924 0.14008 0.07121 0.03407 0.01575 0.00677 0.0032 0.00132 0.00059 0.0002 8e-05 4e-05 5.3979e-17 5.3979e-17 0 0 
1 0.84861 0.64355 0.42731 0.25079 0.13442 0.06776 0.03173 0.01433 0.00673 0.00295 0.00116 0.00044 0.00019 6e-05 0 0 0 0 0 
1 0.84834 0.64073 0.42282 0.24707 0.1323 0.06684 0.03157 0.01443 0.00624 0.00278 0.00121 0.00046 0.00016 5e-05 0 0 0 0 0 
1 0.85085 0.64475 0.43025 0.25263 0.13535 0.06779 0.03311 0.0159 0.00737 0.00333 0.00152 0.00072 0.00032 0.0001 4e-05 1e-05 0 0 0 
1 0.84887 0.64234 0.42453 0.24999 0.13169 0.06444 0.02964 0.01321 0.00582 0.00262 0.00126 0.00061 0.00023 6e-05 2e-05 0 0 0 0 
1 0.8509 0.64665 0.43139 0.25558 0.13629 0.06841 0.03312 0.01569 0.00735 0.00372 0.00165 0.00075 0.00023 6e-05 2e-05 0 0 0 0 
1 0.85037 0.64622 0.43109 0.25361 0.13583 0.0674 0.03226 0.01486 0.00665 0.00306 0.00137 0.00067 0.00021 8e-05 2e-05 1e-05 0 0 0 
1 0.85058 0.64434 0.42959 0.25191 0.13226 0.0662 0.03139 0.01439 0.00646 0.00278 0.00114 0.00036 6e-05 1e-05 1e-05 0 0 0 0 
1 0.8495 0.64437 0.42827 0.25229 0.13443 0.06675 0.03223 0.01476 0.00664 0.00297 0.00116 0.00052 0.00024 0.0001 2.12858e-17 0 0 0 0 
1 0.84942 0.64261 0.42422 0.24828 0.13428 0.06713 0.03188 0.01541 0.00716 0.00297 0.0012 0.00048 0.0001 2e-05 1.89349e-17 0 0 0 0 
1 0.84819 0.64287 0.42568 0.25053 0.13427 0.06786 0.03296 0.0151 0.00738 0.00324 0.00152 0.00064 0.00024 5e-05 3e-05 1e-05 0 0 0 
1 0.85033 0.64491 0.42781 0.25261 0.1371 0.06734 0.03172 0.01457 0.00608 0.00226 0.00084 0.00029 5e-05 0 0 0 0 0 0 
1 0.84958 0.64366 0.42388 0.24729 0.13044 0.06417 0.02995 0.01349 0.00537 0.00223 0.00067 0.00021 0.0001 1e-05 0 0 0 0 0 
1 0.8506 0.64726 0.43058 0.25445 0.1378 0.06947 0.03391 0.0161 0.00803 0.00423 0.00223 0.00115 0.00058 0.0002 0.00014 5e-05 0 0 0 
1 0.85086 0.64371 0.42606 0.25084 0.13536 0.06874 0.03304 0.01563 0.00722 0.00315 0.00119 0.00036 0.00013 6e-05 2e-05 0 0 0 0 
1 0.85199 0.64985 0.43592 0.25746 0.13974 0.06918 0.03262 0.01426 0.00605 0.00258 0.00112 0.0004 0.00019 6e-05 5.34017e-18 0 0 0 0 
1 0.85099 0.64535 0.42713 0.25289 0.13766 0.07026 0.03477 0.0163 0.00751 0.00362 0.00176 0.00088 0.00051 0.00024 9e-05 3e-05 4.89053e-18 0 0 
1 0.85035 0.646 0.42941 0.25443 0.13741 0.06803 0.03297 0.01551 0.00688 0.00303 0.00144 0.00055 0.00024 0.00013 6e-05 0 0 0 0 
1 0.85083 0.64591 0.42966 0.25357 0.13545 0.06889 0.03346 0.01526 0.00675 0.00296 0.00135 0.00068 0.00027 7e-05 1e-05 0 0 0 0 
1 0.84851 0.64168 0.42576 0.24987 0.1356 0.06911 0.03388 0.01671 0.00771 0.00369 0.00184 0.00083 0.00041 0.0002 7e-05 2e-05 3.58907e-17 0 0 
1 0.84966 0.64545 0.43152 0.25465 0.13704 0.06933 0.03348 0.01511 0.00718 0.00295 0.00123 0.00045 0.00016 7e-05 2.57405e-17 0 0 0 0 
1 0.85101 0.64873 0.43164 0.25594 0.13934 0.07126 0.03613 0.01787 0.00937 0.00515 0.00277 0.00151 0.00093 0.00062 0.00042 0.00025 0.00015 0.0001 8e-05 
1 0.84864 0.64056 0.42359 0.24722 0.13198 0.06517 0.03046 0.01399 0.00627 0.00296 0.00133 0.00051 0.00012 3e-05 1e-05 0 0 0 0 
1 0.85054 0.64479 0.42607 0.24944 0.13347 0.06601 0.03117 0.01441 0.00633 0.00267 0.0011 0.00054 0.00023 8e-05 4.49613e-17 4.49613e-17 0 0 0 
1 0.85279 0.64787 0.43262 0.2553 0.13687 0.06764 0.03123 0.01409 0.0063 0.00285 0.00143 0.00072 0.00036 0.00017 5e-05 2.10304e-17 0 0 0 
1 0.84928 0.644 0.42603 0.25108 0.13391 0.06745 0.03291 0.01597 0.00746 0.00378 0.00159 0.00067 0.00023 6e-05 1e-05 4.46726e-17 0 0 0 
1 0.84921 0.64655 0.42881 0.25388 0.13612 0.06887 0.03275 0.01512 0.00677 0.00284 0.00109 0.00034 6e-05 4e-05 1e-05 1e-05 0 0 0 
1 0.84999 0.64487 0.42779 0.25411 0.13842 0.07143 0.03526 0.01713 0.00874 0.00445 0.00247 0.00147 0.00082 0.0004 0.00018 0.00011 6e-05 2e-05 0 
1 0.85079 0.64543 0.42852 0.25303 0.13548 0.0688 0.03345 0.0162 0.00786 0.00402 0.00194 0.00091 0.00048 0.00028 0.0002 0.00012 9e-05 8e-05 1e-05 
1 0.85161 0.64703 0.43191 0.25293 0.13589 0.06781 0.0326 0.01512 0.0063 0.00277 0.0012 0.00054 0.00014 6e-05 0 0 0 0 0 
1 0.84848 0.64313 0.42388 0.24646 0.13174 0.0663 0.0319 0.01479 0.0068 0.00315 0.0014 0.0006 0.00023 0.00012 4e-05 0 0 0 0 
1 0.85074 0.64462 0.42702 0.25009 0.13234 0.06602 0.03117 0.01427 0.00661 0.00299 0.00136 0.00059 0.00025 0.00011 6e-05 3e-05 1e-05 2.75391e-17 0 
1 0.84707 0.64336 0.42692 0.24912 0.13146 0.06547 0.03075 0.01386 0.00612 0.00254 0.0011 0.00043 0.00013 1e-05 1e-05 0 0 0 0 
1 0.85019 0.64353 0.42762 0.24994 0.13252 0.06546 0.03169 0.01456 0.00643 0.00313 0.00131 0.00063 0.00024 0.00012 4e-05 1.04999e-17 0 0 0 
1 0.85097 0.64639 0.431 0.25643 0.14073 0.07179 0.03509 0.0169 0.00812 0.00398 0.00165 0.00086 0.00029 0.00013 2e-05 0 0 0 0 
1 0.84991 0.64387 0.42658 0.25232 0.13484 0.06741 0.03171 0.01474 0.00686 0.00305 0.00134 0.00045 0.00013 4e-05 2e-05 0 0 0 0 
1 0.84691 0.6401 0.4226 0.24687 0.13124 0.06574 0.03148 0.01491 0.00686 0.00305 0.00113 0.0004 0.00014 3e-05 1e-05 0 0 0 0 
1 0.8486 0.64119 0.42637 0.25076 0.13356 0.06526 0.03048 0.01401 0.00616 0.00247 0.00131 0.00068 0.00033 0.00015 7e-05 0 0 0 0 
1 0.85079 0.64262 0.42407 0.24518 0.13001 0.06479 0.03138 0.01461 0.00718 0.00346 0.00164 0.00073 0.0003 0.00011 2e-05 1e-05 0 0 0 
1 0.84853 0.64249 0.42447 0.25083 0.13473 0.06852 0.03379 0.0166 0.00835 0.0037 0.0014 0.00055 0.00013 5e-05 0 0 0 0 0 
1 0.84874 0.64197 0.42687 0.25051 0.13488 0.06903 0.03272 0.01498 0.00662 0.00283 0.00118 0.00048 0.00021 9e-05 2e-05 0 0 0 0 
1 0.84964 0.64475 0.4295 0.25303 0.13672 0.0682 0.03251 0.01499 0.00666 0.00302 0.00149 0.00063 0.00031 0.0001 3e-05 0 0 0 0 
1 0.84989 0.64336 0.42649 0.24975 0.1312 0.06536 0.03128 0.01451 0.00651 0.00276 0.00122 0.00058 0.00023 9e-05 1e-05 0 0 0 0 
1 0.85304 0.65251 0.43751 0.26281 0.14414 0.07332 0.03629 0.0172 0.00795 0.00363 0.00154 0.00068 0.00039 0.00013 5e-05 3e-05 1e-05 1e-05 0 
1 0.85295 0.64636 0.4323 0.25647 0.13765 0.0684 0.03278 0.01463 0.00611 0.00246 0.00097 0.00035 7e-05 1e-05 0 0 0 0 0 
