1 0.96215 0.92535 0.8883 0.85245 0.8158 0.77975 0.74415 0.7106 0.6747 0.6381 0.60185 0.5707 0.5353 0.50155 0.4696 0.43915 0.40635 0.37615 0.3448 
1 0.96635 0.9316 0.89525 0.85605 0.82155 0.7872 0.75245 0.71575 0.68105 0.64565 0.61215 0.58095 0.5477 0.5141 0.4806 0.4496 0.41715 0.3844 0.3539 
1 0.9639 0.9254 0.88855 0.8517 0.8177 0.7824 0.7459 0.71195 0.6766 0.64395 0.612 0.5794 0.5459 0.51485 0.4829 0.45195 0.41835 0.38655 0.355 
1 0.9642 0.92765 0.89245 0.8563 0.8199 0.78405 0.7494 0.71565 0.6843 0.65055 0.61825 0.5847 0.54985 0.51575 0.4861 0.4542 0.421 0.38705 0.3547 
1 0.963 0.9271 0.88915 0.85195 0.81565 0.7773 0.7415 0.7073 0.6741 0.6384 0.60475 0.5721 0.5368 0.50375 0.4714 0.43815 0.4064 0.3755 0.34535 
1 0.9641 0.9273 0.89075 0.8538 0.8182 0.78465 0.7495 0.7148 0.68 0.6471 0.61325 0.5807 0.5487 0.5152 0.48105 0.44775 0.41615 0.38205 0.35055 
1 0.96325 0.922 0.88225 0.84425 0.80635 0.7703 0.72905 0.6908 0.6569 0.62055 0.58435 0.5487 0.5166 0.48405 0.4522 0.4196 0.38675 0.3568 0.3291 
1 0.9636 0.9291 0.8924 0.85745 0.82415 0.7886 0.7548 0.72185 0.69 0.65755 0.62515 0.59135 0.56015 0.5278 0.4973 0.4627 0.431 0.3994 0.3682 
1 0.96275 0.92575 0.88805 0.84985 0.81085 0.77395 0.73585 0.70135 0.66635 0.6325 0.5994 0.56645 0.53425 0.5015 0.46925 0.4374 0.4072 0.3779 0.34765 
1 0.964 0.92695 0.89015 0.85485 0.817 0.78075 0.74665 0.7108 0.6764 0.641 0.60495 0.5712 0.5364 0.50255 0.4694 0.43855 0.4057 0.37325 0.3425 
1 0.96205 0.92395 0.88925 0.8551 0.81755 0.78095 0.7452 0.7132 0.67965 0.64545 0.61195 0.578 0.5453 0.5129 0.4795 0.4471 0.41615 0.3854 0.3538 
1 0.96325 0.9236 0.88825 0.8531 0.82005 0.78565 0.75065 0.716 0.6818 0.6476 0.61465 0.5797 0.54675 0.5135 0.4801 0.44735 0.41575 0.3837 0.35155 
1 0.9614 0.9219 0.88415 0.84835 0.80975 0.771 0.7364 0.69945 0.6663 0.63175 0.59885 0.56825 0.5357 0.5035 0.4687 0.43415 0.401 0.3734 0.3404 
1 0.96265 0.9258 0.88685 0.85 0.81205 0.7761 0.74085 0.7083 0.6726 0.63905 0.6047 0.57205 0.5392 0.50625 0.47295 0.4416 0.40765 0.3768 0.3438 
1 0.96335 0.9285 0.89345 0.856 0.82225 0.7889 0.754 0.7186 0.6855 0.65125 0.61825 0.5868 0.55285 0.51925 0.4868 0.45405 0.4233 0.3923 0.3589 
1 0.96615 0.93105 0.89675 0.86195 0.8266 0.7912 0.7564 0.72325 0.68925 0.65525 0.6225 0.5883 0.5567 0.5232 0.4897 0.45705 0.42775 0.396 0.36225 
1 0.96175 0.92415 0.8883 0.8535 0.81865 0.78355 0.7463 0.71055 0.6786 0.64215 0.60915 0.57455 0.5435 0.5098 0.4779 0.4455 0.41425 0.3778 0.34665 
1 0.9625 0.92535 0.8903 0.8532 0.8169 0.78195 0.74805 0.71665 0.6838 0.64995 0.6157 0.58215 0.54705 0.51515 0.48265 0.4504 0.4162 0.38365 0.35055 
1 0.9617 0.9275 0.89095 0.85375 0.8196 0.7845 0.74875 0.7144 0.68135 0.6449 0.61075 0.5787 0.544 0.51155 0.4793 0.44785 0.4173 0.38585 0.355 
1 0.963 0.92605 0.8916 0.856 0.8224 0.78805 0.756 0.7215 0.68825 0.65185 0.61825 0.5844 0.5525 0.51965 0.4889 0.45685 0.42475 0.3934 0.3605 
1 0.96295 0.9236 0.88285 0.84635 0.80975 0.77185 0.74035 0.7041 0.6714 0.63625 0.59955 0.5651 0.53235 0.4978 0.4675 0.43525 0.40425 0.3734 0.34155 
1 0.96125 0.9269 0.89135 0.85345 0.81725 0.78565 0.75025 0.71645 0.68285 0.6468 0.611 0.5777 0.54465 0.51235 0.47875 0.4477 0.4143 0.38515 0.35425 
1 0.9616 0.9247 0.88725 0.85205 0.8155 0.78055 0.744 0.7099 0.6747 0.64085 0.60665 0.57245 0.5388 0.505 0.473 0.4408 0.40855 0.3772 0.3457 
1 0.96025 0.92145 0.8856 0.8482 0.81175 0.77675 0.7369 0.7019 0.66625 0.63305 0.5965 0.56495 0.5293 0.49825 0.46335 0.43285 0.39865 0.372 0.3397 
1 0.9625 0.92665 0.89 0.85535 0.821 0.78555 0.75115 0.71455 0.67915 0.6451 0.6128 0.57995 0.54625 0.51465 0.48235 0.45075 0.4184 0.38735 0.35635 
1 0.9639 0.9269 0.89095 0.85555 0.8197 0.78455 0.7499 0.7124 0.6812 0.64925 0.61615 0.58095 0.54825 0.5136 0.47915 0.4473 0.4137 0.3829 0.3507 
1 0.96135 0.9237 0.88565 0.84805 0.80895 0.7741 0.7365 0.7012 0.6659 0.6327 0.59615 0.56635 0.53205 0.49985 0.46895 0.43835 0.40485 0.37615 0.34325 
1 0.9617 0.92235 0.886 0.85275 0.8186 0.78305 0.7456 0.7094 0.6738 0.6384 0.60325 0.57185 0.5386 0.5049 0.4701 0.4412 0.40965 0.37865 0.34665 
1 0.9623 0.92435 0.88745 0.85175 0.81525 0.78025 0.74555 0.7095 0.67525 0.6413 0.60945 0.57675 0.5451 0.5124 0.47995 0.4467 0.4188 0.3887 0.3574 
1 0.9628 0.92435 0.8899 0.8549 0.8194 0.7842 0.749 0.7108 0.67655 0.64395 0.6089 0.57795 0.54465 0.5126 0.4804 0.448 0.4154 0.38415 0.35465 
1 0.9618 0.92705 0.89175 0.85545 0.8214 0.78655 0.75105 0.71915 0.685 0.6496 0.61615 0.5837 0.54955 0.51855 0.4848 0.4544 0.4234 0.3921 0.3589 
1 0.9624 0.92835 0.8923 0.85625 0.82075 0.7854 0.75235 0.7179 0.6823 0.6494 0.61475 0.58025 0.5459 0.51275 0.4822 0.44945 0.4159 0.38395 0.35235 
1 0.9609 0.9231 0.88845 0.85155 0.81545 0.77595 0.7413 0.7033 0.67125 0.6344 0.60055 0.5653 0.53415 0.5007 0.46805 0.43585 0.40465 0.372 0.34275 
1 0.96035 0.9251 0.8892 0.856 0.82195 0.78825 0.7525 0.7193 0.6862 0.65295 0.62 0.5869 0.55335 0.52135 0.4886 0.45735 0.42635 0.3953 0.36435 
1 0.96285 0.9265 0.8903 0.85395 0.81995 0.7836 0.74575 0.7125 0.67755 0.6432 0.6086 0.5756 0.54275 0.5111 0.47895 0.44775 0.4156 0.38395 0.3513 
1 0.96365 0.9292 0.8938 0.85855 0.8253 0.7894 0.75465 0.7188 0.6852 0.65325 0.6192 0.5867 0.5543 0.5201 0.48675 0.4548 0.42115 0.38635 0.3561 
1 0.963 0.92505 0.8864 0.8517 0.81575 0.77815 0.74125 0.7093 0.67295 0.6381 0.603 0.568 0.5347 0.50225 0.4679 0.43635 0.40185 0.3713 0.3409 
1 0.96245 0.92725 0.8907 0.85505 0.8193 0.7832 0.74815 0.713 0.67835 0.6436 0.6101 0.5767 0.5452 0.5127 0.48065 0.45035 0.41795 0.3873 0.3552 
1 0.96335 0.9251 0.888 0.8523 0.8164 0.7809 0.746 0.712 0.6768 0.6426 0.6077 0.5741 0.54235 0.51115 0.4781 0.44765 0.4158 0.3839 0.3524 
1 0.9644 0.92545 0.88945 0.8521 0.81785 0.7799 0.74385 0.70675 0.67175 0.6363 0.60415 0.56915 0.5363 0.5043 0.4716 0.44065 0.40635 0.37595 0.3456 
1 0.9605 0.9233 0.8882 0.8481 0.81115 0.77435 0.7384 0.70325 0.66775 0.63425 0.6016 0.5682 0.53345 0.50145 0.47025 0.43945 0.40655 0.3764 0.3455 
1 0.96175 0.9273 0.88985 0.8502 0.81575 0.78085 0.7461 0.71085 0.67535 0.6387 0.60475 0.57235 0.5388 0.50535 0.4738 0.44155 0.4106 0.37825 0.34815 
1 0.96005 0.924 0.88725 0.8523 0.81475 0.7791 0.7451 0.70825 0.6723 0.6387 0.6062 0.5724 0.5398 0.5062 0.47405 0.44315 0.412 0.3785 0.34895 
1 0.96455 0.92805 0.8899 0.85495 0.8165 0.78455 0.7486 0.71675 0.6811 0.64905 0.6145 0.58135 0.54845 0.5167 0.48425 0.4517 0.4193 0.3883 0.35615 
1 0.96225 0.92315 0.88525 0.84705 0.8101 0.7741 0.73815 0.70555 0.6727 0.6384 0.6042 0.5707 0.53885 0.5078 0.47775 0.4446 0.41145 0.3794 0.34865 
1 0.9627 0.92605 0.89075 0.8541 0.81735 0.77815 0.74475 0.7095 0.6761 0.6388 0.60655 0.5733 0.5381 0.50425 0.47265 0.44 0.40715 0.37635 0.34435 
1 0.9633 0.9288 0.8913 0.85475 0.8202 0.78315 0.74785 0.71325 0.6794 0.64505 0.6109 0.57715 0.5451 0.5113 0.4771 0.447 0.41385 0.3839 0.3534 
1 0.96085 0.9219 0.8849 0.84675 0.8102 0.7727 0.7386 0.70275 0.66825 0.63485 0.60015 0.5664 0.53315 0.5005 0.4685 0.43905 0.40705 0.3764 0.3449 
1 0.96215 0.9235 0.8864 0.85185 0.8149 0.7785 0.7424 0.70775 0.6722 0.6391 0.60595 0.57295 0.5391 0.50655 0.4742 0.44375 0.41225 0.3807 0.34885 
1 0.9601 0.9244 0.891 0.85055 0.81555 0.781 0.746 0.71085 0.67755 0.6438 0.61135 0.5763 0.54535 0.51165 0.47995 0.4461 0.41345 0.38295 0.35345 
1 0.9634 0.9247 0.889 0.85165 0.8159 0.78065 0.74495 0.7084 0.67635 0.64055 0.6062 0.57115 0.5391 0.50415 0.473 0.4394 0.40745 0.37655 0.3486 
1 0.96015 0.92345 0.8877 0.84805 0.8123 0.77595 0.74045 0.70545 0.6704 0.637 0.6037 0.57045 0.53645 0.50445 0.47135 0.4404 0.40595 0.3759 0.34305 
1 0.96155 0.92465 0.88745 0.85215 0.816 0.78105 0.7465 0.71245 0.6777 0.6449 0.6129 0.58185 0.5478 0.5151 0.48445 0.45345 0.4228 0.3921 0.3624 
1 0.9629 0.9225 0.8863 0.8528 0.8159 0.7801 0.74325 0.7091 0.6731 0.63845 0.60235 0.5711 0.53625 0.5058 0.47275 0.4416 0.4096 0.3803 0.34875 
1 0.96255 0.9255 0.88585 0.84745 0.8126 0.77495 0.7384 0.7026 0.66745 0.63195 0.59885 0.56605 0.53165 0.49875 0.4681 0.43665 0.40435 0.376 0.34415 
1 0.96145 0.92435 0.88955 0.8538 0.8178 0.78695 0.7536 0.7204 0.6872 0.65285 0.61775 0.58465 0.5525 0.52035 0.48515 0.45285 0.4224 0.39065 0.3595 
1 0.9625 0.92625 0.8879 0.84995 0.81375 0.7786 0.74435 0.7075 0.6732 0.63935 0.606 0.5726 0.539 0.50545 0.4727 0.4413 0.40785 0.37485 0.34495 
1 0.96275 0.9263 0.88925 0.8544 0.81865 0.7812 0.7449 0.7096 0.6746 0.63875 0.60745 0.57315 0.54165 0.5108 0.4788 0.4458 0.4148 0.3843 0.35295 
1 0.9629 0.92765 0.89255 0.85765 0.8223 0.7887 0.75435 0.72215 0.68845 0.65515 0.62255 0.58935 0.5567 0.525 0.49265 0.4602 0.42705 0.3956 0.3647 
1 0.96395 0.92695 0.88975 0.85335 0.81535 0.7785 0.74235 0.7085 0.67035 0.6384 0.60395 0.5704 0.5365 0.504 0.46895 0.4372 0.404 0.3737 0.34305 
1 0.96155 0.9249 0.8874 0.85035 0.813 0.77675 0.74015 0.706 0.67235 0.63935 0.6081 0.5753 0.543 0.51075 0.4764 0.4466 0.41275 0.38305 0.3516 
1 0.96205 0.92385 0.88775 0.85065 0.8143 0.77855 0.74275 0.7095 0.67325 0.639 0.60445 0.5707 0.5388 0.50665 0.474 0.4443 0.412 0.37895 0.34795 
1 0.96095 0.92635 0.88905 0.85435 0.81935 0.78575 0.75065 0.7161 0.6834 0.64925 0.6205 0.5867 0.5521 0.52115 0.488 0.4559 0.4243 0.3943 0.3646 
1 0.96315 0.9269 0.89415 0.8622 0.82975 0.7957 0.7609 0.7272 0.69395 0.6636 0.6307 0.5979 0.5647 0.53185 0.49965 0.46805 0.43515 0.40105 0.36955 
1 0.96595 0.927 0.8934 0.8573 0.82345 0.78825 0.7553 0.7182 0.68555 0.65345 0.6221 0.5881 0.55465 0.5199 0.48685 0.4543 0.42545 0.39275 0.3621 
1 0.9623 0.92635 0.8899 0.85615 0.8198 0.7846 0.7446 0.7111 0.67555 0.64205 0.60675 0.57215 0.53915 0.5075 0.4738 0.4419 0.4116 0.37785 0.34715 
1 0.965 0.9291 0.89305 0.85775 0.82205 0.787 0.75305 0.7177 0.68365 0.64915 0.6152 0.5805 0.548 0.5152 0.48355 0.4541 0.42355 0.39035 0.35825 
1 0.9656 0.92885 0.89085 0.8546 0.81955 0.78345 0.74885 0.71765 0.68235 0.64955 0.6129 0.57955 0.5467 0.51445 0.48105 0.4497 0.4172 0.38525 0.3549 
1 0.96235 0.9248 0.8885 0.8524 0.81715 0.7813 0.748 0.7125 0.67625 0.6419 0.60955 0.5748 0.54165 0.50775 0.47505 0.44475 0.4137 0.37975 0.3477 
1 0.96115 0.926 0.88845 0.85185 0.8179 0.7847 0.75035 0.7169 0.68215 0.64855 0.61345 0.5789 0.5479 0.51335 0.48215 0.44755 0.41665 0.3857 0.35505 
1 0.9619 0.923 0.8859 0.8498 0.81565 0.7822 0.75025 0.7167 0.6838 0.64915 0.61545 0.58365 0.5522 0.51795 0.48725 0.45695 0.4252 0.3938 0.3616 
1 0.96185 0.9247 0.8895 0.85205 0.817 0.78285 0.7462 0.7109 0.67545 0.6407 0.6067 0.5714 0.53635 0.50315 0.4707 0.44 0.40715 0.37425 0.3447 
1 0.9636 0.92825 0.89025 0.8528 0.81485 0.781 0.7473 0.7124 0.6767 0.64275 0.6098 0.5766 0.54535 0.51195 0.47795 0.44295 0.4099 0.37995 0.35205 
1 0.96215 0.9267 0.88995 0.85225 0.815 0.782 0.74745 0.7145 0.6808 0.64655 0.6113 0.57905 0.5426 0.5101 0.47365 0.44275 0.4102 0.3782 0.34715 
1 0.96255 0.92385 0.88425 0.84855 0.81075 0.77605 0.7393 0.7042 0.6703 0.6364 0.6027 0.5699 0.5351 0.50205 0.4693 0.43675 0.40355 0.3737 0.34265 
1 0.9631 0.92705 0.88895 0.8512 0.8167 0.77895 0.7447 0.7099 0.6786 0.64155 0.6082 0.57405 0.5432 0.507 0.4775 0.44465 0.4134 0.37825 0.34965 
1 0.96345 0.9268 0.8895 0.8537 0.81695 0.77995 0.7461 0.7103 0.67535 0.64145 0.6103 0.5771 0.5433 0.50855 0.4765 0.44395 0.4126 0.3791 0.34635 
1 0.96265 0.921 0.88495 0.8466 0.811 0.77615 0.74215 0.70565 0.66975 0.6348 0.5989 0.5659 0.53335 0.50085 0.46665 0.43555 0.4028 0.37025 0.33905 
1 0.963 0.92745 0.89265 0.8558 0.8223 0.7863 0.75175 0.7206 0.68545 0.65275 0.6218 0.5878 0.55615 0.523 0.49215 0.45785 0.4256 0.3956 0.36095 
1 0.96255 0.9247 0.8857 0.8482 0.8133 0.7784 0.7421 0.71025 0.6766 0.6407 0.6067 0.57405 0.54025 0.50685 0.47425 0.44105 0.41035 0.3808 0.3506 
1 0.9628 0.9257 0.8917 0.85715 0.82275 0.78675 0.7515 0.7175 0.6846 0.64955 0.6152 0.58195 0.5472 0.51265 0.48005 0.4494 0.41855 0.38635 0.3532 
1 0.9617 0.92385 0.88635 0.84945 0.8126 0.77755 0.7425 0.7076 0.6737 0.64105 0.6096 0.5767 0.5428 0.5115 0.4787 0.4469 0.4144 0.3827 0.3513 
1 0.9619 0.9265 0.8892 0.85425 0.81725 0.7821 0.747 0.7128 0.67755 0.6449 0.61135 0.57615 0.54095 0.50735 0.47405 0.44075 0.4105 0.3792 0.34675 
1 0.96255 0.9267 0.8919 0.8551 0.81825 0.7825 0.748 0.7122 0.677 0.64475 0.6111 0.5777 0.5453 0.51305 0.483 0.4512 0.42065 0.3896 0.35775 
1 0.9622 0.92595 0.88655 0.84955 0.81485 0.78105 0.7483 0.7149 0.681 0.6463 0.614 0.5812 0.54505 0.51245 0.48015 0.44605 0.4137 0.38115 0.35 
1 0.96265 0.9263 0.8921 0.8542 0.8153 0.7782 0.74365 0.7086 0.67585 0.64275 0.6091 0.57695 0.54295 0.5094 0.4778 0.4444 0.41285 0.385 0.35335 
1 0.9606 0.9246 0.8899 0.8544 0.81965 0.78305 0.7491 0.7145 0.6783 0.64375 0.6111 0.5763 0.5443 0.5109 0.4798 0.4471 0.4143 0.38085 0.34835 
1 0.9629 0.9251 0.8881 0.8505 0.81385 0.7793 0.7417 0.7054 0.6712 0.639 0.60575 0.572 0.53855 0.5051 0.4732 0.4389 0.4062 0.3748 0.34605 
1 0.9649 0.92685 0.89095 0.85425 0.81635 0.78075 0.74325 0.71045 0.67455 0.6401 0.6058 0.57135 0.53705 0.5057 0.4731 0.44365 0.411 0.38325 0.35175 
1 0.9634 0.92515 0.8886 0.85025 0.81505 0.78205 0.7495 0.7156 0.68035 0.64795 0.6131 0.5806 0.54645 0.5132 0.48295 0.452 0.4188 0.38975 0.35565 
1 0.96395 0.92745 0.88865 0.84975 0.8152 0.7813 0.74635 0.7138 0.67775 0.6449 0.612 0.5782 0.54465 0.51265 0.47735 0.4456 0.41285 0.38275 0.35235 
1 0.9631 0.9283 0.89185 0.85565 0.8197 0.7853 0.75235 0.7199 0.68425 0.64725 0.6141 0.58125 0.54755 0.5145 0.4816 0.4514 0.41905 0.3878 0.35635 
1 0.9634 0.9267 0.88755 0.8514 0.8152 0.77805 0.74195 0.70705 0.67245 0.63615 0.60375 0.5713 0.5374 0.505 0.4742 0.4396 0.40845 0.37505 0.34505 
1 0.9621 0.92605 0.8907 0.8554 0.82075 0.78615 0.75145 0.7169 0.6835 0.65 0.61475 0.58165 0.54815 0.5172 0.48475 0.4544 0.4232 0.3907 0.3578 
1 0.9623 0.923 0.8844 0.84845 0.81 0.7721 0.737 0.70075 0.66415 0.62955 0.59435 0.5628 0.53045 0.49825 0.4658 0.435 0.40335 0.37195 0.3409 
1 0.9614 0.9238 0.88725 0.8516 0.816 0.78255 0.7471 0.71355 0.6775 0.6446 0.6089 0.5747 0.5403 0.50875 0.47575 0.44605 0.41365 0.3842 0.3498 
1 0.96135 0.92445 0.8845 0.84735 0.81275 0.7765 0.7426 0.70875 0.6724 0.6408 0.6081 0.57655 0.5449 0.512 0.4789 0.4492 0.41365 0.3861 0.353 
1 0.96175 0.92535 0.8882 0.85235 0.81575 0.7802 0.7465 0.71435 0.6813 0.64915 0.61565 0.58195 0.5487 0.515 0.48325 0.45055 0.41745 0.38435 0.3514 
1 0.9613 0.92605 0.8883 0.8514 0.8171 0.77885 0.74365 0.70745 0.67175 0.63655 0.603 0.5723 0.53905 0.50845 0.4772 0.4449 0.4106 0.38075 0.35 
1 0.9635 0.9271 0.8908 0.85705 0.82315 0.7866 0.75165 0.71625 0.68235 0.64745 0.61535 0.58145 0.54675 0.51135 0.47945 0.4481 0.4168 0.3838 0.35145 
1 0.9596 0.9197 0.8829 0.84735 0.81095 0.77555 0.7392 0.7031 0.6693 0.6346 0.60135 0.57015 0.53595 0.5042 0.47135 0.44095 0.4105 0.37775 0.3484 
1 0.9603 0.9249 0.8862 0.84865 0.8131 0.7781 0.74375 0.7094 0.67365 0.63745 0.6053 0.57135 0.53845 0.5072 0.47265 0.4384 0.40775 0.3744 0.34335 
1 0.96225 0.9223 0.88565 0.84915 0.8125 0.7761 0.7397 0.70455 0.67075 0.63905 0.60585 0.5706 0.5381 0.5039 0.4722 0.44195 0.4114 0.3803 0.3484 
1 0.96435 0.9296 0.8947 0.85735 0.82235 0.78925 0.7567 0.72235 0.68985 0.6566 0.6204 0.5871 0.55275 0.51945 0.48575 0.4534 0.4217 0.3896 0.3575 
1 0.9655 0.93085 0.89425 0.858 0.82295 0.78985 0.7564 0.7248 0.68975 0.66025 0.62425 0.59345 0.5579 0.52675 0.4937 0.46195 0.4286 0.3976 0.3639 
1 0.96045 0.9238 0.88535 0.84985 0.81435 0.7781 0.7415 0.70725 0.67445 0.6398 0.60545 0.57375 0.53915 0.50685 0.4725 0.4411 0.40835 0.37705 0.3464 
1 0.9638 0.9263 0.8906 0.8545 0.8209 0.78415 0.7495 0.7158 0.6806 0.6463 0.6112 0.57705 0.54295 0.5097 0.4768 0.44645 0.41545 0.3842 0.35365 
1 0.963 0.92575 0.88825 0.85295 0.8181 0.7844 0.752 0.7165 0.68155 0.64925 0.6159 0.58265 0.54955 0.5162 0.48415 0.45265 0.422 0.39055 0.36 
1 0.9631 0.9264 0.88885 0.8544 0.81915 0.7838 0.74795 0.7128 0.67745 0.64325 0.60995 0.57335 0.542 0.50945 0.4752 0.442 0.41145 0.38065 0.35075 
1 0.95845 0.9206 0.8848 0.84825 0.81135 0.7752 0.7417 0.70575 0.6724 0.63825 0.6068 0.57315 0.5418 0.50995 0.48005 0.4477 0.414 0.3818 0.3517 
