1 0.650292 0.283128 0.060765 0.00496833 0.00017 3.33333e-06 0 0 0 0 0 0 0 0 0 0 0 0 0 
1 0.649788 0.280845 0.059485 0.00455167 0.000125 3.33333e-06 0 0 0 0 0 0 0 0 0 0 0 0 0 
1 0.649792 0.28127 0.059395 0.004615 0.00014 1.66667e-06 0 0 0 0 0 0 0 0 0 0 0 0 0 
1 0.648593 0.280438 0.0601717 0.0046 0.000168333 3.33333e-06 0 0 0 0 0 0 0 0 0 0 0 0 0 
1 0.650325 0.2816 0.06059 0.00485167 0.000201667 1.66667e-06 0 0 0 0 0 0 0 0 0 0 0 0 0 
1 0.65099 0.282298 0.06013 0.00480667 0.000195 3.33333e-06 0 0 0 0 0 0 0 0 0 0 0 0 0 
1 0.649792 0.281448 0.0602467 0.00480167 0.000161667 1.66667e-06 0 0 0 0 0 0 0 0 0 0 0 0 0 
1 0.648133 0.278912 0.0586417 0.00451833 0.00015 1.66667e-06 0 0 0 0 0 0 0 0 0 0 0 0 0 
1 0.649353 0.28115 0.06004 0.00475833 0.000146667 5e-06 0 0 0 0 0 0 0 0 0 0 0 0 0 
1 0.65004 0.280905 0.0605767 0.00468333 0.000168333 0 0 0 0 0 0 0 0 0 0 0 0 0 0 
1 0.650255 0.282855 0.0607917 0.00481167 0.000155 6.66667e-06 0 0 0 0 0 0 0 0 0 0 0 0 0 
1 0.650138 0.281577 0.0604683 0.00467333 0.00016 1.66667e-06 0 0 0 0 0 0 0 0 0 0 0 0 0 
1 0.648005 0.280035 0.0601583 0.004615 0.000155 5e-06 0 0 0 0 0 0 0 0 0 0 0 0 0 
1 0.650568 0.282172 0.06082 0.00488 0.000166667 0 0 0 0 0 0 0 0 0 0 0 0 0 0 
1 0.650423 0.282322 0.0604833 0.00491833 0.000171667 1.66667e-06 0 0 0 0 0 0 0 0 0 0 0 0 0 
1 0.649385 0.279703 0.059265 0.00473167 0.000168333 5e-06 0 0 0 0 0 0 0 0 0 0 0 0 0 
1 0.650012 0.281797 0.059755 0.00439667 0.000141667 1e-05 0 0 0 0 0 0 0 0 0 0 0 0 0 
1 0.649655 0.281673 0.0604817 0.00490333 0.00016 5e-06 0 0 0 0 0 0 0 0 0 0 0 0 0 
1 0.651877 0.283348 0.0613117 0.00492333 0.000148333 0 0 0 0 0 0 0 0 0 0 0 0 0 0 
1 0.651167 0.282958 0.0609067 0.00481833 0.000161667 3.33333e-06 0 0 0 0 0 0 0 0 0 0 0 0 0 
1 0.649012 0.280463 0.0603933 0.00475 0.000151667 3.33333e-06 0 0 0 0 0 0 0 0 0 0 0 0 0 
1 0.649363 0.281383 0.0604 0.00497333 0.00018 5e-06 0 0 0 0 0 0 0 0 0 0 0 0 0 
1 0.649727 0.280735 0.0590267 0.00465167 0.000178333 1.66667e-06 0 0 0 0 0 0 0 0 0 0 0 0 0 
1 0.651945 0.284757 0.061575 0.00490667 0.000195 1.66667e-05 0 0 0 0 0 0 0 0 0 0 0 0 0 
1 0.652133 0.283492 0.0609883 0.00489333 0.000175 5e-06 0 0 0 0 0 0 0 0 0 0 0 0 0 
1 0.649605 0.282653 0.0608933 0.00465167 0.000165 1.16667e-05 0 0 0 0 0 0 0 0 0 0 0 0 0 
1 0.65054 0.281205 0.0605667 0.00473167 0.000145 0 0 0 0 0 0 0 0 0 0 0 0 0 0 
1 0.649262 0.280643 0.0594067 0.0046 0.000181667 1e-05 0 0 0 0 0 0 0 0 0 0 0 0 0 
1 0.648042 0.27961 0.0590733 0.00462333 0.00018 5e-06 0 0 0 0 0 0 0 0 0 0 0 0 0 
1 0.646987 0.277227 0.057865 0.00441167 0.000145 5e-06 1.66667e-06 0 0 0 0 0 0 0 0 0 0 0 0 
1 0.65012 0.281603 0.060135 0.00467167 0.000158333 3.33333e-06 0 0 0 0 0 0 0 0 0 0 0 0 0 
1 0.649668 0.282402 0.06073 0.00464667 0.000165 1.66667e-06 0 0 0 0 0 0 0 0 0 0 0 0 0 
1 0.648065 0.278727 0.0587117 0.00439333 0.000191667 3.33333e-06 0 0 0 0 0 0 0 0 0 0 0 0 0 
1 0.649827 0.281063 0.05969 0.00474167 0.000176667 6.66667e-06 0 0 0 0 0 0 0 0 0 0 0 0 0 
1 0.649198 0.280433 0.0596417 0.00494 0.000158333 1.66667e-06 0 0 0 0 0 0 0 0 0 0 0 0 0 
1 0.649583 0.279812 0.0594367 0.00468667 0.000175 5e-06 0 0 0 0 0 0 0 0 0 0 0 0 0 
1 0.65008 0.281727 0.0604567 0.00480167 0.000141667 0 0 0 0 0 0 0 0 0 0 0 0 0 0 
1 0.650372 0.281853 0.0604717 0.00499167 0.000168333 6.66667e-06 0 0 0 0 0 0 0 0 0 0 0 0 0 
1 0.648145 0.28014 0.0597417 0.004785 0.00018 1.66667e-06 0 0 0 0 0 0 0 0 0 0 0 0 0 
1 0.650008 0.282015 0.0597283 0.00453167 0.000108333 1.66667e-06 0 0 0 0 0 0 0 0 0 0 0 0 0 
1 0.650103 0.280877 0.05927 0.00474167 0.000141667 1.66667e-06 0 0 0 0 0 0 0 0 0 0 0 0 0 
1 0.649768 0.280805 0.0600167 0.00468167 0.000153333 6.66667e-06 0 0 0 0 0 0 0 0 0 0 0 0 0 
1 0.648365 0.278245 0.05868 0.00450333 0.000141667 1.66667e-06 0 0 0 0 0 0 0 0 0 0 0 0 0 
1 0.64926 0.279923 0.05934 0.00475333 0.000178333 3.33333e-06 0 0 0 0 0 0 0 0 0 0 0 0 0 
1 0.647412 0.279612 0.0592083 0.00442 0.000143333 6.66667e-06 0 0 0 0 0 0 0 0 0 0 0 0 0 
1 0.650548 0.281882 0.0602683 0.00466 0.000146667 3.33333e-06 0 0 0 0 0 0 0 0 0 0 0 0 0 
1 0.649635 0.281885 0.0607033 0.00485 0.000138333 3.33333e-06 0 0 0 0 0 0 0 0 0 0 0 0 0 
1 0.65076 0.28209 0.0599233 0.00482833 0.000161667 1.66667e-06 0 0 0 0 0 0 0 0 0 0 0 0 0 
1 0.649477 0.280593 0.0600633 0.00483333 0.00015 3.33333e-06 0 0 0 0 0 0 0 0 0 0 0 0 0 
1 0.651253 0.284415 0.0619783 0.0054 0.000213333 1.66667e-06 0 0 0 0 0 0 0 0 0 0 0 0 0 
1 0.65014 0.282077 0.0598633 0.00478167 0.000185 1.66667e-06 0 0 0 0 0 0 0 0 0 0 0 0 0 
1 0.650183 0.280227 0.05943 0.00466167 0.000156667 1.66667e-06 0 0 0 0 0 0 0 0 0 0 0 0 0 
1 0.650173 0.281013 0.0606083 0.00489333 0.000186667 0 0 0 0 0 0 0 0 0 0 0 0 0 0 
1 0.649702 0.282103 0.0597317 0.00463167 0.000158333 8.33333e-06 0 0 0 0 0 0 0 0 0 0 0 0 0 
1 0.651387 0.283052 0.060705 0.00487167 0.000121667 0 0 0 0 0 0 0 0 0 0 0 0 0 0 
1 0.648235 0.279833 0.05918 0.00455 0.000146667 3.33333e-06 0 0 0 0 0 0 0 0 0 0 0 0 0 
1 0.650147 0.282473 0.0606617 0.00477333 0.00015 1.66667e-06 0 0 0 0 0 0 0 0 0 0 0 0 0 
1 0.650895 0.283092 0.06105 0.004995 0.00016 1.66667e-06 0 0 0 0 0 0 0 0 0 0 0 0 0 
1 0.651245 0.284082 0.0608333 0.00491333 0.000166667 0 0 0 0 0 0 0 0 0 0 0 0 0 0 
1 0.65145 0.283473 0.060345 0.004635 0.000175 3.33333e-06 0 0 0 0 0 0 0 0 0 0 0 0 0 
1 0.651532 0.283567 0.06143 0.00495667 0.000146667 1e-05 0 0 0 0 0 0 0 0 0 0 0 0 0 
1 0.651002 0.284455 0.0620033 0.00513667 0.000178333 5e-06 0 0 0 0 0 0 0 0 0 0 0 0 0 
1 0.648307 0.278852 0.0592333 0.00466167 0.000128333 1.66667e-06 0 0 0 0 0 0 0 0 0 0 0 0 0 
1 0.648593 0.27916 0.05876 0.00441833 0.00014 3.33333e-06 0 0 0 0 0 0 0 0 0 0 0 0 0 
1 0.651667 0.283998 0.061595 0.00496167 0.000155 6.66667e-06 0 0 0 0 0 0 0 0 0 0 0 0 0 
1 0.650337 0.281712 0.0609033 0.004995 0.00019 8.33333e-06 0 0 0 0 0 0 0 0 0 0 0 0 0 
1 0.649193 0.280982 0.0593383 0.00456 0.000176667 0 0 0 0 0 0 0 0 0 0 0 0 0 0 
1 0.650128 0.28174 0.0604583 0.00486 0.000143333 1.66667e-06 0 0 0 0 0 0 0 0 0 0 0 0 0 
1 0.65177 0.2837 0.061275 0.00492667 0.000178333 5e-06 0 0 0 0 0 0 0 0 0 0 0 0 0 
1 0.647892 0.28129 0.059665 0.00450833 0.000108333 0 0 0 0 0 0 0 0 0 0 0 0 0 0 
1 0.649052 0.280763 0.0600267 0.00472 0.000138333 3.33333e-06 0 0 0 0 0 0 0 0 0 0 0 0 0 
1 0.650183 0.28222 0.0605817 0.005005 0.000153333 8.33333e-06 0 0 0 0 0 0 0 0 0 0 0 0 0 
1 0.649248 0.280658 0.0597567 0.004755 0.000176667 6.66667e-06 0 0 0 0 0 0 0 0 0 0 0 0 0 
1 0.649058 0.282448 0.060645 0.00461333 0.000171667 3.33333e-06 0 0 0 0 0 0 0 0 0 0 0 0 0 
1 0.649303 0.279922 0.05934 0.00465667 0.000161667 0 0 0 0 0 0 0 0 0 0 0 0 0 0 
1 0.650688 0.281175 0.06022 0.00479667 0.00017 1.66667e-06 0 0 0 0 0 0 0 0 0 0 0 0 0 
1 0.649017 0.280285 0.05942 0.00453833 0.000136667 3.33333e-06 0 0 0 0 0 0 0 0 0 0 0 0 0 
1 0.650183 0.28168 0.0603283 0.004725 0.000146667 0 0 0 0 0 0 0 0 0 0 0 0 0 0 
1 0.649478 0.281458 0.059525 0.00469167 0.000158333 1.66667e-06 0 0 0 0 0 0 0 0 0 0 0 0 0 
1 0.649443 0.281412 0.0598667 0.00479167 0.000161667 1.33333e-05 0 0 0 0 0 0 0 0 0 0 0 0 0 
1 0.649397 0.2814 0.0605783 0.00483333 0.000171667 1.66667e-06 0 0 0 0 0 0 0 0 0 0 0 0 0 
1 0.649358 0.280933 0.0599717 0.00492833 0.000168333 1.5e-05 0 0 0 0 0 0 0 0 0 0 0 0 0 
1 0.652153 0.284767 0.06151 0.00512167 0.000221667 3.33333e-06 1.66667e-06 0 0 0 0 0 0 0 0 0 0 0 0 
1 0.651855 0.282103 0.0603233 0.00447 0.000158333 6.66667e-06 0 0 0 0 0 0 0 0 0 0 0 0 0 
1 0.648458 0.281067 0.059975 0.00457833 0.000131667 6.66667e-06 0 0 0 0 0 0 0 0 0 0 0 0 0 
1 0.648195 0.278905 0.0585783 0.00464833 0.000146667 0 0 0 0 0 0 0 0 0 0 0 0 0 0 
1 0.647963 0.280025 0.05989 0.00474333 0.000161667 0 0 0 0 0 0 0 0 0 0 0 0 0 0 
1 0.65083 0.284262 0.0615633 0.00506833 0.000161667 3.33333e-06 0 0 0 0 0 0 0 0 0 0 0 0 0 
1 0.651783 0.282548 0.060015 0.00459833 0.00014 5e-06 0 0 0 0 0 0 0 0 0 0 0 0 0 
1 0.648455 0.28007 0.05949 0.004745 0.000138333 1.66667e-06 0 0 0 0 0 0 0 0 0 0 0 0 0 
1 0.649965 0.281588 0.060445 0.00484667 0.000166667 1.66667e-06 0 0 0 0 0 0 0 0 0 0 0 0 0 
1 0.648213 0.279252 0.05896 0.00462833 0.000128333 1.66667e-06 0 0 0 0 0 0 0 0 0 0 0 0 0 
1 0.64989 0.281507 0.0596867 0.0046 0.000151667 6.66667e-06 0 0 0 0 0 0 0 0 0 0 0 0 0 
1 0.65033 0.282457 0.0605267 0.00486667 0.000158333 3.33333e-06 0 0 0 0 0 0 0 0 0 0 0 0 0 
1 0.65063 0.280817 0.0597033 0.004585 0.000148333 1.66667e-06 0 0 0 0 0 0 0 0 0 0 0 0 0 
1 0.65203 0.283225 0.061395 0.004905 0.000153333 0 0 0 0 0 0 0 0 0 0 0 0 0 0 
1 0.649243 0.281633 0.0606883 0.00474167 0.00019 3.33333e-06 0 0 0 0 0 0 0 0 0 0 0 0 0 
1 0.650965 0.282388 0.0605633 0.00484 0.000183333 1.66667e-06 0 0 0 0 0 0 0 0 0 0 0 0 0 
1 0.65055 0.28232 0.0606783 0.00469167 0.000123333 1.66667e-06 0 0 0 0 0 0 0 0 0 0 0 0 0 
1 0.649547 0.280765 0.0595167 0.00467167 0.000186667 5e-06 0 0 0 0 0 0 0 0 0 0 0 0 0 
