1 0.498982 0.132897 0.0136 0.000625 5e-06 0 0 0 0 0 0 0 0 0 0 0 0 0 0 
1 0.499447 0.13286 0.0135075 0.0005375 2.5e-06 0 0 0 0 0 0 0 0 0 0 0 0 0 0 
1 0.501347 0.134315 0.0135525 0.0005475 1.75e-05 0 0 0 0 0 0 0 0 0 0 0 0 0 0 
1 0.500957 0.134003 0.013485 0.0005375 2.25e-05 0 0 0 0 0 0 0 0 0 0 0 0 0 0 
1 0.498722 0.1327 0.013265 0.0005475 1.75e-05 0 0 0 0 0 0 0 0 0 0 0 0 0 0 
1 0.49988 0.13365 0.0136175 0.00052 1.5e-05 0 0 0 0 0 0 0 0 0 0 0 0 0 0 
1 0.499437 0.133643 0.013255 0.000475 1.25e-05 0 0 0 0 0 0 0 0 0 0 0 0 0 0 
1 0.500057 0.133787 0.0138075 0.0005775 1.75e-05 0 0 0 0 0 0 0 0 0 0 0 0 0 0 
1 0.501645 0.133705 0.0132 0.0005075 1e-05 2.5e-06 0 0 0 0 0 0 0 0 0 0 0 0 0 
1 0.498477 0.133207 0.01382 0.0005375 2.25e-05 0 0 0 0 0 0 0 0 0 0 0 0 0 0 
1 0.50083 0.135003 0.0139 0.00057 1.25e-05 0 0 0 0 0 0 0 0 0 0 0 0 0 0 
1 0.499357 0.133473 0.013845 0.000555 2.75e-05 0 0 0 0 0 0 0 0 0 0 0 0 0 0 
1 0.499232 0.133155 0.01376 0.0005775 1.5e-05 0 0 0 0 0 0 0 0 0 0 0 0 0 0 
1 0.500547 0.133512 0.0131275 0.00049 3.25e-05 2.5e-06 0 0 0 0 0 0 0 0 0 0 0 0 0 
1 0.498567 0.133405 0.01331 0.00049 2e-05 0 0 0 0 0 0 0 0 0 0 0 0 0 0 
1 0.500692 0.133795 0.01368 0.000565 1.25e-05 0 0 0 0 0 0 0 0 0 0 0 0 0 0 
1 0.500502 0.13362 0.013715 0.000665 1.5e-05 0 0 0 0 0 0 0 0 0 0 0 0 0 0 
1 0.500687 0.132995 0.0136775 0.0005175 7.5e-06 0 0 0 0 0 0 0 0 0 0 0 0 0 0 
1 0.498757 0.13255 0.013185 0.00053 1.25e-05 0 0 0 0 0 0 0 0 0 0 0 0 0 0 
1 0.501645 0.133695 0.0139225 0.0006375 2.5e-05 0 0 0 0 0 0 0 0 0 0 0 0 0 0 
1 0.500917 0.13397 0.013695 0.00065 4e-05 0 0 0 0 0 0 0 0 0 0 0 0 0 0 
1 0.500847 0.13396 0.0140125 0.000575 2.75e-05 0 0 0 0 0 0 0 0 0 0 0 0 0 0 
1 0.500505 0.133615 0.01379 0.0005075 2e-05 0 0 0 0 0 0 0 0 0 0 0 0 0 0 
1 0.49938 0.133845 0.0133775 0.00057 5e-06 0 0 0 0 0 0 0 0 0 0 0 0 0 0 
1 0.500215 0.133652 0.01379 0.0005175 2e-05 2.5e-06 0 0 0 0 0 0 0 0 0 0 0 0 0 
1 0.499332 0.133358 0.0135675 0.000605 2e-05 0 0 0 0 0 0 0 0 0 0 0 0 0 0 
1 0.501992 0.134658 0.013735 0.000565 1e-05 0 0 0 0 0 0 0 0 0 0 0 0 0 0 
1 0.500085 0.13377 0.0137825 0.000555 1.75e-05 0 0 0 0 0 0 0 0 0 0 0 0 0 0 
1 0.49947 0.132428 0.0135375 0.0005475 1.75e-05 0 0 0 0 0 0 0 0 0 0 0 0 0 0 
1 0.500592 0.133742 0.013575 0.000565 1.5e-05 0 0 0 0 0 0 0 0 0 0 0 0 0 0 
1 0.499772 0.133233 0.01336 0.00063 2.5e-05 0 0 0 0 0 0 0 0 0 0 0 0 0 0 
1 0.49846 0.13264 0.0135825 0.00052 1e-05 0 0 0 0 0 0 0 0 0 0 0 0 0 0 
1 0.50066 0.133863 0.013645 0.0005725 2.5e-05 0 0 0 0 0 0 0 0 0 0 0 0 0 0 
1 0.500405 0.1341 0.01352 0.000505 1e-05 0 0 0 0 0 0 0 0 0 0 0 0 0 0 
1 0.500025 0.133383 0.013825 0.0005175 7.5e-06 0 0 0 0 0 0 0 0 0 0 0 0 0 0 
1 0.498845 0.13227 0.0129225 0.000525 2e-05 0 0 0 0 0 0 0 0 0 0 0 0 0 0 
1 0.49998 0.133235 0.013795 0.0005225 1.5e-05 0 0 0 0 0 0 0 0 0 0 0 0 0 0 
1 0.501125 0.134407 0.0138025 0.0004775 1e-05 0 0 0 0 0 0 0 0 0 0 0 0 0 0 
1 0.500472 0.134195 0.01339 0.0005575 7.5e-06 0 0 0 0 0 0 0 0 0 0 0 0 0 0 
1 0.497665 0.132933 0.013505 0.0006 1.25e-05 0 0 0 0 0 0 0 0 0 0 0 0 0 0 
1 0.500015 0.13351 0.013115 0.00055 2e-05 0 0 0 0 0 0 0 0 0 0 0 0 0 0 
1 0.50008 0.134325 0.0139925 0.0005775 2e-05 2.5e-06 0 0 0 0 0 0 0 0 0 0 0 0 0 
1 0.499167 0.132825 0.013505 0.0005275 1.5e-05 0 0 0 0 0 0 0 0 0 0 0 0 0 0 
1 0.500855 0.133775 0.01344 0.00057 7.5e-06 0 0 0 0 0 0 0 0 0 0 0 0 0 0 
1 0.499337 0.133085 0.013995 0.000645 1.5e-05 0 0 0 0 0 0 0 0 0 0 0 0 0 0 
1 0.500847 0.134258 0.01374 0.0005075 1e-05 0 0 0 0 0 0 0 0 0 0 0 0 0 0 
1 0.500272 0.133235 0.013545 0.0005625 2.5e-05 2.5e-06 0 0 0 0 0 0 0 0 0 0 0 0 0 
1 0.500237 0.133683 0.0135725 0.0005875 1.5e-05 2.5e-06 0 0 0 0 0 0 0 0 0 0 0 0 0 
1 0.4999 0.134242 0.013935 0.000575 1.25e-05 0 0 0 0 0 0 0 0 0 0 0 0 0 0 
1 0.49949 0.134315 0.0139375 0.0006275 1.75e-05 2.5e-06 0 0 0 0 0 0 0 0 0 0 0 0 0 
1 0.500202 0.13307 0.01325 0.0006025 2e-05 2.5e-06 0 0 0 0 0 0 0 0 0 0 0 0 0 
1 0.498952 0.133 0.0134375 0.0006 1.5e-05 0 0 0 0 0 0 0 0 0 0 0 0 0 0 
1 0.498457 0.131773 0.013225 0.0005325 7.5e-06 0 0 0 0 0 0 0 0 0 0 0 0 0 0 
1 0.499087 0.132935 0.013415 0.0005025 2e-05 0 0 0 0 0 0 0 0 0 0 0 0 0 0 
1 0.500405 0.134047 0.013615 0.0006 1.5e-05 0 0 0 0 0 0 0 0 0 0 0 0 0 0 
1 0.499995 0.132423 0.0134775 0.0004775 1e-05 0 0 0 0 0 0 0 0 0 0 0 0 0 0 
1 0.50086 0.133783 0.0135125 0.0005575 2.25e-05 0 0 0 0 0 0 0 0 0 0 0 0 0 0 
1 0.50145 0.135253 0.01376 0.0006 1.5e-05 0 0 0 0 0 0 0 0 0 0 0 0 0 0 
1 0.497682 0.132173 0.013015 0.0005175 2.25e-05 0 0 0 0 0 0 0 0 0 0 0 0 0 0 
1 0.50045 0.133902 0.013255 0.0005375 7.5e-06 0 0 0 0 0 0 0 0 0 0 0 0 0 0 
1 0.500842 0.133907 0.0138925 0.0005825 2.25e-05 0 0 0 0 0 0 0 0 0 0 0 0 0 0 
1 0.50062 0.133672 0.01342 0.000535 1.25e-05 0 0 0 0 0 0 0 0 0 0 0 0 0 0 
1 0.49992 0.13363 0.0139725 0.00069 3.5e-05 0 0 0 0 0 0 0 0 0 0 0 0 0 0 
1 0.500315 0.133273 0.0140275 0.000555 1e-05 0 0 0 0 0 0 0 0 0 0 0 0 0 0 
1 0.50097 0.134528 0.0141325 0.00056 7.5e-06 0 0 0 0 0 0 0 0 0 0 0 0 0 0 
1 0.498692 0.132255 0.013555 0.0005375 2.75e-05 0 0 0 0 0 0 0 0 0 0 0 0 0 0 
1 0.499427 0.132563 0.013295 0.0005675 2.5e-06 0 0 0 0 0 0 0 0 0 0 0 0 0 0 
1 0.499862 0.134335 0.013665 0.0005125 1.25e-05 0 0 0 0 0 0 0 0 0 0 0 0 0 0 
1 0.499292 0.133063 0.0136925 0.00054 5e-06 0 0 0 0 0 0 0 0 0 0 0 0 0 0 
1 0.501082 0.133742 0.0134825 0.00052 2.25e-05 0 0 0 0 0 0 0 0 0 0 0 0 0 0 
1 0.49853 0.13237 0.01332 0.00059 1.5e-05 0 0 0 0 0 0 0 0 0 0 0 0 0 0 
1 0.498582 0.13283 0.01368 0.000535 3e-05 0 0 0 0 0 0 0 0 0 0 0 0 0 0 
1 0.498922 0.132198 0.0131075 0.00055 1.25e-05 0 0 0 0 0 0 0 0 0 0 0 0 0 0 
1 0.501122 0.133538 0.013555 0.00056 1.75e-05 0 0 0 0 0 0 0 0 0 0 0 0 0 0 
1 0.50016 0.133187 0.0137725 0.00058 7.5e-06 0 0 0 0 0 0 0 0 0 0 0 0 0 0 
1 0.499795 0.1338 0.0138275 0.00059 1.75e-05 0 0 0 0 0 0 0 0 0 0 0 0 0 0 
1 0.499165 0.133143 0.0136775 0.000605 2.5e-05 2.5e-06 0 0 0 0 0 0 0 0 0 0 0 0 0 
1 0.498852 0.133045 0.013345 0.00047 5e-06 0 0 0 0 0 0 0 0 0 0 0 0 0 0 
1 0.498337 0.132583 0.0134 0.0005375 2.75e-05 0 0 0 0 0 0 0 0 0 0 0 0 0 0 
1 0.499765 0.13354 0.01339 0.0005075 1.75e-05 0 0 0 0 0 0 0 0 0 0 0 0 0 0 
1 0.497435 0.131715 0.013195 0.00045 1.75e-05 0 0 0 0 0 0 0 0 0 0 0 0 0 0 
1 0.500332 0.133573 0.01373 0.0005475 7.5e-06 0 0 0 0 0 0 0 0 0 0 0 0 0 0 
1 0.499242 0.133745 0.0136675 0.00053 2.5e-05 2.5e-06 0 0 0 0 0 0 0 0 0 0 0 0 0 
1 0.500405 0.13303 0.01392 0.00064 2.25e-05 0 0 0 0 0 0 0 0 0 0 0 0 0 0 
1 0.499775 0.133065 0.0136075 0.00051 1.25e-05 0 0 0 0 0 0 0 0 0 0 0 0 0 0 
1 0.500245 0.135275 0.013835 0.00057 1.5e-05 0 0 0 0 0 0 0 0 0 0 0 0 0 0 
1 0.499042 0.13372 0.01367 0.000545 1.75e-05 0 0 0 0 0 0 0 0 0 0 0 0 0 0 
1 0.50175 0.133277 0.0135125 0.00065 1.75e-05 0 0 0 0 0 0 0 0 0 0 0 0 0 0 
1 0.500015 0.13357 0.0138075 0.00055 1.5e-05 0 0 0 0 0 0 0 0 0 0 0 0 0 0 
1 0.50019 0.132635 0.0133175 0.0005325 1.75e-05 0 0 0 0 0 0 0 0 0 0 0 0 0 0 
1 0.499657 0.13385 0.013815 0.000545 1.75e-05 0 0 0 0 0 0 0 0 0 0 0 0 0 0 
1 0.500247 0.133125 0.01356 0.000595 1.75e-05 0 0 0 0 0 0 0 0 0 0 0 0 0 0 
1 0.498087 0.1327 0.013755 0.0005325 1e-05 0 0 0 0 0 0 0 0 0 0 0 0 0 0 
1 0.50055 0.134407 0.0136225 0.00062 1.75e-05 0 0 0 0 0 0 0 0 0 0 0 0 0 0 
1 0.500722 0.133592 0.0137725 0.0005625 1.5e-05 0 0 0 0 0 0 0 0 0 0 0 0 0 0 
1 0.499222 0.13223 0.01336 0.00059 1.25e-05 2.5e-06 0 0 0 0 0 0 0 0 0 0 0 0 0 
1 0.500462 0.133698 0.0139175 0.00059 1.75e-05 0 0 0 0 0 0 0 0 0 0 0 0 0 0 
1 0.499812 0.133697 0.0132975 0.000535 1.25e-05 0 0 0 0 0 0 0 0 0 0 0 0 0 0 
1 0.499332 0.132513 0.0136625 0.0005225 1e-05 0 0 0 0 0 0 0 0 0 0 0 0 0 0 
1 0.499237 0.133843 0.0137325 0.000525 2.5e-05 0 0 0 0 0 0 0 0 0 0 0 0 0 0 
1 0.500312 0.132563 0.0132075 0.000525 7.5e-06 0 0 0 0 0 0 0 0 0 0 0 0 0 0 
1 0.497062 0.13183 0.0131625 0.0005275 1.5e-05 2.5e-06 0 0 0 0 0 0 0 0 0 0 0 0 0 
1 0.500425 0.132295 0.0135825 0.00067 1e-05 0 0 0 0 0 0 0 0 0 0 0 0 0 0 
1 0.499887 0.134225 0.0139875 0.0006625 1e-05 0 0 0 0 0 0 0 0 0 0 0 0 0 0 
1 0.498987 0.133045 0.01359 0.0005525 1.25e-05 0 0 0 0 0 0 0 0 0 0 0 0 0 0 
1 0.500902 0.134332 0.0135775 0.00061 2.75e-05 2.5e-06 0 0 0 0 0 0 0 0 0 0 0 0 0 
1 0.500895 0.133313 0.0133475 0.0004975 1.25e-05 0 0 0 0 0 0 0 0 0 0 0 0 0 0 
1 0.500015 0.132438 0.0135525 0.000565 7.5e-06 0 0 0 0 0 0 0 0 0 0 0 0 0 0 
1 0.498817 0.133973 0.0135475 0.0005025 1.5e-05 0 0 0 0 0 0 0 0 0 0 0 0 0 0 
1 0.500757 0.13461 0.0137475 0.000475 1.25e-05 0 0 0 0 0 0 0 0 0 0 0 0 0 0 
1 0.497785 0.132605 0.01369 0.00058 2.25e-05 0 0 0 0 0 0 0 0 0 0 0 0 0 0 
1 0.499355 0.133713 0.01371 0.00059 1.75e-05 0 0 0 0 0 0 0 0 0 0 0 0 0 0 
1 0.499172 0.131658 0.01309 0.000515 2e-05 0 0 0 0 0 0 0 0 0 0 0 0 0 0 
1 0.49882 0.132938 0.01337 0.0005475 1.5e-05 0 0 0 0 0 0 0 0 0 0 0 0 0 0 
1 0.500075 0.134652 0.0134725 0.000495 2e-05 0 0 0 0 0 0 0 0 0 0 0 0 0 0 
1 0.499017 0.13299 0.0136325 0.0005325 1.75e-05 0 0 0 0 0 0 0 0 0 0 0 0 0 0 
1 0.499755 0.132175 0.0133775 0.0005125 2.25e-05 0 0 0 0 0 0 0 0 0 0 0 0 0 0 
1 0.498137 0.131083 0.012975 0.000545 1.5e-05 0 0 0 0 0 0 0 0 0 0 0 0 0 0 
1 0.499677 0.133 0.0133825 0.0005175 1.5e-05 0 0 0 0 0 0 0 0 0 0 0 0 0 0 
1 0.49886 0.132877 0.0137175 0.0006 7.5e-06 0 0 0 0 0 0 0 0 0 0 0 0 0 0 
1 0.501007 0.132768 0.0133825 0.0005875 1e-05 0 0 0 0 0 0 0 0 0 0 0 0 0 0 
1 0.499887 0.132623 0.0136425 0.0005525 1e-05 0 0 0 0 0 0 0 0 0 0 0 0 0 0 
1 0.5018 0.134735 0.01384 0.0005525 1.5e-05 0 0 0 0 0 0 0 0 0 0 0 0 0 0 
1 0.500197 0.133203 0.01356 0.000505 1.25e-05 0 0 0 0 0 0 0 0 0 0 0 0 0 0 
1 0.500477 0.13388 0.0139125 0.00056 1e-05 0 0 0 0 0 0 0 0 0 0 0 0 0 0 
1 0.49943 0.132033 0.013145 0.0004975 1.5e-05 0 0 0 0 0 0 0 0 0 0 0 0 0 0 
1 0.500612 0.135307 0.01366 0.000585 1.5e-05 0 0 0 0 0 0 0 0 0 0 0 0 0 0 
1 0.501075 0.133135 0.0136025 0.00051 2e-05 0 0 0 0 0 0 0 0 0 0 0 0 0 0 
1 0.50063 0.134497 0.01414 0.0005375 1e-05 0 0 0 0 0 0 0 0 0 0 0 0 0 0 
1 0.498962 0.132732 0.013115 0.0005875 1.5e-05 2.5e-06 0 0 0 0 0 0 0 0 0 0 0 0 0 
1 0.501257 0.13348 0.0138175 0.00057 2.25e-05 0 0 0 0 0 0 0 0 0 0 0 0 0 0 
1 0.500075 0.134062 0.0138 0.0005 2.5e-06 0 0 0 0 0 0 0 0 0 0 0 0 0 0 
1 0.500182 0.134032 0.01398 0.0004975 2.25e-05 0 0 0 0 0 0 0 0 0 0 0 0 0 0 
1 0.499197 0.131885 0.013215 0.0005375 1.75e-05 0 0 0 0 0 0 0 0 0 0 0 0 0 0 
1 0.499445 0.133425 0.013835 0.0005675 2e-05 0 0 0 0 0 0 0 0 0 0 0 0 0 0 
1 0.498697 0.132818 0.013725 0.00056 1.25e-05 0 0 0 0 0 0 0 0 0 0 0 0 0 0 
1 0.501147 0.133492 0.0136975 0.00049 2.25e-05 0 0 0 0 0 0 0 0 0 0 0 0 0 0 
1 0.499742 0.132907 0.0137025 0.00051 2.25e-05 0 0 0 0 0 0 0 0 0 0 0 0 0 0 
1 0.50029 0.13367 0.0135175 0.000485 2e-05 0 0 0 0 0 0 0 0 0 0 0 0 0 0 
1 0.498542 0.132688 0.013425 0.0005675 2.25e-05 0 0 0 0 0 0 0 0 0 0 0 0 0 0 
1 0.500135 0.132617 0.013425 0.0005025 1.25e-05 0 0 0 0 0 0 0 0 0 0 0 0 0 0 
1 0.499482 0.1332 0.0136475 0.0005275 2.25e-05 0 0 0 0 0 0 0 0 0 0 0 0 0 0 
1 0.49947 0.13325 0.0136125 0.00055 1.5e-05 0 0 0 0 0 0 0 0 0 0 0 0 0 0 
1 0.49991 0.132877 0.0135625 0.0006075 1.5e-05 0 0 0 0 0 0 0 0 0 0 0 0 0 0 
1 0.50009 0.133562 0.013605 0.0005475 2e-05 0 0 0 0 0 0 0 0 0 0 0 0 0 0 
1 0.49953 0.132582 0.0135475 0.00064 1.25e-05 0 0 0 0 0 0 0 0 0 0 0 0 0 0 
1 0.500037 0.134612 0.01399 0.00056 1.75e-05 0 0 0 0 0 0 0 0 0 0 0 0 0 0 
1 0.499817 0.13366 0.013915 0.000585 2.25e-05 0 0 0 0 0 0 0 0 0 0 0 0 0 0 
1 0.499855 0.13335 0.0134375 0.000595 2.25e-05 0 0 0 0 0 0 0 0 0 0 0 0 0 0 
1 0.499137 0.13277 0.01345 0.000575 2.5e-05 0 0 0 0 0 0 0 0 0 0 0 0 0 0 
1 0.500505 0.13304 0.0132775 0.0005125 7.5e-06 0 0 0 0 0 0 0 0 0 0 0 0 0 0 
1 0.500817 0.134318 0.013935 0.0005525 2.25e-05 0 0 0 0 0 0 0 0 0 0 0 0 0 0 
1 0.50075 0.133877 0.0136225 0.0006075 1.5e-05 0 0 0 0 0 0 0 0 0 0 0 0 0 0 
1 0.501305 0.134413 0.0137475 0.00058 1e-05 0 0 0 0 0 0 0 0 0 0 0 0 0 0 
1 0.498625 0.132718 0.01335 0.000505 1.25e-05 0 0 0 0 0 0 0 0 0 0 0 0 0 0 
1 0.500085 0.133265 0.01375 0.000555 1.5e-05 0 0 0 0 0 0 0 0 0 0 0 0 0 0 
1 0.500282 0.134492 0.0136725 0.000605 1.25e-05 0 0 0 0 0 0 0 0 0 0 0 0 0 0 
1 0.500485 0.13316 0.013465 0.0006 1.5e-05 0 0 0 0 0 0 0 0 0 0 0 0 0 0 
1 0.500085 0.133655 0.013815 0.000625 2e-05 2.5e-06 0 0 0 0 0 0 0 0 0 0 0 0 0 
1 0.49786 0.131958 0.01334 0.00056 1.25e-05 0 0 0 0 0 0 0 0 0 0 0 0 0 0 
1 0.500572 0.134567 0.01361 0.000585 1.5e-05 0 0 0 0 0 0 0 0 0 0 0 0 0 0 
1 0.500267 0.13341 0.01359 0.000525 1.25e-05 2.5e-06 0 0 0 0 0 0 0 0 0 0 0 0 0 
1 0.500302 0.13336 0.0136725 0.000645 2.25e-05 0 0 0 0 0 0 0 0 0 0 0 0 0 0 
1 0.500327 0.134452 0.01375 0.0006025 1.5e-05 0 0 0 0 0 0 0 0 0 0 0 0 0 0 
1 0.501857 0.134607 0.0140525 0.0006175 1e-05 2.5e-06 0 0 0 0 0 0 0 0 0 0 0 0 0 
1 0.50144 0.134062 0.0135525 0.0005925 1.75e-05 0 0 0 0 0 0 0 0 0 0 0 0 0 0 
1 0.500097 0.132788 0.0134025 0.000585 1e-05 0 0 0 0 0 0 0 0 0 0 0 0 0 0 
1 0.498735 0.133483 0.013475 0.00051 1.25e-05 0 0 0 0 0 0 0 0 0 0 0 0 0 0 
1 0.499065 0.132833 0.01356 0.000645 1.25e-05 0 0 0 0 0 0 0 0 0 0 0 0 0 0 
1 0.49985 0.134107 0.0136525 0.0004975 1.5e-05 0 0 0 0 0 0 0 0 0 0 0 0 0 0 
1 0.500235 0.133537 0.0134725 0.000505 1.25e-05 0 0 0 0 0 0 0 0 0 0 0 0 0 0 
1 0.499265 0.133523 0.01409 0.000545 2.5e-05 0 0 0 0 0 0 0 0 0 0 0 0 0 0 
1 0.49967 0.133582 0.01405 0.0006175 2.5e-05 5e-06 0 0 0 0 0 0 0 0 0 0 0 0 0 
1 0.500672 0.133215 0.0135875 0.0005725 3.75e-05 0 0 0 0 0 0 0 0 0 0 0 0 0 0 
1 0.49814 0.13175 0.0133875 0.00051 2.25e-05 0 0 0 0 0 0 0 0 0 0 0 0 0 0 
1 0.500252 0.134405 0.0136475 0.0005425 2.5e-06 0 0 0 0 0 0 0 0 0 0 0 0 0 0 
1 0.499917 0.133355 0.0136425 0.0005975 1.25e-05 0 0 0 0 0 0 0 0 0 0 0 0 0 0 
1 0.501895 0.134492 0.013895 0.0005225 1.25e-05 0 0 0 0 0 0 0 0 0 0 0 0 0 0 
1 0.50155 0.13428 0.01367 0.00057 1.5e-05 0 0 0 0 0 0 0 0 0 0 0 0 0 0 
1 0.500295 0.134023 0.0142175 0.000625 1.75e-05 0 0 0 0 0 0 0 0 0 0 0 0 0 0 
1 0.501182 0.134283 0.0136025 0.00057 1e-05 0 0 0 0 0 0 0 0 0 0 0 0 0 0 
1 0.49973 0.132428 0.0133475 0.0006525 2.5e-05 0 0 0 0 0 0 0 0 0 0 0 0 0 0 
1 0.498985 0.133228 0.0133475 0.0005025 1.5e-05 0 0 0 0 0 0 0 0 0 0 0 0 0 0 
1 0.498682 0.132922 0.013595 0.00056 5e-06 0 0 0 0 0 0 0 0 0 0 0 0 0 0 
1 0.50087 0.13452 0.01385 0.000525 1.75e-05 0 0 0 0 0 0 0 0 0 0 0 0 0 0 
1 0.500212 0.134263 0.013745 0.0005075 7.5e-06 0 0 0 0 0 0 0 0 0 0 0 0 0 0 
1 0.50012 0.134082 0.0136625 0.000575 7.5e-06 0 0 0 0 0 0 0 0 0 0 0 0 0 0 
1 0.499862 0.132818 0.01362 0.0005775 2e-05 0 0 0 0 0 0 0 0 0 0 0 0 0 0 
1 0.500395 0.134225 0.0142075 0.0006575 2.25e-05 0 0 0 0 0 0 0 0 0 0 0 0 0 0 
1 0.503415 0.134765 0.013815 0.000555 1.25e-05 0 0 0 0 0 0 0 0 0 0 0 0 0 0 
1 0.499512 0.133168 0.013705 0.0005675 2e-05 0 0 0 0 0 0 0 0 0 0 0 0 0 0 
1 0.49976 0.13276 0.01337 0.0005775 2e-05 0 0 0 0 0 0 0 0 0 0 0 0 0 0 
1 0.501842 0.134502 0.01417 0.0005375 1e-05 2.5e-06 0 0 0 0 0 0 0 0 0 0 0 0 0 
1 0.501807 0.134042 0.01357 0.0005025 1.5e-05 0 0 0 0 0 0 0 0 0 0 0 0 0 0 
1 0.49935 0.132738 0.0130625 0.0005 1e-05 0 0 0 0 0 0 0 0 0 0 0 0 0 0 
1 0.498655 0.130818 0.0125475 0.00051 1.25e-05 0 0 0 0 0 0 0 0 0 0 0 0 0 0 
1 0.498915 0.133073 0.0135775 0.000585 1.25e-05 0 0 0 0 0 0 0 0 0 0 0 0 0 0 
1 0.49883 0.133757 0.01355 0.000555 1.5e-05 0 0 0 0 0 0 0 0 0 0 0 0 0 0 
1 0.499135 0.134078 0.013665 0.00054 7.5e-06 0 0 0 0 0 0 0 0 0 0 0 0 0 0 
1 0.500382 0.133948 0.0138175 0.0006075 7.5e-06 0 0 0 0 0 0 0 0 0 0 0 0 0 0 
1 0.500852 0.134155 0.0139775 0.000535 1.25e-05 0 0 0 0 0 0 0 0 0 0 0 0 0 0 
1 0.501257 0.134077 0.013735 0.0005875 2e-05 0 0 0 0 0 0 0 0 0 0 0 0 0 0 
1 0.500752 0.13282 0.013215 0.000535 2e-05 2.5e-06 0 0 0 0 0 0 0 0 0 0 0 0 0 
1 0.499832 0.133795 0.0131875 0.0005075 1.25e-05 0 0 0 0 0 0 0 0 0 0 0 0 0 0 
1 0.498792 0.133455 0.01394 0.000585 1.5e-05 0 0 0 0 0 0 0 0 0 0 0 0 0 0 
1 0.500015 0.133572 0.01385 0.0005825 1.5e-05 0 0 0 0 0 0 0 0 0 0 0 0 0 0 
1 0.50021 0.133063 0.01352 0.00052 1.25e-05 0 0 0 0 0 0 0 0 0 0 0 0 0 0 
1 0.49984 0.132795 0.0134025 0.00061 1.5e-05 0 0 0 0 0 0 0 0 0 0 0 0 0 0 
1 0.49981 0.133025 0.0135025 0.0005725 2e-05 0 0 0 0 0 0 0 0 0 0 0 0 0 0 
1 0.499897 0.133183 0.01373 0.0006025 2.75e-05 2.5e-06 0 0 0 0 0 0 0 0 0 0 0 0 0 
1 0.499955 0.13324 0.01405 0.000685 2.5e-05 0 0 0 0 0 0 0 0 0 0 0 0 0 0 
1 0.499135 0.13338 0.01386 0.0004575 1.5e-05 0 0 0 0 0 0 0 0 0 0 0 0 0 0 
1 0.498622 0.13371 0.013495 0.0005175 2e-05 0 0 0 0 0 0 0 0 0 0 0 0 0 0 
1 0.500547 0.133665 0.013805 0.000545 2.5e-06 0 0 0 0 0 0 0 0 0 0 0 0 0 0 
1 0.499105 0.133598 0.0137 0.00063 1.25e-05 0 0 0 0 0 0 0 0 0 0 0 0 0 0 
1 0.500732 0.13429 0.0136925 0.00055 1.25e-05 5e-06 0 0 0 0 0 0 0 0 0 0 0 0 0 
1 0.501042 0.134055 0.0137375 0.0005375 1.5e-05 0 0 0 0 0 0 0 0 0 0 0 0 0 0 
1 0.49929 0.13345 0.0135825 0.0005075 1.5e-05 2.5e-06 0 0 0 0 0 0 0 0 0 0 0 0 0 
1 0.498642 0.132768 0.01358 0.0006075 2e-05 0 0 0 0 0 0 0 0 0 0 0 0 0 0 
1 0.500495 0.133585 0.0134375 0.000565 2e-05 0 0 0 0 0 0 0 0 0 0 0 0 0 0 
1 0.501452 0.134505 0.0137125 0.000505 7.5e-06 0 0 0 0 0 0 0 0 0 0 0 0 0 0 
1 0.500335 0.13253 0.013455 0.0005175 1.75e-05 2.5e-06 0 0 0 0 0 0 0 0 0 0 0 0 0 
1 0.500025 0.134105 0.013705 0.0004925 1.5e-05 0 0 0 0 0 0 0 0 0 0 0 0 0 0 
1 0.50024 0.133147 0.0134025 0.0005475 7.5e-06 0 0 0 0 0 0 0 0 0 0 0 0 0 0 
1 0.498592 0.132867 0.0128675 0.0005425 1e-05 0 0 0 0 0 0 0 0 0 0 0 0 0 0 
1 0.500295 0.133193 0.0134 0.000525 1e-05 0 0 0 0 0 0 0 0 0 0 0 0 0 0 
1 0.499082 0.13322 0.0133925 0.0005225 1.25e-05 0 0 0 0 0 0 0 0 0 0 0 0 0 0 
1 0.50088 0.134342 0.013785 0.000525 7.5e-06 0 0 0 0 0 0 0 0 0 0 0 0 0 0 
1 0.500155 0.1343 0.013795 0.0005825 1.75e-05 0 0 0 0 0 0 0 0 0 0 0 0 0 0 
1 0.499257 0.13214 0.0132675 0.0004775 1.75e-05 0 0 0 0 0 0 0 0 0 0 0 0 0 0 
1 0.5014 0.134627 0.0137575 0.000565 1.25e-05 2.5e-06 0 0 0 0 0 0 0 0 0 0 0 0 0 
1 0.499185 0.133335 0.01366 0.00058 3.25e-05 0 0 0 0 0 0 0 0 0 0 0 0 0 0 
1 0.49876 0.133068 0.01309 0.0005475 2.5e-05 2.5e-06 0 0 0 0 0 0 0 0 0 0 0 0 0 
1 0.501267 0.134177 0.0138025 0.000565 2.25e-05 2.5e-06 0 0 0 0 0 0 0 0 0 0 0 0 0 
1 0.500237 0.134058 0.01368 0.0005875 1e-05 0 0 0 0 0 0 0 0 0 0 0 0 0 0 
1 0.498955 0.132715 0.0132025 0.000495 1e-05 0 0 0 0 0 0 0 0 0 0 0 0 0 0 
1 0.501495 0.13497 0.014245 0.00059 1.5e-05 0 0 0 0 0 0 0 0 0 0 0 0 0 0 
1 0.500397 0.1325 0.0129925 0.000545 1.5e-05 0 0 0 0 0 0 0 0 0 0 0 0 0 0 
1 0.499417 0.133032 0.013405 0.0005375 2e-05 0 0 0 0 0 0 0 0 0 0 0 0 0 0 
1 0.50103 0.134075 0.01357 0.0005875 1.5e-05 0 0 0 0 0 0 0 0 0 0 0 0 0 0 
1 0.500467 0.133515 0.013785 0.000645 1.75e-05 0 0 0 0 0 0 0 0 0 0 0 0 0 0 
1 0.50063 0.134945 0.0138475 0.0005475 5e-06 0 0 0 0 0 0 0 0 0 0 0 0 0 0 
1 0.499267 0.133585 0.013395 0.000485 1.5e-05 0 0 0 0 0 0 0 0 0 0 0 0 0 0 
1 0.499707 0.133697 0.0138725 0.00057 1.5e-05 0 0 0 0 0 0 0 0 0 0 0 0 0 0 
1 0.50073 0.135905 0.01424 0.000615 1.5e-05 0 0 0 0 0 0 0 0 0 0 0 0 0 0 
1 0.498705 0.132123 0.01331 0.000575 1.25e-05 0 0 0 0 0 0 0 0 0 0 0 0 0 0 
1 0.499257 0.133417 0.0137575 0.0005 1.25e-05 0 0 0 0 0 0 0 0 0 0 0 0 0 0 
1 0.500635 0.133925 0.013865 0.000535 2.5e-05 0 0 0 0 0 0 0 0 0 0 0 0 0 0 
1 0.498987 0.132708 0.013645 0.000575 1.25e-05 0 0 0 0 0 0 0 0 0 0 0 0 0 0 
1 0.50079 0.134613 0.01353 0.0005025 1e-05 0 0 0 0 0 0 0 0 0 0 0 0 0 0 
1 0.500485 0.13323 0.0133 0.0005375 1.75e-05 0 0 0 0 0 0 0 0 0 0 0 0 0 0 
1 0.499545 0.133273 0.013745 0.0005525 2.25e-05 2.5e-06 0 0 0 0 0 0 0 0 0 0 0 0 0 
1 0.499077 0.133005 0.013565 0.00054 1.5e-05 0 0 0 0 0 0 0 0 0 0 0 0 0 0 
1 0.498602 0.131208 0.0129475 0.0004975 1e-05 0 0 0 0 0 0 0 0 0 0 0 0 0 0 
1 0.500662 0.134877 0.01408 0.0005725 3.25e-05 2.5e-06 0 0 0 0 0 0 0 0 0 0 0 0 0 
1 0.499845 0.13344 0.01334 0.0005025 2.25e-05 0 0 0 0 0 0 0 0 0 0 0 0 0 0 
1 0.498705 0.13133 0.01279 0.0005825 1.25e-05 0 0 0 0 0 0 0 0 0 0 0 0 0 0 
1 0.499307 0.132973 0.014025 0.00056 1.25e-05 2.5e-06 0 0 0 0 0 0 0 0 0 0 0 0 0 
1 0.49943 0.13319 0.0136925 0.0005375 1e-05 0 0 0 0 0 0 0 0 0 0 0 0 0 0 
1 0.498567 0.133807 0.0134225 0.00061 2.75e-05 0 0 0 0 0 0 0 0 0 0 0 0 0 0 
1 0.499637 0.133053 0.0134775 0.000535 2e-05 0 0 0 0 0 0 0 0 0 0 0 0 0 0 
1 0.500902 0.133205 0.0136425 0.000545 2e-05 0 0 0 0 0 0 0 0 0 0 0 0 0 0 
1 0.501332 0.133897 0.013795 0.0006075 1e-05 0 0 0 0 0 0 0 0 0 0 0 0 0 0 
1 0.499557 0.132708 0.0137875 0.000575 1.5e-05 5e-06 0 0 0 0 0 0 0 0 0 0 0 0 0 
1 0.501022 0.134355 0.0137525 0.00055 1e-05 0 0 0 0 0 0 0 0 0 0 0 0 0 0 
1 0.500812 0.133508 0.0136425 0.000535 1e-05 0 0 0 0 0 0 0 0 0 0 0 0 0 0 
1 0.500405 0.13348 0.01371 0.00061 2.25e-05 0 0 0 0 0 0 0 0 0 0 0 0 0 0 
1 0.500227 0.13348 0.0134125 0.0005175 1.75e-05 0 0 0 0 0 0 0 0 0 0 0 0 0 0 
1 0.498925 0.132398 0.0134875 0.0005525 7.5e-06 0 0 0 0 0 0 0 0 0 0 0 0 0 0 
1 0.49945 0.132865 0.01341 0.0004575 5e-06 0 0 0 0 0 0 0 0 0 0 0 0 0 0 
1 0.498502 0.132163 0.01326 0.0006 3.25e-05 0 0 0 0 0 0 0 0 0 0 0 0 0 0 
1 0.499807 0.133582 0.0135425 0.000535 2e-05 0 0 0 0 0 0 0 0 0 0 0 0 0 0 
1 0.500812 0.133468 0.01372 0.00063 1.75e-05 0 0 0 0 0 0 0 0 0 0 0 0 0 0 
1 0.49965 0.132827 0.013345 0.0005375 1.5e-05 2.5e-06 0 0 0 0 0 0 0 0 0 0 0 0 0 
1 0.499975 0.13291 0.013265 0.0005825 2.5e-05 0 0 0 0 0 0 0 0 0 0 0 0 0 0 
1 0.500512 0.134143 0.0135125 0.0005475 1.25e-05 0 0 0 0 0 0 0 0 0 0 0 0 0 0 
1 0.500202 0.132738 0.0138075 0.0005525 7.5e-06 0 0 0 0 0 0 0 0 0 0 0 0 0 0 
1 0.497872 0.130875 0.0131025 0.0005225 5e-06 0 0 0 0 0 0 0 0 0 0 0 0 0 0 
1 0.50031 0.133175 0.0133925 0.00051 5e-06 0 0 0 0 0 0 0 0 0 0 0 0 0 0 
1 0.498872 0.13341 0.013885 0.0005625 1.25e-05 0 0 0 0 0 0 0 0 0 0 0 0 0 0 
1 0.500652 0.133658 0.013635 0.000545 1e-05 0 0 0 0 0 0 0 0 0 0 0 0 0 0 
1 0.498945 0.132215 0.01344 0.0005025 1.75e-05 0 0 0 0 0 0 0 0 0 0 0 0 0 0 
1 0.499505 0.1326 0.01339 0.0005625 1e-05 0 0 0 0 0 0 0 0 0 0 0 0 0 0 
1 0.501565 0.134175 0.0138375 0.0005825 2e-05 0 0 0 0 0 0 0 0 0 0 0 0 0 0 
1 0.500642 0.133398 0.01377 0.00054 1e-05 0 0 0 0 0 0 0 0 0 0 0 0 0 0 
1 0.499682 0.13282 0.01316 0.0005475 1.5e-05 0 0 0 0 0 0 0 0 0 0 0 0 0 0 
1 0.499665 0.13391 0.0135125 0.0005175 1.5e-05 0 0 0 0 0 0 0 0 0 0 0 0 0 0 
1 0.50036 0.133992 0.0135025 0.000525 1.75e-05 0 0 0 0 0 0 0 0 0 0 0 0 0 0 
1 0.498915 0.132065 0.013655 0.0005575 1.5e-05 0 0 0 0 0 0 0 0 0 0 0 0 0 0 
1 0.500125 0.132623 0.0132625 0.0005 2e-05 0 0 0 0 0 0 0 0 0 0 0 0 0 0 
1 0.500617 0.134293 0.013775 0.0006025 1.75e-05 0 0 0 0 0 0 0 0 0 0 0 0 0 0 
1 0.501097 0.133282 0.0131225 0.000525 1.75e-05 0 0 0 0 0 0 0 0 0 0 0 0 0 0 
1 0.500137 0.133385 0.0136225 0.000515 1e-05 0 0 0 0 0 0 0 0 0 0 0 0 0 0 
1 0.499035 0.13299 0.0134225 0.00059 1.5e-05 0 0 0 0 0 0 0 0 0 0 0 0 0 0 
1 0.499222 0.132935 0.0134775 0.000555 2.25e-05 0 0 0 0 0 0 0 0 0 0 0 0 0 0 
1 0.50131 0.133835 0.01339 0.00055 1.25e-05 0 0 0 0 0 0 0 0 0 0 0 0 0 0 
1 0.50008 0.1338 0.0136425 0.00056 7.5e-06 0 0 0 0 0 0 0 0 0 0 0 0 0 0 
1 0.500597 0.133685 0.013795 0.0005075 1.25e-05 0 0 0 0 0 0 0 0 0 0 0 0 0 0 
1 0.50022 0.13417 0.013635 0.00053 1e-05 0 0 0 0 0 0 0 0 0 0 0 0 0 0 
1 0.497875 0.133067 0.0133875 0.000525 2.5e-06 0 0 0 0 0 0 0 0 0 0 0 0 0 0 
1 0.498715 0.13354 0.013515 0.00058 1.25e-05 0 0 0 0 0 0 0 0 0 0 0 0 0 0 
1 0.498117 0.132805 0.013515 0.0005275 1.5e-05 0 0 0 0 0 0 0 0 0 0 0 0 0 0 
1 0.498997 0.132793 0.01333 0.00055 1.75e-05 0 0 0 0 0 0 0 0 0 0 0 0 0 0 
1 0.49886 0.132308 0.0136225 0.000565 1.25e-05 0 0 0 0 0 0 0 0 0 0 0 0 0 0 
1 0.499292 0.132657 0.0133 0.00051 2e-05 0 0 0 0 0 0 0 0 0 0 0 0 0 0 
1 0.498237 0.132458 0.013575 0.0005425 1.5e-05 0 0 0 0 0 0 0 0 0 0 0 0 0 0 
1 0.499927 0.133707 0.013785 0.00062 1.25e-05 0 0 0 0 0 0 0 0 0 0 0 0 0 0 
1 0.500432 0.132575 0.0132525 0.0005675 3e-05 2.5e-06 0 0 0 0 0 0 0 0 0 0 0 0 0 
1 0.501915 0.134715 0.0140275 0.00055 2e-05 2.5e-06 0 0 0 0 0 0 0 0 0 0 0 0 0 
1 0.500905 0.13364 0.0136675 0.0005425 1.75e-05 0 0 0 0 0 0 0 0 0 0 0 0 0 0 
1 0.50105 0.134247 0.013265 0.0005525 1.75e-05 0 0 0 0 0 0 0 0 0 0 0 0 0 0 
1 0.499675 0.133598 0.013555 0.0005425 2e-05 0 0 0 0 0 0 0 0 0 0 0 0 0 0 
1 0.50081 0.133592 0.0135225 0.00054 7.5e-06 0 0 0 0 0 0 0 0 0 0 0 0 0 0 
1 0.499655 0.13254 0.01352 0.00053 1.25e-05 0 0 0 0 0 0 0 0 0 0 0 0 0 0 
1 0.501357 0.133928 0.0136575 0.0005175 2.5e-06 0 0 0 0 0 0 0 0 0 0 0 0 0 0 
1 0.499347 0.133055 0.0138275 0.0005075 2.25e-05 0 0 0 0 0 0 0 0 0 0 0 0 0 0 
1 0.49991 0.132783 0.013525 0.00053 7.5e-06 0 0 0 0 0 0 0 0 0 0 0 0 0 0 
1 0.501202 0.134205 0.0139475 0.0005825 3e-05 2.5e-06 0 0 0 0 0 0 0 0 0 0 0 0 0 
1 0.499727 0.132937 0.013745 0.000555 2.5e-05 2.5e-06 0 0 0 0 0 0 0 0 0 0 0 0 0 
1 0.49988 0.133495 0.01349 0.0004825 2e-05 0 0 0 0 0 0 0 0 0 0 0 0 0 0 
1 0.50106 0.133547 0.0139325 0.0006325 7.5e-06 0 0 0 0 0 0 0 0 0 0 0 0 0 0 
1 0.500197 0.13367 0.0137475 0.00058 5e-06 0 0 0 0 0 0 0 0 0 0 0 0 0 0 
1 0.500532 0.135008 0.01353 0.0005775 7.5e-06 0 0 0 0 0 0 0 0 0 0 0 0 0 0 
1 0.499052 0.132808 0.0133175 0.000605 1.25e-05 0 0 0 0 0 0 0 0 0 0 0 0 0 0 
1 0.500075 0.134305 0.0133925 0.0005125 2e-05 0 0 0 0 0 0 0 0 0 0 0 0 0 0 
1 0.499502 0.133655 0.0134825 0.00052 1e-05 0 0 0 0 0 0 0 0 0 0 0 0 0 0 
1 0.499902 0.133667 0.01399 0.0005575 1.75e-05 2.5e-06 0 0 0 0 0 0 0 0 0 0 0 0 0 
1 0.498977 0.132755 0.0135275 0.0005175 1.25e-05 0 0 0 0 0 0 0 0 0 0 0 0 0 0 
1 0.501567 0.133532 0.013925 0.00052 1e-05 0 0 0 0 0 0 0 0 0 0 0 0 0 0 
1 0.500032 0.132842 0.013685 0.0005075 2e-05 0 0 0 0 0 0 0 0 0 0 0 0 0 0 
1 0.499482 0.132578 0.0134825 0.0005425 1.75e-05 0 0 0 0 0 0 0 0 0 0 0 0 0 0 
1 0.49976 0.133535 0.0134075 0.0005075 2.5e-05 0 0 0 0 0 0 0 0 0 0 0 0 0 0 
1 0.50063 0.133385 0.01346 0.0005375 1.25e-05 0 0 0 0 0 0 0 0 0 0 0 0 0 0 
1 0.499945 0.13365 0.01369 0.00065 2.5e-05 0 0 0 0 0 0 0 0 0 0 0 0 0 0 
1 0.49905 0.1338 0.0136325 0.0005625 1e-05 0 0 0 0 0 0 0 0 0 0 0 0 0 0 
1 0.498875 0.13202 0.013415 0.00066 1.25e-05 0 0 0 0 0 0 0 0 0 0 0 0 0 0 
1 0.499517 0.13215 0.0134925 0.00054 1.75e-05 0 0 0 0 0 0 0 0 0 0 0 0 0 0 
1 0.500245 0.133055 0.013305 0.000545 1.75e-05 2.5e-06 2.5e-06 0 0 0 0 0 0 0 0 0 0 0 0 
1 0.501827 0.134563 0.01367 0.00055 1.75e-05 5e-06 0 0 0 0 0 0 0 0 0 0 0 0 0 
1 0.500835 0.134707 0.01374 0.0005375 1.25e-05 0 0 0 0 0 0 0 0 0 0 0 0 0 0 
1 0.502375 0.134555 0.0136975 0.00059 2.75e-05 0 0 0 0 0 0 0 0 0 0 0 0 0 0 
1 0.49912 0.13277 0.013425 0.0005775 1.75e-05 0 0 0 0 0 0 0 0 0 0 0 0 0 0 
1 0.498282 0.132345 0.013725 0.0005575 1.25e-05 2.5e-06 0 0 0 0 0 0 0 0 0 0 0 0 0 
1 0.49997 0.133708 0.0137925 0.00057 1.25e-05 0 0 0 0 0 0 0 0 0 0 0 0 0 0 
1 0.500337 0.134758 0.014065 0.000575 1.25e-05 0 0 0 0 0 0 0 0 0 0 0 0 0 0 
1 0.501962 0.133845 0.01361 0.0005575 1.75e-05 5e-06 0 0 0 0 0 0 0 0 0 0 0 0 0 
1 0.50138 0.13538 0.0138875 0.0006 2.75e-05 2.5e-06 0 0 0 0 0 0 0 0 0 0 0 0 0 
1 0.500652 0.13459 0.0141325 0.0006525 2.5e-05 2.5e-06 0 0 0 0 0 0 0 0 0 0 0 0 0 
1 0.501837 0.134292 0.0136325 0.00053 1e-05 0 0 0 0 0 0 0 0 0 0 0 0 0 0 
1 0.498882 0.132495 0.013335 0.000585 7.5e-06 0 0 0 0 0 0 0 0 0 0 0 0 0 0 
1 0.498495 0.132358 0.0134325 0.0005475 2.5e-05 0 0 0 0 0 0 0 0 0 0 0 0 0 0 
1 0.501682 0.13541 0.014135 0.0005275 5e-06 0 0 0 0 0 0 0 0 0 0 0 0 0 0 
1 0.50052 0.133345 0.0137325 0.000665 1.5e-05 0 0 0 0 0 0 0 0 0 0 0 0 0 0 
1 0.501662 0.134562 0.01415 0.000525 7.5e-06 0 0 0 0 0 0 0 0 0 0 0 0 0 0 
1 0.49918 0.131853 0.013395 0.000505 1.75e-05 0 0 0 0 0 0 0 0 0 0 0 0 0 0 
1 0.500585 0.133337 0.0135925 0.0005875 2.25e-05 2.5e-06 0 0 0 0 0 0 0 0 0 0 0 0 0 
1 0.50024 0.132868 0.0132175 0.0006025 1.5e-05 0 0 0 0 0 0 0 0 0 0 0 0 0 0 
1 0.500142 0.133235 0.0135875 0.0005325 1e-05 0 0 0 0 0 0 0 0 0 0 0 0 0 0 
1 0.499582 0.134008 0.0135575 0.00047 2e-05 0 0 0 0 0 0 0 0 0 0 0 0 0 0 
1 0.499137 0.132575 0.01335 0.0005475 1.5e-05 0 0 0 0 0 0 0 0 0 0 0 0 0 0 
1 0.50122 0.13407 0.01362 0.000545 2e-05 0 0 0 0 0 0 0 0 0 0 0 0 0 0 
1 0.50057 0.134223 0.0134725 0.0005375 1.5e-05 2.5e-06 0 0 0 0 0 0 0 0 0 0 0 0 0 
1 0.499312 0.133615 0.0137675 0.000535 1.75e-05 0 0 0 0 0 0 0 0 0 0 0 0 0 0 
1 0.500472 0.133648 0.013835 0.00055 1.5e-05 2.5e-06 0 0 0 0 0 0 0 0 0 0 0 0 0 
1 0.499127 0.132562 0.01331 0.000525 1e-05 0 0 0 0 0 0 0 0 0 0 0 0 0 0 
1 0.499387 0.133093 0.013485 0.0005525 1e-05 0 0 0 0 0 0 0 0 0 0 0 0 0 0 
1 0.499725 0.13357 0.0135925 0.0005075 2e-05 2.5e-06 0 0 0 0 0 0 0 0 0 0 0 0 0 
1 0.499477 0.133865 0.01358 0.0005225 7.5e-06 0 0 0 0 0 0 0 0 0 0 0 0 0 0 
1 0.500915 0.13272 0.01311 0.0006 2e-05 0 0 0 0 0 0 0 0 0 0 0 0 0 0 
1 0.50051 0.134132 0.01348 0.00055 1.75e-05 2.5e-06 0 0 0 0 0 0 0 0 0 0 0 0 0 
1 0.501295 0.133313 0.01387 0.000585 5e-06 0 0 0 0 0 0 0 0 0 0 0 0 0 0 
1 0.501047 0.134312 0.01401 0.0006175 2e-05 0 0 0 0 0 0 0 0 0 0 0 0 0 0 
1 0.499212 0.13212 0.0133675 0.0005 2.25e-05 0 0 0 0 0 0 0 0 0 0 0 0 0 0 
1 0.499725 0.133042 0.0137625 0.000565 1.25e-05 0 0 0 0 0 0 0 0 0 0 0 0 0 0 
1 0.498677 0.132728 0.01377 0.0006025 2e-05 2.5e-06 0 0 0 0 0 0 0 0 0 0 0 0 0 
1 0.50006 0.133368 0.0139125 0.0004975 7.5e-06 0 0 0 0 0 0 0 0 0 0 0 0 0 0 
1 0.498172 0.131663 0.013445 0.000515 1.25e-05 2.5e-06 0 0 0 0 0 0 0 0 0 0 0 0 0 
1 0.499187 0.133027 0.013675 0.0005475 2.5e-06 0 0 0 0 0 0 0 0 0 0 0 0 0 0 
1 0.49846 0.132222 0.01357 0.0005475 2e-05 0 0 0 0 0 0 0 0 0 0 0 0 0 0 
1 0.49935 0.131773 0.0128575 0.00056 5e-06 0 0 0 0 0 0 0 0 0 0 0 0 0 0 
1 0.501662 0.134337 0.014065 0.0005375 1.75e-05 2.5e-06 0 0 0 0 0 0 0 0 0 0 0 0 0 
1 0.50208 0.134597 0.0138525 0.000515 2e-05 2.5e-06 0 0 0 0 0 0 0 0 0 0 0 0 0 
1 0.499485 0.13306 0.0132525 0.0004775 1.5e-05 0 0 0 0 0 0 0 0 0 0 0 0 0 0 
1 0.498065 0.132583 0.0133975 0.000555 2e-05 0 0 0 0 0 0 0 0 0 0 0 0 0 0 
1 0.500035 0.1331 0.0135575 0.000525 1.5e-05 2.5e-06 0 0 0 0 0 0 0 0 0 0 0 0 0 
1 0.49916 0.132425 0.0133675 0.00057 1.5e-05 2.5e-06 0 0 0 0 0 0 0 0 0 0 0 0 0 
1 0.501267 0.135917 0.013875 0.000565 7.5e-06 0 0 0 0 0 0 0 0 0 0 0 0 0 0 
1 0.500352 0.134848 0.0136775 0.0005675 2.25e-05 0 0 0 0 0 0 0 0 0 0 0 0 0 0 
1 0.499237 0.132563 0.01311 0.000525 2.25e-05 0 0 0 0 0 0 0 0 0 0 0 0 0 0 
1 0.497705 0.13304 0.0135575 0.0005175 7.5e-06 0 0 0 0 0 0 0 0 0 0 0 0 0 0 
1 0.498165 0.132055 0.0134175 0.0005875 2e-05 0 0 0 0 0 0 0 0 0 0 0 0 0 0 
1 0.50298 0.135457 0.0141675 0.0006425 2e-05 2.5e-06 0 0 0 0 0 0 0 0 0 0 0 0 0 
1 0.49881 0.1342 0.0138225 0.000485 1e-05 0 0 0 0 0 0 0 0 0 0 0 0 0 0 
1 0.500185 0.13447 0.0137225 0.0005325 1.25e-05 2.5e-06 0 0 0 0 0 0 0 0 0 0 0 0 0 
1 0.499475 0.13288 0.013365 0.0005825 1.75e-05 0 0 0 0 0 0 0 0 0 0 0 0 0 0 
1 0.501012 0.133442 0.0139375 0.00058 5e-06 0 0 0 0 0 0 0 0 0 0 0 0 0 0 
1 0.500005 0.13325 0.0136525 0.0005725 5e-06 0 0 0 0 0 0 0 0 0 0 0 0 0 0 
1 0.499087 0.133807 0.0138575 0.0005675 7.5e-06 0 0 0 0 0 0 0 0 0 0 0 0 0 0 
1 0.500435 0.133055 0.0134525 0.00052 1.5e-05 0 0 0 0 0 0 0 0 0 0 0 0 0 0 
1 0.499485 0.132832 0.013115 0.0005375 1.5e-05 0 0 0 0 0 0 0 0 0 0 0 0 0 0 
1 0.500692 0.134438 0.013785 0.0005375 2e-05 0 0 0 0 0 0 0 0 0 0 0 0 0 0 
1 0.49923 0.132868 0.0131675 0.0005075 2e-05 2.5e-06 0 0 0 0 0 0 0 0 0 0 0 0 0 
1 0.50078 0.133602 0.01346 0.0004925 7.5e-06 0 0 0 0 0 0 0 0 0 0 0 0 0 0 
1 0.501652 0.134855 0.0139975 0.00057 1.25e-05 0 0 0 0 0 0 0 0 0 0 0 0 0 0 
1 0.499475 0.1329 0.0136325 0.00056 1e-05 0 0 0 0 0 0 0 0 0 0 0 0 0 0 
1 0.49937 0.132665 0.0133525 0.000545 5e-06 0 0 0 0 0 0 0 0 0 0 0 0 0 0 
1 0.500612 0.134132 0.0138025 0.0005825 2.75e-05 0 0 0 0 0 0 0 0 0 0 0 0 0 0 
1 0.49994 0.134072 0.01369 0.000545 1.5e-05 0 0 0 0 0 0 0 0 0 0 0 0 0 0 
1 0.499607 0.134065 0.014095 0.0005225 1.75e-05 0 0 0 0 0 0 0 0 0 0 0 0 0 0 
1 0.499262 0.133182 0.0133225 0.0005675 7.5e-06 0 0 0 0 0 0 0 0 0 0 0 0 0 0 
1 0.499482 0.133293 0.0131925 0.0004975 1.25e-05 0 0 0 0 0 0 0 0 0 0 0 0 0 0 
1 0.499475 0.131625 0.013005 0.0005 2e-05 0 0 0 0 0 0 0 0 0 0 0 0 0 0 
1 0.500472 0.132748 0.0135475 0.0005725 1.25e-05 0 0 0 0 0 0 0 0 0 0 0 0 0 0 
1 0.50007 0.133387 0.0134575 0.000595 1.25e-05 0 0 0 0 0 0 0 0 0 0 0 0 0 0 
1 0.50053 0.134735 0.013385 0.00052 3e-05 0 0 0 0 0 0 0 0 0 0 0 0 0 0 
1 0.50117 0.133925 0.0135975 0.00054 1e-05 0 0 0 0 0 0 0 0 0 0 0 0 0 0 
1 0.499922 0.132845 0.0134125 0.0005875 2e-05 0 0 0 0 0 0 0 0 0 0 0 0 0 0 
1 0.500057 0.132917 0.0134375 0.0005675 2e-05 0 0 0 0 0 0 0 0 0 0 0 0 0 0 
1 0.499117 0.13352 0.01389 0.000575 7.5e-06 0 0 0 0 0 0 0 0 0 0 0 0 0 0 
1 0.500677 0.134557 0.0138325 0.00047 1e-05 0 0 0 0 0 0 0 0 0 0 0 0 0 0 
1 0.499437 0.133157 0.0136 0.00064 2.25e-05 0 0 0 0 0 0 0 0 0 0 0 0 0 0 
1 0.499762 0.133198 0.01365 0.000545 0 0 0 0 0 0 0 0 0 0 0 0 0 0 0 
1 0.500722 0.13319 0.0138025 0.000525 1.5e-05 0 0 0 0 0 0 0 0 0 0 0 0 0 0 
1 0.499645 0.13398 0.0132625 0.0005025 2e-05 0 0 0 0 0 0 0 0 0 0 0 0 0 0 
1 0.500125 0.133263 0.01342 0.00053 1e-05 0 0 0 0 0 0 0 0 0 0 0 0 0 0 
1 0.500507 0.133997 0.01359 0.0005775 1e-05 0 0 0 0 0 0 0 0 0 0 0 0 0 0 
1 0.499695 0.133542 0.0138475 0.0005375 1.75e-05 0 0 0 0 0 0 0 0 0 0 0 0 0 0 
1 0.499482 0.133133 0.0135 0.0005425 1.75e-05 0 0 0 0 0 0 0 0 0 0 0 0 0 0 
1 0.499385 0.132398 0.0136 0.00053 1.75e-05 0 0 0 0 0 0 0 0 0 0 0 0 0 0 
1 0.500022 0.13342 0.0135225 0.0005325 1e-05 0 0 0 0 0 0 0 0 0 0 0 0 0 0 
1 0.49833 0.132588 0.0136475 0.0005775 1.75e-05 2.5e-06 0 0 0 0 0 0 0 0 0 0 0 0 0 
1 0.49863 0.132213 0.0132125 0.00053 1e-05 0 0 0 0 0 0 0 0 0 0 0 0 0 0 
1 0.49992 0.133362 0.0135575 0.0005225 2e-05 5e-06 0 0 0 0 0 0 0 0 0 0 0 0 0 
1 0.50027 0.1335 0.01383 0.0006075 3.25e-05 2.5e-06 0 0 0 0 0 0 0 0 0 0 0 0 0 
1 0.500617 0.133155 0.01339 0.00058 1.25e-05 0 0 0 0 0 0 0 0 0 0 0 0 0 0 
1 0.500492 0.133745 0.01335 0.00053 1.5e-05 2.5e-06 0 0 0 0 0 0 0 0 0 0 0 0 0 
1 0.501435 0.134678 0.01389 0.000525 7.5e-06 0 0 0 0 0 0 0 0 0 0 0 0 0 0 
1 0.502005 0.135155 0.0139 0.00056 1.5e-05 0 0 0 0 0 0 0 0 0 0 0 0 0 0 
1 0.498697 0.132787 0.0137925 0.0005575 7.5e-06 0 0 0 0 0 0 0 0 0 0 0 0 0 0 
1 0.49996 0.133717 0.0137125 0.000605 5e-06 0 0 0 0 0 0 0 0 0 0 0 0 0 0 
1 0.500197 0.133167 0.0131 0.0004875 2e-05 0 0 0 0 0 0 0 0 0 0 0 0 0 0 
1 0.500145 0.131803 0.01339 0.00064 7.5e-06 0 0 0 0 0 0 0 0 0 0 0 0 0 0 
1 0.499415 0.13451 0.013955 0.00056 5e-06 0 0 0 0 0 0 0 0 0 0 0 0 0 0 
1 0.49886 0.132707 0.0130975 0.0005575 1.25e-05 0 0 0 0 0 0 0 0 0 0 0 0 0 0 
1 0.50116 0.132798 0.01362 0.000555 1e-05 0 0 0 0 0 0 0 0 0 0 0 0 0 0 
1 0.50042 0.133595 0.013405 0.0005675 1.5e-05 0 0 0 0 0 0 0 0 0 0 0 0 0 0 
1 0.498172 0.132337 0.0135525 0.00056 1.25e-05 0 0 0 0 0 0 0 0 0 0 0 0 0 0 
1 0.500932 0.134645 0.013815 0.00053 3.25e-05 0 0 0 0 0 0 0 0 0 0 0 0 0 0 
1 0.50004 0.133962 0.0137425 0.0005275 3e-05 0 0 0 0 0 0 0 0 0 0 0 0 0 0 
1 0.500077 0.134205 0.0137925 0.00062 1.5e-05 0 0 0 0 0 0 0 0 0 0 0 0 0 0 
1 0.49816 0.131583 0.0136825 0.000545 1e-05 0 0 0 0 0 0 0 0 0 0 0 0 0 0 
1 0.50082 0.133958 0.0140825 0.00063 1.5e-05 0 0 0 0 0 0 0 0 0 0 0 0 0 0 
1 0.499297 0.1326 0.0137825 0.0005125 2.25e-05 0 0 0 0 0 0 0 0 0 0 0 0 0 0 
1 0.499712 0.13404 0.013575 0.0005525 2.25e-05 0 0 0 0 0 0 0 0 0 0 0 0 0 0 
1 0.501067 0.134232 0.0137775 0.0005775 2.5e-05 0 0 0 0 0 0 0 0 0 0 0 0 0 0 
1 0.499957 0.13365 0.01352 0.000575 1.5e-05 0 0 0 0 0 0 0 0 0 0 0 0 0 0 
1 0.501235 0.133555 0.0136325 0.000495 1.25e-05 0 0 0 0 0 0 0 0 0 0 0 0 0 0 
1 0.498807 0.13203 0.0135125 0.00059 1.5e-05 0 0 0 0 0 0 0 0 0 0 0 0 0 0 
1 0.498945 0.132345 0.0135225 0.0004825 1.75e-05 0 0 0 0 0 0 0 0 0 0 0 0 0 0 
1 0.499845 0.134425 0.01403 0.00052 1.5e-05 0 0 0 0 0 0 0 0 0 0 0 0 0 0 
1 0.500232 0.132385 0.013425 0.00055 1e-05 5e-06 0 0 0 0 0 0 0 0 0 0 0 0 0 
1 0.49956 0.131933 0.01352 0.000605 1e-05 0 0 0 0 0 0 0 0 0 0 0 0 0 0 
1 0.499947 0.133335 0.0138375 0.00054 2.25e-05 0 0 0 0 0 0 0 0 0 0 0 0 0 0 
1 0.500475 0.132805 0.01343 0.0005625 2.5e-05 0 0 0 0 0 0 0 0 0 0 0 0 0 0 
1 0.499937 0.133217 0.01359 0.0005275 1.5e-05 0 0 0 0 0 0 0 0 0 0 0 0 0 0 
1 0.5002 0.132963 0.01379 0.0005725 5e-06 0 0 0 0 0 0 0 0 0 0 0 0 0 0 
1 0.500592 0.134857 0.014135 0.000565 1.75e-05 0 0 0 0 0 0 0 0 0 0 0 0 0 0 
1 0.499755 0.133425 0.01357 0.00058 1e-05 2.5e-06 0 0 0 0 0 0 0 0 0 0 0 0 0 
1 0.500607 0.134455 0.013795 0.0006 1.75e-05 0 0 0 0 0 0 0 0 0 0 0 0 0 0 
1 0.500587 0.133562 0.0134125 0.000565 1.75e-05 0 0 0 0 0 0 0 0 0 0 0 0 0 0 
1 0.499932 0.133783 0.0134625 0.000575 1e-05 0 0 0 0 0 0 0 0 0 0 0 0 0 0 
1 0.500322 0.133492 0.013675 0.0005175 5e-06 0 0 0 0 0 0 0 0 0 0 0 0 0 0 
1 0.500582 0.135105 0.01413 0.0005525 1.5e-05 0 0 0 0 0 0 0 0 0 0 0 0 0 0 
1 0.500217 0.134513 0.01373 0.0005775 2e-05 0 0 0 0 0 0 0 0 0 0 0 0 0 0 
1 0.49979 0.134302 0.013795 0.00059 2e-05 0 0 0 0 0 0 0 0 0 0 0 0 0 0 
1 0.500145 0.134268 0.014005 0.0005725 2.5e-05 0 0 0 0 0 0 0 0 0 0 0 0 0 0 
1 0.49877 0.132795 0.0134025 0.000495 5e-06 0 0 0 0 0 0 0 0 0 0 0 0 0 0 
1 0.500795 0.134715 0.0139075 0.0005475 2.25e-05 0 0 0 0 0 0 0 0 0 0 0 0 0 0 
1 0.49974 0.133123 0.013675 0.00058 2.25e-05 0 0 0 0 0 0 0 0 0 0 0 0 0 0 
1 0.49926 0.13379 0.0138775 0.00055 2e-05 0 0 0 0 0 0 0 0 0 0 0 0 0 0 
1 0.499817 0.13447 0.01404 0.000555 2.25e-05 0 0 0 0 0 0 0 0 0 0 0 0 0 0 
1 0.501115 0.134428 0.01378 0.0004825 1e-05 0 0 0 0 0 0 0 0 0 0 0 0 0 0 
1 0.500425 0.133415 0.013085 0.00052 1.5e-05 0 0 0 0 0 0 0 0 0 0 0 0 0 0 
1 0.49849 0.132412 0.0131775 0.000565 7.5e-06 0 0 0 0 0 0 0 0 0 0 0 0 0 0 
1 0.497955 0.131953 0.01323 0.0005225 5e-06 0 0 0 0 0 0 0 0 0 0 0 0 0 0 
1 0.499802 0.132568 0.01367 0.000535 1.5e-05 0 0 0 0 0 0 0 0 0 0 0 0 0 0 
1 0.499255 0.132625 0.0132525 0.000515 1.25e-05 0 0 0 0 0 0 0 0 0 0 0 0 0 0 
1 0.500055 0.132763 0.0136225 0.000515 1.75e-05 0 0 0 0 0 0 0 0 0 0 0 0 0 0 
1 0.498957 0.132263 0.0135025 0.00054 1.75e-05 0 0 0 0 0 0 0 0 0 0 0 0 0 0 
1 0.501272 0.134277 0.0138525 0.00059 2.25e-05 2.5e-06 0 0 0 0 0 0 0 0 0 0 0 0 0 
1 0.50104 0.133548 0.0134575 0.000545 2.5e-05 0 0 0 0 0 0 0 0 0 0 0 0 0 0 
1 0.500615 0.13468 0.013895 0.000565 1.75e-05 2.5e-06 0 0 0 0 0 0 0 0 0 0 0 0 0 
1 0.498622 0.132932 0.013815 0.00051 1.75e-05 0 0 0 0 0 0 0 0 0 0 0 0 0 0 
1 0.499272 0.13247 0.013605 0.00059 1.75e-05 0 0 0 0 0 0 0 0 0 0 0 0 0 0 
1 0.497872 0.13231 0.013285 0.000475 2.25e-05 0 0 0 0 0 0 0 0 0 0 0 0 0 0 
1 0.501107 0.135027 0.0140825 0.0006075 2.5e-06 0 0 0 0 0 0 0 0 0 0 0 0 0 0 
1 0.49722 0.131028 0.0134325 0.000525 1.5e-05 0 0 0 0 0 0 0 0 0 0 0 0 0 0 
1 0.498427 0.132025 0.0133225 0.00053 1e-05 0 0 0 0 0 0 0 0 0 0 0 0 0 0 
1 0.500255 0.134047 0.0135725 0.0005475 7.5e-06 0 0 0 0 0 0 0 0 0 0 0 0 0 0 
1 0.50023 0.134305 0.0137025 0.000605 1e-05 0 0 0 0 0 0 0 0 0 0 0 0 0 0 
1 0.500645 0.134805 0.0136325 0.00055 1e-05 0 0 0 0 0 0 0 0 0 0 0 0 0 0 
1 0.502072 0.135822 0.0139375 0.0005325 1.5e-05 0 0 0 0 0 0 0 0 0 0 0 0 0 0 
1 0.49988 0.133368 0.013685 0.0005275 7.5e-06 0 0 0 0 0 0 0 0 0 0 0 0 0 0 
1 0.501097 0.13427 0.0136375 0.0005425 2.25e-05 0 0 0 0 0 0 0 0 0 0 0 0 0 0 
1 0.500907 0.134508 0.0137625 0.0005225 7.5e-06 0 0 0 0 0 0 0 0 0 0 0 0 0 0 
1 0.500297 0.133665 0.0135725 0.00056 1.5e-05 2.5e-06 0 0 0 0 0 0 0 0 0 0 0 0 0 
1 0.499842 0.13168 0.01347 0.00053 2.25e-05 0 0 0 0 0 0 0 0 0 0 0 0 0 0 
1 0.500427 0.133845 0.0131875 0.0005075 5e-06 0 0 0 0 0 0 0 0 0 0 0 0 0 0 
1 0.499942 0.133767 0.0134925 0.0005725 3.25e-05 2.5e-06 0 0 0 0 0 0 0 0 0 0 0 0 0 
1 0.499127 0.133205 0.0134025 0.0005075 1.25e-05 0 0 0 0 0 0 0 0 0 0 0 0 0 0 
1 0.500132 0.133738 0.0133375 0.0005125 1.75e-05 0 0 0 0 0 0 0 0 0 0 0 0 0 0 
1 0.500825 0.13481 0.013575 0.000545 1.5e-05 0 0 0 0 0 0 0 0 0 0 0 0 0 0 
1 0.499582 0.1331 0.0135875 0.0005525 1e-05 0 0 0 0 0 0 0 0 0 0 0 0 0 0 
1 0.500325 0.133737 0.0137425 0.0005075 1.5e-05 0 0 0 0 0 0 0 0 0 0 0 0 0 0 
1 0.498122 0.131815 0.0134825 0.00057 1.25e-05 0 0 0 0 0 0 0 0 0 0 0 0 0 0 
1 0.501767 0.135047 0.0137775 0.00054 1.5e-05 2.5e-06 0 0 0 0 0 0 0 0 0 0 0 0 0 
1 0.49906 0.13297 0.01377 0.00052 1e-05 0 0 0 0 0 0 0 0 0 0 0 0 0 0 
1 0.50093 0.1335 0.01375 0.0005275 1.75e-05 2.5e-06 2.5e-06 0 0 0 0 0 0 0 0 0 0 0 0 
1 0.499705 0.13278 0.0136525 0.0005375 1.5e-05 0 0 0 0 0 0 0 0 0 0 0 0 0 0 
1 0.498612 0.132432 0.0133375 0.00047 1e-05 0 0 0 0 0 0 0 0 0 0 0 0 0 0 
1 0.499547 0.134005 0.013705 0.0006375 7.5e-06 0 0 0 0 0 0 0 0 0 0 0 0 0 0 
1 0.501055 0.132917 0.0135025 0.000475 5e-06 0 0 0 0 0 0 0 0 0 0 0 0 0 0 
1 0.50193 0.133702 0.0137375 0.000585 1e-05 0 0 0 0 0 0 0 0 0 0 0 0 0 0 
1 0.498707 0.132945 0.01386 0.000555 1.75e-05 0 0 0 0 0 0 0 0 0 0 0 0 0 0 
1 0.500867 0.132898 0.0133825 0.00056 2.5e-05 0 0 0 0 0 0 0 0 0 0 0 0 0 0 
1 0.500087 0.133655 0.0135075 0.00056 5e-06 0 0 0 0 0 0 0 0 0 0 0 0 0 0 
1 0.498872 0.132147 0.01365 0.000535 1.75e-05 0 0 0 0 0 0 0 0 0 0 0 0 0 0 
1 0.500052 0.133003 0.0134075 0.0005325 1.5e-05 2.5e-06 0 0 0 0 0 0 0 0 0 0 0 0 0 
1 0.497555 0.13238 0.0136175 0.0004875 1.5e-05 0 0 0 0 0 0 0 0 0 0 0 0 0 0 
1 0.498765 0.132928 0.0134025 0.0005875 1e-05 0 0 0 0 0 0 0 0 0 0 0 0 0 0 
1 0.498185 0.13246 0.013435 0.0005525 2e-05 2.5e-06 0 0 0 0 0 0 0 0 0 0 0 0 0 
1 0.501052 0.133845 0.01409 0.00057 5e-06 0 0 0 0 0 0 0 0 0 0 0 0 0 0 
1 0.500452 0.132795 0.013875 0.0005975 1.5e-05 0 0 0 0 0 0 0 0 0 0 0 0 0 0 
1 0.50052 0.134645 0.01408 0.000545 2.5e-06 0 0 0 0 0 0 0 0 0 0 0 0 0 0 
1 0.498632 0.133268 0.0133825 0.00051 1.25e-05 0 0 0 0 0 0 0 0 0 0 0 0 0 0 
1 0.5014 0.134535 0.0135975 0.00065 2e-05 0 0 0 0 0 0 0 0 0 0 0 0 0 0 
1 0.499355 0.133485 0.01347 0.00057 1e-05 0 0 0 0 0 0 0 0 0 0 0 0 0 0 
1 0.500135 0.133785 0.0135175 0.0005425 1e-05 0 0 0 0 0 0 0 0 0 0 0 0 0 0 
1 0.499762 0.133415 0.0137125 0.00061 2.75e-05 2.5e-06 0 0 0 0 0 0 0 0 0 0 0 0 0 
1 0.49947 0.132855 0.0137825 0.0005175 1.25e-05 0 0 0 0 0 0 0 0 0 0 0 0 0 0 
1 0.501502 0.133682 0.0137425 0.0005575 1e-05 0 0 0 0 0 0 0 0 0 0 0 0 0 0 
1 0.498972 0.13205 0.013505 0.00053 1.75e-05 2.5e-06 0 0 0 0 0 0 0 0 0 0 0 0 0 
1 0.500625 0.133812 0.0136825 0.000565 1.25e-05 0 0 0 0 0 0 0 0 0 0 0 0 0 0 
1 0.499372 0.13162 0.01331 0.00054 2.5e-05 0 0 0 0 0 0 0 0 0 0 0 0 0 0 
1 0.500422 0.132362 0.0132675 0.0004825 1e-05 0 0 0 0 0 0 0 0 0 0 0 0 0 0 
1 0.499 0.133028 0.0135775 0.00056 1.5e-05 0 0 0 0 0 0 0 0 0 0 0 0 0 0 
1 0.500882 0.134395 0.013895 0.0005675 1.75e-05 0 0 0 0 0 0 0 0 0 0 0 0 0 0 
1 0.501265 0.134462 0.01367 0.0005675 1.75e-05 0 0 0 0 0 0 0 0 0 0 0 0 0 0 
1 0.499482 0.133287 0.013545 0.0006125 3.25e-05 0 0 0 0 0 0 0 0 0 0 0 0 0 0 
1 0.498755 0.13237 0.0131225 0.0005375 7.5e-06 0 0 0 0 0 0 0 0 0 0 0 0 0 0 
1 0.498007 0.132565 0.0133925 0.00052 1.25e-05 2.5e-06 0 0 0 0 0 0 0 0 0 0 0 0 0 
1 0.49925 0.132598 0.01351 0.000545 7.5e-06 0 0 0 0 0 0 0 0 0 0 0 0 0 0 
1 0.49902 0.1329 0.013315 0.00059 1.5e-05 0 0 0 0 0 0 0 0 0 0 0 0 0 0 
1 0.503032 0.134375 0.01366 0.0005875 1.5e-05 0 0 0 0 0 0 0 0 0 0 0 0 0 0 
1 0.501032 0.133792 0.0136025 0.00054 1e-05 0 0 0 0 0 0 0 0 0 0 0 0 0 0 
1 0.49842 0.134102 0.0134575 0.0005075 1.5e-05 0 0 0 0 0 0 0 0 0 0 0 0 0 0 
1 0.499595 0.13406 0.0137925 0.000555 1e-05 0 0 0 0 0 0 0 0 0 0 0 0 0 0 
1 0.499602 0.13312 0.0132925 0.00046 7.5e-06 0 0 0 0 0 0 0 0 0 0 0 0 0 0 
1 0.502125 0.13504 0.0140075 0.000525 1.5e-05 0 0 0 0 0 0 0 0 0 0 0 0 0 0 
1 0.500327 0.133645 0.0132275 0.00051 1e-05 0 0 0 0 0 0 0 0 0 0 0 0 0 0 
1 0.49893 0.132675 0.01348 0.0005575 2.75e-05 0 0 0 0 0 0 0 0 0 0 0 0 0 0 
1 0.501217 0.135378 0.013845 0.00052 1e-05 0 0 0 0 0 0 0 0 0 0 0 0 0 0 
1 0.501502 0.134425 0.0137775 0.000585 1.5e-05 0 0 0 0 0 0 0 0 0 0 0 0 0 0 
1 0.498797 0.132288 0.0129425 0.00057 1.5e-05 0 0 0 0 0 0 0 0 0 0 0 0 0 0 
1 0.500977 0.134048 0.0137025 0.000605 7.5e-06 0 0 0 0 0 0 0 0 0 0 0 0 0 0 
1 0.499457 0.133023 0.01358 0.000565 2.25e-05 0 0 0 0 0 0 0 0 0 0 0 0 0 0 
1 0.50101 0.13407 0.01364 0.000575 1.75e-05 0 0 0 0 0 0 0 0 0 0 0 0 0 0 
1 0.500705 0.133137 0.0134575 0.000485 1e-05 0 0 0 0 0 0 0 0 0 0 0 0 0 0 
1 0.50039 0.133162 0.0136175 0.0005725 1.5e-05 0 0 0 0 0 0 0 0 0 0 0 0 0 0 
1 0.502305 0.135175 0.0139625 0.00064 1.25e-05 0 0 0 0 0 0 0 0 0 0 0 0 0 0 
1 0.500255 0.134937 0.013855 0.00052 0 0 0 0 0 0 0 0 0 0 0 0 0 0 0 
1 0.50028 0.133797 0.0139275 0.0006025 1.75e-05 0 0 0 0 0 0 0 0 0 0 0 0 0 0 
1 0.50067 0.134828 0.0138275 0.00055 2.5e-05 2.5e-06 0 0 0 0 0 0 0 0 0 0 0 0 0 
1 0.49944 0.132248 0.013275 0.0004775 1.25e-05 0 0 0 0 0 0 0 0 0 0 0 0 0 0 
1 0.501352 0.134993 0.0137175 0.00054 1.5e-05 0 0 0 0 0 0 0 0 0 0 0 0 0 0 
1 0.500505 0.133483 0.013855 0.000595 1.75e-05 0 0 0 0 0 0 0 0 0 0 0 0 0 0 
1 0.5003 0.134225 0.0136525 0.00056 3.25e-05 0 0 0 0 0 0 0 0 0 0 0 0 0 0 
1 0.500215 0.133083 0.013525 0.00044 1.25e-05 2.5e-06 0 0 0 0 0 0 0 0 0 0 0 0 0 
1 0.49955 0.134365 0.0137275 0.000525 1e-05 0 0 0 0 0 0 0 0 0 0 0 0 0 0 
1 0.501157 0.13375 0.01365 0.000555 2e-05 0 0 0 0 0 0 0 0 0 0 0 0 0 0 
1 0.500617 0.134688 0.0141225 0.00057 1e-05 0 0 0 0 0 0 0 0 0 0 0 0 0 0 
1 0.50098 0.134137 0.01349 0.0005575 1e-05 2.5e-06 0 0 0 0 0 0 0 0 0 0 0 0 0 
1 0.49982 0.132805 0.01325 0.00058 2e-05 0 0 0 0 0 0 0 0 0 0 0 0 0 0 
1 0.499045 0.133618 0.014075 0.00063 1e-05 0 0 0 0 0 0 0 0 0 0 0 0 0 0 
1 0.499715 0.13245 0.01336 0.0005575 2.5e-05 2.5e-06 0 0 0 0 0 0 0 0 0 0 0 0 0 
1 0.499222 0.133552 0.0136525 0.0004775 7.5e-06 0 0 0 0 0 0 0 0 0 0 0 0 0 0 
1 0.499615 0.133738 0.0133625 0.00052 1.25e-05 2.5e-06 0 0 0 0 0 0 0 0 0 0 0 0 0 
1 0.49965 0.134797 0.014005 0.0006675 2.75e-05 0 0 0 0 0 0 0 0 0 0 0 0 0 0 
1 0.50025 0.132668 0.013445 0.0005675 5e-06 0 0 0 0 0 0 0 0 0 0 0 0 0 0 
1 0.500315 0.133428 0.01352 0.0005475 1e-05 0 0 0 0 0 0 0 0 0 0 0 0 0 0 
1 0.499142 0.133848 0.0137825 0.000515 1.5e-05 0 0 0 0 0 0 0 0 0 0 0 0 0 0 
1 0.501235 0.133138 0.0134625 0.0005175 1.25e-05 0 0 0 0 0 0 0 0 0 0 0 0 0 0 
1 0.500882 0.13361 0.01353 0.0005625 1e-05 0 0 0 0 0 0 0 0 0 0 0 0 0 0 
1 0.501385 0.134125 0.01388 0.00054 2e-05 0 0 0 0 0 0 0 0 0 0 0 0 0 0 
1 0.499547 0.133058 0.013365 0.0005225 1.5e-05 0 0 0 0 0 0 0 0 0 0 0 0 0 0 
1 0.501052 0.13355 0.013655 0.00053 1.75e-05 0 0 0 0 0 0 0 0 0 0 0 0 0 0 
1 0.498402 0.132985 0.0133675 0.000495 7.5e-06 0 0 0 0 0 0 0 0 0 0 0 0 0 0 
1 0.50077 0.13628 0.014405 0.0006125 1.5e-05 5e-06 0 0 0 0 0 0 0 0 0 0 0 0 0 
1 0.499685 0.132835 0.0131575 0.000555 1.5e-05 0 0 0 0 0 0 0 0 0 0 0 0 0 0 
1 0.498072 0.131685 0.01323 0.0005 7.5e-06 0 0 0 0 0 0 0 0 0 0 0 0 0 0 
1 0.499027 0.132505 0.01325 0.000495 1.25e-05 0 0 0 0 0 0 0 0 0 0 0 0 0 0 
1 0.499992 0.133075 0.01359 0.00053 1e-05 0 0 0 0 0 0 0 0 0 0 0 0 0 0 
1 0.501135 0.13446 0.0141725 0.0006125 1e-05 2.5e-06 0 0 0 0 0 0 0 0 0 0 0 0 0 
1 0.499085 0.134102 0.0135775 0.0005225 2e-05 0 0 0 0 0 0 0 0 0 0 0 0 0 0 
1 0.501302 0.13383 0.013585 0.0005525 1.25e-05 0 0 0 0 0 0 0 0 0 0 0 0 0 0 
