1 0.969907 0.912685 0.808167 0.635065 0.394704 0.157808 0.0284556 0.00127025 4e-06 0 0 0 0 0 0 0 0 0 0 
1 0.969209 0.910324 0.803282 0.626326 0.383376 0.148526 0.025048 0.000954875 4.625e-06 0 0 0 0 0 0 0 0 0 0 
1 0.970071 0.912965 0.808923 0.637307 0.397601 0.160294 0.0290886 0.00130262 7e-06 0 0 0 0 0 0 0 0 0 0 
1 0.968167 0.907275 0.796577 0.61606 0.371935 0.140761 0.0225163 0.000779375 1.25e-06 0 0 0 0 0 0 0 0 0 0 
1 0.966907 0.903904 0.790037 0.606633 0.362363 0.136398 0.0233826 0.0012135 1.6125e-05 0 0 0 0 0 0 0 0 0 0 
1 0.972794 0.920999 0.825779 0.66566 0.436882 0.19521 0.0441927 0.00344588 7.325e-05 0 0 0 0 0 0 0 0 0 0 
1 0.970186 0.913078 0.808417 0.634337 0.393784 0.156508 0.0270498 0.0010125 3.75e-07 0 0 0 0 0 0 0 0 0 0 
1 0.970163 0.913039 0.80896 0.636234 0.396982 0.15897 0.0289823 0.00146762 2.1375e-05 0 0 0 0 0 0 0 0 0 0 
1 0.970226 0.913129 0.809246 0.637022 0.398207 0.161751 0.0305966 0.00169637 2.1375e-05 0 0 0 0 0 0 0 0 0 0 
1 0.969221 0.91147 0.807761 0.63647 0.399245 0.164831 0.0327631 0.0022395 4.3625e-05 0 0 0 0 0 0 0 0 0 0 
1 0.970603 0.914472 0.812332 0.642634 0.40663 0.168107 0.032375 0.00178362 2.1625e-05 0 0 0 0 0 0 0 0 0 0 
1 0.971694 0.917912 0.81917 0.654013 0.419643 0.176875 0.03436 0.00177125 1.1625e-05 0 0 0 0 0 0 0 0 0 0 
1 0.970494 0.914088 0.811445 0.641234 0.403615 0.165256 0.0314199 0.00163912 1.2625e-05 0 0 0 0 0 0 0 0 0 0 
1 0.971139 0.915684 0.81434 0.645288 0.409359 0.171167 0.0340286 0.00206175 2.975e-05 0 0 0 0 0 0 0 0 0 0 
1 0.97169 0.918196 0.821164 0.658944 0.427803 0.187969 0.0414669 0.00305075 4.5875e-05 1.75e-06 0 0 0 0 0 0 0 0 0 
1 0.971365 0.916619 0.815841 0.648944 0.414364 0.174702 0.0356257 0.00269788 6.0875e-05 1.25e-07 0 0 0 0 0 0 0 0 0 
1 0.968605 0.909145 0.801248 0.624451 0.383823 0.151184 0.0281301 0.00168925 1.325e-05 0 0 0 0 0 0 0 0 0 0 
1 0.969415 0.9112 0.805601 0.630509 0.388786 0.153067 0.0267611 0.00117288 1.2e-05 0 0 0 0 0 0 0 0 0 0 
1 0.970347 0.913695 0.811564 0.640385 0.40255 0.164972 0.0313536 0.0015195 1.2375e-05 0 0 0 0 0 0 0 0 0 0 
1 0.971034 0.915785 0.814042 0.645018 0.407118 0.166682 0.0300038 0.00135187 9.875e-06 0 0 0 0 0 0 0 0 0 0 
1 0.967939 0.906747 0.796218 0.615857 0.371924 0.141687 0.0244596 0.00134375 3.1375e-05 0 0 0 0 0 0 0 0 0 0 
1 0.969526 0.911264 0.805916 0.633413 0.396067 0.162808 0.03262 0.00218338 2.775e-05 0 0 0 0 0 0 0 0 0 0 
1 0.968048 0.907269 0.797693 0.618492 0.376215 0.145192 0.0246878 0.001109 1.875e-06 0 0 0 0 0 0 0 0 0 0 
1 0.970258 0.914016 0.811475 0.641033 0.403335 0.165063 0.0308404 0.00149737 2.2e-05 0 0 0 0 0 0 0 0 0 0 
1 0.970019 0.912864 0.809367 0.637205 0.398958 0.161302 0.0296231 0.00153337 1.125e-05 0 0 0 0 0 0 0 0 0 0 
1 0.969897 0.911936 0.806479 0.632639 0.392566 0.15814 0.0291339 0.00153462 1.7e-05 0 0 0 0 0 0 0 0 0 0 
1 0.969865 0.912335 0.807875 0.634524 0.394733 0.157265 0.0280114 0.00143775 1.2625e-05 0 0 0 0 0 0 0 0 0 0 
1 0.968658 0.908572 0.800147 0.62199 0.379612 0.147094 0.0254786 0.00130537 2e-05 0 0 0 0 0 0 0 0 0 0 
1 0.967126 0.904759 0.792211 0.609596 0.36461 0.135353 0.0214456 0.000859375 7.5e-06 0 0 0 0 0 0 0 0 0 0 
1 0.967912 0.906855 0.796734 0.616993 0.374097 0.143683 0.0249366 0.00121987 1.9625e-05 0 0 0 0 0 0 0 0 0 0 
1 0.968537 0.908439 0.799469 0.621412 0.379334 0.145485 0.0242146 0.00101288 9e-06 0 0 0 0 0 0 0 0 0 0 
1 0.970557 0.914487 0.812005 0.641205 0.403523 0.166628 0.0340548 0.00262237 5.8125e-05 0 0 0 0 0 0 0 0 0 0 
1 0.969148 0.91053 0.804539 0.630124 0.391044 0.157577 0.0301581 0.00209188 5.025e-05 0 0 0 0 0 0 0 0 0 0 
1 0.969451 0.911505 0.806936 0.634574 0.396256 0.161735 0.0314306 0.00188725 3.1875e-05 0 0 0 0 0 0 0 0 0 0 
1 0.968889 0.910338 0.803928 0.628385 0.388309 0.155073 0.0284876 0.00154487 1.275e-05 0 0 0 0 0 0 0 0 0 0 
1 0.969981 0.912644 0.808107 0.634642 0.39533 0.158517 0.0286186 0.00133275 6.875e-06 0 0 0 0 0 0 0 0 0 0 
1 0.969827 0.911809 0.806626 0.631658 0.389517 0.151603 0.0250334 0.00101575 4e-06 0 0 0 0 0 0 0 0 0 0 
1 0.970635 0.915009 0.812996 0.643888 0.408124 0.171848 0.0357386 0.002473 2.2625e-05 2.5e-07 0 0 0 0 0 0 0 0 0 
1 0.970652 0.914665 0.811633 0.640272 0.402411 0.165514 0.032366 0.00196262 1.5375e-05 0 0 0 0 0 0 0 0 0 0 
1 0.971968 0.918199 0.820353 0.655705 0.42232 0.179982 0.0361955 0.00203437 1.9e-05 0 0 0 0 0 0 0 0 0 0 
1 0.968332 0.907673 0.798502 0.619652 0.378491 0.147807 0.0258061 0.00116662 1.0125e-05 0 0 0 0 0 0 0 0 0 0 
1 0.971753 0.917201 0.817435 0.650233 0.414278 0.173328 0.0342283 0.00205037 2.05e-05 0 0 0 0 0 0 0 0 0 0 
1 0.971409 0.916602 0.81594 0.647466 0.410423 0.170566 0.0332341 0.00179325 8.75e-06 0 0 0 0 0 0 0 0 0 0 
1 0.969887 0.912579 0.808308 0.635084 0.395651 0.158153 0.0285663 0.00145837 1.0125e-05 0 0 0 0 0 0 0 0 0 0 
1 0.970516 0.914324 0.811535 0.640522 0.401714 0.16491 0.0324119 0.00209937 3.525e-05 0 0 0 0 0 0 0 0 0 0 
1 0.970197 0.913582 0.811019 0.641002 0.405099 0.168418 0.0334244 0.00190362 1.4875e-05 0 0 0 0 0 0 0 0 0 0 
1 0.970906 0.915366 0.814358 0.646329 0.409914 0.169882 0.0322454 0.00164512 1.0625e-05 0 0 0 0 0 0 0 0 0 0 
1 0.970465 0.914081 0.811941 0.641108 0.403137 0.165436 0.0313455 0.00154 9.125e-06 0 0 0 0 0 0 0 0 0 0 
1 0.971279 0.916194 0.815384 0.647976 0.412026 0.171926 0.0335466 0.0019185 3.0375e-05 0 0 0 0 0 0 0 0 0 0 
1 0.969231 0.91021 0.803265 0.626566 0.384067 0.147795 0.0244626 0.00102 3.5e-06 0 0 0 0 0 0 0 0 0 0 
1 0.968146 0.907322 0.797424 0.61799 0.374479 0.142509 0.0236384 0.00101288 2.875e-06 0 0 0 0 0 0 0 0 0 0 
1 0.968403 0.908157 0.799228 0.620445 0.377987 0.147495 0.0263609 0.00159087 2.8375e-05 0 0 0 0 0 0 0 0 0 0 
1 0.968864 0.909244 0.800995 0.621965 0.379232 0.145548 0.0241178 0.00102888 6.375e-06 0 0 0 0 0 0 0 0 0 0 
1 0.969533 0.911734 0.806513 0.633462 0.39424 0.158981 0.0297174 0.00165087 1.075e-05 0 0 0 0 0 0 0 0 0 0 
1 0.972791 0.920824 0.825861 0.665717 0.436197 0.193263 0.042984 0.0031505 5.025e-05 0 0 0 0 0 0 0 0 0 0 
1 0.970254 0.913376 0.810374 0.640039 0.404122 0.168994 0.0334034 0.001969 3.1125e-05 0 0 0 0 0 0 0 0 0 0 
1 0.970247 0.914171 0.810871 0.639206 0.399983 0.161324 0.0294618 0.00144887 1.525e-05 0 0 0 0 0 0 0 0 0 0 
1 0.970088 0.912702 0.807833 0.633891 0.394656 0.158985 0.0297854 0.0015175 6.25e-06 0 0 0 0 0 0 0 0 0 0 
1 0.968887 0.909571 0.801775 0.623702 0.381392 0.146842 0.0244798 0.00102975 3.5e-06 0 0 0 0 0 0 0 0 0 0 
1 0.969344 0.910223 0.802306 0.624536 0.382229 0.148015 0.0250275 0.00114963 1.375e-05 0 0 0 0 0 0 0 0 0 0 
1 0.968129 0.907267 0.796104 0.61321 0.367341 0.135029 0.0201679 0.00067125 2.25e-06 0 0 0 0 0 0 0 0 0 0 
1 0.965591 0.900188 0.783323 0.595055 0.348519 0.12621 0.0190436 0.000646375 1.25e-06 0 0 0 0 0 0 0 0 0 0 
1 0.970686 0.914821 0.812668 0.642817 0.405667 0.165801 0.0308803 0.0015005 1.4125e-05 0 0 0 0 0 0 0 0 0 0 
1 0.972216 0.91909 0.822039 0.658415 0.424496 0.182172 0.0383109 0.00255513 3.525e-05 0 0 0 0 0 0 0 0 0 0 
1 0.971461 0.91727 0.818328 0.652566 0.418025 0.175355 0.0338725 0.00173612 1.5125e-05 0 0 0 0 0 0 0 0 0 0 
1 0.972476 0.919767 0.823203 0.661044 0.42999 0.187838 0.0407214 0.00290787 5.325e-05 2.5e-07 0 0 0 0 0 0 0 0 0 
1 0.972282 0.919372 0.822356 0.659465 0.427411 0.185349 0.0385553 0.00245862 4.1375e-05 3.75e-07 0 0 0 0 0 0 0 0 0 
1 0.970745 0.915105 0.814012 0.645397 0.409634 0.170013 0.0327068 0.00181637 1.3625e-05 0 0 0 0 0 0 0 0 0 0 
1 0.970141 0.913461 0.810301 0.639569 0.403306 0.167954 0.0349851 0.00260025 6.275e-05 0 0 0 0 0 0 0 0 0 0 
1 0.970487 0.914093 0.8111 0.639511 0.401138 0.164105 0.0322868 0.002171 3.625e-05 0 0 0 0 0 0 0 0 0 0 
1 0.968345 0.907437 0.797715 0.618188 0.375065 0.144488 0.0247979 0.00118062 6.75e-06 0 0 0 0 0 0 0 0 0 0 
1 0.972676 0.92047 0.824701 0.663485 0.433786 0.192961 0.0427986 0.00300837 2.6875e-05 3.75e-07 0 0 0 0 0 0 0 0 0 
1 0.969674 0.912608 0.808256 0.635671 0.39542 0.156816 0.0274285 0.0011735 7.5e-07 0 0 0 0 0 0 0 0 0 0 
1 0.970456 0.914432 0.812614 0.642513 0.404344 0.164751 0.0307703 0.0015605 1.7e-05 0 0 0 0 0 0 0 0 0 0 
1 0.971247 0.9166 0.816937 0.649933 0.413932 0.171555 0.0325124 0.00161412 9.375e-06 0 0 0 0 0 0 0 0 0 0 
1 0.971114 0.916166 0.815228 0.647924 0.415656 0.179855 0.0404164 0.00349488 7.925e-05 0 0 0 0 0 0 0 0 0 0 
1 0.970101 0.913092 0.808623 0.635346 0.394911 0.157609 0.0280661 0.00132225 9e-06 0 0 0 0 0 0 0 0 0 0 
1 0.973318 0.922561 0.828932 0.670975 0.443336 0.200692 0.0464973 0.00371 6.3125e-05 0 0 0 0 0 0 0 0 0 0 
1 0.969619 0.911182 0.80534 0.631087 0.391616 0.157491 0.0292961 0.0015835 1.125e-05 0 0 0 0 0 0 0 0 0 0 
1 0.968891 0.909471 0.802304 0.62637 0.385687 0.151374 0.0267094 0.001241 4.75e-06 0 0 0 0 0 0 0 0 0 0 
1 0.969665 0.912478 0.808914 0.636824 0.398905 0.164118 0.0321996 0.00182 7.75e-06 0 0 0 0 0 0 0 0 0 0 
1 0.969909 0.912979 0.808616 0.634339 0.393004 0.15563 0.02786 0.00131562 1.5875e-05 0 0 0 0 0 0 0 0 0 0 
1 0.971402 0.916539 0.816513 0.648615 0.411861 0.170494 0.032809 0.00183075 2.25e-05 0 0 0 0 0 0 0 0 0 0 
1 0.967067 0.904444 0.791551 0.608091 0.363125 0.134662 0.0210975 0.0008055 1.625e-06 0 0 0 0 0 0 0 0 0 0 
1 0.971758 0.918027 0.820252 0.656916 0.426666 0.189238 0.0434203 0.00342263 5.45e-05 0 0 0 0 0 0 0 0 0 0 
1 0.969872 0.912402 0.807533 0.633124 0.392318 0.15563 0.0273419 0.00127125 8.875e-06 0 0 0 0 0 0 0 0 0 0 
1 0.96694 0.904133 0.790982 0.606589 0.36031 0.130908 0.0194916 0.000670875 0 0 0 0 0 0 0 0 0 0 0 
1 0.972253 0.919052 0.82165 0.658712 0.42721 0.186172 0.0406416 0.00290725 4.35e-05 0 0 0 0 0 0 0 0 0 0 
1 0.969969 0.91316 0.809786 0.638194 0.398545 0.161089 0.029967 0.001509 1.1e-05 0 0 0 0 0 0 0 0 0 0 
1 0.970295 0.913764 0.811202 0.641372 0.403983 0.16482 0.0305514 0.0016285 1.9e-05 0 0 0 0 0 0 0 0 0 0 
1 0.967378 0.90601 0.795427 0.615778 0.374429 0.147454 0.0286166 0.001928 2.525e-05 0 0 0 0 0 0 0 0 0 0 
1 0.970568 0.914182 0.812132 0.642609 0.405969 0.167527 0.0331644 0.00206387 3.9625e-05 1.125e-06 0 0 0 0 0 0 0 0 0 
1 0.969809 0.911686 0.806076 0.631641 0.392472 0.15742 0.0286444 0.0013545 6e-06 0 0 0 0 0 0 0 0 0 0 
1 0.971043 0.915888 0.815497 0.648508 0.4131 0.174407 0.0354381 0.002408 3.3625e-05 0 0 0 0 0 0 0 0 0 0 
1 0.969155 0.910814 0.805768 0.632348 0.394393 0.160466 0.03082 0.00181425 1.8625e-05 0 0 0 0 0 0 0 0 0 0 
1 0.971405 0.916385 0.81579 0.648545 0.413475 0.1724 0.0334721 0.00180575 2.2875e-05 0 0 0 0 0 0 0 0 0 0 
1 0.968669 0.908707 0.799616 0.620769 0.376741 0.143455 0.0235683 0.00096225 1.1375e-05 0 0 0 0 0 0 0 0 0 0 
1 0.970264 0.913561 0.810304 0.639192 0.402609 0.166907 0.0342111 0.00255363 5.6875e-05 0 0 0 0 0 0 0 0 0 0 
1 0.970384 0.914123 0.811964 0.641968 0.405948 0.167985 0.0328968 0.00178787 2.1375e-05 0 0 0 0 0 0 0 0 0 0 
1 0.972058 0.918635 0.821419 0.65849 0.427652 0.187734 0.042203 0.00382338 0.000132375 2.5e-06 0 0 0 0 0 0 0 0 0 
1 0.96811 0.907202 0.797169 0.6175 0.374484 0.143384 0.0242553 0.00109763 4.5e-06 0 0 0 0 0 0 0 0 0 0 
1 0.97208 0.91867 0.821003 0.656782 0.424037 0.182707 0.0385712 0.00251525 2.625e-05 0 0 0 0 0 0 0 0 0 0 
1 0.96962 0.912486 0.809113 0.637299 0.399455 0.162467 0.0304659 0.00140987 5.875e-06 0 0 0 0 0 0 0 0 0 0 
1 0.972273 0.919796 0.823712 0.662673 0.432757 0.190862 0.0420512 0.00343163 9.1375e-05 0 0 0 0 0 0 0 0 0 0 
1 0.971954 0.918505 0.820538 0.655973 0.422268 0.180093 0.0366385 0.00216875 1.725e-05 0 0 0 0 0 0 0 0 0 0 
1 0.968137 0.907871 0.798562 0.619514 0.378036 0.147364 0.0263773 0.001427 2.225e-05 0 0 0 0 0 0 0 0 0 0 
1 0.970114 0.91299 0.808481 0.63606 0.397833 0.162658 0.0319133 0.0020705 3.4625e-05 0 0 0 0 0 0 0 0 0 0 
1 0.972561 0.920023 0.82423 0.663539 0.433132 0.190022 0.0408059 0.00268275 3.35e-05 0 0 0 0 0 0 0 0 0 0 
1 0.969376 0.911045 0.805171 0.630525 0.389757 0.153604 0.0261951 0.00104863 4.75e-06 0 0 0 0 0 0 0 0 0 0 
1 0.969597 0.911345 0.806012 0.631449 0.390022 0.152953 0.025597 0.000944625 1.45e-05 0 0 0 0 0 0 0 0 0 0 
1 0.969311 0.91118 0.805147 0.62954 0.388833 0.153993 0.0271759 0.001283 1.75e-06 0 0 0 0 0 0 0 0 0 0 
1 0.971392 0.917072 0.818582 0.653319 0.420426 0.18297 0.0423589 0.003916 0.000124 0 0 0 0 0 0 0 0 0 0 
1 0.972942 0.92132 0.826571 0.667273 0.44047 0.200162 0.047573 0.00366763 5.0125e-05 0 0 0 0 0 0 0 0 0 0 
1 0.968859 0.909345 0.801674 0.625142 0.383621 0.151052 0.0275994 0.00138462 4.625e-06 0 0 0 0 0 0 0 0 0 0 
1 0.96629 0.902644 0.787815 0.602834 0.35703 0.132101 0.0219055 0.00111563 1.45e-05 0 0 0 0 0 0 0 0 0 0 
1 0.969861 0.912546 0.808273 0.636336 0.398587 0.162538 0.031156 0.00196962 2.6375e-05 0 0 0 0 0 0 0 0 0 0 
1 0.971355 0.916813 0.817507 0.651787 0.418367 0.178335 0.0369605 0.00242338 3.1125e-05 0 0 0 0 0 0 0 0 0 0 
1 0.967299 0.905568 0.794979 0.614664 0.373604 0.147263 0.0290446 0.00212325 2.1e-05 0 0 0 0 0 0 0 0 0 0 
1 0.966499 0.903565 0.790309 0.60585 0.359097 0.131567 0.0208716 0.00100975 9.125e-06 0 0 0 0 0 0 0 0 0 0 
1 0.971686 0.91731 0.81678 0.649355 0.413079 0.172803 0.0346055 0.0022405 3.9875e-05 1.75e-06 0 0 0 0 0 0 0 0 0 
1 0.969795 0.911733 0.806035 0.631863 0.391424 0.155528 0.0275338 0.00120075 8.875e-06 0 0 0 0 0 0 0 0 0 0 
1 0.968254 0.907969 0.799321 0.620208 0.376386 0.144228 0.0243354 0.00115538 1.225e-05 0 0 0 0 0 0 0 0 0 0 
1 0.969634 0.911726 0.806392 0.632129 0.390685 0.153514 0.0262771 0.00110663 8.5e-06 0 0 0 0 0 0 0 0 0 0 
1 0.969732 0.91129 0.805853 0.631964 0.390472 0.153902 0.0270773 0.0013 1.575e-05 0 0 0 0 0 0 0 0 0 0 
1 0.969552 0.911198 0.806116 0.632649 0.395357 0.162081 0.0315166 0.00193975 1.6375e-05 0 0 0 0 0 0 0 0 0 0 
1 0.968937 0.909468 0.80175 0.624922 0.385728 0.152367 0.0271589 0.00125975 8.375e-06 0 0 0 0 0 0 0 0 0 0 
1 0.971489 0.9172 0.818028 0.652134 0.419558 0.182382 0.0410921 0.00344213 7.375e-05 1.25e-07 0 0 0 0 0 0 0 0 0 
1 0.969046 0.910143 0.803331 0.628239 0.389254 0.156057 0.0293193 0.00178875 4.75e-05 3.25e-06 0 0 0 0 0 0 0 0 0 
1 0.969256 0.910218 0.803496 0.627502 0.385714 0.149804 0.0255011 0.00101113 1.1125e-05 0 0 0 0 0 0 0 0 0 0 
1 0.971989 0.918752 0.821869 0.659372 0.42842 0.187527 0.0411708 0.00314537 7.5875e-05 0 0 0 0 0 0 0 0 0 0 
1 0.969284 0.911226 0.804922 0.629849 0.388527 0.153677 0.0276061 0.00129987 1.45e-05 0 0 0 0 0 0 0 0 0 0 
1 0.969375 0.911286 0.805852 0.631479 0.391453 0.157313 0.029162 0.001415 6.75e-06 0 0 0 0 0 0 0 0 0 0 
1 0.968715 0.909242 0.801576 0.623114 0.378567 0.143265 0.0225919 0.000850625 1.25e-06 0 0 0 0 0 0 0 0 0 0 
1 0.971773 0.917617 0.81857 0.652392 0.417833 0.177988 0.036728 0.002388 2.4e-05 0 0 0 0 0 0 0 0 0 0 
1 0.969286 0.910948 0.805153 0.630607 0.390393 0.155646 0.0282303 0.00135863 1.0125e-05 0 0 0 0 0 0 0 0 0 0 
1 0.970916 0.915266 0.813568 0.644503 0.408153 0.168935 0.0319093 0.00172625 2.05e-05 0 0 0 0 0 0 0 0 0 0 
1 0.969798 0.912416 0.807866 0.634939 0.397243 0.162838 0.0317445 0.00198887 2e-05 0 0 0 0 0 0 0 0 0 0 
1 0.972402 0.919234 0.822582 0.660941 0.431048 0.190501 0.0418661 0.00269463 3.4e-05 0 0 0 0 0 0 0 0 0 0 
1 0.971531 0.916999 0.817246 0.651321 0.417176 0.178283 0.0367829 0.00233012 3.425e-05 0 0 0 0 0 0 0 0 0 0 
1 0.970777 0.91519 0.813291 0.643628 0.406328 0.166599 0.0310541 0.00160012 2.4125e-05 0 0 0 0 0 0 0 0 0 0 
1 0.970029 0.912565 0.807812 0.635489 0.397721 0.163614 0.0334111 0.00244175 5.6e-05 0 0 0 0 0 0 0 0 0 0 
1 0.971101 0.916093 0.815219 0.647585 0.412057 0.173753 0.0353905 0.00212625 1.9e-05 0 0 0 0 0 0 0 0 0 0 
1 0.968588 0.908654 0.800617 0.622821 0.378828 0.144225 0.0229051 0.000856375 2.625e-06 0 0 0 0 0 0 0 0 0 0 
1 0.97085 0.915168 0.813398 0.643352 0.406843 0.168103 0.0322915 0.00166062 1.8e-05 0 0 0 0 0 0 0 0 0 0 
1 0.969944 0.912934 0.808806 0.636026 0.397098 0.159855 0.0284435 0.00130075 6.75e-06 0 0 0 0 0 0 0 0 0 0 
1 0.971422 0.916921 0.816921 0.650029 0.4152 0.175482 0.0351735 0.00210925 1.675e-05 0 0 0 0 0 0 0 0 0 0 
1 0.972451 0.920323 0.824746 0.664268 0.435448 0.193646 0.0440035 0.003418 5.125e-05 0 0 0 0 0 0 0 0 0 0 
1 0.969826 0.912172 0.806761 0.633431 0.395323 0.159315 0.028909 0.00132162 1.0375e-05 0 0 0 0 0 0 0 0 0 0 
1 0.970228 0.913308 0.809482 0.63727 0.399443 0.16435 0.0328109 0.00200912 2.4375e-05 0 0 0 0 0 0 0 0 0 0 
1 0.969808 0.912853 0.810171 0.639624 0.402636 0.166165 0.03253 0.0019285 2.0625e-05 0 0 0 0 0 0 0 0 0 0 
1 0.971695 0.917516 0.818873 0.654501 0.422259 0.17996 0.0371098 0.00241425 2.0625e-05 0 0 0 0 0 0 0 0 0 0 
1 0.970992 0.915717 0.814463 0.646853 0.41199 0.173503 0.0357164 0.0023625 2.575e-05 0 0 0 0 0 0 0 0 0 0 
1 0.970177 0.91315 0.809299 0.636928 0.398168 0.160662 0.0294958 0.00151762 1.25e-05 0 0 0 0 0 0 0 0 0 0 
1 0.969115 0.909991 0.802185 0.624791 0.380233 0.144646 0.0232425 0.00088775 1.3125e-05 0 0 0 0 0 0 0 0 0 0 
1 0.96857 0.908418 0.799999 0.622854 0.380557 0.14791 0.0258293 0.00126087 8.5e-06 0 0 0 0 0 0 0 0 0 0 
1 0.968895 0.910113 0.803344 0.627732 0.388494 0.154831 0.0276175 0.00117825 6.75e-06 0 0 0 0 0 0 0 0 0 0 
1 0.969981 0.912933 0.809595 0.637721 0.399145 0.162329 0.0303806 0.00157075 2.225e-05 0 0 0 0 0 0 0 0 0 0 
1 0.966929 0.904561 0.7921 0.608972 0.363371 0.134578 0.0212536 0.000829125 1e-05 0 0 0 0 0 0 0 0 0 0 
1 0.971822 0.917448 0.818432 0.652711 0.418541 0.177883 0.0376054 0.00276475 6.2125e-05 2.25e-06 0 0 0 0 0 0 0 0 0 
1 0.969863 0.912619 0.808558 0.63574 0.397214 0.160924 0.0307381 0.00198738 4.85e-05 0 0 0 0 0 0 0 0 0 0 
1 0.97084 0.915133 0.81305 0.64279 0.404705 0.165258 0.0309403 0.00155875 1.3e-05 0 0 0 0 0 0 0 0 0 0 
1 0.969798 0.911931 0.807086 0.633073 0.391862 0.15483 0.0269045 0.0011855 6e-06 0 0 0 0 0 0 0 0 0 0 
1 0.968506 0.908738 0.800576 0.622531 0.379235 0.143982 0.0231393 0.000895125 2.75e-06 0 0 0 0 0 0 0 0 0 0 
1 0.970481 0.913734 0.811038 0.640207 0.40388 0.167637 0.0331816 0.00186287 1.9e-05 0 0 0 0 0 0 0 0 0 0 
1 0.969707 0.912354 0.808058 0.635059 0.395254 0.158663 0.0292866 0.00158862 5.25e-06 0 0 0 0 0 0 0 0 0 0 
1 0.970631 0.914548 0.812604 0.643518 0.406327 0.168407 0.0337676 0.00200112 1.4125e-05 0 0 0 0 0 0 0 0 0 0 
1 0.971428 0.916772 0.816658 0.649574 0.414363 0.174804 0.035571 0.00241787 6.1875e-05 2.5e-07 0 0 0 0 0 0 0 0 0 
1 0.968073 0.907433 0.798397 0.618443 0.373939 0.140054 0.0218584 0.00073425 6.75e-06 0 0 0 0 0 0 0 0 0 0 
1 0.970171 0.913959 0.811885 0.641614 0.405087 0.167071 0.0314604 0.00152312 7.125e-06 0 0 0 0 0 0 0 0 0 0 
1 0.971721 0.917487 0.81834 0.652746 0.419006 0.179514 0.037755 0.002587 4.0375e-05 0 0 0 0 0 0 0 0 0 0 
1 0.972264 0.91917 0.821529 0.658379 0.42676 0.186123 0.0403675 0.002944 4.05e-05 1.125e-06 0 0 0 0 0 0 0 0 0 
1 0.969109 0.910084 0.802758 0.625373 0.384094 0.150845 0.0270743 0.00139762 9.5e-06 0 0 0 0 0 0 0 0 0 0 
1 0.969917 0.91297 0.809811 0.63876 0.401432 0.165098 0.0315874 0.00184812 2.575e-05 0 0 0 0 0 0 0 0 0 0 
1 0.968698 0.909047 0.800876 0.622465 0.37934 0.146434 0.024918 0.00107863 3.5e-06 0 0 0 0 0 0 0 0 0 0 
1 0.971725 0.918121 0.820013 0.655333 0.421797 0.180374 0.0371494 0.00230737 1.8375e-05 0 0 0 0 0 0 0 0 0 0 
1 0.972279 0.918875 0.820614 0.656145 0.421474 0.177849 0.0344665 0.00171125 2.75e-06 0 0 0 0 0 0 0 0 0 0 
1 0.969346 0.911028 0.805254 0.630688 0.390397 0.154471 0.0273791 0.00121625 1.425e-05 0 0 0 0 0 0 0 0 0 0 
1 0.96982 0.912663 0.808123 0.635598 0.397808 0.162147 0.030934 0.00172462 1.9875e-05 0 0 0 0 0 0 0 0 0 0 
1 0.971461 0.917166 0.817566 0.651164 0.417047 0.176171 0.0350208 0.0021265 1.7875e-05 0 0 0 0 0 0 0 0 0 0 
1 0.970898 0.914936 0.813591 0.645699 0.410554 0.172594 0.0346291 0.0019585 2.025e-05 0 0 0 0 0 0 0 0 0 0 
1 0.969424 0.911074 0.805174 0.630909 0.390968 0.154794 0.0280678 0.00158662 2.7125e-05 0 0 0 0 0 0 0 0 0 0 
1 0.970056 0.912742 0.807865 0.633082 0.392657 0.156168 0.0278121 0.00134663 1.15e-05 0 0 0 0 0 0 0 0 0 0 
1 0.972779 0.920141 0.822867 0.659689 0.427975 0.187045 0.0399219 0.00252587 2.575e-05 0 0 0 0 0 0 0 0 0 0 
1 0.969523 0.911334 0.805218 0.629707 0.388762 0.15201 0.0263179 0.001215 1.7875e-05 0 0 0 0 0 0 0 0 0 0 
1 0.968819 0.909813 0.803548 0.6292 0.391031 0.157972 0.0299219 0.001592 1.05e-05 0 0 0 0 0 0 0 0 0 0 
1 0.969486 0.911292 0.806165 0.632516 0.393872 0.159344 0.0299238 0.00168725 1.6125e-05 0 0 0 0 0 0 0 0 0 0 
1 0.968914 0.90949 0.801801 0.624551 0.383771 0.151909 0.0271559 0.00132025 1.5625e-05 1e-06 0 0 0 0 0 0 0 0 0 
1 0.970358 0.913931 0.811726 0.643164 0.408132 0.171583 0.0357326 0.00260838 4.625e-05 3.875e-06 0 0 0 0 0 0 0 0 0 
1 0.96858 0.90907 0.802039 0.624657 0.382874 0.1488 0.0251165 0.00104663 7.75e-06 0 0 0 0 0 0 0 0 0 0 
1 0.970964 0.915351 0.813803 0.644317 0.407487 0.168319 0.0324229 0.00181925 2.25e-05 0 0 0 0 0 0 0 0 0 0 
1 0.969311 0.910894 0.805373 0.630681 0.389677 0.153944 0.0279438 0.00148288 1.0375e-05 0 0 0 0 0 0 0 0 0 0 
1 0.970144 0.912759 0.809243 0.637946 0.400617 0.164925 0.0322266 0.00197637 1.75e-05 0 0 0 0 0 0 0 0 0 0 
1 0.972052 0.918999 0.822054 0.659028 0.426491 0.184685 0.0388814 0.0023685 2.3e-05 0 0 0 0 0 0 0 0 0 0 
1 0.971648 0.917559 0.818384 0.652539 0.418711 0.177654 0.0351812 0.00189025 1.425e-05 0 0 0 0 0 0 0 0 0 0 
1 0.969085 0.910122 0.802378 0.625169 0.382775 0.148534 0.0247496 0.000970125 2.5e-06 0 0 0 0 0 0 0 0 0 0 
1 0.969711 0.911886 0.806329 0.631732 0.390436 0.15395 0.0274751 0.00141425 1.9125e-05 1.25e-07 0 0 0 0 0 0 0 0 0 
1 0.972493 0.920722 0.826534 0.668668 0.442338 0.200458 0.0468626 0.00374525 5.6125e-05 0 0 0 0 0 0 0 0 0 0 
1 0.968094 0.907375 0.797279 0.616103 0.371574 0.140695 0.0228704 0.000906375 3e-06 0 0 0 0 0 0 0 0 0 0 
1 0.968805 0.90974 0.803326 0.627881 0.387954 0.154659 0.0282733 0.001377 9.125e-06 0 0 0 0 0 0 0 0 0 0 
1 0.969405 0.911974 0.807264 0.634314 0.394869 0.157429 0.0275926 0.0012995 6.25e-06 0 0 0 0 0 0 0 0 0 0 
1 0.963948 0.895676 0.774104 0.578944 0.326962 0.10825 0.0136465 0.000339875 2.5e-07 0 0 0 0 0 0 0 0 0 0 
1 0.970144 0.913106 0.809723 0.638376 0.401817 0.165199 0.0319664 0.00180137 2.05e-05 0 0 0 0 0 0 0 0 0 0 
1 0.971796 0.917888 0.819596 0.654979 0.420438 0.178529 0.0359234 0.0020475 1.8625e-05 0 0 0 0 0 0 0 0 0 0 
1 0.969604 0.913054 0.810314 0.640111 0.402852 0.16538 0.031382 0.001623 1.3125e-05 0 0 0 0 0 0 0 0 0 0 
1 0.969739 0.912084 0.806805 0.633214 0.393569 0.158694 0.0300524 0.00189925 3.6875e-05 6.25e-07 0 0 0 0 0 0 0 0 0 
1 0.972456 0.920019 0.823676 0.662473 0.432451 0.189926 0.041041 0.00295063 3.4875e-05 0 0 0 0 0 0 0 0 0 0 
1 0.970186 0.912881 0.808465 0.634148 0.39333 0.156041 0.0275469 0.00123488 8.5e-06 0 0 0 0 0 0 0 0 0 0 
1 0.972508 0.920135 0.824692 0.663344 0.432975 0.190573 0.0413406 0.00269675 2.1125e-05 0 0 0 0 0 0 0 0 0 0 
1 0.969684 0.911879 0.807154 0.633975 0.39653 0.162353 0.0324683 0.00233238 4.875e-05 0 0 0 0 0 0 0 0 0 0 
1 0.97021 0.913552 0.810436 0.639724 0.402763 0.165961 0.0327339 0.00219375 2.75e-05 0 0 0 0 0 0 0 0 0 0 
1 0.973187 0.92192 0.827188 0.667772 0.439271 0.196436 0.0447764 0.0036965 6.15e-05 0 0 0 0 0 0 0 0 0 0 
1 0.970561 0.914083 0.810691 0.638696 0.399988 0.163243 0.0304085 0.0014965 6.125e-06 0 0 0 0 0 0 0 0 0 0 
1 0.968997 0.90942 0.801771 0.624562 0.382501 0.147552 0.0243351 0.0009425 1.125e-06 0 0 0 0 0 0 0 0 0 0 
1 0.967263 0.905919 0.795752 0.615301 0.372973 0.14292 0.0240266 0.000915375 4.125e-06 0 0 0 0 0 0 0 0 0 0 
1 0.967353 0.905642 0.794398 0.612754 0.367913 0.13781 0.0221093 0.00094725 2e-06 0 0 0 0 0 0 0 0 0 0 
1 0.969361 0.910891 0.804796 0.629229 0.387921 0.151743 0.0261074 0.00118412 9.375e-06 0 0 0 0 0 0 0 0 0 0 
1 0.970601 0.914105 0.810881 0.640283 0.402177 0.164109 0.0309446 0.00170712 1.5625e-05 0 0 0 0 0 0 0 0 0 0 
1 0.967732 0.906666 0.795809 0.614835 0.369961 0.139491 0.0227726 0.000803 6.75e-06 0 0 0 0 0 0 0 0 0 0 
1 0.971496 0.916849 0.816633 0.64976 0.414392 0.174163 0.034387 0.00195737 2.05e-05 0 0 0 0 0 0 0 0 0 0 
1 0.96746 0.905645 0.794901 0.61438 0.371628 0.142115 0.0240708 0.00110487 2.5875e-05 2e-06 0 0 0 0 0 0 0 0 0 
1 0.972966 0.921549 0.827343 0.668376 0.440098 0.196457 0.0442364 0.003913 0.000142125 2.5e-07 0 0 0 0 0 0 0 0 0 
1 0.967039 0.90413 0.79111 0.607713 0.363432 0.134705 0.0211454 0.000817125 2.375e-06 0 0 0 0 0 0 0 0 0 0 
1 0.968948 0.909507 0.802399 0.625491 0.382774 0.148121 0.0248089 0.00096275 8.125e-06 0 0 0 0 0 0 0 0 0 0 
1 0.969466 0.911553 0.806519 0.634018 0.396543 0.161971 0.0320013 0.0020565 2.225e-05 2.125e-06 0 0 0 0 0 0 0 0 0 
1 0.970638 0.914907 0.81446 0.647223 0.413368 0.173942 0.0343604 0.0019515 1.6e-05 0 0 0 0 0 0 0 0 0 0 
1 0.969885 0.912444 0.807866 0.634863 0.396243 0.159832 0.0293386 0.0014475 1.65e-05 0 0 0 0 0 0 0 0 0 0 
1 0.9708 0.914976 0.813204 0.64409 0.408742 0.17064 0.0339343 0.0020095 3.075e-05 0 0 0 0 0 0 0 0 0 0 
1 0.97087 0.91507 0.812921 0.643766 0.408964 0.17193 0.0351219 0.00222537 1.7625e-05 0 0 0 0 0 0 0 0 0 0 
1 0.971129 0.916028 0.815493 0.647677 0.412138 0.173041 0.0345705 0.00183125 1.7e-05 0 0 0 0 0 0 0 0 0 0 
1 0.969569 0.912193 0.807682 0.634825 0.395564 0.159205 0.0294971 0.00156387 8.25e-06 0 0 0 0 0 0 0 0 0 0 
1 0.969465 0.91177 0.806412 0.632319 0.392171 0.155365 0.0276168 0.001392 1.675e-05 0 0 0 0 0 0 0 0 0 0 
1 0.970276 0.913606 0.810566 0.639314 0.4005 0.161493 0.0293831 0.001486 5.5e-06 0 0 0 0 0 0 0 0 0 0 
1 0.966732 0.903855 0.790589 0.606841 0.360066 0.132142 0.0205855 0.00082575 3.25e-06 0 0 0 0 0 0 0 0 0 0 
1 0.968 0.906608 0.795639 0.613375 0.368911 0.138205 0.0224775 0.00108038 7.875e-06 0 0 0 0 0 0 0 0 0 0 
1 0.969789 0.912182 0.808232 0.636148 0.397924 0.161548 0.0299283 0.00141112 7.125e-06 0 0 0 0 0 0 0 0 0 0 
1 0.970711 0.914375 0.812195 0.642209 0.405828 0.168785 0.0329414 0.0017475 2.025e-05 0 0 0 0 0 0 0 0 0 0 
1 0.969562 0.910981 0.804516 0.629027 0.388238 0.15384 0.0277653 0.00129725 5.875e-06 0 0 0 0 0 0 0 0 0 0 
1 0.970205 0.913877 0.811103 0.640991 0.404128 0.167184 0.0329198 0.00198862 3.5625e-05 0 0 0 0 0 0 0 0 0 0 
1 0.967628 0.905553 0.79344 0.60996 0.364487 0.136762 0.0231849 0.00115512 5.75e-06 0 0 0 0 0 0 0 0 0 0 
1 0.968645 0.909021 0.801464 0.624019 0.38273 0.150007 0.0273598 0.00151 1.7125e-05 0 0 0 0 0 0 0 0 0 0 
1 0.970073 0.913172 0.809617 0.638234 0.401753 0.167078 0.0335021 0.00216 2.25e-05 0 0 0 0 0 0 0 0 0 0 
1 0.970797 0.91485 0.812663 0.641965 0.402719 0.163571 0.0304531 0.00166275 1.2875e-05 0 0 0 0 0 0 0 0 0 0 
1 0.970797 0.91488 0.813119 0.644081 0.408537 0.171223 0.0338285 0.0019095 1.6875e-05 0 0 0 0 0 0 0 0 0 0 
1 0.968422 0.908401 0.798892 0.620018 0.377707 0.144802 0.023798 0.000986875 4.25e-06 0 0 0 0 0 0 0 0 0 0 
1 0.969626 0.911995 0.807358 0.634531 0.395576 0.158695 0.0287125 0.00132175 8.75e-06 0 0 0 0 0 0 0 0 0 0 
1 0.967996 0.907331 0.796936 0.6158 0.370461 0.138172 0.0216668 0.000831125 8.375e-06 0 0 0 0 0 0 0 0 0 0 
1 0.96956 0.911644 0.806337 0.632087 0.39136 0.15456 0.027664 0.00143787 9.625e-06 0 0 0 0 0 0 0 0 0 0 
1 0.969548 0.911193 0.805143 0.630358 0.389405 0.152412 0.0259118 0.00102838 9.25e-06 0 0 0 0 0 0 0 0 0 0 
1 0.969659 0.911838 0.80658 0.633524 0.394978 0.161155 0.0314991 0.00181662 1.175e-05 0 0 0 0 0 0 0 0 0 0 
1 0.968333 0.90789 0.798133 0.618563 0.375704 0.14508 0.0262415 0.00181638 4.4875e-05 3.75e-07 0 0 0 0 0 0 0 0 0 
1 0.969742 0.912369 0.808613 0.636976 0.399586 0.164147 0.0326081 0.00210675 2.45e-05 0 0 0 0 0 0 0 0 0 0 
1 0.97124 0.915824 0.814664 0.646214 0.408155 0.166028 0.02971 0.00120787 9.125e-06 0 0 0 0 0 0 0 0 0 0 
1 0.971956 0.918335 0.82012 0.655468 0.422566 0.181209 0.0377194 0.00245887 3.8375e-05 1.5e-06 0 0 0 0 0 0 0 0 0 
1 0.972377 0.918934 0.820835 0.656797 0.423217 0.180589 0.0364905 0.00217012 3.2375e-05 0 0 0 0 0 0 0 0 0 0 
1 0.968655 0.909515 0.803372 0.629167 0.3922 0.161171 0.033188 0.00239175 2.95e-05 8.75e-07 0 0 0 0 0 0 0 0 0 
1 0.969288 0.911087 0.804761 0.628381 0.386003 0.149701 0.0248923 0.000977125 5.75e-06 0 0 0 0 0 0 0 0 0 0 
1 0.969796 0.912229 0.806786 0.631377 0.389598 0.15321 0.0262383 0.00120062 1.25e-05 0 0 0 0 0 0 0 0 0 0 
1 0.968576 0.908441 0.799102 0.620045 0.377069 0.144765 0.0245759 0.00115388 1.375e-05 0 0 0 0 0 0 0 0 0 0 
1 0.968194 0.907955 0.799794 0.621845 0.379765 0.146974 0.0255865 0.0012825 9.5e-06 0 0 0 0 0 0 0 0 0 0 
1 0.967493 0.905815 0.793261 0.609932 0.364402 0.135049 0.0215016 0.000865125 4.875e-06 0 0 0 0 0 0 0 0 0 0 
1 0.967607 0.905889 0.79425 0.61161 0.365041 0.133525 0.0197806 0.00062075 3.75e-06 0 0 0 0 0 0 0 0 0 0 
1 0.969362 0.91071 0.803869 0.627786 0.386533 0.152598 0.0278669 0.0014955 1.7375e-05 0 0 0 0 0 0 0 0 0 0 
1 0.970448 0.913856 0.810809 0.64027 0.404462 0.168763 0.0343239 0.0022705 4.4875e-05 0 0 0 0 0 0 0 0 0 0 
1 0.967473 0.905607 0.794061 0.611298 0.365508 0.136577 0.0224374 0.00089775 1.5375e-05 0 0 0 0 0 0 0 0 0 0 
1 0.969752 0.912578 0.809103 0.637542 0.399088 0.160617 0.0293735 0.00137537 5e-06 0 0 0 0 0 0 0 0 0 0 
1 0.970383 0.91387 0.810373 0.638624 0.398869 0.160347 0.02884 0.00133312 7.75e-06 0 0 0 0 0 0 0 0 0 0 
1 0.969453 0.911268 0.804675 0.627869 0.385196 0.148604 0.0244648 0.00113487 1.075e-05 0 0 0 0 0 0 0 0 0 0 
1 0.967108 0.904667 0.792373 0.609782 0.366231 0.137788 0.023282 0.00122662 1.2125e-05 0 0 0 0 0 0 0 0 0 0 
1 0.968608 0.908781 0.800314 0.622313 0.379196 0.145536 0.0239831 0.00101525 5.875e-06 0 0 0 0 0 0 0 0 0 0 
1 0.970199 0.91338 0.809735 0.63733 0.399327 0.163429 0.0324444 0.0023435 3.5e-05 0 0 0 0 0 0 0 0 0 0 
1 0.968832 0.909588 0.801972 0.626197 0.385483 0.15083 0.02625 0.00111862 1.175e-05 1.25e-06 0 0 0 0 0 0 0 0 0 
1 0.973125 0.921671 0.827392 0.669171 0.441617 0.198199 0.0443756 0.003069 6.3875e-05 0 0 0 0 0 0 0 0 0 0 
1 0.969631 0.911642 0.806517 0.633005 0.39229 0.155729 0.0274148 0.00123287 3.625e-06 0 0 0 0 0 0 0 0 0 0 
1 0.971928 0.918108 0.819235 0.652963 0.418151 0.176446 0.0344256 0.00177662 1.5e-05 0 0 0 0 0 0 0 0 0 0 
1 0.968723 0.909157 0.801781 0.625752 0.385184 0.152325 0.0272125 0.00136587 1.6625e-05 0 0 0 0 0 0 0 0 0 0 
1 0.969664 0.911641 0.805687 0.631645 0.39088 0.154666 0.0276063 0.00122925 8.625e-06 0 0 0 0 0 0 0 0 0 0 
1 0.972647 0.92004 0.823712 0.661468 0.42979 0.186978 0.0397166 0.00270325 4.275e-05 0 0 0 0 0 0 0 0 0 0 
1 0.968756 0.909639 0.80221 0.626008 0.385681 0.153378 0.0285366 0.00158237 1.575e-05 0 0 0 0 0 0 0 0 0 0 
1 0.970256 0.913505 0.810944 0.640845 0.4063 0.170222 0.034939 0.00230237 4.1875e-05 0 0 0 0 0 0 0 0 0 0 
1 0.970144 0.913124 0.809181 0.637366 0.399215 0.162468 0.030352 0.001565 1.8375e-05 0 0 0 0 0 0 0 0 0 0 
1 0.969697 0.911453 0.806068 0.632232 0.392747 0.157724 0.0297554 0.00180912 2.6875e-05 0 0 0 0 0 0 0 0 0 0 
1 0.970288 0.913553 0.810166 0.638381 0.400176 0.162592 0.0298209 0.00145 1.0875e-05 0 0 0 0 0 0 0 0 0 0 
1 0.968284 0.908152 0.799779 0.622455 0.382634 0.150871 0.0270333 0.00132175 3.875e-06 0 0 0 0 0 0 0 0 0 0 
1 0.970826 0.91527 0.814183 0.645892 0.411269 0.172881 0.0354994 0.002341 3.95e-05 0 0 0 0 0 0 0 0 0 0 
1 0.970942 0.915945 0.815578 0.647661 0.411051 0.17015 0.0326726 0.001627 8.875e-06 0 0 0 0 0 0 0 0 0 0 
1 0.969473 0.911227 0.80494 0.629989 0.390929 0.158106 0.0308984 0.00194487 1.1125e-05 0 0 0 0 0 0 0 0 0 0 
1 0.968122 0.908362 0.800823 0.623455 0.380157 0.14775 0.0250643 0.00103538 1.075e-05 0 0 0 0 0 0 0 0 0 0 
1 0.971091 0.915868 0.81464 0.64547 0.407866 0.167087 0.0310571 0.0015245 1.225e-05 0 0 0 0 0 0 0 0 0 0 
1 0.969334 0.911088 0.805592 0.630861 0.389497 0.152043 0.0255986 0.00104725 9e-06 0 0 0 0 0 0 0 0 0 0 
1 0.970699 0.914792 0.813122 0.643411 0.406683 0.168002 0.0327145 0.00184775 3.1e-05 0 0 0 0 0 0 0 0 0 0 
1 0.968721 0.909076 0.801087 0.622965 0.379946 0.144998 0.0233815 0.000909375 8.5e-06 0 0 0 0 0 0 0 0 0 0 
1 0.971909 0.918751 0.82149 0.657896 0.426417 0.184117 0.0394471 0.00298437 5.8e-05 0 0 0 0 0 0 0 0 0 0 
1 0.967403 0.905282 0.7933 0.611213 0.365984 0.136196 0.0215761 0.000864875 1.375e-06 0 0 0 0 0 0 0 0 0 0 
1 0.973413 0.922315 0.82855 0.670017 0.442481 0.199798 0.045149 0.00309262 4.3375e-05 0 0 0 0 0 0 0 0 0 0 
1 0.972978 0.921144 0.826172 0.665317 0.434922 0.192031 0.0423102 0.00299525 4.4125e-05 0 0 0 0 0 0 0 0 0 0 
1 0.969262 0.911056 0.805149 0.630648 0.391569 0.157109 0.0289186 0.00136462 7.5e-06 0 0 0 0 0 0 0 0 0 0 
1 0.970108 0.913225 0.809182 0.637119 0.397776 0.160596 0.0300751 0.0016815 3.625e-05 0 0 0 0 0 0 0 0 0 0 
1 0.969618 0.911481 0.805441 0.630033 0.388992 0.153705 0.0272855 0.00131375 1.4875e-05 0 0 0 0 0 0 0 0 0 0 
1 0.970066 0.913494 0.810151 0.638545 0.40012 0.163648 0.0318401 0.00192875 2.05e-05 0 0 0 0 0 0 0 0 0 0 
1 0.971644 0.917543 0.818487 0.652122 0.416085 0.174405 0.0343621 0.0019495 3.15e-05 0 0 0 0 0 0 0 0 0 0 
1 0.971004 0.915479 0.813717 0.6449 0.408308 0.17075 0.0342889 0.00224675 2.2875e-05 0 0 0 0 0 0 0 0 0 0 
1 0.968541 0.908718 0.800318 0.622786 0.380373 0.147233 0.0248498 0.00105513 6.875e-06 0 0 0 0 0 0 0 0 0 0 
1 0.971605 0.917725 0.819165 0.653928 0.420532 0.179632 0.0366235 0.0021615 1.0875e-05 0 0 0 0 0 0 0 0 0 0 
1 0.970821 0.914582 0.812294 0.641971 0.403426 0.164261 0.0306658 0.00148775 1e-05 0 0 0 0 0 0 0 0 0 0 
1 0.967961 0.907681 0.798876 0.620457 0.378093 0.14538 0.0246059 0.001209 1.3125e-05 0 0 0 0 0 0 0 0 0 0 
1 0.9708 0.914978 0.813027 0.643487 0.406504 0.168176 0.0322713 0.00189625 2.2875e-05 0 0 0 0 0 0 0 0 0 0 
1 0.970595 0.914299 0.812392 0.643217 0.407332 0.169275 0.032931 0.00186775 1.45e-05 0 0 0 0 0 0 0 0 0 0 
1 0.97113 0.916174 0.8167 0.651434 0.419187 0.179336 0.037739 0.002614 4.0125e-05 0 0 0 0 0 0 0 0 0 0 
1 0.969007 0.909537 0.801946 0.624376 0.382564 0.149186 0.0263325 0.00134687 1.825e-05 0 0 0 0 0 0 0 0 0 0 
1 0.970488 0.913997 0.811276 0.63964 0.400873 0.162037 0.0293605 0.0013395 1.1875e-05 0 0 0 0 0 0 0 0 0 0 
1 0.970322 0.913558 0.809647 0.637969 0.400573 0.16427 0.0314401 0.00176712 1.7125e-05 0 0 0 0 0 0 0 0 0 0 
1 0.96855 0.909096 0.801114 0.623893 0.382111 0.149024 0.0259608 0.00126638 2.6625e-05 0 0 0 0 0 0 0 0 0 0 
1 0.969523 0.91126 0.804691 0.628033 0.385781 0.150239 0.0254124 0.00116238 7.375e-06 0 0 0 0 0 0 0 0 0 0 
1 0.969263 0.911014 0.80452 0.628794 0.387397 0.153791 0.028562 0.00176275 2.1625e-05 0 0 0 0 0 0 0 0 0 0 
1 0.970071 0.913003 0.808438 0.63446 0.393707 0.157248 0.0285785 0.00144537 4e-06 0 0 0 0 0 0 0 0 0 0 
1 0.969999 0.912429 0.807846 0.634534 0.393787 0.156323 0.0274178 0.00117962 8e-06 0 0 0 0 0 0 0 0 0 0 
1 0.972453 0.919531 0.822776 0.659749 0.427007 0.181921 0.0361836 0.00189575 1.225e-05 0 0 0 0 0 0 0 0 0 0 
1 0.969546 0.911757 0.806371 0.632954 0.393655 0.158151 0.0290398 0.00164825 2.45e-05 0 0 0 0 0 0 0 0 0 0 
1 0.970499 0.913831 0.810992 0.640773 0.403231 0.165501 0.0318315 0.00180912 9.625e-06 0 0 0 0 0 0 0 0 0 0 
1 0.973804 0.923312 0.829698 0.670759 0.44165 0.196367 0.0424995 0.00263575 2.5e-05 2.75e-06 0 0 0 0 0 0 0 0 0 
1 0.970211 0.913942 0.811623 0.641061 0.402369 0.162647 0.0291711 0.00125437 6e-06 0 0 0 0 0 0 0 0 0 0 
1 0.967736 0.906176 0.795874 0.616346 0.37662 0.150643 0.0300041 0.00199262 2.1e-05 0 0 0 0 0 0 0 0 0 0 
1 0.972394 0.91852 0.819873 0.654021 0.420966 0.179712 0.0367694 0.00250488 5.8375e-05 0 0 0 0 0 0 0 0 0 0 
1 0.969878 0.912578 0.808186 0.635643 0.395098 0.156063 0.0269712 0.00119013 5.75e-06 5e-07 0 0 0 0 0 0 0 0 0 
1 0.97176 0.918161 0.819514 0.654928 0.423104 0.183404 0.0391321 0.002836 5.6625e-05 0 0 0 0 0 0 0 0 0 0 
1 0.969936 0.912278 0.807366 0.633875 0.39339 0.15464 0.026567 0.00109713 8.625e-06 0 0 0 0 0 0 0 0 0 0 
1 0.971851 0.917984 0.819138 0.653793 0.420669 0.179877 0.0365454 0.0022395 2.7125e-05 0 0 0 0 0 0 0 0 0 0 
1 0.970779 0.914291 0.811764 0.641308 0.404559 0.165619 0.0315596 0.00154362 1.7375e-05 0 0 0 0 0 0 0 0 0 0 
1 0.969353 0.911111 0.804862 0.629151 0.387594 0.152894 0.0268423 0.00129438 6.875e-06 0 0 0 0 0 0 0 0 0 0 
1 0.969731 0.912137 0.806952 0.631412 0.390012 0.153189 0.0259665 0.00107413 4.375e-06 0 0 0 0 0 0 0 0 0 0 
1 0.968403 0.908195 0.798731 0.618694 0.374232 0.142052 0.0231294 0.0009915 1.075e-05 0 0 0 0 0 0 0 0 0 0 
1 0.971355 0.916598 0.817022 0.650334 0.414691 0.173903 0.0346506 0.00198587 1.725e-05 0 0 0 0 0 0 0 0 0 0 
1 0.971256 0.916994 0.817893 0.652594 0.419745 0.180332 0.037601 0.00239875 2.1875e-05 0 0 0 0 0 0 0 0 0 0 
1 0.971148 0.916454 0.816361 0.64944 0.414377 0.174563 0.0342748 0.00182437 1.2125e-05 0 0 0 0 0 0 0 0 0 0 
1 0.972151 0.918088 0.819228 0.652164 0.417316 0.176546 0.0356834 0.00218488 2.075e-05 0 0 0 0 0 0 0 0 0 0 
1 0.969649 0.911831 0.806478 0.632923 0.393503 0.157515 0.0285465 0.00151862 1.2e-05 0 0 0 0 0 0 0 0 0 0 
1 0.968562 0.908757 0.800044 0.621255 0.379321 0.146489 0.0252601 0.00114613 1.175e-05 0 0 0 0 0 0 0 0 0 0 
1 0.969294 0.911188 0.80531 0.631247 0.391736 0.156153 0.0285449 0.00142275 1.85e-05 0 0 0 0 0 0 0 0 0 0 
1 0.970211 0.914052 0.811329 0.640477 0.401363 0.162889 0.0303429 0.00146725 1.5625e-05 0 0 0 0 0 0 0 0 0 0 
1 0.969837 0.912189 0.807256 0.633986 0.395099 0.160185 0.0296836 0.00154163 9.625e-06 0 0 0 0 0 0 0 0 0 0 
1 0.969773 0.912585 0.808633 0.635247 0.396102 0.15927 0.0293681 0.00160075 2.35e-05 0 0 0 0 0 0 0 0 0 0 
1 0.968863 0.909777 0.803818 0.629303 0.390436 0.158072 0.0307893 0.00181762 1.6625e-05 0 0 0 0 0 0 0 0 0 0 
1 0.970226 0.913379 0.809766 0.63913 0.402699 0.167268 0.0330774 0.00187962 1.775e-05 0 0 0 0 0 0 0 0 0 0 
1 0.971204 0.916242 0.815929 0.6484 0.413541 0.17427 0.0357388 0.00242612 3.875e-05 0 0 0 0 0 0 0 0 0 0 
1 0.969797 0.91226 0.807273 0.634275 0.394782 0.157935 0.0281285 0.00125337 1.1625e-05 0 0 0 0 0 0 0 0 0 0 
1 0.968331 0.907793 0.797977 0.616945 0.372469 0.140799 0.0231316 0.0010105 2.875e-06 0 0 0 0 0 0 0 0 0 0 
1 0.969424 0.91086 0.804369 0.628692 0.388438 0.154692 0.0281099 0.00137687 9.25e-06 0 0 0 0 0 0 0 0 0 0 
1 0.967538 0.906264 0.795589 0.614098 0.368945 0.138863 0.0229606 0.00110787 1.45e-05 0 0 0 0 0 0 0 0 0 0 
1 0.970207 0.913087 0.809105 0.636969 0.400293 0.166079 0.033744 0.0023245 3.15e-05 1.125e-06 0 0 0 0 0 0 0 0 0 
1 0.969878 0.912993 0.808644 0.63542 0.395165 0.157243 0.0283098 0.00134825 1.95e-05 0 0 0 0 0 0 0 0 0 0 
1 0.971028 0.915467 0.813642 0.644311 0.408229 0.170625 0.0345855 0.00229212 2.3875e-05 0 0 0 0 0 0 0 0 0 0 
1 0.968938 0.909694 0.802206 0.624737 0.380974 0.146555 0.0251635 0.00131762 1.1625e-05 0 0 0 0 0 0 0 0 0 0 
1 0.969914 0.91227 0.808283 0.63629 0.397127 0.159508 0.0290188 0.00144987 1.375e-05 0 0 0 0 0 0 0 0 0 0 
1 0.969661 0.911718 0.80637 0.632886 0.394655 0.16064 0.0312569 0.00200625 1.975e-05 0 0 0 0 0 0 0 0 0 0 
1 0.969816 0.912073 0.806242 0.631459 0.39065 0.15512 0.0277096 0.00119375 1.3875e-05 0 0 0 0 0 0 0 0 0 0 
1 0.971317 0.915962 0.815671 0.647974 0.41284 0.173932 0.0344114 0.002028 3.0875e-05 0 0 0 0 0 0 0 0 0 0 
1 0.971875 0.918093 0.819741 0.655543 0.424547 0.184714 0.0403981 0.00297975 5.975e-05 0 0 0 0 0 0 0 0 0 0 
1 0.972035 0.918806 0.820826 0.656269 0.423564 0.181621 0.0375195 0.00225175 1.325e-05 0 0 0 0 0 0 0 0 0 0 
1 0.970559 0.914455 0.811556 0.639704 0.400788 0.16276 0.0302645 0.001611 1.325e-05 0 0 0 0 0 0 0 0 0 0 
1 0.971772 0.917835 0.81856 0.652068 0.418389 0.177646 0.0361668 0.00244563 5.575e-05 0 0 0 0 0 0 0 0 0 0 
1 0.969028 0.909943 0.803135 0.626667 0.384035 0.148373 0.0246018 0.00094725 5e-06 0 0 0 0 0 0 0 0 0 0 
1 0.970581 0.913791 0.810541 0.638707 0.399061 0.16016 0.0287275 0.001317 7.625e-06 0 0 0 0 0 0 0 0 0 0 
1 0.970046 0.912742 0.808679 0.636665 0.399519 0.163175 0.0307559 0.00149587 8.5e-06 0 0 0 0 0 0 0 0 0 0 
1 0.972017 0.918694 0.820986 0.657567 0.424591 0.183046 0.0384746 0.00257487 4.275e-05 0 0 0 0 0 0 0 0 0 0 
1 0.968274 0.908148 0.799259 0.621387 0.378179 0.144149 0.0230539 0.0008045 5.75e-06 0 0 0 0 0 0 0 0 0 0 
1 0.970272 0.913722 0.810515 0.639422 0.401003 0.164257 0.0316915 0.00201512 2.7e-05 0 0 0 0 0 0 0 0 0 0 
1 0.970724 0.914945 0.813754 0.644552 0.4074 0.165952 0.0302079 0.00141412 9.75e-06 0 0 0 0 0 0 0 0 0 0 
1 0.969948 0.912334 0.807656 0.635249 0.396711 0.16113 0.0297909 0.00141812 4e-06 0 0 0 0 0 0 0 0 0 0 
1 0.972406 0.919689 0.822824 0.660059 0.42864 0.188227 0.0412134 0.0029405 2.6625e-05 0 0 0 0 0 0 0 0 0 0 
1 0.971985 0.918597 0.820776 0.656335 0.423771 0.181558 0.0362762 0.00200437 1.925e-05 0 0 0 0 0 0 0 0 0 0 
1 0.968824 0.909603 0.802602 0.627058 0.386936 0.153488 0.0287914 0.001983 3.8375e-05 0 0 0 0 0 0 0 0 0 0 
1 0.970953 0.91544 0.813913 0.644244 0.407602 0.17088 0.0361835 0.00322275 0.000104625 0 0 0 0 0 0 0 0 0 0 
1 0.970219 0.914002 0.811929 0.641946 0.405117 0.167855 0.033468 0.00212637 2.9e-05 0 0 0 0 0 0 0 0 0 0 
1 0.969423 0.911719 0.80694 0.632806 0.390669 0.152759 0.02573 0.00100513 8.75e-07 0 0 0 0 0 0 0 0 0 0 
1 0.966728 0.903685 0.78933 0.604118 0.357983 0.131098 0.02012 0.000817625 1.075e-05 0 0 0 0 0 0 0 0 0 0 
1 0.970181 0.912879 0.808721 0.636155 0.396714 0.159228 0.0282996 0.00126875 5.125e-06 0 0 0 0 0 0 0 0 0 0 
1 0.969498 0.911347 0.804841 0.628926 0.387339 0.152569 0.0271018 0.00127838 2.5625e-05 0 0 0 0 0 0 0 0 0 0 
1 0.969355 0.910922 0.804544 0.629617 0.390613 0.158565 0.0310243 0.00175537 7.25e-06 0 0 0 0 0 0 0 0 0 0 
1 0.969937 0.912562 0.808409 0.635881 0.397565 0.160286 0.0293009 0.0014165 6.625e-06 0 0 0 0 0 0 0 0 0 0 
1 0.971863 0.917608 0.8189 0.654855 0.423651 0.185092 0.0414407 0.00336 5.4e-05 0 0 0 0 0 0 0 0 0 0 
1 0.969172 0.910568 0.804308 0.629755 0.388921 0.152764 0.026672 0.00127037 4.5e-06 0 0 0 0 0 0 0 0 0 0 
1 0.969045 0.909944 0.803025 0.625924 0.383871 0.150276 0.0261146 0.001227 8.875e-06 0 0 0 0 0 0 0 0 0 0 
1 0.971287 0.916888 0.818136 0.6531 0.420632 0.181384 0.038289 0.00235212 1.8875e-05 0 0 0 0 0 0 0 0 0 0 
1 0.973004 0.921006 0.825212 0.663566 0.432005 0.188215 0.0394377 0.00238825 2.1e-05 0 0 0 0 0 0 0 0 0 0 
1 0.970677 0.914566 0.812328 0.641354 0.403191 0.164065 0.0299043 0.001438 6.625e-06 0 0 0 0 0 0 0 0 0 0 
1 0.967701 0.906356 0.795252 0.614079 0.370512 0.140825 0.0242379 0.00121975 1.3375e-05 0 0 0 0 0 0 0 0 0 0 
1 0.970796 0.91476 0.812937 0.64322 0.40559 0.166356 0.0322304 0.00189412 2.1125e-05 0 0 0 0 0 0 0 0 0 0 
1 0.968613 0.908698 0.800286 0.622418 0.379995 0.146755 0.024628 0.00105975 5.125e-06 0 0 0 0 0 0 0 0 0 0 
1 0.97172 0.917413 0.818082 0.651989 0.418145 0.178999 0.0374692 0.0026445 3.5625e-05 0 0 0 0 0 0 0 0 0 0 
1 0.971747 0.918245 0.820387 0.656565 0.423946 0.183896 0.0390534 0.002627 2.7375e-05 0 0 0 0 0 0 0 0 0 0 
1 0.969639 0.911835 0.807325 0.634409 0.394711 0.15796 0.0287593 0.001444 9.375e-06 0 0 0 0 0 0 0 0 0 0 
1 0.969403 0.910902 0.804616 0.62964 0.390046 0.155265 0.028406 0.00138637 1.1625e-05 0 0 0 0 0 0 0 0 0 0 
1 0.969132 0.910257 0.803775 0.628167 0.386972 0.151483 0.02659 0.0013185 1.2875e-05 0 0 0 0 0 0 0 0 0 0 
1 0.969118 0.910494 0.804281 0.628663 0.386801 0.151096 0.0256726 0.001091 1e-05 0 0 0 0 0 0 0 0 0 0 
1 0.970343 0.913323 0.80996 0.637913 0.399446 0.162814 0.0307213 0.001595 1.225e-05 0 0 0 0 0 0 0 0 0 0 
1 0.971691 0.917803 0.819619 0.654846 0.420338 0.178138 0.0358353 0.0019995 1.3875e-05 0 0 0 0 0 0 0 0 0 0 
1 0.969504 0.911323 0.805536 0.630785 0.389879 0.153396 0.0265991 0.001138 3.5e-06 0 0 0 0 0 0 0 0 0 0 
1 0.969005 0.909865 0.802306 0.625329 0.383955 0.150305 0.0263854 0.00133037 1.6375e-05 0 0 0 0 0 0 0 0 0 0 
1 0.969123 0.91037 0.804233 0.629712 0.389477 0.154413 0.0280888 0.00146 1.625e-05 0 0 0 0 0 0 0 0 0 0 
1 0.971212 0.9164 0.816091 0.648663 0.412143 0.172814 0.0346939 0.00223212 3.6875e-05 0 0 0 0 0 0 0 0 0 0 
1 0.96997 0.912087 0.807602 0.635456 0.397348 0.162065 0.0310383 0.00177487 2.2e-05 0 0 0 0 0 0 0 0 0 0 
1 0.968127 0.907421 0.798142 0.619055 0.376175 0.144012 0.0246469 0.00109175 1.5875e-05 0 0 0 0 0 0 0 0 0 0 
1 0.970448 0.914407 0.812435 0.642878 0.407468 0.17172 0.0376546 0.00345888 7.275e-05 0 0 0 0 0 0 0 0 0 0 
1 0.97117 0.915756 0.814586 0.645607 0.40869 0.167805 0.0307121 0.00140262 1.0125e-05 0 0 0 0 0 0 0 0 0 0 
1 0.971885 0.918446 0.820926 0.656744 0.42387 0.182233 0.0377476 0.00255337 3.75e-05 0 0 0 0 0 0 0 0 0 0 
1 0.972369 0.91953 0.822293 0.65921 0.428044 0.187126 0.0412669 0.00288712 4.7625e-05 0 0 0 0 0 0 0 0 0 0 
1 0.969906 0.912677 0.808135 0.634468 0.394701 0.157597 0.0282381 0.001421 2.1125e-05 0 0 0 0 0 0 0 0 0 0 
1 0.968357 0.9075 0.797139 0.61536 0.37051 0.140413 0.0233494 0.0009325 1.0375e-05 0 0 0 0 0 0 0 0 0 0 
1 0.971175 0.915907 0.815299 0.646587 0.41098 0.171953 0.0341124 0.0021015 3.65e-05 0 0 0 0 0 0 0 0 0 0 
1 0.968111 0.907504 0.797338 0.616825 0.372951 0.141612 0.0235391 0.00110763 3.375e-06 0 0 0 0 0 0 0 0 0 0 
1 0.972006 0.918753 0.820953 0.656566 0.423498 0.182423 0.0389162 0.00324425 7.575e-05 1.25e-06 0 0 0 0 0 0 0 0 0 
1 0.968197 0.907387 0.797115 0.61663 0.372556 0.142026 0.0238688 0.00110875 3e-06 0 0 0 0 0 0 0 0 0 0 
1 0.970522 0.914223 0.811615 0.641128 0.403696 0.167082 0.0333555 0.00200812 1.425e-05 0 0 0 0 0 0 0 0 0 0 
1 0.968473 0.908425 0.80003 0.621964 0.379985 0.14884 0.0268868 0.00154075 3e-05 0 0 0 0 0 0 0 0 0 0 
1 0.969338 0.910996 0.805261 0.630482 0.389899 0.153838 0.026935 0.00125675 1.725e-05 0 0 0 0 0 0 0 0 0 0 
1 0.970211 0.913236 0.809434 0.636934 0.397909 0.161819 0.0304066 0.00167825 1.1125e-05 0 0 0 0 0 0 0 0 0 0 
1 0.970905 0.91556 0.815248 0.6479 0.412347 0.17115 0.0321108 0.00157125 6.125e-06 0 0 0 0 0 0 0 0 0 0 
1 0.970198 0.913042 0.809195 0.637129 0.399212 0.161265 0.029784 0.001478 8e-06 0 0 0 0 0 0 0 0 0 0 
1 0.969316 0.910364 0.804026 0.628394 0.387337 0.151812 0.0261121 0.00119587 3.25e-06 0 0 0 0 0 0 0 0 0 0 
1 0.971788 0.917828 0.818994 0.653614 0.421598 0.183297 0.040281 0.00303163 5.4875e-05 0 0 0 0 0 0 0 0 0 0 
1 0.966377 0.902303 0.78696 0.600282 0.353976 0.129195 0.0203468 0.000793 5.625e-06 0 0 0 0 0 0 0 0 0 0 
1 0.970611 0.914598 0.812538 0.642377 0.405646 0.168083 0.0336664 0.00203037 4.225e-05 2.5e-07 0 0 0 0 0 0 0 0 0 
1 0.969829 0.912482 0.808156 0.63529 0.395532 0.157532 0.0275515 0.00116712 5.875e-06 0 0 0 0 0 0 0 0 0 0 
1 0.97099 0.915789 0.814998 0.647565 0.413813 0.17552 0.0355999 0.00214687 2.2e-05 0 0 0 0 0 0 0 0 0 0 
1 0.969651 0.912296 0.807868 0.635386 0.397786 0.163181 0.0318671 0.00195 1.6625e-05 0 0 0 0 0 0 0 0 0 0 
1 0.971208 0.915932 0.815053 0.646203 0.409628 0.168668 0.031035 0.00146237 6.75e-06 0 0 0 0 0 0 0 0 0 0 
1 0.969429 0.911602 0.806322 0.632624 0.392887 0.157261 0.0296553 0.00181062 1.8e-05 2.5e-07 0 0 0 0 0 0 0 0 0 
1 0.968629 0.908873 0.801411 0.624083 0.382184 0.147883 0.0252168 0.00110037 4.625e-06 0 0 0 0 0 0 0 0 0 0 
1 0.96754 0.906018 0.794379 0.61283 0.368708 0.139573 0.0225863 0.0008365 5e-07 0 0 0 0 0 0 0 0 0 0 
1 0.971676 0.918158 0.819742 0.654999 0.420975 0.179258 0.036939 0.00245962 2.5e-05 0 0 0 0 0 0 0 0 0 0 
1 0.972355 0.919705 0.822909 0.65999 0.427305 0.183912 0.0374177 0.00223713 2.55e-05 0 0 0 0 0 0 0 0 0 0 
1 0.972408 0.91977 0.822778 0.660051 0.42747 0.182964 0.0367847 0.00213075 1.275e-05 0 0 0 0 0 0 0 0 0 0 
1 0.971187 0.916259 0.815797 0.649223 0.415998 0.175349 0.0346513 0.0018 2.825e-05 0 0 0 0 0 0 0 0 0 0 
1 0.966939 0.903862 0.790194 0.606671 0.363144 0.137081 0.0235158 0.00119537 1.0875e-05 0 0 0 0 0 0 0 0 0 0 
1 0.967835 0.906464 0.795595 0.614914 0.370207 0.139017 0.0229451 0.00111087 1.6125e-05 0 0 0 0 0 0 0 0 0 0 
1 0.969005 0.909946 0.803231 0.62837 0.387778 0.152804 0.0268246 0.001247 1.2e-05 0 0 0 0 0 0 0 0 0 0 
1 0.972929 0.920746 0.825023 0.662756 0.430549 0.187116 0.0389538 0.00242937 2.575e-05 0 0 0 0 0 0 0 0 0 0 
1 0.971381 0.916784 0.816821 0.648767 0.411785 0.170029 0.0317951 0.00150425 8.375e-06 0 0 0 0 0 0 0 0 0 0 
1 0.969092 0.909947 0.802616 0.625773 0.384238 0.151444 0.0277293 0.0014695 6.75e-06 0 0 0 0 0 0 0 0 0 0 
1 0.971411 0.916629 0.816827 0.650618 0.417635 0.178555 0.0373124 0.002249 2.8e-05 0 0 0 0 0 0 0 0 0 0 
1 0.970526 0.914077 0.811842 0.642507 0.405671 0.168973 0.0341984 0.00229 3.05e-05 0 0 0 0 0 0 0 0 0 0 
1 0.971031 0.915912 0.815028 0.646938 0.411442 0.172463 0.0343734 0.00205638 1.6625e-05 0 0 0 0 0 0 0 0 0 0 
1 0.97303 0.922081 0.828087 0.668676 0.441408 0.199482 0.04536 0.00318313 3.525e-05 0 0 0 0 0 0 0 0 0 0 
1 0.969249 0.910469 0.803017 0.626383 0.38537 0.151486 0.0267275 0.0012645 9e-06 0 0 0 0 0 0 0 0 0 0 
1 0.967438 0.905252 0.793099 0.610089 0.362406 0.131148 0.0189603 0.00052525 1.875e-06 0 0 0 0 0 0 0 0 0 0 
1 0.970727 0.915072 0.813499 0.643758 0.405366 0.166391 0.031626 0.00180662 2.55e-05 0 0 0 0 0 0 0 0 0 0 
1 0.968591 0.908248 0.798884 0.62023 0.378209 0.145949 0.0249999 0.00119313 8.75e-06 0 0 0 0 0 0 0 0 0 0 
1 0.96637 0.902945 0.789781 0.606126 0.36024 0.132737 0.0210013 0.000932625 6.625e-06 0 0 0 0 0 0 0 0 0 0 
1 0.969463 0.910809 0.804033 0.627888 0.385966 0.15079 0.0258619 0.00113275 8.25e-06 0 0 0 0 0 0 0 0 0 0 
1 0.969889 0.912652 0.808638 0.636353 0.396403 0.159318 0.0288106 0.00135438 1.4875e-05 0 0 0 0 0 0 0 0 0 0 
1 0.969605 0.912187 0.807172 0.633043 0.39289 0.155969 0.0275173 0.001197 7.125e-06 0 0 0 0 0 0 0 0 0 0 
1 0.968018 0.90734 0.797748 0.618805 0.376084 0.143339 0.0238115 0.000978875 9.25e-06 0 0 0 0 0 0 0 0 0 0 
1 0.971278 0.916651 0.816534 0.649007 0.413229 0.172201 0.0326618 0.00167012 1.175e-05 0 0 0 0 0 0 0 0 0 0 
1 0.970969 0.915463 0.813721 0.644279 0.406941 0.167821 0.0323705 0.00175975 1.8e-05 0 0 0 0 0 0 0 0 0 0 
1 0.970824 0.915113 0.813979 0.646137 0.411187 0.172993 0.0353893 0.002213 3.3125e-05 0 0 0 0 0 0 0 0 0 0 
1 0.969599 0.91181 0.806452 0.632522 0.392178 0.155602 0.0275115 0.00118637 1.05e-05 0 0 0 0 0 0 0 0 0 0 
1 0.971018 0.915451 0.814331 0.645652 0.408775 0.169412 0.0333334 0.00215462 4.675e-05 0 0 0 0 0 0 0 0 0 0 
1 0.97096 0.915461 0.814808 0.646963 0.41077 0.17044 0.0332324 0.00199137 2.7125e-05 0 0 0 0 0 0 0 0 0 0 
1 0.969628 0.911356 0.805494 0.629415 0.387102 0.150447 0.0254003 0.00108763 1.0125e-05 0 0 0 0 0 0 0 0 0 0 
1 0.968245 0.907986 0.799453 0.621761 0.379608 0.146956 0.0253698 0.00111337 1.2e-05 0 0 0 0 0 0 0 0 0 0 
1 0.967084 0.904748 0.792354 0.608464 0.361824 0.132776 0.0200646 0.000675875 1.875e-06 0 0 0 0 0 0 0 0 0 0 
1 0.969356 0.911322 0.805483 0.63029 0.388992 0.15189 0.0254938 0.000968375 3.875e-06 0 0 0 0 0 0 0 0 0 0 
1 0.968121 0.906963 0.796218 0.615377 0.37167 0.141258 0.0234265 0.000939125 5.625e-06 0 0 0 0 0 0 0 0 0 0 
1 0.969008 0.91002 0.8034 0.627935 0.387865 0.153599 0.0275251 0.00132888 9.75e-06 0 0 0 0 0 0 0 0 0 0 
1 0.96919 0.909948 0.803093 0.625976 0.382976 0.148537 0.0249513 0.00108388 4.5e-06 0 0 0 0 0 0 0 0 0 0 
1 0.970151 0.913295 0.81044 0.639771 0.401507 0.162625 0.0296385 0.00149325 2.475e-05 0 0 0 0 0 0 0 0 0 0 
1 0.968909 0.909549 0.802207 0.624377 0.380974 0.146861 0.0244193 0.00099675 1.4125e-05 0 0 0 0 0 0 0 0 0 0 
1 0.971413 0.916535 0.815857 0.64858 0.41363 0.175297 0.035848 0.00217137 2.2125e-05 0 0 0 0 0 0 0 0 0 0 
1 0.969929 0.912022 0.80673 0.633559 0.396316 0.161022 0.0309475 0.00169212 1.7e-05 0 0 0 0 0 0 0 0 0 0 
1 0.971253 0.915989 0.814469 0.645315 0.409088 0.169978 0.0337264 0.00216512 1.7e-05 0 0 0 0 0 0 0 0 0 0 
1 0.971842 0.918649 0.820858 0.656096 0.422253 0.18154 0.0375046 0.00224563 2.375e-05 0 0 0 0 0 0 0 0 0 0 
1 0.970085 0.912936 0.808761 0.636623 0.398852 0.162458 0.0314383 0.0018675 2.1875e-05 0 0 0 0 0 0 0 0 0 0 
1 0.971609 0.917057 0.817807 0.652267 0.420045 0.182302 0.039362 0.002853 5.1e-05 1.25e-06 0 0 0 0 0 0 0 0 0 
1 0.972001 0.918308 0.820778 0.656878 0.424558 0.181986 0.0371317 0.00226513 2.725e-05 0 0 0 0 0 0 0 0 0 0 
1 0.970372 0.91379 0.811198 0.640089 0.402417 0.164362 0.0310661 0.001686 1.8125e-05 0 0 0 0 0 0 0 0 0 0 
1 0.971566 0.917363 0.818713 0.652942 0.419367 0.179241 0.0370801 0.00251262 4.775e-05 0 0 0 0 0 0 0 0 0 0 
1 0.969826 0.911909 0.80646 0.63219 0.392198 0.157463 0.028859 0.00130437 2e-06 0 0 0 0 0 0 0 0 0 0 
1 0.970132 0.912704 0.807855 0.634188 0.395562 0.161088 0.0314531 0.00183775 3.1375e-05 0 0 0 0 0 0 0 0 0 0 
1 0.970196 0.914132 0.812227 0.642515 0.405268 0.166933 0.0326276 0.00196887 2.625e-05 0 0 0 0 0 0 0 0 0 0 
1 0.970968 0.91533 0.812866 0.642314 0.403854 0.16396 0.0300178 0.00146162 8.625e-06 0 0 0 0 0 0 0 0 0 0 
1 0.968936 0.909847 0.803046 0.625823 0.382955 0.147754 0.0249751 0.00114788 4.375e-06 0 0 0 0 0 0 0 0 0 0 
1 0.972244 0.919131 0.821325 0.656931 0.422891 0.179911 0.0368731 0.00259863 3.7125e-05 2.5e-07 0 0 0 0 0 0 0 0 0 
1 0.969987 0.912748 0.808851 0.636712 0.398519 0.162416 0.0306683 0.00149712 3.875e-06 0 0 0 0 0 0 0 0 0 0 
1 0.970056 0.913103 0.809839 0.638485 0.399663 0.16274 0.0298918 0.00135775 1.3375e-05 0 0 0 0 0 0 0 0 0 0 
1 0.970792 0.915087 0.81332 0.64391 0.408129 0.171583 0.035728 0.00245625 4.225e-05 2.125e-06 0 0 0 0 0 0 0 0 0 
1 0.970992 0.915505 0.814178 0.645346 0.409002 0.170547 0.0333841 0.00184562 1.8875e-05 0 0 0 0 0 0 0 0 0 0 
1 0.969785 0.912049 0.807577 0.634772 0.396617 0.160904 0.0299199 0.001497 1.1e-05 0 0 0 0 0 0 0 0 0 0 
1 0.968538 0.908633 0.799964 0.620977 0.378285 0.146549 0.0253215 0.00112763 4.375e-06 0 0 0 0 0 0 0 0 0 0 
1 0.970751 0.914796 0.811873 0.639948 0.401314 0.162554 0.0301706 0.00160825 2.1625e-05 0 0 0 0 0 0 0 0 0 0 
1 0.96774 0.906121 0.794664 0.612603 0.36855 0.139024 0.0231751 0.00111375 8e-06 0 0 0 0 0 0 0 0 0 0 
1 0.97084 0.915292 0.813972 0.645043 0.407854 0.168373 0.0315259 0.001505 5.875e-06 0 0 0 0 0 0 0 0 0 0 
1 0.970836 0.91494 0.812575 0.642672 0.40532 0.167627 0.0325878 0.00177675 1.4625e-05 0 0 0 0 0 0 0 0 0 0 
1 0.969324 0.91102 0.805248 0.631495 0.392151 0.156804 0.0286466 0.00151762 2.1375e-05 0 0 0 0 0 0 0 0 0 0 
1 0.970412 0.914011 0.811076 0.639127 0.400708 0.162895 0.0303615 0.00163812 1.35e-05 0 0 0 0 0 0 0 0 0 0 
1 0.970832 0.915214 0.814549 0.647806 0.414707 0.176255 0.0363455 0.00224287 2.7125e-05 5e-07 0 0 0 0 0 0 0 0 0 
1 0.967949 0.906466 0.796151 0.616082 0.375282 0.149371 0.0300635 0.00256838 8.5e-05 0 0 0 0 0 0 0 0 0 0 
1 0.969669 0.911933 0.806698 0.632015 0.390807 0.154248 0.0268034 0.00112988 4.875e-06 0 0 0 0 0 0 0 0 0 0 
1 0.971187 0.916045 0.815892 0.649214 0.41442 0.17495 0.0352703 0.00223675 4.175e-05 7.5e-07 0 0 0 0 0 0 0 0 0 
1 0.970779 0.914992 0.813235 0.643721 0.406525 0.167834 0.0320861 0.00167125 1.85e-05 0 0 0 0 0 0 0 0 0 0 
1 0.970258 0.913547 0.809991 0.638965 0.400644 0.163079 0.0314019 0.00171187 1.8e-05 0 0 0 0 0 0 0 0 0 0 
1 0.969064 0.910721 0.804316 0.628212 0.385701 0.149466 0.0247925 0.00107113 1.75e-06 0 0 0 0 0 0 0 0 0 0 
1 0.969309 0.910592 0.804515 0.629138 0.387155 0.150615 0.0254099 0.00108663 5.125e-06 0 0 0 0 0 0 0 0 0 0 
1 0.970985 0.915781 0.815408 0.648393 0.413753 0.173579 0.0343481 0.0019785 9.625e-06 0 0 0 0 0 0 0 0 0 0 
1 0.971189 0.915901 0.815156 0.646625 0.410474 0.17221 0.0347781 0.00212975 3.1375e-05 0 0 0 0 0 0 0 0 0 0 
1 0.971548 0.917499 0.817913 0.651002 0.416179 0.175786 0.0352029 0.0020325 4.5125e-05 0 0 0 0 0 0 0 0 0 0 
1 0.971901 0.918545 0.820418 0.656111 0.423077 0.181575 0.0375762 0.00236725 2.375e-05 0 0 0 0 0 0 0 0 0 0 
1 0.968689 0.909799 0.803413 0.627264 0.38701 0.153938 0.0283821 0.00167275 2.0625e-05 0 0 0 0 0 0 0 0 0 0 
1 0.971322 0.916529 0.816505 0.649897 0.416227 0.17871 0.0385841 0.00286788 4.5875e-05 0 0 0 0 0 0 0 0 0 0 
1 0.971587 0.917203 0.817769 0.652076 0.41837 0.178906 0.0372351 0.0026895 3.9625e-05 0 0 0 0 0 0 0 0 0 0 
1 0.969504 0.911247 0.805537 0.630457 0.390128 0.155054 0.0282976 0.00151337 9.375e-06 0 0 0 0 0 0 0 0 0 0 
1 0.970418 0.914016 0.81186 0.641899 0.405359 0.168211 0.034061 0.00225462 3.5875e-05 0 0 0 0 0 0 0 0 0 0 
1 0.970926 0.915377 0.813508 0.64344 0.406107 0.16704 0.0315111 0.00169975 1.075e-05 0 0 0 0 0 0 0 0 0 0 
1 0.971029 0.91592 0.814787 0.645843 0.409491 0.169358 0.0322004 0.00155087 5.375e-06 0 0 0 0 0 0 0 0 0 0 
1 0.971357 0.916398 0.816354 0.648879 0.412013 0.171699 0.0334269 0.00199062 1.0125e-05 0 0 0 0 0 0 0 0 0 0 
1 0.970514 0.914303 0.811251 0.640346 0.402047 0.163881 0.0302436 0.00158412 1.0625e-05 0 0 0 0 0 0 0 0 0 0 
1 0.968694 0.908854 0.800147 0.621257 0.377532 0.144315 0.0234763 0.000888375 1.375e-06 0 0 0 0 0 0 0 0 0 0 
1 0.96892 0.909356 0.800673 0.621462 0.377419 0.143389 0.0229934 0.00086475 2.25e-06 0 0 0 0 0 0 0 0 0 0 
1 0.97112 0.916265 0.816055 0.649104 0.41569 0.177492 0.036824 0.00251537 2.3875e-05 0 0 0 0 0 0 0 0 0 0 
1 0.970551 0.914946 0.813637 0.645545 0.409572 0.169583 0.0328471 0.00200675 3.2e-05 0 0 0 0 0 0 0 0 0 0 
1 0.971173 0.91586 0.814475 0.64637 0.409948 0.170656 0.0337195 0.00209612 2.775e-05 0 0 0 0 0 0 0 0 0 0 
1 0.969845 0.912635 0.808479 0.635675 0.395216 0.156862 0.0270773 0.00119162 5.75e-06 0 0 0 0 0 0 0 0 0 0 
1 0.969184 0.911174 0.80567 0.631581 0.391592 0.156138 0.0282874 0.00147375 1.6e-05 0 0 0 0 0 0 0 0 0 0 
1 0.968653 0.909329 0.803126 0.627843 0.386887 0.153319 0.0274779 0.00138037 9.75e-06 0 0 0 0 0 0 0 0 0 0 
1 0.970285 0.914154 0.811585 0.641111 0.40439 0.168844 0.0336377 0.00205137 2.7e-05 0 0 0 0 0 0 0 0 0 0 
1 0.97123 0.916045 0.815361 0.647035 0.411275 0.170936 0.0327969 0.00167387 2.3375e-05 0 0 0 0 0 0 0 0 0 0 
1 0.970544 0.914327 0.811908 0.64269 0.408183 0.171473 0.0343513 0.00197062 2.8e-05 0 0 0 0 0 0 0 0 0 0 
1 0.970559 0.914253 0.812002 0.642255 0.406407 0.169793 0.0348955 0.002411 2.775e-05 0 0 0 0 0 0 0 0 0 0 
1 0.97024 0.913745 0.811042 0.640155 0.401257 0.163151 0.031584 0.00193225 4.0125e-05 0 0 0 0 0 0 0 0 0 0 
1 0.970805 0.914719 0.812775 0.642645 0.405921 0.167885 0.032529 0.0017795 2.1875e-05 0 0 0 0 0 0 0 0 0 0 
1 0.970611 0.91448 0.811929 0.641809 0.404458 0.166639 0.0317303 0.001694 1.725e-05 0 0 0 0 0 0 0 0 0 0 
1 0.97043 0.914347 0.812767 0.643906 0.409559 0.17188 0.034338 0.00214538 2.2e-05 0 0 0 0 0 0 0 0 0 0 
1 0.971097 0.916219 0.816087 0.648422 0.412453 0.172832 0.0345584 0.0021285 2.7625e-05 0 0 0 0 0 0 0 0 0 0 
1 0.970095 0.912466 0.807262 0.633013 0.393512 0.157759 0.0296743 0.0017325 1.0125e-05 0 0 0 0 0 0 0 0 0 0 
1 0.968637 0.908442 0.799457 0.621382 0.379403 0.146999 0.0257211 0.00136975 1.2375e-05 0 0 0 0 0 0 0 0 0 0 
1 0.970899 0.915772 0.815713 0.648163 0.413377 0.175426 0.0372358 0.0025045 2.775e-05 0 0 0 0 0 0 0 0 0 0 
1 0.969623 0.911514 0.806116 0.631943 0.393262 0.159394 0.031043 0.0020495 2.5125e-05 0 0 0 0 0 0 0 0 0 0 
1 0.971795 0.917989 0.819336 0.654675 0.421346 0.182038 0.0383878 0.00252175 3.475e-05 0 0 0 0 0 0 0 0 0 0 
1 0.969457 0.910727 0.80379 0.627206 0.386039 0.151671 0.026858 0.00129975 5.5e-06 0 0 0 0 0 0 0 0 0 0 
1 0.969291 0.910008 0.80321 0.627696 0.387865 0.154288 0.0279045 0.00131862 7.5e-06 0 0 0 0 0 0 0 0 0 0 
1 0.972761 0.920637 0.824782 0.663006 0.430212 0.185895 0.0378839 0.00219 1.5e-05 0 0 0 0 0 0 0 0 0 0 
1 0.970271 0.913782 0.810671 0.640651 0.403105 0.164564 0.031023 0.00158912 1.35e-05 0 0 0 0 0 0 0 0 0 0 
1 0.970043 0.912582 0.807737 0.63471 0.397266 0.162022 0.0315656 0.00210062 2.775e-05 0 0 0 0 0 0 0 0 0 0 
1 0.969126 0.910109 0.802485 0.625685 0.384635 0.150773 0.0260174 0.0011895 1.2e-05 0 0 0 0 0 0 0 0 0 0 
1 0.969761 0.912231 0.807509 0.63287 0.392361 0.155787 0.0280054 0.00125325 9.5e-06 0 0 0 0 0 0 0 0 0 0 
1 0.970533 0.914008 0.810937 0.639104 0.398688 0.158846 0.0279125 0.0012715 1.9375e-05 0 0 0 0 0 0 0 0 0 0 
1 0.969102 0.910137 0.802735 0.625352 0.38275 0.149181 0.0256539 0.00114575 5.125e-06 0 0 0 0 0 0 0 0 0 0 
1 0.971309 0.916994 0.818145 0.652203 0.418589 0.178793 0.0365466 0.002112 1.6875e-05 0 0 0 0 0 0 0 0 0 0 
1 0.968213 0.907331 0.797754 0.617788 0.372814 0.139897 0.0215084 0.0007045 6e-06 0 0 0 0 0 0 0 0 0 0 
1 0.972726 0.919769 0.822068 0.658274 0.425278 0.182159 0.0365154 0.00205175 2.025e-05 0 0 0 0 0 0 0 0 0 0 
1 0.967769 0.906464 0.795112 0.612039 0.366526 0.136058 0.0213708 0.000824375 4.375e-06 0 0 0 0 0 0 0 0 0 0 
1 0.969668 0.911934 0.806603 0.632493 0.393182 0.157299 0.028312 0.001266 1.875e-06 0 0 0 0 0 0 0 0 0 0 
1 0.969977 0.912232 0.808443 0.637043 0.398362 0.160355 0.0292774 0.00156762 1.9e-05 0 0 0 0 0 0 0 0 0 0 
1 0.971464 0.916779 0.816281 0.649095 0.414259 0.174654 0.034441 0.00181937 1.0375e-05 0 0 0 0 0 0 0 0 0 0 
1 0.973215 0.921464 0.826027 0.66518 0.434689 0.191709 0.0417584 0.00286525 2.925e-05 0 0 0 0 0 0 0 0 0 0 
1 0.967372 0.905491 0.794381 0.613874 0.371337 0.141223 0.0234593 0.000977625 1.2875e-05 0 0 0 0 0 0 0 0 0 0 
1 0.968308 0.908091 0.799793 0.622028 0.379776 0.146341 0.0247863 0.001051 9.25e-06 0 0 0 0 0 0 0 0 0 0 
1 0.969877 0.912254 0.807161 0.634258 0.396536 0.162751 0.0324509 0.00206812 2.6e-05 0 0 0 0 0 0 0 0 0 0 
1 0.972832 0.920447 0.824875 0.66441 0.43386 0.191284 0.0415201 0.00280012 4.8875e-05 0 0 0 0 0 0 0 0 0 0 
1 0.971562 0.916697 0.816262 0.649401 0.415582 0.176876 0.0359739 0.00197662 1.2625e-05 0 0 0 0 0 0 0 0 0 0 
1 0.969274 0.910517 0.804268 0.628774 0.386386 0.150863 0.0258805 0.00109487 6.5e-06 0 0 0 0 0 0 0 0 0 0 
1 0.971862 0.918182 0.819364 0.653966 0.419603 0.179771 0.0383881 0.00277175 4.5625e-05 0 0 0 0 0 0 0 0 0 0 
1 0.96848 0.908586 0.800089 0.621423 0.37885 0.145694 0.0240073 0.000915875 2.875e-06 0 0 0 0 0 0 0 0 0 0 
1 0.968795 0.909299 0.800601 0.621905 0.377906 0.143615 0.0234843 0.000889 6.5e-06 0 0 0 0 0 0 0 0 0 0 
1 0.969872 0.912077 0.807139 0.632335 0.391166 0.153878 0.0266581 0.00117075 5.25e-06 0 0 0 0 0 0 0 0 0 0 
1 0.971303 0.916688 0.816795 0.650215 0.416489 0.176617 0.0361532 0.00235025 2.6375e-05 0 0 0 0 0 0 0 0 0 0 
1 0.970823 0.915341 0.814844 0.646818 0.410241 0.16983 0.0321629 0.00157812 1.0625e-05 0 0 0 0 0 0 0 0 0 0 
1 0.970061 0.912738 0.808789 0.637141 0.397938 0.159692 0.0291935 0.00139887 8.5e-06 0 0 0 0 0 0 0 0 0 0 
1 0.970728 0.91591 0.815318 0.647877 0.412317 0.171844 0.0332875 0.001876 1.3125e-05 0 0 0 0 0 0 0 0 0 0 
1 0.972823 0.920947 0.825588 0.665416 0.436203 0.195066 0.0450218 0.00377263 8.0625e-05 0 0 0 0 0 0 0 0 0 0 
1 0.971239 0.916641 0.817286 0.651203 0.416718 0.177327 0.0363237 0.00221425 4.1e-05 0 0 0 0 0 0 0 0 0 0 
1 0.968425 0.908503 0.800078 0.622513 0.380812 0.149759 0.0282743 0.00211063 6.025e-05 0 0 0 0 0 0 0 0 0 0 
1 0.969777 0.91198 0.807193 0.633524 0.392922 0.156399 0.0272916 0.00117775 4.5e-06 0 0 0 0 0 0 0 0 0 0 
1 0.971704 0.917783 0.819721 0.653967 0.417989 0.175493 0.0343208 0.00187412 1.45e-05 0 0 0 0 0 0 0 0 0 0 
1 0.971621 0.917031 0.817151 0.650848 0.415918 0.176325 0.0366632 0.00251213 3.3625e-05 0 0 0 0 0 0 0 0 0 0 
1 0.970304 0.913142 0.809474 0.637627 0.399351 0.162676 0.0310351 0.00163663 2.5125e-05 0 0 0 0 0 0 0 0 0 0 
1 0.968056 0.907191 0.79729 0.617509 0.375253 0.145696 0.0258048 0.001238 6.75e-06 0 0 0 0 0 0 0 0 0 0 
1 0.97213 0.919139 0.822472 0.659145 0.425803 0.183152 0.0368355 0.00207725 5.625e-06 0 0 0 0 0 0 0 0 0 0 
1 0.969354 0.910994 0.805325 0.630952 0.391764 0.156149 0.0279533 0.00131925 5.25e-06 0 0 0 0 0 0 0 0 0 0 
1 0.970695 0.915043 0.813423 0.643498 0.405064 0.164781 0.0298569 0.00138612 7e-06 0 0 0 0 0 0 0 0 0 0 
1 0.968489 0.908295 0.79967 0.621872 0.381327 0.151136 0.0284001 0.00175075 3.0125e-05 0 0 0 0 0 0 0 0 0 0 
1 0.966238 0.901928 0.786561 0.599644 0.352562 0.127449 0.0196005 0.0007255 5.25e-06 0 0 0 0 0 0 0 0 0 0 
1 0.969975 0.912311 0.807538 0.634141 0.395877 0.161101 0.0310563 0.00177 1.475e-05 0 0 0 0 0 0 0 0 0 0 
1 0.969959 0.912443 0.80725 0.632613 0.391569 0.154861 0.0277425 0.00150613 1.2e-05 0 0 0 0 0 0 0 0 0 0 
1 0.970677 0.914424 0.810729 0.639035 0.401061 0.165191 0.0329479 0.00221487 5.775e-05 0 0 0 0 0 0 0 0 0 0 
1 0.969322 0.910854 0.804391 0.628722 0.387671 0.15311 0.0271514 0.00131875 1.0125e-05 0 0 0 0 0 0 0 0 0 0 
1 0.970037 0.913235 0.809726 0.638045 0.400554 0.162355 0.0304723 0.00166612 1.1e-05 0 0 0 0 0 0 0 0 0 0 
1 0.971953 0.918113 0.820095 0.655246 0.422344 0.181508 0.0380844 0.00229012 2.875e-05 0 0 0 0 0 0 0 0 0 0 
1 0.971514 0.916807 0.816186 0.648645 0.412835 0.172646 0.0336519 0.0017995 1.2625e-05 1.5e-06 0 0 0 0 0 0 0 0 0 
1 0.968717 0.909538 0.802846 0.627281 0.386144 0.152466 0.027434 0.0014395 1.2125e-05 0 0 0 0 0 0 0 0 0 0 
1 0.970315 0.913758 0.80992 0.636644 0.397215 0.159822 0.0293773 0.00149375 3.325e-05 0 0 0 0 0 0 0 0 0 0 
1 0.970539 0.914728 0.812208 0.642012 0.405215 0.167014 0.0327508 0.00197625 2.4625e-05 0 0 0 0 0 0 0 0 0 0 
1 0.970449 0.91382 0.810137 0.638768 0.400195 0.162671 0.0311609 0.00180825 1.95e-05 2.5e-07 0 0 0 0 0 0 0 0 0 
1 0.966212 0.901902 0.787079 0.601133 0.354681 0.129136 0.0203934 0.00100113 9.375e-06 0 0 0 0 0 0 0 0 0 0 
1 0.969886 0.912503 0.808208 0.634372 0.394224 0.156794 0.0280414 0.00132512 1e-05 0 0 0 0 0 0 0 0 0 0 
1 0.968259 0.908064 0.797548 0.616389 0.370479 0.138622 0.021566 0.00078075 3.375e-06 0 0 0 0 0 0 0 0 0 0 
1 0.968466 0.908516 0.799918 0.621665 0.379276 0.147712 0.0266418 0.00146075 1.75e-05 0 0 0 0 0 0 0 0 0 0 
1 0.968883 0.909513 0.801969 0.625249 0.383946 0.149807 0.025777 0.00117862 1.175e-05 0 0 0 0 0 0 0 0 0 0 
1 0.97023 0.913066 0.809061 0.636471 0.395718 0.157236 0.0276674 0.0013165 5.625e-06 0 0 0 0 0 0 0 0 0 0 
1 0.971763 0.91822 0.819589 0.653804 0.419845 0.180133 0.0382935 0.00258237 3.1625e-05 0 0 0 0 0 0 0 0 0 0 
1 0.969059 0.910098 0.803411 0.628058 0.388195 0.155289 0.0287225 0.00142063 1.05e-05 0 0 0 0 0 0 0 0 0 0 
1 0.970365 0.91373 0.811441 0.640908 0.405102 0.16897 0.0351276 0.00257713 5.4125e-05 2.5e-06 0 0 0 0 0 0 0 0 0 
1 0.970017 0.912708 0.808472 0.636033 0.396344 0.157974 0.0283908 0.00145687 8.875e-06 0 0 0 0 0 0 0 0 0 0 
1 0.971035 0.915567 0.814598 0.645807 0.407806 0.165885 0.0296841 0.00125637 5.5e-06 0 0 0 0 0 0 0 0 0 0 
1 0.970354 0.913908 0.811445 0.64138 0.404768 0.165292 0.030475 0.00147262 6.75e-06 0 0 0 0 0 0 0 0 0 0 
1 0.971418 0.916209 0.8156 0.647571 0.411075 0.169996 0.0320424 0.00158062 1.5125e-05 0 0 0 0 0 0 0 0 0 0 
1 0.969273 0.910408 0.803666 0.627696 0.386163 0.151871 0.0267089 0.00119162 4.25e-06 0 0 0 0 0 0 0 0 0 0 
1 0.970704 0.915095 0.813506 0.643749 0.406006 0.166192 0.0314796 0.00166625 1.1125e-05 0 0 0 0 0 0 0 0 0 0 
1 0.96871 0.909592 0.802787 0.626566 0.385142 0.151274 0.02672 0.00132162 1.05e-05 0 0 0 0 0 0 0 0 0 0 
1 0.969003 0.910119 0.803518 0.627552 0.386038 0.151367 0.0263495 0.0011375 1.0875e-05 0 0 0 0 0 0 0 0 0 0 
1 0.973159 0.921673 0.82739 0.668289 0.440578 0.199237 0.0460395 0.00367075 5.9375e-05 0 0 0 0 0 0 0 0 0 0 
1 0.970549 0.914908 0.812447 0.641068 0.401559 0.160713 0.0275514 0.00105963 3.875e-06 0 0 0 0 0 0 0 0 0 0 
1 0.969855 0.912485 0.807299 0.632638 0.392171 0.155559 0.0274035 0.00113288 8.625e-06 0 0 0 0 0 0 0 0 0 0 
1 0.970248 0.913499 0.811195 0.640248 0.402285 0.163544 0.031016 0.00172612 5.75e-06 0 0 0 0 0 0 0 0 0 0 
1 0.970271 0.913892 0.810843 0.639449 0.401627 0.164863 0.032183 0.00197138 2.1375e-05 0 0 0 0 0 0 0 0 0 0 
1 0.969494 0.911219 0.805464 0.630279 0.388053 0.151413 0.0256413 0.00100113 6e-06 0 0 0 0 0 0 0 0 0 0 
1 0.969793 0.911608 0.805675 0.63111 0.389695 0.154152 0.0272879 0.0013155 7.75e-06 8.75e-07 0 0 0 0 0 0 0 0 0 
1 0.968615 0.909577 0.802921 0.627828 0.387136 0.152401 0.0270584 0.00143325 2.25e-05 0 0 0 0 0 0 0 0 0 0 
1 0.96956 0.911496 0.806106 0.632191 0.392378 0.157387 0.0290499 0.00152575 7.375e-06 0 0 0 0 0 0 0 0 0 0 
1 0.968884 0.910074 0.803378 0.62699 0.383874 0.14752 0.0238618 0.000834125 7.25e-06 0 0 0 0 0 0 0 0 0 0 
1 0.973367 0.921977 0.82764 0.668259 0.439855 0.195776 0.0436329 0.0030945 3.8e-05 0 0 0 0 0 0 0 0 0 0 
1 0.970699 0.914854 0.812835 0.643755 0.408717 0.173439 0.0358328 0.00225437 3.7125e-05 0 0 0 0 0 0 0 0 0 0 
1 0.971614 0.917449 0.819185 0.654654 0.420998 0.18024 0.0367776 0.002226 3.1375e-05 0 0 0 0 0 0 0 0 0 0 
1 0.969849 0.912361 0.807316 0.633345 0.393553 0.155991 0.0276409 0.00133637 2.4625e-05 0 0 0 0 0 0 0 0 0 0 
1 0.970333 0.914103 0.811605 0.64109 0.404031 0.165541 0.03085 0.00156337 1.0875e-05 0 0 0 0 0 0 0 0 0 0 
1 0.970545 0.914798 0.813281 0.644199 0.406662 0.166778 0.0309051 0.00146987 1.3875e-05 0 0 0 0 0 0 0 0 0 0 
1 0.971993 0.918782 0.821276 0.657141 0.424402 0.183965 0.0393525 0.00272925 3e-05 0 0 0 0 0 0 0 0 0 0 
1 0.971761 0.917802 0.818669 0.652278 0.419407 0.181401 0.0395881 0.00308725 6.6e-05 0 0 0 0 0 0 0 0 0 0 
1 0.970765 0.915372 0.814339 0.647198 0.413042 0.174942 0.0355674 0.00213975 2.1375e-05 0 0 0 0 0 0 0 0 0 0 
1 0.972019 0.918363 0.820101 0.655786 0.422473 0.181291 0.0376765 0.0026305 6.1e-05 0 0 0 0 0 0 0 0 0 0 
1 0.970581 0.914279 0.812376 0.642935 0.407654 0.170898 0.035192 0.00237625 2.65e-05 0 0 0 0 0 0 0 0 0 0 
1 0.970381 0.913736 0.810784 0.640446 0.403857 0.165764 0.0314905 0.00160262 1.425e-05 0 0 0 0 0 0 0 0 0 0 
1 0.970746 0.915012 0.813399 0.644347 0.408269 0.171289 0.0340963 0.00203925 1.575e-05 0 0 0 0 0 0 0 0 0 0 
1 0.9693 0.911079 0.805044 0.630352 0.390841 0.157356 0.0293769 0.00141975 1.5375e-05 0 0 0 0 0 0 0 0 0 0 
1 0.969897 0.91204 0.807149 0.633097 0.391528 0.154014 0.0265906 0.001039 5.875e-06 0 0 0 0 0 0 0 0 0 0 
1 0.967821 0.906363 0.795354 0.613888 0.369284 0.138765 0.0223791 0.000813125 3.25e-06 0 0 0 0 0 0 0 0 0 0 
1 0.969504 0.911305 0.805142 0.629 0.386603 0.15008 0.0252503 0.000974625 3.25e-06 0 0 0 0 0 0 0 0 0 0 
1 0.965872 0.900504 0.783204 0.593751 0.345806 0.123648 0.0192448 0.00075825 2.5e-07 0 0 0 0 0 0 0 0 0 0 
1 0.968827 0.909149 0.800659 0.622871 0.382045 0.150356 0.0268845 0.00139988 8.75e-06 0 0 0 0 0 0 0 0 0 0 
1 0.969534 0.911478 0.805438 0.630416 0.389605 0.153811 0.0273423 0.00128225 8.25e-06 0 0 0 0 0 0 0 0 0 0 
1 0.967672 0.906507 0.796156 0.615742 0.37243 0.141488 0.0225839 0.000935375 4.25e-06 0 0 0 0 0 0 0 0 0 0 
1 0.968032 0.907146 0.797725 0.618016 0.374501 0.143261 0.0239896 0.001112 3.625e-06 0 0 0 0 0 0 0 0 0 0 
1 0.970215 0.913524 0.809756 0.63778 0.399645 0.162003 0.0307834 0.00179887 1.825e-05 0 0 0 0 0 0 0 0 0 0 
1 0.969516 0.911234 0.805043 0.629838 0.387768 0.15232 0.0263063 0.00116962 4.75e-06 0 0 0 0 0 0 0 0 0 0 
1 0.969068 0.909944 0.803127 0.626818 0.388096 0.157424 0.0311576 0.00196437 2.4875e-05 0 0 0 0 0 0 0 0 0 0 
1 0.971446 0.916807 0.817273 0.651215 0.415832 0.174241 0.0336791 0.00174987 2.05e-05 0 0 0 0 0 0 0 0 0 0 
1 0.968782 0.90985 0.802755 0.62546 0.381979 0.145928 0.0233858 0.000822375 7.125e-06 0 0 0 0 0 0 0 0 0 0 
1 0.967249 0.905119 0.793039 0.609717 0.364468 0.135979 0.021487 0.0008715 9.125e-06 0 0 0 0 0 0 0 0 0 0 
1 0.96923 0.910916 0.804947 0.629271 0.388376 0.152402 0.0262934 0.000996625 3.375e-06 0 0 0 0 0 0 0 0 0 0 
1 0.970097 0.913172 0.809692 0.639032 0.40254 0.166698 0.0331955 0.002015 2.2625e-05 0 0 0 0 0 0 0 0 0 0 
1 0.971916 0.917941 0.819293 0.653499 0.419019 0.177167 0.0357602 0.00237062 3.625e-05 0 0 0 0 0 0 0 0 0 0 
1 0.970039 0.913349 0.809472 0.6378 0.4009 0.165493 0.0322245 0.00201687 3.05e-05 0 0 0 0 0 0 0 0 0 0 
1 0.972475 0.919643 0.822327 0.658669 0.426199 0.184589 0.0391349 0.00268675 3.275e-05 0 0 0 0 0 0 0 0 0 0 
1 0.970534 0.914531 0.813234 0.644146 0.40797 0.170883 0.0342957 0.00225887 4.3125e-05 0 0 0 0 0 0 0 0 0 0 
1 0.970227 0.913403 0.80937 0.637262 0.398556 0.160722 0.0292025 0.0013645 1.3625e-05 0 0 0 0 0 0 0 0 0 0 
1 0.971379 0.916635 0.816688 0.650292 0.416697 0.1777 0.0372369 0.002547 3.55e-05 0 0 0 0 0 0 0 0 0 0 
1 0.970521 0.914726 0.812809 0.642743 0.404984 0.165768 0.0306909 0.00145375 5e-06 0 0 0 0 0 0 0 0 0 0 
1 0.968128 0.907477 0.797656 0.619457 0.377659 0.145995 0.0252946 0.00115675 6.375e-06 0 0 0 0 0 0 0 0 0 0 
1 0.96814 0.907552 0.798125 0.618645 0.375747 0.143901 0.0243789 0.0010315 9.875e-06 0 0 0 0 0 0 0 0 0 0 
1 0.971112 0.915629 0.813961 0.644156 0.406124 0.16695 0.0312244 0.0015635 1.6875e-05 0 0 0 0 0 0 0 0 0 0 
1 0.970904 0.915162 0.813993 0.644453 0.409182 0.171817 0.0352824 0.00225925 2.075e-05 0 0 0 0 0 0 0 0 0 0 
1 0.970486 0.914695 0.813832 0.6454 0.409775 0.171489 0.0341494 0.00199475 2.35e-05 0 0 0 0 0 0 0 0 0 0 
1 0.968371 0.908423 0.800185 0.622058 0.380257 0.147644 0.025714 0.00133613 1.1375e-05 0 0 0 0 0 0 0 0 0 0 
1 0.968409 0.90852 0.799637 0.620162 0.37515 0.142294 0.02328 0.00109138 1.0375e-05 0 0 0 0 0 0 0 0 0 0 
1 0.969537 0.912149 0.807009 0.634122 0.396907 0.162666 0.031964 0.001868 1.7375e-05 0 0 0 0 0 0 0 0 0 0 
1 0.970928 0.916242 0.816155 0.648 0.412514 0.173352 0.034152 0.00186862 1.3e-05 0 0 0 0 0 0 0 0 0 0 
1 0.968443 0.908421 0.79887 0.6199 0.377729 0.145827 0.0247413 0.0010125 1.3e-05 0 0 0 0 0 0 0 0 0 0 
1 0.971978 0.918397 0.820449 0.655715 0.421864 0.180921 0.037536 0.0025945 3.225e-05 0 0 0 0 0 0 0 0 0 0 
1 0.970429 0.914036 0.811688 0.64153 0.402709 0.162373 0.029221 0.00132487 1.5375e-05 0 0 0 0 0 0 0 0 0 0 
1 0.967919 0.906544 0.79583 0.613987 0.36925 0.139526 0.0229695 0.00098975 3e-06 0 0 0 0 0 0 0 0 0 0 
1 0.969467 0.910954 0.803949 0.627027 0.384819 0.150952 0.0273806 0.00158325 1.125e-05 0 0 0 0 0 0 0 0 0 0 
1 0.970638 0.914103 0.81093 0.640208 0.402947 0.168595 0.0351788 0.00256975 5.1875e-05 0 0 0 0 0 0 0 0 0 0 
1 0.967472 0.905182 0.79246 0.608945 0.363361 0.13441 0.0211279 0.0008465 1.375e-05 0 0 0 0 0 0 0 0 0 0 
1 0.969041 0.910328 0.803731 0.627936 0.386767 0.150697 0.0252396 0.00105063 3.125e-06 0 0 0 0 0 0 0 0 0 0 
1 0.971437 0.916986 0.818008 0.652183 0.419005 0.17944 0.03862 0.00260937 1.8375e-05 0 0 0 0 0 0 0 0 0 0 
1 0.969705 0.91202 0.808129 0.636582 0.400031 0.165254 0.0328251 0.002101 1.6625e-05 0 0 0 0 0 0 0 0 0 0 
1 0.970179 0.913395 0.810177 0.638689 0.402485 0.168279 0.0350274 0.00228838 3.575e-05 0 0 0 0 0 0 0 0 0 0 
1 0.970193 0.913422 0.809336 0.636784 0.397246 0.159111 0.0284606 0.00129475 2.0625e-05 0 0 0 0 0 0 0 0 0 0 
1 0.971467 0.916838 0.81747 0.651225 0.41663 0.177618 0.0373588 0.002428 2.825e-05 0 0 0 0 0 0 0 0 0 0 
1 0.972241 0.918943 0.821453 0.657864 0.426331 0.185027 0.0391334 0.0023725 1.725e-05 0 0 0 0 0 0 0 0 0 0 
1 0.968393 0.9084 0.800006 0.621923 0.379193 0.145956 0.0246716 0.0011435 9.875e-06 0 0 0 0 0 0 0 0 0 0 
1 0.969177 0.910455 0.803433 0.62622 0.384518 0.150019 0.0256625 0.00111875 3.5e-06 0 0 0 0 0 0 0 0 0 0 
1 0.970955 0.91557 0.815101 0.647494 0.412093 0.173414 0.0356055 0.0024185 2.7375e-05 0 0 0 0 0 0 0 0 0 0 
1 0.969769 0.912285 0.807386 0.633222 0.392222 0.154351 0.0265619 0.00105688 1.75e-06 0 0 0 0 0 0 0 0 0 0 
1 0.968414 0.908087 0.798254 0.617739 0.374082 0.142458 0.0241294 0.00125425 2.3625e-05 0 0 0 0 0 0 0 0 0 0 
1 0.971538 0.916907 0.81741 0.650811 0.41681 0.175998 0.0350441 0.00201862 3.1375e-05 0 0 0 0 0 0 0 0 0 0 
1 0.969365 0.910856 0.80433 0.62898 0.388644 0.153178 0.02691 0.00130087 1.1125e-05 0 0 0 0 0 0 0 0 0 0 
1 0.968703 0.908428 0.799917 0.621283 0.379303 0.147384 0.026067 0.00137462 7e-06 0 0 0 0 0 0 0 0 0 0 
1 0.970907 0.91507 0.813195 0.643516 0.406116 0.168608 0.0336436 0.0020685 2.1e-05 0 0 0 0 0 0 0 0 0 0 
1 0.969992 0.912385 0.808565 0.636976 0.399178 0.163201 0.0321873 0.00219213 2.5e-05 0 0 0 0 0 0 0 0 0 0 
1 0.970394 0.914167 0.812146 0.643592 0.408286 0.17165 0.0350608 0.00234887 2.575e-05 0 0 0 0 0 0 0 0 0 0 
1 0.968818 0.909396 0.801402 0.624455 0.383759 0.151524 0.0277096 0.00152137 1.525e-05 0 0 0 0 0 0 0 0 0 0 
1 0.970052 0.913035 0.809189 0.636933 0.397211 0.158556 0.027591 0.001165 1.75e-06 0 0 0 0 0 0 0 0 0 0 
1 0.969106 0.910332 0.802819 0.625269 0.383359 0.149196 0.0261525 0.00151125 3.2875e-05 0 0 0 0 0 0 0 0 0 0 
1 0.969137 0.910316 0.803589 0.628242 0.388538 0.154006 0.0277091 0.00136863 1.3625e-05 0 0 0 0 0 0 0 0 0 0 
1 0.97126 0.916115 0.815347 0.647501 0.410575 0.16968 0.0319354 0.00163237 1.3875e-05 0 0 0 0 0 0 0 0 0 0 
1 0.970376 0.913186 0.80954 0.637101 0.396473 0.156912 0.0269808 0.001096 4.875e-06 0 0 0 0 0 0 0 0 0 0 
1 0.971604 0.917258 0.818197 0.651767 0.418149 0.179927 0.0387016 0.00288512 3.9625e-05 0 0 0 0 0 0 0 0 0 0 
1 0.970381 0.913451 0.810759 0.640311 0.401597 0.162996 0.0299304 0.0013135 1.275e-05 0 0 0 0 0 0 0 0 0 0 
1 0.967914 0.906829 0.796038 0.615047 0.370659 0.139549 0.022156 0.00082175 6.25e-07 0 0 0 0 0 0 0 0 0 0 
1 0.972622 0.919601 0.822637 0.659575 0.427676 0.186239 0.0396942 0.00245675 1.8125e-05 0 0 0 0 0 0 0 0 0 0 
1 0.970663 0.915037 0.813605 0.644756 0.407684 0.169627 0.0348959 0.002429 5.4e-05 0 0 0 0 0 0 0 0 0 0 
1 0.970578 0.914232 0.810844 0.639478 0.400487 0.16404 0.0321916 0.00212087 3.6375e-05 0 0 0 0 0 0 0 0 0 0 
1 0.970242 0.913672 0.81022 0.639196 0.402424 0.165394 0.0323438 0.00201812 1.575e-05 0 0 0 0 0 0 0 0 0 0 
1 0.970108 0.913238 0.808857 0.635485 0.395228 0.158283 0.0283713 0.001311 1.6125e-05 0 0 0 0 0 0 0 0 0 0 
1 0.969668 0.911844 0.8068 0.63256 0.393329 0.158191 0.0295328 0.00162125 1.4625e-05 0 0 0 0 0 0 0 0 0 0 
1 0.969467 0.911154 0.804937 0.629639 0.388188 0.152552 0.026016 0.000986375 7.625e-06 0 0 0 0 0 0 0 0 0 0 
1 0.96945 0.911457 0.805977 0.631516 0.392155 0.157711 0.0291556 0.00154275 9.375e-06 0 0 0 0 0 0 0 0 0 0 
1 0.971483 0.917419 0.818932 0.654174 0.420296 0.176957 0.033955 0.0016565 9.875e-06 0 0 0 0 0 0 0 0 0 0 
1 0.968764 0.90924 0.801829 0.62514 0.383113 0.149497 0.0264883 0.0012945 1.5375e-05 0 0 0 0 0 0 0 0 0 0 
1 0.968977 0.909993 0.802808 0.626574 0.38458 0.149714 0.0256448 0.00121687 8.625e-06 0 0 0 0 0 0 0 0 0 0 
1 0.968216 0.907663 0.79801 0.619775 0.3772 0.145606 0.025276 0.00116762 2.25e-06 0 0 0 0 0 0 0 0 0 0 
1 0.972097 0.918219 0.819059 0.652506 0.416659 0.175095 0.0344024 0.0017715 1.5875e-05 0 0 0 0 0 0 0 0 0 0 
1 0.97165 0.917196 0.817651 0.651809 0.417906 0.178879 0.0372301 0.00235537 2.5125e-05 0 0 0 0 0 0 0 0 0 0 
1 0.970456 0.914412 0.811659 0.641748 0.405889 0.168915 0.0327795 0.001806 3.05e-05 0 0 0 0 0 0 0 0 0 0 
1 0.97091 0.915532 0.81512 0.645881 0.407391 0.166736 0.031195 0.00158975 1.5625e-05 0 0 0 0 0 0 0 0 0 0 
1 0.969922 0.913063 0.809213 0.637723 0.400709 0.165056 0.0321934 0.00189275 2.0875e-05 0 0 0 0 0 0 0 0 0 0 
1 0.970251 0.913342 0.808798 0.635255 0.395581 0.159026 0.0294335 0.00151237 1.5375e-05 0 0 0 0 0 0 0 0 0 0 
1 0.969712 0.91189 0.80694 0.632883 0.391602 0.154998 0.0273769 0.001329 2.0375e-05 0 0 0 0 0 0 0 0 0 0 
1 0.969886 0.912452 0.807545 0.63331 0.39251 0.154995 0.0269404 0.001109 1.6875e-05 1.875e-06 0 0 0 0 0 0 0 0 0 
1 0.968323 0.908791 0.800626 0.623029 0.381096 0.147981 0.0258801 0.00131837 1.6625e-05 0 0 0 0 0 0 0 0 0 0 
1 0.969161 0.910465 0.803583 0.626723 0.385286 0.151589 0.0269381 0.00128725 7.5e-06 0 0 0 0 0 0 0 0 0 0 
1 0.969842 0.913134 0.809308 0.637474 0.3992 0.162399 0.0307651 0.001651 1.1875e-05 0 0 0 0 0 0 0 0 0 0 
1 0.971408 0.916868 0.817284 0.649775 0.41317 0.171008 0.0318103 0.00155487 1.8875e-05 0 0 0 0 0 0 0 0 0 0 
1 0.968927 0.909134 0.800584 0.621228 0.377408 0.144388 0.0242241 0.00101075 4.25e-06 0 0 0 0 0 0 0 0 0 0 
1 0.971318 0.916686 0.816284 0.647553 0.41065 0.169902 0.0323458 0.00163412 1.35e-05 0 0 0 0 0 0 0 0 0 0 
1 0.969076 0.909333 0.801012 0.623544 0.381476 0.14962 0.0262753 0.001243 9e-06 0 0 0 0 0 0 0 0 0 0 
1 0.968026 0.907573 0.798643 0.618662 0.374894 0.143183 0.0237399 0.00101175 1.1875e-05 0 0 0 0 0 0 0 0 0 0 
1 0.970685 0.913922 0.81106 0.639584 0.401812 0.164962 0.03168 0.0017635 1.9375e-05 0 0 0 0 0 0 0 0 0 0 
1 0.97128 0.916633 0.81624 0.649276 0.414932 0.17698 0.0373351 0.0027655 7.075e-05 1.625e-06 0 0 0 0 0 0 0 0 0 
1 0.970017 0.913173 0.809516 0.637806 0.401032 0.164879 0.0318199 0.00177637 2.0375e-05 0 0 0 0 0 0 0 0 0 0 
1 0.969877 0.912587 0.809217 0.638117 0.400762 0.16536 0.0340512 0.002638 5.0125e-05 0 0 0 0 0 0 0 0 0 0 
1 0.969707 0.912099 0.807246 0.633319 0.392454 0.155319 0.0272795 0.00124487 1.175e-05 0 0 0 0 0 0 0 0 0 0 
1 0.971137 0.915639 0.8144 0.645494 0.409801 0.172709 0.0356435 0.00238438 2.9125e-05 0 0 0 0 0 0 0 0 0 0 
1 0.965834 0.900848 0.784359 0.59607 0.346663 0.122265 0.017703 0.0006495 8.875e-06 0 0 0 0 0 0 0 0 0 0 
1 0.968645 0.908965 0.801602 0.623407 0.380076 0.146617 0.0248416 0.00112162 5.625e-06 0 0 0 0 0 0 0 0 0 0 
1 0.972562 0.919567 0.821784 0.656731 0.422054 0.179621 0.0362104 0.00195962 1.7625e-05 0 0 0 0 0 0 0 0 0 0 
1 0.968389 0.908708 0.800773 0.623669 0.381914 0.149623 0.0269205 0.00156525 1.7625e-05 0 0 0 0 0 0 0 0 0 0 
1 0.970937 0.914958 0.812814 0.642608 0.405312 0.166563 0.0313479 0.00168938 1.75e-05 0 0 0 0 0 0 0 0 0 0 
1 0.970394 0.914471 0.812494 0.643573 0.407439 0.16938 0.0326576 0.00173837 1.675e-05 0 0 0 0 0 0 0 0 0 0 
1 0.969703 0.91208 0.807172 0.633707 0.392496 0.155846 0.0278756 0.00134837 1.3625e-05 0 0 0 0 0 0 0 0 0 0 
1 0.969804 0.911504 0.805771 0.630826 0.390464 0.155006 0.028244 0.00155962 1.975e-05 0 0 0 0 0 0 0 0 0 0 
1 0.971163 0.915864 0.814609 0.645342 0.407583 0.166966 0.0310675 0.00153525 1.45e-05 0 0 0 0 0 0 0 0 0 0 
1 0.969711 0.912372 0.808449 0.63707 0.399591 0.162955 0.030612 0.00160275 1.0625e-05 0 0 0 0 0 0 0 0 0 0 
1 0.970125 0.913127 0.809877 0.638255 0.400667 0.164958 0.033013 0.00230988 4.225e-05 0 0 0 0 0 0 0 0 0 0 
1 0.970588 0.914818 0.813244 0.644687 0.409312 0.170926 0.0336771 0.00197475 2.2625e-05 0 0 0 0 0 0 0 0 0 0 
1 0.969615 0.911204 0.805057 0.630312 0.38991 0.155127 0.0274901 0.00126825 6.125e-06 0 0 0 0 0 0 0 0 0 0 
1 0.968297 0.908087 0.798857 0.619832 0.377536 0.146685 0.0258671 0.00123125 6.25e-06 0 0 0 0 0 0 0 0 0 0 
1 0.968632 0.908913 0.800927 0.623027 0.381695 0.150516 0.0274574 0.00160762 2.4875e-05 0 0 0 0 0 0 0 0 0 0 
1 0.970409 0.913895 0.81058 0.639473 0.400642 0.163674 0.0311066 0.00171512 2.2625e-05 0 0 0 0 0 0 0 0 0 0 
1 0.969407 0.911107 0.80615 0.633033 0.394507 0.158152 0.028603 0.00132763 1.2e-05 0 0 0 0 0 0 0 0 0 0 
1 0.968995 0.910094 0.802729 0.627444 0.386021 0.15081 0.0255919 0.00110775 1.1375e-05 0 0 0 0 0 0 0 0 0 0 
1 0.969494 0.911682 0.80633 0.632773 0.392445 0.1548 0.0269431 0.00119 4e-06 0 0 0 0 0 0 0 0 0 0 
1 0.970225 0.912993 0.808852 0.637587 0.400607 0.164991 0.0325383 0.00202437 2.8375e-05 0 0 0 0 0 0 0 0 0 0 
1 0.970997 0.915552 0.813874 0.644948 0.407654 0.168886 0.0330758 0.00209487 2.25e-05 0 0 0 0 0 0 0 0 0 0 
1 0.973565 0.923544 0.832106 0.677343 0.451291 0.205307 0.0467465 0.00320737 4.75e-05 0 0 0 0 0 0 0 0 0 0 
1 0.969167 0.910382 0.8033 0.62698 0.38565 0.152173 0.0274525 0.00163575 4.25e-05 0 0 0 0 0 0 0 0 0 0 
1 0.969889 0.912327 0.808196 0.636428 0.398511 0.162841 0.0315144 0.001833 6.5e-06 0 0 0 0 0 0 0 0 0 0 
1 0.973291 0.921632 0.826307 0.664889 0.436562 0.197136 0.0457104 0.00393588 0.000125375 8.75e-07 0 0 0 0 0 0 0 0 0 
1 0.968426 0.907922 0.799409 0.620832 0.379026 0.14731 0.0257408 0.00123463 1.1875e-05 0 0 0 0 0 0 0 0 0 0 
1 0.969709 0.911524 0.805379 0.630538 0.389173 0.152252 0.0257543 0.00105425 1.1875e-05 0 0 0 0 0 0 0 0 0 0 
1 0.972239 0.919214 0.821634 0.657716 0.426201 0.186703 0.041371 0.00312675 4.5625e-05 0 0 0 0 0 0 0 0 0 0 
1 0.971797 0.917857 0.819054 0.653167 0.419015 0.178058 0.035759 0.00207487 2.3375e-05 0 0 0 0 0 0 0 0 0 0 
1 0.969119 0.910077 0.802574 0.625667 0.385788 0.153461 0.0278746 0.00149912 1.525e-05 0 0 0 0 0 0 0 0 0 0 
1 0.970334 0.913091 0.809014 0.636032 0.395866 0.157183 0.0270225 0.001069 1.525e-05 0 0 0 0 0 0 0 0 0 0 
1 0.969909 0.91308 0.809657 0.637895 0.400459 0.164151 0.0315939 0.0017415 1.9875e-05 0 0 0 0 0 0 0 0 0 0 
1 0.968566 0.909294 0.801928 0.625308 0.383343 0.14957 0.0268943 0.0013285 1.4375e-05 0 0 0 0 0 0 0 0 0 0 
1 0.970702 0.914481 0.812502 0.642929 0.406724 0.169239 0.0334497 0.00191325 2.075e-05 0 0 0 0 0 0 0 0 0 0 
1 0.967921 0.906618 0.796853 0.616461 0.372539 0.141073 0.0232106 0.000962625 5.25e-06 0 0 0 0 0 0 0 0 0 0 
1 0.967982 0.907206 0.797525 0.617798 0.374794 0.14336 0.0242459 0.00102575 7.125e-06 0 0 0 0 0 0 0 0 0 0 
1 0.97157 0.916966 0.817233 0.649975 0.415184 0.175488 0.0355579 0.00233838 3.575e-05 0 0 0 0 0 0 0 0 0 0 
1 0.97074 0.914428 0.812564 0.643475 0.407767 0.168674 0.0321888 0.00170587 1.4625e-05 0 0 0 0 0 0 0 0 0 0 
1 0.967907 0.906532 0.795541 0.615544 0.372667 0.143461 0.0255241 0.00161662 4.0625e-05 3.75e-07 0 0 0 0 0 0 0 0 0 
1 0.969583 0.911537 0.805311 0.630836 0.391656 0.154985 0.0271021 0.00124925 1.4875e-05 0 0 0 0 0 0 0 0 0 0 
1 0.970606 0.914391 0.81132 0.640683 0.40301 0.164371 0.031075 0.0017475 1.675e-05 0 0 0 0 0 0 0 0 0 0 
1 0.969902 0.912132 0.807008 0.632734 0.391804 0.155785 0.0293291 0.00200012 4.7e-05 0 0 0 0 0 0 0 0 0 0 
1 0.971503 0.916934 0.817428 0.650997 0.417612 0.17912 0.0380297 0.00261337 2.5125e-05 0 0 0 0 0 0 0 0 0 0 
1 0.969089 0.910282 0.803131 0.626391 0.385482 0.152464 0.0288355 0.00200475 5.2375e-05 0 0 0 0 0 0 0 0 0 0 
1 0.970508 0.914229 0.812508 0.641783 0.404086 0.165779 0.0315124 0.00169712 1.15e-05 0 0 0 0 0 0 0 0 0 0 
1 0.96954 0.911512 0.806049 0.632358 0.39341 0.158001 0.0298213 0.00163712 2.7875e-05 0 0 0 0 0 0 0 0 0 0 
1 0.968014 0.906828 0.796044 0.613307 0.365366 0.133271 0.0196425 0.00063525 4.25e-06 0 0 0 0 0 0 0 0 0 0 
1 0.970922 0.915429 0.815281 0.647707 0.412033 0.172641 0.0348543 0.00244162 2.3125e-05 0 0 0 0 0 0 0 0 0 0 
1 0.970701 0.915171 0.814395 0.645436 0.408302 0.168787 0.0321218 0.00160262 2.6375e-05 1.125e-06 0 0 0 0 0 0 0 0 0 
1 0.970417 0.914336 0.812582 0.64269 0.405475 0.167224 0.0312268 0.00153175 7.5e-06 0 0 0 0 0 0 0 0 0 0 
1 0.97023 0.913075 0.809195 0.637336 0.398705 0.163107 0.0322258 0.00271213 0.000167125 3.75e-07 0 0 0 0 0 0 0 0 0 
1 0.970576 0.91369 0.809262 0.635996 0.39628 0.158625 0.0285043 0.00130325 1.2875e-05 0 0 0 0 0 0 0 0 0 0 
1 0.968374 0.908532 0.800804 0.623616 0.382825 0.149238 0.0258509 0.00124962 8.875e-06 0 0 0 0 0 0 0 0 0 0 
1 0.970566 0.914626 0.812585 0.642376 0.404671 0.165272 0.0309866 0.0015865 1.225e-05 0 0 0 0 0 0 0 0 0 0 
1 0.971403 0.91684 0.817006 0.650192 0.415265 0.1743 0.0339793 0.00183412 1.725e-05 0 0 0 0 0 0 0 0 0 0 
1 0.972044 0.918841 0.821273 0.658379 0.426657 0.184324 0.0383686 0.00235537 1.8875e-05 0 0 0 0 0 0 0 0 0 0 
1 0.970243 0.913433 0.810186 0.637967 0.398594 0.160709 0.0291506 0.0015495 1.7e-05 0 0 0 0 0 0 0 0 0 0 
1 0.969947 0.912066 0.807587 0.635155 0.397276 0.16129 0.0306875 0.00173125 1.5e-05 0 0 0 0 0 0 0 0 0 0 
1 0.970978 0.915603 0.814295 0.645194 0.40766 0.167456 0.0312646 0.00157537 1.0375e-05 0 0 0 0 0 0 0 0 0 0 
1 0.972851 0.920564 0.825052 0.663312 0.432347 0.190839 0.0420912 0.00297988 4.15e-05 0 0 0 0 0 0 0 0 0 0 
1 0.968424 0.909155 0.801436 0.623517 0.381579 0.147629 0.0253405 0.00124312 1.9625e-05 0 0 0 0 0 0 0 0 0 0 
1 0.9697 0.912055 0.806587 0.631082 0.389552 0.153515 0.0264295 0.00108262 3.625e-06 0 0 0 0 0 0 0 0 0 0 
1 0.968863 0.909459 0.80188 0.62498 0.383326 0.1488 0.0259485 0.0012245 8.625e-06 0 0 0 0 0 0 0 0 0 0 
1 0.970194 0.91311 0.809455 0.637685 0.399478 0.163132 0.0309465 0.0016935 2.375e-05 0 0 0 0 0 0 0 0 0 0 
1 0.970521 0.91413 0.811425 0.640762 0.40255 0.163514 0.0298055 0.00137312 1e-05 1.375e-06 0 0 0 0 0 0 0 0 0 
1 0.971947 0.918675 0.821529 0.658624 0.426092 0.182445 0.0362893 0.0019715 1.9e-05 0 0 0 0 0 0 0 0 0 0 
1 0.970366 0.913224 0.809682 0.638033 0.399266 0.162298 0.0310786 0.00193838 4.6125e-05 0 0 0 0 0 0 0 0 0 0 
