1 0.600586 0.21677 0.0284649 0.0005155 0 0 0 0 0 0 0 0 0 0 0 0 0 0 0 
1 0.599228 0.215388 0.0277708 0.000524975 0 0 0 0 0 0 0 0 0 0 0 0 0 0 0 
1 0.600797 0.216527 0.0283293 0.000461275 0 0 0 0 0 0 0 0 0 0 0 0 0 0 0 
1 0.60116 0.217869 0.028928 0.000500525 0 0 0 0 0 0 0 0 0 0 0 0 0 0 0 
1 0.600557 0.216479 0.0282068 0.0004814 8.25e-07 0 0 0 0 0 0 0 0 0 0 0 0 0 0 
1 0.599061 0.215522 0.0281842 0.0004484 0 0 0 0 0 0 0 0 0 0 0 0 0 0 0 
1 0.600793 0.217011 0.0285078 0.0005071 0 0 0 0 0 0 0 0 0 0 0 0 0 0 0 
1 0.599574 0.21545 0.0277832 0.000489775 0 0 0 0 0 0 0 0 0 0 0 0 0 0 0 
1 0.59969 0.215384 0.028034 0.000504875 0 0 0 0 0 0 0 0 0 0 0 0 0 0 0 
1 0.598725 0.214491 0.0273623 0.000467275 0 0 0 0 0 0 0 0 0 0 0 0 0 0 0 
1 0.599615 0.215651 0.0277181 0.000538775 0 0 0 0 0 0 0 0 0 0 0 0 0 0 0 
1 0.599208 0.21448 0.027362 0.000433175 0 0 0 0 0 0 0 0 0 0 0 0 0 0 0 
1 0.601353 0.217574 0.0283755 0.0005172 1.425e-06 0 0 0 0 0 0 0 0 0 0 0 0 0 0 
1 0.601471 0.218217 0.0290057 0.0004969 3.25e-07 0 0 0 0 0 0 0 0 0 0 0 0 0 0 
1 0.598038 0.21339 0.026984 0.00047035 0 0 0 0 0 0 0 0 0 0 0 0 0 0 0 
1 0.598703 0.214655 0.0277031 0.00047685 8.25e-07 0 0 0 0 0 0 0 0 0 0 0 0 0 0 
1 0.59968 0.216211 0.0284203 0.000508875 2.5e-08 0 0 0 0 0 0 0 0 0 0 0 0 0 0 
1 0.59938 0.215379 0.0277603 0.000549325 0 0 0 0 0 0 0 0 0 0 0 0 0 0 0 
1 0.600283 0.216968 0.0283623 0.000463875 0 0 0 0 0 0 0 0 0 0 0 0 0 0 0 
1 0.599714 0.215778 0.02782 0.000512625 0 0 0 0 0 0 0 0 0 0 0 0 0 0 0 
1 0.600054 0.216261 0.0282485 0.000475575 0 0 0 0 0 0 0 0 0 0 0 0 0 0 0 
1 0.600854 0.217165 0.0283038 0.0004765 0 0 0 0 0 0 0 0 0 0 0 0 0 0 0 
1 0.600438 0.217074 0.0284727 0.000559975 0 0 0 0 0 0 0 0 0 0 0 0 0 0 0 
1 0.599727 0.21572 0.0278752 0.000428325 0 0 0 0 0 0 0 0 0 0 0 0 0 0 0 
1 0.600924 0.216746 0.0283239 0.000477575 0 0 0 0 0 0 0 0 0 0 0 0 0 0 0 
1 0.599383 0.215871 0.0279472 0.000468225 5e-07 0 0 0 0 0 0 0 0 0 0 0 0 0 0 
1 0.600861 0.217206 0.0285272 0.00053145 0 0 0 0 0 0 0 0 0 0 0 0 0 0 0 
1 0.599479 0.215403 0.027437 0.000454425 0 0 0 0 0 0 0 0 0 0 0 0 0 0 0 
1 0.600144 0.216534 0.0284557 0.00047505 0 0 0 0 0 0 0 0 0 0 0 0 0 0 0 
1 0.602099 0.218558 0.0285921 0.00051885 0 0 0 0 0 0 0 0 0 0 0 0 0 0 0 
1 0.600351 0.217346 0.028633 0.000454825 2.5e-08 0 0 0 0 0 0 0 0 0 0 0 0 0 0 
1 0.601087 0.21719 0.0285171 0.000546725 0 0 0 0 0 0 0 0 0 0 0 0 0 0 0 
1 0.599957 0.216247 0.0278046 0.000467575 2.5e-08 0 0 0 0 0 0 0 0 0 0 0 0 0 0 
1 0.600697 0.217878 0.0284143 0.000483575 0 0 0 0 0 0 0 0 0 0 0 0 0 0 0 
1 0.601038 0.217093 0.028188 0.000464375 0 0 0 0 0 0 0 0 0 0 0 0 0 0 0 
1 0.600601 0.216046 0.0278368 0.000475825 0 0 0 0 0 0 0 0 0 0 0 0 0 0 0 
1 0.598414 0.214442 0.0273774 0.000474425 1.75e-07 0 0 0 0 0 0 0 0 0 0 0 0 0 0 
1 0.601678 0.217688 0.0290566 0.000560425 8.5e-07 0 0 0 0 0 0 0 0 0 0 0 0 0 0 
1 0.600326 0.218278 0.0289103 0.0004893 5.25e-07 0 0 0 0 0 0 0 0 0 0 0 0 0 0 
1 0.600524 0.217355 0.0283357 0.000520575 0 0 0 0 0 0 0 0 0 0 0 0 0 0 0 
1 0.600007 0.216161 0.028235 0.00046185 0 0 0 0 0 0 0 0 0 0 0 0 0 0 0 
1 0.600092 0.216242 0.0280216 0.00048185 0 0 0 0 0 0 0 0 0 0 0 0 0 0 0 
1 0.602006 0.218435 0.0294275 0.000569375 0 0 0 0 0 0 0 0 0 0 0 0 0 0 0 
1 0.599171 0.215262 0.0278201 0.000497925 3e-07 0 0 0 0 0 0 0 0 0 0 0 0 0 0 
1 0.599229 0.21516 0.027617 0.0004459 0 0 0 0 0 0 0 0 0 0 0 0 0 0 0 
1 0.600399 0.216261 0.0280338 0.000515075 1.4e-06 0 0 0 0 0 0 0 0 0 0 0 0 0 0 
1 0.600306 0.215886 0.0280261 0.00052495 0 0 0 0 0 0 0 0 0 0 0 0 0 0 0 
1 0.599431 0.215583 0.02817 0.000498 0 0 0 0 0 0 0 0 0 0 0 0 0 0 0 
1 0.599875 0.21592 0.0281777 0.000474175 0 0 0 0 0 0 0 0 0 0 0 0 0 0 0 
1 0.599285 0.215058 0.0277697 0.0005292 1.95e-06 0 0 0 0 0 0 0 0 0 0 0 0 0 0 
1 0.59887 0.215304 0.0276606 0.00049275 0 0 0 0 0 0 0 0 0 0 0 0 0 0 0 
1 0.600665 0.217064 0.0281742 0.0005124 0 0 0 0 0 0 0 0 0 0 0 0 0 0 0 
1 0.600353 0.216775 0.0282585 0.000484225 0 0 0 0 0 0 0 0 0 0 0 0 0 0 0 
1 0.601459 0.217657 0.0286128 0.000519 2.5e-07 0 0 0 0 0 0 0 0 0 0 0 0 0 0 
1 0.598819 0.214318 0.0272941 0.000442675 0 0 0 0 0 0 0 0 0 0 0 0 0 0 0 
1 0.598988 0.215061 0.0278213 0.0004951 0 0 0 0 0 0 0 0 0 0 0 0 0 0 0 
1 0.600085 0.216396 0.0283533 0.0004843 2e-07 0 0 0 0 0 0 0 0 0 0 0 0 0 0 
1 0.599582 0.215667 0.0279078 0.000450525 2e-07 0 0 0 0 0 0 0 0 0 0 0 0 0 0 
1 0.601386 0.217715 0.0284548 0.0004946 3.5e-07 0 0 0 0 0 0 0 0 0 0 0 0 0 0 
1 0.59937 0.214518 0.0278379 0.00046065 0 0 0 0 0 0 0 0 0 0 0 0 0 0 0 
1 0.600195 0.216426 0.0285415 0.000470525 0 0 0 0 0 0 0 0 0 0 0 0 0 0 0 
1 0.599687 0.215927 0.0281426 0.0005097 2e-06 0 0 0 0 0 0 0 0 0 0 0 0 0 0 
1 0.59973 0.216232 0.0285963 0.000509925 0 0 0 0 0 0 0 0 0 0 0 0 0 0 0 
1 0.60021 0.216067 0.0281935 0.0004621 0 0 0 0 0 0 0 0 0 0 0 0 0 0 0 
1 0.602358 0.219059 0.0291732 0.000534725 1.675e-06 0 0 0 0 0 0 0 0 0 0 0 0 0 0 
1 0.599795 0.215835 0.0279556 0.00047895 0 0 0 0 0 0 0 0 0 0 0 0 0 0 0 
1 0.598756 0.214312 0.0277556 0.000492725 0 0 0 0 0 0 0 0 0 0 0 0 0 0 0 
1 0.59868 0.214545 0.0276818 0.00045725 0 0 0 0 0 0 0 0 0 0 0 0 0 0 0 
1 0.601124 0.217539 0.0286617 0.00045715 0 0 0 0 0 0 0 0 0 0 0 0 0 0 0 
1 0.600764 0.217416 0.0287687 0.0004678 0 0 0 0 0 0 0 0 0 0 0 0 0 0 0 
1 0.599397 0.215839 0.0282341 0.0004749 0 0 0 0 0 0 0 0 0 0 0 0 0 0 0 
1 0.598393 0.21468 0.0281239 0.0005009 0 0 0 0 0 0 0 0 0 0 0 0 0 0 0 
1 0.600664 0.216876 0.0281109 0.00049565 1.7e-06 0 0 0 0 0 0 0 0 0 0 0 0 0 0 
1 0.601141 0.2175 0.0284089 0.0005097 0 0 0 0 0 0 0 0 0 0 0 0 0 0 0 
1 0.598483 0.215153 0.0278288 0.000508375 0 0 0 0 0 0 0 0 0 0 0 0 0 0 0 
1 0.599421 0.215154 0.027788 0.000517275 0 0 0 0 0 0 0 0 0 0 0 0 0 0 0 
1 0.599362 0.214991 0.0278725 0.0004602 7e-07 0 0 0 0 0 0 0 0 0 0 0 0 0 0 
1 0.601207 0.216781 0.0284608 0.000526625 0 0 0 0 0 0 0 0 0 0 0 0 0 0 0 
1 0.600807 0.216825 0.0284871 0.000481925 0 0 0 0 0 0 0 0 0 0 0 0 0 0 0 
1 0.600381 0.21705 0.0284857 0.00048165 7.5e-07 0 0 0 0 0 0 0 0 0 0 0 0 0 0 
1 0.600221 0.216558 0.0286042 0.000452175 0 0 0 0 0 0 0 0 0 0 0 0 0 0 0 
1 0.600705 0.217984 0.0288252 0.00050395 0 0 0 0 0 0 0 0 0 0 0 0 0 0 0 
1 0.600539 0.216876 0.0283417 0.000500275 0 0 0 0 0 0 0 0 0 0 0 0 0 0 0 
1 0.59935 0.215974 0.0281188 0.0005157 0 0 0 0 0 0 0 0 0 0 0 0 0 0 0 
1 0.599751 0.216007 0.028308 0.000494725 2.5e-08 0 0 0 0 0 0 0 0 0 0 0 0 0 0 
1 0.600429 0.216141 0.0277521 0.00047245 0 0 0 0 0 0 0 0 0 0 0 0 0 0 0 
1 0.601207 0.216764 0.0283335 0.000503125 4.5e-07 0 0 0 0 0 0 0 0 0 0 0 0 0 0 
1 0.599359 0.215421 0.028009 0.000475875 0 0 0 0 0 0 0 0 0 0 0 0 0 0 0 
1 0.599751 0.215751 0.0278841 0.000498375 0 0 0 0 0 0 0 0 0 0 0 0 0 0 0 
1 0.600326 0.216713 0.0285696 0.00049375 0 0 0 0 0 0 0 0 0 0 0 0 0 0 0 
1 0.600734 0.216407 0.0282185 0.00043645 0 0 0 0 0 0 0 0 0 0 0 0 0 0 0 
1 0.60019 0.215619 0.027853 0.000471725 7.5e-08 0 0 0 0 0 0 0 0 0 0 0 0 0 0 
1 0.599997 0.215614 0.0279962 0.000452925 0 0 0 0 0 0 0 0 0 0 0 0 0 0 0 
1 0.600247 0.216324 0.0279947 0.000444625 0 0 0 0 0 0 0 0 0 0 0 0 0 0 0 
1 0.601817 0.217886 0.0284484 0.00044475 1.425e-06 0 0 0 0 0 0 0 0 0 0 0 0 0 0 
1 0.601087 0.216818 0.0283001 0.000525875 0 0 0 0 0 0 0 0 0 0 0 0 0 0 0 
1 0.600286 0.216827 0.028195 0.0005096 0 0 0 0 0 0 0 0 0 0 0 0 0 0 0 
1 0.599508 0.216413 0.0279113 0.000462225 3.5e-06 0 0 0 0 0 0 0 0 0 0 0 0 0 0 
1 0.599667 0.21518 0.0281274 0.0005059 1.55e-06 0 0 0 0 0 0 0 0 0 0 0 0 0 0 
1 0.60077 0.216464 0.0282876 0.000476875 0 0 0 0 0 0 0 0 0 0 0 0 0 0 0 
1 0.599664 0.215147 0.0276729 0.00044185 0 0 0 0 0 0 0 0 0 0 0 0 0 0 0 
1 0.59961 0.215398 0.0280875 0.0005241 0 0 0 0 0 0 0 0 0 0 0 0 0 0 0 
1 0.598144 0.214376 0.0274487 0.0004752 0 0 0 0 0 0 0 0 0 0 0 0 0 0 0 
1 0.599301 0.215444 0.0278027 0.000537875 0 0 0 0 0 0 0 0 0 0 0 0 0 0 0 
1 0.600226 0.216671 0.0282435 0.000516925 0 0 0 0 0 0 0 0 0 0 0 0 0 0 0 
1 0.601052 0.217223 0.0287445 0.000549175 1.775e-06 0 0 0 0 0 0 0 0 0 0 0 0 0 0 
1 0.599516 0.216548 0.0284058 0.00048195 0 0 0 0 0 0 0 0 0 0 0 0 0 0 0 
1 0.599662 0.216857 0.0283239 0.00047385 2.075e-06 0 0 0 0 0 0 0 0 0 0 0 0 0 0 
1 0.602156 0.21781 0.0286227 0.0004978 0 0 0 0 0 0 0 0 0 0 0 0 0 0 0 
1 0.600882 0.216476 0.0278905 0.00050065 0 0 0 0 0 0 0 0 0 0 0 0 0 0 0 
1 0.598449 0.214353 0.0276828 0.00045575 0 0 0 0 0 0 0 0 0 0 0 0 0 0 0 
1 0.600449 0.216641 0.0286467 0.00052855 5.25e-07 0 0 0 0 0 0 0 0 0 0 0 0 0 0 
1 0.600056 0.216265 0.0283958 0.00052595 0 0 0 0 0 0 0 0 0 0 0 0 0 0 0 
1 0.598654 0.214576 0.0278412 0.0005015 0 0 0 0 0 0 0 0 0 0 0 0 0 0 0 
1 0.601082 0.217362 0.0286185 0.0004943 1.7e-06 0 0 0 0 0 0 0 0 0 0 0 0 0 0 
1 0.59905 0.214948 0.0275667 0.000456325 0 0 0 0 0 0 0 0 0 0 0 0 0 0 0 
1 0.601319 0.216616 0.0278586 0.00046035 1.475e-06 0 0 0 0 0 0 0 0 0 0 0 0 0 0 
1 0.597703 0.213838 0.0273791 0.000471025 0 0 0 0 0 0 0 0 0 0 0 0 0 0 0 
1 0.599616 0.216525 0.0285413 0.0005514 0 0 0 0 0 0 0 0 0 0 0 0 0 0 0 
1 0.600122 0.216275 0.0283459 0.00052035 0 0 0 0 0 0 0 0 0 0 0 0 0 0 0 
1 0.600754 0.216481 0.0280955 0.000540025 0 0 0 0 0 0 0 0 0 0 0 0 0 0 0 
1 0.60025 0.215895 0.0279865 0.00047005 1e-07 0 0 0 0 0 0 0 0 0 0 0 0 0 0 
1 0.598758 0.215704 0.0281189 0.000520875 7.5e-08 0 0 0 0 0 0 0 0 0 0 0 0 0 0 
1 0.600515 0.216191 0.0283522 0.000533275 2.075e-06 0 0 0 0 0 0 0 0 0 0 0 0 0 0 
1 0.600844 0.216292 0.0278198 0.000474225 0 0 0 0 0 0 0 0 0 0 0 0 0 0 0 
1 0.600166 0.216546 0.0282199 0.000525625 0 0 0 0 0 0 0 0 0 0 0 0 0 0 0 
1 0.599107 0.215176 0.0284094 0.000565825 0 0 0 0 0 0 0 0 0 0 0 0 0 0 0 
1 0.601375 0.216787 0.0283589 0.000452 1.75e-07 0 0 0 0 0 0 0 0 0 0 0 0 0 0 
1 0.598257 0.214454 0.0278829 0.00046225 0 0 0 0 0 0 0 0 0 0 0 0 0 0 0 
1 0.597754 0.214077 0.0275266 0.0004535 2.375e-06 0 0 0 0 0 0 0 0 0 0 0 0 0 0 
1 0.599692 0.215803 0.0279305 0.00046535 5.675e-06 0 0 0 0 0 0 0 0 0 0 0 0 0 0 
1 0.600528 0.216436 0.0284278 0.0004535 0 0 0 0 0 0 0 0 0 0 0 0 0 0 0 
1 0.600929 0.216529 0.0278427 0.000439125 0 0 0 0 0 0 0 0 0 0 0 0 0 0 0 
1 0.601822 0.218788 0.0288475 0.000509925 0 0 0 0 0 0 0 0 0 0 0 0 0 0 0 
1 0.601539 0.217596 0.0288803 0.000550425 0 0 0 0 0 0 0 0 0 0 0 0 0 0 0 
1 0.601069 0.217062 0.0285552 0.000518375 9.5e-07 0 0 0 0 0 0 0 0 0 0 0 0 0 0 
1 0.598786 0.215051 0.0278124 0.000487775 4.25e-07 0 0 0 0 0 0 0 0 0 0 0 0 0 0 
1 0.598204 0.213816 0.0274682 0.000467525 2.5e-08 0 0 0 0 0 0 0 0 0 0 0 0 0 0 
1 0.599113 0.214893 0.0280362 0.00054665 0 0 0 0 0 0 0 0 0 0 0 0 0 0 0 
1 0.599481 0.215796 0.0280236 0.000471125 5e-07 0 0 0 0 0 0 0 0 0 0 0 0 0 0 
1 0.600808 0.216812 0.0282057 0.00048035 1.55e-06 0 0 0 0 0 0 0 0 0 0 0 0 0 0 
1 0.600228 0.216923 0.0281474 0.000481575 0 0 0 0 0 0 0 0 0 0 0 0 0 0 0 
1 0.601446 0.218329 0.0288836 0.0005446 1.275e-06 0 0 0 0 0 0 0 0 0 0 0 0 0 0 
1 0.598824 0.214757 0.0276493 0.000448725 0 0 0 0 0 0 0 0 0 0 0 0 0 0 0 
1 0.600465 0.216164 0.0280231 0.00045925 0 0 0 0 0 0 0 0 0 0 0 0 0 0 0 
1 0.601336 0.217561 0.0285018 0.0004777 0 0 0 0 0 0 0 0 0 0 0 0 0 0 0 
1 0.600086 0.216455 0.0279391 0.000475525 0 0 0 0 0 0 0 0 0 0 0 0 0 0 0 
1 0.600318 0.216397 0.0282273 0.000476 1.525e-06 0 0 0 0 0 0 0 0 0 0 0 0 0 0 
1 0.600339 0.21698 0.0285388 0.000535425 2.1e-06 0 0 0 0 0 0 0 0 0 0 0 0 0 0 
1 0.600308 0.216277 0.0282349 0.00048865 0 0 0 0 0 0 0 0 0 0 0 0 0 0 0 
1 0.600208 0.216096 0.0282814 0.000492425 8.25e-07 0 0 0 0 0 0 0 0 0 0 0 0 0 0 
1 0.600744 0.217514 0.0286792 0.000497925 2.825e-06 0 0 0 0 0 0 0 0 0 0 0 0 0 0 
1 0.600879 0.216928 0.028173 0.00050515 0 0 0 0 0 0 0 0 0 0 0 0 0 0 0 
1 0.600506 0.216505 0.0281177 0.000480575 0 0 0 0 0 0 0 0 0 0 0 0 0 0 0 
1 0.599377 0.215754 0.0280056 0.0004821 1.25e-06 0 0 0 0 0 0 0 0 0 0 0 0 0 0 
1 0.59966 0.215932 0.0282686 0.000465675 0 0 0 0 0 0 0 0 0 0 0 0 0 0 0 
1 0.601734 0.218625 0.0285083 0.00047495 1.75e-07 0 0 0 0 0 0 0 0 0 0 0 0 0 0 
1 0.60116 0.2168 0.0282218 0.0004675 0 0 0 0 0 0 0 0 0 0 0 0 0 0 0 
1 0.600071 0.215773 0.0280464 0.0004783 1.25e-06 0 0 0 0 0 0 0 0 0 0 0 0 0 0 
1 0.601527 0.218222 0.0284939 0.000497125 0 0 0 0 0 0 0 0 0 0 0 0 0 0 0 
1 0.601586 0.218673 0.0286178 0.00051335 0 0 0 0 0 0 0 0 0 0 0 0 0 0 0 
1 0.600178 0.215851 0.0280197 0.00051125 0 0 0 0 0 0 0 0 0 0 0 0 0 0 0 
1 0.600002 0.215283 0.0279316 0.0004786 0 0 0 0 0 0 0 0 0 0 0 0 0 0 0 
1 0.601232 0.217239 0.02877 0.0005231 0 0 0 0 0 0 0 0 0 0 0 0 0 0 0 
1 0.60169 0.217963 0.0282355 0.000483325 2e-07 0 0 0 0 0 0 0 0 0 0 0 0 0 0 
1 0.601842 0.218096 0.0287209 0.000488875 0 0 0 0 0 0 0 0 0 0 0 0 0 0 0 
1 0.599321 0.215518 0.0277127 0.000492325 9e-07 0 0 0 0 0 0 0 0 0 0 0 0 0 0 
1 0.601637 0.218105 0.0287441 0.000445425 0 0 0 0 0 0 0 0 0 0 0 0 0 0 0 
1 0.599619 0.215221 0.0277484 0.000453425 0 0 0 0 0 0 0 0 0 0 0 0 0 0 0 
1 0.60067 0.217204 0.0284127 0.000453825 6.5e-07 0 0 0 0 0 0 0 0 0 0 0 0 0 0 
1 0.599794 0.215631 0.0274933 0.000494875 0 0 0 0 0 0 0 0 0 0 0 0 0 0 0 
1 0.600536 0.216857 0.0282307 0.00050375 0 0 0 0 0 0 0 0 0 0 0 0 0 0 0 
1 0.599997 0.216221 0.028276 0.00047435 0 0 0 0 0 0 0 0 0 0 0 0 0 0 0 
1 0.600198 0.217294 0.0287527 0.000497375 0 0 0 0 0 0 0 0 0 0 0 0 0 0 0 
1 0.599834 0.216024 0.0284188 0.0005122 0 0 0 0 0 0 0 0 0 0 0 0 0 0 0 
1 0.599614 0.216154 0.0282151 0.000522925 0 0 0 0 0 0 0 0 0 0 0 0 0 0 0 
1 0.602069 0.218085 0.0290937 0.0005484 1.25e-07 0 0 0 0 0 0 0 0 0 0 0 0 0 0 
1 0.600799 0.217387 0.0284069 0.000508825 0 0 0 0 0 0 0 0 0 0 0 0 0 0 0 
1 0.597501 0.214608 0.027739 0.000444075 5.5e-07 0 0 0 0 0 0 0 0 0 0 0 0 0 0 
1 0.60028 0.215744 0.0277137 0.0004988 7.25e-07 0 0 0 0 0 0 0 0 0 0 0 0 0 0 
1 0.598703 0.215443 0.027927 0.000456075 0 0 0 0 0 0 0 0 0 0 0 0 0 0 0 
1 0.600775 0.216612 0.0281656 0.00050865 0 0 0 0 0 0 0 0 0 0 0 0 0 0 0 
1 0.600215 0.217098 0.0287745 0.00049475 0 0 0 0 0 0 0 0 0 0 0 0 0 0 0 
1 0.602321 0.218566 0.0287267 0.000503775 1.25e-07 0 0 0 0 0 0 0 0 0 0 0 0 0 0 
1 0.599141 0.215011 0.0277152 0.00042895 0 0 0 0 0 0 0 0 0 0 0 0 0 0 0 
1 0.600106 0.216267 0.0284091 0.0005072 0 0 0 0 0 0 0 0 0 0 0 0 0 0 0 
1 0.599797 0.215534 0.0277801 0.000482425 0 0 0 0 0 0 0 0 0 0 0 0 0 0 0 
1 0.599114 0.215793 0.0277982 0.0004822 2.5e-07 0 0 0 0 0 0 0 0 0 0 0 0 0 0 
1 0.601006 0.217652 0.0287563 0.00049745 0 0 0 0 0 0 0 0 0 0 0 0 0 0 0 
1 0.599987 0.21697 0.0286056 0.00051095 0 0 0 0 0 0 0 0 0 0 0 0 0 0 0 
1 0.599991 0.215852 0.0283271 0.0005179 7.5e-08 0 0 0 0 0 0 0 0 0 0 0 0 0 0 
1 0.598605 0.214658 0.0276691 0.000464925 0 0 0 0 0 0 0 0 0 0 0 0 0 0 0 
1 0.599729 0.216515 0.0283466 0.0005363 0 0 0 0 0 0 0 0 0 0 0 0 0 0 0 
1 0.599622 0.215415 0.0278717 0.00057485 0 0 0 0 0 0 0 0 0 0 0 0 0 0 0 
1 0.600807 0.216513 0.0282589 0.000490475 0 0 0 0 0 0 0 0 0 0 0 0 0 0 0 
1 0.600656 0.217055 0.0285178 0.000477225 0 0 0 0 0 0 0 0 0 0 0 0 0 0 0 
1 0.600688 0.216623 0.0283089 0.000545775 0 0 0 0 0 0 0 0 0 0 0 0 0 0 0 
1 0.601479 0.218412 0.0287521 0.000464 0 0 0 0 0 0 0 0 0 0 0 0 0 0 0 
1 0.599242 0.214793 0.0274695 0.000475925 0 0 0 0 0 0 0 0 0 0 0 0 0 0 0 
1 0.600759 0.21679 0.0281489 0.00043175 0 0 0 0 0 0 0 0 0 0 0 0 0 0 0 
1 0.601037 0.217869 0.0288335 0.000547425 0 0 0 0 0 0 0 0 0 0 0 0 0 0 0 
1 0.600917 0.218228 0.0287201 0.0005269 0 0 0 0 0 0 0 0 0 0 0 0 0 0 0 
1 0.60013 0.217296 0.0290198 0.00055745 1.125e-06 0 0 0 0 0 0 0 0 0 0 0 0 0 0 
1 0.599706 0.215168 0.0281404 0.000432375 0 0 0 0 0 0 0 0 0 0 0 0 0 0 0 
1 0.600719 0.217057 0.0283436 0.00048 0 0 0 0 0 0 0 0 0 0 0 0 0 0 0 
1 0.600625 0.215629 0.0280609 0.00053025 1.5e-07 0 0 0 0 0 0 0 0 0 0 0 0 0 0 
1 0.598116 0.213998 0.0275658 0.000449425 0 0 0 0 0 0 0 0 0 0 0 0 0 0 0 
1 0.59994 0.216138 0.0281102 0.00045235 0 0 0 0 0 0 0 0 0 0 0 0 0 0 0 
1 0.599239 0.21596 0.0281349 0.0005313 4.25e-07 0 0 0 0 0 0 0 0 0 0 0 0 0 0 
1 0.600836 0.216556 0.028111 0.0005184 0 0 0 0 0 0 0 0 0 0 0 0 0 0 0 
1 0.599474 0.215508 0.0279024 0.000490875 0 0 0 0 0 0 0 0 0 0 0 0 0 0 0 
1 0.600183 0.216234 0.0280434 0.000464475 0 0 0 0 0 0 0 0 0 0 0 0 0 0 0 
1 0.598269 0.214216 0.0270086 0.000453325 1.6e-06 0 0 0 0 0 0 0 0 0 0 0 0 0 0 
1 0.600913 0.217733 0.0285969 0.000494425 1.75e-07 0 0 0 0 0 0 0 0 0 0 0 0 0 0 
1 0.599929 0.215811 0.02811 0.00044895 0 0 0 0 0 0 0 0 0 0 0 0 0 0 0 
1 0.601759 0.217532 0.0284263 0.000504375 0 0 0 0 0 0 0 0 0 0 0 0 0 0 0 
1 0.601534 0.217731 0.0283548 0.000521425 3.75e-07 0 0 0 0 0 0 0 0 0 0 0 0 0 0 
1 0.599911 0.215489 0.0279654 0.000483075 2.5e-08 0 0 0 0 0 0 0 0 0 0 0 0 0 0 
1 0.598424 0.214396 0.0276208 0.0004716 3.45e-06 0 0 0 0 0 0 0 0 0 0 0 0 0 0 
1 0.599652 0.215736 0.028067 0.00048725 1.675e-06 0 0 0 0 0 0 0 0 0 0 0 0 0 0 
1 0.600552 0.216221 0.0281345 0.000472925 0 0 0 0 0 0 0 0 0 0 0 0 0 0 0 
1 0.598366 0.214224 0.0276804 0.0004764 4.15e-06 0 0 0 0 0 0 0 0 0 0 0 0 0 0 
1 0.60037 0.216595 0.0285197 0.0004742 0 0 0 0 0 0 0 0 0 0 0 0 0 0 0 
1 0.599544 0.215211 0.0277883 0.000456325 0 0 0 0 0 0 0 0 0 0 0 0 0 0 0 
1 0.600377 0.216817 0.0279848 0.000466375 0 0 0 0 0 0 0 0 0 0 0 0 0 0 0 
1 0.599331 0.214942 0.0276172 0.0004717 1e-06 0 0 0 0 0 0 0 0 0 0 0 0 0 0 
1 0.598971 0.215556 0.0281677 0.000503225 0 0 0 0 0 0 0 0 0 0 0 0 0 0 0 
1 0.600999 0.217504 0.0287525 0.000515375 2.4e-06 0 0 0 0 0 0 0 0 0 0 0 0 0 0 
1 0.598841 0.215203 0.0280166 0.000436375 0 0 0 0 0 0 0 0 0 0 0 0 0 0 0 
1 0.599811 0.215638 0.0278787 0.000478975 0 0 0 0 0 0 0 0 0 0 0 0 0 0 0 
1 0.599775 0.216901 0.0282326 0.000505225 1.025e-06 0 0 0 0 0 0 0 0 0 0 0 0 0 0 
1 0.599242 0.215012 0.0278469 0.00044305 2.35e-06 0 0 0 0 0 0 0 0 0 0 0 0 0 0 
1 0.599433 0.215367 0.0279846 0.00051495 0 0 0 0 0 0 0 0 0 0 0 0 0 0 0 
1 0.597505 0.21373 0.0276759 0.000493575 2.25e-07 0 0 0 0 0 0 0 0 0 0 0 0 0 0 
1 0.599753 0.215537 0.0276243 0.00045415 0 0 0 0 0 0 0 0 0 0 0 0 0 0 0 
1 0.601026 0.217368 0.0285652 0.000490125 0 0 0 0 0 0 0 0 0 0 0 0 0 0 0 
1 0.600465 0.217051 0.0287083 0.000527425 0 0 0 0 0 0 0 0 0 0 0 0 0 0 0 
1 0.599941 0.216038 0.0279481 0.0005035 0 0 0 0 0 0 0 0 0 0 0 0 0 0 0 
1 0.59912 0.215703 0.0277487 0.00047105 7.25e-07 0 0 0 0 0 0 0 0 0 0 0 0 0 0 
1 0.598957 0.214757 0.0278156 0.0004628 0 0 0 0 0 0 0 0 0 0 0 0 0 0 0 
1 0.600689 0.216998 0.0285227 0.000573775 5e-08 0 0 0 0 0 0 0 0 0 0 0 0 0 0 
1 0.599928 0.216484 0.0284605 0.00049655 0 0 0 0 0 0 0 0 0 0 0 0 0 0 0 
1 0.59769 0.213774 0.0273828 0.00049275 0 0 0 0 0 0 0 0 0 0 0 0 0 0 0 
1 0.599895 0.216855 0.0282988 0.0004865 0 0 0 0 0 0 0 0 0 0 0 0 0 0 0 
1 0.600262 0.216091 0.0281741 0.000508575 0 0 0 0 0 0 0 0 0 0 0 0 0 0 0 
1 0.599875 0.216217 0.0280101 0.00047475 0 0 0 0 0 0 0 0 0 0 0 0 0 0 0 
1 0.601283 0.218006 0.0287514 0.00055995 0 0 0 0 0 0 0 0 0 0 0 0 0 0 0 
1 0.598734 0.214758 0.0276194 0.00048705 0 0 0 0 0 0 0 0 0 0 0 0 0 0 0 
1 0.59977 0.21658 0.0285279 0.0004948 8.25e-07 0 0 0 0 0 0 0 0 0 0 0 0 0 0 
1 0.598525 0.215623 0.0279381 0.000466525 0 0 0 0 0 0 0 0 0 0 0 0 0 0 0 
1 0.599909 0.215469 0.0281144 0.0004649 3.75e-07 0 0 0 0 0 0 0 0 0 0 0 0 0 0 
1 0.599203 0.215719 0.0280327 0.00047485 0 0 0 0 0 0 0 0 0 0 0 0 0 0 0 
1 0.600009 0.21592 0.0282028 0.000502875 6.5e-07 0 0 0 0 0 0 0 0 0 0 0 0 0 0 
1 0.599758 0.214911 0.0274716 0.000437 0 0 0 0 0 0 0 0 0 0 0 0 0 0 0 
1 0.60008 0.216385 0.028393 0.00051755 0 0 0 0 0 0 0 0 0 0 0 0 0 0 0 
1 0.6006 0.216665 0.0279962 0.0004699 5.75e-07 0 0 0 0 0 0 0 0 0 0 0 0 0 0 
1 0.599225 0.215002 0.0274558 0.000463125 1.05e-06 0 0 0 0 0 0 0 0 0 0 0 0 0 0 
1 0.600974 0.217223 0.0284115 0.0004913 1e-07 0 0 0 0 0 0 0 0 0 0 0 0 0 0 
1 0.599905 0.215817 0.0280068 0.0005186 0 0 0 0 0 0 0 0 0 0 0 0 0 0 0 
1 0.600056 0.216113 0.0284736 0.000523675 0 0 0 0 0 0 0 0 0 0 0 0 0 0 0 
1 0.597221 0.212978 0.0270167 0.000459425 0 0 0 0 0 0 0 0 0 0 0 0 0 0 0 
1 0.597227 0.213374 0.0271912 0.00038245 0 0 0 0 0 0 0 0 0 0 0 0 0 0 0 
1 0.600272 0.216176 0.0281008 0.00043485 0 0 0 0 0 0 0 0 0 0 0 0 0 0 0 
1 0.600656 0.216198 0.0280465 0.000453825 0 0 0 0 0 0 0 0 0 0 0 0 0 0 0 
1 0.600602 0.217174 0.028419 0.00046435 0 0 0 0 0 0 0 0 0 0 0 0 0 0 0 
1 0.601489 0.217137 0.0282028 0.000493 5.25e-07 0 0 0 0 0 0 0 0 0 0 0 0 0 0 
1 0.598445 0.215048 0.0281195 0.000486825 0 0 0 0 0 0 0 0 0 0 0 0 0 0 0 
1 0.600332 0.216436 0.0285076 0.000493975 0 0 0 0 0 0 0 0 0 0 0 0 0 0 0 
1 0.599402 0.215103 0.0275693 0.0003949 0 0 0 0 0 0 0 0 0 0 0 0 0 0 0 
1 0.600423 0.216883 0.0283572 0.00044305 0 0 0 0 0 0 0 0 0 0 0 0 0 0 0 
1 0.601246 0.216547 0.0283321 0.000482375 0 0 0 0 0 0 0 0 0 0 0 0 0 0 0 
1 0.598932 0.215565 0.0280525 0.0004915 0 0 0 0 0 0 0 0 0 0 0 0 0 0 0 
1 0.600711 0.216474 0.0284241 0.00051105 0 0 0 0 0 0 0 0 0 0 0 0 0 0 0 
1 0.601173 0.217816 0.0287368 0.0004431 0 0 0 0 0 0 0 0 0 0 0 0 0 0 0 
1 0.599476 0.21542 0.0277591 0.00048005 0 0 0 0 0 0 0 0 0 0 0 0 0 0 0 
1 0.6007 0.216703 0.0278283 0.00046035 0 0 0 0 0 0 0 0 0 0 0 0 0 0 0 
1 0.599009 0.214581 0.0276716 0.000416525 0 0 0 0 0 0 0 0 0 0 0 0 0 0 0 
1 0.601917 0.217735 0.0288052 0.0005065 0 0 0 0 0 0 0 0 0 0 0 0 0 0 0 
1 0.600224 0.21623 0.0283253 0.0004852 0 0 0 0 0 0 0 0 0 0 0 0 0 0 0 
1 0.599806 0.215803 0.0278869 0.000471025 7.5e-08 0 0 0 0 0 0 0 0 0 0 0 0 0 0 
1 0.601434 0.217544 0.0288129 0.00048955 0 0 0 0 0 0 0 0 0 0 0 0 0 0 0 
1 0.600465 0.216751 0.028278 0.0005103 0 0 0 0 0 0 0 0 0 0 0 0 0 0 0 
1 0.598111 0.213704 0.027411 0.000475525 0 0 0 0 0 0 0 0 0 0 0 0 0 0 0 
1 0.599977 0.215857 0.0278814 0.00045895 0 0 0 0 0 0 0 0 0 0 0 0 0 0 0 
1 0.600437 0.215382 0.0278501 0.000453575 0 0 0 0 0 0 0 0 0 0 0 0 0 0 0 
1 0.597717 0.213708 0.0273198 0.00045445 0 0 0 0 0 0 0 0 0 0 0 0 0 0 0 
1 0.6004 0.216539 0.0282707 0.00046755 7.5e-07 0 0 0 0 0 0 0 0 0 0 0 0 0 0 
1 0.600176 0.215876 0.0275557 0.000444325 0 0 0 0 0 0 0 0 0 0 0 0 0 0 0 
1 0.600888 0.217317 0.0283512 0.0004291 0 0 0 0 0 0 0 0 0 0 0 0 0 0 0 
1 0.600251 0.215804 0.0278378 0.000417175 0 0 0 0 0 0 0 0 0 0 0 0 0 0 0 
1 0.599673 0.215218 0.0278367 0.00046925 0 0 0 0 0 0 0 0 0 0 0 0 0 0 0 
1 0.59944 0.215568 0.027836 0.000465075 6.5e-07 0 0 0 0 0 0 0 0 0 0 0 0 0 0 
1 0.600674 0.216715 0.0284418 0.000526275 0 0 0 0 0 0 0 0 0 0 0 0 0 0 0 
1 0.600366 0.216249 0.0281965 0.0004576 0 0 0 0 0 0 0 0 0 0 0 0 0 0 0 
1 0.599502 0.216081 0.0280456 0.0004811 0 0 0 0 0 0 0 0 0 0 0 0 0 0 0 
1 0.598672 0.214853 0.0277935 0.000501075 6.25e-07 0 0 0 0 0 0 0 0 0 0 0 0 0 0 
1 0.600216 0.216123 0.0281933 0.000440925 0 0 0 0 0 0 0 0 0 0 0 0 0 0 0 
1 0.599531 0.216357 0.0281699 0.000437575 0 0 0 0 0 0 0 0 0 0 0 0 0 0 0 
1 0.598858 0.214958 0.0275858 0.000493425 0 0 0 0 0 0 0 0 0 0 0 0 0 0 0 
1 0.598713 0.214237 0.0274893 0.0004688 2.5e-08 0 0 0 0 0 0 0 0 0 0 0 0 0 0 
1 0.59978 0.215882 0.028008 0.000461225 5.5e-07 0 0 0 0 0 0 0 0 0 0 0 0 0 0 
1 0.600181 0.21653 0.0282269 0.0004862 4.75e-07 0 0 0 0 0 0 0 0 0 0 0 0 0 0 
1 0.600288 0.215721 0.0279528 0.000452925 0 0 0 0 0 0 0 0 0 0 0 0 0 0 0 
1 0.600989 0.216884 0.0285222 0.000500925 0 0 0 0 0 0 0 0 0 0 0 0 0 0 0 
1 0.598986 0.215389 0.0278153 0.0004643 0 0 0 0 0 0 0 0 0 0 0 0 0 0 0 
1 0.600166 0.216673 0.0287012 0.0004975 1.9e-06 0 0 0 0 0 0 0 0 0 0 0 0 0 0 
1 0.601465 0.217527 0.0286282 0.0005162 0 0 0 0 0 0 0 0 0 0 0 0 0 0 0 
1 0.599836 0.215668 0.0277881 0.000537275 4e-07 0 0 0 0 0 0 0 0 0 0 0 0 0 0 
1 0.599532 0.216007 0.027915 0.00044355 8.25e-07 0 0 0 0 0 0 0 0 0 0 0 0 0 0 
1 0.599425 0.215068 0.0279388 0.000465375 1.5e-07 0 0 0 0 0 0 0 0 0 0 0 0 0 0 
1 0.600894 0.217083 0.0282697 0.000462775 4.25e-07 0 0 0 0 0 0 0 0 0 0 0 0 0 0 
1 0.601875 0.218166 0.0286914 0.000476975 0 0 0 0 0 0 0 0 0 0 0 0 0 0 0 
1 0.600747 0.217836 0.0286535 0.000569125 0 0 0 0 0 0 0 0 0 0 0 0 0 0 0 
1 0.598945 0.215662 0.0283054 0.00053905 0 0 0 0 0 0 0 0 0 0 0 0 0 0 0 
1 0.600904 0.216539 0.0283066 0.00045795 0 0 0 0 0 0 0 0 0 0 0 0 0 0 0 
1 0.598357 0.214817 0.0279615 0.0004297 0 0 0 0 0 0 0 0 0 0 0 0 0 0 0 
1 0.601886 0.218335 0.0288543 0.00049295 0 0 0 0 0 0 0 0 0 0 0 0 0 0 0 
1 0.600454 0.21701 0.028349 0.0004714 0 0 0 0 0 0 0 0 0 0 0 0 0 0 0 
1 0.600897 0.216982 0.0285306 0.000490375 3.25e-07 0 0 0 0 0 0 0 0 0 0 0 0 0 0 
1 0.59942 0.215555 0.0281498 0.0004535 5.25e-07 0 0 0 0 0 0 0 0 0 0 0 0 0 0 
1 0.59982 0.216535 0.0282985 0.000511175 0 0 0 0 0 0 0 0 0 0 0 0 0 0 0 
1 0.59872 0.214637 0.0277839 0.0004803 0 0 0 0 0 0 0 0 0 0 0 0 0 0 0 
1 0.600422 0.216878 0.0283535 0.000460125 1.75e-07 0 0 0 0 0 0 0 0 0 0 0 0 0 0 
1 0.600102 0.216376 0.0285492 0.0004696 7.5e-08 0 0 0 0 0 0 0 0 0 0 0 0 0 0 
1 0.600418 0.216965 0.0282705 0.00054175 0 0 0 0 0 0 0 0 0 0 0 0 0 0 0 
1 0.602197 0.218809 0.0287931 0.000521375 0 0 0 0 0 0 0 0 0 0 0 0 0 0 0 
1 0.599367 0.215691 0.0278849 0.000483625 2.925e-06 0 0 0 0 0 0 0 0 0 0 0 0 0 0 
1 0.599006 0.215116 0.0278036 0.000501875 0 0 0 0 0 0 0 0 0 0 0 0 0 0 0 
1 0.598694 0.214074 0.0276479 0.000447825 0 0 0 0 0 0 0 0 0 0 0 0 0 0 0 
1 0.600058 0.215767 0.0278869 0.000520625 1.2e-06 0 0 0 0 0 0 0 0 0 0 0 0 0 0 
1 0.598821 0.215341 0.0277331 0.00051595 3.5e-07 0 0 0 0 0 0 0 0 0 0 0 0 0 0 
1 0.601069 0.216791 0.0284707 0.000480875 0 0 0 0 0 0 0 0 0 0 0 0 0 0 0 
1 0.601124 0.217522 0.0285558 0.00048275 0 0 0 0 0 0 0 0 0 0 0 0 0 0 0 
1 0.599833 0.216164 0.0277575 0.000514025 0 0 0 0 0 0 0 0 0 0 0 0 0 0 0 
1 0.60095 0.216785 0.0283874 0.00048195 0 0 0 0 0 0 0 0 0 0 0 0 0 0 0 
1 0.601291 0.217586 0.0283664 0.000507075 0 0 0 0 0 0 0 0 0 0 0 0 0 0 0 
1 0.600196 0.216449 0.0283693 0.000471325 0 0 0 0 0 0 0 0 0 0 0 0 0 0 0 
1 0.600846 0.216914 0.028245 0.00054845 0 0 0 0 0 0 0 0 0 0 0 0 0 0 0 
1 0.600468 0.216123 0.0280013 0.000478475 0 0 0 0 0 0 0 0 0 0 0 0 0 0 0 
1 0.601729 0.218773 0.0289825 0.0004908 0 0 0 0 0 0 0 0 0 0 0 0 0 0 0 
1 0.598858 0.21481 0.0278559 0.000461525 0 0 0 0 0 0 0 0 0 0 0 0 0 0 0 
1 0.599623 0.215721 0.0278718 0.000514625 4.75e-07 0 0 0 0 0 0 0 0 0 0 0 0 0 0 
1 0.599922 0.216084 0.0281404 0.000515225 0 0 0 0 0 0 0 0 0 0 0 0 0 0 0 
1 0.599135 0.215556 0.0279733 0.0005277 0 0 0 0 0 0 0 0 0 0 0 0 0 0 0 
1 0.598243 0.213932 0.0271875 0.00043685 0 0 0 0 0 0 0 0 0 0 0 0 0 0 0 
1 0.598824 0.214616 0.027729 0.00043065 0 0 0 0 0 0 0 0 0 0 0 0 0 0 0 
1 0.599697 0.215483 0.0281531 0.00047585 0 0 0 0 0 0 0 0 0 0 0 0 0 0 0 
1 0.599984 0.215742 0.0282605 0.000505475 0 0 0 0 0 0 0 0 0 0 0 0 0 0 0 
1 0.599772 0.216238 0.0282769 0.000500325 1.6e-06 0 0 0 0 0 0 0 0 0 0 0 0 0 0 
1 0.599815 0.215943 0.028168 0.000465375 1.15e-06 0 0 0 0 0 0 0 0 0 0 0 0 0 0 
1 0.5984 0.213841 0.0271467 0.000444925 1e-07 0 0 0 0 0 0 0 0 0 0 0 0 0 0 
1 0.599678 0.21524 0.0277298 0.0005072 0 0 0 0 0 0 0 0 0 0 0 0 0 0 0 
1 0.600658 0.216106 0.0280299 0.000472 0 0 0 0 0 0 0 0 0 0 0 0 0 0 0 
1 0.598976 0.215359 0.0274942 0.0004278 0 0 0 0 0 0 0 0 0 0 0 0 0 0 0 
1 0.601888 0.219131 0.0290059 0.00052155 6.5e-07 0 0 0 0 0 0 0 0 0 0 0 0 0 0 
1 0.599946 0.216336 0.0285847 0.000482775 1e-07 0 0 0 0 0 0 0 0 0 0 0 0 0 0 
1 0.599494 0.21535 0.0277892 0.000499975 1e-07 0 0 0 0 0 0 0 0 0 0 0 0 0 0 
1 0.600487 0.216225 0.0281256 0.00048045 2e-07 0 0 0 0 0 0 0 0 0 0 0 0 0 0 
1 0.600321 0.216255 0.0278255 0.000424775 0 0 0 0 0 0 0 0 0 0 0 0 0 0 0 
1 0.599994 0.215865 0.0280229 0.00048305 0 0 0 0 0 0 0 0 0 0 0 0 0 0 0 
1 0.600948 0.217324 0.0282752 0.000459625 1.925e-06 0 0 0 0 0 0 0 0 0 0 0 0 0 0 
1 0.60081 0.216447 0.0282847 0.00049945 0 0 0 0 0 0 0 0 0 0 0 0 0 0 0 
1 0.599553 0.21601 0.0279948 0.000455475 5.5e-07 0 0 0 0 0 0 0 0 0 0 0 0 0 0 
1 0.601526 0.216897 0.0282608 0.000498725 7.5e-07 0 0 0 0 0 0 0 0 0 0 0 0 0 0 
1 0.601421 0.217173 0.0282863 0.000478 0 0 0 0 0 0 0 0 0 0 0 0 0 0 0 
1 0.600546 0.216535 0.0280474 0.00048295 0 0 0 0 0 0 0 0 0 0 0 0 0 0 0 
1 0.599936 0.215362 0.0281005 0.0005087 0 0 0 0 0 0 0 0 0 0 0 0 0 0 0 
1 0.600664 0.216278 0.0279688 0.000519275 0 0 0 0 0 0 0 0 0 0 0 0 0 0 0 
1 0.59997 0.215596 0.0278524 0.00045575 1.05e-06 0 0 0 0 0 0 0 0 0 0 0 0 0 0 
1 0.601627 0.217931 0.0284045 0.000439425 0 0 0 0 0 0 0 0 0 0 0 0 0 0 0 
1 0.601049 0.217227 0.0283778 0.000543975 2.2e-06 0 0 0 0 0 0 0 0 0 0 0 0 0 0 
1 0.600673 0.216497 0.027958 0.000435375 0 0 0 0 0 0 0 0 0 0 0 0 0 0 0 
1 0.598208 0.214723 0.0278681 0.000449825 3.5e-07 0 0 0 0 0 0 0 0 0 0 0 0 0 0 
1 0.599926 0.215945 0.0277103 0.000463925 0 0 0 0 0 0 0 0 0 0 0 0 0 0 0 
1 0.602209 0.21833 0.0289284 0.00057885 2.5e-07 0 0 0 0 0 0 0 0 0 0 0 0 0 0 
1 0.598763 0.215044 0.0275392 0.000464775 0 0 0 0 0 0 0 0 0 0 0 0 0 0 0 
1 0.598897 0.214917 0.0277412 0.00049405 0 0 0 0 0 0 0 0 0 0 0 0 0 0 0 
1 0.599593 0.215383 0.0278583 0.000480925 0 0 0 0 0 0 0 0 0 0 0 0 0 0 0 
1 0.598661 0.214353 0.0274985 0.000464875 0 0 0 0 0 0 0 0 0 0 0 0 0 0 0 
1 0.598834 0.214655 0.0272998 0.000440275 0 0 0 0 0 0 0 0 0 0 0 0 0 0 0 
1 0.601016 0.217309 0.0282425 0.000478975 0 0 0 0 0 0 0 0 0 0 0 0 0 0 0 
1 0.60034 0.215822 0.0277412 0.00046705 2.5e-07 0 0 0 0 0 0 0 0 0 0 0 0 0 0 
1 0.601711 0.218436 0.0287299 0.000533025 0 0 0 0 0 0 0 0 0 0 0 0 0 0 0 
1 0.599249 0.216059 0.0285678 0.000501975 0 0 0 0 0 0 0 0 0 0 0 0 0 0 0 
1 0.599432 0.215491 0.0279539 0.000479625 7.5e-08 0 0 0 0 0 0 0 0 0 0 0 0 0 0 
1 0.600706 0.217288 0.0283605 0.0005288 2.5e-08 0 0 0 0 0 0 0 0 0 0 0 0 0 0 
1 0.599738 0.216023 0.0282878 0.000477775 8.75e-07 0 0 0 0 0 0 0 0 0 0 0 0 0 0 
1 0.599881 0.215328 0.0278923 0.000474225 0 0 0 0 0 0 0 0 0 0 0 0 0 0 0 
1 0.600943 0.217103 0.0284307 0.000469025 8e-07 0 0 0 0 0 0 0 0 0 0 0 0 0 0 
1 0.59993 0.216357 0.0283536 0.00047845 0 0 0 0 0 0 0 0 0 0 0 0 0 0 0 
1 0.600774 0.216818 0.028085 0.0005073 0 0 0 0 0 0 0 0 0 0 0 0 0 0 0 
1 0.597863 0.213458 0.0271651 0.000449375 0 0 0 0 0 0 0 0 0 0 0 0 0 0 0 
1 0.599818 0.216365 0.0282024 0.000466625 3.25e-07 0 0 0 0 0 0 0 0 0 0 0 0 0 0 
1 0.600556 0.216929 0.0282325 0.00045375 2.25e-07 0 0 0 0 0 0 0 0 0 0 0 0 0 0 
1 0.600032 0.215432 0.0276001 0.000547325 0 0 0 0 0 0 0 0 0 0 0 0 0 0 0 
1 0.600381 0.216565 0.028233 0.0004902 0 0 0 0 0 0 0 0 0 0 0 0 0 0 0 
1 0.599618 0.216299 0.0281349 0.000459725 1.175e-06 0 0 0 0 0 0 0 0 0 0 0 0 0 0 
1 0.599611 0.215758 0.0281523 0.000417575 0 0 0 0 0 0 0 0 0 0 0 0 0 0 0 
1 0.600313 0.216157 0.0280571 0.000465675 1.075e-06 0 0 0 0 0 0 0 0 0 0 0 0 0 0 
1 0.601355 0.217612 0.0283844 0.0004828 0 0 0 0 0 0 0 0 0 0 0 0 0 0 0 
1 0.599759 0.216168 0.0278785 0.000483775 2.275e-06 0 0 0 0 0 0 0 0 0 0 0 0 0 0 
1 0.599746 0.215018 0.0277214 0.000499975 0 0 0 0 0 0 0 0 0 0 0 0 0 0 0 
1 0.599461 0.21522 0.0280177 0.000489125 0 0 0 0 0 0 0 0 0 0 0 0 0 0 0 
1 0.600047 0.216249 0.0279257 0.000442025 0 0 0 0 0 0 0 0 0 0 0 0 0 0 0 
1 0.60081 0.216904 0.0284835 0.000554325 0 0 0 0 0 0 0 0 0 0 0 0 0 0 0 
1 0.598741 0.214736 0.0276152 0.0004624 1.275e-06 0 0 0 0 0 0 0 0 0 0 0 0 0 0 
1 0.599968 0.21656 0.0285002 0.000503725 0 0 0 0 0 0 0 0 0 0 0 0 0 0 0 
1 0.598909 0.214565 0.0274613 0.00048385 1.75e-07 0 0 0 0 0 0 0 0 0 0 0 0 0 0 
1 0.601408 0.217672 0.0282543 0.0005353 0 0 0 0 0 0 0 0 0 0 0 0 0 0 0 
1 0.601751 0.218013 0.0283161 0.00044325 0 0 0 0 0 0 0 0 0 0 0 0 0 0 0 
1 0.598364 0.215055 0.0278094 0.000465725 0 0 0 0 0 0 0 0 0 0 0 0 0 0 0 
1 0.600347 0.216926 0.0284618 0.000526825 1.825e-06 0 0 0 0 0 0 0 0 0 0 0 0 0 0 
1 0.600432 0.216667 0.0278849 0.000508375 0 0 0 0 0 0 0 0 0 0 0 0 0 0 0 
1 0.598702 0.214713 0.0271918 0.000452225 0 0 0 0 0 0 0 0 0 0 0 0 0 0 0 
1 0.600916 0.21755 0.028523 0.000479275 0 0 0 0 0 0 0 0 0 0 0 0 0 0 0 
1 0.60062 0.216821 0.0284363 0.000508375 0 0 0 0 0 0 0 0 0 0 0 0 0 0 0 
1 0.600377 0.216332 0.0285848 0.00048865 0 0 0 0 0 0 0 0 0 0 0 0 0 0 0 
1 0.601312 0.217171 0.0284282 0.000483575 0 0 0 0 0 0 0 0 0 0 0 0 0 0 0 
1 0.598901 0.215496 0.0279667 0.000511325 0 0 0 0 0 0 0 0 0 0 0 0 0 0 0 
1 0.599427 0.214486 0.027294 0.00045085 1.75e-07 0 0 0 0 0 0 0 0 0 0 0 0 0 0 
1 0.599648 0.215298 0.0278967 0.00046165 0 0 0 0 0 0 0 0 0 0 0 0 0 0 0 
1 0.600562 0.216019 0.0279308 0.0005219 0 0 0 0 0 0 0 0 0 0 0 0 0 0 0 
1 0.601565 0.218533 0.0291188 0.000554125 1e-07 0 0 0 0 0 0 0 0 0 0 0 0 0 0 
1 0.60133 0.217465 0.0286614 0.0005115 0 0 0 0 0 0 0 0 0 0 0 0 0 0 0 
1 0.599638 0.216187 0.0282852 0.0005472 3.075e-06 0 0 0 0 0 0 0 0 0 0 0 0 0 0 
1 0.600494 0.216682 0.0279948 0.00047965 0 0 0 0 0 0 0 0 0 0 0 0 0 0 0 
1 0.600922 0.217655 0.0286885 0.000490425 1.65e-06 0 0 0 0 0 0 0 0 0 0 0 0 0 0 
1 0.601834 0.218394 0.0292394 0.000567 0 0 0 0 0 0 0 0 0 0 0 0 0 0 0 
1 0.60025 0.216286 0.0284018 0.000491775 0 0 0 0 0 0 0 0 0 0 0 0 0 0 0 
1 0.601094 0.216785 0.0282437 0.000495725 0 0 0 0 0 0 0 0 0 0 0 0 0 0 0 
1 0.600739 0.217848 0.028896 0.00052775 3.5e-07 0 0 0 0 0 0 0 0 0 0 0 0 0 0 
1 0.599307 0.215353 0.0278384 0.000462675 0 0 0 0 0 0 0 0 0 0 0 0 0 0 0 
1 0.597852 0.213816 0.02773 0.000458025 0 0 0 0 0 0 0 0 0 0 0 0 0 0 0 
1 0.600248 0.216032 0.0282966 0.000464475 8.5e-07 0 0 0 0 0 0 0 0 0 0 0 0 0 0 
1 0.600633 0.216493 0.028087 0.000480875 0 0 0 0 0 0 0 0 0 0 0 0 0 0 0 
1 0.599738 0.216371 0.0284564 0.000535275 0 0 0 0 0 0 0 0 0 0 0 0 0 0 0 
1 0.59961 0.214456 0.0272389 0.0004185 6.25e-07 0 0 0 0 0 0 0 0 0 0 0 0 0 0 
1 0.600526 0.216873 0.028252 0.0004326 0 0 0 0 0 0 0 0 0 0 0 0 0 0 0 
1 0.599152 0.215148 0.0275747 0.00049075 0 0 0 0 0 0 0 0 0 0 0 0 0 0 0 
1 0.599059 0.215065 0.0282143 0.0004919 0 0 0 0 0 0 0 0 0 0 0 0 0 0 0 
1 0.600239 0.216027 0.0280851 0.000495475 0 0 0 0 0 0 0 0 0 0 0 0 0 0 0 
1 0.598488 0.214274 0.0277616 0.0004609 2.475e-06 0 0 0 0 0 0 0 0 0 0 0 0 0 0 
1 0.599622 0.215615 0.0278376 0.00048725 0 0 0 0 0 0 0 0 0 0 0 0 0 0 0 
1 0.60025 0.216574 0.0281863 0.00045625 0 0 0 0 0 0 0 0 0 0 0 0 0 0 0 
1 0.599942 0.21553 0.0278146 0.000433075 0 0 0 0 0 0 0 0 0 0 0 0 0 0 0 
1 0.59971 0.215202 0.0280654 0.0004706 2.5e-08 0 0 0 0 0 0 0 0 0 0 0 0 0 0 
1 0.600983 0.21772 0.0287866 0.000528225 0 0 0 0 0 0 0 0 0 0 0 0 0 0 0 
1 0.600098 0.216977 0.0285076 0.000495675 0 0 0 0 0 0 0 0 0 0 0 0 0 0 0 
1 0.601663 0.217255 0.0286319 0.00057685 0 0 0 0 0 0 0 0 0 0 0 0 0 0 0 
1 0.599359 0.216061 0.0281263 0.0004603 2.25e-07 0 0 0 0 0 0 0 0 0 0 0 0 0 0 
1 0.600149 0.216359 0.0281987 0.000466975 0 0 0 0 0 0 0 0 0 0 0 0 0 0 0 
1 0.600057 0.216082 0.0282691 0.000513825 0 0 0 0 0 0 0 0 0 0 0 0 0 0 0 
1 0.599226 0.215305 0.027823 0.0004799 0 0 0 0 0 0 0 0 0 0 0 0 0 0 0 
1 0.599645 0.215204 0.027439 0.000450425 0 0 0 0 0 0 0 0 0 0 0 0 0 0 0 
1 0.599923 0.216447 0.0281676 0.00046545 2.775e-06 0 0 0 0 0 0 0 0 0 0 0 0 0 0 
1 0.600196 0.21549 0.0278701 0.000511 2.5e-07 0 0 0 0 0 0 0 0 0 0 0 0 0 0 
1 0.600071 0.215478 0.0278183 0.00047145 0 0 0 0 0 0 0 0 0 0 0 0 0 0 0 
1 0.599793 0.215436 0.0278419 0.0004736 8.5e-07 0 0 0 0 0 0 0 0 0 0 0 0 0 0 
1 0.600901 0.218222 0.0287101 0.00049685 2.75e-06 0 0 0 0 0 0 0 0 0 0 0 0 0 0 
1 0.602664 0.219323 0.0290232 0.0005331 0 0 0 0 0 0 0 0 0 0 0 0 0 0 0 
1 0.600932 0.217269 0.0285401 0.000484875 0 0 0 0 0 0 0 0 0 0 0 0 0 0 0 
1 0.60037 0.216758 0.0284579 0.00048965 0 0 0 0 0 0 0 0 0 0 0 0 0 0 0 
1 0.60192 0.21876 0.0292888 0.0005324 0 0 0 0 0 0 0 0 0 0 0 0 0 0 0 
1 0.601173 0.21738 0.0284457 0.0004909 0 0 0 0 0 0 0 0 0 0 0 0 0 0 0 
1 0.599144 0.214996 0.0277169 0.00049055 0 0 0 0 0 0 0 0 0 0 0 0 0 0 0 
1 0.599907 0.216083 0.0282869 0.0005175 0 0 0 0 0 0 0 0 0 0 0 0 0 0 0 
1 0.599751 0.215833 0.0280817 0.0004808 0 0 0 0 0 0 0 0 0 0 0 0 0 0 0 
1 0.598899 0.214479 0.0274457 0.00041385 0 0 0 0 0 0 0 0 0 0 0 0 0 0 0 
1 0.600425 0.216345 0.0281327 0.0005239 0 0 0 0 0 0 0 0 0 0 0 0 0 0 0 
1 0.599594 0.215766 0.0283193 0.000527975 0 0 0 0 0 0 0 0 0 0 0 0 0 0 0 
1 0.599973 0.215184 0.027592 0.000454725 7.5e-08 0 0 0 0 0 0 0 0 0 0 0 0 0 0 
1 0.59985 0.215796 0.0279582 0.0004445 0 0 0 0 0 0 0 0 0 0 0 0 0 0 0 
1 0.600575 0.216591 0.0283944 0.00052105 0 0 0 0 0 0 0 0 0 0 0 0 0 0 0 
1 0.599676 0.21586 0.0278509 0.000504825 0 0 0 0 0 0 0 0 0 0 0 0 0 0 0 
1 0.600741 0.21702 0.028119 0.00044845 0 0 0 0 0 0 0 0 0 0 0 0 0 0 0 
1 0.599272 0.214942 0.0278591 0.00049805 0 0 0 0 0 0 0 0 0 0 0 0 0 0 0 
1 0.599685 0.215857 0.0280141 0.0004668 0 0 0 0 0 0 0 0 0 0 0 0 0 0 0 
1 0.598795 0.213702 0.026999 0.000455975 0 0 0 0 0 0 0 0 0 0 0 0 0 0 0 
1 0.599951 0.215871 0.0278594 0.00048595 0 0 0 0 0 0 0 0 0 0 0 0 0 0 0 
1 0.598829 0.214591 0.0279609 0.000538025 0 0 0 0 0 0 0 0 0 0 0 0 0 0 0 
1 0.599959 0.21617 0.0279961 0.000541875 0 0 0 0 0 0 0 0 0 0 0 0 0 0 0 
1 0.600041 0.216061 0.0280395 0.0004826 3.85e-06 0 0 0 0 0 0 0 0 0 0 0 0 0 0 
1 0.600994 0.217475 0.0284744 0.000518825 0 0 0 0 0 0 0 0 0 0 0 0 0 0 0 
1 0.600685 0.216006 0.0281971 0.0004862 0 0 0 0 0 0 0 0 0 0 0 0 0 0 0 
1 0.59922 0.215004 0.0275952 0.00045255 0 0 0 0 0 0 0 0 0 0 0 0 0 0 0 
1 0.600259 0.216498 0.028282 0.000491025 6.75e-07 0 0 0 0 0 0 0 0 0 0 0 0 0 0 
1 0.600231 0.216256 0.0277967 0.000480225 0 0 0 0 0 0 0 0 0 0 0 0 0 0 0 
1 0.59797 0.21364 0.0271411 0.000467675 0 0 0 0 0 0 0 0 0 0 0 0 0 0 0 
1 0.598922 0.214787 0.0278478 0.0004844 1.45e-06 0 0 0 0 0 0 0 0 0 0 0 0 0 0 
1 0.600646 0.216133 0.0283633 0.0004954 0 0 0 0 0 0 0 0 0 0 0 0 0 0 0 
1 0.600659 0.217652 0.0285922 0.00046865 0 0 0 0 0 0 0 0 0 0 0 0 0 0 0 
1 0.599373 0.215702 0.0278105 0.000434825 0 0 0 0 0 0 0 0 0 0 0 0 0 0 0 
1 0.598083 0.213745 0.0274551 0.000470875 1.9e-06 0 0 0 0 0 0 0 0 0 0 0 0 0 0 
1 0.600245 0.216636 0.0280591 0.000518025 0 0 0 0 0 0 0 0 0 0 0 0 0 0 0 
1 0.599465 0.215832 0.0282485 0.00048735 2.25e-07 0 0 0 0 0 0 0 0 0 0 0 0 0 0 
1 0.597211 0.212865 0.0273222 0.00045435 0 0 0 0 0 0 0 0 0 0 0 0 0 0 0 
1 0.600662 0.217022 0.0281616 0.000437275 0 0 0 0 0 0 0 0 0 0 0 0 0 0 0 
1 0.599973 0.216544 0.0281058 0.0005051 0 0 0 0 0 0 0 0 0 0 0 0 0 0 0 
1 0.599757 0.215992 0.0277965 0.0004022 2.75e-07 0 0 0 0 0 0 0 0 0 0 0 0 0 0 
1 0.598604 0.214174 0.0274464 0.000465125 0 0 0 0 0 0 0 0 0 0 0 0 0 0 0 
1 0.598788 0.215059 0.0280452 0.000488775 0 0 0 0 0 0 0 0 0 0 0 0 0 0 0 
1 0.600365 0.216655 0.0282862 0.00049345 0 0 0 0 0 0 0 0 0 0 0 0 0 0 0 
1 0.60185 0.218476 0.0286784 0.00049795 0 0 0 0 0 0 0 0 0 0 0 0 0 0 0 
1 0.599002 0.214776 0.027417 0.0004336 6.5e-07 0 0 0 0 0 0 0 0 0 0 0 0 0 0 
1 0.601584 0.218611 0.02913 0.0005742 0 0 0 0 0 0 0 0 0 0 0 0 0 0 0 
1 0.600571 0.216736 0.0278824 0.000550025 2.5e-08 0 0 0 0 0 0 0 0 0 0 0 0 0 0 
1 0.599081 0.215264 0.0275041 0.000464675 0 0 0 0 0 0 0 0 0 0 0 0 0 0 0 
1 0.600126 0.215473 0.027807 0.000456425 0 0 0 0 0 0 0 0 0 0 0 0 0 0 0 
1 0.599011 0.215028 0.0277477 0.00053135 0 0 0 0 0 0 0 0 0 0 0 0 0 0 0 
1 0.600148 0.21698 0.0285487 0.00056635 0 0 0 0 0 0 0 0 0 0 0 0 0 0 0 
1 0.601094 0.217202 0.0284201 0.000485275 0 0 0 0 0 0 0 0 0 0 0 0 0 0 0 
1 0.599748 0.215479 0.0279131 0.000445025 0 0 0 0 0 0 0 0 0 0 0 0 0 0 0 
1 0.599682 0.216544 0.0283046 0.0004368 0 0 0 0 0 0 0 0 0 0 0 0 0 0 0 
1 0.60052 0.21658 0.028336 0.00050845 1.5e-07 0 0 0 0 0 0 0 0 0 0 0 0 0 0 
1 0.59901 0.214758 0.0277083 0.00045765 0 0 0 0 0 0 0 0 0 0 0 0 0 0 0 
1 0.600268 0.2166 0.0284275 0.000423425 4e-07 0 0 0 0 0 0 0 0 0 0 0 0 0 0 
1 0.598367 0.214291 0.0275851 0.00048775 0 0 0 0 0 0 0 0 0 0 0 0 0 0 0 
1 0.600405 0.217562 0.0285522 0.0005135 0 0 0 0 0 0 0 0 0 0 0 0 0 0 0 
1 0.597792 0.213567 0.0272509 0.00046535 0 0 0 0 0 0 0 0 0 0 0 0 0 0 0 
1 0.599672 0.216196 0.0281151 0.0004699 0 0 0 0 0 0 0 0 0 0 0 0 0 0 0 
1 0.59964 0.215073 0.0277796 0.0004267 0 0 0 0 0 0 0 0 0 0 0 0 0 0 0 
1 0.600173 0.216522 0.0283225 0.000488675 2e-07 0 0 0 0 0 0 0 0 0 0 0 0 0 0 
1 0.600118 0.216318 0.0282068 0.000455875 0 0 0 0 0 0 0 0 0 0 0 0 0 0 0 
1 0.600139 0.216325 0.0279401 0.0004522 5e-07 0 0 0 0 0 0 0 0 0 0 0 0 0 0 
1 0.599634 0.216604 0.0282907 0.000467175 5e-08 0 0 0 0 0 0 0 0 0 0 0 0 0 0 
1 0.596944 0.21252 0.0269751 0.00043735 0 0 0 0 0 0 0 0 0 0 0 0 0 0 0 
1 0.601294 0.217631 0.0288423 0.0005181 0 0 0 0 0 0 0 0 0 0 0 0 0 0 0 
1 0.601147 0.217832 0.0287487 0.000469475 0 0 0 0 0 0 0 0 0 0 0 0 0 0 0 
1 0.599892 0.216619 0.0285442 0.000547425 0 0 0 0 0 0 0 0 0 0 0 0 0 0 0 
1 0.600089 0.215885 0.0280677 0.0004559 0 0 0 0 0 0 0 0 0 0 0 0 0 0 0 
1 0.600143 0.216665 0.028113 0.0004682 0 0 0 0 0 0 0 0 0 0 0 0 0 0 0 
1 0.599512 0.215749 0.0278981 0.00053225 2.5e-07 0 0 0 0 0 0 0 0 0 0 0 0 0 0 
1 0.599759 0.216257 0.0282841 0.00050545 0 0 0 0 0 0 0 0 0 0 0 0 0 0 0 
1 0.599704 0.216501 0.0282266 0.000436525 0 0 0 0 0 0 0 0 0 0 0 0 0 0 0 
1 0.599843 0.216125 0.0281218 0.0004989 0 0 0 0 0 0 0 0 0 0 0 0 0 0 0 
1 0.599818 0.21642 0.0283858 0.0005155 0 0 0 0 0 0 0 0 0 0 0 0 0 0 0 
1 0.598593 0.2147 0.0279947 0.00048515 0 0 0 0 0 0 0 0 0 0 0 0 0 0 0 
1 0.600826 0.217505 0.0286049 0.000507675 0 0 0 0 0 0 0 0 0 0 0 0 0 0 0 
1 0.598717 0.214424 0.0276913 0.00047175 0 0 0 0 0 0 0 0 0 0 0 0 0 0 0 
1 0.599505 0.215614 0.0282453 0.000575725 2.15e-06 0 0 0 0 0 0 0 0 0 0 0 0 0 0 
1 0.600541 0.216897 0.028364 0.000461875 5.25e-07 0 0 0 0 0 0 0 0 0 0 0 0 0 0 
1 0.600507 0.215618 0.0277001 0.000418 0 0 0 0 0 0 0 0 0 0 0 0 0 0 0 
1 0.601241 0.217493 0.0288831 0.00057795 1.7e-06 0 0 0 0 0 0 0 0 0 0 0 0 0 0 
1 0.599591 0.217149 0.0287971 0.00052145 5.5e-07 0 0 0 0 0 0 0 0 0 0 0 0 0 0 
1 0.600373 0.217324 0.0287823 0.0005167 0 0 0 0 0 0 0 0 0 0 0 0 0 0 0 
1 0.601965 0.217799 0.0284298 0.000500675 0 0 0 0 0 0 0 0 0 0 0 0 0 0 0 
1 0.601126 0.217086 0.0281906 0.000516525 5e-08 0 0 0 0 0 0 0 0 0 0 0 0 0 0 
1 0.600932 0.216753 0.0284042 0.000485675 0 0 0 0 0 0 0 0 0 0 0 0 0 0 0 
1 0.599588 0.215496 0.027584 0.000451725 0 0 0 0 0 0 0 0 0 0 0 0 0 0 0 
1 0.600493 0.216814 0.0280073 0.000477625 0 0 0 0 0 0 0 0 0 0 0 0 0 0 0 
1 0.601363 0.216671 0.0282068 0.000494925 1.3e-06 0 0 0 0 0 0 0 0 0 0 0 0 0 0 
1 0.601662 0.217104 0.0280351 0.000476 2e-06 0 0 0 0 0 0 0 0 0 0 0 0 0 0 
1 0.600963 0.217443 0.0287872 0.000508475 0 0 0 0 0 0 0 0 0 0 0 0 0 0 0 
1 0.599436 0.215404 0.0281949 0.000514375 6.25e-07 0 0 0 0 0 0 0 0 0 0 0 0 0 0 
1 0.59999 0.21606 0.0277877 0.00046355 0 0 0 0 0 0 0 0 0 0 0 0 0 0 0 
1 0.600573 0.217417 0.0284941 0.000515025 0 0 0 0 0 0 0 0 0 0 0 0 0 0 0 
1 0.601637 0.217242 0.0283201 0.0004476 0 0 0 0 0 0 0 0 0 0 0 0 0 0 0 
1 0.599363 0.216611 0.0287116 0.0005188 0 0 0 0 0 0 0 0 0 0 0 0 0 0 0 
1 0.601306 0.217436 0.0284867 0.0005029 0 0 0 0 0 0 0 0 0 0 0 0 0 0 0 
1 0.601951 0.217809 0.0286528 0.00052515 1.725e-06 0 0 0 0 0 0 0 0 0 0 0 0 0 0 
1 0.600576 0.216328 0.0279078 0.00051895 0 0 0 0 0 0 0 0 0 0 0 0 0 0 0 
1 0.600142 0.215519 0.0278788 0.000457725 0 0 0 0 0 0 0 0 0 0 0 0 0 0 0 
1 0.601472 0.217465 0.0283581 0.000465975 2.5e-07 0 0 0 0 0 0 0 0 0 0 0 0 0 0 
1 0.598164 0.213083 0.0274124 0.000526425 0 0 0 0 0 0 0 0 0 0 0 0 0 0 0 
1 0.599521 0.215648 0.0282259 0.000533975 0 0 0 0 0 0 0 0 0 0 0 0 0 0 0 
1 0.601002 0.217656 0.0288585 0.000595625 0 0 0 0 0 0 0 0 0 0 0 0 0 0 0 
1 0.600307 0.216991 0.028497 0.000547425 1.9e-06 0 0 0 0 0 0 0 0 0 0 0 0 0 0 
1 0.59906 0.215436 0.0280927 0.00053875 0 0 0 0 0 0 0 0 0 0 0 0 0 0 0 
1 0.600234 0.216812 0.0281109 0.000448025 0 0 0 0 0 0 0 0 0 0 0 0 0 0 0 
1 0.599457 0.21545 0.0280074 0.00051425 0 0 0 0 0 0 0 0 0 0 0 0 0 0 0 
1 0.601993 0.218151 0.0285992 0.000535725 0 0 0 0 0 0 0 0 0 0 0 0 0 0 0 
1 0.601125 0.217078 0.0282023 0.000462475 0 0 0 0 0 0 0 0 0 0 0 0 0 0 0 
1 0.600338 0.217515 0.0284272 0.000502025 0 0 0 0 0 0 0 0 0 0 0 0 0 0 0 
1 0.600454 0.216525 0.028168 0.000481725 7.5e-08 0 0 0 0 0 0 0 0 0 0 0 0 0 0 
1 0.600387 0.216939 0.0284614 0.000509775 0 0 0 0 0 0 0 0 0 0 0 0 0 0 0 
1 0.599103 0.215152 0.0276389 0.000445475 0 0 0 0 0 0 0 0 0 0 0 0 0 0 0 
1 0.599839 0.216694 0.0282433 0.0005158 0 0 0 0 0 0 0 0 0 0 0 0 0 0 0 
1 0.599435 0.216164 0.0283645 0.000480775 1.925e-06 0 0 0 0 0 0 0 0 0 0 0 0 0 0 
1 0.600305 0.216895 0.0284553 0.00045715 0 0 0 0 0 0 0 0 0 0 0 0 0 0 0 
1 0.600779 0.216593 0.0285296 0.000503975 0 0 0 0 0 0 0 0 0 0 0 0 0 0 0 
1 0.602552 0.218558 0.0291273 0.0005158 0 0 0 0 0 0 0 0 0 0 0 0 0 0 0 
1 0.599377 0.216795 0.0278963 0.00048135 0 0 0 0 0 0 0 0 0 0 0 0 0 0 0 
1 0.599376 0.215612 0.0278258 0.000454425 0 0 0 0 0 0 0 0 0 0 0 0 0 0 0 
1 0.598134 0.214019 0.0276566 0.0004806 0 0 0 0 0 0 0 0 0 0 0 0 0 0 0 
1 0.599663 0.215659 0.0281901 0.00046245 0 0 0 0 0 0 0 0 0 0 0 0 0 0 0 
1 0.599867 0.216229 0.0281743 0.00049585 9e-07 0 0 0 0 0 0 0 0 0 0 0 0 0 0 
1 0.600832 0.217254 0.0284637 0.000566025 0 0 0 0 0 0 0 0 0 0 0 0 0 0 0 
1 0.599291 0.215557 0.027579 0.00045905 0 0 0 0 0 0 0 0 0 0 0 0 0 0 0 
1 0.601143 0.217097 0.0283772 0.0004873 0 0 0 0 0 0 0 0 0 0 0 0 0 0 0 
1 0.599879 0.216728 0.0282568 0.000487875 0 0 0 0 0 0 0 0 0 0 0 0 0 0 0 
1 0.600935 0.217462 0.0287111 0.0005556 0 0 0 0 0 0 0 0 0 0 0 0 0 0 0 
1 0.601446 0.217961 0.0286583 0.000551775 0 0 0 0 0 0 0 0 0 0 0 0 0 0 0 
1 0.600746 0.216496 0.0277156 0.000490825 0 0 0 0 0 0 0 0 0 0 0 0 0 0 0 
1 0.600722 0.217307 0.0284165 0.000503275 0 0 0 0 0 0 0 0 0 0 0 0 0 0 0 
1 0.598883 0.214494 0.0275981 0.00051295 0 0 0 0 0 0 0 0 0 0 0 0 0 0 0 
1 0.600111 0.216512 0.028638 0.000480425 0 0 0 0 0 0 0 0 0 0 0 0 0 0 0 
1 0.598928 0.21502 0.0276827 0.0005408 0 0 0 0 0 0 0 0 0 0 0 0 0 0 0 
1 0.6001 0.216362 0.0281447 0.00051875 1e-07 0 0 0 0 0 0 0 0 0 0 0 0 0 0 
1 0.599927 0.215815 0.0280848 0.000447725 0 0 0 0 0 0 0 0 0 0 0 0 0 0 0 
1 0.599843 0.216052 0.0283128 0.00044495 0 0 0 0 0 0 0 0 0 0 0 0 0 0 0 
1 0.598916 0.215022 0.0280589 0.0005143 0 0 0 0 0 0 0 0 0 0 0 0 0 0 0 
1 0.598812 0.214275 0.0275938 0.000453525 0 0 0 0 0 0 0 0 0 0 0 0 0 0 0 
1 0.599841 0.216159 0.0281798 0.000475625 5e-07 0 0 0 0 0 0 0 0 0 0 0 0 0 0 
1 0.599301 0.215354 0.0281284 0.000466175 1.05e-06 0 0 0 0 0 0 0 0 0 0 0 0 0 0 
1 0.598578 0.215157 0.0280858 0.000516025 1.5e-07 0 0 0 0 0 0 0 0 0 0 0 0 0 0 
1 0.599871 0.216214 0.0278529 0.000464925 0 0 0 0 0 0 0 0 0 0 0 0 0 0 0 
1 0.6001 0.216643 0.0282586 0.000492775 0 0 0 0 0 0 0 0 0 0 0 0 0 0 0 
1 0.599293 0.216276 0.0282334 0.0005072 0 0 0 0 0 0 0 0 0 0 0 0 0 0 0 
1 0.600445 0.21668 0.0285556 0.000493675 0 0 0 0 0 0 0 0 0 0 0 0 0 0 0 
1 0.600293 0.216171 0.0282876 0.000508675 7.5e-08 0 0 0 0 0 0 0 0 0 0 0 0 0 0 
1 0.600294 0.215804 0.0280118 0.000513125 5.75e-07 0 0 0 0 0 0 0 0 0 0 0 0 0 0 
1 0.599789 0.216148 0.0278478 0.000485075 2.25e-07 0 0 0 0 0 0 0 0 0 0 0 0 0 0 
1 0.600759 0.216877 0.0282243 0.000468 2e-07 0 0 0 0 0 0 0 0 0 0 0 0 0 0 
1 0.601156 0.218426 0.0289726 0.000522625 9.5e-07 0 0 0 0 0 0 0 0 0 0 0 0 0 0 
1 0.600105 0.216525 0.0286785 0.000517175 0 0 0 0 0 0 0 0 0 0 0 0 0 0 0 
1 0.599335 0.214911 0.0275864 0.00043875 0 0 0 0 0 0 0 0 0 0 0 0 0 0 0 
1 0.5995 0.216093 0.0284324 0.000515825 0 0 0 0 0 0 0 0 0 0 0 0 0 0 0 
1 0.599905 0.215082 0.0275996 0.00048375 0 0 0 0 0 0 0 0 0 0 0 0 0 0 0 
1 0.600178 0.216755 0.0283157 0.0005047 0 0 0 0 0 0 0 0 0 0 0 0 0 0 0 
1 0.600723 0.21726 0.0283658 0.000552 0 0 0 0 0 0 0 0 0 0 0 0 0 0 0 
1 0.600894 0.217809 0.0288608 0.000553325 0 0 0 0 0 0 0 0 0 0 0 0 0 0 0 
1 0.600547 0.217018 0.0284817 0.0005431 0 0 0 0 0 0 0 0 0 0 0 0 0 0 0 
1 0.600922 0.21722 0.0285816 0.00052495 0 0 0 0 0 0 0 0 0 0 0 0 0 0 0 
1 0.598524 0.214855 0.0280112 0.000471475 0 0 0 0 0 0 0 0 0 0 0 0 0 0 0 
1 0.599543 0.215458 0.0276492 0.000470175 0 0 0 0 0 0 0 0 0 0 0 0 0 0 0 
1 0.600754 0.216748 0.02829 0.0004486 0 0 0 0 0 0 0 0 0 0 0 0 0 0 0 
1 0.599671 0.215586 0.028011 0.000433975 6.25e-07 0 0 0 0 0 0 0 0 0 0 0 0 0 0 
1 0.60033 0.216417 0.0285409 0.0005213 0 0 0 0 0 0 0 0 0 0 0 0 0 0 0 
1 0.598143 0.214242 0.0274081 0.00045445 3.75e-07 0 0 0 0 0 0 0 0 0 0 0 0 0 0 
1 0.601183 0.217296 0.0280344 0.00044705 0 0 0 0 0 0 0 0 0 0 0 0 0 0 0 
1 0.59851 0.214068 0.0277663 0.00045785 0 0 0 0 0 0 0 0 0 0 0 0 0 0 0 
1 0.597305 0.212849 0.0272085 0.000491625 7.5e-07 0 0 0 0 0 0 0 0 0 0 0 0 0 0 
1 0.599876 0.215795 0.0279682 0.000531425 2.5e-07 0 0 0 0 0 0 0 0 0 0 0 0 0 0 
1 0.600243 0.216015 0.0280445 0.0004579 0 0 0 0 0 0 0 0 0 0 0 0 0 0 0 
1 0.599846 0.215418 0.0277296 0.00049415 0 0 0 0 0 0 0 0 0 0 0 0 0 0 0 
1 0.60158 0.217215 0.0284935 0.0004693 1.925e-06 0 0 0 0 0 0 0 0 0 0 0 0 0 0 
1 0.599669 0.215774 0.0279259 0.000449275 0 0 0 0 0 0 0 0 0 0 0 0 0 0 0 
1 0.599309 0.214423 0.0279565 0.00043645 0 0 0 0 0 0 0 0 0 0 0 0 0 0 0 
1 0.60062 0.21581 0.027913 0.000501225 0 0 0 0 0 0 0 0 0 0 0 0 0 0 0 
1 0.600193 0.216476 0.0283798 0.00046765 0 0 0 0 0 0 0 0 0 0 0 0 0 0 0 
1 0.600466 0.216464 0.0279429 0.00049285 0 0 0 0 0 0 0 0 0 0 0 0 0 0 0 
1 0.599975 0.216102 0.0281795 0.000482375 0 0 0 0 0 0 0 0 0 0 0 0 0 0 0 
1 0.599913 0.216092 0.0281885 0.000417025 0 0 0 0 0 0 0 0 0 0 0 0 0 0 0 
1 0.599693 0.215804 0.0277471 0.0004752 0 0 0 0 0 0 0 0 0 0 0 0 0 0 0 
1 0.599621 0.216447 0.0281741 0.000453375 0 0 0 0 0 0 0 0 0 0 0 0 0 0 0 
1 0.600657 0.217103 0.0282895 0.000484 0 0 0 0 0 0 0 0 0 0 0 0 0 0 0 
1 0.601291 0.217959 0.0287771 0.000538275 2.55e-06 0 0 0 0 0 0 0 0 0 0 0 0 0 0 
1 0.600502 0.216675 0.0280357 0.00048675 6.25e-07 0 0 0 0 0 0 0 0 0 0 0 0 0 0 
1 0.601429 0.217235 0.0286586 0.00054495 0 0 0 0 0 0 0 0 0 0 0 0 0 0 0 
1 0.600193 0.216837 0.0282232 0.00052125 3.2e-06 0 0 0 0 0 0 0 0 0 0 0 0 0 0 
1 0.598278 0.214593 0.0280631 0.000523125 0 0 0 0 0 0 0 0 0 0 0 0 0 0 0 
1 0.600037 0.21606 0.0279337 0.0004298 6.25e-07 0 0 0 0 0 0 0 0 0 0 0 0 0 0 
1 0.598733 0.21423 0.0273605 0.0004581 0 0 0 0 0 0 0 0 0 0 0 0 0 0 0 
1 0.59974 0.215315 0.0281631 0.00051505 0 0 0 0 0 0 0 0 0 0 0 0 0 0 0 
1 0.59855 0.2148 0.0279459 0.000485775 0 0 0 0 0 0 0 0 0 0 0 0 0 0 0 
1 0.599448 0.216009 0.0282595 0.00048275 0 0 0 0 0 0 0 0 0 0 0 0 0 0 0 
1 0.599533 0.215554 0.0278466 0.000484525 0 0 0 0 0 0 0 0 0 0 0 0 0 0 0 
1 0.59755 0.212693 0.0270404 0.00044445 1.125e-06 0 0 0 0 0 0 0 0 0 0 0 0 0 0 
1 0.600708 0.216434 0.0284244 0.0005309 0 0 0 0 0 0 0 0 0 0 0 0 0 0 0 
1 0.600422 0.216138 0.0282196 0.000494175 0 0 0 0 0 0 0 0 0 0 0 0 0 0 0 
1 0.59995 0.216792 0.0286137 0.0005106 0 0 0 0 0 0 0 0 0 0 0 0 0 0 0 
1 0.601225 0.21623 0.0280116 0.00047455 0 0 0 0 0 0 0 0 0 0 0 0 0 0 0 
1 0.599461 0.215332 0.0277085 0.00042305 0 0 0 0 0 0 0 0 0 0 0 0 0 0 0 
1 0.599904 0.216453 0.0281048 0.0004869 0 0 0 0 0 0 0 0 0 0 0 0 0 0 0 
1 0.599484 0.214571 0.0274818 0.000412125 0 0 0 0 0 0 0 0 0 0 0 0 0 0 0 
1 0.598958 0.214925 0.0276999 0.00049525 1.6e-06 0 0 0 0 0 0 0 0 0 0 0 0 0 0 
1 0.601211 0.217521 0.0285462 0.00046805 0 0 0 0 0 0 0 0 0 0 0 0 0 0 0 
1 0.599967 0.216226 0.0279754 0.0004737 0 0 0 0 0 0 0 0 0 0 0 0 0 0 0 
1 0.600964 0.217553 0.0283757 0.0005004 0 0 0 0 0 0 0 0 0 0 0 0 0 0 0 
1 0.599908 0.216165 0.0280671 0.000535975 0 0 0 0 0 0 0 0 0 0 0 0 0 0 0 
1 0.599368 0.215429 0.0278413 0.000456425 0 0 0 0 0 0 0 0 0 0 0 0 0 0 0 
1 0.599786 0.215536 0.0278753 0.000511425 0 0 0 0 0 0 0 0 0 0 0 0 0 0 0 
1 0.599482 0.215364 0.0277581 0.000469825 1.7e-06 0 0 0 0 0 0 0 0 0 0 0 0 0 0 
1 0.600487 0.217013 0.028271 0.00046275 0 0 0 0 0 0 0 0 0 0 0 0 0 0 0 
1 0.601025 0.216646 0.0281326 0.000472375 0 0 0 0 0 0 0 0 0 0 0 0 0 0 0 
1 0.60142 0.217819 0.0285947 0.0005322 0 0 0 0 0 0 0 0 0 0 0 0 0 0 0 
1 0.599785 0.215887 0.028096 0.000459425 0 0 0 0 0 0 0 0 0 0 0 0 0 0 0 
1 0.600356 0.216615 0.0283486 0.000520975 2.7e-06 0 0 0 0 0 0 0 0 0 0 0 0 0 0 
1 0.598775 0.215335 0.0281587 0.000482875 0 0 0 0 0 0 0 0 0 0 0 0 0 0 0 
1 0.600253 0.216484 0.0283714 0.000512075 0 0 0 0 0 0 0 0 0 0 0 0 0 0 0 
1 0.599262 0.214838 0.0281979 0.00046995 1.6e-06 0 0 0 0 0 0 0 0 0 0 0 0 0 0 
1 0.599291 0.214556 0.0278107 0.000489375 0 0 0 0 0 0 0 0 0 0 0 0 0 0 0 
1 0.600016 0.216224 0.0282852 0.0005394 0 0 0 0 0 0 0 0 0 0 0 0 0 0 0 
1 0.600689 0.216681 0.0283774 0.0004631 7.5e-08 0 0 0 0 0 0 0 0 0 0 0 0 0 0 
1 0.60199 0.218166 0.0284991 0.000491025 0 0 0 0 0 0 0 0 0 0 0 0 0 0 0 
1 0.600972 0.217189 0.0282847 0.000479725 7.75e-07 0 0 0 0 0 0 0 0 0 0 0 0 0 0 
1 0.601054 0.21703 0.0285068 0.00040725 2.75e-07 0 0 0 0 0 0 0 0 0 0 0 0 0 0 
1 0.602396 0.218454 0.0288981 0.000570025 1.95e-06 0 0 0 0 0 0 0 0 0 0 0 0 0 0 
1 0.598663 0.214415 0.0274965 0.000452275 0 0 0 0 0 0 0 0 0 0 0 0 0 0 0 
1 0.600541 0.216615 0.0281277 0.00047325 5.25e-07 0 0 0 0 0 0 0 0 0 0 0 0 0 0 
1 0.601111 0.217246 0.0283133 0.0004809 0 0 0 0 0 0 0 0 0 0 0 0 0 0 0 
1 0.598995 0.214972 0.0277945 0.000455225 0 0 0 0 0 0 0 0 0 0 0 0 0 0 0 
1 0.599449 0.215235 0.0279113 0.000509925 0 0 0 0 0 0 0 0 0 0 0 0 0 0 0 
1 0.600227 0.215936 0.0282327 0.0004768 0 0 0 0 0 0 0 0 0 0 0 0 0 0 0 
1 0.600894 0.216827 0.028439 0.00049555 5e-08 0 0 0 0 0 0 0 0 0 0 0 0 0 0 
1 0.599825 0.215519 0.0276361 0.000452175 0 0 0 0 0 0 0 0 0 0 0 0 0 0 0 
1 0.600255 0.216145 0.0280547 0.000522725 1.75e-07 0 0 0 0 0 0 0 0 0 0 0 0 0 0 
1 0.601552 0.217079 0.0281304 0.000440925 0 0 0 0 0 0 0 0 0 0 0 0 0 0 0 
1 0.601212 0.218101 0.0283247 0.000488225 0 0 0 0 0 0 0 0 0 0 0 0 0 0 0 
1 0.598504 0.214727 0.0278808 0.00045795 0 0 0 0 0 0 0 0 0 0 0 0 0 0 0 
1 0.598628 0.215117 0.0279421 0.0004751 7.5e-08 0 0 0 0 0 0 0 0 0 0 0 0 0 0 
1 0.600207 0.216184 0.0282112 0.0004828 0 0 0 0 0 0 0 0 0 0 0 0 0 0 0 
1 0.600063 0.215876 0.0280573 0.00047905 0 0 0 0 0 0 0 0 0 0 0 0 0 0 0 
1 0.601114 0.217672 0.0286641 0.000528725 0 0 0 0 0 0 0 0 0 0 0 0 0 0 0 
1 0.599641 0.216094 0.0282845 0.000508125 0 0 0 0 0 0 0 0 0 0 0 0 0 0 0 
1 0.602932 0.21844 0.0287212 0.000498925 4.25e-06 0 0 0 0 0 0 0 0 0 0 0 0 0 0 
1 0.600748 0.217175 0.0283337 0.000495875 0 0 0 0 0 0 0 0 0 0 0 0 0 0 0 
1 0.599148 0.215495 0.0279295 0.000473025 0 0 0 0 0 0 0 0 0 0 0 0 0 0 0 
1 0.600836 0.217643 0.0286073 0.000442575 0 0 0 0 0 0 0 0 0 0 0 0 0 0 0 
1 0.599117 0.215427 0.028016 0.000487275 4e-07 0 0 0 0 0 0 0 0 0 0 0 0 0 0 
1 0.599725 0.216766 0.0286251 0.00047955 0 0 0 0 0 0 0 0 0 0 0 0 0 0 0 
1 0.599566 0.216444 0.0280463 0.000532225 1.9e-06 0 0 0 0 0 0 0 0 0 0 0 0 0 0 
1 0.600337 0.216721 0.0284766 0.000537325 5.75e-07 0 0 0 0 0 0 0 0 0 0 0 0 0 0 
1 0.599939 0.215996 0.0280768 0.000466625 3.2e-06 0 0 0 0 0 0 0 0 0 0 0 0 0 0 
1 0.600064 0.216091 0.0280816 0.00045965 0 0 0 0 0 0 0 0 0 0 0 0 0 0 0 
1 0.599437 0.216108 0.0287281 0.000535775 1.9e-06 0 0 0 0 0 0 0 0 0 0 0 0 0 0 
1 0.59967 0.215427 0.0279293 0.0004913 0 0 0 0 0 0 0 0 0 0 0 0 0 0 0 
1 0.599556 0.215425 0.0278441 0.0004374 0 0 0 0 0 0 0 0 0 0 0 0 0 0 0 
1 0.599689 0.216871 0.0285233 0.000512725 0 0 0 0 0 0 0 0 0 0 0 0 0 0 0 
1 0.599933 0.216315 0.028355 0.00048955 6e-07 0 0 0 0 0 0 0 0 0 0 0 0 0 0 
1 0.601197 0.216388 0.0277751 0.00049865 0 0 0 0 0 0 0 0 0 0 0 0 0 0 0 
1 0.599196 0.215078 0.0276626 0.000508675 0 0 0 0 0 0 0 0 0 0 0 0 0 0 0 
1 0.600234 0.215782 0.0277197 0.0004669 0 0 0 0 0 0 0 0 0 0 0 0 0 0 0 
1 0.599746 0.216141 0.0281209 0.00052205 0 0 0 0 0 0 0 0 0 0 0 0 0 0 0 
1 0.599325 0.215084 0.0275299 0.0004503 0 0 0 0 0 0 0 0 0 0 0 0 0 0 0 
1 0.600498 0.216494 0.0279213 0.000470875 0 0 0 0 0 0 0 0 0 0 0 0 0 0 0 
1 0.600604 0.21703 0.0283978 0.000473775 0 0 0 0 0 0 0 0 0 0 0 0 0 0 0 
1 0.600401 0.216606 0.0283982 0.000495775 0 0 0 0 0 0 0 0 0 0 0 0 0 0 0 
1 0.599119 0.214805 0.0276211 0.0005144 0 0 0 0 0 0 0 0 0 0 0 0 0 0 0 
1 0.600961 0.216639 0.0282852 0.000478925 2.25e-07 0 0 0 0 0 0 0 0 0 0 0 0 0 0 
1 0.599754 0.215725 0.0277158 0.00049305 0 0 0 0 0 0 0 0 0 0 0 0 0 0 0 
1 0.600269 0.216428 0.0283014 0.00050905 0 0 0 0 0 0 0 0 0 0 0 0 0 0 0 
1 0.600611 0.216248 0.0280133 0.000570775 0 0 0 0 0 0 0 0 0 0 0 0 0 0 0 
1 0.601098 0.216581 0.0279527 0.0005102 0 0 0 0 0 0 0 0 0 0 0 0 0 0 0 
1 0.599656 0.215931 0.0277414 0.000494675 1.85e-06 0 0 0 0 0 0 0 0 0 0 0 0 0 0 
1 0.602133 0.217291 0.0283177 0.000435725 0 0 0 0 0 0 0 0 0 0 0 0 0 0 0 
1 0.599658 0.215652 0.0279695 0.000508575 0 0 0 0 0 0 0 0 0 0 0 0 0 0 0 
1 0.601974 0.217821 0.0283421 0.000485775 0 0 0 0 0 0 0 0 0 0 0 0 0 0 0 
1 0.600629 0.217125 0.0285622 0.000508225 0 0 0 0 0 0 0 0 0 0 0 0 0 0 0 
1 0.601673 0.21817 0.0288204 0.00048595 0 0 0 0 0 0 0 0 0 0 0 0 0 0 0 
1 0.599694 0.214935 0.0278338 0.00049605 0 0 0 0 0 0 0 0 0 0 0 0 0 0 0 
1 0.600487 0.217276 0.0287222 0.000546875 0 0 0 0 0 0 0 0 0 0 0 0 0 0 0 
1 0.600674 0.216415 0.0283362 0.00048295 1e-07 0 0 0 0 0 0 0 0 0 0 0 0 0 0 
1 0.59965 0.215195 0.0279049 0.0005167 0 0 0 0 0 0 0 0 0 0 0 0 0 0 0 
1 0.600123 0.216347 0.0279939 0.0004953 7.5e-08 0 0 0 0 0 0 0 0 0 0 0 0 0 0 
1 0.600204 0.216884 0.0286518 0.000472575 0 0 0 0 0 0 0 0 0 0 0 0 0 0 0 
1 0.600476 0.216479 0.0281458 0.00048905 0 0 0 0 0 0 0 0 0 0 0 0 0 0 0 
1 0.598786 0.214458 0.0276887 0.000496975 1.5e-06 0 0 0 0 0 0 0 0 0 0 0 0 0 0 
1 0.599703 0.216311 0.0283735 0.00057175 2.625e-06 0 0 0 0 0 0 0 0 0 0 0 0 0 0 
1 0.598487 0.213783 0.0276634 0.0003987 0 0 0 0 0 0 0 0 0 0 0 0 0 0 0 
1 0.600277 0.216658 0.028632 0.000484275 7.5e-08 0 0 0 0 0 0 0 0 0 0 0 0 0 0 
1 0.599524 0.214832 0.0279179 0.00054065 7.5e-07 0 0 0 0 0 0 0 0 0 0 0 0 0 0 
1 0.600997 0.216419 0.0279997 0.0004577 0 0 0 0 0 0 0 0 0 0 0 0 0 0 0 
1 0.59877 0.213864 0.0272132 0.00043355 0 0 0 0 0 0 0 0 0 0 0 0 0 0 0 
1 0.600729 0.216126 0.0279209 0.00049735 0 0 0 0 0 0 0 0 0 0 0 0 0 0 0 
1 0.600394 0.216452 0.0277829 0.0005148 0 0 0 0 0 0 0 0 0 0 0 0 0 0 0 
1 0.600705 0.216369 0.0279687 0.000464725 0 0 0 0 0 0 0 0 0 0 0 0 0 0 0 
1 0.599228 0.215232 0.0279837 0.0004824 0 0 0 0 0 0 0 0 0 0 0 0 0 0 0 
1 0.60047 0.216472 0.0281049 0.0004452 0 0 0 0 0 0 0 0 0 0 0 0 0 0 0 
1 0.59972 0.215231 0.0277525 0.000443675 1.075e-06 0 0 0 0 0 0 0 0 0 0 0 0 0 0 
1 0.598512 0.214512 0.0277061 0.000453325 0 0 0 0 0 0 0 0 0 0 0 0 0 0 0 
1 0.601124 0.216835 0.0280817 0.000554425 0 0 0 0 0 0 0 0 0 0 0 0 0 0 0 
1 0.599578 0.215517 0.0280514 0.0004955 0 0 0 0 0 0 0 0 0 0 0 0 0 0 0 
1 0.600586 0.217691 0.0286357 0.000516975 0 0 0 0 0 0 0 0 0 0 0 0 0 0 0 
1 0.599752 0.21491 0.0278927 0.0004472 0 0 0 0 0 0 0 0 0 0 0 0 0 0 0 
1 0.599834 0.216206 0.0281754 0.00049985 1.35e-06 0 0 0 0 0 0 0 0 0 0 0 0 0 0 
1 0.599871 0.215467 0.027757 0.000449925 0 0 0 0 0 0 0 0 0 0 0 0 0 0 0 
1 0.603176 0.220093 0.0292377 0.00050585 8.75e-07 0 0 0 0 0 0 0 0 0 0 0 0 0 0 
1 0.600151 0.21633 0.028215 0.000485175 3.5e-07 0 0 0 0 0 0 0 0 0 0 0 0 0 0 
1 0.600838 0.216669 0.0282395 0.000501075 0 0 0 0 0 0 0 0 0 0 0 0 0 0 0 
1 0.599844 0.214182 0.0272394 0.0004831 6.5e-07 0 0 0 0 0 0 0 0 0 0 0 0 0 0 
1 0.599472 0.216399 0.0281984 0.000500675 0 0 0 0 0 0 0 0 0 0 0 0 0 0 0 
1 0.599385 0.215007 0.0275435 0.000516075 9.25e-07 0 0 0 0 0 0 0 0 0 0 0 0 0 0 
1 0.598749 0.215085 0.0281554 0.000479225 0 0 0 0 0 0 0 0 0 0 0 0 0 0 0 
1 0.599971 0.21641 0.028275 0.000463625 9.75e-07 0 0 0 0 0 0 0 0 0 0 0 0 0 0 
1 0.600474 0.216994 0.0283565 0.000459525 1e-07 0 0 0 0 0 0 0 0 0 0 0 0 0 0 
1 0.600721 0.216416 0.0279928 0.00045235 0 0 0 0 0 0 0 0 0 0 0 0 0 0 0 
1 0.600205 0.215136 0.0279238 0.000487 0 0 0 0 0 0 0 0 0 0 0 0 0 0 0 
1 0.600932 0.217299 0.0284498 0.000439775 0 0 0 0 0 0 0 0 0 0 0 0 0 0 0 
1 0.599028 0.215022 0.0275111 0.000461675 0 0 0 0 0 0 0 0 0 0 0 0 0 0 0 
1 0.599868 0.215879 0.0281658 0.000478375 0 0 0 0 0 0 0 0 0 0 0 0 0 0 0 
1 0.601683 0.217247 0.0283436 0.000450725 0 0 0 0 0 0 0 0 0 0 0 0 0 0 0 
1 0.601482 0.217458 0.028375 0.00042455 0 0 0 0 0 0 0 0 0 0 0 0 0 0 0 
1 0.600558 0.215823 0.0276707 0.000473225 2.375e-06 0 0 0 0 0 0 0 0 0 0 0 0 0 0 
1 0.600021 0.215938 0.0284289 0.000492975 0 0 0 0 0 0 0 0 0 0 0 0 0 0 0 
1 0.599748 0.21526 0.0279015 0.000523775 8.25e-07 0 0 0 0 0 0 0 0 0 0 0 0 0 0 
1 0.599349 0.215455 0.0281592 0.0004408 0 0 0 0 0 0 0 0 0 0 0 0 0 0 0 
1 0.59842 0.213832 0.0271326 0.000488325 1.05e-06 0 0 0 0 0 0 0 0 0 0 0 0 0 0 
1 0.599964 0.216263 0.0281216 0.000558025 0 0 0 0 0 0 0 0 0 0 0 0 0 0 0 
1 0.600983 0.217155 0.0284236 0.00046995 0 0 0 0 0 0 0 0 0 0 0 0 0 0 0 
1 0.599107 0.214894 0.027741 0.000487425 0 0 0 0 0 0 0 0 0 0 0 0 0 0 0 
1 0.599902 0.216138 0.0280111 0.000495825 0 0 0 0 0 0 0 0 0 0 0 0 0 0 0 
1 0.601482 0.217041 0.0285131 0.000478125 0 0 0 0 0 0 0 0 0 0 0 0 0 0 0 
1 0.599669 0.214865 0.0275155 0.00042635 0 0 0 0 0 0 0 0 0 0 0 0 0 0 0 
1 0.598974 0.214493 0.0278541 0.000516375 0 0 0 0 0 0 0 0 0 0 0 0 0 0 0 
1 0.599078 0.214864 0.0275971 0.0004712 0 0 0 0 0 0 0 0 0 0 0 0 0 0 0 
1 0.599299 0.215813 0.0280519 0.000473275 0 0 0 0 0 0 0 0 0 0 0 0 0 0 0 
1 0.600512 0.217101 0.0284076 0.00055025 0 0 0 0 0 0 0 0 0 0 0 0 0 0 0 
1 0.599251 0.215308 0.0278362 0.000469 0 0 0 0 0 0 0 0 0 0 0 0 0 0 0 
1 0.597801 0.213758 0.0274329 0.00052635 0 0 0 0 0 0 0 0 0 0 0 0 0 0 0 
