1 0.800212 0.521388 0.240362 0.06749 0.0106725 0.00097 5e-05 0 0 0 0 0 0 0 0 0 0 0 0 
1 0.797717 0.516843 0.23618 0.06571 0.0103275 0.001035 6.25e-05 0 0 0 0 0 0 0 0 0 0 0 0 
1 0.804407 0.531278 0.248857 0.07085 0.01152 0.0011525 7.75e-05 0 0 0 0 0 0 0 0 0 0 0 0 
1 0.80024 0.520653 0.238642 0.0668275 0.0104875 0.001025 5e-05 5e-06 2.5e-06 0 0 0 0 0 0 0 0 0 0 
1 0.8008 0.520353 0.240747 0.0677775 0.0108475 0.0010575 7.25e-05 1.5e-05 5e-06 2.5e-06 0 0 0 0 0 0 0 0 0 
1 0.798342 0.51859 0.23729 0.065195 0.0103075 0.000915 6e-05 0 0 0 0 0 0 0 0 0 0 0 0 
1 0.798372 0.51948 0.237992 0.0656625 0.0103075 0.00089 2.25e-05 0 0 0 0 0 0 0 0 0 0 0 0 
1 0.79872 0.51969 0.238232 0.066175 0.0106225 0.0009975 5.25e-05 0 0 0 0 0 0 0 0 0 0 0 0 
1 0.800347 0.521888 0.242285 0.068715 0.0110625 0.00102 5.75e-05 2.5e-06 0 0 0 0 0 0 0 0 0 0 0 
1 0.801405 0.523398 0.242247 0.067925 0.0108475 0.0010875 8.75e-05 5e-06 0 0 0 0 0 0 0 0 0 0 0 
1 0.801847 0.524683 0.243957 0.068605 0.0108375 0.00103 6.75e-05 2.5e-06 0 0 0 0 0 0 0 0 0 0 0 
1 0.801337 0.523698 0.24243 0.0688375 0.0108025 0.00106 9.25e-05 2.5e-06 0 0 0 0 0 0 0 0 0 0 0 
1 0.80069 0.523583 0.24179 0.0678925 0.01081 0.0011175 5e-05 2.5e-06 0 0 0 0 0 0 0 0 0 0 0 
1 0.800095 0.521255 0.239082 0.0668025 0.01016 0.0008025 4.5e-05 0 0 0 0 0 0 0 0 0 0 0 0 
1 0.801242 0.525595 0.242875 0.068345 0.01098 0.0010575 9.75e-05 2.5e-06 0 0 0 0 0 0 0 0 0 0 0 
1 0.799815 0.519828 0.238552 0.0668225 0.010455 0.00103 6.5e-05 5e-06 0 0 0 0 0 0 0 0 0 0 0 
1 0.80195 0.5252 0.243332 0.0687 0.0111475 0.00117 5.25e-05 2.5e-06 0 0 0 0 0 0 0 0 0 0 0 
1 0.799055 0.51933 0.237367 0.065595 0.00993 0.0008225 5.75e-05 1e-05 0 0 0 0 0 0 0 0 0 0 0 
1 0.801905 0.525445 0.244247 0.06985 0.0110725 0.0011625 7.75e-05 5e-06 0 0 0 0 0 0 0 0 0 0 0 
1 0.800357 0.521513 0.24192 0.068605 0.0107225 0.0009825 7.5e-05 0 0 0 0 0 0 0 0 0 0 0 0 
1 0.800437 0.521463 0.240845 0.0688575 0.011325 0.0011525 8.5e-05 0 0 0 0 0 0 0 0 0 0 0 0 
1 0.801202 0.52295 0.241252 0.0666725 0.010025 0.000715 2.75e-05 0 0 0 0 0 0 0 0 0 0 0 0 
1 0.797807 0.518143 0.236102 0.065185 0.009585 0.0008375 1.5e-05 0 0 0 0 0 0 0 0 0 0 0 0 
1 0.800017 0.52205 0.23949 0.0668075 0.0103225 0.0010825 7e-05 7.5e-06 0 0 0 0 0 0 0 0 0 0 0 
1 0.79859 0.52007 0.239277 0.06605 0.00999 0.0007825 4e-05 2.5e-06 0 0 0 0 0 0 0 0 0 0 0 
1 0.801667 0.52417 0.240975 0.06761 0.0110725 0.00098 5.25e-05 5e-06 0 0 0 0 0 0 0 0 0 0 0 
1 0.799897 0.522063 0.240297 0.06658 0.010105 0.000935 9e-05 2.5e-06 0 0 0 0 0 0 0 0 0 0 0 
1 0.800992 0.5223 0.24076 0.067035 0.01022 0.000815 3.5e-05 0 0 0 0 0 0 0 0 0 0 0 0 
1 0.800472 0.524495 0.243657 0.0686825 0.01107 0.0010175 6e-05 0 0 0 0 0 0 0 0 0 0 0 0 
1 0.801987 0.525988 0.242915 0.0675475 0.010425 0.00087 2.5e-05 0 0 0 0 0 0 0 0 0 0 0 0 
1 0.80163 0.5232 0.241702 0.0689075 0.01135 0.0012975 0.0001725 3e-05 0 0 0 0 0 0 0 0 0 0 0 
1 0.799435 0.51966 0.236995 0.06507 0.0100725 0.00091 4.5e-05 2.5e-06 0 0 0 0 0 0 0 0 0 0 0 
1 0.80035 0.522093 0.240835 0.06709 0.01053 0.0010125 8.25e-05 5e-06 0 0 0 0 0 0 0 0 0 0 0 
1 0.79939 0.519728 0.239312 0.066865 0.010765 0.001035 8.75e-05 2.5e-06 0 0 0 0 0 0 0 0 0 0 0 
1 0.800242 0.522473 0.242222 0.0686425 0.011545 0.0012475 0.0001025 7.5e-06 0 0 0 0 0 0 0 0 0 0 0 
1 0.797195 0.518208 0.236375 0.06466 0.0102025 0.00087 5e-05 2.5e-06 0 0 0 0 0 0 0 0 0 0 0 
1 0.80083 0.522705 0.241412 0.06805 0.01057 0.00104 5e-05 5e-06 0 0 0 0 0 0 0 0 0 0 0 
1 0.802507 0.526075 0.245287 0.069895 0.011185 0.0011025 7.25e-05 5e-06 0 0 0 0 0 0 0 0 0 0 0 
1 0.797095 0.516338 0.235625 0.06534 0.01056 0.001015 7.5e-05 2.5e-06 0 0 0 0 0 0 0 0 0 0 0 
1 0.798482 0.517545 0.23779 0.06623 0.010635 0.0010375 8.25e-05 7.5e-06 2.5e-06 2.5e-06 0 0 0 0 0 0 0 0 0 
1 0.802112 0.524538 0.244187 0.06954 0.01091 0.001025 7.5e-05 2.5e-06 0 0 0 0 0 0 0 0 0 0 0 
1 0.799287 0.519475 0.239437 0.0673475 0.0105625 0.0010525 6.25e-05 2.5e-06 0 0 0 0 0 0 0 0 0 0 0 
1 0.800602 0.523823 0.2429 0.068935 0.0113675 0.0010775 4.25e-05 0 0 0 0 0 0 0 0 0 0 0 0 
1 0.799655 0.520683 0.24008 0.066955 0.0103125 0.0009575 3.75e-05 0 0 0 0 0 0 0 0 0 0 0 0 
1 0.798337 0.518038 0.235752 0.06445 0.0096725 0.0008475 9.25e-05 2e-05 2.5e-06 0 0 0 0 0 0 0 0 0 0 
1 0.799235 0.52015 0.23812 0.0658425 0.010555 0.001 3.75e-05 2.5e-06 0 0 0 0 0 0 0 0 0 0 0 
1 0.801927 0.526248 0.24425 0.0693575 0.0112875 0.00126 9.75e-05 1e-05 0 0 0 0 0 0 0 0 0 0 0 
1 0.802662 0.525767 0.244437 0.069175 0.011335 0.00102 6.5e-05 2.5e-06 0 0 0 0 0 0 0 0 0 0 0 
1 0.799395 0.520785 0.239965 0.06682 0.0103775 0.0008775 6.75e-05 5e-06 0 0 0 0 0 0 0 0 0 0 0 
1 0.801152 0.523678 0.242 0.06835 0.0114425 0.0011725 7.25e-05 0 0 0 0 0 0 0 0 0 0 0 0 
1 0.79925 0.517778 0.235835 0.064435 0.0099275 0.000865 3.5e-05 0 0 0 0 0 0 0 0 0 0 0 0 
1 0.800585 0.521923 0.24131 0.0680625 0.0111525 0.00116 7.75e-05 0 0 0 0 0 0 0 0 0 0 0 0 
1 0.797437 0.518735 0.238305 0.066525 0.0103625 0.0009475 6.75e-05 7.5e-06 0 0 0 0 0 0 0 0 0 0 0 
1 0.7973 0.51711 0.236905 0.06586 0.0102025 0.000875 5.5e-05 2.5e-06 0 0 0 0 0 0 0 0 0 0 0 
1 0.79976 0.521733 0.240287 0.0664925 0.010115 0.00097 5.25e-05 7.5e-06 0 0 0 0 0 0 0 0 0 0 0 
1 0.798637 0.519303 0.239275 0.0671475 0.0106925 0.0011075 7.75e-05 0 0 0 0 0 0 0 0 0 0 0 0 
1 0.801562 0.523468 0.242537 0.067825 0.010375 0.00098 4.5e-05 2.5e-06 0 0 0 0 0 0 0 0 0 0 0 
1 0.799357 0.521683 0.240675 0.06745 0.0105825 0.0010625 0.00011 7.5e-06 0 0 0 0 0 0 0 0 0 0 0 
1 0.799595 0.521018 0.240712 0.0679075 0.0110475 0.0010075 5.25e-05 0 0 0 0 0 0 0 0 0 0 0 0 
1 0.798777 0.519775 0.238785 0.0661375 0.010055 0.0008125 5e-05 2.5e-06 0 0 0 0 0 0 0 0 0 0 0 
1 0.799257 0.519643 0.23796 0.0648175 0.0094225 0.0007975 4.75e-05 2.5e-06 0 0 0 0 0 0 0 0 0 0 0 
1 0.800575 0.52098 0.24031 0.0670525 0.0109825 0.00108 7.75e-05 0 0 0 0 0 0 0 0 0 0 0 0 
1 0.801117 0.52367 0.242445 0.0681075 0.01029 0.0008475 4.25e-05 0 0 0 0 0 0 0 0 0 0 0 0 
1 0.800137 0.522485 0.241045 0.067825 0.010165 0.000975 6.5e-05 0 0 0 0 0 0 0 0 0 0 0 0 
1 0.801057 0.522845 0.241465 0.0676225 0.010555 0.0010325 5.75e-05 0 0 0 0 0 0 0 0 0 0 0 0 
1 0.798122 0.517668 0.23713 0.065085 0.009745 0.0008725 3.5e-05 2.5e-06 0 0 0 0 0 0 0 0 0 0 0 
1 0.798107 0.51775 0.235612 0.063655 0.0096475 0.00079 4.75e-05 0 0 0 0 0 0 0 0 0 0 0 0 
1 0.799845 0.520463 0.239572 0.06675 0.010585 0.0009625 7.5e-05 1e-05 0 0 0 0 0 0 0 0 0 0 0 
1 0.801485 0.525503 0.24507 0.0703175 0.0117175 0.0012475 8.5e-05 5e-06 0 0 0 0 0 0 0 0 0 0 0 
1 0.798837 0.520058 0.239207 0.067775 0.0109275 0.0011175 9.5e-05 5e-06 0 0 0 0 0 0 0 0 0 0 0 
1 0.79898 0.520703 0.239292 0.06445 0.00957 0.00091 6.5e-05 0 0 0 0 0 0 0 0 0 0 0 0 
1 0.7987 0.517868 0.23591 0.0644075 0.00971 0.000905 7.25e-05 2.5e-06 0 0 0 0 0 0 0 0 0 0 0 
1 0.802972 0.526918 0.246522 0.0712425 0.0117025 0.00117 5.75e-05 5e-06 0 0 0 0 0 0 0 0 0 0 0 
1 0.799742 0.521778 0.242132 0.0682375 0.01124 0.0010325 6e-05 2.5e-06 0 0 0 0 0 0 0 0 0 0 0 
1 0.800282 0.521815 0.239422 0.0664375 0.0102225 0.0010225 6.75e-05 5e-06 0 0 0 0 0 0 0 0 0 0 0 
1 0.798897 0.520243 0.238662 0.06606 0.0099425 0.00099 0.00014 1.25e-05 0 0 0 0 0 0 0 0 0 0 0 
1 0.799802 0.52229 0.243165 0.067155 0.0105025 0.0008975 5.5e-05 2.5e-06 2.5e-06 0 0 0 0 0 0 0 0 0 0 
1 0.799395 0.520198 0.238955 0.0661525 0.01048 0.0010325 4.25e-05 5e-06 0 0 0 0 0 0 0 0 0 0 0 
1 0.798897 0.520145 0.24043 0.0668075 0.01081 0.00108 5e-05 0 0 0 0 0 0 0 0 0 0 0 0 
1 0.7993 0.519855 0.239467 0.06687 0.0106 0.0009025 6.5e-05 5e-06 0 0 0 0 0 0 0 0 0 0 0 
1 0.799827 0.520735 0.23978 0.0671025 0.010685 0.00109 7.25e-05 7.5e-06 0 0 0 0 0 0 0 0 0 0 0 
1 0.79835 0.519125 0.238162 0.0668375 0.0105375 0.001025 8e-05 7.5e-06 0 0 0 0 0 0 0 0 0 0 0 
1 0.799825 0.521143 0.238785 0.067815 0.0107975 0.0011875 7.75e-05 2.5e-06 0 0 0 0 0 0 0 0 0 0 0 
1 0.798755 0.517913 0.236322 0.0651025 0.010175 0.00099 6.25e-05 0 0 0 0 0 0 0 0 0 0 0 0 
1 0.796785 0.516297 0.234362 0.06371 0.00961 0.0008075 5.75e-05 7.5e-06 0 0 0 0 0 0 0 0 0 0 0 
1 0.799785 0.52315 0.24137 0.0694475 0.01156 0.0012125 8.25e-05 1e-05 0 0 0 0 0 0 0 0 0 0 0 
1 0.800152 0.522527 0.241835 0.067365 0.01065 0.00095 7e-05 0 0 0 0 0 0 0 0 0 0 0 0 
1 0.79883 0.517488 0.23574 0.0640675 0.0099725 0.0009675 5.5e-05 0 0 0 0 0 0 0 0 0 0 0 0 
1 0.79939 0.519843 0.23848 0.0664025 0.01055 0.001075 8.25e-05 5e-06 0 0 0 0 0 0 0 0 0 0 0 
1 0.799642 0.522005 0.2413 0.0688125 0.01145 0.001225 0.000105 1.75e-05 0 0 0 0 0 0 0 0 0 0 0 
1 0.802305 0.523725 0.242627 0.06891 0.0108925 0.0010925 7.75e-05 2.5e-06 0 0 0 0 0 0 0 0 0 0 0 
1 0.797985 0.520498 0.237785 0.0655425 0.0102175 0.001005 4e-05 2.5e-06 2.5e-06 0 0 0 0 0 0 0 0 0 0 
1 0.80054 0.523115 0.242785 0.068355 0.010855 0.0011775 9.75e-05 1.25e-05 0 0 0 0 0 0 0 0 0 0 0 
1 0.799892 0.521255 0.241392 0.0687325 0.0110775 0.00115 0.0001 1e-05 0 0 0 0 0 0 0 0 0 0 0 
1 0.801632 0.524013 0.241665 0.06899 0.0112875 0.00122 6.25e-05 0 0 0 0 0 0 0 0 0 0 0 0 
1 0.79975 0.519693 0.238177 0.0656025 0.0100925 0.0008975 5.5e-05 2.5e-06 0 0 0 0 0 0 0 0 0 0 0 
1 0.802152 0.527765 0.245025 0.0685625 0.01071 0.001015 7.25e-05 5e-06 0 0 0 0 0 0 0 0 0 0 0 
1 0.800822 0.52286 0.239462 0.066165 0.0102425 0.000955 3.75e-05 0 0 0 0 0 0 0 0 0 0 0 0 
1 0.801567 0.524518 0.242442 0.06808 0.0106575 0.00089 2.75e-05 0 0 0 0 0 0 0 0 0 0 0 0 
1 0.799562 0.5207 0.239337 0.0661175 0.010005 0.00085 5.75e-05 2.5e-06 0 0 0 0 0 0 0 0 0 0 0 
1 0.800535 0.522015 0.23961 0.067335 0.010455 0.00098 5.5e-05 0 0 0 0 0 0 0 0 0 0 0 0 
1 0.800942 0.521863 0.23945 0.0657975 0.00997 0.00084 4e-05 5e-06 0 0 0 0 0 0 0 0 0 0 0 
1 0.800625 0.524433 0.243255 0.0693925 0.011615 0.0011225 6.75e-05 0 0 0 0 0 0 0 0 0 0 0 0 
1 0.799882 0.520117 0.23819 0.0658925 0.0100075 0.000875 5.75e-05 2.5e-06 0 0 0 0 0 0 0 0 0 0 0 
1 0.799777 0.51997 0.238775 0.06669 0.0107375 0.001065 7.25e-05 2.5e-06 2.5e-06 0 0 0 0 0 0 0 0 0 0 
1 0.803107 0.526528 0.24632 0.0700225 0.0114475 0.001145 9.25e-05 0 0 0 0 0 0 0 0 0 0 0 0 
1 0.800927 0.523162 0.241572 0.0677675 0.0104225 0.0009575 6e-05 7.5e-06 0 0 0 0 0 0 0 0 0 0 0 
1 0.802287 0.526218 0.245362 0.0698175 0.01132 0.00109 0.0001 7.5e-06 0 0 0 0 0 0 0 0 0 0 0 
1 0.800742 0.522603 0.24268 0.0687775 0.0108 0.001005 6.25e-05 2.5e-06 0 0 0 0 0 0 0 0 0 0 0 
1 0.801477 0.522618 0.240732 0.06732 0.010405 0.001065 8e-05 1e-05 0 0 0 0 0 0 0 0 0 0 0 
1 0.797105 0.51577 0.23551 0.065145 0.01045 0.0009675 6e-05 7.5e-06 0 0 0 0 0 0 0 0 0 0 0 
1 0.80016 0.52169 0.240325 0.06724 0.0106775 0.000965 5e-05 0 0 0 0 0 0 0 0 0 0 0 0 
1 0.799525 0.521968 0.241882 0.0687825 0.011105 0.0011225 5e-05 2.5e-06 0 0 0 0 0 0 0 0 0 0 0 
1 0.799992 0.523362 0.241462 0.0677025 0.010835 0.00098 4.25e-05 2.5e-06 0 0 0 0 0 0 0 0 0 0 0 
1 0.8 0.524198 0.241502 0.067005 0.010895 0.0010975 7.75e-05 1e-05 2.5e-06 0 0 0 0 0 0 0 0 0 0 
1 0.79903 0.518635 0.23701 0.0659175 0.0099125 0.0008575 5.25e-05 7.5e-06 0 0 0 0 0 0 0 0 0 0 0 
1 0.799932 0.519565 0.2375 0.0660775 0.0104075 0.000965 5.75e-05 0 0 0 0 0 0 0 0 0 0 0 0 
1 0.801372 0.524758 0.244592 0.0700875 0.01193 0.001245 5.75e-05 0 0 0 0 0 0 0 0 0 0 0 0 
1 0.802077 0.525453 0.24479 0.0701625 0.0115275 0.00108 6.5e-05 0 0 0 0 0 0 0 0 0 0 0 0 
1 0.799675 0.522873 0.242375 0.0692475 0.011445 0.001205 0.0001075 7.5e-06 0 0 0 0 0 0 0 0 0 0 0 
1 0.800475 0.522413 0.240827 0.0682775 0.0113775 0.001225 0.0001 0 0 0 0 0 0 0 0 0 0 0 0 
1 0.799215 0.52077 0.239277 0.0665225 0.0103775 0.000895 6.5e-05 5e-06 0 0 0 0 0 0 0 0 0 0 0 
1 0.801832 0.524453 0.243895 0.0691125 0.0113375 0.00116 7.5e-05 2.5e-06 0 0 0 0 0 0 0 0 0 0 0 
1 0.798797 0.51989 0.23895 0.0667275 0.01047 0.00094 5.5e-05 2.5e-06 0 0 0 0 0 0 0 0 0 0 0 
1 0.799632 0.52193 0.240547 0.066865 0.0102625 0.001005 6.25e-05 7.5e-06 0 0 0 0 0 0 0 0 0 0 0 
1 0.798505 0.519425 0.238395 0.0658125 0.01051 0.0009625 6.25e-05 0 0 0 0 0 0 0 0 0 0 0 0 
1 0.798485 0.51815 0.23588 0.0651825 0.01002 0.0008875 6e-05 5e-06 0 0 0 0 0 0 0 0 0 0 0 
1 0.80044 0.521375 0.24129 0.068705 0.0113275 0.00104 5.25e-05 0 0 0 0 0 0 0 0 0 0 0 0 
1 0.800205 0.520615 0.241002 0.0675325 0.010765 0.00102 3.75e-05 5e-06 0 0 0 0 0 0 0 0 0 0 0 
1 0.797842 0.515627 0.234407 0.0642925 0.009715 0.0008075 3.75e-05 0 0 0 0 0 0 0 0 0 0 0 0 
1 0.80035 0.522185 0.23808 0.06668 0.010715 0.0010775 7.5e-05 5e-06 0 0 0 0 0 0 0 0 0 0 0 
1 0.801375 0.525668 0.243007 0.0677925 0.0105525 0.0008725 5.25e-05 0 0 0 0 0 0 0 0 0 0 0 0 
1 0.798942 0.51944 0.238175 0.0652275 0.010155 0.000905 4.5e-05 2.5e-06 0 0 0 0 0 0 0 0 0 0 0 
1 0.801427 0.524165 0.242922 0.0688 0.010825 0.001095 5.75e-05 2.5e-06 0 0 0 0 0 0 0 0 0 0 0 
1 0.799667 0.52301 0.240852 0.066765 0.0102025 0.0008975 4.75e-05 0 0 0 0 0 0 0 0 0 0 0 0 
1 0.80066 0.522195 0.241065 0.067095 0.01047 0.00108 8.75e-05 0 0 0 0 0 0 0 0 0 0 0 0 
1 0.799177 0.519028 0.236622 0.065355 0.010095 0.0009175 5.25e-05 5e-06 0 0 0 0 0 0 0 0 0 0 0 
1 0.80087 0.524908 0.242227 0.0674 0.010695 0.001005 6e-05 5e-06 0 0 0 0 0 0 0 0 0 0 0 
1 0.798122 0.516918 0.235285 0.0650325 0.0105325 0.0009575 4.75e-05 2.5e-06 0 0 0 0 0 0 0 0 0 0 0 
1 0.800372 0.52322 0.243845 0.0698725 0.01173 0.00118 0.0001025 2.5e-06 0 0 0 0 0 0 0 0 0 0 0 
1 0.799107 0.52121 0.23856 0.066025 0.0109075 0.0012025 9e-05 7.5e-06 0 0 0 0 0 0 0 0 0 0 0 
1 0.798145 0.518695 0.23798 0.066165 0.0108725 0.0009975 6e-05 2.5e-06 0 0 0 0 0 0 0 0 0 0 0 
1 0.80033 0.521923 0.239717 0.0662225 0.01078 0.0011 7.75e-05 2.5e-06 0 0 0 0 0 0 0 0 0 0 0 
1 0.797592 0.517225 0.23614 0.064445 0.0096375 0.0008425 3.75e-05 7.5e-06 0 0 0 0 0 0 0 0 0 0 0 
1 0.799557 0.521258 0.2411 0.0685275 0.0109325 0.001025 6.75e-05 5e-06 0 0 0 0 0 0 0 0 0 0 0 
1 0.80157 0.523285 0.242535 0.0678375 0.01081 0.000995 3.75e-05 2.5e-06 0 0 0 0 0 0 0 0 0 0 0 
1 0.79781 0.519025 0.23699 0.065675 0.010215 0.0009575 6.5e-05 2.5e-06 0 0 0 0 0 0 0 0 0 0 0 
1 0.80049 0.52234 0.23951 0.06703 0.0101575 0.0010225 6e-05 2.5e-06 0 0 0 0 0 0 0 0 0 0 0 
1 0.798252 0.518447 0.237535 0.0658075 0.010375 0.000935 4e-05 0 0 0 0 0 0 0 0 0 0 0 0 
1 0.800087 0.523993 0.241617 0.0676375 0.01107 0.00109 0.0001125 2.5e-06 0 0 0 0 0 0 0 0 0 0 0 
1 0.800005 0.52167 0.241837 0.06827 0.0104825 0.0009825 4.5e-05 0 0 0 0 0 0 0 0 0 0 0 0 
1 0.801127 0.523013 0.241517 0.067395 0.01072 0.00108 9.25e-05 5e-06 0 0 0 0 0 0 0 0 0 0 0 
1 0.799845 0.520738 0.239015 0.0665125 0.0099575 0.0008325 6e-05 5e-06 2.5e-06 0 0 0 0 0 0 0 0 0 0 
1 0.803985 0.527605 0.245237 0.0697875 0.0112225 0.00119 9.5e-05 2.5e-06 0 0 0 0 0 0 0 0 0 0 0 
1 0.80084 0.524313 0.243897 0.068765 0.0111275 0.001135 7.5e-05 7.5e-06 0 0 0 0 0 0 0 0 0 0 0 
1 0.801787 0.525105 0.244635 0.0697225 0.01119 0.0011375 6.75e-05 0 0 0 0 0 0 0 0 0 0 0 0 
1 0.798995 0.519518 0.239235 0.0661975 0.010115 0.00091 8.25e-05 0 0 0 0 0 0 0 0 0 0 0 0 
1 0.798147 0.519503 0.23691 0.0661275 0.0105075 0.00103 8.5e-05 2.5e-06 0 0 0 0 0 0 0 0 0 0 0 
1 0.801 0.525705 0.243627 0.0697075 0.0112125 0.001005 5.75e-05 0 0 0 0 0 0 0 0 0 0 0 0 
1 0.79965 0.522343 0.24106 0.0680275 0.010775 0.001075 0.0001025 5e-06 0 0 0 0 0 0 0 0 0 0 0 
1 0.798705 0.51982 0.23855 0.0661175 0.0103225 0.0009375 4.5e-05 2.5e-06 0 0 0 0 0 0 0 0 0 0 0 
1 0.80061 0.52306 0.242137 0.0685375 0.010765 0.0010075 7.25e-05 5e-06 0 0 0 0 0 0 0 0 0 0 0 
1 0.798777 0.520493 0.239987 0.0670225 0.0113275 0.0012775 0.0001375 2.5e-06 0 0 0 0 0 0 0 0 0 0 0 
1 0.79893 0.518552 0.23618 0.06517 0.0101375 0.001005 4e-05 0 0 0 0 0 0 0 0 0 0 0 0 
1 0.801042 0.52451 0.243102 0.0684525 0.01065 0.0009425 3.75e-05 2.5e-06 0 0 0 0 0 0 0 0 0 0 0 
1 0.801385 0.524913 0.243417 0.06931 0.01118 0.000965 7.5e-05 2.5e-06 0 0 0 0 0 0 0 0 0 0 0 
1 0.799287 0.52121 0.239707 0.066775 0.0105625 0.001065 6e-05 0 0 0 0 0 0 0 0 0 0 0 0 
1 0.801565 0.525625 0.245417 0.070805 0.012015 0.00117 6.25e-05 7.5e-06 0 0 0 0 0 0 0 0 0 0 0 
1 0.80098 0.52476 0.244777 0.0707775 0.0118625 0.001135 9e-05 7.5e-06 0 0 0 0 0 0 0 0 0 0 0 
1 0.801232 0.52391 0.242487 0.0676225 0.01089 0.0010675 8.25e-05 2.5e-06 0 0 0 0 0 0 0 0 0 0 0 
1 0.799967 0.522483 0.24076 0.0669675 0.0105225 0.0010125 6.25e-05 5e-06 0 0 0 0 0 0 0 0 0 0 0 
1 0.799332 0.519755 0.238282 0.0655225 0.010405 0.0010475 8e-05 7.5e-06 0 0 0 0 0 0 0 0 0 0 0 
1 0.801095 0.524598 0.242772 0.06856 0.0108575 0.001 7.5e-05 7.5e-06 0 0 0 0 0 0 0 0 0 0 0 
1 0.79988 0.519798 0.239095 0.06639 0.0106775 0.0009425 7.5e-05 2.5e-06 0 0 0 0 0 0 0 0 0 0 0 
1 0.800085 0.520218 0.23736 0.065205 0.0098175 0.00085 6e-05 2.5e-06 0 0 0 0 0 0 0 0 0 0 0 
1 0.80124 0.522233 0.24038 0.0669475 0.0106175 0.00096 7.25e-05 0 0 0 0 0 0 0 0 0 0 0 0 
1 0.800007 0.523355 0.242237 0.0670625 0.0109725 0.001035 7e-05 2.5e-06 0 0 0 0 0 0 0 0 0 0 0 
1 0.800897 0.524833 0.243065 0.0688825 0.0108225 0.001065 7.5e-05 0 0 0 0 0 0 0 0 0 0 0 0 
1 0.800765 0.522373 0.241197 0.0663175 0.0100925 0.000865 7e-05 5e-06 0 0 0 0 0 0 0 0 0 0 0 
1 0.800702 0.52369 0.242392 0.0669625 0.010675 0.000985 4.75e-05 5e-06 0 0 0 0 0 0 0 0 0 0 0 
1 0.801775 0.525872 0.24541 0.0691725 0.01109 0.0009775 8.25e-05 7.5e-06 0 0 0 0 0 0 0 0 0 0 0 
1 0.799782 0.521023 0.238832 0.0655325 0.0101075 0.000985 6.5e-05 2.5e-06 0 0 0 0 0 0 0 0 0 0 0 
1 0.798885 0.518775 0.236367 0.0653575 0.0105675 0.001075 7.75e-05 0 0 0 0 0 0 0 0 0 0 0 0 
1 0.799485 0.520063 0.23749 0.06575 0.0103225 0.00101 0.0001 1.25e-05 5e-06 0 0 0 0 0 0 0 0 0 0 
1 0.798442 0.517888 0.235947 0.0647175 0.01004 0.00093 8.25e-05 2.5e-06 0 0 0 0 0 0 0 0 0 0 0 
1 0.801585 0.525368 0.243392 0.0699375 0.0115 0.0012775 0.0001 5e-06 0 0 0 0 0 0 0 0 0 0 0 
1 0.798877 0.52059 0.24091 0.06755 0.010955 0.0010875 8.75e-05 1e-05 5e-06 0 0 0 0 0 0 0 0 0 0 
1 0.79864 0.519955 0.239312 0.06637 0.010315 0.0009075 6.25e-05 5e-06 0 0 0 0 0 0 0 0 0 0 0 
1 0.799672 0.521688 0.240587 0.067455 0.0106875 0.001 8.5e-05 2.5e-06 0 0 0 0 0 0 0 0 0 0 0 
1 0.799875 0.520113 0.23952 0.066545 0.0103575 0.0009475 6.25e-05 0 0 0 0 0 0 0 0 0 0 0 0 
1 0.799675 0.521275 0.23843 0.0656 0.010315 0.0009225 5.5e-05 2.5e-06 0 0 0 0 0 0 0 0 0 0 0 
1 0.802207 0.524268 0.244212 0.069495 0.0109475 0.0010975 9.25e-05 5e-06 0 0 0 0 0 0 0 0 0 0 0 
1 0.800212 0.520765 0.24072 0.0678275 0.01087 0.0010475 4.75e-05 2.5e-06 0 0 0 0 0 0 0 0 0 0 0 
1 0.799635 0.520583 0.241052 0.0685275 0.011525 0.0012075 9e-05 1e-05 0 0 0 0 0 0 0 0 0 0 0 
1 0.79986 0.521705 0.240382 0.0674475 0.011065 0.001055 7e-05 0 0 0 0 0 0 0 0 0 0 0 0 
1 0.798462 0.518708 0.237787 0.06536 0.010195 0.0008725 4.5e-05 2.5e-06 0 0 0 0 0 0 0 0 0 0 0 
1 0.799322 0.51812 0.236702 0.065035 0.0099925 0.00086 4e-05 0 0 0 0 0 0 0 0 0 0 0 0 
1 0.798792 0.518842 0.237632 0.0663625 0.01016 0.00096 6.5e-05 5e-06 0 0 0 0 0 0 0 0 0 0 0 
1 0.800665 0.524983 0.244535 0.0699575 0.01137 0.001145 9.25e-05 5e-06 0 0 0 0 0 0 0 0 0 0 0 
1 0.800715 0.522785 0.24217 0.06711 0.010165 0.0009325 5.5e-05 0 0 0 0 0 0 0 0 0 0 0 0 
1 0.801297 0.523743 0.24328 0.0682 0.0107475 0.001065 6.5e-05 2.5e-06 0 0 0 0 0 0 0 0 0 0 0 
1 0.800972 0.523795 0.242712 0.06907 0.011605 0.00108 6e-05 0 0 0 0 0 0 0 0 0 0 0 0 
1 0.79922 0.521963 0.239725 0.0660175 0.0101725 0.0009275 7.75e-05 7.5e-06 0 0 0 0 0 0 0 0 0 0 0 
1 0.799862 0.51856 0.237952 0.0665975 0.0100625 0.0009525 6e-05 0 0 0 0 0 0 0 0 0 0 0 0 
1 0.79796 0.519375 0.238502 0.06661 0.0101875 0.0008225 2.25e-05 0 0 0 0 0 0 0 0 0 0 0 0 
1 0.799517 0.5202 0.239822 0.06612 0.0104 0.0010225 8e-05 0 0 0 0 0 0 0 0 0 0 0 0 
1 0.8007 0.52224 0.23962 0.06598 0.01053 0.001085 9e-05 1.25e-05 0 0 0 0 0 0 0 0 0 0 0 
1 0.79929 0.519335 0.238562 0.0661775 0.0105325 0.001025 6.5e-05 2.5e-06 0 0 0 0 0 0 0 0 0 0 0 
1 0.796827 0.516438 0.235355 0.064935 0.010165 0.001 4e-05 0 0 0 0 0 0 0 0 0 0 0 0 
1 0.802267 0.52524 0.24728 0.0715075 0.011585 0.0012225 5.25e-05 0 0 0 0 0 0 0 0 0 0 0 0 
1 0.798565 0.518302 0.23579 0.0642975 0.0098425 0.0008425 4.75e-05 5e-06 0 0 0 0 0 0 0 0 0 0 0 
