1 0.94865 0.871817 0.782167 0.687617 0.5981 0.518467 0.445783 0.38225 0.327717 0.279817 0.238117 0.20375 0.173583 0.148783 0.126033 0.106583 0.09 0.0752667 0.0625167 
1 0.947467 0.873717 0.782283 0.6883 0.59845 0.517633 0.444067 0.37955 0.3248 0.277217 0.236767 0.200967 0.170317 0.144167 0.1219 0.103333 0.0869 0.0746667 0.0626 
1 0.949033 0.876317 0.789683 0.6978 0.60955 0.527133 0.45255 0.38905 0.333183 0.28535 0.243583 0.206633 0.1769 0.151083 0.127933 0.108967 0.09125 0.077 0.0638333 
1 0.9493 0.875367 0.790933 0.6993 0.611 0.529617 0.455783 0.3907 0.335183 0.288517 0.247783 0.211883 0.181567 0.154617 0.130583 0.111133 0.0942833 0.0803 0.06685 
1 0.951917 0.8831 0.800083 0.713733 0.63035 0.55205 0.48 0.414667 0.3573 0.30655 0.264267 0.22605 0.19405 0.1666 0.1423 0.12185 0.10405 0.0879333 0.0729333 
1 0.95065 0.879433 0.794717 0.705883 0.619133 0.5381 0.465033 0.400783 0.345683 0.295783 0.25175 0.215033 0.183833 0.15735 0.134017 0.11465 0.0972833 0.0817833 0.0678833 
1 0.950183 0.873767 0.785867 0.6948 0.607133 0.52545 0.456017 0.39235 0.3376 0.292067 0.252933 0.217883 0.189333 0.163017 0.13975 0.1194 0.10035 0.0848167 0.06965 
1 0.9492 0.875767 0.7899 0.694133 0.6051 0.5248 0.452833 0.392267 0.339417 0.293083 0.25295 0.216217 0.184617 0.1575 0.134 0.1129 0.0950333 0.0798 0.0656 
1 0.95095 0.877483 0.788133 0.694833 0.604883 0.523633 0.451917 0.388883 0.33145 0.283683 0.242133 0.205967 0.175317 0.148817 0.125383 0.104533 0.0874833 0.0729667 0.0600333 
1 0.947717 0.87365 0.786633 0.69245 0.603067 0.5183 0.44335 0.378683 0.322083 0.27375 0.22995 0.19405 0.16435 0.140483 0.120533 0.102033 0.0873667 0.0740833 0.0622667 
1 0.95205 0.879667 0.7935 0.705533 0.621267 0.541 0.468533 0.403617 0.3478 0.297017 0.255133 0.219183 0.187217 0.161017 0.1377 0.117333 0.09895 0.08305 0.0703167 
1 0.94865 0.87625 0.789517 0.695667 0.6047 0.520017 0.445883 0.381083 0.3261 0.277633 0.233983 0.19905 0.169033 0.1438 0.123217 0.1047 0.0884333 0.07385 0.0628 
1 0.947967 0.87495 0.783683 0.688283 0.598383 0.514633 0.44175 0.37645 0.319583 0.271717 0.2299 0.194517 0.16415 0.138717 0.11715 0.09825 0.0811333 0.0675667 0.0556167 
1 0.94905 0.872067 0.78475 0.691267 0.599267 0.5145 0.440767 0.375883 0.320683 0.27325 0.232267 0.197867 0.167417 0.141183 0.118983 0.0988 0.08275 0.0681667 0.0556167 
1 0.94785 0.8731 0.78425 0.6927 0.60095 0.518433 0.445333 0.3788 0.32185 0.273117 0.229633 0.193683 0.16325 0.137183 0.113867 0.09425 0.07765 0.0642333 0.052 
1 0.948183 0.8746 0.785367 0.690233 0.597 0.511767 0.434733 0.370233 0.31095 0.26125 0.2176 0.18205 0.151417 0.126367 0.104867 0.0871667 0.0715 0.05875 0.0487667 
1 0.950667 0.877617 0.791017 0.70015 0.609983 0.52805 0.4539 0.387617 0.3301 0.2801 0.237083 0.199967 0.168383 0.1405 0.117933 0.0984333 0.08175 0.0687 0.0568667 
1 0.9477 0.873583 0.784517 0.690467 0.599533 0.519483 0.445517 0.384 0.329633 0.2819 0.241433 0.206483 0.17565 0.149417 0.1274 0.107933 0.0923667 0.07865 0.0663333 
1 0.949533 0.8789 0.792683 0.7028 0.614317 0.531083 0.456667 0.3913 0.3352 0.28605 0.242283 0.206683 0.17465 0.14715 0.12275 0.10225 0.0847167 0.0711667 0.0595333 
1 0.948867 0.8728 0.7834 0.6892 0.596217 0.512233 0.438633 0.373317 0.31545 0.267017 0.226233 0.189917 0.15705 0.130417 0.107717 0.0888167 0.0735 0.0594833 0.04805 
1 0.947483 0.872483 0.7815 0.685283 0.589683 0.50195 0.426867 0.360067 0.3048 0.2582 0.217 0.182783 0.152567 0.12735 0.104867 0.08705 0.0716667 0.0582333 0.0469333 
1 0.950683 0.881033 0.795267 0.70405 0.61605 0.533617 0.461317 0.3986 0.344183 0.29675 0.254417 0.218083 0.187817 0.160617 0.13635 0.1158 0.09775 0.0814667 0.0670667 
1 0.949567 0.874817 0.786033 0.6921 0.602367 0.52 0.445167 0.3824 0.327467 0.27995 0.239667 0.206233 0.1768 0.152117 0.12985 0.111233 0.0950333 0.0807833 0.0691333 
1 0.9516 0.87895 0.792883 0.700367 0.610667 0.5277 0.45505 0.387467 0.330983 0.279683 0.237867 0.201533 0.169017 0.141433 0.118717 0.0976667 0.0812333 0.0676667 0.0558333 
1 0.949867 0.8761 0.7891 0.6972 0.605617 0.520583 0.443683 0.377967 0.321283 0.2722 0.2283 0.191767 0.1616 0.136117 0.11395 0.0948667 0.0788667 0.0653833 0.0537167 
1 0.948067 0.8726 0.7818 0.68575 0.595133 0.510817 0.43495 0.370217 0.31245 0.263717 0.222683 0.18715 0.157033 0.1306 0.11025 0.0913167 0.0763 0.0623667 0.0512333 
1 0.948017 0.877983 0.791617 0.698983 0.60965 0.528283 0.4556 0.393217 0.335667 0.287967 0.247167 0.211983 0.180267 0.153167 0.130283 0.1101 0.09385 0.0791167 0.0668833 
1 0.9503 0.876967 0.7894 0.69815 0.61085 0.52785 0.45345 0.3879 0.3293 0.2823 0.239983 0.2051 0.1752 0.148483 0.125883 0.1067 0.0892667 0.0744667 0.0619833 
1 0.949917 0.87625 0.789417 0.698067 0.607733 0.5251 0.451883 0.387083 0.332433 0.282817 0.240317 0.2033 0.173367 0.146867 0.1244 0.1053 0.0886167 0.0755833 0.0635667 
1 0.950383 0.877617 0.790283 0.697817 0.605783 0.523083 0.449467 0.385367 0.331683 0.283267 0.2419 0.2063 0.176617 0.151133 0.1294 0.110533 0.0927667 0.0778833 0.0650667 
1 0.947767 0.875517 0.786317 0.69265 0.601967 0.515383 0.439283 0.374233 0.318483 0.269433 0.227367 0.191167 0.161533 0.135817 0.114317 0.0965833 0.0807 0.06795 0.0571333 
1 0.947417 0.8717 0.7809 0.686433 0.595183 0.512567 0.439833 0.374483 0.318817 0.270983 0.231433 0.1978 0.16835 0.143117 0.120967 0.101983 0.0854667 0.0714167 0.0592833 
1 0.950267 0.878433 0.793567 0.702 0.613383 0.532483 0.45765 0.393167 0.338033 0.288517 0.247967 0.211633 0.182383 0.156483 0.134217 0.114733 0.0976167 0.0823167 0.0693833 
1 0.9486 0.87635 0.789083 0.69855 0.6099 0.5265 0.452367 0.388933 0.331533 0.28315 0.243383 0.208083 0.176717 0.150767 0.127417 0.107533 0.0906167 0.07625 0.0634333 
1 0.9499 0.878567 0.79135 0.698517 0.610417 0.528967 0.45655 0.391967 0.3347 0.287633 0.245 0.208717 0.177583 0.150567 0.126517 0.106283 0.0889333 0.0738167 0.0596333 
1 0.949133 0.87725 0.786367 0.693633 0.603183 0.52205 0.448983 0.38125 0.3248 0.276617 0.234883 0.199033 0.168283 0.142267 0.119567 0.100817 0.0850333 0.0705667 0.0591333 
1 0.947583 0.8743 0.787833 0.693383 0.602017 0.5196 0.446017 0.381533 0.3233 0.27395 0.231133 0.196033 0.165717 0.139783 0.119517 0.0999 0.0835667 0.0700333 0.0578333 
1 0.947367 0.870617 0.7806 0.682783 0.588483 0.503367 0.426817 0.360467 0.304717 0.2585 0.217317 0.182917 0.153667 0.12795 0.107117 0.0896833 0.0750167 0.0625333 0.0522167 
1 0.948733 0.8753 0.78465 0.690867 0.600467 0.516967 0.441283 0.375117 0.318467 0.270317 0.22945 0.194433 0.163667 0.13825 0.117217 0.0988333 0.0832167 0.0696833 0.0575333 
1 0.949283 0.876267 0.787783 0.69485 0.604317 0.519583 0.444283 0.37815 0.321267 0.271967 0.231633 0.194267 0.163383 0.135267 0.112667 0.0922333 0.07535 0.0620167 0.05135 
1 0.947783 0.871433 0.78015 0.685683 0.597033 0.5146 0.440717 0.377183 0.322417 0.274967 0.232267 0.198967 0.170483 0.144583 0.121833 0.10295 0.0855833 0.0715833 0.0588333 
1 0.948333 0.875617 0.789367 0.698717 0.611933 0.529417 0.4562 0.390333 0.33165 0.281133 0.236717 0.200117 0.169083 0.14345 0.120567 0.102033 0.0852833 0.0708 0.0580167 
1 0.949867 0.875817 0.78585 0.6894 0.598067 0.515917 0.441817 0.377967 0.32355 0.2753 0.2338 0.197717 0.1679 0.14265 0.120717 0.102133 0.0858 0.0719167 0.0596167 
1 0.948033 0.87455 0.78485 0.6915 0.60215 0.520167 0.44815 0.384367 0.328333 0.2795 0.237017 0.201033 0.170133 0.143117 0.1198 0.100833 0.0838333 0.0692333 0.0574667 
1 0.947 0.870417 0.780867 0.6858 0.595383 0.51475 0.4409 0.377083 0.3232 0.275733 0.237233 0.202067 0.1726 0.147233 0.124317 0.1056 0.08845 0.07405 0.0614833 
1 0.949 0.874983 0.7847 0.691633 0.600583 0.52 0.443583 0.379733 0.323467 0.2768 0.233533 0.197517 0.16625 0.138233 0.1158 0.0970333 0.0811 0.0684333 0.05765 
1 0.949267 0.8752 0.786617 0.692517 0.6044 0.522133 0.449983 0.3865 0.331983 0.283617 0.243417 0.207383 0.17615 0.148817 0.12405 0.102217 0.08505 0.06985 0.0564833 
1 0.950833 0.881483 0.796067 0.706117 0.619717 0.539883 0.46715 0.403083 0.350617 0.302817 0.2598 0.223833 0.192583 0.166417 0.1433 0.1225 0.106067 0.0904833 0.0765333 
1 0.948083 0.8711 0.780817 0.684983 0.59465 0.51325 0.441167 0.376067 0.320867 0.273383 0.2337 0.197667 0.167433 0.1412 0.119167 0.100783 0.0840167 0.0701333 0.0591167 
1 0.9495 0.876367 0.788867 0.696817 0.604983 0.519433 0.445133 0.376133 0.318567 0.26995 0.229167 0.193783 0.163917 0.138317 0.118167 0.0996333 0.0836167 0.07 0.0581 
1 0.948117 0.874617 0.787817 0.695717 0.607967 0.526633 0.453067 0.390633 0.337367 0.288867 0.24785 0.212117 0.180233 0.153483 0.130133 0.110533 0.0939 0.0786333 0.0657667 
1 0.9492 0.8739 0.787433 0.695917 0.6083 0.527433 0.456817 0.3935 0.337167 0.289433 0.247883 0.210667 0.179867 0.15305 0.1287 0.107933 0.0909333 0.0757167 0.0633167 
1 0.951267 0.8769 0.7891 0.694483 0.605383 0.5217 0.447317 0.379933 0.321683 0.273 0.23005 0.1932 0.161967 0.135267 0.11365 0.0939167 0.07725 0.0627 0.05025 
1 0.9481 0.873633 0.783933 0.6906 0.599133 0.515067 0.439883 0.375133 0.320283 0.2727 0.232167 0.197217 0.1658 0.139083 0.116267 0.09855 0.08215 0.0687667 0.0566167 
1 0.950917 0.8779 0.79015 0.695167 0.60315 0.521067 0.447333 0.384383 0.327933 0.278533 0.237983 0.204233 0.17425 0.147933 0.126483 0.1073 0.0900833 0.0748167 0.0622167 
1 0.949567 0.876283 0.791067 0.698583 0.60805 0.525683 0.451183 0.388367 0.333633 0.28635 0.244833 0.20785 0.17755 0.15145 0.128567 0.109383 0.0919667 0.0769333 0.0636833 
1 0.95125 0.879183 0.790067 0.6988 0.61165 0.528733 0.45565 0.38825 0.332433 0.282867 0.2395 0.202333 0.171333 0.146267 0.1255 0.107067 0.0908667 0.0776833 0.0651833 
1 0.951617 0.881517 0.794883 0.706117 0.619367 0.541867 0.468767 0.40415 0.348 0.2987 0.2562 0.2204 0.189083 0.16135 0.139067 0.11885 0.101633 0.0865167 0.0723333 
1 0.948783 0.8766 0.787483 0.691317 0.596283 0.510667 0.435633 0.367083 0.309617 0.261283 0.219983 0.185317 0.1567 0.131617 0.110833 0.0935 0.0782167 0.0655 0.05455 
1 0.948883 0.875383 0.785567 0.692433 0.605183 0.523317 0.45085 0.384933 0.329517 0.27915 0.23805 0.204733 0.1752 0.1504 0.128283 0.109767 0.0934333 0.08005 0.0686833 
1 0.950033 0.874883 0.786733 0.694317 0.604583 0.521683 0.44705 0.38165 0.325267 0.27665 0.23445 0.197933 0.166217 0.139183 0.117433 0.0978333 0.0814833 0.06745 0.0550833 
1 0.951083 0.877783 0.789817 0.699233 0.6132 0.531483 0.4555 0.392233 0.33615 0.28875 0.249367 0.213783 0.18215 0.1569 0.134867 0.1149 0.0988167 0.0841167 0.0713833 
1 0.94785 0.871517 0.7781 0.6809 0.5878 0.503367 0.429767 0.3649 0.309267 0.260683 0.21975 0.18585 0.156417 0.1321 0.110767 0.0931833 0.07955 0.0673333 0.0565167 
1 0.949733 0.8779 0.789267 0.69685 0.607517 0.526017 0.4536 0.388317 0.331183 0.283117 0.241233 0.205967 0.1755 0.14715 0.123983 0.104217 0.0870333 0.0723 0.0596 
1 0.950167 0.87715 0.79075 0.699233 0.611467 0.530367 0.4576 0.3934 0.337 0.287683 0.246433 0.209833 0.178167 0.151483 0.1281 0.109017 0.0929833 0.079 0.0663667 
1 0.950067 0.87655 0.79175 0.698383 0.609167 0.528483 0.45805 0.396767 0.3431 0.294433 0.251867 0.21575 0.183183 0.15605 0.131583 0.110133 0.0919333 0.0758333 0.06265 
1 0.9491 0.875133 0.788567 0.69725 0.60995 0.52735 0.453267 0.390317 0.334683 0.286983 0.2445 0.207233 0.175433 0.148933 0.126783 0.107417 0.0914167 0.0772167 0.0642833 
1 0.950917 0.877767 0.790917 0.69855 0.6099 0.529483 0.455317 0.388 0.3304 0.28015 0.2371 0.199333 0.169483 0.142983 0.120817 0.10085 0.0831667 0.06895 0.0561167 
1 0.949 0.875067 0.788433 0.694117 0.6044 0.5214 0.4475 0.382817 0.326667 0.276967 0.233617 0.1971 0.165467 0.13795 0.114833 0.096 0.0799333 0.0667667 0.0554833 
1 0.948067 0.871433 0.780517 0.6857 0.593367 0.510467 0.437333 0.374333 0.318783 0.27205 0.231367 0.197817 0.168717 0.144767 0.1235 0.10435 0.0882 0.0727833 0.0598833 
1 0.9497 0.873683 0.78395 0.690217 0.59795 0.515933 0.4437 0.378633 0.3203 0.27285 0.23165 0.196983 0.165967 0.14115 0.1201 0.1012 0.0853 0.07205 0.0594333 
1 0.949183 0.877417 0.789467 0.695717 0.603583 0.521333 0.448383 0.3859 0.32965 0.2833 0.241233 0.205667 0.1737 0.147733 0.125883 0.106633 0.0898667 0.0754833 0.0626167 
1 0.94985 0.8784 0.794683 0.703667 0.6142 0.532083 0.460367 0.397283 0.342917 0.293117 0.249867 0.214667 0.1836 0.157767 0.133433 0.112783 0.0940167 0.0785667 0.0648167 
1 0.95315 0.8822 0.798083 0.707917 0.62075 0.5373 0.46375 0.39715 0.339583 0.289917 0.24665 0.20995 0.178 0.150833 0.127433 0.107233 0.0904167 0.0762833 0.0641 
1 0.949117 0.87735 0.790833 0.701067 0.61415 0.53255 0.4575 0.391783 0.335317 0.285583 0.243133 0.2069 0.175467 0.148 0.124167 0.105183 0.08685 0.0722333 0.05985 
1 0.951217 0.881033 0.794583 0.706333 0.620883 0.540317 0.468417 0.403767 0.347583 0.297917 0.254483 0.217417 0.184183 0.156433 0.132633 0.111483 0.0931667 0.0765833 0.063 
1 0.94825 0.87565 0.788617 0.696583 0.607617 0.5244 0.450533 0.385817 0.3289 0.280283 0.2385 0.20325 0.17245 0.1446 0.122233 0.1023 0.0861333 0.0723 0.06 
1 0.950867 0.880367 0.793933 0.7041 0.617017 0.5361 0.463317 0.401583 0.346967 0.299417 0.256983 0.219567 0.187367 0.160267 0.135567 0.114667 0.0971167 0.0822833 0.0688667 
1 0.95025 0.876133 0.786433 0.692217 0.600633 0.516817 0.444533 0.381233 0.32455 0.27455 0.2316 0.1958 0.165617 0.13885 0.115967 0.0964 0.08 0.0655833 0.0538333 
1 0.948667 0.876583 0.78895 0.697333 0.608167 0.528517 0.457117 0.394217 0.337867 0.290683 0.25025 0.214933 0.183717 0.158133 0.134867 0.1151 0.09825 0.0823 0.0689 
1 0.94815 0.874367 0.784767 0.6909 0.600833 0.518917 0.445017 0.37885 0.3239 0.27555 0.23375 0.197417 0.167717 0.14235 0.120933 0.103283 0.0874333 0.0738667 0.0622167 
1 0.948467 0.874967 0.786083 0.692217 0.6036 0.522583 0.447617 0.384267 0.3258 0.277783 0.238033 0.20455 0.17425 0.149033 0.127133 0.10745 0.09185 0.07765 0.06475 
1 0.9496 0.87705 0.78725 0.69075 0.5976 0.514467 0.437367 0.369383 0.311217 0.2605 0.217983 0.181467 0.15005 0.122683 0.101783 0.0839667 0.0696833 0.0569833 0.0463333 
1 0.949767 0.877667 0.7885 0.69645 0.6085 0.525983 0.451983 0.386483 0.330883 0.283017 0.242017 0.20685 0.175567 0.149 0.126383 0.10755 0.09185 0.0772333 0.0648833 
1 0.950667 0.880467 0.794833 0.702967 0.613683 0.53025 0.456133 0.391017 0.3328 0.282883 0.240583 0.203833 0.171217 0.144333 0.119967 0.0994167 0.0828333 0.0694 0.0572833 
1 0.947017 0.873433 0.783683 0.68755 0.594217 0.513317 0.43925 0.3729 0.316867 0.2672 0.2267 0.192583 0.163 0.13705 0.1152 0.0965667 0.0804333 0.0672833 0.0556833 
1 0.949117 0.877367 0.790567 0.696 0.6053 0.522383 0.447067 0.3803 0.3228 0.274067 0.233433 0.198467 0.168317 0.1421 0.121167 0.102033 0.0860167 0.0713833 0.0596167 
1 0.948983 0.873167 0.7823 0.691233 0.602733 0.520983 0.448 0.3838 0.330467 0.28515 0.242867 0.2072 0.176233 0.14885 0.126767 0.108 0.0918333 0.0768167 0.0645667 
1 0.947167 0.871933 0.782017 0.689733 0.59725 0.5151 0.443467 0.3799 0.3237 0.27485 0.2339 0.197667 0.16695 0.141783 0.1193 0.100433 0.0844667 0.06975 0.05725 
1 0.9516 0.879417 0.7922 0.699233 0.611117 0.529683 0.456167 0.391867 0.3369 0.289583 0.247483 0.21145 0.1792 0.154267 0.132417 0.1115 0.0945833 0.0789667 0.0654667 
1 0.950067 0.8768 0.7904 0.697117 0.610767 0.529617 0.45675 0.3922 0.336417 0.28865 0.246133 0.20995 0.178633 0.1519 0.128417 0.108117 0.0913667 0.077 0.0649667 
1 0.950417 0.877667 0.79465 0.7049 0.617633 0.535683 0.462183 0.396183 0.337483 0.288233 0.244383 0.205933 0.175583 0.1483 0.125217 0.104483 0.0869833 0.0711 0.0586667 
1 0.951033 0.8813 0.79425 0.703083 0.616383 0.535683 0.4635 0.398533 0.3418 0.294067 0.251383 0.214383 0.184017 0.157767 0.134983 0.11515 0.0982833 0.0835667 0.0692667 
1 0.950567 0.880383 0.79365 0.702483 0.612683 0.531983 0.461517 0.398167 0.34235 0.2937 0.2501 0.211517 0.17805 0.149783 0.1253 0.104017 0.0864333 0.0713833 0.0585333 
1 0.950333 0.87695 0.7899 0.696983 0.607783 0.524667 0.449883 0.383817 0.326817 0.277883 0.235417 0.198567 0.16735 0.141017 0.118383 0.0984 0.0836 0.0697167 0.0580833 
1 0.950933 0.878067 0.792217 0.702367 0.616417 0.53545 0.462817 0.401283 0.34635 0.297883 0.255933 0.220133 0.18975 0.161617 0.137383 0.116333 0.0979333 0.08205 0.0689667 
1 0.94925 0.875333 0.78765 0.694267 0.6048 0.521033 0.445067 0.379383 0.3247 0.27575 0.2348 0.20045 0.171117 0.1469 0.125383 0.106767 0.0899833 0.07585 0.0636 
1 0.9499 0.8762 0.7885 0.6924 0.602083 0.516233 0.4426 0.377233 0.3207 0.27465 0.23365 0.1989 0.168083 0.141067 0.11835 0.0989667 0.08265 0.0680833 0.0559333 
1 0.9469 0.86995 0.778517 0.683017 0.592017 0.508967 0.43195 0.366333 0.309183 0.261 0.220083 0.184367 0.15545 0.129267 0.1062 0.0874333 0.0714 0.0590167 0.0477167 
1 0.949233 0.8763 0.788533 0.696717 0.610333 0.528133 0.454633 0.3902 0.332067 0.282917 0.2411 0.203883 0.17215 0.144933 0.121617 0.102433 0.0867667 0.0727333 0.0610333 
1 0.948983 0.875383 0.785333 0.690833 0.59785 0.516867 0.442033 0.3766 0.320567 0.271617 0.231033 0.196117 0.16715 0.14245 0.12145 0.10335 0.08795 0.0748 0.0630833 
1 0.947733 0.875367 0.789867 0.6971 0.605817 0.52645 0.45295 0.389133 0.335367 0.2848 0.242417 0.205267 0.172867 0.144267 0.120733 0.100733 0.08365 0.06905 0.0566333 
1 0.947683 0.875017 0.788267 0.6939 0.603433 0.52105 0.446333 0.380617 0.32395 0.2755 0.2341 0.198017 0.168033 0.142367 0.119917 0.1012 0.0855167 0.0715333 0.05905 
1 0.947967 0.875833 0.783967 0.689033 0.59785 0.514133 0.43815 0.370817 0.313333 0.262967 0.221367 0.186367 0.15555 0.130317 0.108633 0.0896333 0.0732 0.05895 0.0480167 
1 0.948783 0.87345 0.782867 0.685783 0.59475 0.5113 0.435567 0.370667 0.313067 0.26385 0.221033 0.185017 0.153583 0.125733 0.1027 0.0838833 0.0678 0.0536667 0.0429167 
1 0.951617 0.881083 0.793183 0.700433 0.611767 0.5298 0.459617 0.397533 0.340833 0.292067 0.249167 0.2118 0.17915 0.149983 0.12595 0.104767 0.0879667 0.0729 0.0605833 
1 0.9491 0.875217 0.7876 0.694417 0.60555 0.5216 0.4504 0.387233 0.3329 0.285883 0.245117 0.208467 0.1769 0.149417 0.125683 0.1058 0.0886333 0.0740333 0.0617667 
1 0.951817 0.880933 0.795233 0.706683 0.617967 0.53635 0.462433 0.39765 0.3405 0.293767 0.251883 0.216233 0.1848 0.15835 0.13605 0.1162 0.09995 0.08495 0.07185 
1 0.947467 0.872067 0.7817 0.686 0.59515 0.51015 0.437067 0.372717 0.31445 0.26715 0.228017 0.194133 0.16585 0.141733 0.1216 0.104367 0.0892167 0.07605 0.0642833 
