1 0.98786 0.96781 0.938 0.89988 0.85663 0.80951 0.76088 0.71259 0.6648 0.61788 0.57215 0.52738 0.48418 0.44321 0.40462 0.36603 0.32982 0.29502 0.26101 
1 0.9866 0.96357 0.93119 0.8895 0.84114 0.7896 0.7385 0.68767 0.63784 0.59109 0.54476 0.50113 0.45902 0.41883 0.38146 0.34455 0.31001 0.27654 0.24452 
1 0.98554 0.96115 0.9258 0.88095 0.82891 0.77377 0.71981 0.66727 0.61739 0.56946 0.52694 0.4865 0.44852 0.41242 0.37799 0.3448 0.31312 0.28237 0.2517 
1 0.98739 0.96534 0.93331 0.8918 0.84307 0.79213 0.73929 0.68732 0.63595 0.58572 0.53938 0.49458 0.45257 0.41295 0.37577 0.34007 0.30622 0.27397 0.24234 
1 0.98665 0.96424 0.9305 0.88676 0.83721 0.7844 0.7326 0.68245 0.63322 0.58708 0.54042 0.49812 0.45893 0.42105 0.38577 0.35257 0.32022 0.28863 0.2598 
1 0.98748 0.96602 0.93422 0.89223 0.8445 0.79216 0.74035 0.68897 0.64055 0.59459 0.55044 0.50809 0.46975 0.43288 0.39753 0.36313 0.33062 0.29804 0.26545 
1 0.98477 0.95985 0.92235 0.87368 0.81806 0.7587 0.70045 0.64412 0.59037 0.54055 0.49414 0.45103 0.41228 0.37615 0.34115 0.30898 0.27891 0.25005 0.22196 
1 0.98903 0.96992 0.94124 0.90473 0.86211 0.81695 0.76972 0.72501 0.67864 0.63389 0.59007 0.54698 0.50575 0.46607 0.4284 0.39316 0.35724 0.32158 0.28798 
1 0.98733 0.96582 0.93563 0.89662 0.85225 0.80546 0.76059 0.71592 0.67217 0.63056 0.58805 0.54744 0.50809 0.46909 0.43246 0.39724 0.36353 0.33085 0.29816 
1 0.98668 0.96427 0.93201 0.89041 0.84289 0.79278 0.74351 0.69405 0.64688 0.60095 0.55628 0.51087 0.46811 0.4267 0.38668 0.34905 0.3142 0.28063 0.24764 
1 0.98604 0.96276 0.92883 0.88428 0.83406 0.78081 0.72801 0.67543 0.6259 0.57985 0.53533 0.49401 0.45462 0.41701 0.38334 0.35098 0.31853 0.28809 0.25805 
1 0.98494 0.96125 0.92479 0.87825 0.82645 0.77013 0.71353 0.65825 0.60733 0.55888 0.51413 0.47074 0.42886 0.38916 0.35244 0.31864 0.2865 0.25432 0.22457 
1 0.98604 0.96323 0.92999 0.88711 0.83805 0.78656 0.73414 0.68163 0.62971 0.57923 0.53134 0.48688 0.44464 0.40422 0.3678 0.33303 0.30077 0.27138 0.2435 
1 0.98481 0.96004 0.92298 0.87493 0.81831 0.75819 0.69829 0.63824 0.58058 0.52653 0.47479 0.42899 0.38463 0.34277 0.30367 0.26693 0.23243 0.19995 0.17054 
1 0.98823 0.9677 0.93819 0.90074 0.85613 0.81032 0.76352 0.71645 0.67045 0.62503 0.58089 0.53797 0.49597 0.45506 0.41515 0.37543 0.33869 0.30365 0.2717 
1 0.98769 0.96753 0.93758 0.89889 0.8556 0.80921 0.76164 0.71476 0.66777 0.62239 0.57828 0.53507 0.49557 0.45699 0.42074 0.38584 0.35186 0.31944 0.28904 
1 0.98793 0.96754 0.93702 0.89746 0.8509 0.80271 0.75201 0.70222 0.6519 0.60313 0.5566 0.51399 0.47289 0.43475 0.3986 0.36319 0.32879 0.29583 0.26277 
1 0.98587 0.96199 0.92736 0.88162 0.8296 0.77464 0.71816 0.66212 0.60845 0.55778 0.51092 0.46728 0.42667 0.38726 0.35077 0.31662 0.28586 0.25521 0.2277 
1 0.98391 0.95852 0.91924 0.87091 0.81569 0.75928 0.70287 0.64778 0.59739 0.54935 0.50405 0.46139 0.42221 0.38414 0.3486 0.31445 0.28126 0.2507 0.22095 
1 0.98605 0.96198 0.92652 0.88037 0.82763 0.77187 0.71616 0.66152 0.60987 0.55917 0.51285 0.4692 0.42796 0.3892 0.35115 0.31672 0.2829 0.25043 0.22109 
1 0.98653 0.96269 0.92918 0.88529 0.83413 0.78129 0.72664 0.67331 0.62307 0.57625 0.53126 0.48751 0.44765 0.40881 0.37124 0.33492 0.29983 0.26683 0.2356 
1 0.9865 0.9637 0.93085 0.88926 0.8415 0.7903 0.74005 0.69036 0.64088 0.59455 0.54966 0.50598 0.46396 0.4237 0.38525 0.34872 0.31285 0.27825 0.24534 
1 0.98519 0.95989 0.92143 0.87234 0.81872 0.76235 0.70519 0.65012 0.5984 0.54967 0.50425 0.4618 0.42085 0.38187 0.346 0.3139 0.28377 0.25469 0.22574 
1 0.98603 0.96407 0.93119 0.88878 0.84032 0.78834 0.73634 0.6857 0.63709 0.58961 0.54544 0.50281 0.46265 0.42425 0.38721 0.35143 0.31855 0.28642 0.25588 
1 0.98705 0.9659 0.93421 0.8921 0.84554 0.79471 0.74216 0.69173 0.64194 0.59322 0.54855 0.50428 0.46302 0.42443 0.38734 0.3536 0.3199 0.28751 0.25648 
1 0.98832 0.96752 0.9371 0.89984 0.85622 0.80854 0.76258 0.71536 0.66813 0.62326 0.58069 0.53914 0.49889 0.46147 0.42676 0.39143 0.35805 0.3254 0.29345 
1 0.98772 0.96563 0.93305 0.894 0.84693 0.79705 0.74465 0.69308 0.64241 0.59321 0.54689 0.50401 0.46166 0.42268 0.38484 0.34775 0.31179 0.27787 0.24529 
1 0.98548 0.95977 0.92145 0.87409 0.82143 0.76654 0.71153 0.65893 0.60874 0.56307 0.51632 0.47236 0.43144 0.39218 0.35523 0.31855 0.2829 0.24972 0.22014 
1 0.98804 0.96755 0.9376 0.89892 0.85387 0.80574 0.75608 0.70697 0.66092 0.61748 0.5744 0.53323 0.4941 0.45598 0.41992 0.38405 0.34825 0.31362 0.28252 
1 0.98644 0.9635 0.93018 0.88878 0.84051 0.78863 0.73514 0.68161 0.63052 0.5802 0.53341 0.48814 0.44576 0.40578 0.36898 0.33373 0.3008 0.2681 0.23691 
1 0.98661 0.96434 0.93068 0.88734 0.83816 0.78559 0.73363 0.68341 0.63429 0.58768 0.54251 0.49937 0.45705 0.41592 0.37733 0.33926 0.30401 0.26798 0.23357 
1 0.9862 0.96338 0.93051 0.88797 0.83926 0.78707 0.73201 0.6786 0.62646 0.57512 0.52747 0.48132 0.43759 0.3954 0.35637 0.32033 0.28652 0.25538 0.22685 
1 0.98694 0.9664 0.93464 0.89436 0.84628 0.79543 0.74361 0.69044 0.63851 0.5877 0.53895 0.49158 0.44763 0.4073 0.37021 0.33405 0.2993 0.26834 0.24067 
1 0.98586 0.9626 0.92957 0.88657 0.83793 0.78621 0.73576 0.68539 0.63488 0.58815 0.54374 0.50177 0.46163 0.42333 0.38547 0.35116 0.31803 0.28544 0.25349 
1 0.98666 0.96357 0.93113 0.88846 0.83846 0.78807 0.73752 0.68745 0.63938 0.59272 0.54784 0.50395 0.46224 0.42135 0.38248 0.34541 0.3102 0.27784 0.24862 
1 0.98744 0.96535 0.93329 0.89251 0.84585 0.79726 0.74705 0.69695 0.64962 0.60189 0.55668 0.51201 0.4688 0.42708 0.38749 0.34865 0.31046 0.27396 0.23977 
1 0.98587 0.96259 0.92964 0.88652 0.83599 0.78162 0.72793 0.67528 0.62476 0.57509 0.52794 0.48239 0.43972 0.39822 0.36003 0.32303 0.28987 0.25861 0.2295 
1 0.98783 0.96642 0.9339 0.894 0.84798 0.79771 0.74815 0.69772 0.64793 0.59931 0.55231 0.50737 0.46627 0.42573 0.38786 0.35173 0.3175 0.28427 0.25246 
1 0.98462 0.96028 0.92306 0.87519 0.82168 0.76542 0.7076 0.65128 0.59902 0.54747 0.49897 0.45381 0.41028 0.37109 0.33172 0.29571 0.26199 0.23088 0.20243 
1 0.98796 0.96867 0.93944 0.9028 0.8594 0.81429 0.76794 0.72248 0.67851 0.63492 0.59309 0.55262 0.5129 0.47231 0.43363 0.39547 0.35773 0.32138 0.28699 
1 0.98609 0.96157 0.92713 0.8827 0.83128 0.77593 0.72134 0.66761 0.61589 0.5677 0.52027 0.47726 0.43513 0.39733 0.35905 0.32305 0.28903 0.25614 0.22588 
1 0.98676 0.96422 0.93036 0.88687 0.83661 0.78365 0.72928 0.67517 0.62301 0.57452 0.5273 0.48307 0.44148 0.40357 0.36802 0.33401 0.30301 0.27286 0.24535 
1 0.98693 0.96543 0.93356 0.89153 0.84331 0.7911 0.73897 0.68826 0.63816 0.59164 0.54609 0.50425 0.46392 0.42395 0.38676 0.35099 0.31624 0.28289 0.2514 
1 0.9849 0.96008 0.92473 0.87915 0.82955 0.77711 0.72418 0.67224 0.62474 0.57946 0.53423 0.4931 0.45362 0.41476 0.37865 0.34354 0.31021 0.27882 0.24846 
1 0.98431 0.95733 0.91795 0.8677 0.81138 0.75266 0.69482 0.63809 0.58582 0.53717 0.49175 0.4479 0.40724 0.36747 0.33001 0.29523 0.26089 0.23004 0.20089 
1 0.98706 0.9652 0.93317 0.89121 0.84409 0.79367 0.74252 0.69236 0.64348 0.59569 0.55012 0.50544 0.46231 0.42081 0.38268 0.34609 0.31024 0.27718 0.24597 
1 0.98575 0.96222 0.92831 0.88417 0.83487 0.78373 0.73232 0.68346 0.63807 0.59397 0.55212 0.51174 0.47286 0.4359 0.39939 0.3651 0.33116 0.29834 0.26781 
1 0.98562 0.96157 0.92787 0.88317 0.8321 0.77874 0.72678 0.67455 0.62389 0.57398 0.5275 0.48232 0.43899 0.39825 0.36134 0.32684 0.29684 0.26725 0.23955 
1 0.98588 0.9619 0.92727 0.88167 0.83031 0.775 0.71963 0.66384 0.61153 0.56053 0.51122 0.4643 0.41958 0.37875 0.33934 0.30288 0.2685 0.23892 0.21016 
1 0.98576 0.96215 0.92623 0.87956 0.82719 0.77069 0.71204 0.6545 0.60213 0.55196 0.50269 0.45622 0.41331 0.37197 0.33343 0.29742 0.26409 0.2338 0.20542 
1 0.98369 0.95628 0.91697 0.86663 0.80943 0.75161 0.69344 0.63682 0.58309 0.53358 0.48657 0.44316 0.40328 0.3675 0.33385 0.30223 0.27202 0.24298 0.21533 
1 0.98864 0.96954 0.9399 0.9031 0.86065 0.81508 0.76874 0.72455 0.68054 0.63759 0.59454 0.55142 0.50984 0.4704 0.43214 0.39493 0.35886 0.3235 0.28868 
1 0.98626 0.9635 0.92952 0.88489 0.83621 0.78383 0.73231 0.68175 0.63367 0.58719 0.54426 0.5008 0.46036 0.42257 0.38662 0.35387 0.31941 0.28622 0.25409 
1 0.98677 0.96481 0.93156 0.89032 0.84288 0.79224 0.74238 0.69419 0.64639 0.60081 0.55551 0.51274 0.47259 0.43314 0.39531 0.35864 0.32383 0.29128 0.26018 
1 0.98648 0.96385 0.93115 0.88946 0.84295 0.79288 0.74054 0.6898 0.63981 0.59055 0.54258 0.49692 0.45358 0.41096 0.37065 0.33286 0.29668 0.26342 0.23319 
1 0.98651 0.96386 0.93012 0.88681 0.83606 0.78229 0.72599 0.67208 0.61888 0.56607 0.51733 0.47146 0.42896 0.38952 0.35223 0.3172 0.28501 0.25484 0.22624 
1 0.98938 0.97075 0.94396 0.90915 0.86749 0.82087 0.77391 0.72505 0.67809 0.63068 0.58711 0.5434 0.50203 0.46395 0.42706 0.39211 0.35868 0.32546 0.2931 
1 0.98486 0.95981 0.92339 0.87653 0.82367 0.76894 0.71168 0.65739 0.60405 0.55381 0.50806 0.46342 0.42307 0.38404 0.3476 0.31418 0.28379 0.25481 0.22663 
1 0.98584 0.96306 0.93096 0.88847 0.83844 0.78515 0.73341 0.68274 0.63386 0.58513 0.53844 0.49302 0.44912 0.40876 0.37005 0.33426 0.30119 0.2703 0.24059 
1 0.98676 0.96458 0.93103 0.88743 0.83893 0.78666 0.73397 0.68335 0.63403 0.58703 0.54352 0.50148 0.4607 0.42009 0.38287 0.3459 0.31133 0.27831 0.24689 
1 0.98706 0.96542 0.93434 0.89388 0.84703 0.79625 0.74375 0.69147 0.63913 0.59089 0.54465 0.50044 0.45661 0.41423 0.37502 0.33752 0.30187 0.26761 0.23512 
1 0.98907 0.96985 0.94124 0.90402 0.86141 0.81454 0.76529 0.7164 0.66777 0.62038 0.57392 0.52907 0.4864 0.44554 0.40529 0.36582 0.32971 0.2947 0.26144 
1 0.98543 0.96085 0.92447 0.87833 0.82687 0.77052 0.71425 0.65868 0.60677 0.55937 0.5152 0.47294 0.43424 0.39724 0.36208 0.32768 0.29537 0.26319 0.23302 
1 0.98799 0.96782 0.93829 0.90122 0.85721 0.81122 0.76355 0.71571 0.66804 0.62059 0.57549 0.53224 0.49 0.44957 0.41082 0.37314 0.33887 0.30657 0.27505 
1 0.9856 0.96254 0.92823 0.88449 0.83443 0.78171 0.7282 0.67419 0.62145 0.5719 0.52515 0.48149 0.43859 0.39898 0.36252 0.32702 0.29422 0.26288 0.23196 
1 0.98567 0.96096 0.92419 0.87942 0.82894 0.77719 0.7243 0.67354 0.62598 0.57914 0.53729 0.49672 0.45957 0.42353 0.38833 0.35465 0.32203 0.29095 0.26081 
1 0.98702 0.96585 0.93527 0.89597 0.84903 0.79731 0.74555 0.69463 0.64417 0.59686 0.55224 0.50887 0.46728 0.42847 0.39008 0.35289 0.3185 0.28554 0.25401 
1 0.9863 0.96282 0.92864 0.88564 0.83542 0.78302 0.7304 0.67821 0.62992 0.58313 0.53863 0.49723 0.45643 0.41657 0.37853 0.34013 0.30296 0.26602 0.23244 
1 0.9877 0.96652 0.93558 0.89553 0.8502 0.80383 0.75486 0.70531 0.65583 0.60663 0.55826 0.51069 0.46633 0.42491 0.38659 0.35171 0.31871 0.28754 0.25651 
1 0.98687 0.96387 0.93079 0.88967 0.8435 0.79516 0.74524 0.69638 0.64725 0.59913 0.55447 0.51272 0.47229 0.43333 0.39408 0.35728 0.32148 0.28606 0.25335 
1 0.98655 0.96378 0.93057 0.88815 0.84033 0.78974 0.73802 0.68888 0.64018 0.59258 0.54867 0.50573 0.46757 0.4309 0.39562 0.36045 0.32568 0.29361 0.26221 
1 0.98659 0.96339 0.93002 0.8885 0.84022 0.78981 0.74014 0.69183 0.64364 0.59655 0.55018 0.50728 0.4663 0.427 0.38986 0.35568 0.32255 0.29177 0.26039 
1 0.98598 0.96164 0.92727 0.88368 0.83314 0.77988 0.72435 0.67095 0.6195 0.57104 0.52433 0.48006 0.43602 0.39472 0.35637 0.32041 0.28643 0.25548 0.22604 
1 0.9857 0.96053 0.92481 0.87974 0.82722 0.77133 0.71542 0.66074 0.60895 0.55959 0.51046 0.46481 0.42252 0.38214 0.34404 0.30788 0.27475 0.2417 0.21135 
1 0.985 0.96091 0.92564 0.88096 0.82899 0.77456 0.72066 0.66784 0.61647 0.56857 0.52384 0.48163 0.44262 0.40601 0.36948 0.33491 0.30107 0.27036 0.24083 
1 0.98591 0.96257 0.92887 0.88651 0.83633 0.78464 0.73188 0.6798 0.63079 0.58481 0.5415 0.50044 0.46068 0.42316 0.38552 0.35135 0.31708 0.28376 0.25134 
1 0.98759 0.96654 0.93657 0.89613 0.85032 0.80001 0.74804 0.69621 0.64777 0.60031 0.55389 0.51128 0.46916 0.42812 0.38935 0.3523 0.31779 0.28439 0.25372 
1 0.98604 0.96075 0.92477 0.87943 0.82714 0.7732 0.71841 0.66397 0.6117 0.56141 0.51411 0.47031 0.42996 0.39191 0.35602 0.32196 0.28967 0.25956 0.23017 
1 0.98666 0.96438 0.93115 0.88971 0.84375 0.79453 0.74394 0.69337 0.64595 0.598 0.55215 0.50687 0.46291 0.422 0.38326 0.34692 0.31168 0.27823 0.24662 
1 0.98871 0.9693 0.94224 0.90852 0.86917 0.82625 0.78166 0.73675 0.69183 0.64904 0.60682 0.56467 0.52411 0.48305 0.44226 0.40237 0.36315 0.32449 0.28793 
1 0.98585 0.95955 0.92308 0.87593 0.8236 0.76686 0.70978 0.65494 0.60133 0.55115 0.50376 0.45801 0.41479 0.37528 0.3368 0.30149 0.26875 0.23853 0.2097 
1 0.98566 0.96055 0.92373 0.87613 0.82072 0.76377 0.70816 0.65488 0.60399 0.55806 0.51385 0.47267 0.43288 0.39703 0.36323 0.33209 0.30231 0.27351 0.24488 
1 0.98688 0.96432 0.93012 0.88637 0.83527 0.78097 0.72588 0.67167 0.61934 0.56916 0.52268 0.47889 0.43531 0.39441 0.35567 0.31865 0.28433 0.25149 0.22204 
1 0.98696 0.96496 0.93381 0.89058 0.84377 0.79392 0.7428 0.69204 0.64374 0.597 0.55194 0.50916 0.46879 0.43064 0.39265 0.35703 0.32476 0.29368 0.26301 
1 0.98732 0.96602 0.93588 0.89599 0.85125 0.80325 0.7553 0.70798 0.66272 0.61955 0.57838 0.53742 0.49943 0.4623 0.42575 0.39015 0.35436 0.3211 0.28805 
1 0.98551 0.96226 0.92737 0.88171 0.83054 0.77397 0.71782 0.66307 0.61 0.55959 0.51205 0.46697 0.42286 0.38124 0.34261 0.30496 0.27055 0.23781 0.20795 
1 0.98797 0.96777 0.93699 0.89822 0.85584 0.81062 0.7638 0.71653 0.67098 0.62513 0.58074 0.538 0.49569 0.45363 0.41291 0.37445 0.33626 0.3007 0.26761 
1 0.98531 0.96294 0.92864 0.88444 0.8337 0.78026 0.72612 0.67273 0.62008 0.56898 0.52099 0.475 0.43269 0.39186 0.35479 0.3188 0.2852 0.25401 0.22399 
1 0.98721 0.96511 0.9337 0.89404 0.84912 0.80328 0.75689 0.71174 0.66517 0.61904 0.57444 0.53 0.48565 0.44317 0.40135 0.36174 0.32374 0.2881 0.25515 
1 0.98612 0.96279 0.93016 0.88668 0.8383 0.78732 0.73257 0.67917 0.6274 0.57835 0.5308 0.48814 0.44847 0.41062 0.37375 0.33967 0.30946 0.28129 0.25401 
1 0.98522 0.96009 0.92362 0.8789 0.82922 0.77651 0.72527 0.67265 0.62299 0.57578 0.53149 0.49017 0.45134 0.41332 0.37702 0.34357 0.31179 0.28151 0.25184 
1 0.98548 0.96095 0.92483 0.87967 0.82814 0.77348 0.71898 0.667 0.61615 0.5667 0.51975 0.47415 0.43107 0.39065 0.35085 0.31375 0.27836 0.24515 0.21466 
1 0.98626 0.96393 0.93104 0.89009 0.84124 0.79084 0.73907 0.68756 0.6354 0.58461 0.53631 0.48963 0.44638 0.40645 0.36712 0.33116 0.29771 0.26513 0.2342 
1 0.98652 0.96381 0.93008 0.88909 0.84044 0.78881 0.73722 0.68588 0.63562 0.58744 0.54004 0.49375 0.45031 0.40959 0.37103 0.33414 0.29977 0.26663 0.23544 
1 0.9857 0.96208 0.92669 0.8803 0.82638 0.77085 0.7133 0.65754 0.60224 0.549 0.49848 0.45066 0.40526 0.3639 0.32461 0.28824 0.25369 0.22318 0.19449 
1 0.98785 0.96752 0.93779 0.89866 0.85304 0.80273 0.75054 0.6991 0.65028 0.60304 0.55747 0.5141 0.4734 0.43327 0.3947 0.35655 0.32192 0.28785 0.25569 
1 0.98827 0.96866 0.93774 0.89774 0.85197 0.80363 0.75334 0.70514 0.65673 0.61099 0.56642 0.52435 0.48459 0.44616 0.4087 0.37308 0.33947 0.30602 0.27443 
1 0.98645 0.96574 0.93427 0.89223 0.84517 0.79413 0.74319 0.69211 0.64374 0.59751 0.55342 0.51243 0.47224 0.43373 0.39699 0.36162 0.32712 0.29405 0.26264 
1 0.98559 0.96131 0.92513 0.87947 0.82665 0.77363 0.71873 0.66607 0.61626 0.56786 0.52153 0.47792 0.43544 0.39489 0.35557 0.31882 0.28527 0.25322 0.22403 
1 0.98637 0.96266 0.92939 0.88609 0.83593 0.78494 0.73216 0.68114 0.63134 0.58454 0.53909 0.49824 0.45667 0.41923 0.38204 0.3467 0.31291 0.28031 0.2499 
1 0.98644 0.96213 0.92577 0.87851 0.82481 0.76766 0.71219 0.65598 0.6047 0.55509 0.5104 0.46858 0.42823 0.3902 0.35394 0.31912 0.28602 0.25627 0.22845 
1 0.9874 0.9671 0.93563 0.89551 0.84908 0.79953 0.74879 0.69904 0.65054 0.60251 0.55568 0.50912 0.46501 0.42303 0.3825 0.34476 0.30932 0.27571 0.24381 
1 0.98529 0.96194 0.92665 0.88083 0.82945 0.77629 0.72214 0.66996 0.62048 0.57253 0.52736 0.48467 0.44397 0.40387 0.36746 0.3314 0.2968 0.26393 0.23283 
1 0.98514 0.96049 0.92408 0.87786 0.82587 0.77172 0.72082 0.67064 0.62325 0.57839 0.53507 0.49416 0.45594 0.41943 0.38548 0.35207 0.31955 0.28729 0.25744 
1 0.98811 0.9669 0.93592 0.89576 0.849 0.79977 0.75042 0.70015 0.65076 0.60183 0.55279 0.50759 0.46319 0.42067 0.38006 0.34227 0.30631 0.27163 0.23914 
1 0.98694 0.96425 0.93252 0.89205 0.84377 0.79373 0.74125 0.68949 0.64002 0.59097 0.54288 0.49658 0.45207 0.40864 0.36809 0.33093 0.29499 0.26188 0.23105 
1 0.98702 0.96601 0.93594 0.89625 0.85058 0.8014 0.75227 0.70201 0.65329 0.60568 0.55913 0.51237 0.46683 0.42491 0.38463 0.34577 0.30926 0.2753 0.24267 
1 0.98553 0.96085 0.9251 0.87892 0.82611 0.77065 0.71523 0.66031 0.6097 0.56105 0.51507 0.47271 0.43178 0.39309 0.35597 0.32173 0.28958 0.25856 0.22858 
1 0.9864 0.96424 0.93102 0.88647 0.83555 0.78189 0.72785 0.67459 0.62436 0.57659 0.53069 0.48672 0.44479 0.40473 0.36666 0.33196 0.29872 0.26745 0.2383 
1 0.98781 0.96752 0.93641 0.89575 0.84758 0.79411 0.74033 0.68728 0.63476 0.58473 0.53562 0.4905 0.44783 0.40803 0.37195 0.336 0.30255 0.27124 0.24105 
