1 0.900133 0.73281 0.498353 0.251973 0.0841933 0.017855 0.002515 0.000316667 6.83333e-05 1.33333e-05 0 0 0 0 0 0 0 0 0 
1 0.896835 0.724967 0.486102 0.240913 0.0796083 0.0161917 0.00205833 0.000151667 1.33333e-05 1.66667e-06 0 0 0 0 0 0 0 0 0 
1 0.901283 0.735613 0.502207 0.25738 0.0885683 0.0198683 0.003655 0.000766667 0.000213333 3.83333e-05 3.33333e-06 0 0 0 0 0 0 0 0 
1 0.89672 0.727262 0.490837 0.245793 0.081785 0.0168033 0.00220167 0.000175 8.33333e-06 0 0 0 0 0 0 0 0 0 0 
1 0.898783 0.730273 0.493545 0.247125 0.0813833 0.0165367 0.00203667 0.000151667 3.33333e-06 0 0 0 0 0 0 0 0 0 0 
1 0.899748 0.73256 0.498377 0.253878 0.0879433 0.0200717 0.00323167 0.000393333 2.83333e-05 0 0 0 0 0 0 0 0 0 0 
1 0.900995 0.734782 0.501683 0.256453 0.0862567 0.01793 0.00235 0.00019 1.66667e-05 0 0 0 0 0 0 0 0 0 0 
1 0.899432 0.73088 0.496123 0.252085 0.0853167 0.0185283 0.002875 0.000413333 4.16667e-05 5e-06 0 0 0 0 0 0 0 0 0 
1 0.899535 0.730283 0.49556 0.249205 0.0836683 0.018225 0.002875 0.000405 3.33333e-05 1.66667e-06 0 0 0 0 0 0 0 0 0 
1 0.901152 0.736532 0.503828 0.25732 0.0868367 0.018025 0.00247 0.000318333 3.66667e-05 0 0 0 0 0 0 0 0 0 0 
1 0.900447 0.735208 0.503608 0.259782 0.0903667 0.0206433 0.00347167 0.000493333 6.5e-05 1.66667e-06 0 0 0 0 0 0 0 0 0 
1 0.899708 0.733985 0.501587 0.256118 0.0862883 0.0183617 0.00259 0.000253333 1.66667e-05 1.66667e-06 0 0 0 0 0 0 0 0 0 
1 0.900977 0.735085 0.500578 0.25476 0.0848783 0.0175867 0.00247 0.000205 1.5e-05 3.33333e-06 0 0 0 0 0 0 0 0 0 
1 0.899032 0.731558 0.496538 0.250488 0.0837083 0.0177167 0.00240167 0.000223333 1.16667e-05 1.66667e-06 0 0 0 0 0 0 0 0 0 
1 0.897898 0.728042 0.489953 0.24462 0.0807733 0.016915 0.002185 0.00019 1e-05 1.66667e-06 0 0 0 0 0 0 0 0 0 
1 0.900637 0.736042 0.501242 0.253707 0.08518 0.01806 0.00241833 0.000245 1.5e-05 0 0 0 0 0 0 0 0 0 0 
1 0.899778 0.732362 0.496812 0.251797 0.0857567 0.01866 0.00297167 0.000395 4e-05 0 0 0 0 0 0 0 0 0 0 
1 0.89975 0.733545 0.498008 0.253217 0.0855667 0.0184867 0.002555 0.000198333 1.16667e-05 1.38778e-17 0 0 0 0 0 0 0 0 0 
1 0.9006 0.734402 0.501473 0.256457 0.08847 0.0193683 0.00278333 0.000288333 1.66667e-05 0 0 0 0 0 0 0 0 0 0 
1 0.901768 0.736785 0.502848 0.257388 0.0879833 0.0190383 0.00261333 0.00022 1.33333e-05 0 0 0 0 0 0 0 0 0 0 
1 0.8995 0.732075 0.497303 0.251397 0.0850517 0.0183767 0.002645 0.00029 1.83333e-05 0 0 0 0 0 0 0 0 0 0 
1 0.900013 0.732738 0.498485 0.252042 0.083395 0.016665 0.001995 0.000161667 3.33333e-06 0 0 0 0 0 0 0 0 0 0 
1 0.898533 0.730112 0.495643 0.248908 0.082095 0.01658 0.00212333 0.000168333 1.66667e-05 0 0 0 0 0 0 0 0 0 0 
1 0.897438 0.72706 0.489275 0.242197 0.077985 0.01557 0.00197833 0.00016 0 0 0 0 0 0 0 0 0 0 0 
1 0.899372 0.730773 0.495507 0.249023 0.0834683 0.0172917 0.00237 0.000168333 5e-06 0 0 0 0 0 0 0 0 0 0 
1 0.900962 0.736048 0.50368 0.259043 0.0898367 0.0201033 0.00286167 0.000251667 1.16667e-05 0 0 0 0 0 0 0 0 0 0 
1 0.89823 0.729465 0.494577 0.25024 0.0835817 0.017945 0.00252833 0.000243333 1.66667e-05 0 0 0 0 0 0 0 0 0 0 
1 0.900378 0.734127 0.498705 0.252147 0.0839783 0.0172383 0.00241 0.000236667 1.16667e-05 0 0 0 0 0 0 0 0 0 0 
1 0.900035 0.733173 0.4983 0.251268 0.0832783 0.01699 0.00219667 0.000165 1e-05 0 0 0 0 0 0 0 0 0 0 
1 0.900618 0.735685 0.502203 0.256197 0.0856583 0.0176933 0.00231333 0.0002 5e-06 0 0 0 0 0 0 0 0 0 0 
1 0.898778 0.73029 0.493577 0.246302 0.0809217 0.0163217 0.00252333 0.000396667 7.66667e-05 6.66667e-06 0 0 0 0 0 0 0 0 0 
1 0.898658 0.731007 0.494028 0.246707 0.0813717 0.0165017 0.00218167 0.000221667 2.66667e-05 0 0 0 0 0 0 0 0 0 0 
1 0.899712 0.73303 0.50023 0.256612 0.0883967 0.0194667 0.00283833 0.000255 6.66667e-06 0 0 0 0 0 0 0 0 0 0 
1 0.901253 0.736422 0.504602 0.259058 0.0896467 0.0197033 0.00279167 0.000246667 6.66667e-06 0 0 0 0 0 0 0 0 0 0 
1 0.901935 0.737085 0.505302 0.26127 0.09265 0.0221017 0.00467833 0.000966667 0.000136667 1e-05 0 0 0 0 0 0 0 0 0 
1 0.90052 0.734318 0.500683 0.252973 0.0850283 0.018155 0.00262333 0.000298333 6.66667e-06 0 0 0 0 0 0 0 0 0 0 
1 0.901393 0.736722 0.503912 0.255967 0.0852817 0.0171267 0.001945 0.000128333 5e-06 0 0 0 0 0 0 0 0 0 0 
1 0.901485 0.736118 0.502277 0.256192 0.08625 0.0183933 0.00260833 0.000246667 2.66667e-05 0 0 0 0 0 0 0 0 0 0 
1 0.89704 0.725372 0.485753 0.238457 0.0753083 0.0140517 0.00147 9e-05 1.66667e-06 0 0 0 0 0 0 0 0 0 0 
1 0.899807 0.732957 0.498962 0.253523 0.0857183 0.018695 0.002505 0.000215 1.66667e-05 0 0 0 0 0 0 0 0 0 0 
1 0.900732 0.73554 0.50232 0.257838 0.0880083 0.0187017 0.00241833 0.00019 1.5e-05 0 0 0 0 0 0 0 0 0 0 
1 0.899458 0.732708 0.498575 0.252747 0.0846067 0.017535 0.00232167 0.000158333 0 0 0 0 0 0 0 0 0 0 0 
1 0.897587 0.727917 0.49019 0.245922 0.08219 0.0167633 0.00216 0.00019 1.33333e-05 1.66667e-06 0 0 0 0 0 0 0 0 0 
1 0.899768 0.733825 0.501353 0.256923 0.08874 0.0201833 0.00312333 0.000326667 1.83333e-05 0 0 0 0 0 0 0 0 0 0 
1 0.89997 0.73275 0.498163 0.249352 0.081465 0.0159167 0.001805 0.000115 1.66667e-06 0 0 0 0 0 0 0 0 0 0 
1 0.90156 0.73688 0.504248 0.258282 0.0889417 0.0200283 0.00304833 0.000426667 3.33333e-05 1.66667e-06 0 0 0 0 0 0 0 0 0 
1 0.898067 0.730228 0.494842 0.25002 0.0851017 0.0179283 0.00237667 0.000215 1.16667e-05 0 0 0 0 0 0 0 0 0 0 
1 0.899162 0.73129 0.49566 0.248858 0.0828417 0.016665 0.00203667 0.000141667 3.33333e-06 0 0 0 0 0 0 0 0 0 0 
1 0.89899 0.730825 0.495173 0.248137 0.0821367 0.0172483 0.002375 0.000215 6.66667e-06 0 0 0 0 0 0 0 0 0 0 
1 0.899712 0.732615 0.497043 0.251338 0.0845483 0.0177917 0.00247167 0.000206667 1.66667e-05 0 0 0 0 0 0 0 0 0 0 
1 0.902365 0.738742 0.507202 0.261843 0.0910867 0.0203083 0.003245 0.000365 3.16667e-05 5e-06 0 0 0 0 0 0 0 0 0 
1 0.899487 0.731217 0.493952 0.246162 0.0800217 0.0155033 0.0018 0.000153333 8.33333e-06 0 0 0 0 0 0 0 0 0 0 
1 0.898757 0.728827 0.491882 0.245217 0.0789583 0.0152417 0.00183167 0.000125 3.33333e-06 0 0 0 0 0 0 0 0 0 0 
1 0.898832 0.731185 0.496295 0.24943 0.0829567 0.0171083 0.00219833 0.000195 1.83333e-05 0 0 0 0 0 0 0 0 0 0 
1 0.899767 0.733052 0.498843 0.253732 0.0862733 0.0187717 0.00278 0.000315 1.66667e-05 0 0 0 0 0 0 0 0 0 0 
1 0.900903 0.736995 0.503023 0.257038 0.0866833 0.0185217 0.00231667 0.000176667 1.16667e-05 0 0 0 0 0 0 0 0 0 0 
1 0.898937 0.73004 0.49448 0.247845 0.080655 0.0156533 0.00186 0.00015 1.16667e-05 0 0 0 0 0 0 0 0 0 0 
1 0.9006 0.734687 0.499235 0.252958 0.0847517 0.0183783 0.00284833 0.000318333 4.16667e-05 3.33333e-06 0 0 0 0 0 0 0 0 0 
1 0.900362 0.73443 0.5015 0.257207 0.0887667 0.0196 0.00300167 0.000325 4.16667e-05 5e-06 0 0 0 0 0 0 0 0 0 
1 0.90026 0.733557 0.499413 0.252617 0.0833767 0.016745 0.00198667 0.000153333 6.66667e-06 0 0 0 0 0 0 0 0 0 0 
1 0.900432 0.73652 0.504903 0.261612 0.0924967 0.02172 0.00375333 0.000446667 4.16667e-05 0 0 0 0 0 0 0 0 0 0 
1 0.898903 0.731807 0.495125 0.249907 0.0837033 0.0180967 0.00271833 0.000303333 2.83333e-05 0 0 0 0 0 0 0 0 0 0 
1 0.898512 0.728627 0.49132 0.24582 0.081815 0.0174267 0.00245167 0.00031 2.83333e-05 1.66667e-06 0 0 0 0 0 0 0 0 0 
1 0.901788 0.736608 0.503345 0.256777 0.0864033 0.0184967 0.00284833 0.000393333 3.33333e-05 1.66667e-06 0 0 0 0 0 0 0 0 0 
1 0.900005 0.731843 0.497222 0.25033 0.0839183 0.018615 0.00279667 0.000321667 1.16667e-05 0 0 0 0 0 0 0 0 0 0 
1 0.900337 0.733903 0.500087 0.255538 0.08746 0.0192283 0.002915 0.000281667 2.5e-05 0 0 0 0 0 0 0 0 0 0 
1 0.898068 0.73153 0.496667 0.253348 0.08592 0.01857 0.00272 0.000276667 2.16667e-05 0 0 0 0 0 0 0 0 0 0 
1 0.901142 0.73714 0.504783 0.25879 0.0877433 0.0189867 0.00258333 0.000185 8.33333e-06 0 0 0 0 0 0 0 0 0 0 
1 0.898915 0.730133 0.495205 0.247023 0.08044 0.01592 0.00181 9.83333e-05 6.66667e-06 0 0 0 0 0 0 0 0 0 0 
1 0.901012 0.735522 0.502538 0.256325 0.08732 0.0189733 0.00294 0.000306667 2e-05 1.66667e-06 0 0 0 0 0 0 0 0 0 
1 0.899122 0.730838 0.496168 0.250493 0.0836 0.017165 0.002335 0.000198333 3.33333e-06 0 0 0 0 0 0 0 0 0 0 
1 0.899428 0.73239 0.498137 0.253045 0.0855183 0.018105 0.00226833 0.000181667 6.66667e-06 1.66667e-06 0 0 0 0 0 0 0 0 0 
1 0.900228 0.73433 0.50151 0.256088 0.0864033 0.0181217 0.00256333 0.000233333 1.33333e-05 0 0 0 0 0 0 0 0 0 0 
1 0.900745 0.735815 0.502612 0.256845 0.088105 0.0188267 0.00253833 0.000208333 8.33333e-06 1.66667e-06 0 0 0 0 0 0 0 0 0 
1 0.902308 0.738925 0.507363 0.262385 0.0911283 0.0204333 0.00296333 0.000228333 5e-06 0 0 0 0 0 0 0 0 0 0 
1 0.900427 0.733815 0.500657 0.255732 0.0875567 0.01904 0.00278667 0.00031 3.33333e-05 0 0 0 0 0 0 0 0 0 0 
1 0.898682 0.731323 0.495803 0.248925 0.08259 0.0170067 0.00213833 0.00013 3.33333e-06 0 0 0 0 0 0 0 0 0 0 
1 0.899002 0.731203 0.49628 0.25014 0.083675 0.0177983 0.002245 0.000185 6.66667e-06 0 0 0 0 0 0 0 0 0 0 
1 0.900077 0.73342 0.498437 0.25081 0.082055 0.01649 0.00214667 0.0002 3.33333e-06 0 0 0 0 0 0 0 0 0 0 
1 0.900685 0.734198 0.499938 0.2539 0.0853083 0.0181567 0.002545 0.000258333 1e-05 0 0 0 0 0 0 0 0 0 0 
1 0.900865 0.73564 0.501513 0.252928 0.0833933 0.016845 0.00202167 0.0002 1.33333e-05 0 0 0 0 0 0 0 0 0 0 
1 0.900983 0.735537 0.502402 0.257447 0.0870117 0.018125 0.00251333 0.000241667 8.33333e-06 0 0 0 0 0 0 0 0 0 0 
1 0.898885 0.731618 0.497485 0.252067 0.0858617 0.018715 0.002855 0.000375 7.16667e-05 1e-05 0 0 0 0 0 0 0 0 0 
1 0.899622 0.732192 0.499362 0.253993 0.086865 0.0191917 0.00308167 0.000525 7e-05 1.66667e-06 0 0 0 0 0 0 0 0 0 
1 0.898982 0.730805 0.495227 0.24884 0.0828133 0.0165117 0.00193667 0.000133333 3.33333e-06 0 0 0 0 0 0 0 0 0 0 
1 0.900693 0.733487 0.499365 0.252742 0.084525 0.0179167 0.00248 0.000251667 1.33333e-05 0 0 0 0 0 0 0 0 0 0 
1 0.900057 0.732228 0.49751 0.250903 0.08283 0.0161967 0.001815 0.000106667 3.33333e-06 0 0 0 0 0 0 0 0 0 0 
1 0.900348 0.73393 0.499498 0.253355 0.0859417 0.0186117 0.00279333 0.0004 6.16667e-05 3.33333e-06 0 0 0 0 0 0 0 0 0 
1 0.898462 0.72897 0.493102 0.24734 0.0827017 0.016845 0.00210167 0.000163333 1e-05 1.66667e-06 0 0 0 0 0 0 0 0 0 
1 0.901447 0.736642 0.503328 0.256595 0.086245 0.0183467 0.00261833 0.000313333 1.66667e-05 0 0 0 0 0 0 0 0 0 0 
1 0.898247 0.728342 0.49144 0.24438 0.07958 0.015965 0.00199667 0.000188333 1e-05 0 0 0 0 0 0 0 0 0 0 
1 0.89769 0.727248 0.49165 0.247 0.0830383 0.01835 0.00298833 0.000308333 1.16667e-05 0 0 0 0 0 0 0 0 0 0 
1 0.900962 0.73515 0.502043 0.255917 0.0862567 0.0180617 0.00218667 0.000133333 3.33333e-06 0 0 0 0 0 0 0 0 0 0 
1 0.903628 0.741657 0.512288 0.266162 0.0938817 0.0204333 0.00261333 0.000173333 1.16667e-05 0 0 0 0 0 0 0 0 0 0 
1 0.89847 0.729513 0.493748 0.247472 0.0807983 0.016155 0.00210667 0.000195 1.33333e-05 1.66667e-06 0 0 0 0 0 0 0 0 0 
1 0.900887 0.734257 0.501205 0.25526 0.0865867 0.018565 0.00250667 0.000281667 3.33333e-05 1.66667e-06 0 0 0 0 0 0 0 0 0 
1 0.900402 0.733157 0.498468 0.2516 0.0839483 0.0172017 0.00215 0.000135 3.33333e-06 0 0 0 0 0 0 0 0 0 0 
1 0.897348 0.726695 0.490215 0.245143 0.0806633 0.0168783 0.00239 0.000163333 0 0 0 0 0 0 0 0 0 0 0 
1 0.899412 0.732517 0.499073 0.253993 0.0865 0.019055 0.00287667 0.000338333 5.16667e-05 6.66667e-06 0 0 0 0 0 0 0 0 0 
1 0.898983 0.729668 0.493782 0.247653 0.0816167 0.0170133 0.002345 0.000216667 1e-05 0 0 0 0 0 0 0 0 0 0 
1 0.900707 0.734077 0.500042 0.252993 0.0842383 0.0169483 0.00207333 0.00013 1.66667e-06 0 0 0 0 0 0 0 0 0 0 
1 0.90123 0.735683 0.503045 0.25718 0.088135 0.0188367 0.00256833 0.000215 1.16667e-05 0 0 0 0 0 0 0 0 0 0 
1 0.898953 0.731378 0.494645 0.247668 0.08225 0.0165433 0.00203667 0.000125 1.66667e-06 0 0 0 0 0 0 0 0 0 0 
1 0.901293 0.734662 0.50118 0.254895 0.08576 0.018365 0.00242833 0.000185 6.66667e-06 0 0 0 0 0 0 0 0 0 0 
1 0.899568 0.734107 0.498547 0.252733 0.084855 0.01799 0.00278333 0.000435 3.66667e-05 0 0 0 0 0 0 0 0 0 0 
1 0.898443 0.72887 0.492122 0.24574 0.0814383 0.01749 0.002665 0.000273333 1.83333e-05 1.38778e-17 0 0 0 0 0 0 0 0 0 
1 0.90065 0.736497 0.505575 0.260303 0.0912767 0.0214867 0.003975 0.00066 0.00011 1.83333e-05 3.33333e-06 0 0 0 0 0 0 0 0 
1 0.899148 0.731893 0.49753 0.250697 0.082895 0.0169083 0.00223167 0.000205 1.33333e-05 0 0 0 0 0 0 0 0 0 0 
1 0.900378 0.733682 0.50005 0.254487 0.0856533 0.0180033 0.00236 0.000205 1.33333e-05 3.33333e-06 0 0 0 0 0 0 0 0 0 
1 0.898423 0.728193 0.492683 0.247345 0.0827767 0.0177267 0.00253833 0.000228333 1.16667e-05 0 0 0 0 0 0 0 0 0 0 
1 0.898928 0.730577 0.495183 0.249972 0.0838517 0.017975 0.00236167 0.00021 1.83333e-05 0 0 0 0 0 0 0 0 0 0 
1 0.898932 0.731628 0.497233 0.250607 0.0841017 0.0182317 0.00278 0.000388333 4.16667e-05 8.33333e-06 1.66667e-06 1.66667e-06 0 0 0 0 0 0 0 
1 0.89843 0.730243 0.494855 0.248218 0.082585 0.0169917 0.00243167 0.000266667 2.5e-05 1.66667e-06 0 0 0 0 0 0 0 0 0 
1 0.899053 0.731918 0.496458 0.24996 0.0825583 0.0172083 0.00219333 0.000195 1.5e-05 0 0 0 0 0 0 0 0 0 0 
1 0.897932 0.728445 0.490828 0.244957 0.0808667 0.016305 0.001925 0.000128333 8.33333e-06 1.66667e-06 0 0 0 0 0 0 0 0 0 
1 0.899528 0.733508 0.50068 0.258385 0.0904133 0.0207433 0.00292667 0.00023 1.66667e-05 0 0 0 0 0 0 0 0 0 0 
1 0.901877 0.737535 0.505155 0.259592 0.089965 0.0208683 0.00331333 0.00044 3.5e-05 5e-06 0 0 0 0 0 0 0 0 0 
1 0.899462 0.731 0.49515 0.24855 0.0817417 0.01636 0.00215667 0.000205 5e-06 0 0 0 0 0 0 0 0 0 0 
1 0.899262 0.732178 0.496698 0.2496 0.08309 0.0170583 0.00221333 0.000166667 6.66667e-06 0 0 0 0 0 0 0 0 0 0 
1 0.897388 0.726363 0.488588 0.24268 0.07753 0.0148517 0.00159667 0.000141667 1.66667e-06 0 0 0 0 0 0 0 0 0 0 
1 0.901125 0.735757 0.502032 0.255117 0.0857567 0.0179467 0.00231167 0.000216667 2.83333e-05 0 0 0 0 0 0 0 0 0 0 
1 0.902918 0.73977 0.510213 0.26279 0.0918533 0.020725 0.003045 0.000281667 1.66667e-05 0 0 0 0 0 0 0 0 0 0 
1 0.898437 0.727367 0.490667 0.243948 0.0795767 0.0155267 0.00203667 0.000223333 2.83333e-05 1.66667e-06 0 0 0 0 0 0 0 0 0 
1 0.900422 0.735208 0.500008 0.253418 0.0845717 0.0174367 0.00228667 0.000323333 3e-05 1.66667e-06 1.66667e-06 0 0 0 0 0 0 0 0 
1 0.89878 0.73036 0.494513 0.248912 0.082435 0.0173 0.00251333 0.000306667 2e-05 0 0 0 0 0 0 0 0 0 0 
1 0.900827 0.734973 0.502038 0.256418 0.08667 0.018715 0.002565 0.0003 4e-05 6.66667e-06 1.66667e-06 0 0 0 0 0 0 0 0 
1 0.89914 0.73147 0.495695 0.248065 0.0809933 0.0157367 0.00194 0.000195 1.16667e-05 3.33333e-06 0 0 0 0 0 0 0 0 0 
1 0.90157 0.737567 0.50446 0.258152 0.0878283 0.0188783 0.00265833 0.000228333 1.66667e-05 0 0 0 0 0 0 0 0 0 0 
1 0.899695 0.73061 0.49287 0.243543 0.078425 0.0151917 0.00183 0.000111667 1.66667e-06 0 0 0 0 0 0 0 0 0 0 
1 0.900863 0.734875 0.501178 0.254767 0.0856567 0.0179433 0.00234 0.00021 1.66667e-05 0 0 0 0 0 0 0 0 0 0 
1 0.899487 0.732368 0.495932 0.24808 0.08086 0.0162017 0.00209167 0.000188333 8.33333e-06 0 0 0 0 0 0 0 0 0 0 
1 0.89944 0.731213 0.495808 0.249545 0.0826033 0.0169683 0.00230667 0.000181667 8.33333e-06 0 0 0 0 0 0 0 0 0 0 
1 0.901475 0.736845 0.504577 0.257892 0.0888017 0.0197583 0.00279 0.00022 1.83333e-05 0 0 0 0 0 0 0 0 0 0 
1 0.900317 0.734032 0.501777 0.256038 0.0864517 0.0176583 0.002185 0.000175 5e-06 0 0 0 0 0 0 0 0 0 0 
1 0.899117 0.730693 0.49446 0.249337 0.0842283 0.0176317 0.002235 0.000165 1.83333e-05 0 0 0 0 0 0 0 0 0 0 
1 0.900047 0.732832 0.498275 0.252587 0.0849133 0.0172633 0.00208167 0.000145 3.33333e-06 0 0 0 0 0 0 0 0 0 0 
1 0.902215 0.737485 0.503928 0.257487 0.0861933 0.017265 0.00198833 0.000121667 3.33333e-06 0 0 0 0 0 0 0 0 0 0 
1 0.899682 0.731752 0.495825 0.250683 0.0835033 0.0177917 0.002605 0.000248333 1.16667e-05 1.66667e-06 0 0 0 0 0 0 0 0 0 
1 0.898048 0.72784 0.489977 0.243432 0.0795267 0.0155533 0.00185 0.00015 3.33333e-06 0 0 0 0 0 0 0 0 0 0 
1 0.89796 0.729488 0.492383 0.24445 0.0789867 0.0157933 0.00194333 0.000126667 5e-06 0 0 0 0 0 0 0 0 0 0 
1 0.899785 0.732528 0.496603 0.250503 0.0831767 0.0172433 0.00221 0.000181667 1.16667e-05 0 0 0 0 0 0 0 0 0 0 
1 0.89995 0.734 0.501203 0.256567 0.0898567 0.0213083 0.00371667 0.000498333 4.33333e-05 6.66667e-06 0 0 0 0 0 0 0 0 0 
1 0.90115 0.735383 0.502323 0.25696 0.08763 0.0188283 0.00252667 0.000225 1.5e-05 0 0 0 0 0 0 0 0 0 0 
1 0.899073 0.728792 0.492448 0.24565 0.079805 0.0161967 0.00214667 0.000161667 8.33333e-06 0 0 0 0 0 0 0 0 0 0 
1 0.901815 0.738215 0.506042 0.260482 0.0896717 0.019345 0.002535 0.000236667 1.5e-05 0 0 0 0 0 0 0 0 0 0 
1 0.901203 0.737078 0.50463 0.25793 0.0868033 0.0178183 0.00220667 0.000175 1.16667e-05 0 0 0 0 0 0 0 0 0 0 
1 0.902797 0.738195 0.506782 0.261483 0.091585 0.0210217 0.00353 0.000423333 5.5e-05 6.66667e-06 0 0 0 0 0 0 0 0 0 
1 0.901338 0.735172 0.500905 0.252807 0.084435 0.01713 0.00212333 0.000118333 6.66667e-06 0 0 0 0 0 0 0 0 0 0 
1 0.902138 0.7385 0.507745 0.263005 0.0913367 0.0200267 0.00285167 0.000321667 2.16667e-05 1.66667e-06 0 0 0 0 0 0 0 0 0 
1 0.900043 0.732682 0.498298 0.25209 0.085795 0.0191133 0.003235 0.000568333 0.000121667 2e-05 0 0 0 0 0 0 0 0 0 
1 0.899678 0.73288 0.498243 0.253585 0.087225 0.0197267 0.00304833 0.000331667 3.5e-05 0 0 0 0 0 0 0 0 0 0 
1 0.901005 0.736585 0.504022 0.257677 0.0884567 0.0190817 0.002985 0.000426667 7.5e-05 1.66667e-06 0 0 0 0 0 0 0 0 0 
1 0.899058 0.730058 0.494695 0.249282 0.084 0.0182533 0.00268833 0.00032 5e-06 0 0 0 0 0 0 0 0 0 0 
1 0.899998 0.733828 0.502043 0.257218 0.0885617 0.01959 0.002795 0.000308333 1.5e-05 1.66667e-06 0 0 0 0 0 0 0 0 0 
1 0.902072 0.739377 0.508722 0.26312 0.092075 0.0203067 0.00308167 0.000323333 3e-05 0 0 0 0 0 0 0 0 0 0 
1 0.901342 0.73543 0.501957 0.25554 0.0862933 0.01813 0.00227 0.00018 1e-05 1.66667e-06 0 0 0 0 0 0 0 0 0 
1 0.90099 0.736595 0.504235 0.256423 0.086055 0.0180783 0.00260833 0.00023 1.83333e-05 1.66667e-06 0 0 0 0 0 0 0 0 0 
1 0.899263 0.73221 0.497437 0.2513 0.0840433 0.017335 0.00219333 0.000151667 5e-06 0 0 0 0 0 0 0 0 0 0 
1 0.898793 0.730217 0.494357 0.24687 0.08115 0.01592 0.001825 0.000156667 1e-05 0 0 0 0 0 0 0 0 0 0 
1 0.901532 0.736142 0.502895 0.256532 0.0866433 0.017645 0.00231333 0.000151667 1.5e-05 0 0 0 0 0 0 0 0 0 0 
1 0.899112 0.732482 0.497355 0.25106 0.0818667 0.0159467 0.001785 0.000151667 3.33333e-06 0 0 0 0 0 0 0 0 0 0 
1 0.901287 0.737282 0.505492 0.259733 0.0892467 0.0189983 0.00256667 0.000206667 8.33333e-06 0 0 0 0 0 0 0 0 0 0 
1 0.899338 0.732018 0.498913 0.254327 0.0874383 0.0194033 0.00288 0.000403333 3.66667e-05 0 0 0 0 0 0 0 0 0 0 
1 0.89969 0.732342 0.498902 0.252637 0.0847567 0.0174833 0.00231833 0.000263333 1.5e-05 0 0 0 0 0 0 0 0 0 0 
1 0.901028 0.737172 0.505515 0.261445 0.0912683 0.020445 0.00288333 0.000251667 1.16667e-05 0 0 0 0 0 0 0 0 0 0 
1 0.900253 0.735273 0.502758 0.256035 0.08711 0.0186417 0.00235167 0.000136667 3.33333e-06 0 0 0 0 0 0 0 0 0 0 
1 0.898685 0.729455 0.492667 0.246433 0.08114 0.01633 0.00197667 0.000156667 8.33333e-06 0 0 0 0 0 0 0 0 0 0 
1 0.901587 0.737852 0.506217 0.261088 0.0900067 0.0190133 0.002415 0.000195 6.66667e-06 0 0 0 0 0 0 0 0 0 0 
1 0.900932 0.734452 0.501352 0.256893 0.0883767 0.019535 0.00287167 0.000308333 2e-05 3.33333e-06 0 0 0 0 0 0 0 0 0 
1 0.897375 0.726503 0.489175 0.244778 0.0811367 0.0170433 0.00233333 0.000195 5e-06 1.66667e-06 0 0 0 0 0 0 0 0 0 
1 0.900463 0.734 0.500792 0.255903 0.0869817 0.018085 0.00243333 0.000273333 2.66667e-05 1.66667e-06 0 0 0 0 0 0 0 0 0 
1 0.90035 0.73334 0.498493 0.250432 0.0823367 0.016595 0.00190833 0.000145 6.66667e-06 0 0 0 0 0 0 0 0 0 0 
1 0.898985 0.731702 0.497387 0.251787 0.0857583 0.0186133 0.00254667 0.000281667 2e-05 0 0 0 0 0 0 0 0 0 0 
1 0.900163 0.733237 0.498845 0.254085 0.086605 0.0188533 0.00273167 0.000316667 3.16667e-05 1.66667e-06 0 0 0 0 0 0 0 0 0 
1 0.897965 0.727893 0.490995 0.245895 0.0814767 0.0168717 0.00212167 0.000186667 8.33333e-06 0 0 0 0 0 0 0 0 0 0 
1 0.900412 0.734895 0.50176 0.256845 0.0872067 0.0185133 0.00242333 0.00014 6.66667e-06 0 0 0 0 0 0 0 0 0 0 
1 0.902123 0.738662 0.507412 0.261883 0.0901633 0.0196333 0.00294333 0.000288333 1e-05 0 0 0 0 0 0 0 0 0 0 
1 0.900808 0.734512 0.499283 0.25255 0.0841583 0.01671 0.00204667 0.000173333 6.66667e-06 0 0 0 0 0 0 0 0 0 0 
1 0.899183 0.731735 0.49745 0.251647 0.0834567 0.0169933 0.00223 0.000158333 1e-05 0 0 0 0 0 0 0 0 0 0 
1 0.899787 0.734323 0.501452 0.255075 0.0854783 0.017815 0.00251833 0.000278333 4e-05 1.16667e-05 0 0 0 0 0 0 0 0 0 
1 0.899128 0.730682 0.495113 0.250575 0.0847417 0.0183133 0.00243667 0.000196667 6.66667e-06 0 0 0 0 0 0 0 0 0 0 
1 0.900565 0.733228 0.499858 0.254205 0.0865217 0.0186433 0.002635 0.000261667 8.33333e-06 1.66667e-06 1.66667e-06 0 0 0 0 0 0 0 0 
1 0.900093 0.734675 0.50184 0.255795 0.0863517 0.0178117 0.00214 0.000181667 8.33333e-06 0 0 0 0 0 0 0 0 0 0 
1 0.902393 0.739893 0.509553 0.264965 0.09193 0.0202333 0.00301833 0.00031 2.83333e-05 0 0 0 0 0 0 0 0 0 0 
1 0.900898 0.735615 0.503317 0.257278 0.0870267 0.0181867 0.00268 0.000305 1.83333e-05 0 0 0 0 0 0 0 0 0 0 
1 0.900568 0.73545 0.502735 0.255342 0.0856983 0.0182117 0.00254333 0.000218333 5e-06 0 0 0 0 0 0 0 0 0 0 
1 0.902502 0.738967 0.507247 0.262585 0.0911683 0.0202533 0.00279667 0.000235 2e-05 1.66667e-06 0 0 0 0 0 0 0 0 0 
1 0.900715 0.734478 0.50156 0.253867 0.0846283 0.01719 0.00224833 0.000193333 1e-05 0 0 0 0 0 0 0 0 0 0 
1 0.90164 0.736943 0.50367 0.257128 0.0872 0.01862 0.00258167 0.000253333 5e-06 0 0 0 0 0 0 0 0 0 0 
1 0.900472 0.73518 0.502397 0.25604 0.08545 0.01741 0.00215333 0.000195 1.5e-05 0 0 0 0 0 0 0 0 0 0 
1 0.901465 0.737347 0.505713 0.261252 0.0910317 0.020415 0.00274833 0.000196667 1.33333e-05 0 0 0 0 0 0 0 0 0 0 
1 0.89828 0.728955 0.491555 0.244303 0.0793317 0.0164133 0.00208833 0.0002 6.66667e-06 0 0 0 0 0 0 0 0 0 0 
1 0.899307 0.731608 0.497197 0.250863 0.0836333 0.0166667 0.00188333 0.000108333 5e-06 0 0 0 0 0 0 0 0 0 0 
1 0.900852 0.734825 0.502313 0.258785 0.088535 0.01907 0.00256167 0.000215 2.83333e-05 3.33333e-06 0 0 0 0 0 0 0 0 0 
1 0.89836 0.729397 0.493892 0.247365 0.0815033 0.0163933 0.00186 9.66667e-05 1.66667e-06 0 0 0 0 0 0 0 0 0 0 
1 0.9006 0.735182 0.503083 0.25817 0.0899033 0.0205667 0.00323167 0.000321667 1.83333e-05 0 0 0 0 0 0 0 0 0 0 
1 0.897758 0.727757 0.490523 0.245107 0.08139 0.016345 0.00197167 0.000113333 1.66667e-06 0 0 0 0 0 0 0 0 0 0 
1 0.901418 0.736957 0.504653 0.260033 0.090455 0.0198233 0.002615 0.000228333 1.83333e-05 5e-06 0 0 0 0 0 0 0 0 0 
1 0.900277 0.732977 0.497395 0.250998 0.0831817 0.0171533 0.00216167 0.000176667 3.33333e-06 0 0 0 0 0 0 0 0 0 0 
1 0.900633 0.735022 0.501552 0.253133 0.0844117 0.0174217 0.002155 0.000203333 1.16667e-05 0 0 0 0 0 0 0 0 0 0 
1 0.902637 0.739735 0.508955 0.26258 0.0904717 0.0202483 0.003125 0.00035 2.33333e-05 3.33333e-06 0 0 0 0 0 0 0 0 0 
1 0.899298 0.732143 0.497317 0.250235 0.0832133 0.01741 0.00239167 0.000256667 2.83333e-05 1.66667e-06 0 0 0 0 0 0 0 0 0 
1 0.89787 0.727707 0.489718 0.24213 0.078055 0.0152417 0.00198 0.000223333 1.16667e-05 1.66667e-06 0 0 0 0 0 0 0 0 0 
1 0.898388 0.730083 0.493 0.246357 0.0795217 0.0156517 0.0018 0.000155 1e-05 1.66667e-06 0 0 0 0 0 0 0 0 0 
1 0.899665 0.732328 0.498848 0.25258 0.08471 0.0178083 0.00251667 0.000288333 3.16667e-05 1.66667e-06 1.66667e-06 0 0 0 0 0 0 0 0 
1 0.899088 0.73126 0.49679 0.25354 0.0887183 0.0203167 0.00323 0.000285 1e-05 0 0 0 0 0 0 0 0 0 0 
1 0.899657 0.732345 0.494655 0.246848 0.0805767 0.0158167 0.001855 0.000131667 3.33333e-06 0 0 0 0 0 0 0 0 0 0 
1 0.89871 0.729027 0.49353 0.248207 0.081575 0.0164333 0.00219833 0.00027 4e-05 8.33333e-06 1.66667e-06 0 0 0 0 0 0 0 0 
1 0.899618 0.733138 0.498227 0.251505 0.0836033 0.0176 0.00242167 0.00022 1.16667e-05 0 0 0 0 0 0 0 0 0 0 
1 0.900168 0.734195 0.501263 0.2554 0.0869717 0.0190383 0.002795 0.000275 2.33333e-05 1.66667e-06 1.66667e-06 0 0 0 0 0 0 0 0 
1 0.900917 0.735283 0.501043 0.255722 0.08639 0.0180617 0.00223667 0.000193333 5e-06 1.66667e-06 0 0 0 0 0 0 0 0 0 
1 0.899947 0.73358 0.500312 0.254023 0.0858067 0.018005 0.002335 0.000166667 5e-06 0 0 0 0 0 0 0 0 0 0 
1 0.899003 0.730362 0.494822 0.247488 0.080275 0.01502 0.00166667 0.000123333 5e-06 0 0 0 0 0 0 0 0 0 0 
1 0.901542 0.735535 0.503282 0.25679 0.087575 0.0183017 0.00224833 0.000161667 1.83333e-05 1.66667e-06 0 0 0 0 0 0 0 0 0 
1 0.90173 0.737122 0.50457 0.258237 0.087715 0.0186517 0.00265 0.000281667 3.83333e-05 1.66667e-06 0 0 0 0 0 0 0 0 0 
1 0.89949 0.731845 0.4961 0.250092 0.0840217 0.0181683 0.00254833 0.000281667 1.83333e-05 0 0 0 0 0 0 0 0 0 0 
1 0.898973 0.732252 0.49744 0.251367 0.084655 0.017695 0.00214 0.000198333 6.66667e-06 0 0 0 0 0 0 0 0 0 0 
1 0.899745 0.731702 0.495693 0.250773 0.0837583 0.0174733 0.00221167 0.000206667 2.33333e-05 3.33333e-06 0 0 0 0 0 0 0 0 0 
1 0.900445 0.733123 0.500618 0.254875 0.0858067 0.0179717 0.002295 0.000215 1e-05 0 0 0 0 0 0 0 0 0 0 
1 0.900888 0.735033 0.502858 0.257537 0.08768 0.01912 0.00306667 0.000465 7.5e-05 6.66667e-06 0 0 0 0 0 0 0 0 0 
1 0.90283 0.74014 0.508637 0.26246 0.0906233 0.0196767 0.002785 0.000193333 1.16667e-05 0 0 0 0 0 0 0 0 0 0 
1 0.899805 0.733457 0.500165 0.253298 0.0847183 0.0176267 0.00226833 0.000183333 1e-05 0 0 0 0 0 0 0 0 0 0 
1 0.897377 0.726705 0.486837 0.240703 0.0775183 0.0157233 0.00196 0.000158333 3.33333e-06 0 0 0 0 0 0 0 0 0 0 
1 0.89844 0.727507 0.489963 0.242858 0.07787 0.0146 0.00153167 9.83333e-05 5e-06 0 0 0 0 0 0 0 0 0 0 
1 0.898447 0.728227 0.4899 0.24273 0.0788017 0.0156733 0.00193833 0.000188333 6.66667e-06 0 0 0 0 0 0 0 0 0 0 
1 0.900462 0.734855 0.502273 0.256707 0.08717 0.0182533 0.00232333 0.000143333 3.33333e-06 0 0 0 0 0 0 0 0 0 0 
1 0.901417 0.73681 0.505803 0.25969 0.0890017 0.01986 0.00282167 0.000236667 8.33333e-06 0 0 0 0 0 0 0 0 0 0 
1 0.900353 0.734248 0.50245 0.257295 0.0879917 0.0192083 0.00290833 0.000316667 2.16667e-05 1.66667e-06 0 0 0 0 0 0 0 0 0 
1 0.901295 0.73696 0.504337 0.261178 0.0911667 0.0202067 0.00285833 0.000251667 5e-06 0 0 0 0 0 0 0 0 0 0 
1 0.90076 0.734032 0.500112 0.254942 0.0850167 0.0175033 0.00234 0.000203333 2e-05 1.66667e-06 0 0 0 0 0 0 0 0 0 
1 0.900808 0.736162 0.502062 0.256155 0.0864967 0.0181717 0.00253833 0.000241667 2e-05 0 0 0 0 0 0 0 0 0 0 
1 0.898387 0.729555 0.492932 0.247483 0.0810167 0.0171333 0.00244333 0.000268333 1.33333e-05 0 0 0 0 0 0 0 0 0 0 
1 0.898523 0.728225 0.492102 0.246262 0.0809817 0.0164033 0.002025 0.000136667 5e-06 0 0 0 0 0 0 0 0 0 0 
1 0.901467 0.737037 0.504747 0.259077 0.0899517 0.02021 0.00304333 0.000368333 3.16667e-05 5e-06 0 0 0 0 0 0 0 0 0 
1 0.899793 0.733247 0.50035 0.254348 0.0861367 0.0178167 0.00233333 0.000196667 5e-06 0 0 0 0 0 0 0 0 0 0 
1 0.902735 0.739577 0.507887 0.263053 0.0923117 0.0208217 0.00314333 0.000368333 2.16667e-05 0 0 0 0 0 0 0 0 0 0 
1 0.899123 0.729245 0.491845 0.244567 0.080185 0.0164517 0.00199167 0.000193333 1.5e-05 0 0 0 0 0 0 0 0 0 0 
1 0.9039 0.741467 0.510163 0.263713 0.09063 0.0190067 0.00226333 0.000151667 3.33333e-06 0 0 0 0 0 0 0 0 0 0 
1 0.901313 0.73613 0.503257 0.258152 0.0892167 0.0204483 0.00339167 0.00044 4.83333e-05 0 0 0 0 0 0 0 0 0 0 
1 0.898342 0.729652 0.492897 0.246518 0.081955 0.0165933 0.00206833 0.000146667 1.66667e-06 0 0 0 0 0 0 0 0 0 0 
1 0.90068 0.734502 0.50283 0.25877 0.09038 0.0202783 0.00289833 0.000286667 1.83333e-05 0 0 0 0 0 0 0 0 0 0 
1 0.899417 0.732648 0.498063 0.252783 0.0860417 0.01924 0.003105 0.000376667 4e-05 1.66667e-06 0 0 0 0 0 0 0 0 0 
1 0.900113 0.73189 0.496597 0.249438 0.0826683 0.01703 0.00229833 0.000286667 3.5e-05 0 0 0 0 0 0 0 0 0 0 
1 0.90255 0.738668 0.505938 0.258963 0.086945 0.0175283 0.00186833 0.000101667 0 0 0 0 0 0 0 0 0 0 0 
1 0.901668 0.736157 0.503525 0.257838 0.0891183 0.0203433 0.00343667 0.000573333 9e-05 6.66667e-06 1.66667e-06 0 0 0 0 0 0 0 0 
1 0.9012 0.735762 0.504408 0.258525 0.0897133 0.020485 0.00326167 0.00036 2.5e-05 0 0 0 0 0 0 0 0 0 0 
1 0.89999 0.732568 0.497788 0.252235 0.08468 0.0177667 0.002315 0.000193333 5e-06 0 0 0 0 0 0 0 0 0 0 
1 0.90096 0.735695 0.500245 0.253285 0.084355 0.0175483 0.00229167 0.000213333 1.66667e-05 1.66667e-06 0 0 0 0 0 0 0 0 0 
1 0.898058 0.7274 0.488402 0.241508 0.0776433 0.0151 0.00186 0.000126667 8.33333e-06 0 0 0 0 0 0 0 0 0 0 
1 0.900528 0.734315 0.499953 0.254318 0.0855417 0.0179783 0.00248 0.000236667 1.16667e-05 0 0 0 0 0 0 0 0 0 0 
1 0.901245 0.735228 0.501683 0.25537 0.0857033 0.017775 0.002185 0.000163333 1.33333e-05 0 0 0 0 0 0 0 0 0 0 
1 0.897613 0.728678 0.492352 0.245667 0.0819333 0.01792 0.00275833 0.000318333 2.16667e-05 0 0 0 0 0 0 0 0 0 0 
1 0.900558 0.734205 0.499885 0.254782 0.08814 0.0195083 0.00294167 0.000271667 2.33333e-05 0 0 0 0 0 0 0 0 0 0 
1 0.898685 0.73008 0.494413 0.250063 0.0838067 0.017285 0.00251167 0.00029 4.16667e-05 5e-06 0 0 0 0 0 0 0 0 0 
1 0.898733 0.730102 0.493955 0.246817 0.081625 0.0168917 0.00212333 0.000168333 3.33333e-06 0 0 0 0 0 0 0 0 0 0 
1 0.899208 0.73027 0.492657 0.245288 0.0814867 0.0176217 0.00274833 0.000343333 3.66667e-05 3.33333e-06 0 0 0 0 0 0 0 0 0 
1 0.897467 0.727512 0.4912 0.244778 0.080975 0.017185 0.00232667 0.000178333 3.33333e-06 0 0 0 0 0 0 0 0 0 0 
1 0.898338 0.729993 0.495403 0.250238 0.0833533 0.017645 0.00247833 0.000221667 1.83333e-05 0 0 0 0 0 0 0 0 0 0 
1 0.901347 0.736557 0.502567 0.255882 0.08703 0.0186483 0.00265333 0.000281667 3.5e-05 1.66667e-06 0 0 0 0 0 0 0 0 0 
1 0.899575 0.73053 0.494463 0.246022 0.0804733 0.016205 0.00202667 0.000123333 5e-06 0 0 0 0 0 0 0 0 0 0 
1 0.900268 0.7337 0.50001 0.253642 0.0853383 0.01738 0.00220333 0.000186667 2.5e-05 0 0 0 0 0 0 0 0 0 0 
1 0.899322 0.731893 0.496173 0.25077 0.0843267 0.01802 0.00221 0.000131667 1.66667e-06 0 0 0 0 0 0 0 0 0 0 
1 0.90148 0.73541 0.50288 0.258057 0.08996 0.0202067 0.00320667 0.000391667 4e-05 1.66667e-06 0 0 0 0 0 0 0 0 0 
1 0.899167 0.732513 0.500252 0.255023 0.0878983 0.0196533 0.00315667 0.000403333 6e-05 1e-05 5e-06 0 0 0 0 0 0 0 0 
1 0.90036 0.73373 0.498322 0.252373 0.0850117 0.01733 0.00219 0.000171667 8.33333e-06 0 0 0 0 0 0 0 0 0 0 
1 0.90002 0.73289 0.499383 0.253175 0.084995 0.0179183 0.002235 0.000135 1.66667e-06 0 0 0 0 0 0 0 0 0 0 
1 0.897125 0.727585 0.490368 0.244835 0.0807233 0.0168367 0.00233833 0.000216667 2.16667e-05 0 0 0 0 0 0 0 0 0 0 
1 0.904525 0.744062 0.516587 0.271663 0.0976817 0.0226617 0.00355 0.000366667 1.5e-05 0 0 0 0 0 0 0 0 0 0 
1 0.899135 0.730655 0.493395 0.248003 0.0830233 0.0178267 0.00272833 0.000341667 4.16667e-05 5e-06 0 0 0 0 0 0 0 0 0 
1 0.900295 0.734762 0.501675 0.25438 0.085055 0.0168117 0.00190667 0.000113333 3.33333e-06 0 0 0 0 0 0 0 0 0 0 
1 0.899408 0.730637 0.495613 0.25002 0.08402 0.0174383 0.00239833 0.000186667 5e-06 0 0 0 0 0 0 0 0 0 0 
1 0.900435 0.733353 0.499023 0.253292 0.0868817 0.0185767 0.002575 0.000226667 5e-06 0 0 0 0 0 0 0 0 0 0 
1 0.900108 0.73399 0.50197 0.256842 0.0878983 0.0184267 0.002325 0.000175 5e-06 3.33333e-06 0 0 0 0 0 0 0 0 0 
1 0.89958 0.73138 0.49722 0.251945 0.084505 0.0176867 0.00231167 0.000255 1e-05 0 0 0 0 0 0 0 0 0 0 
1 0.901198 0.73609 0.502488 0.256743 0.0869983 0.0181417 0.0023 0.000178333 8.33333e-06 0 0 0 0 0 0 0 0 0 0 
1 0.90026 0.73406 0.500095 0.253053 0.08396 0.01732 0.00225833 0.000185 5e-06 0 0 0 0 0 0 0 0 0 0 
1 0.898927 0.730838 0.495678 0.249637 0.0839433 0.0170283 0.002075 0.000171667 6.66667e-06 0 0 0 0 0 0 0 0 0 0 
1 0.89959 0.732033 0.497955 0.251837 0.0843567 0.0175133 0.00233167 0.000231667 1e-05 0 0 0 0 0 0 0 0 0 0 
1 0.900643 0.733625 0.498275 0.250487 0.0829333 0.01618 0.00185167 0.000146667 8.33333e-06 0 0 0 0 0 0 0 0 0 0 
1 0.90013 0.73333 0.499172 0.253053 0.0855767 0.0177483 0.00218667 0.000136667 3.33333e-06 0 0 0 0 0 0 0 0 0 0 
1 0.899275 0.731673 0.493597 0.246273 0.080015 0.01602 0.00205 0.000171667 1e-05 0 0 0 0 0 0 0 0 0 0 
1 0.898457 0.729232 0.492522 0.246208 0.0811533 0.0167817 0.00252 0.000286667 1.83333e-05 0 0 0 0 0 0 0 0 0 0 
1 0.900162 0.73369 0.499102 0.252862 0.0839333 0.0174483 0.00225333 0.000176667 1e-05 0 0 0 0 0 0 0 0 0 0 
1 0.900883 0.735045 0.502637 0.256035 0.0870367 0.0178333 0.00225333 0.000198333 5e-06 1.66667e-06 0 0 0 0 0 0 0 0 0 
1 0.899807 0.733228 0.498735 0.25396 0.0844583 0.0173817 0.00211 0.000156667 3.33333e-06 0 0 0 0 0 0 0 0 0 0 
1 0.900668 0.735025 0.501655 0.256662 0.08789 0.019085 0.0029 0.00046 5.33333e-05 6.66667e-06 0 0 0 0 0 0 0 0 0 
1 0.900665 0.735357 0.502075 0.256843 0.0877017 0.019025 0.00258667 0.000243333 8.33333e-06 0 0 0 0 0 0 0 0 0 0 
1 0.901232 0.736707 0.5036 0.256653 0.0860267 0.01755 0.00216667 0.000115 1.66667e-06 0 0 0 0 0 0 0 0 0 0 
1 0.900017 0.734853 0.502507 0.2578 0.0890883 0.020205 0.00327833 0.000461667 4.16667e-05 0 0 0 0 0 0 0 0 0 0 
1 0.900333 0.73387 0.499737 0.25338 0.0839183 0.01728 0.00227333 0.000216667 3e-05 1.66667e-06 0 0 0 0 0 0 0 0 0 
1 0.900673 0.734375 0.500947 0.25571 0.0878183 0.019745 0.003195 0.000376667 2.33333e-05 0 0 0 0 0 0 0 0 0 0 
1 0.899767 0.733268 0.499568 0.254273 0.086775 0.0189783 0.00262333 0.000215 1.33333e-05 0 0 0 0 0 0 0 0 0 0 
1 0.899313 0.732438 0.497782 0.252757 0.0854533 0.0183717 0.00260167 0.000243333 2.66667e-05 3.33333e-06 0 0 0 0 0 0 0 0 0 
1 0.901058 0.736775 0.50437 0.258763 0.0889533 0.01924 0.00283167 0.000406667 4e-05 3.33333e-06 0 0 0 0 0 0 0 0 0 
1 0.897577 0.728022 0.490817 0.243027 0.0786533 0.0153667 0.001725 0.000148333 8.33333e-06 0 0 0 0 0 0 0 0 0 0 
1 0.899542 0.730585 0.494472 0.248813 0.081995 0.01717 0.00245833 0.000245 1.33333e-05 3.33333e-06 0 0 0 0 0 0 0 0 0 
1 0.900122 0.734793 0.499845 0.254098 0.0857017 0.0176783 0.00222667 0.000186667 8.33333e-06 0 0 0 0 0 0 0 0 0 0 
1 0.899432 0.732333 0.49789 0.251443 0.08441 0.0178983 0.002375 0.000175 3.33333e-06 0 0 0 0 0 0 0 0 0 0 
1 0.900727 0.733897 0.50039 0.25449 0.0871333 0.018295 0.00242833 0.000218333 1.16667e-05 0 0 0 0 0 0 0 0 0 0 
1 0.90059 0.733408 0.498772 0.253193 0.0857617 0.017675 0.00244667 0.00019 1.16667e-05 0 0 0 0 0 0 0 0 0 0 
1 0.897227 0.725317 0.487205 0.240733 0.078595 0.0163567 0.00210667 0.00019 1e-05 0 0 0 0 0 0 0 0 0 0 
1 0.897628 0.727803 0.490837 0.244245 0.07958 0.01566 0.00173833 0.00011 3.33333e-06 0 0 0 0 0 0 0 0 0 0 
1 0.899688 0.734707 0.500278 0.254227 0.0856517 0.0178117 0.00238833 0.000191667 3.33333e-06 0 0 0 0 0 0 0 0 0 0 
1 0.898162 0.729897 0.493847 0.246697 0.080375 0.0160283 0.00200667 0.000115 3.33333e-06 0 0 0 0 0 0 0 0 0 0 
1 0.900327 0.733897 0.49997 0.253973 0.0857167 0.0174133 0.002355 0.00018 5e-06 0 0 0 0 0 0 0 0 0 0 
1 0.899222 0.730255 0.493973 0.246342 0.0799083 0.016015 0.002035 0.000145 5e-06 1.66667e-06 0 0 0 0 0 0 0 0 0 
1 0.901815 0.73768 0.505075 0.260215 0.0904833 0.0203933 0.00278833 0.000185 8.33333e-06 0 0 0 0 0 0 0 0 0 0 
1 0.900938 0.736237 0.501987 0.254457 0.083855 0.016845 0.00222833 0.000193333 2e-05 3.33333e-06 0 0 0 0 0 0 0 0 0 
1 0.898685 0.731273 0.49731 0.252492 0.0849133 0.017825 0.00250333 0.000276667 2.5e-05 0 0 0 0 0 0 0 0 0 0 
1 0.898603 0.730797 0.496062 0.250228 0.0830483 0.01769 0.00249 0.000221667 1.83333e-05 0 0 0 0 0 0 0 0 0 0 
1 0.897837 0.728792 0.492257 0.248795 0.0833267 0.0185667 0.00323333 0.000616667 0.000106667 1.16667e-05 0 0 0 0 0 0 0 0 0 
1 0.900272 0.734335 0.502343 0.256725 0.0878017 0.0191967 0.002955 0.000408333 3.33333e-05 0 0 0 0 0 0 0 0 0 0 
1 0.899935 0.733583 0.501012 0.255135 0.0866217 0.0183867 0.002345 0.00018 6.66667e-06 0 0 0 0 0 0 0 0 0 0 
1 0.898338 0.729847 0.493193 0.246067 0.07928 0.0157233 0.00202333 0.000158333 1.66667e-06 0 0 0 0 0 0 0 0 0 0 
1 0.90031 0.735148 0.502585 0.258253 0.08847 0.0192133 0.00268167 0.000253333 2e-05 0 0 0 0 0 0 0 0 0 0 
1 0.89729 0.7266 0.488592 0.242333 0.0786217 0.015425 0.001715 0.000106667 8.33333e-06 0 0 0 0 0 0 0 0 0 0 
1 0.899713 0.733003 0.498065 0.250498 0.0827617 0.01711 0.002285 0.00025 1.66667e-05 0 0 0 0 0 0 0 0 0 0 
1 0.899287 0.732332 0.497028 0.249772 0.08263 0.01736 0.00242667 0.00019 0 0 0 0 0 0 0 0 0 0 0 
1 0.901052 0.735792 0.503393 0.257275 0.08868 0.0191017 0.002675 0.000263333 2.16667e-05 0 0 0 0 0 0 0 0 0 0 
1 0.89905 0.730992 0.495373 0.248117 0.0816967 0.0164583 0.00203333 0.000158333 6.66667e-06 0 0 0 0 0 0 0 0 0 0 
1 0.899812 0.731908 0.49642 0.249238 0.08213 0.0165883 0.00223 0.000153333 6.66667e-06 0 0 0 0 0 0 0 0 0 0 
1 0.900895 0.735343 0.502475 0.257382 0.0875583 0.0184233 0.00232167 0.000178333 1.66667e-06 0 0 0 0 0 0 0 0 0 0 
1 0.899397 0.73213 0.49739 0.25302 0.0857333 0.0185917 0.00257667 0.000221667 1.83333e-05 3.33333e-06 0 0 0 0 0 0 0 0 0 
1 0.895972 0.72437 0.486542 0.24086 0.0775317 0.0150717 0.00171667 0.000115 5e-06 0 0 0 0 0 0 0 0 0 0 
1 0.89937 0.732422 0.499145 0.253993 0.0869683 0.019065 0.003 0.000456667 8.5e-05 1e-05 0 0 0 0 0 0 0 0 0 
1 0.901352 0.735505 0.503425 0.257257 0.0881067 0.0192967 0.00277333 0.000268333 2e-05 0 0 0 0 0 0 0 0 0 0 
1 0.899005 0.732005 0.497683 0.250687 0.0828583 0.0164333 0.001895 0.00014 1.16667e-05 0 0 0 0 0 0 0 0 0 0 
1 0.900488 0.734847 0.501287 0.254547 0.08632 0.01832 0.00231167 0.000141667 1.38778e-17 0 0 0 0 0 0 0 0 0 0 
1 0.898555 0.72953 0.494813 0.25024 0.08439 0.01805 0.00249667 0.00018 1.16667e-05 0 0 0 0 0 0 0 0 0 0 
1 0.89821 0.72982 0.494605 0.247408 0.0812317 0.016275 0.00196667 0.000128333 1.66667e-06 0 0 0 0 0 0 0 0 0 0 
1 0.901747 0.737532 0.50534 0.259532 0.0883417 0.01843 0.00235833 0.000191667 1.16667e-05 0 0 0 0 0 0 0 0 0 0 
1 0.901423 0.736652 0.504505 0.259398 0.0897983 0.0194217 0.00250833 0.000161667 1.5e-05 0 0 0 0 0 0 0 0 0 0 
1 0.900702 0.734615 0.501282 0.255367 0.0860967 0.0184967 0.00251333 0.000236667 1.83333e-05 1.66667e-06 0 0 0 0 0 0 0 0 0 
1 0.896827 0.724973 0.485257 0.24001 0.07808 0.0168667 0.00250167 0.00026 1e-05 1.66667e-06 0 0 0 0 0 0 0 0 0 
1 0.897888 0.728232 0.491663 0.247435 0.0827867 0.01737 0.00227833 0.000176667 1.16667e-05 1.66667e-06 0 0 0 0 0 0 0 0 0 
1 0.898412 0.72921 0.49421 0.249387 0.0837733 0.0178483 0.00246833 0.000258333 1.83333e-05 3.33333e-06 0 0 0 0 0 0 0 0 0 
1 0.899425 0.731695 0.495765 0.248537 0.081985 0.01661 0.002075 0.000171667 6.66667e-06 0 0 0 0 0 0 0 0 0 0 
1 0.900692 0.734818 0.501443 0.257212 0.0880333 0.0189 0.00268 0.000333333 1.83333e-05 0 0 0 0 0 0 0 0 0 0 
1 0.900852 0.735012 0.503103 0.257165 0.0882567 0.0189333 0.00287 0.000281667 1.16667e-05 0 0 0 0 0 0 0 0 0 0 
1 0.89923 0.73224 0.499048 0.254805 0.08637 0.0185617 0.002645 0.000248333 1.33333e-05 0 0 0 0 0 0 0 0 0 0 
1 0.900065 0.733957 0.499775 0.25497 0.0869717 0.019255 0.00274667 0.000251667 6.66667e-06 0 0 0 0 0 0 0 0 0 0 
1 0.900238 0.733637 0.496875 0.248852 0.080955 0.015595 0.00174333 0.000131667 1.16667e-05 0 0 0 0 0 0 0 0 0 0 
1 0.901857 0.737668 0.504345 0.2581 0.0873833 0.0187967 0.00247833 0.00022 1.33333e-05 1.66667e-06 0 0 0 0 0 0 0 0 0 
1 0.900028 0.734595 0.502742 0.257195 0.088615 0.0191833 0.00285667 0.000351667 7.16667e-05 1.16667e-05 0 0 0 0 0 0 0 0 0 
1 0.90095 0.735048 0.50198 0.256183 0.0875367 0.0188683 0.00284833 0.000376667 3e-05 0 0 0 0 0 0 0 0 0 0 
1 0.89908 0.731667 0.497318 0.251955 0.08502 0.0180983 0.002375 0.00021 1e-05 0 0 0 0 0 0 0 0 0 0 
1 0.899228 0.732603 0.497477 0.251512 0.0838383 0.0174867 0.00238833 0.000231667 1.33333e-05 0 0 0 0 0 0 0 0 0 0 
1 0.900612 0.735163 0.502308 0.256 0.0865483 0.01879 0.00272667 0.000255 1.66667e-05 3.33333e-06 0 0 0 0 0 0 0 0 0 
1 0.89979 0.732928 0.498377 0.25208 0.0843517 0.0175633 0.00229833 0.000181667 1.5e-05 0 0 0 0 0 0 0 0 0 0 
1 0.899847 0.734368 0.50075 0.25624 0.0876683 0.0190033 0.00253833 0.000233333 1.66667e-05 1.66667e-06 0 0 0 0 0 0 0 0 0 
1 0.901257 0.73598 0.50227 0.256197 0.086105 0.0176 0.00207167 0.000136667 1.33333e-05 1.66667e-06 0 0 0 0 0 0 0 0 0 
1 0.900573 0.735542 0.50258 0.256837 0.0863983 0.0181333 0.00229 0.000238333 3.5e-05 0 0 0 0 0 0 0 0 0 0 
1 0.901958 0.735897 0.502233 0.254712 0.086385 0.018735 0.00281167 0.000323333 5.66667e-05 0 0 0 0 0 0 0 0 0 0 
1 0.899283 0.730792 0.49538 0.251238 0.0850083 0.0181033 0.00263333 0.000266667 2.66667e-05 0 0 0 0 0 0 0 0 0 0 
1 0.9013 0.73701 0.503755 0.25893 0.0885133 0.0192883 0.00263833 0.000225 5e-06 0 0 0 0 0 0 0 0 0 0 
1 0.899943 0.732708 0.49893 0.25335 0.0854133 0.0175817 0.00242667 0.00024 1.16667e-05 0 0 0 0 0 0 0 0 0 0 
1 0.901182 0.735795 0.501618 0.25523 0.0852 0.017545 0.002385 0.000198333 1.16667e-05 0 0 0 0 0 0 0 0 0 0 
1 0.901667 0.736452 0.504688 0.26051 0.090795 0.02006 0.002575 0.000216667 8.33333e-06 0 0 0 0 0 0 0 0 0 0 
1 0.899035 0.731855 0.496688 0.251125 0.0855617 0.0190633 0.00289667 0.000335 1.66667e-05 0 0 0 0 0 0 0 0 0 0 
1 0.900962 0.736897 0.504317 0.2574 0.086355 0.0176533 0.00232 0.000183333 1.16667e-05 0 0 0 0 0 0 0 0 0 0 
1 0.900558 0.735503 0.501998 0.255108 0.0846117 0.017985 0.00259667 0.000276667 4.16667e-05 5e-06 0 0 0 0 0 0 0 0 0 
1 0.901948 0.737822 0.507218 0.260183 0.0889783 0.0192417 0.00278833 0.000286667 2.5e-05 0 0 0 0 0 0 0 0 0 0 
1 0.899135 0.730268 0.493312 0.245597 0.0800083 0.0158867 0.00191167 0.000121667 8.33333e-06 0 0 0 0 0 0 0 0 0 0 
1 0.901973 0.737232 0.503823 0.256872 0.08783 0.0192067 0.00284167 0.000263333 2.16667e-05 1.66667e-06 0 0 0 0 0 0 0 0 0 
1 0.900822 0.735427 0.50163 0.253895 0.0841667 0.0165317 0.00191 0.000141667 6.66667e-06 1.66667e-06 0 0 0 0 0 0 0 0 0 
1 0.90349 0.741362 0.510967 0.265015 0.0920033 0.019925 0.00257167 0.000213333 2e-05 0 0 0 0 0 0 0 0 0 0 
1 0.898062 0.729402 0.492857 0.24809 0.082635 0.0172567 0.00258167 0.000363333 4e-05 0 0 0 0 0 0 0 0 0 0 
1 0.900933 0.736745 0.50428 0.258462 0.08857 0.018665 0.0026 0.000206667 1e-05 0 0 0 0 0 0 0 0 0 0 
1 0.89997 0.7327 0.497095 0.250542 0.08346 0.0177917 0.00266667 0.000306667 2e-05 0 0 0 0 0 0 0 0 0 0 
1 0.899705 0.73294 0.497523 0.252012 0.0835633 0.0170133 0.00213667 0.00016 3.33333e-06 0 0 0 0 0 0 0 0 0 0 
1 0.897335 0.728117 0.49202 0.248212 0.0829533 0.0175 0.00251667 0.000273333 1e-05 0 0 0 0 0 0 0 0 0 0 
1 0.899393 0.730823 0.495135 0.247518 0.0805 0.01585 0.00182833 0.000121667 1.66667e-06 0 0 0 0 0 0 0 0 0 0 
1 0.90088 0.734208 0.50166 0.255387 0.0864883 0.018095 0.002335 0.000181667 8.33333e-06 1.66667e-06 0 0 0 0 0 0 0 0 0 
1 0.898983 0.730778 0.49447 0.249128 0.0834517 0.0182083 0.00293333 0.000346667 1.66667e-05 0 0 0 0 0 0 0 0 0 0 
1 0.898938 0.730657 0.494342 0.247107 0.0822717 0.0167933 0.00195167 0.000123333 8.33333e-06 0 0 0 0 0 0 0 0 0 0 
1 0.902392 0.738713 0.506925 0.259048 0.0875617 0.018655 0.002415 0.00024 3.83333e-05 1.66667e-06 0 0 0 0 0 0 0 0 0 
1 0.903628 0.740927 0.511728 0.265958 0.0927033 0.02051 0.00273667 0.000243333 3.33333e-06 0 0 0 0 0 0 0 0 0 0 
1 0.900843 0.734825 0.500345 0.254363 0.0853183 0.017695 0.00242167 0.0002 5e-06 0 0 0 0 0 0 0 0 0 0 
1 0.900655 0.73464 0.502058 0.257032 0.0877883 0.0188933 0.00270167 0.000255 1.83333e-05 0 0 0 0 0 0 0 0 0 0 
1 0.900525 0.735512 0.50209 0.256218 0.088595 0.0205117 0.003335 0.00036 3e-05 8.33333e-06 0 0 0 0 0 0 0 0 0 
1 0.899645 0.732578 0.499123 0.253862 0.086765 0.019365 0.00317667 0.000435 6.5e-05 6.66667e-06 0 0 0 0 0 0 0 0 0 
1 0.900975 0.735495 0.500782 0.254912 0.0863883 0.0185183 0.00259333 0.000241667 6.66667e-06 0 0 0 0 0 0 0 0 0 0 
1 0.899927 0.7331 0.499383 0.2532 0.085275 0.0180983 0.00245 0.000235 1.66667e-05 0 0 0 0 0 0 0 0 0 0 
1 0.90126 0.735848 0.502188 0.256478 0.0873217 0.0191833 0.00297667 0.000456667 6e-05 5e-06 0 0 0 0 0 0 0 0 0 
1 0.899953 0.732783 0.498122 0.251637 0.084285 0.0180883 0.00264833 0.000288333 1.5e-05 0 0 0 0 0 0 0 0 0 0 
1 0.8994 0.732223 0.498277 0.253533 0.085445 0.01814 0.00250333 0.000248333 1e-05 0 0 0 0 0 0 0 0 0 0 
1 0.898517 0.729482 0.493493 0.247968 0.0820967 0.0160667 0.00179167 0.00012 1.66667e-06 0 0 0 0 0 0 0 0 0 0 
1 0.9018 0.738373 0.50709 0.259438 0.0883867 0.0192267 0.002795 0.000238333 2.66667e-05 1.66667e-06 0 0 0 0 0 0 0 0 0 
1 0.902677 0.738195 0.507545 0.261653 0.0911217 0.0203733 0.00314 0.000445 3.66667e-05 0 0 0 0 0 0 0 0 0 0 
1 0.90077 0.736515 0.504702 0.259955 0.0903633 0.0205333 0.00311333 0.000358333 2.5e-05 1.66667e-06 0 0 0 0 0 0 0 0 0 
1 0.89763 0.727642 0.491872 0.246733 0.0821433 0.0166767 0.002105 0.000185 1.5e-05 8.33333e-06 0 0 0 0 0 0 0 0 0 
1 0.898028 0.727693 0.490907 0.244915 0.0795217 0.0157317 0.00204667 0.000178333 1.16667e-05 0 0 0 0 0 0 0 0 0 0 
1 0.898845 0.731842 0.49807 0.253573 0.08608 0.0188933 0.00347833 0.000738333 0.00019 4e-05 1.66667e-06 0 0 0 0 0 0 0 0 
1 0.899145 0.732082 0.496948 0.250055 0.0828017 0.0168917 0.00239667 0.000323333 3.33333e-05 1.66667e-06 0 0 0 0 0 0 0 0 0 
1 0.89816 0.728218 0.49173 0.246597 0.0822683 0.01751 0.002325 0.000183333 1.83333e-05 1.66667e-06 0 0 0 0 0 0 0 0 0 
1 0.902422 0.738208 0.506232 0.258968 0.087035 0.0175533 0.00222167 0.000188333 5e-06 0 0 0 0 0 0 0 0 0 0 
1 0.89958 0.732427 0.497893 0.252225 0.08554 0.018585 0.00287333 0.00034 1.66667e-05 0 0 0 0 0 0 0 0 0 0 
1 0.900112 0.733722 0.50133 0.256245 0.0878117 0.0192783 0.00280667 0.000326667 2.83333e-05 1.66667e-06 0 0 0 0 0 0 0 0 0 
1 0.895443 0.723302 0.485353 0.239665 0.07817 0.0157033 0.00205667 0.000181667 1.5e-05 0 0 0 0 0 0 0 0 0 0 
1 0.901587 0.736915 0.50445 0.25705 0.0855883 0.0172983 0.00193 0.000131667 3.33333e-06 0 0 0 0 0 0 0 0 0 0 
1 0.900512 0.734063 0.499762 0.253588 0.0842983 0.0173867 0.00223167 0.00015 0 0 0 0 0 0 0 0 0 0 0 
1 0.899712 0.732072 0.497258 0.252378 0.0851217 0.017775 0.00235833 0.000201667 1.66667e-05 0 0 0 0 0 0 0 0 0 0 
1 0.899325 0.73291 0.49926 0.25432 0.0859067 0.017765 0.002135 0.000115 5e-06 1.66667e-06 0 0 0 0 0 0 0 0 0 
1 0.89835 0.73016 0.493567 0.247943 0.0822167 0.0174933 0.002615 0.000323333 3.83333e-05 3.33333e-06 0 0 0 0 0 0 0 0 0 
1 0.89642 0.725292 0.48642 0.240938 0.077815 0.0160683 0.00217 0.000246667 2.66667e-05 0 0 0 0 0 0 0 0 0 0 
1 0.900038 0.733243 0.499722 0.25327 0.08435 0.0171467 0.00210333 0.00017 5e-06 0 0 0 0 0 0 0 0 0 0 
1 0.899207 0.729845 0.493085 0.246772 0.0807983 0.016305 0.0021 0.000176667 1.5e-05 0 0 0 0 0 0 0 0 0 0 
1 0.89861 0.730513 0.4953 0.249213 0.0827467 0.0166217 0.001985 0.000141667 1e-05 0 0 0 0 0 0 0 0 0 0 
1 0.900485 0.73419 0.500878 0.25405 0.0857883 0.0185867 0.002795 0.000295 1.66667e-05 3.33333e-06 0 0 0 0 0 0 0 0 0 
1 0.901903 0.738633 0.507337 0.26155 0.0922533 0.0213 0.00343833 0.0004 1.83333e-05 0 0 0 0 0 0 0 0 0 0 
1 0.898727 0.728965 0.49129 0.244413 0.0793267 0.01529 0.001715 9.5e-05 1.66667e-06 1.66667e-06 0 0 0 0 0 0 0 0 0 
1 0.900832 0.735607 0.501768 0.254905 0.086025 0.0184617 0.00252333 0.000216667 1e-05 0 0 0 0 0 0 0 0 0 0 
1 0.90344 0.741148 0.51182 0.265298 0.090895 0.0191017 0.00254833 0.000206667 6.66667e-06 0 0 0 0 0 0 0 0 0 0 
1 0.900607 0.733605 0.500152 0.254137 0.0851517 0.0173783 0.00229833 0.000211667 6.66667e-06 0 0 0 0 0 0 0 0 0 0 
1 0.900837 0.735797 0.503992 0.25866 0.0887217 0.0193533 0.00250833 0.00019 1.66667e-06 0 0 0 0 0 0 0 0 0 0 
1 0.89894 0.731933 0.496272 0.249762 0.0834083 0.0170817 0.00200333 8.83333e-05 5e-06 0 0 0 0 0 0 0 0 0 0 
1 0.8958 0.723588 0.484728 0.238812 0.07665 0.01537 0.00198667 0.00014 5e-06 0 0 0 0 0 0 0 0 0 0 
1 0.8988 0.73036 0.493047 0.246273 0.080745 0.0165533 0.00216333 0.00025 1.5e-05 0 0 0 0 0 0 0 0 0 0 
1 0.899573 0.730907 0.494568 0.247145 0.0803433 0.0160683 0.001855 9.66667e-05 0 0 0 0 0 0 0 0 0 0 0 
1 0.901202 0.735395 0.499998 0.25248 0.0830533 0.0165817 0.00213 0.000236667 1.5e-05 0 0 0 0 0 0 0 0 0 0 
1 0.90098 0.735798 0.504242 0.258453 0.0880983 0.018965 0.00256833 0.000253333 1.66667e-05 0 0 0 0 0 0 0 0 0 0 
1 0.898317 0.728603 0.491332 0.245058 0.0788417 0.0151967 0.00167167 8.16667e-05 0 0 0 0 0 0 0 0 0 0 0 
1 0.898777 0.729948 0.494402 0.248407 0.08246 0.01662 0.00200333 9.83333e-05 8.33333e-06 1.66667e-06 0 0 0 0 0 0 0 0 0 
1 0.900403 0.735337 0.5029 0.256552 0.0875533 0.0189217 0.00247333 0.000245 1.5e-05 0 0 0 0 0 0 0 0 0 0 
1 0.898897 0.73224 0.498082 0.251807 0.0853783 0.01791 0.00227167 0.000208333 1.16667e-05 0 0 0 0 0 0 0 0 0 0 
1 0.897157 0.726667 0.489083 0.242312 0.0789917 0.015375 0.00176333 0.000108333 3.33333e-06 0 0 0 0 0 0 0 0 0 0 
1 0.898085 0.729747 0.493428 0.247127 0.0822783 0.01704 0.00223333 0.000183333 3.33333e-06 0 0 0 0 0 0 0 0 0 0 
1 0.90184 0.737223 0.505782 0.260168 0.0896867 0.0199067 0.00287333 0.000256667 1.33333e-05 0 0 0 0 0 0 0 0 0 0 
1 0.899162 0.730997 0.495533 0.248223 0.08167 0.0166717 0.00213833 0.000171667 8.33333e-06 0 0 0 0 0 0 0 0 0 0 
1 0.900292 0.734577 0.502115 0.256517 0.0874433 0.0187433 0.002605 0.000295 3.33333e-05 0 0 0 0 0 0 0 0 0 0 
1 0.900802 0.733985 0.499343 0.253078 0.0851483 0.0181033 0.00271833 0.000273333 1.5e-05 0 0 0 0 0 0 0 0 0 0 
1 0.899302 0.73252 0.498892 0.253335 0.0852417 0.0178233 0.002315 0.000183333 1.16667e-05 0 0 0 0 0 0 0 0 0 0 
1 0.897527 0.728365 0.49294 0.247075 0.0817667 0.0173483 0.00251 0.000288333 1e-05 0 0 0 0 0 0 0 0 0 0 
1 0.900203 0.733272 0.498388 0.249828 0.0816017 0.016545 0.00213833 0.000165 2.33333e-05 0 0 0 0 0 0 0 0 0 0 
1 0.899413 0.73245 0.49868 0.25217 0.084 0.01717 0.002195 0.000236667 2.5e-05 1.66667e-06 0 0 0 0 0 0 0 0 0 
1 0.899725 0.732438 0.49741 0.251702 0.0849867 0.0183433 0.00219 0.000176667 1e-05 1.66667e-06 0 0 0 0 0 0 0 0 0 
1 0.899083 0.731713 0.497525 0.251327 0.0844967 0.01744 0.00213 0.000191667 6.66667e-06 0 0 0 0 0 0 0 0 0 0 
1 0.899422 0.732013 0.497357 0.252228 0.0845133 0.0172267 0.00193833 0.000116667 1e-05 0 0 0 0 0 0 0 0 0 0 
1 0.899352 0.731332 0.49582 0.250543 0.0849533 0.018015 0.00251 0.000251667 2.16667e-05 0 0 0 0 0 0 0 0 0 0 
1 0.90263 0.740533 0.509667 0.262247 0.089295 0.0193633 0.002855 0.000293333 2.33333e-05 0 0 0 0 0 0 0 0 0 0 
1 0.899782 0.733737 0.499975 0.253738 0.0862233 0.01905 0.00290167 0.000356667 4e-05 3.33333e-06 0 0 0 0 0 0 0 0 0 
1 0.898675 0.72823 0.490895 0.245963 0.0806917 0.0165517 0.00234833 0.000241667 8.33333e-06 0 0 0 0 0 0 0 0 0 0 
1 0.900688 0.734747 0.499797 0.252407 0.0832167 0.0172617 0.00227833 0.000191667 1.33333e-05 1.66667e-06 0 0 0 0 0 0 0 0 0 
1 0.901555 0.736933 0.504712 0.25864 0.0883883 0.0190817 0.00269167 0.000193333 1.33333e-05 0 0 0 0 0 0 0 0 0 0 
1 0.897502 0.726795 0.488708 0.241688 0.0777033 0.015435 0.001985 0.000173333 1e-05 0 0 0 0 0 0 0 0 0 0 
1 0.899115 0.731985 0.497058 0.250933 0.0840067 0.0172833 0.002305 0.000173333 5e-06 0 0 0 0 0 0 0 0 0 0 
1 0.900332 0.73385 0.501348 0.25594 0.0875967 0.0188983 0.002715 0.000293333 1.5e-05 1.66667e-06 0 0 0 0 0 0 0 0 0 
1 0.901882 0.738693 0.508112 0.26062 0.08848 0.018275 0.00236833 0.000186667 6.66667e-06 0 0 0 0 0 0 0 0 0 0 
1 0.899507 0.731055 0.49537 0.24885 0.0810817 0.01594 0.00185833 0.000138333 1.66667e-06 0 0 0 0 0 0 0 0 0 0 
1 0.900715 0.734748 0.501948 0.256467 0.08755 0.0188167 0.00272 0.000278333 2e-05 0 0 0 0 0 0 0 0 0 0 
1 0.89921 0.731112 0.49417 0.247423 0.081635 0.0161083 0.001935 0.000158333 1.83333e-05 0 0 0 0 0 0 0 0 0 0 
1 0.900148 0.733472 0.500158 0.252265 0.0830017 0.01666 0.00202 0.000158333 1.33333e-05 0 0 0 0 0 0 0 0 0 0 
1 0.896675 0.723208 0.483027 0.235048 0.0733617 0.0135683 0.001615 0.000145 1.33333e-05 1.66667e-06 0 0 0 0 0 0 0 0 0 
1 0.900277 0.733845 0.499077 0.252593 0.0842217 0.0180033 0.002535 0.000323333 5.16667e-05 6.66667e-06 0 0 0 0 0 0 0 0 0 
1 0.9005 0.733828 0.499497 0.253158 0.084825 0.01723 0.00197667 0.000141667 1.33333e-05 0 0 0 0 0 0 0 0 0 0 
1 0.90166 0.738633 0.50712 0.262232 0.0910633 0.02004 0.0029 0.000305 2.5e-05 0 0 0 0 0 0 0 0 0 0 
1 0.899703 0.732975 0.498552 0.250165 0.0809767 0.015925 0.00171 8.66667e-05 1.66667e-06 0 0 0 0 0 0 0 0 0 0 
1 0.901163 0.735842 0.502547 0.256928 0.0876983 0.0189533 0.00270167 0.000293333 4e-05 6.66667e-06 0 0 0 0 0 0 0 0 0 
1 0.899827 0.73467 0.500832 0.254703 0.0856283 0.0184033 0.00261667 0.00021 1.83333e-05 0 0 0 0 0 0 0 0 0 0 
1 0.90279 0.739005 0.508678 0.26122 0.09049 0.0197917 0.00312 0.000353333 2.16667e-05 3.33333e-06 0 0 0 0 0 0 0 0 0 
1 0.901262 0.735477 0.503862 0.259227 0.0883967 0.0193933 0.00280167 0.000306667 2.16667e-05 1.66667e-06 0 0 0 0 0 0 0 0 0 
1 0.90183 0.737145 0.505853 0.260987 0.0903217 0.0198167 0.00288 0.000268333 1.5e-05 1.66667e-06 0 0 0 0 0 0 0 0 0 
1 0.89837 0.729938 0.496003 0.252063 0.0859567 0.0194667 0.00282333 0.000285 2e-05 3.33333e-06 0 0 0 0 0 0 0 0 0 
1 0.899908 0.733292 0.497878 0.251318 0.083645 0.0173717 0.00214167 0.00017 6.66667e-06 0 0 0 0 0 0 0 0 0 0 
1 0.898915 0.731853 0.498025 0.252762 0.0856467 0.0187867 0.00277833 0.000375 4e-05 0 0 0 0 0 0 0 0 0 0 
1 0.900752 0.735297 0.502917 0.258423 0.0883383 0.0198633 0.00288667 0.000218333 1e-05 0 0 0 0 0 0 0 0 0 0 
1 0.900148 0.73399 0.49986 0.252358 0.0825633 0.0168283 0.00208667 0.000211667 1e-05 0 0 0 0 0 0 0 0 0 0 
1 0.901137 0.736532 0.504352 0.259652 0.0893167 0.0188533 0.00245 0.000185 8.33333e-06 0 0 0 0 0 0 0 0 0 0 
1 0.900173 0.733658 0.50161 0.257123 0.08927 0.0200033 0.00301667 0.000261667 5e-06 0 0 0 0 0 0 0 0 0 0 
1 0.901412 0.736038 0.503407 0.257293 0.0877717 0.0190117 0.00272 0.000233333 8.33333e-06 0 0 0 0 0 0 0 0 0 0 
1 0.900963 0.735432 0.500838 0.255012 0.0865567 0.01853 0.00258333 0.000298333 4e-05 3.33333e-06 0 0 0 0 0 0 0 0 0 
1 0.89787 0.729185 0.49305 0.246388 0.081455 0.016905 0.00213833 0.000206667 1.16667e-05 1.66667e-06 0 0 0 0 0 0 0 0 0 
1 0.902352 0.738557 0.505548 0.259698 0.09046 0.0205283 0.0029 0.00025 1.5e-05 0 0 0 0 0 0 0 0 0 0 
1 0.899875 0.733093 0.499492 0.254177 0.0868033 0.0188833 0.00269833 0.000298333 2e-05 1.66667e-06 0 0 0 0 0 0 0 0 0 
1 0.899522 0.731605 0.496115 0.249718 0.08397 0.017825 0.00238 0.0002 6.66667e-06 0 0 0 0 0 0 0 0 0 0 
1 0.90083 0.733587 0.49867 0.252527 0.0839933 0.017625 0.00244 0.000233333 1.33333e-05 1.66667e-06 0 0 0 0 0 0 0 0 0 
1 0.897803 0.727533 0.491165 0.246277 0.081635 0.0164617 0.00200167 0.00014 3.33333e-06 0 0 0 0 0 0 0 0 0 0 
1 0.901137 0.735635 0.503028 0.258172 0.0893567 0.0200967 0.00312 0.000381667 2.66667e-05 3.33333e-06 0 0 0 0 0 0 0 0 0 
1 0.899437 0.733762 0.500122 0.253765 0.0857383 0.0179183 0.00225 0.000168333 8.33333e-06 0 0 0 0 0 0 0 0 0 0 
1 0.899215 0.731847 0.496815 0.250897 0.0832433 0.017 0.00212167 0.000123333 5e-06 0 0 0 0 0 0 0 0 0 0 
1 0.899675 0.732993 0.498408 0.252833 0.0861117 0.0185867 0.00260833 0.00028 2e-05 1.66667e-06 0 0 0 0 0 0 0 0 0 
1 0.899987 0.733432 0.497995 0.252938 0.0861633 0.0186517 0.002625 0.000243333 1.5e-05 0 0 0 0 0 0 0 0 0 0 
1 0.89949 0.732557 0.49837 0.25264 0.0850567 0.0177633 0.002425 0.000246667 3.33333e-06 0 0 0 0 0 0 0 0 0 0 
1 0.89743 0.727822 0.490313 0.242182 0.0766133 0.0145783 0.00187667 0.000265 5.16667e-05 1e-05 0 0 0 0 0 0 0 0 0 
1 0.899328 0.731192 0.498103 0.253418 0.0853483 0.0183767 0.00248 0.0002 8.33333e-06 0 0 0 0 0 0 0 0 0 0 
1 0.90179 0.73759 0.506158 0.258598 0.0883617 0.0182567 0.00222333 0.000141667 6.66667e-06 0 0 0 0 0 0 0 0 0 0 
1 0.900655 0.734247 0.501535 0.255083 0.0870183 0.0185467 0.00253333 0.000261667 1.33333e-05 1.66667e-06 0 0 0 0 0 0 0 0 0 
1 0.897807 0.728098 0.491508 0.245627 0.0809667 0.017055 0.00228833 0.000216667 1.33333e-05 1.66667e-06 0 0 0 0 0 0 0 0 0 
1 0.89978 0.731922 0.499015 0.253462 0.0871783 0.0196333 0.00282667 0.000268333 6.66667e-06 1.66667e-06 0 0 0 0 0 0 0 0 0 
1 0.901553 0.736408 0.504702 0.260172 0.088755 0.0190717 0.00266333 0.00024 1.83333e-05 5e-06 0 0 0 0 0 0 0 0 0 
1 0.900258 0.733047 0.499237 0.253187 0.0844133 0.01721 0.00221333 0.000236667 2.5e-05 1.66667e-06 0 0 0 0 0 0 0 0 0 
1 0.898645 0.732102 0.498058 0.253035 0.08675 0.0193383 0.00318 0.000433333 3.83333e-05 0 0 0 0 0 0 0 0 0 0 
1 0.89913 0.73112 0.494838 0.24675 0.0806367 0.01694 0.002345 0.000231667 1.66667e-05 1.66667e-06 0 0 0 0 0 0 0 0 0 
1 0.8998 0.731853 0.497747 0.252205 0.0845667 0.0176917 0.002365 0.000241667 2.16667e-05 0 0 0 0 0 0 0 0 0 0 
1 0.898093 0.729685 0.493297 0.248312 0.08308 0.017565 0.00231167 0.000183333 8.33333e-06 0 0 0 0 0 0 0 0 0 0 
1 0.899968 0.734235 0.500247 0.255217 0.08633 0.0185183 0.002375 0.000161667 1e-05 0 0 0 0 0 0 0 0 0 0 
1 0.901372 0.736042 0.50093 0.254635 0.0848633 0.0179317 0.00242667 0.000231667 1.66667e-05 0 0 0 0 0 0 0 0 0 0 
1 0.898177 0.728053 0.490653 0.243882 0.07826 0.0147 0.00171167 0.000105 3.33333e-06 0 0 0 0 0 0 0 0 0 0 
1 0.899383 0.73204 0.497832 0.249212 0.0820217 0.016905 0.002025 0.000131667 8.33333e-06 1.66667e-06 0 0 0 0 0 0 0 0 0 
1 0.898558 0.730792 0.496177 0.250142 0.0822733 0.0160183 0.00165 0.000103333 5e-06 0 0 0 0 0 0 0 0 0 0 
1 0.900172 0.733105 0.498488 0.251908 0.0853417 0.0184483 0.00264 0.000265 2e-05 0 0 0 0 0 0 0 0 0 0 
1 0.903698 0.742443 0.514235 0.269742 0.0959933 0.02209 0.0034 0.000425 4e-05 3.33333e-06 0 0 0 0 0 0 0 0 0 
1 0.898195 0.729293 0.492927 0.24783 0.0818367 0.0173633 0.00252167 0.000276667 1e-05 0 0 0 0 0 0 0 0 0 0 
1 0.899838 0.732188 0.49828 0.254185 0.0869817 0.0188117 0.00268 0.000321667 2.33333e-05 0 0 0 0 0 0 0 0 0 0 
1 0.90024 0.733517 0.498247 0.251695 0.08366 0.0170867 0.002165 0.000161667 5e-06 0 0 0 0 0 0 0 0 0 0 
1 0.900757 0.734773 0.502165 0.256115 0.0856967 0.0175467 0.00232167 0.000173333 3.33333e-06 0 0 0 0 0 0 0 0 0 0 
1 0.900993 0.73398 0.500827 0.25499 0.0873283 0.0186667 0.00241167 0.000198333 1.5e-05 0 0 0 0 0 0 0 0 0 0 
1 0.902503 0.737625 0.504767 0.257377 0.0869517 0.0188967 0.00267167 0.000243333 1.33333e-05 0 0 0 0 0 0 0 0 0 0 
1 0.899323 0.731252 0.495623 0.251493 0.0849583 0.0178917 0.002425 0.000181667 3.33333e-06 0 0 0 0 0 0 0 0 0 0 
1 0.901035 0.736327 0.501807 0.255145 0.0852067 0.0180417 0.00250833 0.000211667 1e-05 0 0 0 0 0 0 0 0 0 0 
1 0.898007 0.72948 0.49421 0.249078 0.08378 0.0176333 0.00250333 0.000198333 1.33333e-05 0 0 0 0 0 0 0 0 0 0 
1 0.901362 0.73743 0.505173 0.259817 0.0908267 0.0209517 0.00347833 0.000455 3e-05 5e-06 0 0 0 0 0 0 0 0 0 
1 0.899537 0.733192 0.498533 0.25257 0.08469 0.01793 0.00240333 0.00022 1.16667e-05 0 0 0 0 0 0 0 0 0 0 
1 0.897233 0.726418 0.488472 0.242953 0.0795983 0.0167817 0.00231333 0.000223333 1.16667e-05 1.66667e-06 0 0 0 0 0 0 0 0 0 
1 0.900682 0.736225 0.503148 0.256647 0.0869967 0.0182817 0.00261 0.000356667 2.83333e-05 1.66667e-06 0 0 0 0 0 0 0 0 0 
1 0.90189 0.737138 0.504503 0.257455 0.0879483 0.0194467 0.00296 0.000318333 2e-05 0 0 0 0 0 0 0 0 0 0 
1 0.901623 0.735885 0.503263 0.257287 0.08767 0.0183083 0.002345 0.000171667 3.33333e-06 0 0 0 0 0 0 0 0 0 0 
1 0.898442 0.729818 0.494037 0.24905 0.0834117 0.0176267 0.00228167 0.000195 1.33333e-05 0 0 0 0 0 0 0 0 0 0 
1 0.901693 0.736435 0.502622 0.254448 0.08431 0.0171083 0.0024 0.000273333 8.33333e-06 0 0 0 0 0 0 0 0 0 0 
1 0.899638 0.732372 0.497023 0.251542 0.0842467 0.0177483 0.00249333 0.000205 8.33333e-06 0 0 0 0 0 0 0 0 0 0 
1 0.898798 0.730922 0.494565 0.248028 0.0812333 0.0161 0.00200167 0.000138333 5e-06 0 0 0 0 0 0 0 0 0 0 
1 0.899473 0.732003 0.497152 0.252318 0.0851983 0.0183717 0.00264667 0.0003 2.66667e-05 1.66667e-06 0 0 0 0 0 0 0 0 0 
1 0.898945 0.732093 0.49757 0.250618 0.0830967 0.0172217 0.00238833 0.000253333 1.16667e-05 0 0 0 0 0 0 0 0 0 0 
1 0.901407 0.736703 0.504707 0.259268 0.0891083 0.02016 0.00326667 0.000403333 3.33333e-05 0 0 0 0 0 0 0 0 0 0 
1 0.899902 0.733085 0.498815 0.25338 0.0866783 0.0192233 0.00266 0.00021 1.16667e-05 0 0 0 0 0 0 0 0 0 0 
1 0.899783 0.733313 0.498973 0.252523 0.083915 0.016665 0.00196167 0.000156667 8.33333e-06 1.66667e-06 0 0 0 0 0 0 0 0 0 
1 0.899647 0.730907 0.494573 0.24939 0.0834633 0.0177317 0.002595 0.000273333 1.33333e-05 0 0 0 0 0 0 0 0 0 0 
1 0.89951 0.731873 0.495265 0.24866 0.0809117 0.0165617 0.00212667 0.000228333 2.33333e-05 0 0 0 0 0 0 0 0 0 0 
1 0.898305 0.728582 0.492853 0.24729 0.08109 0.0162833 0.002 0.000151667 5e-06 0 0 0 0 0 0 0 0 0 0 
1 0.898485 0.72969 0.49432 0.248782 0.0830833 0.0170767 0.002015 0.000121667 5e-06 0 0 0 0 0 0 0 0 0 0 
1 0.90099 0.736962 0.50561 0.259577 0.0890617 0.0190633 0.00245833 0.000158333 8.33333e-06 0 0 0 0 0 0 0 0 0 0 
1 0.899298 0.732038 0.496937 0.251048 0.0845017 0.01765 0.00242 0.000288333 2.33333e-05 6.66667e-06 0 0 0 0 0 0 0 0 0 
1 0.898637 0.729723 0.49372 0.247405 0.080745 0.0165367 0.00199167 0.000153333 3.33333e-06 0 0 0 0 0 0 0 0 0 0 
1 0.900232 0.7337 0.500292 0.253773 0.084165 0.0177033 0.00240667 0.000308333 3e-05 1.66667e-06 0 0 0 0 0 0 0 0 0 
1 0.899353 0.73198 0.497323 0.251938 0.08598 0.0187317 0.002855 0.000323333 3.5e-05 0 0 0 0 0 0 0 0 0 0 
1 0.897572 0.727398 0.489728 0.242048 0.078415 0.0157617 0.002185 0.000171667 1.83333e-05 0 0 0 0 0 0 0 0 0 0 
1 0.901525 0.737608 0.506168 0.261273 0.091095 0.0210417 0.00319667 0.000266667 1.66667e-05 0 0 0 0 0 0 0 0 0 0 
1 0.899848 0.731798 0.496482 0.251683 0.0857583 0.01904 0.00295333 0.000326667 2.83333e-05 0 0 0 0 0 0 0 0 0 0 
1 0.897928 0.728227 0.490343 0.243897 0.0789983 0.0159033 0.00183167 0.00013 3.33333e-06 0 0 0 0 0 0 0 0 0 0 
1 0.900325 0.735102 0.501777 0.25447 0.0854683 0.018065 0.00254 0.000245 1.66667e-05 0 0 0 0 0 0 0 0 0 0 
1 0.899948 0.734452 0.500518 0.257118 0.0893683 0.01959 0.00270333 0.000231667 1.33333e-05 0 0 0 0 0 0 0 0 0 0 
1 0.901947 0.737745 0.505265 0.257747 0.0871833 0.0188867 0.00316833 0.000536667 7.83333e-05 3.33333e-06 0 0 0 0 0 0 0 0 0 
1 0.898868 0.729433 0.49364 0.248217 0.0813717 0.016445 0.00191167 0.000141667 1.5e-05 0 0 0 0 0 0 0 0 0 0 
1 0.900478 0.73426 0.500512 0.25286 0.08462 0.0181233 0.00235833 0.000193333 1.33333e-05 0 0 0 0 0 0 0 0 0 0 
1 0.899995 0.733415 0.499542 0.253517 0.08556 0.01839 0.00271167 0.000263333 3.16667e-05 1.66667e-06 0 0 0 0 0 0 0 0 0 
1 0.899352 0.731958 0.497427 0.251273 0.084165 0.0177017 0.00258667 0.000253333 2.5e-05 0 0 0 0 0 0 0 0 0 0 
1 0.899892 0.733298 0.499637 0.254193 0.085285 0.017445 0.00210833 0.000141667 5e-06 0 0 0 0 0 0 0 0 0 0 
1 0.899893 0.732832 0.498168 0.251335 0.08415 0.0182683 0.00294833 0.00048 8.83333e-05 1.5e-05 1.66667e-06 0 0 0 0 0 0 0 0 
1 0.898738 0.730652 0.494242 0.248297 0.08384 0.0177783 0.00259333 0.000278333 1.5e-05 0 0 0 0 0 0 0 0 0 0 
1 0.899003 0.731527 0.496608 0.251293 0.0838317 0.017395 0.00231333 0.000225 1.83333e-05 3.33333e-06 0 0 0 0 0 0 0 0 0 
1 0.900755 0.734145 0.49931 0.253615 0.0858667 0.0186517 0.00263833 0.000293333 3.5e-05 5e-06 0 0 0 0 0 0 0 0 0 
1 0.899202 0.732265 0.498015 0.252493 0.08525 0.0189717 0.00310833 0.000396667 3.33333e-05 0 0 0 0 0 0 0 0 0 0 
1 0.902213 0.738088 0.5079 0.264038 0.0942367 0.0222783 0.00388833 0.00062 9.66667e-05 6.66667e-06 0 0 0 0 0 0 0 0 0 
1 0.899998 0.732508 0.497262 0.250795 0.0834517 0.01708 0.00209833 0.000161667 0 0 0 0 0 0 0 0 0 0 0 
1 0.900715 0.734525 0.499152 0.25248 0.0846183 0.0178067 0.00247333 0.000201667 2.83333e-05 1.66667e-06 0 0 0 0 0 0 0 0 0 
1 0.899913 0.731728 0.496843 0.250738 0.08482 0.01869 0.00295 0.000381667 2.66667e-05 1.66667e-06 0 0 0 0 0 0 0 0 0 
1 0.900772 0.736072 0.503165 0.257757 0.087605 0.018445 0.00244833 0.000268333 3.83333e-05 0 0 0 0 0 0 0 0 0 0 
1 0.899542 0.732843 0.497642 0.25269 0.0866117 0.019705 0.00333 0.00054 0.000101667 6.66667e-06 0 0 0 0 0 0 0 0 0 
1 0.899448 0.731163 0.496597 0.250673 0.084765 0.0187917 0.00315833 0.000471667 5.66667e-05 1.66667e-06 0 0 0 0 0 0 0 0 0 
1 0.89937 0.731362 0.49609 0.25058 0.083995 0.0184833 0.00271167 0.000315 3.16667e-05 0 0 0 0 0 0 0 0 0 0 
1 0.902052 0.737147 0.504912 0.257872 0.085835 0.0176933 0.00217833 0.000155 8.33333e-06 0 0 0 0 0 0 0 0 0 0 
1 0.89778 0.727912 0.489902 0.243037 0.0771867 0.0145467 0.00169667 8.5e-05 8.33333e-06 0 0 0 0 0 0 0 0 0 0 
1 0.899498 0.733003 0.498795 0.254867 0.0881167 0.0197467 0.00301 0.000316667 2.16667e-05 0 0 0 0 0 0 0 0 0 0 
1 0.901997 0.737173 0.503577 0.257205 0.0879817 0.0185467 0.00234333 0.000168333 5e-06 0 0 0 0 0 0 0 0 0 0 
1 0.900298 0.734277 0.500852 0.254955 0.08652 0.01862 0.00293667 0.000538333 6.83333e-05 5e-06 0 0 0 0 0 0 0 0 0 
1 0.899597 0.732687 0.499478 0.252378 0.0840783 0.0173617 0.00237833 0.000288333 3e-05 5e-06 0 0 0 0 0 0 0 0 0 
1 0.901422 0.735992 0.502593 0.257145 0.088375 0.019095 0.00279333 0.000313333 2.5e-05 1.66667e-06 0 0 0 0 0 0 0 0 0 
1 0.900552 0.734502 0.500588 0.254817 0.08511 0.0172533 0.002145 0.000158333 5e-06 0 0 0 0 0 0 0 0 0 0 
1 0.899723 0.73244 0.498102 0.252145 0.0850483 0.01827 0.002425 0.00021 8.33333e-06 0 0 0 0 0 0 0 0 0 0 
1 0.900205 0.734682 0.502493 0.257127 0.08843 0.0192017 0.00272833 0.00025 1.16667e-05 0 0 0 0 0 0 0 0 0 0 
1 0.897808 0.728003 0.491845 0.245567 0.0802583 0.0163467 0.00217833 0.000218333 2.16667e-05 0 0 0 0 0 0 0 0 0 0 
1 0.901163 0.736603 0.504827 0.257773 0.08804 0.0192667 0.002815 0.000303333 1.83333e-05 0 0 0 0 0 0 0 0 0 0 
1 0.89914 0.729902 0.493348 0.246568 0.0812767 0.0170267 0.002555 0.000275 4e-05 1.66667e-06 0 0 0 0 0 0 0 0 0 
1 0.901402 0.73667 0.502435 0.25529 0.0852517 0.0176083 0.00223 0.000201667 1.83333e-05 1.66667e-06 0 0 0 0 0 0 0 0 0 
1 0.898652 0.729187 0.493107 0.246037 0.07977 0.01496 0.00163667 0.00014 1.83333e-05 0 0 0 0 0 0 0 0 0 0 
1 0.89862 0.729733 0.491428 0.244228 0.0783367 0.015375 0.00184167 0.000143333 3.33333e-06 0 0 0 0 0 0 0 0 0 0 
1 0.898387 0.730252 0.495227 0.250882 0.0847783 0.018025 0.00249667 0.000253333 2e-05 0 0 0 0 0 0 0 0 0 0 
1 0.900017 0.732175 0.496592 0.250695 0.0839283 0.0182633 0.00271 0.000251667 8.33333e-06 0 0 0 0 0 0 0 0 0 0 
1 0.900985 0.735212 0.501353 0.254602 0.0854083 0.0172717 0.00208833 0.000156667 5e-06 0 0 0 0 0 0 0 0 0 0 
1 0.897945 0.726568 0.48893 0.244413 0.080065 0.015805 0.00180833 0.000111667 5e-06 0 0 0 0 0 0 0 0 0 0 
1 0.900713 0.736327 0.503528 0.25773 0.08735 0.0188917 0.002845 0.000285 1.5e-05 0 0 0 0 0 0 0 0 0 0 
1 0.90044 0.735068 0.50009 0.252133 0.0838167 0.0171733 0.00226333 0.00019 1.16667e-05 0 0 0 0 0 0 0 0 0 0 
1 0.899602 0.731277 0.495788 0.250405 0.084005 0.0177667 0.002365 0.000213333 1.16667e-05 0 0 0 0 0 0 0 0 0 0 
1 0.901448 0.737403 0.504247 0.258165 0.0873883 0.0176583 0.00210167 0.000165 8.33333e-06 0 0 0 0 0 0 0 0 0 0 
1 0.902565 0.73756 0.504398 0.258963 0.0895917 0.0198317 0.00303667 0.000403333 3.16667e-05 0 0 0 0 0 0 0 0 0 0 
1 0.902185 0.737787 0.505167 0.257798 0.0865117 0.0176067 0.00223667 0.00023 1.66667e-05 0 0 0 0 0 0 0 0 0 0 
1 0.899325 0.732315 0.496285 0.251178 0.0855167 0.01881 0.00273667 0.00029 1.83333e-05 0 0 0 0 0 0 0 0 0 0 
1 0.899147 0.731868 0.496902 0.253065 0.0867217 0.0190617 0.00279833 0.000318333 1.66667e-05 0 0 0 0 0 0 0 0 0 0 
1 0.902828 0.739047 0.508843 0.262973 0.0914833 0.0201917 0.00302833 0.000335 2.66667e-05 0 0 0 0 0 0 0 0 0 0 
1 0.902033 0.737207 0.505917 0.259477 0.08869 0.0184267 0.002225 0.00016 8.33333e-06 0 0 0 0 0 0 0 0 0 0 
1 0.899503 0.731535 0.49404 0.24654 0.080415 0.0164683 0.00220333 0.000188333 3.33333e-06 0 0 0 0 0 0 0 0 0 0 
1 0.898033 0.727752 0.491198 0.245485 0.07959 0.0153667 0.00199667 0.000171667 1.5e-05 0 0 0 0 0 0 0 0 0 0 
1 0.900385 0.734422 0.502035 0.25705 0.0881533 0.0188867 0.00260167 0.000223333 1.16667e-05 3.33333e-06 0 0 0 0 0 0 0 0 0 
1 0.898707 0.73041 0.494248 0.24719 0.0810517 0.016385 0.00196333 0.000141667 3.33333e-06 0 0 0 0 0 0 0 0 0 0 
1 0.901015 0.735347 0.50206 0.25588 0.08657 0.0177733 0.00233167 0.00022 3e-05 1.66667e-06 0 0 0 0 0 0 0 0 0 
1 0.899802 0.733072 0.499312 0.253553 0.0860517 0.018005 0.00264833 0.000383333 5.5e-05 1.66667e-06 0 0 0 0 0 0 0 0 0 
1 0.897412 0.726228 0.486123 0.23917 0.0758883 0.0152567 0.002065 0.000135 3.33333e-06 0 0 0 0 0 0 0 0 0 0 
1 0.900322 0.73461 0.500855 0.253133 0.08465 0.0175 0.00238667 0.000238333 1.83333e-05 1.66667e-06 0 0 0 0 0 0 0 0 0 
1 0.89713 0.726733 0.491067 0.245662 0.0822767 0.01776 0.00258 0.000251667 2.16667e-05 0 0 0 0 0 0 0 0 0 0 
1 0.900257 0.733692 0.500362 0.254372 0.0856367 0.0175967 0.002095 0.000143333 5e-06 1.66667e-06 0 0 0 0 0 0 0 0 0 
1 0.900687 0.734722 0.503042 0.257147 0.0874417 0.0181833 0.002205 0.00023 1.83333e-05 0 0 0 0 0 0 0 0 0 0 
1 0.89982 0.733213 0.497842 0.25172 0.08314 0.0164467 0.00187833 0.000138333 1.5e-05 0 0 0 0 0 0 0 0 0 0 
1 0.900342 0.733063 0.498465 0.252005 0.0836317 0.0171833 0.00223167 0.000185 1.66667e-06 0 0 0 0 0 0 0 0 0 0 
1 0.899947 0.731892 0.497315 0.25154 0.0854233 0.0189883 0.003115 0.000406667 4.5e-05 5e-06 0 0 0 0 0 0 0 0 0 
1 0.898865 0.730833 0.496095 0.249348 0.0823067 0.01631 0.00196667 0.000161667 8.33333e-06 0 0 0 0 0 0 0 0 0 0 
1 0.899645 0.733088 0.49881 0.252222 0.0838633 0.017375 0.00240167 0.00027 2.33333e-05 0 0 0 0 0 0 0 0 0 0 
1 0.89777 0.728977 0.493412 0.247135 0.0820267 0.0170517 0.00253167 0.000241667 2e-05 0 0 0 0 0 0 0 0 0 0 
1 0.902657 0.739273 0.507688 0.26184 0.090155 0.01921 0.00252667 0.000218333 1e-05 0 0 0 0 0 0 0 0 0 0 
1 0.90026 0.734383 0.50032 0.254005 0.0864683 0.0184983 0.00251167 0.000245 1.83333e-05 6.66667e-06 0 0 0 0 0 0 0 0 0 
1 0.89951 0.731683 0.496807 0.251632 0.0845417 0.0185817 0.003175 0.000485 6e-05 8.33333e-06 0 0 0 0 0 0 0 0 0 
1 0.89909 0.731818 0.495725 0.24983 0.082865 0.0172883 0.00233167 0.000188333 3.33333e-06 0 0 0 0 0 0 0 0 0 0 
1 0.900913 0.735143 0.501183 0.255875 0.0878 0.01919 0.002865 0.000301667 1e-05 0 0 0 0 0 0 0 0 0 0 
1 0.897285 0.725035 0.48665 0.242107 0.0806517 0.0172967 0.00271167 0.000355 3.16667e-05 1.66667e-06 0 0 0 0 0 0 0 0 0 
1 0.899002 0.731293 0.497515 0.251868 0.084555 0.0175133 0.00233833 0.00017 1.66667e-06 0 0 0 0 0 0 0 0 0 0 
1 0.900922 0.734933 0.503765 0.25957 0.0900617 0.0200417 0.00287667 0.000288333 1.83333e-05 0 0 0 0 0 0 0 0 0 0 
1 0.90041 0.734462 0.500818 0.255447 0.087935 0.0194467 0.00285667 0.000221667 1.16667e-05 3.33333e-06 0 0 0 0 0 0 0 0 0 
1 0.899878 0.733003 0.498538 0.253003 0.0847233 0.0180267 0.00248833 0.000228333 8.33333e-06 0 0 0 0 0 0 0 0 0 0 
1 0.900007 0.734718 0.501162 0.255353 0.0850633 0.0170283 0.00199833 0.000153333 5e-06 0 0 0 0 0 0 0 0 0 0 
1 0.898657 0.729305 0.492808 0.246395 0.0806183 0.0165667 0.00213333 0.000191667 1.33333e-05 0 0 0 0 0 0 0 0 0 0 
1 0.902215 0.73856 0.505723 0.260632 0.0906683 0.0207417 0.00332 0.000398333 3.83333e-05 0 0 0 0 0 0 0 0 0 0 
1 0.897977 0.728993 0.491632 0.244852 0.0800483 0.0161333 0.00227833 0.000345 5.83333e-05 6.66667e-06 0 0 0 0 0 0 0 0 0 
1 0.900557 0.735707 0.502968 0.256595 0.0871367 0.0185183 0.002325 0.000168333 1.33333e-05 0 0 0 0 0 0 0 0 0 0 
1 0.900183 0.73418 0.500248 0.254065 0.08501 0.0176433 0.00251333 0.000343333 3.83333e-05 3.33333e-06 0 0 0 0 0 0 0 0 0 
1 0.901332 0.7371 0.505248 0.259895 0.0894167 0.0186933 0.00250333 0.000271667 3.16667e-05 5e-06 3.33333e-06 0 0 0 0 0 0 0 0 
1 0.90123 0.735563 0.50558 0.261303 0.091145 0.0204 0.00307 0.00034 3.33333e-05 0 0 0 0 0 0 0 0 0 0 
1 0.89923 0.730597 0.493605 0.247583 0.0816133 0.0164183 0.00216667 0.00021 1e-05 0 0 0 0 0 0 0 0 0 0 
1 0.900248 0.732808 0.49838 0.252565 0.0839733 0.0177333 0.00254167 0.000338333 5.16667e-05 3.33333e-06 0 0 0 0 0 0 0 0 0 
1 0.90098 0.736782 0.505767 0.261005 0.0909867 0.02071 0.00316333 0.00033 3.5e-05 3.33333e-06 1.66667e-06 0 0 0 0 0 0 0 0 
1 0.89861 0.730332 0.492758 0.245825 0.07916 0.0156533 0.00207667 0.000183333 5e-06 0 0 0 0 0 0 0 0 0 0 
1 0.89912 0.729942 0.493192 0.246898 0.08062 0.01616 0.00217167 0.000221667 3.33333e-06 0 0 0 0 0 0 0 0 0 0 
1 0.899028 0.731653 0.497147 0.252305 0.085065 0.0180883 0.00257833 0.000228333 1.66667e-05 1.66667e-06 0 0 0 0 0 0 0 0 0 
1 0.902988 0.742095 0.51271 0.266612 0.0932983 0.02057 0.00293333 0.000316667 3.33333e-05 0 0 0 0 0 0 0 0 0 0 
1 0.900857 0.735428 0.502438 0.257888 0.0883817 0.0189533 0.00255167 0.000196667 1e-05 1.66667e-06 0 0 0 0 0 0 0 0 0 
1 0.900638 0.733582 0.499758 0.253467 0.085645 0.01842 0.00259 0.000255 1.66667e-05 1.66667e-06 0 0 0 0 0 0 0 0 0 
1 0.898382 0.72991 0.494247 0.24828 0.08198 0.01629 0.001945 0.000175 1.66667e-06 1.66667e-06 0 0 0 0 0 0 0 0 0 
1 0.901783 0.738232 0.507545 0.263887 0.093235 0.0210983 0.00319167 0.000365 1.16667e-05 0 0 0 0 0 0 0 0 0 0 
1 0.902027 0.737743 0.505252 0.260043 0.0902267 0.0196667 0.00277333 0.000231667 8.33333e-06 0 0 0 0 0 0 0 0 0 0 
1 0.899635 0.733133 0.498782 0.252555 0.0846567 0.0180917 0.00274833 0.000261667 1e-05 0 0 0 0 0 0 0 0 0 0 
1 0.899427 0.733148 0.497595 0.250795 0.0833317 0.0171933 0.00232333 0.000185 5e-06 1.66667e-06 0 0 0 0 0 0 0 0 0 
1 0.90034 0.734305 0.499995 0.253078 0.0843683 0.0171283 0.00226333 0.000216667 6.66667e-06 0 0 0 0 0 0 0 0 0 0 
1 0.898445 0.730192 0.494238 0.250112 0.08321 0.0175417 0.002515 0.000328333 3.33333e-05 3.33333e-06 0 0 0 0 0 0 0 0 0 
1 0.899185 0.730587 0.49427 0.24766 0.0823367 0.0170367 0.00205833 0.000138333 8.33333e-06 1.66667e-06 0 0 0 0 0 0 0 0 0 
1 0.900797 0.736428 0.503167 0.255997 0.08713 0.0183783 0.00249 0.00022 1.5e-05 1.66667e-06 0 0 0 0 0 0 0 0 0 
1 0.898623 0.730062 0.495925 0.249398 0.08277 0.0170367 0.00223833 0.00018 6.66667e-06 0 0 0 0 0 0 0 0 0 0 
1 0.899552 0.7342 0.501317 0.256662 0.0890217 0.0192633 0.00269833 0.00028 2.5e-05 0 0 0 0 0 0 0 0 0 0 
1 0.897537 0.727933 0.490487 0.244473 0.0798583 0.0157933 0.00177833 0.000106667 0 0 0 0 0 0 0 0 0 0 0 
1 0.90162 0.737895 0.506052 0.260202 0.0892583 0.019035 0.00265167 0.000265 2e-05 3.33333e-06 1.66667e-06 0 0 0 0 0 0 0 0 
1 0.898392 0.728935 0.49171 0.245225 0.080105 0.0165367 0.002515 0.00034 5e-05 1.33333e-05 1.66667e-06 0 0 0 0 0 0 0 0 
1 0.900778 0.734845 0.500685 0.25438 0.0862683 0.018355 0.002235 0.000148333 1.66667e-06 0 0 0 0 0 0 0 0 0 0 
1 0.901522 0.734122 0.50114 0.25463 0.085995 0.0182767 0.002535 0.000273333 2e-05 1.66667e-06 0 0 0 0 0 0 0 0 0 
1 0.897965 0.729132 0.49228 0.246945 0.08287 0.018005 0.00263333 0.000288333 1.83333e-05 1.66667e-06 0 0 0 0 0 0 0 0 0 
1 0.901205 0.734532 0.500178 0.253918 0.08412 0.01632 0.00200833 0.00018 1.16667e-05 0 0 0 0 0 0 0 0 0 0 
1 0.89847 0.73007 0.492773 0.245942 0.0810683 0.0163883 0.002 0.000146667 1.66667e-05 1.66667e-06 0 0 0 0 0 0 0 0 0 
1 0.900898 0.736608 0.50394 0.257067 0.0878117 0.018425 0.00226667 0.000181667 6.66667e-06 0 0 0 0 0 0 0 0 0 0 
1 0.898963 0.730753 0.495388 0.250227 0.0831967 0.0174767 0.00260833 0.000331667 2.5e-05 1.66667e-06 0 0 0 0 0 0 0 0 0 
1 0.901562 0.736562 0.504953 0.26027 0.0898383 0.0197033 0.00268 0.000236667 1.5e-05 0 0 0 0 0 0 0 0 0 0 
1 0.902793 0.739383 0.50817 0.262908 0.091595 0.0196817 0.00265833 0.000208333 1.5e-05 1.66667e-06 0 0 0 0 0 0 0 0 0 
1 0.900383 0.734332 0.500127 0.253532 0.0837617 0.0177267 0.002445 0.00033 4.33333e-05 3.33333e-06 0 0 0 0 0 0 0 0 0 
1 0.900783 0.73565 0.503903 0.26064 0.0913667 0.0203717 0.00289167 0.000303333 2.5e-05 0 0 0 0 0 0 0 0 0 0 
1 0.899417 0.732023 0.4971 0.249987 0.0825383 0.0166383 0.00189333 0.00011 5e-06 0 0 0 0 0 0 0 0 0 0 
1 0.89761 0.72848 0.491653 0.246685 0.0825367 0.01771 0.00265167 0.000371667 3.5e-05 0 0 0 0 0 0 0 0 0 0 
1 0.901297 0.736153 0.504562 0.259533 0.0907867 0.0205483 0.00310167 0.000358333 3.16667e-05 0 0 0 0 0 0 0 0 0 0 
1 0.900663 0.735145 0.502107 0.256395 0.0873417 0.0189433 0.00270667 0.000265 1.33333e-05 0 0 0 0 0 0 0 0 0 0 
1 0.898682 0.731937 0.497215 0.250543 0.0827567 0.0168883 0.00217167 0.00018 1.66667e-06 0 0 0 0 0 0 0 0 0 0 
1 0.89845 0.72955 0.49324 0.247727 0.0823517 0.0171517 0.00222667 0.000195 6.66667e-06 0 0 0 0 0 0 0 0 0 0 
1 0.90021 0.73351 0.499557 0.253012 0.0835633 0.0172133 0.00210167 0.000166667 6.66667e-06 0 0 0 0 0 0 0 0 0 0 
1 0.89999 0.73314 0.498528 0.252352 0.0853133 0.0183517 0.00240833 0.000211667 5e-06 0 0 0 0 0 0 0 0 0 0 
1 0.900377 0.73388 0.499962 0.254345 0.086105 0.0180283 0.00226667 0.00021 8.33333e-06 0 0 0 0 0 0 0 0 0 0 
1 0.899747 0.732412 0.498105 0.252612 0.084275 0.0169267 0.00207 0.000161667 1.5e-05 0 0 0 0 0 0 0 0 0 0 
1 0.90099 0.73436 0.500125 0.253498 0.0846917 0.018195 0.00247333 0.000233333 2.33333e-05 1.66667e-06 0 0 0 0 0 0 0 0 0 
1 0.89999 0.732907 0.498458 0.252165 0.0845383 0.017745 0.00255 0.000248333 5e-06 0 0 0 0 0 0 0 0 0 0 
1 0.900387 0.733943 0.499147 0.252092 0.0841533 0.0173517 0.00221667 0.000163333 3.33333e-06 0 0 0 0 0 0 0 0 0 0 
1 0.899767 0.731378 0.497195 0.251543 0.0837033 0.0174533 0.00227333 0.000226667 1.16667e-05 0 0 0 0 0 0 0 0 0 0 
1 0.899408 0.731898 0.498078 0.253772 0.08821 0.0194667 0.00269667 0.000255 3.33333e-05 0 0 0 0 0 0 0 0 0 0 
1 0.90102 0.735455 0.50201 0.25709 0.08809 0.019165 0.00253167 0.00022 3.33333e-05 1.16667e-05 3.33333e-06 0 0 0 0 0 0 0 0 
1 0.90258 0.739485 0.509512 0.264828 0.0927833 0.0208583 0.00318667 0.000328333 2e-05 0 0 0 0 0 0 0 0 0 0 
1 0.900002 0.734115 0.501078 0.25626 0.087275 0.018735 0.00260333 0.000241667 2.16667e-05 0 0 0 0 0 0 0 0 0 0 
1 0.901132 0.737692 0.505923 0.258578 0.0880467 0.018725 0.00257333 0.000225 6.66667e-06 0 0 0 0 0 0 0 0 0 0 
1 0.899837 0.733712 0.501143 0.25769 0.0904233 0.020115 0.00299667 0.000283333 3.5e-05 1.66667e-06 0 0 0 0 0 0 0 0 0 
1 0.900082 0.73313 0.498137 0.252807 0.0855233 0.01787 0.00209333 0.000156667 6.66667e-06 0 0 0 0 0 0 0 0 0 0 
1 0.898688 0.73065 0.496783 0.251848 0.0857567 0.0188983 0.003 0.000438333 7.5e-05 0 0 0 0 0 0 0 0 0 0 
1 0.901467 0.73817 0.507595 0.26343 0.0929117 0.021525 0.00353 0.000566667 8.83333e-05 5e-06 0 0 0 0 0 0 0 0 0 
1 0.900083 0.732497 0.49671 0.248838 0.0820867 0.0167717 0.00229 0.000213333 1.66667e-05 0 0 0 0 0 0 0 0 0 0 
1 0.900647 0.734485 0.502737 0.258923 0.0902033 0.0203933 0.00300333 0.000293333 1.5e-05 0 0 0 0 0 0 0 0 0 0 
1 0.902847 0.73934 0.506992 0.259957 0.0883417 0.0189483 0.00252167 0.000188333 8.33333e-06 0 0 0 0 0 0 0 0 0 0 
1 0.89932 0.732358 0.498148 0.252737 0.0848467 0.0177783 0.00244833 0.000246667 2e-05 3.33333e-06 0 0 0 0 0 0 0 0 0 
1 0.900467 0.735088 0.50383 0.260692 0.0911533 0.0209433 0.00303667 0.000268333 6.66667e-06 0 0 0 0 0 0 0 0 0 0 
1 0.901162 0.736195 0.50298 0.25469 0.0841983 0.0168883 0.00223 0.000191667 6.66667e-06 0 0 0 0 0 0 0 0 0 0 
1 0.898423 0.72912 0.493465 0.247127 0.0816883 0.0168383 0.00228167 0.000196667 6.66667e-06 0 0 0 0 0 0 0 0 0 0 
1 0.900462 0.73411 0.500862 0.254232 0.0860733 0.0185683 0.00266 0.000248333 1.5e-05 0 0 0 0 0 0 0 0 0 0 
1 0.901172 0.737323 0.506838 0.261668 0.0919533 0.02067 0.00318667 0.000353333 2.83333e-05 5e-06 0 0 0 0 0 0 0 0 0 
1 0.89903 0.730208 0.493538 0.248533 0.0842333 0.019 0.00309167 0.000411667 5.66667e-05 0 0 0 0 0 0 0 0 0 0 
1 0.899283 0.731897 0.496938 0.250408 0.0832267 0.0176317 0.00264167 0.000286667 1.16667e-05 0 0 0 0 0 0 0 0 0 0 
1 0.899275 0.731352 0.49636 0.249993 0.083955 0.0175567 0.002255 0.000183333 8.33333e-06 0 0 0 0 0 0 0 0 0 0 
1 0.90075 0.734695 0.500818 0.253658 0.083765 0.0164683 0.00181 9.33333e-05 6.66667e-06 0 0 0 0 0 0 0 0 0 0 
1 0.900582 0.734515 0.499088 0.251762 0.08363 0.0176617 0.0025 0.000311667 2.5e-05 0 0 0 0 0 0 0 0 0 0 
1 0.900798 0.734218 0.500322 0.254108 0.085085 0.01792 0.00252833 0.000246667 2.66667e-05 3.33333e-06 0 0 0 0 0 0 0 0 0 
1 0.899393 0.732033 0.498162 0.251363 0.0850183 0.0179567 0.00219333 0.000175 3.33333e-06 0 0 0 0 0 0 0 0 0 0 
1 0.900963 0.736432 0.504562 0.25926 0.0888517 0.02018 0.00332167 0.000485 9.16667e-05 1.16667e-05 0 0 0 0 0 0 0 0 0 
1 0.900345 0.733282 0.497493 0.250415 0.0827017 0.016825 0.00214333 0.000151667 8.33333e-06 0 0 0 0 0 0 0 0 0 0 
1 0.901223 0.73646 0.505505 0.260453 0.0912683 0.02008 0.00267 0.000233333 1e-05 0 0 0 0 0 0 0 0 0 0 
1 0.899082 0.731702 0.496772 0.250822 0.0847817 0.0180883 0.00259667 0.000248333 1e-05 0 0 0 0 0 0 0 0 0 0 
1 0.899968 0.733975 0.502375 0.257295 0.088325 0.01928 0.00248833 0.00022 1.5e-05 0 0 0 0 0 0 0 0 0 0 
1 0.900012 0.732805 0.498722 0.2531 0.0860717 0.0189333 0.002755 0.000296667 2.66667e-05 1.66667e-06 0 0 0 0 0 0 0 0 0 
1 0.898783 0.728817 0.490835 0.245068 0.0802217 0.0163617 0.00200167 0.000128333 5e-06 0 0 0 0 0 0 0 0 0 0 
1 0.896665 0.7241 0.485615 0.240532 0.07842 0.01575 0.002025 0.00019 1.33333e-05 0 0 0 0 0 0 0 0 0 0 
1 0.901407 0.736365 0.503993 0.258182 0.089455 0.0201483 0.00307667 0.000281667 1.83333e-05 3.33333e-06 0 0 0 0 0 0 0 0 0 
1 0.89985 0.734542 0.50178 0.258018 0.0883733 0.019495 0.00281333 0.000296667 1.83333e-05 0 0 0 0 0 0 0 0 0 0 
1 0.899983 0.734357 0.499833 0.252602 0.0846467 0.017765 0.00241167 0.000201667 5e-06 0 0 0 0 0 0 0 0 0 0 
1 0.901847 0.736882 0.504147 0.258108 0.088335 0.018755 0.00237833 0.000216667 6.66667e-06 0 0 0 0 0 0 0 0 0 0 
1 0.90006 0.734473 0.500122 0.253982 0.085925 0.018555 0.00263667 0.00026 6.66667e-06 0 0 0 0 0 0 0 0 0 0 
1 0.900448 0.733798 0.50014 0.253663 0.08447 0.0167783 0.00191 0.000135 6.66667e-06 0 0 0 0 0 0 0 0 0 0 
1 0.899195 0.731578 0.49643 0.250338 0.0833133 0.0170167 0.00224167 0.000216667 8.33333e-06 0 0 0 0 0 0 0 0 0 0 
1 0.900117 0.73315 0.497435 0.248932 0.0799767 0.0150833 0.00161833 9e-05 1.66667e-06 0 0 0 0 0 0 0 0 0 0 
1 0.899367 0.732968 0.498977 0.25373 0.085695 0.0184533 0.002555 0.000213333 3.33333e-06 0 0 0 0 0 0 0 0 0 0 
1 0.897343 0.727012 0.490337 0.243728 0.0783667 0.0148783 0.00178 0.000151667 1e-05 0 0 0 0 0 0 0 0 0 0 
1 0.900848 0.734848 0.50024 0.25319 0.0842517 0.0173283 0.00236167 0.000183333 1.83333e-05 0 0 0 0 0 0 0 0 0 0 
1 0.90002 0.733307 0.499517 0.253642 0.0854433 0.01778 0.00217333 0.000126667 1.66667e-06 0 0 0 0 0 0 0 0 0 0 
1 0.900445 0.735243 0.50172 0.256872 0.086855 0.0178417 0.00223167 0.000156667 1e-05 0 0 0 0 0 0 0 0 0 0 
1 0.89893 0.731473 0.497403 0.252477 0.0855983 0.0189 0.00302 0.00035 1.66667e-05 0 0 0 0 0 0 0 0 0 0 
1 0.902018 0.738455 0.506152 0.26053 0.090415 0.0200317 0.00296833 0.000358333 3.16667e-05 0 0 0 0 0 0 0 0 0 0 
1 0.901293 0.73628 0.502385 0.2543 0.08346 0.0169883 0.002185 0.00018 1.16667e-05 0 0 0 0 0 0 0 0 0 0 
1 0.901698 0.73651 0.50381 0.257205 0.0873917 0.0182033 0.002315 0.000175 3.33333e-06 0 0 0 0 0 0 0 0 0 0 
1 0.901218 0.737847 0.505482 0.258698 0.0882117 0.0192 0.00284833 0.000338333 2.66667e-05 3.33333e-06 0 0 0 0 0 0 0 0 0 
1 0.898248 0.728672 0.492322 0.246277 0.0818367 0.0168483 0.00229333 0.000235 1.83333e-05 0 0 0 0 0 0 0 0 0 0 
1 0.901125 0.737507 0.505783 0.262005 0.091855 0.021255 0.003245 0.00036 2.66667e-05 1.66667e-06 0 0 0 0 0 0 0 0 0 
1 0.900698 0.733907 0.499363 0.25401 0.0858767 0.0182583 0.00247 0.000208333 6.66667e-06 0 0 0 0 0 0 0 0 0 0 
1 0.89736 0.727788 0.491328 0.247177 0.0813667 0.0163567 0.00225833 0.000275 2.33333e-05 0 0 0 0 0 0 0 0 0 0 
1 0.900472 0.73485 0.50112 0.255023 0.0874467 0.0195933 0.003095 0.000431667 3.16667e-05 3.18287e-18 0 0 0 0 0 0 0 0 0 
1 0.899063 0.729642 0.494592 0.250437 0.0858483 0.01897 0.00269667 0.000243333 1.16667e-05 0 0 0 0 0 0 0 0 0 0 
1 0.89845 0.730415 0.494465 0.246955 0.0808883 0.0164617 0.00210167 0.000213333 2.5e-05 0 0 0 0 0 0 0 0 0 0 
1 0.900145 0.732982 0.498348 0.251127 0.0825467 0.01617 0.00187667 0.000145 8.33333e-06 0 0 0 0 0 0 0 0 0 0 
1 0.901722 0.738272 0.50736 0.26103 0.089165 0.0193433 0.00288333 0.000396667 4.16667e-05 3.33333e-06 0 0 0 0 0 0 0 0 0 
1 0.899328 0.730912 0.494603 0.248318 0.08206 0.016505 0.002125 0.000181667 5e-06 0 0 0 0 0 0 0 0 0 0 
1 0.901047 0.7363 0.502797 0.255707 0.0858433 0.0178083 0.00246333 0.000186667 1.5e-05 0 0 0 0 0 0 0 0 0 0 
1 0.8998 0.731855 0.496225 0.24969 0.0835017 0.0173267 0.00209333 0.000163333 6.66667e-06 0 0 0 0 0 0 0 0 0 0 
1 0.901835 0.736727 0.50541 0.25881 0.0883767 0.01876 0.00240333 0.000215 1.83333e-05 1.66667e-06 0 0 0 0 0 0 0 0 0 
1 0.899227 0.731902 0.496533 0.251457 0.0847417 0.018205 0.00268 0.000283333 1.5e-05 0 0 0 0 0 0 0 0 0 0 
1 0.898822 0.730208 0.4948 0.247355 0.0813783 0.0163883 0.00199833 0.000125 1.66667e-06 0 0 0 0 0 0 0 0 0 0 
1 0.900485 0.734353 0.500597 0.254713 0.085315 0.01791 0.00245667 0.00026 3.66667e-05 1.66667e-06 0 0 0 0 0 0 0 0 0 
1 0.900402 0.733835 0.500443 0.254005 0.0865467 0.0189483 0.00267667 0.000323333 2.33333e-05 0 0 0 0 0 0 0 0 0 0 
1 0.900658 0.734378 0.500288 0.254558 0.0862933 0.0183033 0.00241 0.000173333 3.33333e-06 0 0 0 0 0 0 0 0 0 0 
1 0.899578 0.732747 0.498803 0.25183 0.0845333 0.0178567 0.00260167 0.00033 4.16667e-05 0 0 0 0 0 0 0 0 0 0 
1 0.900425 0.734923 0.501522 0.25479 0.086215 0.0180483 0.00243333 0.000218333 6.66667e-06 0 0 0 0 0 0 0 0 0 0 
1 0.900915 0.736352 0.503347 0.255443 0.0843333 0.0170733 0.00213167 0.000168333 5e-06 0 0 0 0 0 0 0 0 0 0 
1 0.90066 0.735675 0.502648 0.256777 0.088275 0.0194767 0.00286167 0.00033 2.33333e-05 1.66667e-06 0 0 0 0 0 0 0 0 0 
1 0.89895 0.730072 0.495148 0.250415 0.08441 0.0179967 0.00259667 0.000263333 1.5e-05 0 0 0 0 0 0 0 0 0 0 
1 0.899402 0.731407 0.495558 0.248105 0.0813617 0.016385 0.00208833 0.000181667 3.33333e-06 0 0 0 0 0 0 0 0 0 0 
1 0.900088 0.73314 0.499587 0.254938 0.08673 0.0189 0.002675 0.000245 1.5e-05 1.66667e-06 0 0 0 0 0 0 0 0 0 
1 0.899687 0.731768 0.49785 0.253963 0.0879867 0.0198167 0.00293 0.000391667 3.16667e-05 5e-06 0 0 0 0 0 0 0 0 0 
1 0.900553 0.73479 0.501667 0.254895 0.0862 0.0178833 0.00209 0.000143333 5e-06 0 0 0 0 0 0 0 0 0 0 
1 0.897255 0.725655 0.488563 0.243993 0.0794517 0.016205 0.00235333 0.000301667 4e-05 1.66667e-06 0 0 0 0 0 0 0 0 0 
1 0.900498 0.734208 0.500345 0.254765 0.0856883 0.0176167 0.00223833 0.000171667 6.66667e-06 0 0 0 0 0 0 0 0 0 0 
1 0.900158 0.733438 0.49874 0.253057 0.0849733 0.0176267 0.00220833 0.000221667 6.66667e-06 0 0 0 0 0 0 0 0 0 0 
1 0.902238 0.739435 0.508848 0.264418 0.0922417 0.0204417 0.003005 0.000345 2.66667e-05 8.33333e-06 5e-06 0 0 0 0 0 0 0 0 
1 0.899242 0.731162 0.495695 0.250007 0.0815383 0.016005 0.00199167 0.000148333 3.33333e-06 0 0 0 0 0 0 0 0 0 0 
1 0.900563 0.734588 0.501643 0.255913 0.0877167 0.01938 0.00276 0.00024 5e-06 0 0 0 0 0 0 0 0 0 0 
1 0.899375 0.732048 0.497937 0.250762 0.082055 0.015835 0.001725 0.000103333 5e-06 0 0 0 0 0 0 0 0 0 0 
1 0.901102 0.73545 0.500757 0.254353 0.0846917 0.0171733 0.00232667 0.00021 1.16667e-05 0 0 0 0 0 0 0 0 0 0 
1 0.899987 0.732435 0.49689 0.248873 0.0809467 0.015215 0.00170167 0.000116667 5e-06 0 0 0 0 0 0 0 0 0 0 
1 0.900402 0.733668 0.499495 0.255192 0.0869383 0.0192467 0.00285833 0.000318333 2e-05 1.66667e-06 0 0 0 0 0 0 0 0 0 
1 0.900653 0.735413 0.50225 0.254587 0.0835867 0.0159883 0.00165167 7e-05 1.66667e-06 0 0 0 0 0 0 0 0 0 0 
1 0.899495 0.731972 0.496438 0.250842 0.0841617 0.0177317 0.002375 0.00016 8.33333e-06 0 0 0 0 0 0 0 0 0 0 
1 0.900695 0.733415 0.50003 0.253885 0.08589 0.0178933 0.00223667 0.000148333 5e-06 0 0 0 0 0 0 0 0 0 0 
1 0.901767 0.737658 0.507405 0.260262 0.08806 0.0183617 0.00234667 0.000246667 2.33333e-05 1.66667e-06 0 0 0 0 0 0 0 0 0 
1 0.898882 0.731358 0.49678 0.251138 0.0841717 0.017515 0.00237667 0.00021 5e-06 0 0 0 0 0 0 0 0 0 0 
1 0.900502 0.733537 0.499153 0.252283 0.0846083 0.017585 0.00249833 0.000263333 6.66667e-06 0 0 0 0 0 0 0 0 0 0 
1 0.90033 0.73323 0.500402 0.254495 0.0863433 0.0184967 0.00271167 0.00031 2.83333e-05 0 0 0 0 0 0 0 0 0 0 
1 0.8979 0.727483 0.490277 0.244422 0.0799717 0.0159833 0.00191 0.000126667 6.66667e-06 0 0 0 0 0 0 0 0 0 0 
1 0.901343 0.737455 0.506612 0.260707 0.0900683 0.0197667 0.00265833 0.000198333 3.33333e-06 0 0 0 0 0 0 0 0 0 0 
1 0.899043 0.731493 0.497767 0.254068 0.087495 0.0195583 0.00287333 0.000333333 2.66667e-05 1.66667e-06 0 0 0 0 0 0 0 0 0 
1 0.898947 0.731272 0.49518 0.250633 0.0845167 0.0181683 0.002705 0.000331667 3.16667e-05 1.66667e-06 0 0 0 0 0 0 0 0 0 
1 0.898025 0.72949 0.493858 0.24751 0.0821383 0.0164867 0.001865 0.000116667 1e-05 0 0 0 0 0 0 0 0 0 0 
1 0.89778 0.728545 0.492508 0.247598 0.0828283 0.0178733 0.00253 0.000236667 1.16667e-05 0 0 0 0 0 0 0 0 0 0 
1 0.901303 0.736178 0.501745 0.253752 0.0854233 0.018055 0.00273 0.000295 1e-05 0 0 0 0 0 0 0 0 0 0 
1 0.89933 0.731848 0.497465 0.252963 0.0870167 0.018935 0.00275333 0.000228333 1e-05 0 0 0 0 0 0 0 0 0 0 
1 0.90002 0.733223 0.498515 0.252483 0.085695 0.0196667 0.00319167 0.0005 8.33333e-05 1.16667e-05 0 0 0 0 0 0 0 0 0 
1 0.899952 0.73412 0.498622 0.251942 0.0843667 0.0176183 0.00237 0.000186667 1.5e-05 1.66667e-06 0 0 0 0 0 0 0 0 0 
1 0.901398 0.735963 0.50175 0.254128 0.0843317 0.01704 0.00230333 0.00025 1.66667e-05 1.66667e-06 0 0 0 0 0 0 0 0 0 
1 0.899167 0.73091 0.496737 0.250172 0.0825767 0.0169017 0.002115 0.000178333 5e-06 0 0 0 0 0 0 0 0 0 0 
1 0.900925 0.735067 0.500593 0.25632 0.0878717 0.0194667 0.00308667 0.000373333 3.5e-05 0 0 0 0 0 0 0 0 0 0 
1 0.90053 0.733288 0.497228 0.249545 0.0812267 0.0158433 0.001985 0.000123333 5e-06 0 0 0 0 0 0 0 0 0 0 
1 0.898433 0.729945 0.493573 0.24805 0.0818733 0.0168817 0.002205 0.000196667 1.66667e-06 0 0 0 0 0 0 0 0 0 0 
1 0.899175 0.730005 0.492765 0.245938 0.0800133 0.0157733 0.00190833 0.000156667 6.66667e-06 3.33333e-06 0 0 0 0 0 0 0 0 0 
1 0.898582 0.730818 0.496308 0.25106 0.0842517 0.018 0.002665 0.000396667 8e-05 1.5e-05 0 0 0 0 0 0 0 0 0 
1 0.897488 0.727157 0.489487 0.244197 0.0800717 0.01699 0.00243 0.000195 6.66667e-06 0 0 0 0 0 0 0 0 0 0 
1 0.89857 0.729925 0.493228 0.248123 0.0816033 0.0165817 0.00231167 0.000178333 0 0 0 0 0 0 0 0 0 0 0 
1 0.899272 0.730765 0.495505 0.248362 0.0813767 0.015895 0.00176667 0.00012 5e-06 0 0 0 0 0 0 0 0 0 0 
1 0.899847 0.73265 0.499127 0.252145 0.084975 0.018145 0.00239 0.000186667 8.33333e-06 0 0 0 0 0 0 0 0 0 0 
1 0.90114 0.737968 0.506837 0.263457 0.0929017 0.021105 0.003265 0.000388333 3.83333e-05 0 0 0 0 0 0 0 0 0 0 
1 0.900672 0.734893 0.502757 0.256812 0.0876817 0.0189 0.00270667 0.000306667 3.16667e-05 1.66667e-06 0 0 0 0 0 0 0 0 0 
1 0.897973 0.729862 0.493175 0.245073 0.0782767 0.0149783 0.00169 0.00011 3.33333e-06 0 0 0 0 0 0 0 0 0 0 
1 0.900537 0.733818 0.500748 0.256637 0.0881133 0.019335 0.00261667 0.000166667 1.16667e-05 0 0 0 0 0 0 0 0 0 0 
1 0.900287 0.733957 0.500265 0.253443 0.0849733 0.01715 0.00208667 0.000211667 1e-05 0 0 0 0 0 0 0 0 0 0 
1 0.90018 0.733333 0.49845 0.253268 0.0867633 0.0191367 0.00256667 0.000251667 1.66667e-05 3.33333e-06 0 0 0 0 0 0 0 0 0 
1 0.899587 0.730925 0.495095 0.249085 0.0836617 0.01832 0.00307 0.000566667 0.00012 1.83333e-05 1.66667e-06 0 0 0 0 0 0 0 0 
1 0.897597 0.729177 0.493555 0.247198 0.0820433 0.017175 0.002695 0.000425 6.5e-05 1e-05 0 0 0 0 0 0 0 0 0 
1 0.900218 0.733213 0.497872 0.251782 0.08386 0.0166417 0.001735 0.000101667 3.33333e-06 0 0 0 0 0 0 0 0 0 0 
1 0.900212 0.733917 0.500245 0.254682 0.0862233 0.01858 0.00277167 0.000348333 3e-05 1.66667e-06 0 0 0 0 0 0 0 0 0 
1 0.899185 0.732107 0.496513 0.24924 0.0818033 0.016405 0.00202 0.000161667 1.66667e-06 0 0 0 0 0 0 0 0 0 0 
