1 0.499247 0.130497 0.0119933 0.000331667 3.33333e-06 0 0 0 0 0 0 0 0 0 0 0 0 0 0 
1 0.500953 0.131432 0.0119033 0.000316667 1.66667e-06 0 0 0 0 0 0 0 0 0 0 0 0 0 0 
1 0.499545 0.130142 0.0114217 0.000341667 6.66667e-06 0 0 0 0 0 0 0 0 0 0 0 0 0 0 
1 0.499905 0.130553 0.0115367 0.000321667 5e-06 0 0 0 0 0 0 0 0 0 0 0 0 0 0 
1 0.500288 0.131188 0.01202 0.000306667 3.33333e-06 0 0 0 0 0 0 0 0 0 0 0 0 0 0 
1 0.499947 0.1301 0.0115033 0.000296667 5e-06 0 0 0 0 0 0 0 0 0 0 0 0 0 0 
1 0.497318 0.128553 0.01131 0.000306667 3.33333e-06 0 0 0 0 0 0 0 0 0 0 0 0 0 0 
1 0.499545 0.130388 0.0118433 0.000363333 3.33333e-06 0 0 0 0 0 0 0 0 0 0 0 0 0 0 
1 0.499915 0.13101 0.01166 0.000283333 3.33333e-06 0 0 0 0 0 0 0 0 0 0 0 0 0 0 
1 0.500202 0.130967 0.01187 0.000346667 1.83333e-05 1.66667e-06 0 0 0 0 0 0 0 0 0 0 0 0 0 
1 0.499653 0.131098 0.0117317 0.00033 1e-05 0 0 0 0 0 0 0 0 0 0 0 0 0 0 
1 0.500158 0.129297 0.0114317 0.000318333 5e-06 0 0 0 0 0 0 0 0 0 0 0 0 0 0 
1 0.49917 0.130245 0.0111817 0.000285 6.66667e-06 0 0 0 0 0 0 0 0 0 0 0 0 0 0 
1 0.4992 0.130632 0.0118783 0.000315 5e-06 0 0 0 0 0 0 0 0 0 0 0 0 0 0 
1 0.498887 0.130042 0.0114067 0.000268333 1.66667e-06 0 0 0 0 0 0 0 0 0 0 0 0 0 0 
1 0.500472 0.1316 0.011955 0.000403333 1e-05 0 0 0 0 0 0 0 0 0 0 0 0 0 0 
1 0.500788 0.130963 0.0116733 0.000318333 0 0 0 0 0 0 0 0 0 0 0 0 0 0 0 
1 0.500568 0.131123 0.0118333 0.00039 1.66667e-06 0 0 0 0 0 0 0 0 0 0 0 0 0 0 
1 0.500652 0.131125 0.011625 0.000343333 6.66667e-06 0 0 0 0 0 0 0 0 0 0 0 0 0 0 
1 0.501623 0.132477 0.0120067 0.000365 5e-06 0 0 0 0 0 0 0 0 0 0 0 0 0 0 
1 0.498917 0.129923 0.0114883 0.000306667 5e-06 0 0 0 0 0 0 0 0 0 0 0 0 0 0 
1 0.500352 0.130748 0.01129 0.000338333 8.33333e-06 0 0 0 0 0 0 0 0 0 0 0 0 0 0 
1 0.501345 0.13052 0.011815 0.000333333 3.33333e-06 0 0 0 0 0 0 0 0 0 0 0 0 0 0 
1 0.500358 0.130697 0.0116933 0.000315 1.66667e-06 0 0 0 0 0 0 0 0 0 0 0 0 0 0 
1 0.501123 0.131797 0.0118317 0.000335 3.33333e-06 0 0 0 0 0 0 0 0 0 0 0 0 0 0 
1 0.499608 0.130933 0.01134 0.000293333 3.33333e-06 0 0 0 0 0 0 0 0 0 0 0 0 0 0 
1 0.501995 0.131635 0.01182 0.000338333 8.33333e-06 0 0 0 0 0 0 0 0 0 0 0 0 0 0 
1 0.49807 0.129825 0.011505 0.0003 3.33333e-06 0 0 0 0 0 0 0 0 0 0 0 0 0 0 
1 0.499733 0.130515 0.0114683 0.000313333 1.66667e-06 0 0 0 0 0 0 0 0 0 0 0 0 0 0 
1 0.502627 0.132108 0.01179 0.00035 5e-06 0 0 0 0 0 0 0 0 0 0 0 0 0 0 
1 0.500348 0.131633 0.0118217 0.000333333 5e-06 0 0 0 0 0 0 0 0 0 0 0 0 0 0 
1 0.50133 0.131038 0.0113467 0.000296667 3.33333e-06 0 0 0 0 0 0 0 0 0 0 0 0 0 0 
1 0.498033 0.129608 0.0115467 0.000345 5e-06 0 0 0 0 0 0 0 0 0 0 0 0 0 0 
1 0.500417 0.131557 0.0113283 0.000295 1.66667e-06 0 0 0 0 0 0 0 0 0 0 0 0 0 0 
1 0.501582 0.131643 0.0120033 0.000348333 5e-06 0 0 0 0 0 0 0 0 0 0 0 0 0 0 
1 0.501393 0.131452 0.011965 0.000358333 1.5e-05 0 0 0 0 0 0 0 0 0 0 0 0 0 0 
1 0.49934 0.13074 0.011735 0.00036 1.66667e-06 0 0 0 0 0 0 0 0 0 0 0 0 0 0 
1 0.50086 0.130472 0.0114433 0.000303333 5e-06 0 0 0 0 0 0 0 0 0 0 0 0 0 0 
1 0.500173 0.131202 0.011945 0.000386667 5e-06 0 0 0 0 0 0 0 0 0 0 0 0 0 0 
1 0.497575 0.128825 0.0112383 0.000321667 3.33333e-06 0 0 0 0 0 0 0 0 0 0 0 0 0 0 
1 0.499293 0.130612 0.01175 0.000323333 5e-06 0 0 0 0 0 0 0 0 0 0 0 0 0 0 
1 0.499587 0.130612 0.0116617 0.000356667 3.33333e-06 0 0 0 0 0 0 0 0 0 0 0 0 0 0 
1 0.499687 0.130828 0.0115717 0.000335 6.66667e-06 0 0 0 0 0 0 0 0 0 0 0 0 0 0 
1 0.499673 0.130557 0.0114267 0.000325 1.66667e-06 0 0 0 0 0 0 0 0 0 0 0 0 0 0 
1 0.500575 0.13083 0.011595 0.000278333 5e-06 0 0 0 0 0 0 0 0 0 0 0 0 0 0 
1 0.50044 0.130352 0.0115667 0.000353333 1.66667e-06 0 0 0 0 0 0 0 0 0 0 0 0 0 0 
1 0.500367 0.130497 0.0114517 0.000296667 6.66667e-06 0 0 0 0 0 0 0 0 0 0 0 0 0 0 
1 0.49797 0.130398 0.0115217 0.000336667 8.33333e-06 0 0 0 0 0 0 0 0 0 0 0 0 0 0 
1 0.49987 0.129912 0.0114083 0.000326667 8.33333e-06 0 0 0 0 0 0 0 0 0 0 0 0 0 0 
1 0.500858 0.13103 0.0113467 0.00027 1.66667e-06 0 0 0 0 0 0 0 0 0 0 0 0 0 0 
1 0.498382 0.130253 0.0116283 0.000298333 6.66667e-06 0 0 0 0 0 0 0 0 0 0 0 0 0 0 
1 0.497393 0.129322 0.0113683 0.000315 0 0 0 0 0 0 0 0 0 0 0 0 0 0 0 
1 0.499875 0.129815 0.0114767 0.00032 5e-06 0 0 0 0 0 0 0 0 0 0 0 0 0 0 
1 0.500115 0.131272 0.0117217 0.000335 3.33333e-06 0 0 0 0 0 0 0 0 0 0 0 0 0 0 
1 0.500222 0.129903 0.0114233 0.000278333 5e-06 0 0 0 0 0 0 0 0 0 0 0 0 0 0 
1 0.499775 0.13051 0.011645 0.000276667 5e-06 0 0 0 0 0 0 0 0 0 0 0 0 0 0 
1 0.498418 0.129802 0.0117683 0.000301667 6.66667e-06 0 0 0 0 0 0 0 0 0 0 0 0 0 0 
1 0.4994 0.129287 0.0114683 0.000303333 6.66667e-06 0 0 0 0 0 0 0 0 0 0 0 0 0 0 
1 0.500558 0.131778 0.0117417 0.000283333 3.33333e-06 0 0 0 0 0 0 0 0 0 0 0 0 0 0 
1 0.50114 0.131142 0.0118267 0.000346667 1.16667e-05 0 0 0 0 0 0 0 0 0 0 0 0 0 0 
1 0.50012 0.130432 0.0114417 0.000268333 5e-06 0 0 0 0 0 0 0 0 0 0 0 0 0 0 
1 0.50089 0.132015 0.01184 0.00028 8.33333e-06 0 0 0 0 0 0 0 0 0 0 0 0 0 0 
1 0.499235 0.129957 0.01125 0.000273333 1.16667e-05 0 0 0 0 0 0 0 0 0 0 0 0 0 0 
1 0.500322 0.131858 0.012105 0.00034 8.33333e-06 0 0 0 0 0 0 0 0 0 0 0 0 0 0 
1 0.502182 0.13209 0.011745 0.000325 6.66667e-06 0 0 0 0 0 0 0 0 0 0 0 0 0 0 
1 0.501433 0.131522 0.01163 0.000338333 1.66667e-06 0 0 0 0 0 0 0 0 0 0 0 0 0 0 
1 0.500175 0.13108 0.0118667 0.000281667 3.33333e-06 0 0 0 0 0 0 0 0 0 0 0 0 0 0 
1 0.500497 0.131663 0.01165 0.000315 8.33333e-06 1.66667e-06 0 0 0 0 0 0 0 0 0 0 0 0 0 
1 0.500938 0.1321 0.01199 0.000366667 1.16667e-05 0 0 0 0 0 0 0 0 0 0 0 0 0 0 
1 0.498852 0.130055 0.0112117 0.000298333 3.33333e-06 0 0 0 0 0 0 0 0 0 0 0 0 0 0 
1 0.49918 0.129793 0.0111683 0.00031 1e-05 0 0 0 0 0 0 0 0 0 0 0 0 0 0 
1 0.498588 0.130195 0.01179 0.000361667 1.5e-05 0 0 0 0 0 0 0 0 0 0 0 0 0 0 
1 0.498297 0.128892 0.0113833 0.00037 5e-06 0 0 0 0 0 0 0 0 0 0 0 0 0 0 
1 0.50028 0.131225 0.01183 0.000325 6.66667e-06 0 0 0 0 0 0 0 0 0 0 0 0 0 0 
1 0.500398 0.130772 0.011695 0.000331667 6.66667e-06 0 0 0 0 0 0 0 0 0 0 0 0 0 0 
1 0.500658 0.131028 0.01162 0.000313333 3.33333e-06 0 0 0 0 0 0 0 0 0 0 0 0 0 0 
1 0.501273 0.132198 0.0119917 0.000371667 1.16667e-05 0 0 0 0 0 0 0 0 0 0 0 0 0 0 
1 0.498632 0.130497 0.01186 0.00032 6.66667e-06 0 0 0 0 0 0 0 0 0 0 0 0 0 0 
1 0.500993 0.131857 0.0117617 0.000333333 1e-05 0 0 0 0 0 0 0 0 0 0 0 0 0 0 
1 0.50083 0.130905 0.01157 0.0003 3.33333e-06 0 0 0 0 0 0 0 0 0 0 0 0 0 0 
1 0.500973 0.131095 0.01182 0.000293333 3.33333e-06 0 0 0 0 0 0 0 0 0 0 0 0 0 0 
1 0.499887 0.129843 0.0115867 0.000305 6.66667e-06 0 0 0 0 0 0 0 0 0 0 0 0 0 0 
1 0.501853 0.131845 0.011745 0.000315 5e-06 0 0 0 0 0 0 0 0 0 0 0 0 0 0 
1 0.499867 0.130115 0.011535 0.000275 6.66667e-06 0 0 0 0 0 0 0 0 0 0 0 0 0 0 
1 0.501237 0.131687 0.0119033 0.000358333 3.33333e-06 0 0 0 0 0 0 0 0 0 0 0 0 0 0 
1 0.49908 0.13043 0.0116467 0.000338333 3.33333e-06 0 0 0 0 0 0 0 0 0 0 0 0 0 0 
1 0.500332 0.131518 0.0118483 0.000351667 3.33333e-06 0 0 0 0 0 0 0 0 0 0 0 0 0 0 
1 0.499665 0.130262 0.01163 0.000371667 8.33333e-06 0 0 0 0 0 0 0 0 0 0 0 0 0 0 
1 0.49918 0.130253 0.0116867 0.000303333 5e-06 0 0 0 0 0 0 0 0 0 0 0 0 0 0 
1 0.499742 0.130563 0.011515 0.000328333 3.33333e-06 0 0 0 0 0 0 0 0 0 0 0 0 0 0 
1 0.498245 0.129717 0.01143 0.000258333 5e-06 0 0 0 0 0 0 0 0 0 0 0 0 0 0 
1 0.50082 0.130668 0.0113867 0.000266667 3.33333e-06 0 0 0 0 0 0 0 0 0 0 0 0 0 0 
1 0.500917 0.131068 0.0117917 0.000336667 6.66667e-06 0 0 0 0 0 0 0 0 0 0 0 0 0 0 
1 0.500153 0.12949 0.0113233 0.00034 1.16667e-05 0 0 0 0 0 0 0 0 0 0 0 0 0 0 
1 0.499713 0.130512 0.0116017 0.000336667 6.66667e-06 1.66667e-06 0 0 0 0 0 0 0 0 0 0 0 0 0 
1 0.500162 0.131357 0.0119733 0.000348333 3.33333e-06 0 0 0 0 0 0 0 0 0 0 0 0 0 0 
1 0.497747 0.129055 0.01139 0.000288333 5e-06 1.66667e-06 0 0 0 0 0 0 0 0 0 0 0 0 0 
1 0.499827 0.130818 0.0116683 0.000333333 1e-05 0 0 0 0 0 0 0 0 0 0 0 0 0 0 
1 0.498755 0.130962 0.012005 0.000335 1.16667e-05 0 0 0 0 0 0 0 0 0 0 0 0 0 0 
1 0.499378 0.13112 0.0118783 0.0003 5e-06 0 0 0 0 0 0 0 0 0 0 0 0 0 0 
