1 0.84835 0.72005 0.61015 0.5138 0.43255 0.36885 0.3128 0.2641 0.22285 0.1894 0.1573 0.13335 0.11155 0.0939 0.0783 0.0646 0.0527 0.04355 0.0364 
1 0.84875 0.7183 0.60975 0.51595 0.439 0.3706 0.31445 0.2666 0.22685 0.1908 0.1617 0.1378 0.11665 0.09825 0.0835 0.07075 0.0596 0.049 0.04065 
1 0.8478 0.71865 0.60845 0.51545 0.44045 0.37405 0.3162 0.26545 0.2244 0.1888 0.1601 0.13515 0.114 0.0962 0.07955 0.0663 0.0551 0.0473 0.039 
1 0.85005 0.7173 0.60525 0.5104 0.4306 0.36935 0.3139 0.26665 0.22655 0.19165 0.16285 0.1379 0.1168 0.1013 0.0873 0.0736 0.062 0.0512 0.04285 
1 0.84905 0.7163 0.60475 0.513 0.43445 0.3695 0.3147 0.2652 0.2235 0.1892 0.16055 0.13705 0.11595 0.09825 0.08215 0.0707 0.0593 0.049 0.04145 
1 0.84925 0.7203 0.61365 0.51515 0.4358 0.37055 0.31375 0.26475 0.22405 0.1873 0.15745 0.13345 0.1135 0.0955 0.08155 0.06875 0.05745 0.04565 0.0381 
1 0.8472 0.71565 0.6078 0.5168 0.4388 0.3711 0.3141 0.2663 0.22685 0.1912 0.16325 0.13675 0.1169 0.0967 0.08045 0.06865 0.0589 0.04805 0.03955 
1 0.84855 0.7174 0.61265 0.521 0.4401 0.3738 0.31495 0.2656 0.227 0.19255 0.1635 0.13545 0.11525 0.09815 0.0829 0.0701 0.0595 0.05005 0.04125 
1 0.8464 0.718 0.6066 0.515 0.438 0.37415 0.31585 0.2683 0.2274 0.19275 0.1628 0.1384 0.11795 0.09925 0.0831 0.07065 0.05945 0.0507 0.0429 
1 0.8493 0.72335 0.61125 0.5203 0.4413 0.37405 0.3184 0.2699 0.23025 0.19555 0.1637 0.13705 0.1157 0.09775 0.0813 0.06915 0.0579 0.0471 0.04025 
1 0.84875 0.72125 0.61205 0.5193 0.438 0.37225 0.31535 0.2617 0.2196 0.1874 0.15855 0.1302 0.10855 0.0916 0.0776 0.0643 0.054 0.04395 0.03675 
1 0.85045 0.7227 0.6141 0.52305 0.44545 0.37575 0.3182 0.2672 0.22615 0.18775 0.16065 0.13445 0.11225 0.09525 0.07865 0.0647 0.05385 0.04425 0.03625 
1 0.8497 0.7205 0.60895 0.5146 0.4386 0.3703 0.31215 0.26265 0.22395 0.1918 0.1611 0.13485 0.11525 0.0969 0.08115 0.0682 0.0569 0.04775 0.03955 
1 0.8496 0.72575 0.616 0.5188 0.4402 0.37265 0.3149 0.267 0.22615 0.1922 0.16165 0.137 0.1158 0.09675 0.08115 0.06785 0.057 0.04755 0.03895 
1 0.847 0.72095 0.61205 0.5185 0.44295 0.37845 0.3217 0.2722 0.23135 0.1963 0.1654 0.13805 0.1177 0.10035 0.0848 0.0717 0.0601 0.0491 0.04135 
1 0.84545 0.72405 0.6156 0.52155 0.44195 0.3742 0.31825 0.2701 0.22935 0.19345 0.1637 0.13935 0.1157 0.09545 0.08035 0.0666 0.05535 0.0464 0.03965 
1 0.84755 0.7202 0.6066 0.51515 0.43805 0.37 0.31215 0.2635 0.2219 0.1895 0.15895 0.1333 0.11075 0.0933 0.0773 0.0657 0.05365 0.0452 0.03725 
1 0.8465 0.7195 0.6121 0.5178 0.44275 0.37525 0.31805 0.2688 0.22795 0.1912 0.16255 0.1373 0.11595 0.0985 0.08315 0.0701 0.0583 0.04835 0.04 
1 0.85145 0.72245 0.6171 0.5254 0.4451 0.37895 0.3204 0.2707 0.2284 0.1933 0.1624 0.13745 0.1172 0.0986 0.083 0.0694 0.05835 0.04855 0.0404 
1 0.85335 0.72525 0.62 0.5256 0.44685 0.3796 0.32195 0.27385 0.2325 0.19765 0.16785 0.14295 0.1208 0.104 0.0894 0.07625 0.0653 0.0559 0.0463 
1 0.85175 0.7236 0.6137 0.52325 0.4453 0.37715 0.3216 0.27135 0.22935 0.1938 0.16405 0.13815 0.11495 0.0944 0.0781 0.06505 0.055 0.0456 0.0376 
1 0.85215 0.71985 0.6117 0.51905 0.4396 0.37445 0.3152 0.26505 0.22595 0.1898 0.15935 0.1333 0.11185 0.096 0.08105 0.06745 0.0571 0.04715 0.03925 
1 0.8494 0.7227 0.6164 0.51955 0.4425 0.3759 0.3199 0.27025 0.23075 0.1945 0.1652 0.1398 0.1174 0.09875 0.08455 0.07055 0.0603 0.0494 0.0414 
1 0.8543 0.721 0.6107 0.5185 0.43765 0.371 0.3123 0.26515 0.22425 0.1884 0.15635 0.1312 0.11095 0.09395 0.0782 0.0651 0.05425 0.0452 0.03715 
1 0.8491 0.71795 0.60935 0.51965 0.4413 0.37485 0.31555 0.2663 0.22535 0.1917 0.1625 0.1382 0.11735 0.09935 0.08305 0.06955 0.05825 0.0475 0.04 
1 0.85165 0.72455 0.61705 0.5239 0.4439 0.37545 0.3174 0.26895 0.22855 0.19265 0.16235 0.13535 0.11605 0.09665 0.08195 0.0689 0.05715 0.04715 0.03975 
1 0.84875 0.7228 0.6142 0.52635 0.4487 0.3828 0.32615 0.27545 0.2322 0.1978 0.16585 0.14045 0.11855 0.1004 0.08245 0.0693 0.0565 0.04645 0.03835 
1 0.84535 0.7187 0.6126 0.5221 0.44225 0.3739 0.3157 0.26675 0.22435 0.1886 0.15895 0.13405 0.1116 0.0936 0.0773 0.06555 0.0543 0.04465 0.037 
1 0.8503 0.7185 0.61 0.5198 0.4395 0.36935 0.31425 0.26855 0.22855 0.1936 0.16345 0.13865 0.11485 0.09625 0.0802 0.0671 0.05635 0.04745 0.03885 
1 0.85255 0.7221 0.61675 0.52515 0.4441 0.37795 0.31945 0.269 0.2292 0.19505 0.16515 0.13885 0.1171 0.0975 0.0813 0.06625 0.0553 0.0455 0.0372 
1 0.8477 0.72135 0.6098 0.5173 0.43965 0.37185 0.31275 0.26515 0.2221 0.187 0.1572 0.1331 0.11275 0.0943 0.0793 0.06605 0.05545 0.04655 0.03755 
1 0.8469 0.717 0.6113 0.5188 0.43855 0.36955 0.31075 0.26195 0.2188 0.1838 0.15295 0.12765 0.1075 0.0891 0.07485 0.062 0.05125 0.04185 0.03455 
1 0.85105 0.7199 0.6075 0.5164 0.4398 0.3731 0.31825 0.27055 0.22875 0.1915 0.1612 0.136 0.1146 0.09625 0.0802 0.06675 0.0556 0.0467 0.03755 
1 0.8482 0.7181 0.61265 0.5205 0.44345 0.3777 0.32125 0.27 0.2286 0.1947 0.1643 0.1377 0.11525 0.09845 0.08245 0.06985 0.0579 0.0479 0.0401 
1 0.8449 0.7106 0.5981 0.50745 0.4271 0.3622 0.3062 0.25785 0.2189 0.1826 0.1553 0.1298 0.1111 0.09265 0.0781 0.06455 0.054 0.0456 0.03705 
1 0.8444 0.7163 0.6112 0.5173 0.43745 0.36825 0.31275 0.26305 0.22355 0.18825 0.15955 0.13405 0.1124 0.09325 0.0781 0.06505 0.05465 0.04575 0.03815 
1 0.8513 0.72465 0.61905 0.5259 0.44685 0.3787 0.3206 0.27115 0.22895 0.192 0.1636 0.1387 0.11655 0.0996 0.08485 0.0709 0.0596 0.0498 0.0413 
1 0.84865 0.72015 0.6108 0.5163 0.4394 0.36985 0.3121 0.26265 0.22065 0.1866 0.15865 0.1337 0.1131 0.097 0.08075 0.06775 0.05605 0.04495 0.0377 
1 0.8486 0.72095 0.6071 0.5168 0.43765 0.36925 0.31125 0.26165 0.22015 0.18555 0.15735 0.1303 0.1106 0.09265 0.0784 0.06545 0.0552 0.04435 0.0365 
1 0.85105 0.71945 0.60885 0.5159 0.43875 0.37195 0.3155 0.26485 0.22365 0.18755 0.1565 0.13235 0.11195 0.09325 0.0778 0.06555 0.05425 0.0447 0.0364 
1 0.8517 0.7239 0.61635 0.5235 0.4482 0.3841 0.32245 0.27355 0.2304 0.1936 0.1634 0.14005 0.1187 0.1012 0.0861 0.07025 0.05845 0.04895 0.0401 
1 0.8524 0.72405 0.61545 0.5248 0.4461 0.38195 0.3224 0.27605 0.23515 0.1995 0.17035 0.14395 0.12215 0.1027 0.086 0.0721 0.06065 0.05125 0.0423 
1 0.84985 0.7185 0.60875 0.5152 0.4412 0.3706 0.3153 0.2668 0.22455 0.18915 0.15805 0.13175 0.11115 0.09235 0.0774 0.0641 0.0541 0.04565 0.03765 
1 0.84905 0.72625 0.61465 0.52105 0.4423 0.37365 0.31745 0.26785 0.22515 0.18985 0.1587 0.13305 0.11075 0.09375 0.07765 0.0648 0.0543 0.04505 0.03725 
1 0.8479 0.71845 0.60915 0.517 0.4386 0.37335 0.3173 0.27055 0.2291 0.19255 0.16115 0.13615 0.11385 0.0954 0.08005 0.06685 0.05495 0.04505 0.0366 
1 0.84235 0.71605 0.6074 0.51475 0.43665 0.371 0.31535 0.2698 0.226 0.192 0.16275 0.1387 0.1174 0.0998 0.08335 0.07055 0.0588 0.04895 0.03935 
1 0.84475 0.71605 0.6069 0.51805 0.43585 0.3693 0.31315 0.265 0.22285 0.1915 0.16195 0.13665 0.1145 0.09615 0.0807 0.0686 0.0579 0.04765 0.0395 
1 0.84805 0.72095 0.61485 0.52085 0.44375 0.3806 0.3264 0.27815 0.23495 0.19675 0.1668 0.14025 0.11975 0.1 0.08585 0.07095 0.0598 0.04925 0.0407 
1 0.84515 0.7161 0.6083 0.5147 0.43725 0.37245 0.31215 0.2639 0.2225 0.18825 0.1584 0.1348 0.1139 0.09515 0.0811 0.0703 0.0589 0.0498 0.04075 
1 0.85035 0.72125 0.61235 0.51775 0.44035 0.37115 0.31485 0.2658 0.22615 0.1912 0.1605 0.1371 0.11735 0.09905 0.0833 0.0697 0.0564 0.04695 0.0386 
1 0.84855 0.7212 0.6141 0.5213 0.4435 0.37575 0.31785 0.2675 0.2257 0.192 0.16205 0.13715 0.1157 0.0973 0.08205 0.0673 0.05575 0.04705 0.0397 
1 0.84665 0.7156 0.60785 0.5164 0.43685 0.37045 0.3127 0.2664 0.22675 0.19045 0.1581 0.1343 0.1106 0.09195 0.077 0.0647 0.05315 0.0441 0.0359 
1 0.84835 0.72025 0.6092 0.51415 0.43515 0.3691 0.3096 0.26305 0.2209 0.1875 0.15805 0.1331 0.11215 0.09405 0.0776 0.0645 0.0526 0.0441 0.0375 
1 0.854 0.72675 0.61505 0.5171 0.4336 0.36565 0.30815 0.2612 0.2175 0.18485 0.1557 0.13125 0.1097 0.0926 0.07675 0.0648 0.05445 0.04555 0.03725 
1 0.85235 0.72515 0.61785 0.52555 0.44815 0.3785 0.3209 0.2725 0.23095 0.19645 0.16655 0.14015 0.1181 0.09895 0.0837 0.0689 0.0571 0.04685 0.03815 
1 0.85175 0.72455 0.6168 0.52405 0.4441 0.37965 0.32275 0.27345 0.22955 0.1952 0.16355 0.13785 0.11655 0.0989 0.0834 0.07105 0.06005 0.04955 0.0414 
1 0.85115 0.71695 0.6056 0.5087 0.42865 0.35995 0.30555 0.2562 0.21635 0.1804 0.15225 0.12975 0.1107 0.093 0.07665 0.0641 0.0534 0.04475 0.03705 
1 0.85055 0.723 0.6089 0.51685 0.4386 0.37155 0.31455 0.2642 0.22415 0.18955 0.1605 0.1338 0.1131 0.0948 0.0815 0.06645 0.05695 0.04675 0.03885 
1 0.8511 0.7212 0.61215 0.51835 0.4405 0.373 0.3166 0.26745 0.2282 0.1937 0.1631 0.1381 0.11715 0.0985 0.0823 0.0706 0.0596 0.05085 0.04335 
1 0.84685 0.7196 0.60875 0.513 0.43695 0.3696 0.3177 0.26795 0.22755 0.1927 0.16215 0.13675 0.11415 0.0953 0.0801 0.0665 0.05505 0.04605 0.038 
1 0.84525 0.7165 0.6083 0.51875 0.43925 0.3723 0.31595 0.26725 0.22455 0.18685 0.15855 0.1334 0.11045 0.09245 0.07775 0.06495 0.05415 0.0452 0.03775 
1 0.8487 0.7209 0.61135 0.5171 0.43755 0.3703 0.314 0.26455 0.2219 0.19045 0.1613 0.13685 0.11425 0.09805 0.082 0.0679 0.0561 0.04725 0.0391 
1 0.8494 0.7214 0.6148 0.52105 0.441 0.37705 0.3221 0.2739 0.23165 0.19515 0.1644 0.1383 0.11465 0.0967 0.0829 0.0696 0.0575 0.04755 0.03885 
1 0.8496 0.71955 0.6129 0.51945 0.44095 0.37175 0.31865 0.26695 0.2277 0.1931 0.1631 0.13745 0.11645 0.0979 0.0818 0.06795 0.0568 0.04675 0.03945 
1 0.8502 0.7224 0.6141 0.51945 0.44145 0.3748 0.31585 0.2667 0.2264 0.19115 0.16075 0.1343 0.1124 0.0942 0.07975 0.06685 0.05755 0.04765 0.0397 
1 0.849 0.7121 0.60455 0.5144 0.43485 0.36845 0.31145 0.2638 0.22315 0.18845 0.1564 0.13265 0.111 0.0926 0.0776 0.06515 0.05485 0.0456 0.0384 
1 0.8509 0.7239 0.61795 0.5241 0.4464 0.38075 0.323 0.2704 0.22755 0.1916 0.1605 0.13575 0.1141 0.097 0.08045 0.0663 0.05435 0.0451 0.03755 
1 0.85115 0.7227 0.6171 0.52295 0.44005 0.37175 0.31 0.2619 0.21875 0.18395 0.15335 0.1292 0.10695 0.08945 0.07445 0.06145 0.0505 0.0429 0.0345 
1 0.84815 0.71685 0.60485 0.5128 0.436 0.3703 0.31405 0.26665 0.22475 0.19 0.1607 0.1379 0.1181 0.10025 0.08485 0.07235 0.05895 0.05015 0.04215 
1 0.84835 0.7251 0.61655 0.52575 0.4473 0.3803 0.32265 0.271 0.231 0.1944 0.16395 0.13935 0.1176 0.09895 0.084 0.0697 0.0579 0.04765 0.0399 
1 0.84465 0.7225 0.61335 0.52175 0.4432 0.3756 0.32125 0.27235 0.2323 0.19795 0.16705 0.14075 0.1187 0.1005 0.0837 0.071 0.05805 0.04755 0.0391 
1 0.8583 0.7308 0.6231 0.5285 0.4471 0.3775 0.3215 0.2719 0.2322 0.19775 0.16705 0.13725 0.11495 0.0961 0.0803 0.06595 0.05535 0.04505 0.0376 
1 0.84435 0.7193 0.6122 0.51945 0.44075 0.3762 0.31965 0.27095 0.22925 0.1953 0.16425 0.13855 0.11565 0.09745 0.0838 0.0715 0.0609 0.0522 0.0429 
1 0.85135 0.7238 0.622 0.5305 0.45325 0.38345 0.3274 0.2765 0.23435 0.1982 0.1695 0.14175 0.12015 0.10085 0.085 0.0709 0.05885 0.04895 0.0411 
1 0.8568 0.7271 0.61955 0.52525 0.44545 0.37825 0.3212 0.27305 0.2301 0.1947 0.1658 0.13935 0.11755 0.0987 0.08365 0.0697 0.0582 0.0489 0.03875 
1 0.8507 0.7222 0.61205 0.5214 0.4422 0.3765 0.31945 0.2688 0.22745 0.1935 0.16375 0.14055 0.11875 0.09915 0.08385 0.07045 0.0584 0.04885 0.04 
1 0.84895 0.7165 0.60865 0.51685 0.43635 0.37065 0.3152 0.26475 0.2214 0.18795 0.1582 0.1341 0.1125 0.09485 0.08095 0.06695 0.0556 0.04725 0.0391 
1 0.84945 0.7207 0.6119 0.51655 0.4392 0.3733 0.31485 0.2685 0.22665 0.1919 0.15945 0.13525 0.11355 0.09575 0.07995 0.0678 0.05715 0.0485 0.0403 
1 0.8507 0.72165 0.60975 0.5146 0.43575 0.37215 0.3144 0.2639 0.2214 0.18655 0.1575 0.1344 0.11275 0.09345 0.07645 0.0654 0.0548 0.0451 0.0377 
1 0.8472 0.715 0.6093 0.5207 0.43935 0.3731 0.3159 0.26795 0.2278 0.19515 0.16565 0.1416 0.11985 0.1012 0.08475 0.0714 0.05915 0.04985 0.04085 
1 0.85085 0.7181 0.60805 0.51555 0.4352 0.3688 0.3136 0.26455 0.2245 0.1883 0.15845 0.1339 0.11275 0.0947 0.0806 0.06715 0.05645 0.04625 0.0381 
1 0.8488 0.72035 0.61295 0.5219 0.44205 0.37415 0.31985 0.2709 0.22925 0.19415 0.16425 0.13905 0.11795 0.0982 0.0824 0.06785 0.058 0.0474 0.03815 
1 0.84635 0.7166 0.6116 0.51765 0.4376 0.374 0.31655 0.26985 0.22755 0.1916 0.162 0.1357 0.1133 0.09415 0.07795 0.0648 0.05345 0.04445 0.0368 
1 0.85155 0.7201 0.60975 0.51675 0.4356 0.36595 0.30875 0.26085 0.22245 0.18615 0.1585 0.13215 0.1106 0.09145 0.07695 0.0641 0.0542 0.04395 0.03705 
1 0.85285 0.7226 0.61555 0.52535 0.4475 0.3803 0.3208 0.27185 0.23035 0.19675 0.16635 0.14065 0.11895 0.1015 0.08475 0.07005 0.0582 0.0487 0.0405 
1 0.84455 0.7183 0.6097 0.51775 0.43835 0.3729 0.31855 0.2695 0.22825 0.19255 0.1619 0.13765 0.11555 0.097 0.0813 0.0673 0.05575 0.0467 0.03805 
1 0.84715 0.7172 0.607 0.5159 0.4367 0.3684 0.3116 0.2669 0.2254 0.19185 0.1613 0.13575 0.115 0.09635 0.08 0.0662 0.05475 0.0463 0.039 
1 0.8516 0.72345 0.61465 0.5229 0.44435 0.37595 0.3192 0.27105 0.2298 0.19515 0.16425 0.1407 0.1194 0.1012 0.08465 0.0707 0.05955 0.05 0.04155 
1 0.8463 0.7185 0.61095 0.5155 0.43765 0.36845 0.3145 0.26645 0.22555 0.1916 0.16175 0.13645 0.11555 0.0972 0.08135 0.06855 0.0575 0.04765 0.04005 
1 0.8441 0.71465 0.6055 0.51595 0.43695 0.3701 0.3098 0.2614 0.2199 0.18475 0.1542 0.1303 0.10905 0.0927 0.07675 0.06495 0.05495 0.0468 0.03925 
1 0.84995 0.7196 0.6074 0.5166 0.4372 0.3736 0.3144 0.26545 0.2232 0.18815 0.15855 0.13595 0.1143 0.09475 0.0798 0.068 0.05685 0.0478 0.0401 
1 0.851 0.72335 0.6108 0.5143 0.43505 0.3698 0.31435 0.26805 0.2247 0.18885 0.15945 0.13445 0.11215 0.09295 0.0763 0.0639 0.05335 0.04275 0.0363 
1 0.847 0.72145 0.6123 0.51895 0.4406 0.37365 0.31455 0.26395 0.22225 0.18615 0.15735 0.1316 0.1105 0.09455 0.0788 0.06485 0.0543 0.0448 0.03685 
1 0.8475 0.7197 0.60835 0.5163 0.4392 0.37385 0.31685 0.267 0.2243 0.1895 0.15995 0.1352 0.11235 0.09385 0.0784 0.0648 0.0524 0.04225 0.03355 
1 0.8479 0.7221 0.61155 0.51525 0.43775 0.37045 0.313 0.26385 0.2232 0.18555 0.15785 0.13305 0.1126 0.09415 0.07975 0.0661 0.05635 0.0464 0.03935 
1 0.84695 0.72265 0.61595 0.5209 0.4479 0.38185 0.32255 0.27035 0.22945 0.19415 0.16435 0.13965 0.11745 0.09865 0.08255 0.06875 0.0567 0.04655 0.03845 
1 0.84905 0.71775 0.60875 0.51905 0.44065 0.37525 0.3183 0.27025 0.23165 0.19595 0.16625 0.1403 0.1189 0.10065 0.0836 0.0701 0.05995 0.0492 0.04155 
1 0.85055 0.72035 0.61495 0.52385 0.44695 0.37905 0.3226 0.2741 0.23375 0.1992 0.17065 0.1425 0.1213 0.10135 0.08555 0.072 0.06005 0.0496 0.04085 
1 0.8515 0.724 0.61555 0.5192 0.43745 0.36965 0.3121 0.266 0.22425 0.1901 0.15895 0.1348 0.1123 0.0947 0.0788 0.06645 0.0541 0.0453 0.03765 
1 0.8492 0.71855 0.60925 0.5163 0.437 0.3689 0.3132 0.26315 0.22195 0.18505 0.15615 0.12965 0.1114 0.09425 0.0778 0.0636 0.0531 0.04305 0.03635 
1 0.8444 0.7174 0.60615 0.5119 0.4309 0.3642 0.3068 0.25795 0.21875 0.1853 0.1547 0.1284 0.10845 0.08975 0.0757 0.0639 0.0522 0.044 0.0356 
1 0.8468 0.71435 0.60995 0.51525 0.4369 0.3709 0.3128 0.26465 0.2245 0.18995 0.16085 0.13575 0.1145 0.0971 0.0815 0.06815 0.0567 0.04655 0.03835 
1 0.8476 0.7184 0.6109 0.5169 0.43985 0.37045 0.31365 0.26345 0.22345 0.19255 0.16175 0.13645 0.1147 0.097 0.0819 0.06785 0.0574 0.046 0.0368 
1 0.8495 0.72065 0.6155 0.5222 0.4428 0.37275 0.3172 0.26505 0.2227 0.186 0.1576 0.1319 0.1119 0.0931 0.07705 0.06475 0.05425 0.0441 0.03685 
1 0.8508 0.72235 0.6106 0.51585 0.43975 0.373 0.31545 0.26925 0.22975 0.1933 0.16305 0.1369 0.11435 0.0937 0.0788 0.0653 0.05545 0.04555 0.0374 
