1 0.84954 0.620803 0.351428 0.136203 0.03389 0.0054325 0.00065 5.75e-05 2.5e-06 0 0 0 0 0 0 0 0 0 0 
1 0.849677 0.621403 0.351213 0.136665 0.03408 0.0053625 0.00062 5.25e-05 7.5e-06 0 0 0 0 0 0 0 0 0 0 
1 0.849145 0.61997 0.350628 0.13562 0.032485 0.0048925 0.0004175 2e-05 2.5e-06 0 0 0 0 0 0 0 0 0 0 
1 0.848022 0.618598 0.348795 0.133945 0.0327775 0.005145 0.0005225 3e-05 2.5e-06 0 0 0 0 0 0 0 0 0 0 
1 0.847692 0.618015 0.349213 0.13622 0.0349725 0.005965 0.0007875 0.0001125 5e-06 0 0 0 0 0 0 0 0 0 0 
1 0.850052 0.623165 0.3541 0.139478 0.0358575 0.00591 0.0006725 4.25e-05 0 0 0 0 0 0 0 0 0 0 0 
1 0.850287 0.623208 0.355173 0.139058 0.03526 0.0057675 0.0005725 4e-05 2.5e-06 0 0 0 0 0 0 0 0 0 0 
1 0.84893 0.62354 0.353565 0.13775 0.0341125 0.0053225 0.00056 5e-05 5e-06 0 0 0 0 0 0 0 0 0 0 
1 0.848867 0.619703 0.35107 0.13558 0.0328275 0.004895 0.000485 3.25e-05 0 0 0 0 0 0 0 0 0 0 0 
1 0.84919 0.620505 0.35032 0.135918 0.033135 0.0052225 0.0005725 5.75e-05 5e-06 0 0 0 0 0 0 0 0 0 0 
1 0.851717 0.62496 0.35505 0.138913 0.03478 0.00565 0.00068 8.5e-05 5e-06 0 0 0 0 0 0 0 0 0 0 
1 0.850892 0.622508 0.355373 0.139317 0.0346325 0.0055775 0.0005425 3.5e-05 0 0 0 0 0 0 0 0 0 0 0 
1 0.850872 0.623853 0.353978 0.136505 0.033445 0.0052875 0.0005175 4.25e-05 2.5e-06 0 0 0 0 0 0 0 0 0 0 
1 0.849727 0.621628 0.354198 0.139618 0.03622 0.0066125 0.0008725 6.75e-05 2.5e-06 0 0 0 0 0 0 0 0 0 0 
1 0.851235 0.626893 0.357588 0.140483 0.0353 0.0056525 0.000685 7.5e-05 0 0 0 0 0 0 0 0 0 0 0 
1 0.849037 0.620963 0.35248 0.137235 0.03336 0.00492 0.000515 5e-05 2.5e-06 0 0 0 0 0 0 0 0 0 0 
1 0.848392 0.618268 0.347855 0.13417 0.033445 0.005555 0.000655 8.75e-05 5e-06 0 0 0 0 0 0 0 0 0 0 
1 0.848732 0.621063 0.34983 0.135833 0.0332225 0.00535 0.00051 1.5e-05 0 0 0 0 0 0 0 0 0 0 0 
1 0.851872 0.625747 0.358673 0.14006 0.034475 0.0054475 0.0006125 6e-05 5e-06 0 0 0 0 0 0 0 0 0 0 
1 0.850727 0.62579 0.357213 0.13979 0.035585 0.0058375 0.000725 6.25e-05 7.5e-06 0 0 0 0 0 0 0 0 0 0 
1 0.850905 0.623565 0.3525 0.136285 0.03365 0.005115 0.00049 3.5e-05 0 0 0 0 0 0 0 0 0 0 0 
1 0.850302 0.622478 0.353195 0.137788 0.03458 0.0058625 0.0007425 8e-05 5e-06 0 0 0 0 0 0 0 0 0 0 
1 0.850272 0.623703 0.35461 0.13749 0.0335275 0.0052975 0.0006375 6.25e-05 2.5e-06 0 0 0 0 0 0 0 0 0 0 
1 0.848262 0.61814 0.348258 0.134813 0.0331725 0.005095 0.00057 1.75e-05 2.5e-06 0 0 0 0 0 0 0 0 0 0 
1 0.850235 0.623427 0.354105 0.13808 0.0346725 0.006115 0.0008275 6.25e-05 2.5e-06 0 0 0 0 0 0 0 0 0 0 
1 0.84941 0.62156 0.352678 0.13888 0.0354125 0.0062275 0.000815 0.0001025 1e-05 0 0 0 0 0 0 0 0 0 0 
1 0.848772 0.620075 0.35087 0.136315 0.0337775 0.0051625 0.0005325 2.75e-05 0 0 0 0 0 0 0 0 0 0 0 
1 0.851792 0.62533 0.357778 0.140843 0.035095 0.00536 0.000585 5.25e-05 7.5e-06 0 0 0 0 0 0 0 0 0 0 
1 0.850865 0.625105 0.356023 0.138335 0.0339325 0.00526 0.0005125 3.75e-05 0 0 0 0 0 0 0 0 0 0 0 
1 0.851022 0.62442 0.355455 0.139143 0.03483 0.00583 0.00068 5.75e-05 0 0 0 0 0 0 0 0 0 0 0 
1 0.850307 0.623918 0.35453 0.139928 0.0349375 0.0054225 0.0005625 4.25e-05 0 0 0 0 0 0 0 0 0 0 0 
1 0.84941 0.6197 0.349633 0.13381 0.032605 0.00467 0.000365 2e-05 0 0 0 0 0 0 0 0 0 0 0 
1 0.848667 0.621493 0.352013 0.137528 0.034555 0.00575 0.00063 3.25e-05 2.5e-06 2.5e-06 0 0 0 0 0 0 0 0 0 
1 0.850077 0.62209 0.352048 0.137335 0.0340675 0.0053525 0.000575 5.5e-05 2.5e-06 0 0 0 0 0 0 0 0 0 0 
1 0.847635 0.61773 0.348518 0.134823 0.0328725 0.005305 0.0006775 8.75e-05 7.5e-06 0 0 0 0 0 0 0 0 0 0 
1 0.85067 0.623805 0.352928 0.136405 0.032695 0.0049625 0.0005 3.25e-05 0 0 0 0 0 0 0 0 0 0 0 
1 0.85193 0.627605 0.35828 0.141518 0.035735 0.00568 0.00069 2.75e-05 0 0 0 0 0 0 0 0 0 0 0 
1 0.845595 0.614135 0.344073 0.131273 0.0322525 0.0050025 0.0004875 3.5e-05 0 0 0 0 0 0 0 0 0 0 0 
1 0.851092 0.625645 0.356968 0.1401 0.0355275 0.0060625 0.00077 6.5e-05 2.5e-06 0 0 0 0 0 0 0 0 0 0 
1 0.84729 0.617103 0.346808 0.132895 0.032655 0.005475 0.000695 5.75e-05 7.5e-06 0 0 0 0 0 0 0 0 0 0 
1 0.848417 0.61872 0.351188 0.136263 0.0329125 0.0053525 0.0006375 5.5e-05 5e-06 0 0 0 0 0 0 0 0 0 0 
1 0.84927 0.621475 0.351523 0.136635 0.03366 0.0051875 0.00051 4.75e-05 5e-06 0 0 0 0 0 0 0 0 0 0 
1 0.85246 0.628122 0.360323 0.143305 0.0372575 0.0065375 0.00083 8.5e-05 1.25e-05 0 0 0 0 0 0 0 0 0 0 
1 0.85148 0.624533 0.355568 0.13991 0.035475 0.00625 0.000955 0.000155 1e-05 0 0 0 0 0 0 0 0 0 0 
1 0.847607 0.618298 0.351 0.136905 0.034535 0.0058025 0.0007225 4.5e-05 5e-06 0 0 0 0 0 0 0 0 0 0 
1 0.850317 0.622563 0.352003 0.137868 0.0345025 0.00557 0.0006025 5.75e-05 7.5e-06 0 0 0 0 0 0 0 0 0 0 
1 0.849655 0.6208 0.350085 0.134555 0.0329075 0.0051625 0.0006325 5.5e-05 1e-05 0 0 0 0 0 0 0 0 0 0 
1 0.84761 0.61965 0.34901 0.133858 0.0329075 0.00496 0.00052 6.25e-05 5e-06 0 0 0 0 0 0 0 0 0 0 
1 0.84738 0.616038 0.344788 0.13074 0.030585 0.00446 0.0004675 3e-05 0 0 0 0 0 0 0 0 0 0 0 
1 0.847192 0.617073 0.34563 0.132935 0.0323075 0.0051425 0.0005275 2.75e-05 0 0 0 0 0 0 0 0 0 0 0 
1 0.850587 0.62365 0.354508 0.138733 0.034715 0.00548 0.000575 3.75e-05 0 0 0 0 0 0 0 0 0 0 0 
1 0.85004 0.622738 0.352155 0.13595 0.032925 0.004955 0.00048 1.75e-05 0 0 0 0 0 0 0 0 0 0 0 
1 0.848745 0.61968 0.350708 0.13489 0.03352 0.005255 0.0005825 4.25e-05 0 0 0 0 0 0 0 0 0 0 0 
1 0.85013 0.622398 0.352448 0.137733 0.034235 0.0051875 0.0004625 2e-05 0 0 0 0 0 0 0 0 0 0 0 
1 0.84776 0.617823 0.347523 0.133663 0.032325 0.0049175 0.0005125 2e-05 0 0 0 0 0 0 0 0 0 0 0 
1 0.852195 0.627015 0.357883 0.141133 0.03478 0.0054875 0.0006725 5e-05 5e-06 0 0 0 0 0 0 0 0 0 0 
1 0.850472 0.623245 0.354315 0.139615 0.0358925 0.0060225 0.0006625 4e-05 0 0 0 0 0 0 0 0 0 0 0 
1 0.851045 0.62594 0.357788 0.141467 0.0356025 0.005585 0.0007225 7.75e-05 2.5e-06 0 0 0 0 0 0 0 0 0 0 
1 0.849957 0.622593 0.354918 0.138903 0.03405 0.0053 0.0004525 2.75e-05 0 0 0 0 0 0 0 0 0 0 0 
1 0.85155 0.62422 0.353735 0.13845 0.034235 0.0055275 0.0006175 4e-05 0 0 0 0 0 0 0 0 0 0 0 
1 0.85297 0.62763 0.359058 0.143318 0.0375425 0.006635 0.00083 8.5e-05 5e-06 0 0 0 0 0 0 0 0 0 0 
1 0.85091 0.623088 0.353675 0.137833 0.0341175 0.00536 0.0005275 4.25e-05 7.5e-06 0 0 0 0 0 0 0 0 0 0 
1 0.84802 0.61707 0.34732 0.132778 0.03254 0.004935 0.0004325 3.25e-05 0 0 0 0 0 0 0 0 0 0 0 
1 0.84914 0.621978 0.352978 0.137643 0.0336625 0.0053775 0.0006325 3.25e-05 0 0 0 0 0 0 0 0 0 0 0 
1 0.850247 0.62232 0.35213 0.136038 0.033135 0.00538 0.000705 8e-05 2.5e-06 0 0 0 0 0 0 0 0 0 0 
1 0.853205 0.630535 0.363805 0.145052 0.0371975 0.0062275 0.00069 5.75e-05 5e-06 0 0 0 0 0 0 0 0 0 0 
1 0.849442 0.62087 0.351055 0.135855 0.033345 0.005285 0.0005075 3.75e-05 2.5e-06 0 0 0 0 0 0 0 0 0 0 
1 0.850295 0.6229 0.354205 0.139988 0.0353975 0.0058075 0.000585 4e-05 0 0 0 0 0 0 0 0 0 0 0 
1 0.84975 0.620835 0.352933 0.137388 0.0338725 0.005125 0.0005575 5.25e-05 2.5e-06 0 0 0 0 0 0 0 0 0 0 
1 0.852727 0.627405 0.357688 0.140395 0.0356825 0.0056075 0.0005875 4.5e-05 2.5e-06 0 0 0 0 0 0 0 0 0 0 
1 0.851832 0.625538 0.35707 0.140097 0.0343375 0.00547 0.0006475 4.75e-05 5e-06 0 0 0 0 0 0 0 0 0 0 
1 0.848022 0.618655 0.348228 0.134565 0.0329725 0.005075 0.00049 2.75e-05 0 0 0 0 0 0 0 0 0 0 0 
1 0.8491 0.620825 0.351425 0.135895 0.033075 0.005085 0.0005025 4.75e-05 0 0 0 0 0 0 0 0 0 0 0 
1 0.851432 0.625242 0.356055 0.138918 0.034995 0.0060625 0.000765 7.25e-05 5e-06 0 0 0 0 0 0 0 0 0 0 
1 0.849757 0.621535 0.350313 0.13542 0.0333075 0.005485 0.000745 7.25e-05 7.5e-06 5e-06 2.5e-06 0 0 0 0 0 0 0 0 
1 0.850065 0.621415 0.352345 0.136125 0.034085 0.005665 0.0006125 2.5e-05 0 0 0 0 0 0 0 0 0 0 0 
1 0.85211 0.62536 0.355548 0.13834 0.033665 0.004895 0.0003825 2.25e-05 0 0 0 0 0 0 0 0 0 0 0 
1 0.850337 0.624318 0.35635 0.14011 0.035425 0.00604 0.000765 9.25e-05 5e-06 0 0 0 0 0 0 0 0 0 0 
1 0.848557 0.618913 0.34771 0.132473 0.0316675 0.004965 0.0005075 2.5e-05 0 0 0 0 0 0 0 0 0 0 0 
1 0.849045 0.620278 0.351285 0.13591 0.0333675 0.0051775 0.0005475 3.5e-05 0 0 0 0 0 0 0 0 0 0 0 
1 0.852765 0.628585 0.360143 0.14378 0.0374625 0.0061975 0.0007375 9.25e-05 0 0 0 0 0 0 0 0 0 0 0 
1 0.851902 0.625677 0.35677 0.138198 0.0337925 0.0049975 0.00051 3.75e-05 0 0 0 0 0 0 0 0 0 0 0 
1 0.851237 0.626943 0.35934 0.143302 0.036825 0.0062725 0.000815 8.25e-05 5e-06 0 0 0 0 0 0 0 0 0 0 
1 0.85027 0.624063 0.35506 0.139763 0.036245 0.0060775 0.00083 7e-05 5e-06 0 0 0 0 0 0 0 0 0 0 
1 0.848675 0.6199 0.351988 0.137495 0.0353275 0.00633 0.00096 0.000145 1e-05 0 0 0 0 0 0 0 0 0 0 
1 0.8505 0.624108 0.356178 0.138575 0.0338975 0.0054225 0.00061 4.25e-05 0 0 0 0 0 0 0 0 0 0 0 
1 0.850877 0.622645 0.353243 0.138163 0.034365 0.00547 0.0005475 4e-05 0 0 0 0 0 0 0 0 0 0 0 
1 0.848317 0.619613 0.34863 0.134548 0.0324375 0.00498 0.0004625 2e-05 0 0 0 0 0 0 0 0 0 0 0 
1 0.849327 0.620913 0.351518 0.136833 0.0348275 0.0062 0.0007975 5.5e-05 2.5e-06 0 0 0 0 0 0 0 0 0 0 
1 0.848377 0.617688 0.347178 0.133833 0.0323175 0.004945 0.00041 2.25e-05 0 0 0 0 0 0 0 0 0 0 0 
1 0.84769 0.616395 0.345528 0.13298 0.03132 0.004955 0.0005825 4.5e-05 2.5e-06 0 0 0 0 0 0 0 0 0 0 
1 0.849895 0.621797 0.352733 0.135953 0.03282 0.00493 0.00059 5.75e-05 7.5e-06 0 0 0 0 0 0 0 0 0 0 
1 0.851107 0.625323 0.355893 0.139628 0.0342475 0.0055725 0.0006575 4e-05 2.5e-06 0 0 0 0 0 0 0 0 0 0 
1 0.849257 0.62184 0.353373 0.139195 0.03545 0.0059425 0.000655 7.25e-05 2.5e-06 0 0 0 0 0 0 0 0 0 0 
1 0.850465 0.623425 0.3549 0.13967 0.03517 0.005615 0.00062 5.5e-05 5e-06 0 0 0 0 0 0 0 0 0 0 
1 0.849592 0.621085 0.35185 0.135638 0.032965 0.0050925 0.000485 2.25e-05 2.5e-06 0 0 0 0 0 0 0 0 0 0 
1 0.849727 0.622555 0.35204 0.136568 0.0335775 0.0054325 0.00064 6.5e-05 5e-06 0 0 0 0 0 0 0 0 0 0 
1 0.849315 0.621578 0.351933 0.13653 0.03323 0.00503 0.000515 3.75e-05 2.5e-06 0 0 0 0 0 0 0 0 0 0 
1 0.846982 0.616763 0.345218 0.132295 0.0319875 0.00488 0.00045 3.5e-05 0 0 0 0 0 0 0 0 0 0 0 
1 0.851302 0.623363 0.354578 0.138018 0.034465 0.00533 0.0005675 6.25e-05 0 0 0 0 0 0 0 0 0 0 0 
1 0.848645 0.619585 0.349338 0.13472 0.032865 0.0049825 0.00045 1.5e-05 0 0 0 0 0 0 0 0 0 0 0 
1 0.84856 0.61882 0.348698 0.134383 0.0331125 0.0053975 0.0005225 4e-05 0 0 0 0 0 0 0 0 0 0 0 
1 0.849952 0.622972 0.354315 0.13794 0.03414 0.005265 0.0005075 3e-05 0 0 0 0 0 0 0 0 0 0 0 
1 0.848575 0.619925 0.350228 0.13579 0.03342 0.005525 0.0006425 5e-05 5e-06 0 0 0 0 0 0 0 0 0 0 
1 0.849585 0.62185 0.351478 0.136703 0.033865 0.00543 0.00067 8e-05 5e-06 0 0 0 0 0 0 0 0 0 0 
1 0.848115 0.620543 0.351455 0.136758 0.0335125 0.005045 0.000625 0.0001025 2.5e-05 2.5e-06 0 0 0 0 0 0 0 0 0 
1 0.852205 0.627198 0.359033 0.14114 0.0348525 0.00582 0.0007575 7e-05 5e-06 0 0 0 0 0 0 0 0 0 0 
1 0.85123 0.625053 0.356113 0.14061 0.0353225 0.00545 0.00048 2e-05 2.5e-06 0 0 0 0 0 0 0 0 0 0 
1 0.849752 0.621065 0.351448 0.135988 0.0327675 0.0050375 0.0004625 3e-05 2.5e-06 0 0 0 0 0 0 0 0 0 0 
