1 0.800542 0.51337 0.211652 0.0365151 0.00116532 3.34286e-06 0 0 0 0 0 0 0 0 0 0 0 0 0 
1 0.800178 0.512647 0.211048 0.0363258 0.00118652 2.19286e-06 0 0 0 0 0 0 0 0 0 0 0 0 0 
1 0.800428 0.513161 0.211549 0.0364661 0.00119052 4.24286e-06 0 0 0 0 0 0 0 0 0 0 0 0 0 
1 0.800185 0.512615 0.210846 0.0363048 0.00116838 2.08571e-06 0 0 0 0 0 0 0 0 0 0 0 0 0 
1 0.799745 0.51231 0.210936 0.0362063 0.00114116 2.53571e-06 0 0 0 0 0 0 0 0 0 0 0 0 0 
1 0.800111 0.512688 0.211096 0.036351 0.00115774 3.15714e-06 0 0 0 0 0 0 0 0 0 0 0 0 0 
1 0.80001 0.512285 0.210797 0.0362261 0.00114 3.25714e-06 0 0 0 0 0 0 0 0 0 0 0 0 0 
1 0.800421 0.513047 0.211383 0.0364323 0.00119325 2.4e-06 0 0 0 0 0 0 0 0 0 0 0 0 0 
1 0.800049 0.512483 0.210911 0.0360873 0.00117058 3.2e-06 0 0 0 0 0 0 0 0 0 0 0 0 0 
1 0.800058 0.512442 0.21072 0.036192 0.00111942 2.97857e-06 0 0 0 0 0 0 0 0 0 0 0 0 0 
1 0.800178 0.512386 0.21104 0.0363459 0.00119376 2.77143e-06 0 0 0 0 0 0 0 0 0 0 0 0 0 
1 0.800071 0.512453 0.21084 0.0360703 0.0011495 2.94286e-06 0 0 0 0 0 0 0 0 0 0 0 0 0 
1 0.800028 0.512459 0.211069 0.0363217 0.00114234 3.32857e-06 0 0 0 0 0 0 0 0 0 0 0 0 0 
1 0.799952 0.512125 0.21046 0.036036 0.00114385 1.92143e-06 0 0 0 0 0 0 0 0 0 0 0 0 0 
1 0.800075 0.512596 0.211144 0.0363028 0.00113762 2.87857e-06 0 0 0 0 0 0 0 0 0 0 0 0 0 
1 0.800515 0.513466 0.211666 0.0363649 0.00115848 2.68571e-06 0 0 0 0 0 0 0 0 0 0 0 0 0 
1 0.799822 0.511864 0.210424 0.0361343 0.00115673 3.12857e-06 0 0 0 0 0 0 0 0 0 0 0 0 0 
1 0.800719 0.513812 0.2123 0.0366263 0.00117447 2.47857e-06 0 0 0 0 0 0 0 0 0 0 0 0 0 
1 0.800105 0.512234 0.210681 0.0361249 0.00117194 2.50714e-06 0 0 0 0 0 0 0 0 0 0 0 0 0 
1 0.800082 0.512535 0.210661 0.0360462 0.0011449 2.24286e-06 2.14286e-07 0 0 0 0 0 0 0 0 0 0 0 0 
1 0.79984 0.511741 0.21007 0.0358952 0.00111506 2.06429e-06 0 0 0 0 0 0 0 0 0 0 0 0 0 
1 0.800012 0.512284 0.210525 0.035957 0.00111979 2.72143e-06 0 0 0 0 0 0 0 0 0 0 0 0 0 
1 0.800158 0.51244 0.210843 0.0362531 0.00111563 2.04286e-06 0 0 0 0 0 0 0 0 0 0 0 0 0 
1 0.799785 0.512335 0.210836 0.0361931 0.00115999 2.77857e-06 0 0 0 0 0 0 0 0 0 0 0 0 0 
1 0.800257 0.51288 0.211022 0.0361689 0.0011405 1.95714e-06 0 0 0 0 0 0 0 0 0 0 0 0 0 
1 0.800108 0.51253 0.210874 0.0361571 0.00114089 3.49286e-06 0 0 0 0 0 0 0 0 0 0 0 0 0 
1 0.799639 0.511749 0.210148 0.0359513 0.00112719 2.62857e-06 0 0 0 0 0 0 0 0 0 0 0 0 0 
1 0.800048 0.512715 0.21098 0.0362381 0.00113848 2.00714e-06 0 0 0 0 0 0 0 0 0 0 0 0 0 
1 0.800495 0.513348 0.211889 0.0366184 0.00120175 2.90714e-06 0 0 0 0 0 0 0 0 0 0 0 0 0 
1 0.799232 0.510842 0.209097 0.035616 0.00110081 1.92857e-06 0 0 0 0 0 0 0 0 0 0 0 0 0 
1 0.800444 0.51325 0.21153 0.0363697 0.00115245 3.06429e-06 0 0 0 0 0 0 0 0 0 0 0 0 0 
1 0.799891 0.512278 0.210422 0.0360609 0.0011238 3.17857e-06 0 0 0 0 0 0 0 0 0 0 0 0 0 
1 0.80019 0.512569 0.210843 0.0360539 0.00114368 3.67857e-06 0 0 0 0 0 0 0 0 0 0 0 0 0 
1 0.799718 0.511479 0.209892 0.0358332 0.00114618 3.17857e-06 0 0 0 0 0 0 0 0 0 0 0 0 0 
1 0.800621 0.513408 0.211656 0.0365193 0.00116012 3.31429e-06 0 0 0 0 0 0 0 0 0 0 0 0 0 
1 0.799782 0.511969 0.210346 0.0361451 0.00114666 1.71429e-06 0 0 0 0 0 0 0 0 0 0 0 0 0 
1 0.800029 0.512165 0.21052 0.0360282 0.00116525 3.75e-06 6.42857e-08 0 0 0 0 0 0 0 0 0 0 0 0 
1 0.800568 0.513197 0.211468 0.036481 0.00115738 2.76429e-06 0 0 0 0 0 0 0 0 0 0 0 0 0 
1 0.800122 0.512593 0.21079 0.03623 0.00114211 2.16429e-06 0 0 0 0 0 0 0 0 0 0 0 0 0 
1 0.800989 0.514162 0.212302 0.0367967 0.00117624 2.98571e-06 2.78571e-07 0 0 0 0 0 0 0 0 0 0 0 0 
1 0.80031 0.513044 0.211361 0.0364313 0.00116376 2.14286e-06 0 0 0 0 0 0 0 0 0 0 0 0 0 
1 0.799344 0.510686 0.208838 0.0353066 0.00108527 2.76429e-06 0 0 0 0 0 0 0 0 0 0 0 0 0 
1 0.800342 0.512667 0.210664 0.0361472 0.00116793 2.42857e-06 0 0 0 0 0 0 0 0 0 0 0 0 0 
1 0.80033 0.512898 0.211407 0.0363618 0.00115344 3.77143e-06 0 0 0 0 0 0 0 0 0 0 0 0 0 
1 0.799862 0.512106 0.21046 0.0360648 0.00112105 1.78571e-06 0 0 0 0 0 0 0 0 0 0 0 0 0 
1 0.800067 0.512435 0.210908 0.0361119 0.00113611 3.58571e-06 0 0 0 0 0 0 0 0 0 0 0 0 0 
1 0.800607 0.513379 0.211577 0.0365821 0.00118911 2.85e-06 0 0 0 0 0 0 0 0 0 0 0 0 0 
1 0.799394 0.511093 0.209362 0.0354985 0.00110546 2.10714e-06 0 0 0 0 0 0 0 0 0 0 0 0 0 
1 0.80025 0.512712 0.21112 0.0363083 0.00116655 1.86429e-06 0 0 0 0 0 0 0 0 0 0 0 0 0 
1 0.800431 0.513082 0.211452 0.0364342 0.00118662 3.68571e-06 0 0 0 0 0 0 0 0 0 0 0 0 0 
1 0.799621 0.51145 0.209765 0.0357884 0.00111934 2.22143e-06 0 0 0 0 0 0 0 0 0 0 0 0 0 
1 0.800124 0.512665 0.210984 0.0363307 0.00116661 2.46429e-06 0 0 0 0 0 0 0 0 0 0 0 0 0 
1 0.799289 0.511061 0.209475 0.0356553 0.00113868 2.55e-06 0 0 0 0 0 0 0 0 0 0 0 0 0 
1 0.800085 0.512339 0.210808 0.0361812 0.00118289 3.85e-06 0 0 0 0 0 0 0 0 0 0 0 0 0 
1 0.800332 0.512615 0.210718 0.036031 0.00112964 2.86429e-06 0 0 0 0 0 0 0 0 0 0 0 0 0 
1 0.799275 0.510865 0.209123 0.0355926 0.00113711 3.37143e-06 0 0 0 0 0 0 0 0 0 0 0 0 0 
1 0.799817 0.511981 0.210315 0.0358969 0.00113461 2.56429e-06 0 0 0 0 0 0 0 0 0 0 0 0 0 
1 0.79994 0.512394 0.21063 0.0361066 0.00113574 3.55e-06 0 0 0 0 0 0 0 0 0 0 0 0 0 
1 0.80026 0.512807 0.211093 0.036351 0.00113547 4.12143e-06 5.71429e-08 0 0 0 0 0 0 0 0 0 0 0 0 
1 0.799028 0.510188 0.208695 0.0353697 0.00106935 2.27857e-06 0 0 0 0 0 0 0 0 0 0 0 0 0 
1 0.800362 0.513068 0.211349 0.0362928 0.00116953 2.56429e-06 0 0 0 0 0 0 0 0 0 0 0 0 0 
1 0.800222 0.512594 0.210767 0.0362187 0.00114494 2.80714e-06 0 0 0 0 0 0 0 0 0 0 0 0 0 
1 0.800189 0.512533 0.210614 0.0360496 0.00115799 2.69286e-06 0 0 0 0 0 0 0 0 0 0 0 0 0 
1 0.800405 0.513235 0.211596 0.0364594 0.00114886 2.32143e-06 0 0 0 0 0 0 0 0 0 0 0 0 0 
1 0.799959 0.511986 0.210276 0.0358626 0.00112675 2.35714e-06 0 0 0 0 0 0 0 0 0 0 0 0 0 
1 0.800073 0.512371 0.210626 0.0360416 0.00116596 4.08571e-06 0 0 0 0 0 0 0 0 0 0 0 0 0 
1 0.79968 0.51182 0.210079 0.035851 0.00113182 2.06429e-06 0 0 0 0 0 0 0 0 0 0 0 0 0 
1 0.799697 0.511941 0.210451 0.0360676 0.00115556 4.62857e-06 1.35714e-07 0 0 0 0 0 0 0 0 0 0 0 0 
1 0.800368 0.513072 0.211511 0.03649 0.00119231 2.31429e-06 0 0 0 0 0 0 0 0 0 0 0 0 0 
1 0.799499 0.511206 0.209779 0.0357347 0.00114225 2.66429e-06 0 0 0 0 0 0 0 0 0 0 0 0 0 
1 0.799452 0.511288 0.209674 0.0356089 0.00109532 3.04286e-06 0 0 0 0 0 0 0 0 0 0 0 0 0 
1 0.800135 0.512538 0.21105 0.0362766 0.00112724 2.46429e-06 0 0 0 0 0 0 0 0 0 0 0 0 0 
1 0.800554 0.513338 0.21169 0.0365006 0.00116996 2.27143e-06 0 0 0 0 0 0 0 0 0 0 0 0 0 
1 0.799608 0.511604 0.209864 0.0357367 0.00112633 3.72143e-06 0 0 0 0 0 0 0 0 0 0 0 0 0 
1 0.800183 0.512605 0.211037 0.0363463 0.00118346 3.17143e-06 0 0 0 0 0 0 0 0 0 0 0 0 0 
1 0.800124 0.51238 0.210581 0.0360072 0.00114281 1.59286e-06 0 0 0 0 0 0 0 0 0 0 0 0 0 
1 0.799672 0.511862 0.210238 0.0360745 0.00115579 3.71429e-06 0 0 0 0 0 0 0 0 0 0 0 0 0 
1 0.79947 0.511183 0.20982 0.0358856 0.00114554 2.69286e-06 0 0 0 0 0 0 0 0 0 0 0 0 0 
1 0.799847 0.512101 0.210355 0.0359755 0.00113975 2.17857e-06 0 0 0 0 0 0 0 0 0 0 0 0 0 
1 0.800337 0.51282 0.211225 0.0362646 0.00115656 2.88571e-06 0 0 0 0 0 0 0 0 0 0 0 0 0 
1 0.80024 0.512664 0.210913 0.0361593 0.00117171 2.89286e-06 0 0 0 0 0 0 0 0 0 0 0 0 0 
1 0.799943 0.512147 0.210623 0.0360493 0.00115391 2.22857e-06 0 0 0 0 0 0 0 0 0 0 0 0 0 
1 0.800361 0.512771 0.210998 0.036252 0.00117116 3.30714e-06 0 0 0 0 0 0 0 0 0 0 0 0 0 
1 0.799973 0.511926 0.210226 0.0359849 0.00113953 3.21429e-06 0 0 0 0 0 0 0 0 0 0 0 0 0 
1 0.799883 0.511725 0.210001 0.0358804 0.0011382 4.02143e-06 0 0 0 0 0 0 0 0 0 0 0 0 0 
1 0.800532 0.513478 0.211753 0.0365501 0.00117069 4.38571e-06 0 0 0 0 0 0 0 0 0 0 0 0 0 
1 0.799257 0.511208 0.209723 0.0358864 0.00115201 2.55e-06 0 0 0 0 0 0 0 0 0 0 0 0 0 
1 0.799874 0.511927 0.209976 0.0358218 0.00112589 2.74286e-06 0 0 0 0 0 0 0 0 0 0 0 0 0 
1 0.799673 0.511651 0.210052 0.0359963 0.00115726 2.49286e-06 5.71429e-08 0 0 0 0 0 0 0 0 0 0 0 0 
1 0.799668 0.511992 0.210611 0.0361141 0.00112119 2.61429e-06 0 0 0 0 0 0 0 0 0 0 0 0 0 
1 0.800866 0.514002 0.212366 0.0366999 0.00119301 3.38571e-06 1.71429e-07 0 0 0 0 0 0 0 0 0 0 0 0 
1 0.799916 0.512058 0.210358 0.0357796 0.0011154 3.34286e-06 0 0 0 0 0 0 0 0 0 0 0 0 0 
1 0.800261 0.51273 0.210982 0.0363793 0.00116053 4.07143e-06 0 0 0 0 0 0 0 0 0 0 0 0 0 
1 0.800129 0.51251 0.210962 0.0362472 0.00116194 2.12143e-06 0 0 0 0 0 0 0 0 0 0 0 0 0 
1 0.799556 0.511217 0.209503 0.0357507 0.00112327 3.45714e-06 0 0 0 0 0 0 0 0 0 0 0 0 0 
1 0.800444 0.512786 0.211183 0.0363041 0.00114066 3.02143e-06 0 0 0 0 0 0 0 0 0 0 0 0 0 
1 0.800225 0.512501 0.210661 0.0361533 0.0011583 3.17143e-06 0 0 0 0 0 0 0 0 0 0 0 0 0 
1 0.800631 0.513376 0.211646 0.0365847 0.0011963 3.02857e-06 0 0 0 0 0 0 0 0 0 0 0 0 0 
1 0.800233 0.512637 0.210621 0.0360926 0.00112326 2.50714e-06 0 0 0 0 0 0 0 0 0 0 0 0 0 
1 0.799246 0.511036 0.209629 0.0358596 0.00110784 2.94286e-06 0 0 0 0 0 0 0 0 0 0 0 0 0 
1 0.799869 0.512227 0.210657 0.0361565 0.00113561 2.56429e-06 0 0 0 0 0 0 0 0 0 0 0 0 0 
1 0.799886 0.512215 0.210492 0.0360187 0.00114774 2.75714e-06 0 0 0 0 0 0 0 0 0 0 0 0 0 
1 0.799843 0.5117 0.209879 0.0358826 0.00114059 2.57143e-06 0 0 0 0 0 0 0 0 0 0 0 0 0 
1 0.799893 0.512285 0.210532 0.0361008 0.00114453 2.43571e-06 0 0 0 0 0 0 0 0 0 0 0 0 0 
1 0.800138 0.512631 0.210944 0.0362427 0.00115076 3.47857e-06 1e-07 0 0 0 0 0 0 0 0 0 0 0 0 
1 0.799792 0.511652 0.209957 0.0359051 0.00114816 3.3e-06 0 0 0 0 0 0 0 0 0 0 0 0 0 
1 0.800057 0.511988 0.210217 0.0357768 0.00112478 2.27143e-06 0 0 0 0 0 0 0 0 0 0 0 0 0 
1 0.799777 0.511415 0.209641 0.0357014 0.00110341 2.72857e-06 0 0 0 0 0 0 0 0 0 0 0 0 0 
1 0.800244 0.512914 0.211378 0.0364219 0.00116908 1.89286e-06 0 0 0 0 0 0 0 0 0 0 0 0 0 
1 0.800247 0.512716 0.211254 0.0364848 0.00116492 2.48571e-06 0 0 0 0 0 0 0 0 0 0 0 0 0 
1 0.800053 0.512528 0.211171 0.0363308 0.00112748 3.61429e-06 0 0 0 0 0 0 0 0 0 0 0 0 0 
1 0.800362 0.513008 0.211571 0.0365685 0.00119383 3.67857e-06 0 0 0 0 0 0 0 0 0 0 0 0 0 
1 0.800296 0.512837 0.211231 0.0364079 0.00116443 2.35714e-06 0 0 0 0 0 0 0 0 0 0 0 0 0 
1 0.800075 0.51252 0.21091 0.0361989 0.00118042 1.42143e-06 0 0 0 0 0 0 0 0 0 0 0 0 0 
1 0.799755 0.511622 0.209877 0.0356525 0.00111047 2.07143e-06 0 0 0 0 0 0 0 0 0 0 0 0 0 
1 0.800032 0.512245 0.21079 0.0363269 0.00114399 3.38571e-06 0 0 0 0 0 0 0 0 0 0 0 0 0 
1 0.800108 0.512627 0.210877 0.0361288 0.00116649 2.53571e-06 0 0 0 0 0 0 0 0 0 0 0 0 0 
1 0.800016 0.512284 0.211026 0.0363047 0.00118757 3.3e-06 0 0 0 0 0 0 0 0 0 0 0 0 0 
1 0.800134 0.512448 0.210986 0.036278 0.00117976 2.4e-06 0 0 0 0 0 0 0 0 0 0 0 0 0 
1 0.800032 0.51233 0.210707 0.0361907 0.00114229 3.37143e-06 0 0 0 0 0 0 0 0 0 0 0 0 0 
1 0.800237 0.512739 0.210923 0.0362002 0.00113859 4.38571e-06 0 0 0 0 0 0 0 0 0 0 0 0 0 
1 0.800278 0.51287 0.211205 0.0362703 0.00116478 1.37857e-06 0 0 0 0 0 0 0 0 0 0 0 0 0 
1 0.800194 0.51258 0.211049 0.0361897 0.00114488 2.13571e-06 0 0 0 0 0 0 0 0 0 0 0 0 0 
1 0.80022 0.51254 0.210913 0.0362331 0.00114079 2.93571e-06 0 0 0 0 0 0 0 0 0 0 0 0 0 
1 0.799974 0.51182 0.210035 0.0358203 0.00115259 2.52143e-06 0 0 0 0 0 0 0 0 0 0 0 0 0 
1 0.800346 0.512726 0.210931 0.0363091 0.00116224 1.55714e-06 0 0 0 0 0 0 0 0 0 0 0 0 0 
1 0.799794 0.511679 0.209952 0.0358874 0.00113181 2.82857e-06 0 0 0 0 0 0 0 0 0 0 0 0 0 
1 0.799671 0.511796 0.210321 0.0359498 0.00113581 2.95e-06 0 0 0 0 0 0 0 0 0 0 0 0 0 
1 0.800132 0.512625 0.211154 0.0362888 0.0011553 2.28571e-06 0 0 0 0 0 0 0 0 0 0 0 0 0 
1 0.800403 0.513225 0.211439 0.0363036 0.00116461 3.82143e-06 0 0 0 0 0 0 0 0 0 0 0 0 0 
1 0.799852 0.512043 0.210703 0.0361827 0.00116294 1.56429e-06 0 0 0 0 0 0 0 0 0 0 0 0 0 
1 0.80013 0.51263 0.211146 0.0362734 0.00117177 2.94286e-06 0 0 0 0 0 0 0 0 0 0 0 0 0 
1 0.799744 0.511799 0.209974 0.0357463 0.00112624 3.45e-06 0 0 0 0 0 0 0 0 0 0 0 0 0 
1 0.80038 0.512947 0.211236 0.0362787 0.00117987 2.35714e-06 0 0 0 0 0 0 0 0 0 0 0 0 0 
1 0.799424 0.510957 0.209194 0.035525 0.00109929 1.75714e-06 0 0 0 0 0 0 0 0 0 0 0 0 0 
1 0.799901 0.512222 0.210615 0.0361462 0.00114016 3.09286e-06 5.71429e-08 0 0 0 0 0 0 0 0 0 0 0 0 
1 0.800115 0.512611 0.210849 0.0361214 0.001157 2.34286e-06 0 0 0 0 0 0 0 0 0 0 0 0 0 
1 0.800578 0.513392 0.211624 0.036424 0.00117671 4.06429e-06 0 0 0 0 0 0 0 0 0 0 0 0 0 
1 0.799947 0.51228 0.210807 0.0363137 0.00115701 1.6e-06 0 0 0 0 0 0 0 0 0 0 0 0 0 
1 0.799569 0.511462 0.209939 0.0359066 0.00114357 3.93571e-06 0 0 0 0 0 0 0 0 0 0 0 0 0 
1 0.79957 0.511478 0.210061 0.0360299 0.00114514 1.92143e-06 0 0 0 0 0 0 0 0 0 0 0 0 0 
1 0.799542 0.511388 0.209816 0.0358079 0.00114956 3e-06 0 0 0 0 0 0 0 0 0 0 0 0 0 
1 0.800037 0.512409 0.210825 0.0362543 0.00115328 3.29286e-06 0 0 0 0 0 0 0 0 0 0 0 0 0 
1 0.799589 0.511654 0.210363 0.0361713 0.00114143 1.73571e-06 0 0 0 0 0 0 0 0 0 0 0 0 0 
1 0.799815 0.511723 0.209994 0.0359475 0.00113622 2.42143e-06 0 0 0 0 0 0 0 0 0 0 0 0 0 
1 0.80019 0.512538 0.210945 0.0363685 0.00120044 3.30714e-06 0 0 0 0 0 0 0 0 0 0 0 0 0 
1 0.799577 0.511639 0.210156 0.0359225 0.00113179 2.97857e-06 0 0 0 0 0 0 0 0 0 0 0 0 0 
1 0.799863 0.511814 0.210082 0.0360055 0.00116341 1.72143e-06 0 0 0 0 0 0 0 0 0 0 0 0 0 
1 0.800053 0.512439 0.211055 0.0361917 0.00115546 2.39286e-06 0 0 0 0 0 0 0 0 0 0 0 0 0 
1 0.799944 0.512093 0.210457 0.0359567 0.00114049 2.31429e-06 0 0 0 0 0 0 0 0 0 0 0 0 0 
1 0.799996 0.512167 0.210522 0.0360163 0.00114091 3.92857e-06 0 0 0 0 0 0 0 0 0 0 0 0 0 
1 0.799955 0.511948 0.210157 0.0359818 0.00117477 2.35e-06 0 0 0 0 0 0 0 0 0 0 0 0 0 
1 0.800668 0.513337 0.21188 0.03672 0.00121711 3.62857e-06 0 0 0 0 0 0 0 0 0 0 0 0 0 
1 0.800161 0.512189 0.210238 0.0359055 0.00111766 2.45e-06 0 0 0 0 0 0 0 0 0 0 0 0 0 
1 0.80028 0.512829 0.211176 0.0362761 0.00117122 3.99286e-06 0 0 0 0 0 0 0 0 0 0 0 0 0 
1 0.799885 0.512307 0.210624 0.0360429 0.00114698 2.34286e-06 0 0 0 0 0 0 0 0 0 0 0 0 0 
1 0.800665 0.513665 0.211857 0.036474 0.00118714 3.23571e-06 0 0 0 0 0 0 0 0 0 0 0 0 0 
1 0.79997 0.511713 0.209965 0.0358465 0.00114611 2.82857e-06 0 0 0 0 0 0 0 0 0 0 0 0 0 
1 0.800553 0.513261 0.211547 0.0363234 0.0011794 2.02857e-06 0 0 0 0 0 0 0 0 0 0 0 0 0 
1 0.799321 0.510968 0.209422 0.0356213 0.00110989 2.58571e-06 0 0 0 0 0 0 0 0 0 0 0 0 0 
1 0.80013 0.512401 0.211129 0.0363241 0.00118971 3.29286e-06 0 0 0 0 0 0 0 0 0 0 0 0 0 
1 0.800501 0.51291 0.211086 0.0363623 0.00118236 2.07857e-06 0 0 0 0 0 0 0 0 0 0 0 0 0 
1 0.800382 0.513159 0.211611 0.0364794 0.00114102 2.67857e-06 0 0 0 0 0 0 0 0 0 0 0 0 0 
1 0.800678 0.513727 0.211875 0.036528 0.00115778 2.43571e-06 0 0 0 0 0 0 0 0 0 0 0 0 0 
1 0.799994 0.512232 0.210382 0.0358978 0.00112848 3.30714e-06 0 0 0 0 0 0 0 0 0 0 0 0 0 
1 0.800613 0.513238 0.211581 0.036433 0.00119745 3.51429e-06 0 0 0 0 0 0 0 0 0 0 0 0 0 
1 0.799515 0.511504 0.210069 0.0359409 0.00112411 2.5e-06 0 0 0 0 0 0 0 0 0 0 0 0 0 
1 0.800028 0.512015 0.210486 0.0360507 0.00114103 3.31429e-06 0 0 0 0 0 0 0 0 0 0 0 0 0 
1 0.800381 0.513087 0.211215 0.0362424 0.00114744 1.92143e-06 0 0 0 0 0 0 0 0 0 0 0 0 0 
1 0.799962 0.512253 0.210811 0.0362106 0.00116183 2.72143e-06 0 0 0 0 0 0 0 0 0 0 0 0 0 
1 0.800428 0.513193 0.211373 0.0363742 0.00114938 2.61429e-06 0 0 0 0 0 0 0 0 0 0 0 0 0 
1 0.800371 0.51268 0.211186 0.036335 0.0011587 3.25e-06 0 0 0 0 0 0 0 0 0 0 0 0 0 
1 0.800123 0.513009 0.211364 0.0363713 0.00115167 1.97857e-06 0 0 0 0 0 0 0 0 0 0 0 0 0 
1 0.800646 0.513604 0.212137 0.0366831 0.00116692 2.2e-06 0 0 0 0 0 0 0 0 0 0 0 0 0 
1 0.800359 0.512893 0.211211 0.0362996 0.00117014 2.92143e-06 0 0 0 0 0 0 0 0 0 0 0 0 0 
1 0.800153 0.512289 0.210178 0.0358281 0.00111766 2.24286e-06 0 0 0 0 0 0 0 0 0 0 0 0 0 
1 0.800229 0.512637 0.210822 0.0361551 0.00115996 3.82143e-06 0 0 0 0 0 0 0 0 0 0 0 0 0 
1 0.799997 0.512335 0.2107 0.0360372 0.00111709 2.37143e-06 0 0 0 0 0 0 0 0 0 0 0 0 0 
1 0.79943 0.511149 0.209468 0.0357283 0.00111722 1.71429e-06 0 0 0 0 0 0 0 0 0 0 0 0 0 
1 0.799886 0.512221 0.210569 0.0360925 0.00112998 2.85714e-06 0 0 0 0 0 0 0 0 0 0 0 0 0 
1 0.800298 0.51288 0.21152 0.0363642 0.00113189 2.54286e-06 0 0 0 0 0 0 0 0 0 0 0 0 0 
1 0.800195 0.51293 0.211333 0.036416 0.00116461 2.41429e-06 1.5e-07 0 0 0 0 0 0 0 0 0 0 0 0 
1 0.799686 0.511489 0.209912 0.0358485 0.00114338 1.60714e-06 0 0 0 0 0 0 0 0 0 0 0 0 0 
1 0.799937 0.512008 0.210262 0.0359033 0.00111864 3.57143e-06 0 0 0 0 0 0 0 0 0 0 0 0 0 
1 0.799926 0.511883 0.210085 0.0358905 0.00113839 2.54286e-06 0 0 0 0 0 0 0 0 0 0 0 0 0 
1 0.800057 0.512478 0.210752 0.0360718 0.00114136 2.29286e-06 0 0 0 0 0 0 0 0 0 0 0 0 0 
1 0.800043 0.512124 0.210643 0.0360595 0.00113595 2.24286e-06 0 0 0 0 0 0 0 0 0 0 0 0 0 
1 0.800136 0.512594 0.210809 0.0361053 0.00115774 3.73571e-06 0 0 0 0 0 0 0 0 0 0 0 0 0 
1 0.800057 0.512458 0.210733 0.0362351 0.00116972 2.77857e-06 0 0 0 0 0 0 0 0 0 0 0 0 0 
1 0.800033 0.512422 0.210766 0.0361482 0.00116706 4.16429e-06 0 0 0 0 0 0 0 0 0 0 0 0 0 
1 0.800103 0.512549 0.21103 0.036209 0.00116027 3.08571e-06 0 0 0 0 0 0 0 0 0 0 0 0 0 
1 0.800446 0.512961 0.211311 0.0363297 0.00116976 3.18571e-06 0 0 0 0 0 0 0 0 0 0 0 0 0 
1 0.799734 0.511666 0.210112 0.0359864 0.00115156 1.74286e-06 0 0 0 0 0 0 0 0 0 0 0 0 0 
1 0.800536 0.513195 0.211208 0.0363147 0.00116911 1.31429e-06 0 0 0 0 0 0 0 0 0 0 0 0 0 
1 0.800327 0.512788 0.211014 0.0360695 0.00113141 3.94286e-06 0 0 0 0 0 0 0 0 0 0 0 0 0 
1 0.800355 0.512723 0.210836 0.0362107 0.00115436 2.94286e-06 0 0 0 0 0 0 0 0 0 0 0 0 0 
1 0.800616 0.513424 0.211725 0.0365683 0.00117574 1.82857e-06 0 0 0 0 0 0 0 0 0 0 0 0 0 
1 0.80014 0.512498 0.210926 0.0362341 0.00115744 3.90714e-06 0 0 0 0 0 0 0 0 0 0 0 0 0 
1 0.800012 0.512032 0.210466 0.0360546 0.0011515 3.06429e-06 0 0 0 0 0 0 0 0 0 0 0 0 0 
1 0.799464 0.511121 0.209472 0.0357213 0.00112419 1.27857e-06 0 0 0 0 0 0 0 0 0 0 0 0 0 
1 0.800717 0.513778 0.212209 0.0367784 0.00120447 2.27857e-06 0 0 0 0 0 0 0 0 0 0 0 0 0 
1 0.800351 0.513016 0.211427 0.0363088 0.00113337 2.77143e-06 0 0 0 0 0 0 0 0 0 0 0 0 0 
1 0.800636 0.513724 0.212029 0.0367086 0.00120305 2.97143e-06 0 0 0 0 0 0 0 0 0 0 0 0 0 
1 0.79918 0.510805 0.209109 0.0355923 0.00110633 3.5e-06 0 0 0 0 0 0 0 0 0 0 0 0 0 
1 0.800162 0.512846 0.211425 0.0363336 0.00117114 1.72857e-06 0 0 0 0 0 0 0 0 0 0 0 0 0 
1 0.79978 0.511701 0.210037 0.0358849 0.0011249 2.35e-06 0 0 0 0 0 0 0 0 0 0 0 0 0 
1 0.800406 0.51288 0.211101 0.0362513 0.00117684 2.95714e-06 0 0 0 0 0 0 0 0 0 0 0 0 0 
1 0.799686 0.511355 0.209933 0.0358677 0.00114099 2.47143e-06 0 0 0 0 0 0 0 0 0 0 0 0 0 
1 0.799941 0.511958 0.21034 0.0359225 0.00114585 2.57857e-06 0 0 0 0 0 0 0 0 0 0 0 0 0 
1 0.800442 0.513138 0.211517 0.0364783 0.00116878 2.81429e-06 0 0 0 0 0 0 0 0 0 0 0 0 0 
1 0.800204 0.512586 0.211012 0.0361734 0.00117776 2.58571e-06 0 0 0 0 0 0 0 0 0 0 0 0 0 
1 0.799982 0.512251 0.210333 0.0358702 0.00111071 2.23571e-06 0 0 0 0 0 0 0 0 0 0 0 0 0 
1 0.799876 0.511919 0.210087 0.0359211 0.00114644 2.80714e-06 0 0 0 0 0 0 0 0 0 0 0 0 0 
1 0.799787 0.512174 0.21068 0.0361238 0.00118331 2.37857e-06 0 0 0 0 0 0 0 0 0 0 0 0 0 
1 0.800041 0.512383 0.21077 0.036198 0.00112142 2.32143e-06 0 0 0 0 0 0 0 0 0 0 0 0 0 
1 0.799645 0.51178 0.210105 0.0359489 0.00113262 2.86429e-06 0 0 0 0 0 0 0 0 0 0 0 0 0 
1 0.799526 0.511471 0.210036 0.0358737 0.00114468 3.42143e-06 0 0 0 0 0 0 0 0 0 0 0 0 0 
1 0.799562 0.511711 0.210238 0.0359908 0.00114993 1.92857e-06 1.5e-07 0 0 0 0 0 0 0 0 0 0 0 0 
1 0.800024 0.512078 0.210068 0.0358129 0.00112756 2.13571e-06 0 0 0 0 0 0 0 0 0 0 0 0 0 
1 0.800163 0.512364 0.210738 0.03618 0.00118224 3.02143e-06 0 0 0 0 0 0 0 0 0 0 0 0 0 
1 0.800409 0.512979 0.21123 0.0362253 0.00114584 2.26429e-06 0 0 0 0 0 0 0 0 0 0 0 0 0 
1 0.79917 0.510723 0.209318 0.0355564 0.00110424 3.16429e-06 0 0 0 0 0 0 0 0 0 0 0 0 0 
1 0.799935 0.511964 0.21026 0.0359151 0.00112144 2.16429e-06 0 0 0 0 0 0 0 0 0 0 0 0 0 
1 0.800043 0.512194 0.210255 0.0357627 0.00109066 3.47857e-06 0 0 0 0 0 0 0 0 0 0 0 0 0 
1 0.799427 0.511111 0.209428 0.0355841 0.00110904 2.62143e-06 0 0 0 0 0 0 0 0 0 0 0 0 0 
1 0.800157 0.512667 0.210799 0.036151 0.00116085 2.80714e-06 0 0 0 0 0 0 0 0 0 0 0 0 0 
1 0.799891 0.512309 0.210535 0.0359455 0.0011325 2.89286e-06 0 0 0 0 0 0 0 0 0 0 0 0 0 
1 0.799438 0.511404 0.209908 0.0357333 0.00112376 2.28571e-06 0 0 0 0 0 0 0 0 0 0 0 0 0 
1 0.799387 0.511329 0.209669 0.0358222 0.00113109 2.94286e-06 5.71429e-08 0 0 0 0 0 0 0 0 0 0 0 0 
1 0.799296 0.51092 0.209177 0.0355609 0.00110166 2.54286e-06 0 0 0 0 0 0 0 0 0 0 0 0 0 
1 0.799965 0.512345 0.210768 0.0361196 0.00115489 2.62143e-06 0 0 0 0 0 0 0 0 0 0 0 0 0 
1 0.800144 0.512515 0.21111 0.03631 0.00116181 1.92857e-06 0 0 0 0 0 0 0 0 0 0 0 0 0 
1 0.79956 0.511397 0.209915 0.0359665 0.00113327 3.45e-06 0 0 0 0 0 0 0 0 0 0 0 0 0 
1 0.800361 0.512787 0.211172 0.0363169 0.00117146 2.30714e-06 0 0 0 0 0 0 0 0 0 0 0 0 0 
1 0.799696 0.511828 0.210235 0.0360171 0.00112724 2.82143e-06 0 0 0 0 0 0 0 0 0 0 0 0 0 
1 0.800281 0.512932 0.211422 0.0363715 0.00117456 3.1e-06 0 0 0 0 0 0 0 0 0 0 0 0 0 
1 0.799856 0.511905 0.210109 0.035869 0.00114417 3.15e-06 0 0 0 0 0 0 0 0 0 0 0 0 0 
1 0.799948 0.512162 0.21042 0.0359394 0.00113227 3.12143e-06 0 0 0 0 0 0 0 0 0 0 0 0 0 
1 0.800369 0.512639 0.211059 0.0363587 0.00117166 2.59286e-06 0 0 0 0 0 0 0 0 0 0 0 0 0 
1 0.800412 0.513047 0.211524 0.0363067 0.00113131 2.57857e-06 0 0 0 0 0 0 0 0 0 0 0 0 0 
1 0.799997 0.51243 0.210783 0.036149 0.00115526 2.79286e-06 0 0 0 0 0 0 0 0 0 0 0 0 0 
1 0.800154 0.512536 0.210665 0.0359932 0.00114161 3.05e-06 0 0 0 0 0 0 0 0 0 0 0 0 0 
1 0.800109 0.512595 0.211024 0.0363609 0.00115604 3.21429e-06 0 0 0 0 0 0 0 0 0 0 0 0 0 
1 0.800083 0.512343 0.210669 0.036222 0.00117597 3.30714e-06 0 0 0 0 0 0 0 0 0 0 0 0 0 
1 0.799834 0.511817 0.210169 0.0358648 0.00112984 3.73571e-06 0 0 0 0 0 0 0 0 0 0 0 0 0 
1 0.799923 0.512116 0.210468 0.0362453 0.00117618 1.96429e-06 0 0 0 0 0 0 0 0 0 0 0 0 0 
1 0.799625 0.511209 0.209477 0.0356347 0.0011176 2.21429e-06 0 0 0 0 0 0 0 0 0 0 0 0 0 
1 0.800208 0.512955 0.211523 0.0364686 0.001172 3.9e-06 0 0 0 0 0 0 0 0 0 0 0 0 0 
1 0.799986 0.512069 0.210162 0.035836 0.00113514 1.95714e-06 0 0 0 0 0 0 0 0 0 0 0 0 0 
1 0.799747 0.51188 0.210115 0.0358919 0.00114421 2.93571e-06 0 0 0 0 0 0 0 0 0 0 0 0 0 
1 0.799416 0.510937 0.209133 0.0355686 0.00108773 1.42143e-06 0 0 0 0 0 0 0 0 0 0 0 0 0 
1 0.799522 0.51151 0.210009 0.0358759 0.00115353 2.05e-06 0 0 0 0 0 0 0 0 0 0 0 0 0 
1 0.799609 0.511615 0.210063 0.0360526 0.0011516 2.04286e-06 0 0 0 0 0 0 0 0 0 0 0 0 0 
1 0.800576 0.513566 0.212148 0.0366316 0.00118503 1.88571e-06 0 0 0 0 0 0 0 0 0 0 0 0 0 
1 0.79966 0.511575 0.210042 0.0359337 0.0011352 2.10714e-06 0 0 0 0 0 0 0 0 0 0 0 0 0 
1 0.799441 0.511182 0.209802 0.0358859 0.00111884 1.93571e-06 0 0 0 0 0 0 0 0 0 0 0 0 0 
1 0.800171 0.512636 0.210839 0.0360571 0.00115466 1.70714e-06 0 0 0 0 0 0 0 0 0 0 0 0 0 
1 0.79945 0.511631 0.209962 0.035936 0.00111894 2.93571e-06 0 0 0 0 0 0 0 0 0 0 0 0 0 
1 0.800305 0.512995 0.211303 0.0363909 0.00115004 1.23571e-06 0 0 0 0 0 0 0 0 0 0 0 0 0 
1 0.800232 0.512681 0.211191 0.0363416 0.00117324 3.37857e-06 0 0 0 0 0 0 0 0 0 0 0 0 0 
1 0.800172 0.512314 0.21057 0.0360264 0.00112594 2.15714e-06 0 0 0 0 0 0 0 0 0 0 0 0 0 
1 0.799675 0.511424 0.209709 0.0356492 0.00109722 2.77143e-06 0 0 0 0 0 0 0 0 0 0 0 0 0 
1 0.799937 0.512148 0.210582 0.036297 0.00118114 3.55714e-06 0 0 0 0 0 0 0 0 0 0 0 0 0 
1 0.799582 0.511687 0.210114 0.0358801 0.00110839 3.14286e-06 0 0 0 0 0 0 0 0 0 0 0 0 0 
1 0.800469 0.513172 0.211474 0.0362833 0.00116069 2e-06 0 0 0 0 0 0 0 0 0 0 0 0 0 
1 0.799824 0.51215 0.210475 0.0358149 0.00111816 1.94286e-06 0 0 0 0 0 0 0 0 0 0 0 0 0 
1 0.799465 0.510909 0.209213 0.0355621 0.00111866 2.66429e-06 0 0 0 0 0 0 0 0 0 0 0 0 0 
1 0.799864 0.512372 0.210748 0.0360245 0.00115149 2.43571e-06 0 0 0 0 0 0 0 0 0 0 0 0 0 
1 0.800121 0.51266 0.211308 0.0364154 0.00117409 2.08571e-06 0 0 0 0 0 0 0 0 0 0 0 0 0 
1 0.799902 0.512448 0.210625 0.0361148 0.0011485 3.08571e-06 0 0 0 0 0 0 0 0 0 0 0 0 0 
1 0.799965 0.512264 0.210542 0.0361221 0.00114234 1.48571e-06 0 0 0 0 0 0 0 0 0 0 0 0 0 
1 0.80018 0.51271 0.211031 0.0362742 0.00114386 3.17143e-06 0 0 0 0 0 0 0 0 0 0 0 0 0 
1 0.799789 0.511987 0.210134 0.0357578 0.00111741 2.77857e-06 0 0 0 0 0 0 0 0 0 0 0 0 0 
1 0.800091 0.512301 0.210323 0.0358724 0.00113376 3.83571e-06 0 0 0 0 0 0 0 0 0 0 0 0 0 
1 0.799701 0.511535 0.209822 0.0357508 0.00112536 2.2e-06 0 0 0 0 0 0 0 0 0 0 0 0 0 
1 0.799956 0.512482 0.211093 0.0363654 0.00117784 2.22143e-06 0 0 0 0 0 0 0 0 0 0 0 0 0 
1 0.799872 0.511982 0.210253 0.0359423 0.00112674 2.29286e-06 0 0 0 0 0 0 0 0 0 0 0 0 0 
1 0.800631 0.513586 0.211881 0.0365886 0.00117024 1.63571e-06 0 0 0 0 0 0 0 0 0 0 0 0 0 
1 0.799491 0.511478 0.210038 0.0359597 0.00114597 2.37857e-06 0 0 0 0 0 0 0 0 0 0 0 0 0 
1 0.799861 0.51206 0.210213 0.0358818 0.00113626 2.12143e-06 0 0 0 0 0 0 0 0 0 0 0 0 0 
1 0.799858 0.511914 0.210151 0.0358942 0.00109983 1.94286e-06 0 0 0 0 0 0 0 0 0 0 0 0 0 
1 0.799893 0.512249 0.210372 0.0359079 0.00112507 2.77857e-06 0 0 0 0 0 0 0 0 0 0 0 0 0 
1 0.80091 0.513909 0.21246 0.0368296 0.00118306 2.42857e-06 0 0 0 0 0 0 0 0 0 0 0 0 0 
1 0.799886 0.512139 0.210634 0.0359648 0.00115211 3.62857e-06 0 0 0 0 0 0 0 0 0 0 0 0 0 
1 0.799997 0.512256 0.210525 0.0360194 0.00116017 2.18571e-06 0 0 0 0 0 0 0 0 0 0 0 0 0 
1 0.79995 0.512239 0.210489 0.0361711 0.00117462 2.9e-06 0 0 0 0 0 0 0 0 0 0 0 0 0 
1 0.799116 0.510728 0.20925 0.0356068 0.00112541 3.23571e-06 0 0 0 0 0 0 0 0 0 0 0 0 0 
1 0.800582 0.513717 0.212066 0.0366056 0.00117534 1.23571e-06 0 0 0 0 0 0 0 0 0 0 0 0 0 
1 0.800039 0.512459 0.210716 0.0359669 0.00113647 3.22143e-06 0 0 0 0 0 0 0 0 0 0 0 0 0 
1 0.800201 0.512583 0.210633 0.0359732 0.00114059 2.15e-06 0 0 0 0 0 0 0 0 0 0 0 0 0 
1 0.800375 0.513446 0.211941 0.0364586 0.00118086 1.64286e-06 0 0 0 0 0 0 0 0 0 0 0 0 0 
1 0.800584 0.513589 0.211948 0.0365963 0.00117999 2.27143e-06 0 0 0 0 0 0 0 0 0 0 0 0 0 
1 0.800475 0.513417 0.211548 0.0364613 0.00119329 4.29286e-06 0 0 0 0 0 0 0 0 0 0 0 0 0 
1 0.80009 0.512395 0.210612 0.036147 0.00115858 2.55e-06 0 0 0 0 0 0 0 0 0 0 0 0 0 
1 0.80073 0.513448 0.21207 0.0367029 0.00118684 1.21429e-06 0 0 0 0 0 0 0 0 0 0 0 0 0 
1 0.799692 0.511759 0.21006 0.0358543 0.00113552 2.78571e-06 0 0 0 0 0 0 0 0 0 0 0 0 0 
1 0.800386 0.513242 0.211849 0.0364981 0.00118621 2.19286e-06 0 0 0 0 0 0 0 0 0 0 0 0 0 
1 0.799808 0.512037 0.210358 0.0360143 0.00112253 1.57857e-06 0 0 0 0 0 0 0 0 0 0 0 0 0 
1 0.800203 0.512582 0.210811 0.0361682 0.00117571 2.30714e-06 0 0 0 0 0 0 0 0 0 0 0 0 0 
1 0.799533 0.511665 0.210501 0.0361505 0.00117441 3.03571e-06 0 0 0 0 0 0 0 0 0 0 0 0 0 
1 0.80008 0.512154 0.21042 0.0361078 0.00114086 4.12857e-06 0 0 0 0 0 0 0 0 0 0 0 0 0 
1 0.800045 0.51212 0.210151 0.0358596 0.00113247 2.72143e-06 0 0 0 0 0 0 0 0 0 0 0 0 0 
1 0.800171 0.512695 0.211047 0.0362273 0.00116954 3.65e-06 0 0 0 0 0 0 0 0 0 0 0 0 0 
1 0.799276 0.510718 0.209221 0.0356666 0.00113568 2.78571e-06 0 0 0 0 0 0 0 0 0 0 0 0 0 
1 0.799453 0.511229 0.209673 0.0357462 0.00112732 2.3e-06 2.85714e-08 0 0 0 0 0 0 0 0 0 0 0 0 
1 0.800387 0.512922 0.21109 0.0362252 0.00114908 1.68571e-06 0 0 0 0 0 0 0 0 0 0 0 0 0 
1 0.800391 0.513042 0.211194 0.0363119 0.00114071 2.52857e-06 0 0 0 0 0 0 0 0 0 0 0 0 0 
1 0.800993 0.514518 0.212786 0.0369655 0.00124264 3.10714e-06 0 0 0 0 0 0 0 0 0 0 0 0 0 
1 0.799914 0.512086 0.210338 0.0359489 0.00112031 2.39286e-06 0 0 0 0 0 0 0 0 0 0 0 0 0 
1 0.800043 0.512478 0.21087 0.0361572 0.00115341 2.49286e-06 0 0 0 0 0 0 0 0 0 0 0 0 0 
1 0.800021 0.512336 0.210911 0.0363183 0.00116729 2.44286e-06 0 0 0 0 0 0 0 0 0 0 0 0 0 
1 0.7999 0.512014 0.21033 0.0359796 0.00114569 2.66429e-06 0 0 0 0 0 0 0 0 0 0 0 0 0 
1 0.799913 0.51193 0.210463 0.03602 0.00114689 3.69286e-06 0 0 0 0 0 0 0 0 0 0 0 0 0 
1 0.800597 0.513479 0.211572 0.0364194 0.00117217 3.87857e-06 0 0 0 0 0 0 0 0 0 0 0 0 0 
1 0.799654 0.511638 0.209946 0.0357827 0.00112308 2.30714e-06 0 0 0 0 0 0 0 0 0 0 0 0 0 
1 0.800043 0.512169 0.210409 0.0359331 0.00112574 3.22857e-06 0 0 0 0 0 0 0 0 0 0 0 0 0 
1 0.799855 0.512033 0.21014 0.0358141 0.00110946 2.59286e-06 0 0 0 0 0 0 0 0 0 0 0 0 0 
1 0.801079 0.514146 0.212273 0.0365989 0.00116119 2.13571e-06 0 0 0 0 0 0 0 0 0 0 0 0 0 
1 0.800196 0.512691 0.211258 0.0363286 0.00115236 3.04286e-06 0 0 0 0 0 0 0 0 0 0 0 0 0 
1 0.799949 0.512346 0.210808 0.0360786 0.00113381 1.43571e-06 0 0 0 0 0 0 0 0 0 0 0 0 0 
1 0.800465 0.513429 0.211637 0.0365182 0.00115581 2.36429e-06 0 0 0 0 0 0 0 0 0 0 0 0 0 
1 0.800236 0.512615 0.211073 0.0362963 0.00114793 2.08571e-06 0 0 0 0 0 0 0 0 0 0 0 0 0 
1 0.79924 0.510871 0.209289 0.0356264 0.00111786 3.15e-06 0 0 0 0 0 0 0 0 0 0 0 0 0 
1 0.800062 0.512438 0.21054 0.0359333 0.00114791 2.91429e-06 0 0 0 0 0 0 0 0 0 0 0 0 0 
1 0.799677 0.511469 0.209563 0.0355898 0.00113386 2.65714e-06 0 0 0 0 0 0 0 0 0 0 0 0 0 
1 0.79963 0.511504 0.209596 0.0356466 0.00111439 1.6e-06 0 0 0 0 0 0 0 0 0 0 0 0 0 
1 0.800144 0.512526 0.210938 0.0362435 0.00113941 4.45714e-06 0 0 0 0 0 0 0 0 0 0 0 0 0 
1 0.800366 0.512968 0.211074 0.0362052 0.00113349 3.67143e-06 0 0 0 0 0 0 0 0 0 0 0 0 0 
1 0.800013 0.512417 0.210734 0.0361929 0.00116719 2.15e-06 0 0 0 0 0 0 0 0 0 0 0 0 0 
1 0.799539 0.511182 0.209503 0.0356654 0.00111779 1.63571e-06 0 0 0 0 0 0 0 0 0 0 0 0 0 
1 0.800311 0.513074 0.211577 0.0364428 0.00119361 2.80714e-06 7.14286e-09 0 0 0 0 0 0 0 0 0 0 0 0 
1 0.800044 0.512336 0.210511 0.0360758 0.00111498 2.31429e-06 0 0 0 0 0 0 0 0 0 0 0 0 0 
1 0.800302 0.512653 0.210832 0.0361839 0.00114691 2.68571e-06 0 0 0 0 0 0 0 0 0 0 0 0 0 
1 0.800438 0.513195 0.211469 0.0366188 0.00116943 1.86429e-06 0 0 0 0 0 0 0 0 0 0 0 0 0 
1 0.799952 0.512086 0.210422 0.036014 0.00114199 2.36429e-06 0 0 0 0 0 0 0 0 0 0 0 0 0 
1 0.800359 0.512946 0.21124 0.0362519 0.00115462 3.02143e-06 0 0 0 0 0 0 0 0 0 0 0 0 0 
1 0.800546 0.513487 0.211877 0.0365286 0.00117724 2.18571e-06 0 0 0 0 0 0 0 0 0 0 0 0 0 
1 0.800296 0.512764 0.211108 0.0363825 0.00115776 1.54286e-06 0 0 0 0 0 0 0 0 0 0 0 0 0 
1 0.800695 0.513553 0.211703 0.036424 0.00117601 2.45e-06 0 0 0 0 0 0 0 0 0 0 0 0 0 
1 0.800387 0.513122 0.21135 0.0363784 0.00118451 2.03571e-06 0 0 0 0 0 0 0 0 0 0 0 0 0 
1 0.800441 0.513157 0.211329 0.0364168 0.00116101 2.07857e-06 0 0 0 0 0 0 0 0 0 0 0 0 0 
1 0.799934 0.512461 0.210926 0.0361289 0.00114067 2.97143e-06 0 0 0 0 0 0 0 0 0 0 0 0 0 
1 0.800142 0.5126 0.210903 0.0362393 0.00115951 3.72143e-06 0 0 0 0 0 0 0 0 0 0 0 0 0 
1 0.799704 0.51182 0.210277 0.0359656 0.00117316 2.25e-06 0 0 0 0 0 0 0 0 0 0 0 0 0 
1 0.800273 0.512633 0.211093 0.0361752 0.00113491 3.09286e-06 0 0 0 0 0 0 0 0 0 0 0 0 0 
1 0.800432 0.513257 0.211381 0.0363501 0.00117426 3.15714e-06 0 0 0 0 0 0 0 0 0 0 0 0 0 
1 0.800101 0.512286 0.210495 0.0360792 0.00115762 1.85714e-06 0 0 0 0 0 0 0 0 0 0 0 0 0 
1 0.799265 0.510783 0.2091 0.0355976 0.00108824 3.88571e-06 0 0 0 0 0 0 0 0 0 0 0 0 0 
1 0.799919 0.512125 0.210344 0.0360121 0.00111625 2.95714e-06 0 0 0 0 0 0 0 0 0 0 0 0 0 
1 0.799761 0.511748 0.210129 0.0358624 0.00114764 2.53571e-06 0 0 0 0 0 0 0 0 0 0 0 0 0 
1 0.799841 0.512296 0.210683 0.0361835 0.00115444 3.85714e-06 0 0 0 0 0 0 0 0 0 0 0 0 0 
1 0.799649 0.511857 0.210431 0.0360543 0.00114364 2.95714e-06 0 0 0 0 0 0 0 0 0 0 0 0 0 
1 0.801045 0.514396 0.212828 0.0369348 0.00121649 2.56429e-06 0 0 0 0 0 0 0 0 0 0 0 0 0 
1 0.799673 0.511676 0.210064 0.0359511 0.00114667 1.40714e-06 0 0 0 0 0 0 0 0 0 0 0 0 0 
1 0.7999 0.511862 0.210151 0.0359495 0.00113719 1.62143e-06 0 0 0 0 0 0 0 0 0 0 0 0 0 
1 0.799709 0.511432 0.209732 0.0357549 0.00111494 3.8e-06 0 0 0 0 0 0 0 0 0 0 0 0 0 
1 0.799613 0.51165 0.210177 0.0360295 0.00114666 2.08571e-06 0 0 0 0 0 0 0 0 0 0 0 0 0 
1 0.800269 0.512294 0.210539 0.036077 0.0011375 3.75e-06 0 0 0 0 0 0 0 0 0 0 0 0 0 
1 0.79946 0.511156 0.20969 0.0358306 0.00113166 2.18571e-06 0 0 0 0 0 0 0 0 0 0 0 0 0 
1 0.800751 0.513732 0.212068 0.0364756 0.00117029 2.1e-06 0 0 0 0 0 0 0 0 0 0 0 0 0 
1 0.799758 0.511889 0.210156 0.0358699 0.00111456 2.23571e-06 0 0 0 0 0 0 0 0 0 0 0 0 0 
1 0.800431 0.513405 0.211568 0.0364339 0.00115263 1.97857e-06 0 0 0 0 0 0 0 0 0 0 0 0 0 
1 0.800159 0.512906 0.211431 0.0364254 0.00119306 3.85e-06 0 0 0 0 0 0 0 0 0 0 0 0 0 
1 0.799944 0.512309 0.210591 0.0361177 0.00114776 2.72857e-06 0 0 0 0 0 0 0 0 0 0 0 0 0 
1 0.799959 0.511892 0.21012 0.0360973 0.00114023 3.07143e-06 0 0 0 0 0 0 0 0 0 0 0 0 0 
1 0.80103 0.514449 0.21253 0.0366507 0.00117349 2.71429e-06 0 0 0 0 0 0 0 0 0 0 0 0 0 
1 0.799951 0.512556 0.21101 0.0361792 0.00116309 2.57857e-06 0 0 0 0 0 0 0 0 0 0 0 0 0 
1 0.799946 0.512215 0.210749 0.0362447 0.00115835 2.81429e-06 0 0 0 0 0 0 0 0 0 0 0 0 0 
1 0.799932 0.511973 0.210374 0.0361054 0.00112849 3.50714e-06 0 0 0 0 0 0 0 0 0 0 0 0 0 
1 0.800031 0.512296 0.210664 0.036127 0.00117546 1.86429e-06 0 0 0 0 0 0 0 0 0 0 0 0 0 
1 0.799851 0.511698 0.209949 0.0358128 0.00113944 2.3e-06 0 0 0 0 0 0 0 0 0 0 0 0 0 
1 0.799655 0.511692 0.210159 0.0358692 0.00111711 1.64286e-06 0 0 0 0 0 0 0 0 0 0 0 0 0 
1 0.800593 0.513246 0.211398 0.0364382 0.00114722 3.35e-06 0 0 0 0 0 0 0 0 0 0 0 0 0 
1 0.800038 0.512269 0.210382 0.0359339 0.00113087 1.5e-06 0 0 0 0 0 0 0 0 0 0 0 0 0 
1 0.799888 0.512354 0.210809 0.0361412 0.00114963 2.99286e-06 0 0 0 0 0 0 0 0 0 0 0 0 0 
1 0.798936 0.510283 0.208789 0.0353587 0.00109006 3.90714e-06 0 0 0 0 0 0 0 0 0 0 0 0 0 
1 0.800187 0.512751 0.211232 0.0361788 0.00114493 2.5e-06 0 0 0 0 0 0 0 0 0 0 0 0 0 
1 0.799299 0.510853 0.209203 0.0355804 0.00110939 2.98571e-06 0 0 0 0 0 0 0 0 0 0 0 0 0 
1 0.799743 0.511735 0.209936 0.0358152 0.00111784 2.74286e-06 0 0 0 0 0 0 0 0 0 0 0 0 0 
1 0.799504 0.511306 0.209655 0.0357112 0.00112671 2.3e-06 0 0 0 0 0 0 0 0 0 0 0 0 0 
1 0.799992 0.512192 0.210452 0.0360929 0.00113134 2.17143e-06 2.14286e-08 0 0 0 0 0 0 0 0 0 0 0 0 
1 0.800287 0.512853 0.211207 0.0362963 0.00114667 1.57857e-06 0 0 0 0 0 0 0 0 0 0 0 0 0 
1 0.800541 0.513286 0.211469 0.0362707 0.00114223 2.76429e-06 0 0 0 0 0 0 0 0 0 0 0 0 0 
1 0.799996 0.511981 0.210484 0.0359716 0.00113006 2.1e-06 0 0 0 0 0 0 0 0 0 0 0 0 0 
1 0.800644 0.513814 0.212412 0.0368971 0.00121552 2.97857e-06 0 0 0 0 0 0 0 0 0 0 0 0 0 
1 0.799582 0.511577 0.209913 0.0358588 0.00110909 2.17143e-06 0 0 0 0 0 0 0 0 0 0 0 0 0 
1 0.799339 0.510932 0.209327 0.0357047 0.00111833 1.76429e-06 0 0 0 0 0 0 0 0 0 0 0 0 0 
1 0.800161 0.512376 0.210786 0.0361033 0.00114314 2.88571e-06 0 0 0 0 0 0 0 0 0 0 0 0 0 
1 0.800019 0.512583 0.211014 0.0361781 0.00114322 2.37143e-06 0 0 0 0 0 0 0 0 0 0 0 0 0 
1 0.800166 0.512614 0.211067 0.0364269 0.00118478 3.50714e-06 0 0 0 0 0 0 0 0 0 0 0 0 0 
1 0.799655 0.511514 0.20996 0.0357737 0.00112087 4.14286e-06 0 0 0 0 0 0 0 0 0 0 0 0 0 
1 0.799862 0.512087 0.210356 0.0360169 0.00112554 2.72857e-06 0 0 0 0 0 0 0 0 0 0 0 0 0 
1 0.800221 0.512673 0.211086 0.0363044 0.00115196 2.25e-06 0 0 0 0 0 0 0 0 0 0 0 0 0 
1 0.799492 0.511475 0.210011 0.0358696 0.00114968 2.34286e-06 0 0 0 0 0 0 0 0 0 0 0 0 0 
1 0.800014 0.512296 0.210458 0.0360953 0.00112524 3.19286e-06 0 0 0 0 0 0 0 0 0 0 0 0 0 
1 0.800464 0.513076 0.211354 0.0362097 0.00115021 2.78571e-06 0 0 0 0 0 0 0 0 0 0 0 0 0 
1 0.79988 0.512178 0.210621 0.0359975 0.00114681 2.47857e-06 0 0 0 0 0 0 0 0 0 0 0 0 0 
1 0.799701 0.511676 0.210164 0.0359973 0.00111411 2.43571e-06 0 0 0 0 0 0 0 0 0 0 0 0 0 
1 0.799064 0.510279 0.208632 0.0354718 0.00112122 2.62143e-06 0 0 0 0 0 0 0 0 0 0 0 0 0 
1 0.80016 0.51228 0.210492 0.0358804 0.00111404 2.17143e-06 0 0 0 0 0 0 0 0 0 0 0 0 0 
1 0.800601 0.513277 0.211549 0.036367 0.00116064 1.83571e-06 0 0 0 0 0 0 0 0 0 0 0 0 0 
1 0.799822 0.512162 0.210495 0.0360718 0.0011359 1.40714e-06 0 0 0 0 0 0 0 0 0 0 0 0 0 
1 0.800123 0.512453 0.210914 0.0362179 0.00115966 2.89286e-06 0 0 0 0 0 0 0 0 0 0 0 0 0 
1 0.799406 0.511249 0.209363 0.0356543 0.00111333 2.57143e-06 0 0 0 0 0 0 0 0 0 0 0 0 0 
1 0.800049 0.512398 0.210763 0.0362511 0.00116478 1.67143e-06 0 0 0 0 0 0 0 0 0 0 0 0 0 
1 0.800136 0.512647 0.211042 0.0362214 0.00116533 3.15714e-06 0 0 0 0 0 0 0 0 0 0 0 0 0 
1 0.800639 0.513528 0.211782 0.0364632 0.00116474 2.98571e-06 0 0 0 0 0 0 0 0 0 0 0 0 0 
1 0.799882 0.512369 0.211001 0.0362809 0.00115828 1.77857e-06 0 0 0 0 0 0 0 0 0 0 0 0 0 
1 0.800169 0.512468 0.210825 0.0361267 0.00112101 3.95714e-06 0 0 0 0 0 0 0 0 0 0 0 0 0 
1 0.800123 0.512526 0.211027 0.0361969 0.00113995 3.26429e-06 0 0 0 0 0 0 0 0 0 0 0 0 0 
1 0.79951 0.511018 0.209123 0.035429 0.00110266 2.18571e-06 0 0 0 0 0 0 0 0 0 0 0 0 0 
1 0.799916 0.512273 0.210592 0.0360117 0.00113947 1.60714e-06 0 0 0 0 0 0 0 0 0 0 0 0 0 
1 0.799702 0.511694 0.210343 0.0361392 0.00117859 2.77857e-06 0 0 0 0 0 0 0 0 0 0 0 0 0 
1 0.800155 0.512796 0.211163 0.0362925 0.00118497 2.29286e-06 0 0 0 0 0 0 0 0 0 0 0 0 0 
1 0.799535 0.511273 0.209734 0.0359377 0.00118535 3.75714e-06 0 0 0 0 0 0 0 0 0 0 0 0 0 
1 0.800137 0.512424 0.210837 0.0361257 0.00117023 2.94286e-06 0 0 0 0 0 0 0 0 0 0 0 0 0 
1 0.800733 0.513691 0.211856 0.0364907 0.00114977 1.6e-06 0 0 0 0 0 0 0 0 0 0 0 0 0 
1 0.799659 0.511927 0.210649 0.0361258 0.00114669 2.11429e-06 0 0 0 0 0 0 0 0 0 0 0 0 0 
1 0.800563 0.513295 0.211609 0.0364709 0.00115739 3.50714e-06 0 0 0 0 0 0 0 0 0 0 0 0 0 
1 0.799706 0.511975 0.210522 0.0360239 0.00115236 2.82857e-06 0 0 0 0 0 0 0 0 0 0 0 0 0 
1 0.799928 0.512094 0.21035 0.0358796 0.00111936 2.51429e-06 0 0 0 0 0 0 0 0 0 0 0 0 0 
1 0.800043 0.51237 0.21077 0.0360936 0.00115059 1.57857e-06 0 0 0 0 0 0 0 0 0 0 0 0 0 
1 0.800178 0.51248 0.210656 0.0360469 0.00110399 3.11429e-06 0 0 0 0 0 0 0 0 0 0 0 0 0 
1 0.800158 0.512669 0.210878 0.0361718 0.00116023 4.22857e-06 0 0 0 0 0 0 0 0 0 0 0 0 0 
1 0.79991 0.512228 0.210482 0.0360104 0.00113506 2.55e-06 0 0 0 0 0 0 0 0 0 0 0 0 0 
1 0.799752 0.511587 0.210068 0.0358617 0.0011527 1.98571e-06 0 0 0 0 0 0 0 0 0 0 0 0 0 
1 0.800082 0.512243 0.210831 0.0362131 0.00117097 2.50714e-06 0 0 0 0 0 0 0 0 0 0 0 0 0 
1 0.799929 0.512126 0.21038 0.0358952 0.00112254 1.33571e-06 0 0 0 0 0 0 0 0 0 0 0 0 0 
1 0.800175 0.512503 0.21093 0.0361736 0.0011549 2.87857e-06 0 0 0 0 0 0 0 0 0 0 0 0 0 
1 0.800802 0.513894 0.21221 0.0367742 0.00118846 2.92857e-06 0 0 0 0 0 0 0 0 0 0 0 0 0 
1 0.800325 0.512778 0.211286 0.0364052 0.00118133 2.63571e-06 0 0 0 0 0 0 0 0 0 0 0 0 0 
1 0.799686 0.511274 0.209492 0.035746 0.00111166 2.26429e-06 0 0 0 0 0 0 0 0 0 0 0 0 0 
1 0.799237 0.510813 0.209209 0.0355337 0.00108496 2.49286e-06 0 0 0 0 0 0 0 0 0 0 0 0 0 
1 0.799518 0.511358 0.209666 0.0356965 0.00109801 1.91429e-06 0 0 0 0 0 0 0 0 0 0 0 0 0 
1 0.799827 0.512046 0.210537 0.0360306 0.00113988 7.64286e-07 0 0 0 0 0 0 0 0 0 0 0 0 0 
1 0.800566 0.513461 0.211932 0.0366754 0.00118323 3.09286e-06 0 0 0 0 0 0 0 0 0 0 0 0 0 
1 0.800162 0.512445 0.210781 0.0361184 0.00115858 2.7e-06 0 0 0 0 0 0 0 0 0 0 0 0 0 
1 0.800324 0.512948 0.211099 0.0361402 0.00113469 3.10714e-06 0 0 0 0 0 0 0 0 0 0 0 0 0 
1 0.800162 0.512464 0.210776 0.0361186 0.00116155 2.48571e-06 0 0 0 0 0 0 0 0 0 0 0 0 0 
1 0.800073 0.512241 0.210622 0.0360049 0.00115799 2.68571e-06 0 0 0 0 0 0 0 0 0 0 0 0 0 
1 0.8003 0.512583 0.210677 0.036026 0.00115707 2.54286e-06 0 0 0 0 0 0 0 0 0 0 0 0 0 
1 0.799951 0.5124 0.210662 0.0361963 0.00115239 3.17857e-06 0 0 0 0 0 0 0 0 0 0 0 0 0 
1 0.79964 0.51134 0.209568 0.0357697 0.00110743 2.13571e-06 0 0 0 0 0 0 0 0 0 0 0 0 0 
1 0.799695 0.511901 0.210377 0.0361201 0.0011468 2.31429e-06 0 0 0 0 0 0 0 0 0 0 0 0 0 
1 0.799312 0.511181 0.209912 0.0358875 0.0010969 1.85e-06 0 0 0 0 0 0 0 0 0 0 0 0 0 
1 0.799671 0.51176 0.209918 0.0358331 0.00113276 2.95714e-06 0 0 0 0 0 0 0 0 0 0 0 0 0 
1 0.800534 0.513272 0.211992 0.0366023 0.00116084 2.02857e-06 0 0 0 0 0 0 0 0 0 0 0 0 0 
1 0.800314 0.512721 0.210759 0.0360437 0.00115337 2.63571e-06 0 0 0 0 0 0 0 0 0 0 0 0 0 
1 0.799581 0.511561 0.209812 0.0358734 0.0011009 1.91429e-06 0 0 0 0 0 0 0 0 0 0 0 0 0 
1 0.800244 0.512727 0.210914 0.036192 0.00115021 2.73571e-06 0 0 0 0 0 0 0 0 0 0 0 0 0 
1 0.799938 0.511978 0.21029 0.0360971 0.00118217 3.49286e-06 0 0 0 0 0 0 0 0 0 0 0 0 0 
1 0.800003 0.512504 0.21088 0.0362341 0.00114129 2.38571e-06 0 0 0 0 0 0 0 0 0 0 0 0 0 
1 0.800047 0.512155 0.21049 0.0359007 0.00113674 2.2e-06 0 0 0 0 0 0 0 0 0 0 0 0 0 
1 0.799974 0.512168 0.210361 0.0359073 0.00114569 2.97857e-06 0 0 0 0 0 0 0 0 0 0 0 0 0 
1 0.799675 0.511767 0.210035 0.0359368 0.00112954 9.07143e-07 0 0 0 0 0 0 0 0 0 0 0 0 0 
1 0.799762 0.51211 0.210725 0.0361152 0.00114494 2.80714e-06 0 0 0 0 0 0 0 0 0 0 0 0 0 
1 0.800093 0.512651 0.211288 0.0364216 0.00115901 3.98571e-06 0 0 0 0 0 0 0 0 0 0 0 0 0 
1 0.800814 0.514042 0.212499 0.0369303 0.00121754 2.95e-06 0 0 0 0 0 0 0 0 0 0 0 0 0 
1 0.800315 0.512962 0.211197 0.0361656 0.00114013 2.28571e-06 0 0 0 0 0 0 0 0 0 0 0 0 0 
1 0.799983 0.512221 0.21065 0.0362077 0.00115012 4.02857e-06 0 0 0 0 0 0 0 0 0 0 0 0 0 
1 0.800489 0.513231 0.21177 0.0365056 0.00116608 1.92143e-06 0 0 0 0 0 0 0 0 0 0 0 0 0 
1 0.800638 0.513652 0.212016 0.0366336 0.00116216 2.51429e-06 0 0 0 0 0 0 0 0 0 0 0 0 0 
1 0.800429 0.512932 0.211368 0.0364322 0.00116391 3.63571e-06 0 0 0 0 0 0 0 0 0 0 0 0 0 
1 0.800934 0.514027 0.211889 0.0365526 0.00116535 2.03571e-06 0 0 0 0 0 0 0 0 0 0 0 0 0 
1 0.800366 0.512869 0.211299 0.0363463 0.00116208 2.73571e-06 0 0 0 0 0 0 0 0 0 0 0 0 0 
1 0.800258 0.513167 0.211629 0.0365631 0.00118572 3.35e-06 0 0 0 0 0 0 0 0 0 0 0 0 0 
1 0.79964 0.511343 0.209412 0.0357968 0.00110196 3.17857e-06 0 0 0 0 0 0 0 0 0 0 0 0 0 
1 0.799323 0.511173 0.209675 0.035856 0.00112898 2.95e-06 1.35714e-07 0 0 0 0 0 0 0 0 0 0 0 0 
1 0.800145 0.512637 0.210884 0.0362213 0.00114177 4.17857e-06 0 0 0 0 0 0 0 0 0 0 0 0 0 
1 0.799632 0.511469 0.209996 0.0359761 0.00113651 2.52857e-06 0 0 0 0 0 0 0 0 0 0 0 0 0 
1 0.800154 0.512644 0.211005 0.0362126 0.00115412 3.52143e-06 0 0 0 0 0 0 0 0 0 0 0 0 0 
1 0.79971 0.512235 0.210628 0.0360184 0.00109843 1.08571e-06 0 0 0 0 0 0 0 0 0 0 0 0 0 
1 0.799379 0.510852 0.209597 0.0357937 0.00111419 2.39286e-06 0 0 0 0 0 0 0 0 0 0 0 0 0 
1 0.799898 0.512279 0.210756 0.0361509 0.00114871 3.95714e-06 0 0 0 0 0 0 0 0 0 0 0 0 0 
1 0.799812 0.512021 0.210642 0.0362027 0.00116979 3.13571e-06 0 0 0 0 0 0 0 0 0 0 0 0 0 
1 0.800089 0.51254 0.211104 0.0363837 0.00118256 4.07857e-06 0 0 0 0 0 0 0 0 0 0 0 0 0 
1 0.79992 0.51222 0.210521 0.0359448 0.00111731 2.92143e-06 0 0 0 0 0 0 0 0 0 0 0 0 0 
1 0.799787 0.511938 0.210339 0.0361106 0.00115305 3.17857e-06 0 0 0 0 0 0 0 0 0 0 0 0 0 
1 0.800537 0.51301 0.211408 0.0363342 0.0011574 3.4e-06 0 0 0 0 0 0 0 0 0 0 0 0 0 
1 0.800143 0.512505 0.210801 0.036117 0.00114692 3.26429e-06 0 0 0 0 0 0 0 0 0 0 0 0 0 
1 0.79947 0.511267 0.209802 0.0357786 0.00110806 2.96429e-06 0 0 0 0 0 0 0 0 0 0 0 0 0 
1 0.799772 0.5119 0.210315 0.0360308 0.00113384 3.12143e-06 1.57143e-07 0 0 0 0 0 0 0 0 0 0 0 0 
1 0.79998 0.512251 0.21049 0.0361073 0.00115838 3.02857e-06 0 0 0 0 0 0 0 0 0 0 0 0 0 
1 0.800334 0.512934 0.211291 0.036337 0.00116227 3.33571e-06 0 0 0 0 0 0 0 0 0 0 0 0 0 
1 0.800384 0.513322 0.211635 0.0365379 0.00116936 2.27143e-06 0 0 0 0 0 0 0 0 0 0 0 0 0 
1 0.800156 0.512496 0.210656 0.0360564 0.00112527 1.94286e-06 0 0 0 0 0 0 0 0 0 0 0 0 0 
1 0.799702 0.511649 0.210083 0.0359385 0.00113101 2.08571e-06 0 0 0 0 0 0 0 0 0 0 0 0 0 
1 0.799862 0.511887 0.210395 0.035932 0.00113359 1.70714e-06 0 0 0 0 0 0 0 0 0 0 0 0 0 
1 0.800348 0.51306 0.211398 0.0363968 0.00115772 3.52143e-06 0 0 0 0 0 0 0 0 0 0 0 0 0 
1 0.800336 0.512692 0.211025 0.0363921 0.00116856 4.14286e-06 0 0 0 0 0 0 0 0 0 0 0 0 0 
1 0.799527 0.511216 0.209551 0.0357767 0.00112349 2.88571e-06 0 0 0 0 0 0 0 0 0 0 0 0 0 
1 0.799486 0.511131 0.209537 0.0356493 0.00112906 3.18571e-06 0 0 0 0 0 0 0 0 0 0 0 0 0 
1 0.799645 0.511423 0.209719 0.0358265 0.00112175 2.05714e-06 1.42857e-08 0 0 0 0 0 0 0 0 0 0 0 0 
1 0.800147 0.512254 0.210677 0.0361353 0.00114483 3.35e-06 0 0 0 0 0 0 0 0 0 0 0 0 0 
1 0.799753 0.511681 0.209956 0.0357803 0.00115415 3.12857e-06 0 0 0 0 0 0 0 0 0 0 0 0 0 
1 0.800384 0.513231 0.211676 0.0365096 0.00118102 1.91429e-06 0 0 0 0 0 0 0 0 0 0 0 0 0 
1 0.799869 0.512275 0.210446 0.0360158 0.00114661 3.54286e-06 0 0 0 0 0 0 0 0 0 0 0 0 0 
1 0.80029 0.512769 0.211212 0.0362 0.00115131 2.87143e-06 0 0 0 0 0 0 0 0 0 0 0 0 0 
1 0.800134 0.512753 0.211286 0.0363328 0.00116859 3.35714e-06 0 0 0 0 0 0 0 0 0 0 0 0 0 
1 0.800299 0.512493 0.210839 0.0361241 0.00114144 2.4e-06 0 0 0 0 0 0 0 0 0 0 0 0 0 
1 0.800309 0.512767 0.211109 0.0364112 0.00117244 3.20714e-06 0 0 0 0 0 0 0 0 0 0 0 0 0 
1 0.799465 0.511448 0.209847 0.0357153 0.00112826 2.57857e-06 0 0 0 0 0 0 0 0 0 0 0 0 0 
1 0.800213 0.512841 0.211238 0.0363279 0.00117878 2.58571e-06 0 0 0 0 0 0 0 0 0 0 0 0 0 
1 0.800099 0.512335 0.210559 0.0359564 0.00109808 3.67857e-06 0 0 0 0 0 0 0 0 0 0 0 0 0 
1 0.799706 0.51175 0.2103 0.0359999 0.00112754 2.43571e-06 0 0 0 0 0 0 0 0 0 0 0 0 0 
1 0.800316 0.512723 0.211185 0.0364666 0.00118351 2.62857e-06 0 0 0 0 0 0 0 0 0 0 0 0 0 
1 0.798983 0.510469 0.208674 0.0354143 0.00112235 1.29286e-06 0 0 0 0 0 0 0 0 0 0 0 0 0 
1 0.800517 0.513385 0.211715 0.0365155 0.00117882 2.68571e-06 0 0 0 0 0 0 0 0 0 0 0 0 0 
1 0.799818 0.511748 0.20982 0.0357499 0.00111686 2.82143e-06 0 0 0 0 0 0 0 0 0 0 0 0 0 
1 0.799783 0.511806 0.210073 0.0357619 0.00111574 1.75714e-06 0 0 0 0 0 0 0 0 0 0 0 0 0 
1 0.800084 0.512525 0.210917 0.0362226 0.00115931 1.57857e-06 0 0 0 0 0 0 0 0 0 0 0 0 0 
1 0.799739 0.511904 0.210333 0.0360734 0.00115854 3.47143e-06 3.57143e-08 0 0 0 0 0 0 0 0 0 0 0 0 
1 0.800475 0.513148 0.211561 0.0363587 0.00118394 3.3e-06 0 0 0 0 0 0 0 0 0 0 0 0 0 
1 0.800024 0.512335 0.210765 0.036009 0.00111475 2.18571e-06 0 0 0 0 0 0 0 0 0 0 0 0 0 
1 0.799783 0.511421 0.209689 0.0356704 0.00109762 2.50714e-06 0 0 0 0 0 0 0 0 0 0 0 0 0 
1 0.800101 0.512772 0.211289 0.0364286 0.00118636 3.33571e-06 0 0 0 0 0 0 0 0 0 0 0 0 0 
1 0.799752 0.51175 0.210035 0.0358595 0.0011412 3.05714e-06 0 0 0 0 0 0 0 0 0 0 0 0 0 
1 0.800318 0.513005 0.211292 0.0362162 0.00115108 2e-06 0 0 0 0 0 0 0 0 0 0 0 0 0 
1 0.800068 0.512796 0.211076 0.0362867 0.0011551 2.30714e-06 0 0 0 0 0 0 0 0 0 0 0 0 0 
1 0.80052 0.51362 0.211992 0.0364696 0.00115795 1.88571e-06 0 0 0 0 0 0 0 0 0 0 0 0 0 
1 0.799992 0.511777 0.210212 0.0359802 0.00111119 1.8e-06 0 0 0 0 0 0 0 0 0 0 0 0 0 
1 0.799859 0.512052 0.210494 0.0360576 0.00114929 3.19286e-06 0 0 0 0 0 0 0 0 0 0 0 0 0 
1 0.80024 0.512671 0.211161 0.0363244 0.00116392 2.53571e-06 0 0 0 0 0 0 0 0 0 0 0 0 0 
1 0.800111 0.51266 0.21096 0.0361687 0.00118029 1.4e-06 0 0 0 0 0 0 0 0 0 0 0 0 0 
1 0.799754 0.511651 0.209687 0.0356188 0.0011053 3e-06 0 0 0 0 0 0 0 0 0 0 0 0 0 
1 0.80013 0.512472 0.210786 0.036176 0.00113565 4.12857e-06 0 0 0 0 0 0 0 0 0 0 0 0 0 
1 0.800141 0.512302 0.210652 0.0361352 0.00115668 3.5e-06 0 0 0 0 0 0 0 0 0 0 0 0 0 
1 0.800285 0.512437 0.21074 0.0361696 0.00115472 2.23571e-06 0 0 0 0 0 0 0 0 0 0 0 0 0 
1 0.800345 0.512694 0.211022 0.0361176 0.00116219 2.55e-06 0 0 0 0 0 0 0 0 0 0 0 0 0 
1 0.800066 0.512648 0.211013 0.036164 0.00114172 2.49286e-06 0 0 0 0 0 0 0 0 0 0 0 0 0 
1 0.800637 0.513741 0.211972 0.0364808 0.00116003 3.35e-06 0 0 0 0 0 0 0 0 0 0 0 0 0 
1 0.799977 0.51223 0.210581 0.036082 0.00114959 2.30714e-06 0 0 0 0 0 0 0 0 0 0 0 0 0 
1 0.800304 0.512959 0.211245 0.036339 0.00117682 2.39286e-06 0 0 0 0 0 0 0 0 0 0 0 0 0 
1 0.800688 0.513687 0.212092 0.0365302 0.00118657 2.75e-06 0 0 0 0 0 0 0 0 0 0 0 0 0 
1 0.799665 0.511514 0.209859 0.0357745 0.00113724 2.54286e-06 0 0 0 0 0 0 0 0 0 0 0 0 0 
1 0.799577 0.511621 0.21018 0.0359931 0.0011356 3.62857e-06 0 0 0 0 0 0 0 0 0 0 0 0 0 
1 0.80003 0.512467 0.210972 0.0362421 0.00117484 3.37143e-06 0 0 0 0 0 0 0 0 0 0 0 0 0 
1 0.800016 0.512179 0.210485 0.0360174 0.0011433 2.75e-06 0 0 0 0 0 0 0 0 0 0 0 0 0 
1 0.799604 0.51165 0.210011 0.0359134 0.00115127 2.32857e-06 0 0 0 0 0 0 0 0 0 0 0 0 0 
1 0.799457 0.510822 0.208979 0.0354795 0.00109849 3.22857e-06 0 0 0 0 0 0 0 0 0 0 0 0 0 
1 0.799844 0.512027 0.210087 0.0357905 0.00113427 2.23571e-06 0 0 0 0 0 0 0 0 0 0 0 0 0 
1 0.799804 0.512128 0.210488 0.0360956 0.00114696 2.72857e-06 0 0 0 0 0 0 0 0 0 0 0 0 0 
1 0.800124 0.512397 0.210525 0.0360216 0.00112955 1.62857e-06 0 0 0 0 0 0 0 0 0 0 0 0 0 
1 0.799289 0.510755 0.209339 0.0357661 0.00112932 2.77143e-06 0 0 0 0 0 0 0 0 0 0 0 0 0 
1 0.799901 0.512174 0.210502 0.0360272 0.00113121 2.48571e-06 0 0 0 0 0 0 0 0 0 0 0 0 0 
1 0.799951 0.512272 0.210339 0.0358972 0.00111484 2.3e-06 0 0 0 0 0 0 0 0 0 0 0 0 0 
1 0.800413 0.513153 0.211496 0.036407 0.00115559 2.29286e-06 0 0 0 0 0 0 0 0 0 0 0 0 0 
1 0.800867 0.513829 0.212197 0.0366219 0.00118546 3.02143e-06 0 0 0 0 0 0 0 0 0 0 0 0 0 
1 0.7997 0.511352 0.209917 0.035929 0.00113432 2.27143e-06 0 0 0 0 0 0 0 0 0 0 0 0 0 
1 0.800376 0.513003 0.21123 0.03634 0.00115904 2.98571e-06 3.14286e-07 0 0 0 0 0 0 0 0 0 0 0 0 
1 0.800622 0.513798 0.211791 0.0366135 0.00118051 3.93571e-06 2.14286e-08 0 0 0 0 0 0 0 0 0 0 0 0 
1 0.800103 0.512316 0.210418 0.0360584 0.00114082 2.10714e-06 0 0 0 0 0 0 0 0 0 0 0 0 0 
1 0.800651 0.513576 0.211949 0.0364705 0.00113614 3.56429e-06 0 0 0 0 0 0 0 0 0 0 0 0 0 
1 0.799505 0.511394 0.209609 0.0356581 0.00112106 2.81429e-06 0 0 0 0 0 0 0 0 0 0 0 0 0 
1 0.799514 0.511305 0.209924 0.0358083 0.0010933 2.64286e-06 0 0 0 0 0 0 0 0 0 0 0 0 0 
1 0.79951 0.511702 0.210068 0.0359583 0.00116078 2.69286e-06 0 0 0 0 0 0 0 0 0 0 0 0 0 
1 0.800536 0.513223 0.211583 0.0364078 0.00117095 2.95e-06 0 0 0 0 0 0 0 0 0 0 0 0 0 
1 0.799866 0.51203 0.210459 0.0360282 0.00113324 2.97143e-06 0 0 0 0 0 0 0 0 0 0 0 0 0 
1 0.799736 0.511883 0.210335 0.035922 0.00111386 2.5e-06 0 0 0 0 0 0 0 0 0 0 0 0 0 
1 0.800376 0.513395 0.212042 0.0365462 0.00117461 3.38571e-06 0 0 0 0 0 0 0 0 0 0 0 0 0 
1 0.799701 0.511621 0.210174 0.0358079 0.00111721 2.35714e-06 0 0 0 0 0 0 0 0 0 0 0 0 0 
1 0.799917 0.512017 0.210334 0.0360147 0.00114909 2.47143e-06 0 0 0 0 0 0 0 0 0 0 0 0 0 
1 0.799807 0.511683 0.209963 0.0357637 0.00111736 2.57143e-06 0 0 0 0 0 0 0 0 0 0 0 0 0 
1 0.800201 0.51264 0.210999 0.0364098 0.00117852 3.33571e-06 0 0 0 0 0 0 0 0 0 0 0 0 0 
1 0.799127 0.510265 0.208761 0.0355546 0.00114529 3.33571e-06 0 0 0 0 0 0 0 0 0 0 0 0 0 
1 0.799632 0.51162 0.210001 0.0357944 0.00110503 2.97143e-06 0 0 0 0 0 0 0 0 0 0 0 0 0 
1 0.7998 0.511541 0.209877 0.0358893 0.00111469 3.62857e-06 0 0 0 0 0 0 0 0 0 0 0 0 0 
1 0.799888 0.512002 0.210405 0.0359239 0.00114468 2.59286e-06 0 0 0 0 0 0 0 0 0 0 0 0 0 
1 0.800393 0.513122 0.211579 0.0363389 0.00115291 2.36429e-06 0 0 0 0 0 0 0 0 0 0 0 0 0 
1 0.800108 0.512127 0.210354 0.0359972 0.00111269 3.95714e-06 0 0 0 0 0 0 0 0 0 0 0 0 0 
1 0.799913 0.512123 0.210457 0.0361502 0.00114714 2.12857e-06 0 0 0 0 0 0 0 0 0 0 0 0 0 
1 0.800401 0.513179 0.211624 0.0364067 0.00118402 2.55e-06 0 0 0 0 0 0 0 0 0 0 0 0 0 
1 0.799665 0.511555 0.20992 0.0357585 0.00110732 3.67857e-06 0 0 0 0 0 0 0 0 0 0 0 0 0 
1 0.799526 0.511391 0.210041 0.0360026 0.00112347 3.14286e-06 0 0 0 0 0 0 0 0 0 0 0 0 0 
1 0.80031 0.512757 0.21102 0.0362677 0.00115422 2.76429e-06 0 0 0 0 0 0 0 0 0 0 0 0 0 
1 0.800162 0.512489 0.210785 0.0361429 0.00115491 3.01429e-06 0 0 0 0 0 0 0 0 0 0 0 0 0 
1 0.800149 0.512294 0.210761 0.0361159 0.00115636 1.75e-06 0 0 0 0 0 0 0 0 0 0 0 0 0 
1 0.800151 0.51236 0.210239 0.0358555 0.0011359 1.82857e-06 0 0 0 0 0 0 0 0 0 0 0 0 0 
1 0.800296 0.512674 0.211194 0.0363544 0.00115811 4.10714e-06 0 0 0 0 0 0 0 0 0 0 0 0 0 
1 0.799854 0.511929 0.210135 0.0358445 0.00115603 2.67143e-06 0 0 0 0 0 0 0 0 0 0 0 0 0 
1 0.799191 0.510602 0.208852 0.0353145 0.00111148 2.83571e-06 0 0 0 0 0 0 0 0 0 0 0 0 0 
1 0.800277 0.512835 0.211085 0.0363939 0.00117694 2.16429e-06 0 0 0 0 0 0 0 0 0 0 0 0 0 
1 0.800128 0.512425 0.210924 0.0363311 0.00117135 2.94286e-06 0 0 0 0 0 0 0 0 0 0 0 0 0 
1 0.799522 0.511481 0.209912 0.0358974 0.00110956 2.31429e-06 0 0 0 0 0 0 0 0 0 0 0 0 0 
1 0.800421 0.512925 0.21146 0.0364291 0.00116878 1.57143e-06 0 0 0 0 0 0 0 0 0 0 0 0 0 
1 0.799832 0.511755 0.209821 0.0356007 0.00112138 2.10714e-06 0 0 0 0 0 0 0 0 0 0 0 0 0 
1 0.799605 0.511514 0.209961 0.0357605 0.00111714 2.47143e-06 0 0 0 0 0 0 0 0 0 0 0 0 0 
1 0.799494 0.511413 0.209859 0.0358623 0.00114647 2.00714e-06 0 0 0 0 0 0 0 0 0 0 0 0 0 
1 0.799995 0.511943 0.210211 0.0358847 0.00112777 2.67143e-06 0 0 0 0 0 0 0 0 0 0 0 0 0 
1 0.800053 0.512592 0.210897 0.0362135 0.00113381 2.43571e-06 0 0 0 0 0 0 0 0 0 0 0 0 0 
1 0.800104 0.512561 0.210914 0.0362414 0.00113977 3.22143e-06 0 0 0 0 0 0 0 0 0 0 0 0 0 
1 0.799723 0.511618 0.210341 0.0360428 0.00115197 3.80714e-06 0 0 0 0 0 0 0 0 0 0 0 0 0 
1 0.800164 0.512785 0.211122 0.0363912 0.00118458 3.3e-06 0 0 0 0 0 0 0 0 0 0 0 0 0 
1 0.799622 0.511866 0.210302 0.0359836 0.00115206 2.09286e-06 0 0 0 0 0 0 0 0 0 0 0 0 0 
1 0.800964 0.514187 0.212698 0.037024 0.00120334 3.61429e-06 0 0 0 0 0 0 0 0 0 0 0 0 0 
1 0.799981 0.512214 0.210539 0.0359511 0.00111634 2.55e-06 0 0 0 0 0 0 0 0 0 0 0 0 0 
1 0.799688 0.511635 0.210043 0.0358392 0.00113574 2.57143e-06 0 0 0 0 0 0 0 0 0 0 0 0 0 
1 0.79991 0.512001 0.210166 0.0359025 0.00113171 4.94286e-06 0 0 0 0 0 0 0 0 0 0 0 0 0 
1 0.799892 0.511999 0.210544 0.0360999 0.00114751 1.70714e-06 0 0 0 0 0 0 0 0 0 0 0 0 0 
1 0.800218 0.512607 0.210668 0.0360747 0.00113538 3.38571e-06 0 0 0 0 0 0 0 0 0 0 0 0 0 
1 0.800073 0.512122 0.21012 0.0359965 0.0011477 3.17857e-06 0 0 0 0 0 0 0 0 0 0 0 0 0 
1 0.800386 0.51301 0.211182 0.0362874 0.00117441 3.30714e-06 0 0 0 0 0 0 0 0 0 0 0 0 0 
1 0.800644 0.513688 0.21207 0.036596 0.00118165 3.25714e-06 0 0 0 0 0 0 0 0 0 0 0 0 0 
1 0.800227 0.51296 0.211329 0.0363437 0.00114439 1.50714e-06 0 0 0 0 0 0 0 0 0 0 0 0 0 
1 0.799912 0.511992 0.210171 0.0359433 0.00110806 3.25714e-06 0 0 0 0 0 0 0 0 0 0 0 0 0 
1 0.799387 0.511238 0.209601 0.0357716 0.00113683 2.27857e-06 0 0 0 0 0 0 0 0 0 0 0 0 0 
1 0.800166 0.512739 0.211022 0.0363227 0.00117675 3.45714e-06 0 0 0 0 0 0 0 0 0 0 0 0 0 
1 0.800462 0.513103 0.211519 0.0364869 0.00118084 2.22143e-06 0 0 0 0 0 0 0 0 0 0 0 0 0 
1 0.800304 0.512696 0.211153 0.0362177 0.00113714 1.62143e-06 0 0 0 0 0 0 0 0 0 0 0 0 0 
1 0.799709 0.511489 0.209789 0.0357463 0.00115895 2.49286e-06 0 0 0 0 0 0 0 0 0 0 0 0 0 
1 0.799931 0.512306 0.21086 0.0362368 0.00116646 1.85714e-06 0 0 0 0 0 0 0 0 0 0 0 0 0 
1 0.799922 0.511952 0.210215 0.0358351 0.00113661 4.55714e-06 0 0 0 0 0 0 0 0 0 0 0 0 0 
1 0.799661 0.511765 0.210038 0.03595 0.00114813 3.19286e-06 0 0 0 0 0 0 0 0 0 0 0 0 0 
1 0.799839 0.512141 0.210444 0.0360324 0.00113317 2.2e-06 0 0 0 0 0 0 0 0 0 0 0 0 0 
1 0.800197 0.512526 0.210777 0.0361751 0.00115944 2.12143e-06 0 0 0 0 0 0 0 0 0 0 0 0 0 
1 0.800164 0.512371 0.2107 0.0362191 0.00115482 2.41429e-06 0 0 0 0 0 0 0 0 0 0 0 0 0 
1 0.799594 0.511658 0.20977 0.0357965 0.00109485 2.60714e-06 0 0 0 0 0 0 0 0 0 0 0 0 0 
1 0.799799 0.511483 0.209832 0.035781 0.00113861 1.97143e-06 0 0 0 0 0 0 0 0 0 0 0 0 0 
1 0.800336 0.512997 0.211139 0.0363847 0.0011525 2.13571e-06 0 0 0 0 0 0 0 0 0 0 0 0 0 
1 0.800413 0.513073 0.210923 0.0362635 0.00116567 2.48571e-06 0 0 0 0 0 0 0 0 0 0 0 0 0 
1 0.799507 0.511533 0.20999 0.035693 0.00113421 2.89286e-06 0 0 0 0 0 0 0 0 0 0 0 0 0 
1 0.799503 0.51138 0.209479 0.0356 0.00113996 3.00714e-06 0 0 0 0 0 0 0 0 0 0 0 0 0 
1 0.800492 0.513024 0.211115 0.036143 0.00114566 3.95e-06 0 0 0 0 0 0 0 0 0 0 0 0 0 
1 0.800194 0.512482 0.210776 0.0362797 0.00114335 3.66429e-06 0 0 0 0 0 0 0 0 0 0 0 0 0 
1 0.799648 0.511719 0.210343 0.0359387 0.00112147 2.92857e-06 0 0 0 0 0 0 0 0 0 0 0 0 0 
1 0.799694 0.511393 0.20966 0.035621 0.00115933 3.02143e-06 0 0 0 0 0 0 0 0 0 0 0 0 0 
1 0.799814 0.511882 0.210496 0.0361637 0.00116583 3.12857e-06 1.78571e-07 0 0 0 0 0 0 0 0 0 0 0 0 
1 0.80011 0.512371 0.211006 0.0362627 0.00117526 3.16429e-06 0 0 0 0 0 0 0 0 0 0 0 0 0 
1 0.800671 0.513937 0.212387 0.0367096 0.00116172 3.05714e-06 0 0 0 0 0 0 0 0 0 0 0 0 0 
1 0.800204 0.512738 0.211195 0.0362256 0.00115372 3e-06 0 0 0 0 0 0 0 0 0 0 0 0 0 
1 0.79948 0.511174 0.209672 0.0356563 0.00112404 2.08571e-06 0 0 0 0 0 0 0 0 0 0 0 0 0 
1 0.800063 0.512391 0.210844 0.03626 0.00117175 3.12143e-06 0 0 0 0 0 0 0 0 0 0 0 0 0 
1 0.79955 0.511113 0.209168 0.0356182 0.00110801 3.9e-06 0 0 0 0 0 0 0 0 0 0 0 0 0 
1 0.800064 0.512529 0.210751 0.036112 0.00115284 2.45714e-06 1.5e-07 0 0 0 0 0 0 0 0 0 0 0 0 
1 0.800264 0.513097 0.211677 0.0364911 0.00117913 3.14286e-06 0 0 0 0 0 0 0 0 0 0 0 0 0 
1 0.799975 0.512219 0.210784 0.0361431 0.00114145 2.29286e-06 0 0 0 0 0 0 0 0 0 0 0 0 0 
1 0.799445 0.511014 0.20924 0.0356099 0.00112196 2.77143e-06 0 0 0 0 0 0 0 0 0 0 0 0 0 
1 0.800247 0.512412 0.21059 0.0360351 0.00112968 1.5e-06 0 0 0 0 0 0 0 0 0 0 0 0 0 
1 0.799969 0.512488 0.211111 0.0362805 0.00114789 2.47143e-06 0 0 0 0 0 0 0 0 0 0 0 0 0 
1 0.799752 0.511981 0.21071 0.0361463 0.00114724 3.21429e-06 0 0 0 0 0 0 0 0 0 0 0 0 0 
1 0.799594 0.511488 0.209854 0.035718 0.00114906 2.69286e-06 0 0 0 0 0 0 0 0 0 0 0 0 0 
1 0.799442 0.511487 0.210011 0.0359164 0.0011535 2.19286e-06 0 0 0 0 0 0 0 0 0 0 0 0 0 
1 0.800045 0.512168 0.210536 0.0362196 0.00116488 2.37143e-06 0 0 0 0 0 0 0 0 0 0 0 0 0 
1 0.799689 0.511475 0.209901 0.0358973 0.00114171 1.91429e-06 0 0 0 0 0 0 0 0 0 0 0 0 0 
1 0.800468 0.513278 0.211765 0.0365705 0.00117498 4.3e-06 0 0 0 0 0 0 0 0 0 0 0 0 0 
1 0.800122 0.512292 0.210671 0.0360307 0.00115732 2.85714e-06 0 0 0 0 0 0 0 0 0 0 0 0 0 
1 0.800078 0.512211 0.210325 0.0360081 0.00114685 2.37143e-06 0 0 0 0 0 0 0 0 0 0 0 0 0 
1 0.799334 0.511059 0.209513 0.0356612 0.00110617 2.27143e-06 0 0 0 0 0 0 0 0 0 0 0 0 0 
1 0.799824 0.511695 0.210149 0.0358719 0.00114222 2.52143e-06 0 0 0 0 0 0 0 0 0 0 0 0 0 
1 0.800412 0.513108 0.211573 0.0364643 0.0011832 2.42143e-06 0 0 0 0 0 0 0 0 0 0 0 0 0 
1 0.799842 0.511762 0.21023 0.0360001 0.00111809 1.54286e-06 0 0 0 0 0 0 0 0 0 0 0 0 0 
1 0.799513 0.511332 0.209726 0.0358219 0.00112867 3.06429e-06 1e-07 0 0 0 0 0 0 0 0 0 0 0 0 
1 0.800113 0.512794 0.211065 0.0361897 0.00115682 2.39286e-06 0 0 0 0 0 0 0 0 0 0 0 0 0 
1 0.800436 0.512998 0.211299 0.0362847 0.00117401 2.15714e-06 0 0 0 0 0 0 0 0 0 0 0 0 0 
1 0.79999 0.512212 0.210425 0.0359376 0.00113221 2.14286e-06 0 0 0 0 0 0 0 0 0 0 0 0 0 
1 0.800367 0.513366 0.211951 0.036759 0.00119261 2.27857e-06 0 0 0 0 0 0 0 0 0 0 0 0 0 
1 0.800511 0.513085 0.211308 0.0363467 0.00116249 2e-06 0 0 0 0 0 0 0 0 0 0 0 0 0 
1 0.800615 0.513712 0.211967 0.0365369 0.00115205 2.27857e-06 0 0 0 0 0 0 0 0 0 0 0 0 0 
1 0.799819 0.51157 0.209578 0.0356537 0.00112919 3.97143e-06 0 0 0 0 0 0 0 0 0 0 0 0 0 
1 0.800343 0.513126 0.211301 0.0362887 0.00112971 2.64286e-06 9.28571e-08 0 0 0 0 0 0 0 0 0 0 0 0 
1 0.799922 0.512276 0.210388 0.0359789 0.00110941 2.64286e-06 0 0 0 0 0 0 0 0 0 0 0 0 0 
1 0.800036 0.512071 0.2103 0.035967 0.00114038 1.82857e-06 0 0 0 0 0 0 0 0 0 0 0 0 0 
1 0.800138 0.512354 0.210619 0.0361024 0.00114499 2.47857e-06 0 0 0 0 0 0 0 0 0 0 0 0 0 
1 0.799674 0.511505 0.209907 0.0358307 0.00114251 1.97143e-06 0 0 0 0 0 0 0 0 0 0 0 0 0 
1 0.799847 0.512069 0.210365 0.0360063 0.00111366 3.62857e-06 0 0 0 0 0 0 0 0 0 0 0 0 0 
1 0.800268 0.512575 0.211033 0.0363366 0.00116134 2.84286e-06 0 0 0 0 0 0 0 0 0 0 0 0 0 
1 0.799598 0.511569 0.209933 0.0358273 0.0011199 3.92857e-06 0 0 0 0 0 0 0 0 0 0 0 0 0 
1 0.799648 0.511427 0.210057 0.0357583 0.00113826 2.77857e-06 0 0 0 0 0 0 0 0 0 0 0 0 0 
1 0.799928 0.511936 0.210364 0.0359813 0.00113294 3.41429e-06 0 0 0 0 0 0 0 0 0 0 0 0 0 
1 0.799681 0.511946 0.210406 0.0361949 0.00115619 2.77857e-06 0 0 0 0 0 0 0 0 0 0 0 0 0 
1 0.800252 0.512719 0.210779 0.0361809 0.00115724 2.71429e-06 0 0 0 0 0 0 0 0 0 0 0 0 0 
1 0.799868 0.511997 0.210294 0.035948 0.00113075 3.52857e-06 0 0 0 0 0 0 0 0 0 0 0 0 0 
1 0.800451 0.513146 0.211673 0.0365009 0.00115759 3.71429e-06 0 0 0 0 0 0 0 0 0 0 0 0 0 
1 0.799733 0.511884 0.210374 0.0359908 0.00116461 3.62857e-06 0 0 0 0 0 0 0 0 0 0 0 0 0 
1 0.799552 0.511215 0.209609 0.035684 0.0011091 2.02143e-06 0 0 0 0 0 0 0 0 0 0 0 0 0 
1 0.800357 0.512838 0.210897 0.0361852 0.00110561 2.04286e-06 0 0 0 0 0 0 0 0 0 0 0 0 0 
1 0.799837 0.511779 0.210283 0.03604 0.00117016 2.98571e-06 0 0 0 0 0 0 0 0 0 0 0 0 0 
1 0.800231 0.512824 0.211055 0.036234 0.00113984 2.75714e-06 0 0 0 0 0 0 0 0 0 0 0 0 0 
1 0.800184 0.512547 0.210842 0.0361162 0.00114094 1.9e-06 0 0 0 0 0 0 0 0 0 0 0 0 0 
1 0.80048 0.513036 0.211369 0.0363691 0.00116538 2.06429e-06 0 0 0 0 0 0 0 0 0 0 0 0 0 
1 0.800978 0.514381 0.212752 0.0370237 0.00123656 2.52857e-06 0 0 0 0 0 0 0 0 0 0 0 0 0 
1 0.800168 0.512386 0.210552 0.0360781 0.00116037 2.66429e-06 0 0 0 0 0 0 0 0 0 0 0 0 0 
1 0.800365 0.512764 0.21066 0.0361332 0.00114224 2.57143e-06 0 0 0 0 0 0 0 0 0 0 0 0 0 
1 0.800218 0.512934 0.211153 0.0364088 0.00117309 3.33571e-06 0 0 0 0 0 0 0 0 0 0 0 0 0 
1 0.799804 0.511752 0.210148 0.0360446 0.00115227 4.12857e-06 0 0 0 0 0 0 0 0 0 0 0 0 0 
1 0.800245 0.512757 0.210882 0.0361574 0.00112987 3.07857e-06 0 0 0 0 0 0 0 0 0 0 0 0 0 
1 0.799871 0.51209 0.210128 0.0357783 0.00114104 3.97143e-06 0 0 0 0 0 0 0 0 0 0 0 0 0 
1 0.800333 0.513021 0.211309 0.0363092 0.00117432 3.73571e-06 0 0 0 0 0 0 0 0 0 0 0 0 0 
1 0.799827 0.512106 0.210975 0.0363244 0.00114448 1.73571e-06 0 0 0 0 0 0 0 0 0 0 0 0 0 
1 0.800655 0.513449 0.211758 0.0365697 0.00117512 3.66429e-06 0 0 0 0 0 0 0 0 0 0 0 0 0 
1 0.79968 0.511512 0.209921 0.0357322 0.00113615 2.92857e-06 0 0 0 0 0 0 0 0 0 0 0 0 0 
1 0.799618 0.511333 0.209956 0.0359376 0.00114896 1.65e-06 0 0 0 0 0 0 0 0 0 0 0 0 0 
1 0.799525 0.511322 0.209511 0.035707 0.00113988 3.20714e-06 0 0 0 0 0 0 0 0 0 0 0 0 0 
1 0.799852 0.511769 0.21014 0.035952 0.00112979 3.17143e-06 0 0 0 0 0 0 0 0 0 0 0 0 0 
1 0.799732 0.511655 0.209968 0.0358462 0.00111181 2.88571e-06 0 0 0 0 0 0 0 0 0 0 0 0 0 
1 0.79975 0.511478 0.209597 0.035709 0.00113555 2.27857e-06 0 0 0 0 0 0 0 0 0 0 0 0 0 
1 0.800331 0.512955 0.211472 0.0365705 0.00117016 1.84286e-06 0 0 0 0 0 0 0 0 0 0 0 0 0 
1 0.799747 0.511801 0.209935 0.0357508 0.00114498 2.75714e-06 0 0 0 0 0 0 0 0 0 0 0 0 0 
1 0.800074 0.512273 0.210582 0.0360754 0.00111874 2.63571e-06 0 0 0 0 0 0 0 0 0 0 0 0 0 
1 0.799986 0.512064 0.210214 0.0357889 0.00115759 2.2e-06 0 0 0 0 0 0 0 0 0 0 0 0 0 
1 0.799934 0.512035 0.210185 0.0359848 0.00112218 2.08571e-06 0 0 0 0 0 0 0 0 0 0 0 0 0 
1 0.800368 0.513069 0.211186 0.0362651 0.001177 2.78571e-06 9.28571e-08 0 0 0 0 0 0 0 0 0 0 0 0 
1 0.800278 0.512885 0.21103 0.0361554 0.00115046 1.99286e-06 0 0 0 0 0 0 0 0 0 0 0 0 0 
1 0.800115 0.512567 0.210651 0.0360192 0.00114048 3.66429e-06 0 0 0 0 0 0 0 0 0 0 0 0 0 
1 0.799937 0.511978 0.210607 0.0360016 0.00115985 2.72857e-06 0 0 0 0 0 0 0 0 0 0 0 0 0 
1 0.800279 0.512854 0.211348 0.0365476 0.00117558 2.88571e-06 0 0 0 0 0 0 0 0 0 0 0 0 0 
1 0.799574 0.511232 0.209332 0.0354578 0.00111112 4.19286e-06 0 0 0 0 0 0 0 0 0 0 0 0 0 
1 0.800437 0.513159 0.211526 0.0364013 0.00118583 2.65e-06 0 0 0 0 0 0 0 0 0 0 0 0 0 
1 0.799523 0.511371 0.209671 0.0356764 0.00111211 1.07857e-06 0 0 0 0 0 0 0 0 0 0 0 0 0 
1 0.800471 0.513319 0.211647 0.0365705 0.00117459 2.08571e-06 0 0 0 0 0 0 0 0 0 0 0 0 0 
1 0.80045 0.513004 0.211495 0.0364491 0.00117846 3.38571e-06 0 0 0 0 0 0 0 0 0 0 0 0 0 
1 0.800131 0.512831 0.2109 0.036176 0.00116719 2.3e-06 0 0 0 0 0 0 0 0 0 0 0 0 0 
1 0.799973 0.512253 0.210672 0.0360327 0.00115009 3.26429e-06 0 0 0 0 0 0 0 0 0 0 0 0 0 
1 0.800048 0.512198 0.210509 0.0359272 0.00112989 1.65714e-06 0 0 0 0 0 0 0 0 0 0 0 0 0 
1 0.799559 0.511273 0.209688 0.0357012 0.00113984 2.57143e-06 0 0 0 0 0 0 0 0 0 0 0 0 0 
1 0.800019 0.512749 0.211211 0.0363271 0.00119189 2.9e-06 0 0 0 0 0 0 0 0 0 0 0 0 0 
1 0.800455 0.513111 0.211346 0.0362773 0.00115986 1.94286e-06 0 0 0 0 0 0 0 0 0 0 0 0 0 
1 0.800356 0.51291 0.210906 0.0361624 0.00114578 2.3e-06 0 0 0 0 0 0 0 0 0 0 0 0 0 
1 0.800507 0.513399 0.211672 0.0365484 0.0011682 2.5e-06 0 0 0 0 0 0 0 0 0 0 0 0 0 
1 0.800855 0.513838 0.211986 0.03656 0.00117081 1.35714e-06 0 0 0 0 0 0 0 0 0 0 0 0 0 
1 0.799539 0.510965 0.209246 0.0355812 0.00115068 1.75e-06 0 0 0 0 0 0 0 0 0 0 0 0 0 
1 0.799996 0.512314 0.210742 0.036172 0.00112939 3.98571e-06 0 0 0 0 0 0 0 0 0 0 0 0 0 
1 0.800178 0.512518 0.21099 0.036333 0.00116334 3.07143e-06 0 0 0 0 0 0 0 0 0 0 0 0 0 
1 0.800173 0.512672 0.211015 0.0363094 0.00116183 3.29286e-06 0 0 0 0 0 0 0 0 0 0 0 0 0 
1 0.799633 0.511822 0.210106 0.0358591 0.00114531 2.23571e-06 0 0 0 0 0 0 0 0 0 0 0 0 0 
1 0.800443 0.513001 0.211278 0.036203 0.00114828 3.34286e-06 0 0 0 0 0 0 0 0 0 0 0 0 0 
1 0.799964 0.512335 0.21056 0.0360486 0.00113628 2.97857e-06 0 0 0 0 0 0 0 0 0 0 0 0 0 
1 0.800109 0.512163 0.210368 0.0359164 0.00112512 2.47857e-06 0 0 0 0 0 0 0 0 0 0 0 0 0 
1 0.800494 0.513174 0.211348 0.0363306 0.00115551 1.92857e-06 0 0 0 0 0 0 0 0 0 0 0 0 0 
1 0.799476 0.511312 0.209288 0.0355588 0.00112759 2.62143e-06 0 0 0 0 0 0 0 0 0 0 0 0 0 
1 0.799183 0.510708 0.20928 0.0355612 0.00113621 2.90714e-06 0 0 0 0 0 0 0 0 0 0 0 0 0 
1 0.799922 0.512022 0.210326 0.036043 0.00115455 2.42143e-06 0 0 0 0 0 0 0 0 0 0 0 0 0 
1 0.799993 0.512311 0.210619 0.036025 0.00112395 2.63571e-06 0 0 0 0 0 0 0 0 0 0 0 0 0 
1 0.799265 0.511309 0.209581 0.0357733 0.001123 1.52143e-06 0 0 0 0 0 0 0 0 0 0 0 0 0 
1 0.800741 0.513803 0.212063 0.0366098 0.00115929 2.15714e-06 0 0 0 0 0 0 0 0 0 0 0 0 0 
1 0.80056 0.513373 0.211722 0.0363797 0.00115166 2.95e-06 0 0 0 0 0 0 0 0 0 0 0 0 0 
1 0.80012 0.512415 0.210534 0.0359942 0.00113791 2.67143e-06 0 0 0 0 0 0 0 0 0 0 0 0 0 
1 0.798955 0.51042 0.208917 0.0355833 0.00112424 3.80714e-06 0 0 0 0 0 0 0 0 0 0 0 0 0 
1 0.799465 0.511346 0.209692 0.0358809 0.00112184 4.08571e-06 0 0 0 0 0 0 0 0 0 0 0 0 0 
1 0.800027 0.512131 0.210539 0.0360737 0.00114176 1.79286e-06 1.07143e-07 0 0 0 0 0 0 0 0 0 0 0 0 
1 0.800235 0.512858 0.211307 0.036348 0.0011262 2.59286e-06 1.92857e-07 0 0 0 0 0 0 0 0 0 0 0 0 
1 0.798991 0.510197 0.208714 0.035519 0.0010978 1.91429e-06 0 0 0 0 0 0 0 0 0 0 0 0 0 
1 0.800434 0.513142 0.211586 0.0364429 0.00116341 1.91429e-06 0 0 0 0 0 0 0 0 0 0 0 0 0 
1 0.799071 0.510641 0.20925 0.0356119 0.00108511 1.87143e-06 0 0 0 0 0 0 0 0 0 0 0 0 0 
1 0.799619 0.511461 0.209684 0.0357226 0.00112661 3.58571e-06 0 0 0 0 0 0 0 0 0 0 0 0 0 
1 0.799635 0.511864 0.210259 0.0359261 0.00112726 2.75e-06 0 0 0 0 0 0 0 0 0 0 0 0 0 
1 0.799763 0.511716 0.210101 0.0358766 0.00114194 2.30714e-06 0 0 0 0 0 0 0 0 0 0 0 0 0 
1 0.800188 0.51267 0.211107 0.036195 0.0011341 1.95e-06 0 0 0 0 0 0 0 0 0 0 0 0 0 
1 0.799881 0.511896 0.210272 0.0359337 0.0011155 2.95714e-06 0 0 0 0 0 0 0 0 0 0 0 0 0 
1 0.799823 0.512129 0.210564 0.0358884 0.00112014 2.80714e-06 0 0 0 0 0 0 0 0 0 0 0 0 0 
1 0.800065 0.512246 0.210801 0.0362337 0.00117898 3.05714e-06 0 0 0 0 0 0 0 0 0 0 0 0 0 
1 0.798873 0.510008 0.20856 0.0354181 0.00112051 2.41429e-06 0 0 0 0 0 0 0 0 0 0 0 0 0 
1 0.800225 0.512884 0.21118 0.0362825 0.00114446 2.85e-06 0 0 0 0 0 0 0 0 0 0 0 0 0 
1 0.800051 0.512426 0.210667 0.036038 0.00111084 2.98571e-06 0 0 0 0 0 0 0 0 0 0 0 0 0 
1 0.800223 0.512597 0.21093 0.0363678 0.00118076 1.91429e-06 0 0 0 0 0 0 0 0 0 0 0 0 0 
1 0.799655 0.511806 0.210255 0.0360225 0.00113151 2.37857e-06 0 0 0 0 0 0 0 0 0 0 0 0 0 
1 0.799866 0.511634 0.209991 0.0358172 0.00110367 2.29286e-06 0 0 0 0 0 0 0 0 0 0 0 0 0 
1 0.799751 0.51182 0.210388 0.0359462 0.00114954 3.53571e-06 0 0 0 0 0 0 0 0 0 0 0 0 0 
1 0.800087 0.512479 0.210493 0.0359181 0.00111979 3.26429e-06 0 0 0 0 0 0 0 0 0 0 0 0 0 
1 0.800125 0.512496 0.211062 0.0363597 0.00118207 2.12143e-06 0 0 0 0 0 0 0 0 0 0 0 0 0 
1 0.800262 0.512859 0.211371 0.0364355 0.00118065 2.47143e-06 0 0 0 0 0 0 0 0 0 0 0 0 0 
1 0.800379 0.513146 0.211523 0.0364595 0.00114669 2.07143e-06 0 0 0 0 0 0 0 0 0 0 0 0 0 
1 0.800359 0.513202 0.211617 0.0363778 0.00113504 2.58571e-06 0 0 0 0 0 0 0 0 0 0 0 0 0 
1 0.799986 0.511778 0.210038 0.0358903 0.0011487 3.1e-06 0 0 0 0 0 0 0 0 0 0 0 0 0 
1 0.799672 0.511679 0.210044 0.0358962 0.00112926 2.04286e-06 0 0 0 0 0 0 0 0 0 0 0 0 0 
1 0.800175 0.512511 0.210723 0.0360573 0.00113624 1.62857e-06 0 0 0 0 0 0 0 0 0 0 0 0 0 
1 0.800346 0.513106 0.211521 0.0363911 0.00116358 2.77857e-06 0 0 0 0 0 0 0 0 0 0 0 0 0 
1 0.799878 0.511942 0.21021 0.0358114 0.00111759 1.94286e-06 0 0 0 0 0 0 0 0 0 0 0 0 0 
1 0.800052 0.512077 0.210393 0.036005 0.00112787 3.17857e-06 0 0 0 0 0 0 0 0 0 0 0 0 0 
1 0.799729 0.511623 0.210175 0.0360403 0.00116976 3e-06 0 0 0 0 0 0 0 0 0 0 0 0 0 
1 0.799539 0.511343 0.209819 0.0357255 0.00113196 2.49286e-06 0 0 0 0 0 0 0 0 0 0 0 0 0 
1 0.799866 0.512245 0.210444 0.0361643 0.00115671 2.45e-06 0 0 0 0 0 0 0 0 0 0 0 0 0 
1 0.799854 0.512326 0.21073 0.0361364 0.0011447 2.68571e-06 0 0 0 0 0 0 0 0 0 0 0 0 0 
1 0.800307 0.512987 0.211473 0.0364696 0.00117306 2.55e-06 0 0 0 0 0 0 0 0 0 0 0 0 0 
1 0.800173 0.512282 0.21029 0.0357537 0.0011017 3.58571e-06 0 0 0 0 0 0 0 0 0 0 0 0 0 
1 0.799736 0.5117 0.209975 0.0357847 0.00111924 2.02857e-06 0 0 0 0 0 0 0 0 0 0 0 0 0 
1 0.800341 0.512777 0.210932 0.0360701 0.001144 2.27857e-06 0 0 0 0 0 0 0 0 0 0 0 0 0 
1 0.800354 0.512915 0.211519 0.0364283 0.00117337 4.22143e-06 0 0 0 0 0 0 0 0 0 0 0 0 0 
1 0.799944 0.512673 0.210994 0.0363368 0.00118201 4.14286e-06 0 0 0 0 0 0 0 0 0 0 0 0 0 
1 0.799344 0.511064 0.209593 0.0356064 0.00108411 2.20714e-06 0 0 0 0 0 0 0 0 0 0 0 0 0 
1 0.80012 0.512471 0.210952 0.0362511 0.00114115 2.74286e-06 0 0 0 0 0 0 0 0 0 0 0 0 0 
1 0.799996 0.512051 0.210522 0.0360404 0.00113359 3.89286e-06 0 0 0 0 0 0 0 0 0 0 0 0 0 
1 0.800243 0.512725 0.211422 0.0364094 0.00113973 2.68571e-06 0 0 0 0 0 0 0 0 0 0 0 0 0 
1 0.799941 0.512343 0.210792 0.0361696 0.00114749 2.42143e-06 0 0 0 0 0 0 0 0 0 0 0 0 0 
1 0.80037 0.513363 0.211588 0.0365108 0.00120544 2.48571e-06 0 0 0 0 0 0 0 0 0 0 0 0 0 
1 0.799779 0.511679 0.209965 0.0358063 0.00114468 2.07857e-06 0 0 0 0 0 0 0 0 0 0 0 0 0 
1 0.799564 0.511583 0.209981 0.0359212 0.00114471 3.35714e-06 0 0 0 0 0 0 0 0 0 0 0 0 0 
1 0.799676 0.511804 0.210137 0.0358711 0.00114287 3.05e-06 0 0 0 0 0 0 0 0 0 0 0 0 0 
1 0.800149 0.512397 0.210918 0.0360901 0.00116094 2.18571e-06 0 0 0 0 0 0 0 0 0 0 0 0 0 
1 0.79926 0.510714 0.209018 0.0355241 0.00113298 3.44286e-06 0 0 0 0 0 0 0 0 0 0 0 0 0 
1 0.800526 0.513273 0.211575 0.0364084 0.00115376 3.28571e-06 0 0 0 0 0 0 0 0 0 0 0 0 0 
1 0.799864 0.511688 0.210161 0.0358723 0.00110357 2.51429e-06 0 0 0 0 0 0 0 0 0 0 0 0 0 
1 0.800049 0.512432 0.210867 0.0360974 0.00114274 2.3e-06 0 0 0 0 0 0 0 0 0 0 0 0 0 
1 0.799719 0.511842 0.210186 0.0358396 0.00111586 3.12143e-06 0 0 0 0 0 0 0 0 0 0 0 0 0 
1 0.79975 0.511645 0.210047 0.0358736 0.00113141 3.6e-06 0 0 0 0 0 0 0 0 0 0 0 0 0 
1 0.799845 0.511977 0.210353 0.0360341 0.00115822 2.58571e-06 0 0 0 0 0 0 0 0 0 0 0 0 0 
1 0.799882 0.511939 0.210582 0.0359844 0.00116109 2.26429e-06 0 0 0 0 0 0 0 0 0 0 0 0 0 
1 0.800668 0.513707 0.2122 0.0367081 0.00118553 3.52143e-06 0 0 0 0 0 0 0 0 0 0 0 0 0 
1 0.800473 0.513158 0.21144 0.0362791 0.00114121 2.19286e-06 0 0 0 0 0 0 0 0 0 0 0 0 0 
1 0.799673 0.511556 0.210154 0.0359834 0.00114185 3.05e-06 0 0 0 0 0 0 0 0 0 0 0 0 0 
1 0.800137 0.512736 0.211025 0.0362425 0.00116481 3.32143e-06 0 0 0 0 0 0 0 0 0 0 0 0 0 
1 0.80002 0.512597 0.211204 0.0363096 0.00115404 3.19286e-06 0 0 0 0 0 0 0 0 0 0 0 0 0 
1 0.79983 0.512189 0.210814 0.0363561 0.00115035 3.34286e-06 0 0 0 0 0 0 0 0 0 0 0 0 0 
1 0.800026 0.512503 0.210736 0.0360555 0.00112785 2.39286e-06 0 0 0 0 0 0 0 0 0 0 0 0 0 
1 0.800552 0.513236 0.211466 0.0363269 0.00114984 2.97143e-06 0 0 0 0 0 0 0 0 0 0 0 0 0 
1 0.800469 0.513211 0.211454 0.0364088 0.00116715 1.97857e-06 0 0 0 0 0 0 0 0 0 0 0 0 0 
1 0.800242 0.512726 0.21097 0.0362084 0.00114573 2.80714e-06 0 0 0 0 0 0 0 0 0 0 0 0 0 
1 0.800095 0.512602 0.210974 0.0362863 0.00115738 3.23571e-06 0 0 0 0 0 0 0 0 0 0 0 0 0 
1 0.800102 0.512318 0.210556 0.0361086 0.00115881 2.21429e-06 0 0 0 0 0 0 0 0 0 0 0 0 0 
1 0.800338 0.512622 0.211038 0.0361364 0.00116322 3.69286e-06 0 0 0 0 0 0 0 0 0 0 0 0 0 
1 0.799913 0.512295 0.21076 0.0362051 0.00114026 3.20714e-06 0 0 0 0 0 0 0 0 0 0 0 0 0 
1 0.800181 0.512546 0.210963 0.03622 0.00116786 2.18571e-06 0 0 0 0 0 0 0 0 0 0 0 0 0 
1 0.799862 0.512115 0.210603 0.0360525 0.00114576 3.01429e-06 0 0 0 0 0 0 0 0 0 0 0 0 0 
1 0.79969 0.511454 0.209891 0.0357686 0.00110783 2.15e-06 0 0 0 0 0 0 0 0 0 0 0 0 0 
1 0.799992 0.512169 0.210581 0.036154 0.00113373 2.74286e-06 0 0 0 0 0 0 0 0 0 0 0 0 0 
1 0.800115 0.5124 0.210662 0.0361502 0.00114551 2.6e-06 0 0 0 0 0 0 0 0 0 0 0 0 0 
1 0.799806 0.511959 0.210435 0.0361145 0.00116449 2.93571e-06 2.85714e-08 0 0 0 0 0 0 0 0 0 0 0 0 
1 0.799859 0.512234 0.210767 0.0363152 0.00117031 3.98571e-06 0 0 0 0 0 0 0 0 0 0 0 0 0 
1 0.800124 0.511979 0.210054 0.0358756 0.00113284 3.33571e-06 0 0 0 0 0 0 0 0 0 0 0 0 0 
1 0.799841 0.511717 0.209818 0.0357772 0.00113429 2.98571e-06 0 0 0 0 0 0 0 0 0 0 0 0 0 
1 0.79953 0.511365 0.209947 0.0358782 0.00112359 1.89286e-06 0 0 0 0 0 0 0 0 0 0 0 0 0 
1 0.799663 0.511787 0.210175 0.0360448 0.00112778 1.93571e-06 0 0 0 0 0 0 0 0 0 0 0 0 0 
1 0.800206 0.512976 0.211323 0.036361 0.00118943 3.16429e-06 0 0 0 0 0 0 0 0 0 0 0 0 0 
1 0.799471 0.511025 0.209211 0.0353773 0.00109052 2.58571e-06 0 0 0 0 0 0 0 0 0 0 0 0 0 
1 0.800272 0.512768 0.211264 0.0364596 0.00117511 1.98571e-06 0 0 0 0 0 0 0 0 0 0 0 0 0 
1 0.799846 0.511865 0.21006 0.0358213 0.00113731 3.37143e-06 0 0 0 0 0 0 0 0 0 0 0 0 0 
1 0.800169 0.512581 0.211027 0.0362944 0.00116186 2.52143e-06 0 0 0 0 0 0 0 0 0 0 0 0 0 
1 0.799703 0.51191 0.210381 0.0361779 0.00113896 2.80714e-06 0 0 0 0 0 0 0 0 0 0 0 0 0 
1 0.799361 0.510934 0.209228 0.0355507 0.00111746 2.27143e-06 0 0 0 0 0 0 0 0 0 0 0 0 0 
1 0.799792 0.511928 0.210341 0.0360134 0.00114269 3.60714e-06 0 0 0 0 0 0 0 0 0 0 0 0 0 
1 0.800501 0.513353 0.211487 0.0364379 0.00115668 2.98571e-06 0 0 0 0 0 0 0 0 0 0 0 0 0 
1 0.800076 0.512411 0.21091 0.036132 0.00115491 3.06429e-06 0 0 0 0 0 0 0 0 0 0 0 0 0 
1 0.800564 0.513021 0.211105 0.0362396 0.00115401 1.52857e-06 0 0 0 0 0 0 0 0 0 0 0 0 0 
1 0.800104 0.512336 0.210915 0.0361468 0.00112126 2.11429e-06 0 0 0 0 0 0 0 0 0 0 0 0 0 
1 0.799812 0.512322 0.210741 0.0361832 0.00115331 2.28571e-06 0 0 0 0 0 0 0 0 0 0 0 0 0 
1 0.80013 0.51248 0.21068 0.0360485 0.00113344 3.49286e-06 0 0 0 0 0 0 0 0 0 0 0 0 0 
1 0.800175 0.512944 0.21149 0.0364258 0.00114426 3.02143e-06 0 0 0 0 0 0 0 0 0 0 0 0 0 
1 0.79954 0.51157 0.209935 0.0357649 0.00114001 3.13571e-06 0 0 0 0 0 0 0 0 0 0 0 0 0 
1 0.800529 0.513296 0.211734 0.0364548 0.00117488 2.32857e-06 0 0 0 0 0 0 0 0 0 0 0 0 0 
1 0.799723 0.51157 0.209806 0.0358369 0.00115808 2.6e-06 0 0 0 0 0 0 0 0 0 0 0 0 0 
1 0.801076 0.514247 0.212323 0.0366902 0.00118301 3.3e-06 0 0 0 0 0 0 0 0 0 0 0 0 0 
1 0.800317 0.512796 0.211027 0.0362279 0.00115534 1.35714e-06 0 0 0 0 0 0 0 0 0 0 0 0 0 
1 0.800355 0.51287 0.210986 0.0362314 0.00117327 2.7e-06 0 0 0 0 0 0 0 0 0 0 0 0 0 
1 0.800044 0.512086 0.210233 0.0359138 0.00113691 3.82143e-06 0 0 0 0 0 0 0 0 0 0 0 0 0 
1 0.799426 0.510896 0.209013 0.0354618 0.00110802 5.00714e-06 0 0 0 0 0 0 0 0 0 0 0 0 0 
1 0.799381 0.511164 0.209786 0.0357983 0.00111326 2.2e-06 0 0 0 0 0 0 0 0 0 0 0 0 0 
1 0.79943 0.511076 0.209423 0.0356062 0.00110961 2.27143e-06 0 0 0 0 0 0 0 0 0 0 0 0 0 
1 0.800678 0.513934 0.212241 0.0367079 0.00119027 3.82857e-06 0 0 0 0 0 0 0 0 0 0 0 0 0 
1 0.800077 0.512318 0.21082 0.0363693 0.00116739 2.35714e-06 0 0 0 0 0 0 0 0 0 0 0 0 0 
1 0.799818 0.51201 0.210409 0.0359496 0.00110954 2.40714e-06 0 0 0 0 0 0 0 0 0 0 0 0 0 
1 0.799879 0.511978 0.20999 0.0357013 0.00113663 2.63571e-06 0 0 0 0 0 0 0 0 0 0 0 0 0 
1 0.799208 0.510465 0.208777 0.0355309 0.00110228 2.84286e-06 0 0 0 0 0 0 0 0 0 0 0 0 0 
1 0.800559 0.513372 0.211782 0.0363941 0.00116256 4.25714e-06 0 0 0 0 0 0 0 0 0 0 0 0 0 
1 0.799874 0.511565 0.20968 0.0356581 0.00109014 2.61429e-06 0 0 0 0 0 0 0 0 0 0 0 0 0 
1 0.800008 0.512233 0.210444 0.0360838 0.00113889 2.8e-06 0 0 0 0 0 0 0 0 0 0 0 0 0 
1 0.799938 0.51247 0.210677 0.0360603 0.00116977 1.51429e-06 0 0 0 0 0 0 0 0 0 0 0 0 0 
1 0.79986 0.512168 0.210598 0.036054 0.00116001 3.14286e-06 0 0 0 0 0 0 0 0 0 0 0 0 0 
1 0.80039 0.513097 0.211333 0.0363611 0.00116892 2.07857e-06 0 0 0 0 0 0 0 0 0 0 0 0 0 
1 0.800759 0.513477 0.211812 0.0365722 0.00120301 2.15714e-06 0 0 0 0 0 0 0 0 0 0 0 0 0 
1 0.799906 0.512266 0.21082 0.0362247 0.00115172 3.20714e-06 0 0 0 0 0 0 0 0 0 0 0 0 0 
1 0.800406 0.513219 0.211679 0.0365398 0.00116314 2.92143e-06 0 0 0 0 0 0 0 0 0 0 0 0 0 
1 0.79957 0.511691 0.209808 0.0357087 0.00110094 2.52857e-06 0 0 0 0 0 0 0 0 0 0 0 0 0 
1 0.800019 0.5121 0.210363 0.0360171 0.00112616 2.36429e-06 0 0 0 0 0 0 0 0 0 0 0 0 0 
1 0.799686 0.511539 0.209953 0.0358326 0.00114961 1.56429e-06 0 0 0 0 0 0 0 0 0 0 0 0 0 
1 0.800045 0.512887 0.211221 0.0362858 0.00114279 2.41429e-06 0 0 0 0 0 0 0 0 0 0 0 0 0 
1 0.800227 0.512783 0.211029 0.0362083 0.00114929 3.23571e-06 5.71429e-08 0 0 0 0 0 0 0 0 0 0 0 0 
1 0.799925 0.512061 0.210465 0.0360966 0.00113627 4.45e-06 0 0 0 0 0 0 0 0 0 0 0 0 0 
1 0.800308 0.512941 0.21136 0.0364371 0.00117288 3.71429e-06 0 0 0 0 0 0 0 0 0 0 0 0 0 
1 0.800092 0.51229 0.210914 0.0362604 0.00115342 2.97857e-06 0 0 0 0 0 0 0 0 0 0 0 0 0 
1 0.800118 0.512566 0.211108 0.0363727 0.00116733 2.6e-06 0 0 0 0 0 0 0 0 0 0 0 0 0 
1 0.799752 0.511666 0.209845 0.0357288 0.00112848 3.46429e-06 0 0 0 0 0 0 0 0 0 0 0 0 0 
1 0.799873 0.512335 0.210727 0.0361738 0.00114619 2.24286e-06 0 0 0 0 0 0 0 0 0 0 0 0 0 
1 0.799979 0.512342 0.210994 0.0363383 0.00116387 3.60714e-06 0 0 0 0 0 0 0 0 0 0 0 0 0 
1 0.799761 0.511773 0.210374 0.0360239 0.0011237 3.90714e-06 0 0 0 0 0 0 0 0 0 0 0 0 0 
1 0.80004 0.512328 0.210811 0.0362502 0.00117986 2.13571e-06 0 0 0 0 0 0 0 0 0 0 0 0 0 
1 0.800124 0.512584 0.211111 0.036234 0.00114712 2.85e-06 0 0 0 0 0 0 0 0 0 0 0 0 0 
1 0.800967 0.513896 0.212142 0.0365941 0.00116831 2.61429e-06 0 0 0 0 0 0 0 0 0 0 0 0 0 
1 0.799939 0.512273 0.21061 0.036213 0.00116673 2.58571e-06 0 0 0 0 0 0 0 0 0 0 0 0 0 
1 0.800008 0.512254 0.210585 0.0360468 0.00114321 2.19286e-06 0 0 0 0 0 0 0 0 0 0 0 0 0 
1 0.799553 0.511422 0.209611 0.0357494 0.00113636 4.07857e-06 0 0 0 0 0 0 0 0 0 0 0 0 0 
1 0.800029 0.512228 0.210237 0.0359741 0.00115544 2.41429e-06 0 0 0 0 0 0 0 0 0 0 0 0 0 
1 0.800092 0.512205 0.210415 0.0359031 0.00114666 1.55714e-06 0 0 0 0 0 0 0 0 0 0 0 0 0 
1 0.800251 0.51291 0.211306 0.0363176 0.00118342 3.17143e-06 0 0 0 0 0 0 0 0 0 0 0 0 0 
1 0.800256 0.512803 0.211142 0.0363271 0.00117371 2.65e-06 0 0 0 0 0 0 0 0 0 0 0 0 0 
1 0.799795 0.511759 0.209911 0.0357973 0.00110062 2.81429e-06 0 0 0 0 0 0 0 0 0 0 0 0 0 
1 0.799676 0.51187 0.210098 0.0358435 0.00115771 3.22143e-06 0 0 0 0 0 0 0 0 0 0 0 0 0 
1 0.799945 0.511881 0.210055 0.0358889 0.00111276 2.72143e-06 0 0 0 0 0 0 0 0 0 0 0 0 0 
1 0.799974 0.512509 0.210775 0.0361685 0.00117427 2.36429e-06 0 0 0 0 0 0 0 0 0 0 0 0 0 
1 0.799701 0.511877 0.210342 0.0359273 0.00114561 2.58571e-06 0 0 0 0 0 0 0 0 0 0 0 0 0 
1 0.800739 0.513685 0.212051 0.0365724 0.00117773 2.70714e-06 0 0 0 0 0 0 0 0 0 0 0 0 0 
1 0.800673 0.513475 0.212008 0.0366045 0.00119809 2.14286e-06 0 0 0 0 0 0 0 0 0 0 0 0 0 
1 0.800322 0.512891 0.211197 0.0361796 0.00117749 2.69286e-06 0 0 0 0 0 0 0 0 0 0 0 0 0 
1 0.800454 0.513071 0.211553 0.0363903 0.00117205 3.88571e-06 0 0 0 0 0 0 0 0 0 0 0 0 0 
1 0.800296 0.512899 0.211036 0.0362226 0.0011474 2.55e-06 0 0 0 0 0 0 0 0 0 0 0 0 0 
1 0.799497 0.511159 0.20957 0.0357332 0.00112659 2.75714e-06 0 0 0 0 0 0 0 0 0 0 0 0 0 
1 0.800421 0.513072 0.211291 0.036266 0.00115595 4.77857e-06 1.14286e-07 0 0 0 0 0 0 0 0 0 0 0 0 
1 0.799957 0.512339 0.210851 0.0360959 0.00114084 2.25714e-06 0 0 0 0 0 0 0 0 0 0 0 0 0 
1 0.80011 0.512513 0.210966 0.036255 0.00116193 2.50714e-06 0 0 0 0 0 0 0 0 0 0 0 0 0 
1 0.79938 0.511365 0.209596 0.0357594 0.00111661 2.6e-06 0 0 0 0 0 0 0 0 0 0 0 0 0 
1 0.800782 0.513753 0.21213 0.036774 0.00120841 1.92857e-06 0 0 0 0 0 0 0 0 0 0 0 0 0 
