1 0.970347 0.913635 0.80938 0.637502 0.398607 0.160711 0.0290265 0.0014298 1.73e-05 0 0 0 0 0 0 0 0 0 0 
1 0.970116 0.912929 0.808549 0.635333 0.393711 0.154514 0.0262364 0.0010263 7e-06 0 0 0 0 0 0 0 0 0 0 
1 0.972391 0.918806 0.821424 0.658019 0.425673 0.18278 0.037596 0.0022302 2.66e-05 0 0 0 0 0 0 0 0 0 0 
1 0.968866 0.909083 0.800564 0.62112 0.376616 0.143007 0.0226091 0.0007046 3.6e-06 0 0 0 0 0 0 0 0 0 0 
1 0.968895 0.909741 0.802339 0.625546 0.381872 0.146717 0.0239494 0.0008804 8.6e-06 0 0 0 0 0 0 0 0 0 0 
1 0.969237 0.91081 0.804409 0.629617 0.388778 0.15236 0.0259441 0.0010985 4.5e-06 0 0 0 0 0 0 0 0 0 0 
1 0.970337 0.913568 0.809986 0.637316 0.398122 0.161508 0.0303248 0.0016505 6.8e-06 0 0 0 0 0 0 0 0 0 0 
1 0.970229 0.913901 0.811157 0.639163 0.399378 0.159991 0.0278207 0.0011853 5.3e-06 0 0 0 0 0 0 0 0 0 0 
1 0.971455 0.916928 0.817813 0.652341 0.418387 0.178458 0.0366942 0.0023344 3.14e-05 0 0 0 0 0 0 0 0 0 0 
1 0.971931 0.917923 0.819209 0.653651 0.419408 0.177982 0.0348646 0.0019036 2.26e-05 0 0 0 0 0 0 0 0 0 0 
1 0.969889 0.912655 0.807918 0.634389 0.394092 0.155805 0.0263412 0.0011039 1.31e-05 0 0 0 0 0 0 0 0 0 0 
1 0.970606 0.914431 0.81212 0.641799 0.404458 0.165533 0.0308972 0.0013528 3.9e-06 0 0 0 0 0 0 0 0 0 0 
1 0.970772 0.915306 0.813568 0.643699 0.407163 0.168076 0.0321075 0.0014874 9.2e-06 0 0 0 0 0 0 0 0 0 0 
1 0.968382 0.908507 0.799864 0.62139 0.377452 0.143198 0.0223414 0.0007613 8.9e-06 0 0 0 0 0 0 0 0 0 0 
1 0.969881 0.912406 0.807588 0.634425 0.395062 0.158917 0.0293991 0.0015495 1.14e-05 0 0 0 0 0 0 0 0 0 0 
1 0.97128 0.916186 0.815608 0.648402 0.413212 0.172304 0.0333558 0.0018036 1.15e-05 0 0 0 0 0 0 0 0 0 0 
1 0.97086 0.915559 0.814968 0.646794 0.409575 0.167979 0.0310368 0.0014227 1.11e-05 0 0 0 0 0 0 0 0 0 0 
1 0.969204 0.910382 0.803415 0.626079 0.38287 0.145921 0.0229607 0.0008185 1.6e-06 0 0 0 0 0 0 0 0 0 0 
1 0.969682 0.911528 0.806188 0.630991 0.388964 0.151165 0.0248853 0.0009566 2.9e-06 0 0 0 0 0 0 0 0 0 0 
1 0.968271 0.907553 0.797407 0.617127 0.372164 0.139858 0.022213 0.0008847 3e-06 0 0 0 0 0 0 0 0 0 0 
1 0.970325 0.913708 0.810992 0.639372 0.401228 0.163344 0.030707 0.0017063 2.24e-05 0 0 0 0 0 0 0 0 0 0 
1 0.970734 0.915029 0.813139 0.644082 0.40721 0.167797 0.0312939 0.0014752 8.8e-06 4.3e-06 0 0 0 0 0 0 0 0 0 
1 0.969714 0.912172 0.80714 0.633413 0.393113 0.155987 0.0277888 0.0013892 1.68e-05 0 0 0 0 0 0 0 0 0 0 
1 0.969884 0.91251 0.807862 0.634788 0.395826 0.158629 0.0287468 0.0014545 1.7e-05 0 0 0 0 0 0 0 0 0 0 
1 0.969799 0.912235 0.808013 0.635905 0.397261 0.161246 0.0297364 0.0016154 2e-05 0 0 0 0 0 0 0 0 0 0 
1 0.967774 0.906871 0.796484 0.616529 0.371808 0.138596 0.0208538 0.0007124 1.6e-06 0 0 0 0 0 0 0 0 0 0 
1 0.96914 0.910337 0.803722 0.628079 0.387235 0.152504 0.0263893 0.0011987 1.01e-05 0 0 0 0 0 0 0 0 0 0 
1 0.969413 0.911836 0.806578 0.632351 0.390458 0.15269 0.0259297 0.0011307 4.1e-06 0 0 0 0 0 0 0 0 0 0 
1 0.970061 0.912812 0.808571 0.636127 0.39608 0.157766 0.0275451 0.0011374 6e-06 0 0 0 0 0 0 0 0 0 0 
1 0.968129 0.907903 0.798847 0.619092 0.373908 0.140476 0.0218697 0.0007425 1.7e-06 0 0 0 0 0 0 0 0 0 0 
1 0.972326 0.919085 0.821195 0.656226 0.420861 0.177534 0.0346411 0.0016702 1.5e-05 0 0 0 0 0 0 0 0 0 0 
1 0.969994 0.911978 0.806717 0.631904 0.39108 0.153986 0.02638 0.0011189 1.23e-05 0 0 0 0 0 0 0 0 0 0 
1 0.971275 0.915895 0.815188 0.646741 0.409928 0.169228 0.032043 0.0017069 1.7e-05 0 0 0 0 0 0 0 0 0 0 
1 0.970046 0.912891 0.809041 0.635965 0.395225 0.155478 0.0261267 0.0009874 9.6e-06 0 0 0 0 0 0 0 0 0 0 
1 0.970251 0.913777 0.810382 0.638681 0.398733 0.160458 0.0291763 0.0014021 8.9e-06 0 0 0 0 0 0 0 0 0 0 
1 0.971211 0.915911 0.814917 0.64616 0.410479 0.173144 0.0357371 0.0024943 4.88e-05 0 0 0 0 0 0 0 0 0 0 
1 0.969894 0.912896 0.809322 0.637036 0.39811 0.160237 0.0288622 0.0012373 6.4e-06 0 0 0 0 0 0 0 0 0 0 
1 0.968905 0.90957 0.802415 0.625533 0.383535 0.147731 0.0242899 0.0009235 9.1e-06 0 0 0 0 0 0 0 0 0 0 
1 0.965752 0.900779 0.784287 0.594796 0.343975 0.117388 0.0148911 0.0003196 1.1e-06 0 0 0 0 0 0 0 0 0 0 
1 0.970821 0.915264 0.813441 0.643581 0.405499 0.165212 0.0304323 0.0014065 1.49e-05 0 0 0 0 0 0 0 0 0 0 
1 0.970785 0.914416 0.811652 0.640652 0.402382 0.162602 0.0287384 0.0011684 7e-06 0 0 0 0 0 0 0 0 0 0 
1 0.970459 0.914331 0.811743 0.640933 0.402864 0.163835 0.0297598 0.0014584 8.8e-06 0 0 0 0 0 0 0 0 0 0 
1 0.968886 0.909217 0.801047 0.623441 0.379833 0.144144 0.022684 0.0008627 5.3e-06 0 0 0 0 0 0 0 0 0 0 
1 0.970975 0.915587 0.813669 0.643818 0.404409 0.163202 0.0285256 0.0011812 1.06e-05 0 0 0 0 0 0 0 0 0 0 
1 0.969719 0.912125 0.80736 0.63307 0.392306 0.154496 0.0265362 0.0010336 1.05e-05 0 0 0 0 0 0 0 0 0 0 
1 0.970297 0.913926 0.811535 0.641513 0.403053 0.163262 0.0294827 0.0014202 9.8e-06 0 0 0 0 0 0 0 0 0 0 
1 0.973492 0.922479 0.829061 0.670632 0.442031 0.197752 0.044902 0.0037062 7e-05 2.1e-06 0 0 0 0 0 0 0 0 0 
1 0.970621 0.915108 0.813413 0.644076 0.406358 0.16619 0.030483 0.0013369 1.44e-05 0 0 0 0 0 0 0 0 0 0 
1 0.971992 0.918008 0.819134 0.653372 0.416814 0.172592 0.0312705 0.0013249 5.5e-06 0 0 0 0 0 0 0 0 0 0 
1 0.971053 0.915451 0.814285 0.645573 0.408593 0.167281 0.0310465 0.0014248 1.34e-05 0 0 0 0 0 0 0 0 0 0 
1 0.968532 0.908021 0.79885 0.619426 0.375335 0.141724 0.0225746 0.0008249 5.2e-06 0 0 0 0 0 0 0 0 0 0 
1 0.970841 0.915209 0.813584 0.644087 0.40685 0.166715 0.0312385 0.0016518 1.57e-05 0 0 0 0 0 0 0 0 0 0 
1 0.970645 0.914827 0.812897 0.642748 0.404518 0.163355 0.0292368 0.0013065 2.9e-06 0 0 0 0 0 0 0 0 0 0 
1 0.969583 0.911105 0.80452 0.628272 0.385709 0.149517 0.0251133 0.0010728 7.2e-06 0 0 0 0 0 0 0 0 0 0 
1 0.970806 0.915496 0.81366 0.644956 0.409313 0.169884 0.0335511 0.0020745 1.83e-05 0 0 0 0 0 0 0 0 0 0 
1 0.971974 0.917989 0.817969 0.650756 0.414384 0.171197 0.0319104 0.0015597 1.1e-05 0 0 0 0 0 0 0 0 0 0 
1 0.970184 0.913282 0.81019 0.63853 0.400182 0.161584 0.029655 0.0013833 1.18e-05 0 0 0 0 0 0 0 0 0 0 
1 0.972449 0.9197 0.822962 0.660384 0.427669 0.183765 0.0373295 0.0021624 1.85e-05 0 0 0 0 0 0 0 0 0 0 
1 0.970315 0.913661 0.810511 0.639853 0.402295 0.164917 0.0311679 0.0016435 1.54e-05 0 0 0 0 0 0 0 0 0 0 
1 0.967252 0.904819 0.791773 0.608064 0.36137 0.132517 0.0205672 0.0007438 2.8e-06 0 0 0 0 0 0 0 0 0 0 
1 0.970213 0.913352 0.80993 0.637561 0.39772 0.158627 0.0274981 0.0011575 5.6e-06 0 0 0 0 0 0 0 0 0 0 
1 0.971752 0.917716 0.818277 0.651947 0.417378 0.17609 0.0348615 0.0021441 3.12e-05 0 0 0 0 0 0 0 0 0 0 
1 0.970275 0.913609 0.810248 0.637435 0.395341 0.154245 0.0253953 0.0008891 4e-06 0 0 0 0 0 0 0 0 0 0 
1 0.969284 0.910492 0.803932 0.627993 0.386317 0.150928 0.026044 0.0011378 7.7e-06 0 0 0 0 0 0 0 0 0 0 
1 0.971757 0.917802 0.818343 0.652855 0.418086 0.177069 0.0356961 0.0022514 4.15e-05 0 0 0 0 0 0 0 0 0 0 
1 0.970739 0.914699 0.812522 0.641727 0.403298 0.164813 0.0313746 0.0016324 5.7e-06 0 0 0 0 0 0 0 0 0 0 
1 0.972622 0.919795 0.82295 0.659402 0.426648 0.183144 0.0374812 0.0023206 1.8e-05 0 0 0 0 0 0 0 0 0 0 
1 0.96873 0.909316 0.801694 0.623954 0.379537 0.144175 0.0223878 0.0007769 2.8e-06 0 0 0 0 0 0 0 0 0 0 
1 0.968906 0.909815 0.801428 0.623314 0.379367 0.145797 0.0250138 0.0012494 1.21e-05 0 0 0 0 0 0 0 0 0 0 
1 0.968185 0.907983 0.7982 0.618456 0.374958 0.142574 0.0233062 0.00101 4.6e-06 0 0 0 0 0 0 0 0 0 0 
1 0.971012 0.915624 0.81513 0.647836 0.412904 0.172836 0.0340467 0.0018301 1.19e-05 0 0 0 0 0 0 0 0 0 0 
1 0.968082 0.906788 0.795471 0.613168 0.367073 0.134557 0.0198495 0.0006446 0 0 0 0 0 0 0 0 0 0 0 
1 0.970112 0.913207 0.809474 0.637855 0.398394 0.160368 0.0293022 0.0014879 1.41e-05 0 0 0 0 0 0 0 0 0 0 
1 0.969916 0.912407 0.808277 0.634996 0.395157 0.158888 0.0300742 0.0017708 1.25e-05 0 0 0 0 0 0 0 0 0 0 
1 0.96849 0.908206 0.798753 0.619484 0.376592 0.143905 0.0240707 0.0010274 6.1e-06 0 0 0 0 0 0 0 0 0 0 
1 0.969274 0.910749 0.803897 0.627557 0.384711 0.147581 0.0236462 0.0008186 2.5e-06 0 0 0 0 0 0 0 0 0 0 
1 0.972345 0.91911 0.821868 0.658033 0.424506 0.181396 0.0363651 0.0020203 2.84e-05 0 0 0 0 0 0 0 0 0 0 
1 0.968106 0.907475 0.797461 0.617159 0.372814 0.139811 0.022148 0.000835 2.5e-06 0 0 0 0 0 0 0 0 0 0 
1 0.969915 0.912443 0.808632 0.636429 0.397714 0.161898 0.030883 0.0017953 1.55e-05 0 0 0 0 0 0 0 0 0 0 
1 0.967212 0.904706 0.791672 0.607448 0.360604 0.131817 0.0200689 0.0007908 5.9e-06 0 0 0 0 0 0 0 0 0 0 
1 0.971222 0.916295 0.815367 0.646542 0.408723 0.166869 0.030544 0.0014041 9.2e-06 0 0 0 0 0 0 0 0 0 0 
1 0.971113 0.91527 0.81343 0.643074 0.40321 0.161928 0.0282381 0.0009607 2.5e-06 0 0 0 0 0 0 0 0 0 0 
1 0.971052 0.915342 0.813898 0.644149 0.407362 0.167845 0.0319064 0.0017957 2.39e-05 0 0 0 0 0 0 0 0 0 0 
1 0.970006 0.912372 0.808059 0.635493 0.395855 0.159047 0.0281406 0.0013363 7.5e-06 0 0 0 0 0 0 0 0 0 0 
1 0.96829 0.907902 0.798406 0.619162 0.376212 0.143579 0.0238983 0.0010652 4.4e-06 0 0 0 0 0 0 0 0 0 0 
1 0.968357 0.908314 0.799803 0.620606 0.376616 0.141768 0.0220804 0.0007223 4e-07 0 0 0 0 0 0 0 0 0 0 
1 0.971004 0.915575 0.814443 0.645877 0.410107 0.172091 0.0350547 0.0022187 1.95e-05 0 0 0 0 0 0 0 0 0 0 
1 0.970525 0.914748 0.81295 0.643432 0.408045 0.171947 0.035652 0.0021992 1.7e-05 0 0 0 0 0 0 0 0 0 0 
1 0.971076 0.915382 0.813599 0.643279 0.40514 0.163823 0.0291938 0.0012284 2.5e-06 0 0 0 0 0 0 0 0 0 0 
1 0.967985 0.906903 0.796177 0.614765 0.368955 0.136984 0.0209056 0.0006287 8e-07 0 0 0 0 0 0 0 0 0 0 
1 0.969707 0.912032 0.807015 0.633684 0.39539 0.160978 0.0318174 0.0022225 3.67e-05 0 0 0 0 0 0 0 0 0 0 
1 0.972003 0.918839 0.820742 0.655486 0.421197 0.178222 0.035014 0.0018394 1.14e-05 0 0 0 0 0 0 0 0 0 0 
1 0.967615 0.906276 0.794759 0.612167 0.366434 0.134632 0.0199441 0.000633 5.8e-06 0 0 0 0 0 0 0 0 0 0 
1 0.971534 0.917332 0.81797 0.65181 0.416738 0.174894 0.0341686 0.0018748 1.2e-05 0 0 0 0 0 0 0 0 0 0 
1 0.970238 0.914036 0.811695 0.641546 0.403343 0.163376 0.0294954 0.00132 2.9e-06 0 0 0 0 0 0 0 0 0 0 
1 0.968285 0.907854 0.799418 0.620299 0.374903 0.140578 0.0210896 0.0006326 0 0 0 0 0 0 0 0 0 0 0 
1 0.968874 0.909227 0.801295 0.622764 0.378934 0.14406 0.0231484 0.0008392 2e-06 0 0 0 0 0 0 0 0 0 0 
1 0.970807 0.91499 0.813204 0.642945 0.404355 0.162884 0.0290581 0.0012682 6.5e-06 0 0 0 0 0 0 0 0 0 0 
1 0.967834 0.906685 0.795646 0.614153 0.369556 0.139135 0.0228376 0.0009143 3.1e-06 0 0 0 0 0 0 0 0 0 0 
1 0.970124 0.912906 0.808266 0.634756 0.393831 0.154916 0.026009 0.0010462 3.9e-06 0 0 0 0 0 0 0 0 0 0 
1 0.969313 0.910558 0.803955 0.627542 0.3828 0.14566 0.0227772 0.0007015 1.6e-06 0 0 0 0 0 0 0 0 0 0 
1 0.970051 0.912994 0.809211 0.637708 0.399513 0.161805 0.0292088 0.0013485 6.5e-06 0 0 0 0 0 0 0 0 0 0 
1 0.969533 0.911012 0.804807 0.628971 0.386661 0.150052 0.0247954 0.0009168 2.9e-06 0 0 0 0 0 0 0 0 0 0 
1 0.969841 0.912627 0.808433 0.635825 0.395684 0.15743 0.0279884 0.0012791 4.4e-06 0 0 0 0 0 0 0 0 0 0 
1 0.9703 0.914295 0.812214 0.641757 0.403035 0.163097 0.0292699 0.0014324 1.74e-05 0 0 0 0 0 0 0 0 0 0 
1 0.96986 0.911632 0.8059 0.631461 0.392364 0.158705 0.0312232 0.0021712 3.34e-05 0 0 0 0 0 0 0 0 0 0 
1 0.969169 0.910214 0.803006 0.625686 0.382188 0.145065 0.0223436 0.000646 2.5e-06 0 0 0 0 0 0 0 0 0 0 
1 0.969927 0.912336 0.808491 0.635965 0.396983 0.159973 0.0292604 0.0015016 1.22e-05 0 0 0 0 0 0 0 0 0 0 
1 0.972432 0.919464 0.822517 0.659126 0.426019 0.183842 0.0377375 0.0021949 3.08e-05 0 0 0 0 0 0 0 0 0 0 
1 0.970556 0.914293 0.811146 0.640032 0.400185 0.159642 0.027226 0.0009674 2.1e-06 0 0 0 0 0 0 0 0 0 0 
1 0.970829 0.915163 0.813728 0.64552 0.407981 0.166973 0.0301714 0.0013977 1e-05 0 0 0 0 0 0 0 0 0 0 
1 0.969579 0.911523 0.805351 0.630125 0.387339 0.14902 0.0236044 0.0007831 7.7e-06 0 0 0 0 0 0 0 0 0 0 
1 0.969455 0.911055 0.804811 0.628916 0.386446 0.150032 0.0254428 0.0010921 4.3e-06 0 0 0 0 0 0 0 0 0 0 
1 0.969429 0.911322 0.80567 0.631268 0.391168 0.154787 0.0271531 0.0012536 4.1e-06 0 0 0 0 0 0 0 0 0 0 
1 0.969743 0.912246 0.807837 0.634327 0.39311 0.154247 0.0259015 0.0010187 2.7e-06 0 0 0 0 0 0 0 0 0 0 
1 0.970552 0.91444 0.81206 0.643037 0.407124 0.169062 0.033 0.0018554 1.64e-05 0 0 0 0 0 0 0 0 0 0 
1 0.966558 0.902814 0.788903 0.604007 0.35668 0.128798 0.019281 0.0006556 3.4e-06 0 0 0 0 0 0 0 0 0 0 
1 0.970575 0.914342 0.811778 0.640386 0.40247 0.165102 0.0319262 0.0016947 1.47e-05 0 0 0 0 0 0 0 0 0 0 
1 0.970931 0.915365 0.814421 0.646238 0.410383 0.171012 0.0331431 0.0018212 1.13e-05 0 0 0 0 0 0 0 0 0 0 
1 0.971877 0.917837 0.819154 0.653979 0.420005 0.176709 0.0343407 0.0017347 4.1e-06 0 0 0 0 0 0 0 0 0 0 
1 0.969837 0.912213 0.806991 0.632489 0.389751 0.15141 0.0245281 0.0008154 5.6e-06 0 0 0 0 0 0 0 0 0 0 
1 0.966876 0.904073 0.790481 0.605007 0.357272 0.12865 0.0186591 0.0005546 2e-07 0 0 0 0 0 0 0 0 0 0 
1 0.968153 0.907576 0.798219 0.61872 0.374637 0.140611 0.0218933 0.0008206 6.1e-06 0 0 0 0 0 0 0 0 0 0 
1 0.97032 0.913188 0.809654 0.63631 0.395574 0.156943 0.027008 0.0011231 9.2e-06 0 0 0 0 0 0 0 0 0 0 
1 0.968889 0.910038 0.803048 0.626944 0.385325 0.150453 0.0263521 0.0013195 1.92e-05 0 0 0 0 0 0 0 0 0 0 
1 0.970466 0.914225 0.811791 0.641784 0.405334 0.168472 0.0335365 0.002014 1.96e-05 0 0 0 0 0 0 0 0 0 0 
1 0.969437 0.910823 0.804285 0.628271 0.386444 0.150716 0.0254297 0.0009904 5.4e-06 0 0 0 0 0 0 0 0 0 0 
1 0.968645 0.908606 0.799685 0.620871 0.37563 0.140902 0.0215278 0.0006883 2.3e-06 0 0 0 0 0 0 0 0 0 0 
1 0.967014 0.904257 0.79086 0.605893 0.359861 0.132463 0.0208826 0.0008727 1.41e-05 0 0 0 0 0 0 0 0 0 0 
1 0.969321 0.910594 0.804224 0.627155 0.384346 0.148742 0.0246786 0.0009854 4.4e-06 0 0 0 0 0 0 0 0 0 0 
1 0.972608 0.920288 0.823767 0.661285 0.428766 0.184969 0.0387434 0.0026898 5.18e-05 0 0 0 0 0 0 0 0 0 0 
1 0.969649 0.911326 0.805777 0.632647 0.394039 0.159518 0.0301766 0.0018602 3.25e-05 0 0 0 0 0 0 0 0 0 0 
1 0.970249 0.913408 0.809537 0.637353 0.396503 0.157852 0.0271719 0.0010155 6.8e-06 0 0 0 0 0 0 0 0 0 0 
1 0.969517 0.911357 0.805269 0.629968 0.388344 0.151825 0.0254081 0.0010099 1.3e-06 0 0 0 0 0 0 0 0 0 0 
1 0.971193 0.916389 0.816149 0.648522 0.412135 0.169565 0.0309912 0.0013527 8.4e-06 0 0 0 0 0 0 0 0 0 0 
1 0.970623 0.914251 0.811791 0.641641 0.403441 0.163186 0.0291681 0.0014045 6.5e-06 0 0 0 0 0 0 0 0 0 0 
1 0.970546 0.914473 0.81238 0.642563 0.405046 0.165355 0.0302519 0.0014006 3.4e-06 0 0 0 0 0 0 0 0 0 0 
1 0.971477 0.916876 0.816919 0.649279 0.412512 0.170186 0.0315643 0.0014692 1.85e-05 0 0 0 0 0 0 0 0 0 0 
1 0.967343 0.904873 0.791921 0.608233 0.362641 0.133235 0.0201998 0.000695 1e-07 0 0 0 0 0 0 0 0 0 0 
1 0.968351 0.908449 0.799907 0.621132 0.377955 0.143703 0.0229878 0.0008402 6.4e-06 0 0 0 0 0 0 0 0 0 0 
1 0.971073 0.915814 0.814711 0.64592 0.409621 0.170716 0.0331837 0.0018432 1.57e-05 0 0 0 0 0 0 0 0 0 0 
1 0.970649 0.914634 0.813109 0.644595 0.409418 0.170499 0.0335716 0.0021449 1.91e-05 0 0 0 0 0 0 0 0 0 0 
1 0.970702 0.914821 0.812336 0.642012 0.402741 0.161559 0.0286738 0.0012224 7e-07 0 0 0 0 0 0 0 0 0 0 
1 0.969869 0.912721 0.80839 0.634976 0.394087 0.155439 0.0271198 0.0012014 3.1e-06 0 0 0 0 0 0 0 0 0 0 
1 0.969531 0.910931 0.804528 0.628363 0.386494 0.150337 0.0250268 0.0010008 3.9e-06 0 0 0 0 0 0 0 0 0 0 
1 0.968329 0.908065 0.798427 0.619251 0.374993 0.141501 0.0221888 0.0008118 4.3e-06 0 0 0 0 0 0 0 0 0 0 
1 0.970282 0.913989 0.812002 0.641995 0.405179 0.16784 0.0329776 0.0019379 2.36e-05 0 0 0 0 0 0 0 0 0 0 
1 0.969051 0.90984 0.802018 0.623921 0.380292 0.145325 0.0228514 0.0007567 0 0 0 0 0 0 0 0 0 0 0 
1 0.972841 0.920843 0.825167 0.663467 0.432138 0.188568 0.0391464 0.0022457 1.72e-05 0 0 0 0 0 0 0 0 0 0 
1 0.968951 0.909718 0.802654 0.625468 0.383077 0.147244 0.0240315 0.0008987 9.8e-06 0 0 0 0 0 0 0 0 0 0 
1 0.970761 0.914382 0.81143 0.639919 0.399738 0.158929 0.0271599 0.001058 6e-06 0 0 0 0 0 0 0 0 0 0 
1 0.969548 0.911105 0.805045 0.630192 0.388105 0.151758 0.0260755 0.0011206 3.7e-06 0 0 0 0 0 0 0 0 0 0 
1 0.96834 0.908426 0.799468 0.619569 0.374795 0.141015 0.0220761 0.0007509 9e-07 0 0 0 0 0 0 0 0 0 0 
1 0.970795 0.915104 0.81436 0.646231 0.409789 0.170197 0.0332647 0.0019075 1.77e-05 0 0 0 0 0 0 0 0 0 0 
1 0.970734 0.915239 0.812821 0.642876 0.40606 0.168643 0.0330459 0.0018495 1.41e-05 0 0 0 0 0 0 0 0 0 0 
1 0.969641 0.91218 0.807121 0.632901 0.393501 0.159268 0.0301916 0.0015635 1.52e-05 0 0 0 0 0 0 0 0 0 0 
1 0.969407 0.911276 0.805372 0.631008 0.3902 0.153812 0.0264619 0.001165 5.3e-06 0 0 0 0 0 0 0 0 0 0 
1 0.968523 0.908759 0.799977 0.62016 0.376269 0.142104 0.0222286 0.0007811 5.3e-06 0 0 0 0 0 0 0 0 0 0 
1 0.971709 0.917922 0.819159 0.653808 0.419164 0.176878 0.034573 0.0018141 7.7e-06 0 0 0 0 0 0 0 0 0 0 
1 0.968064 0.907585 0.798086 0.618123 0.373883 0.139836 0.0215806 0.0007662 1.6e-06 0 0 0 0 0 0 0 0 0 0 
1 0.969716 0.912236 0.808145 0.635756 0.395999 0.15778 0.0273517 0.0012109 8.8e-06 0 0 0 0 0 0 0 0 0 0 
1 0.968275 0.907569 0.79773 0.617344 0.371787 0.138463 0.0208388 0.0006263 1.4e-06 0 0 0 0 0 0 0 0 0 0 
1 0.970104 0.913346 0.809503 0.637619 0.398467 0.161066 0.0297231 0.0015541 1.36e-05 0 0 0 0 0 0 0 0 0 0 
1 0.970558 0.914684 0.813495 0.644323 0.4078 0.169003 0.0328225 0.0018738 1.65e-05 0 0 0 0 0 0 0 0 0 0 
1 0.969485 0.911442 0.806048 0.631879 0.391724 0.157183 0.0301127 0.0019579 2.73e-05 0 0 0 0 0 0 0 0 0 0 
1 0.96859 0.908636 0.800764 0.623245 0.380208 0.145785 0.0237255 0.0008795 3e-06 0 0 0 0 0 0 0 0 0 0 
1 0.971777 0.917659 0.818634 0.652482 0.415568 0.172436 0.0325275 0.0016733 1.07e-05 0 0 0 0 0 0 0 0 0 0 
1 0.972222 0.919115 0.821591 0.656661 0.422 0.180151 0.0367008 0.0023316 3.06e-05 0 0 0 0 0 0 0 0 0 0 
1 0.969462 0.91144 0.805391 0.629832 0.388125 0.152401 0.0260733 0.0011198 1.3e-06 0 0 0 0 0 0 0 0 0 0 
1 0.967874 0.906693 0.796102 0.61415 0.367487 0.135272 0.0206918 0.0007021 1.5e-06 0 0 0 0 0 0 0 0 0 0 
1 0.971546 0.917101 0.817243 0.650043 0.414575 0.173557 0.0339316 0.0018296 1.51e-05 0 0 0 0 0 0 0 0 0 0 
1 0.971862 0.917715 0.818685 0.652646 0.41931 0.179288 0.0376271 0.0025099 2.56e-05 0 0 0 0 0 0 0 0 0 0 
1 0.968451 0.908716 0.800235 0.621865 0.37848 0.144334 0.023245 0.0008326 1.9e-06 0 0 0 0 0 0 0 0 0 0 
1 0.969793 0.912118 0.806696 0.632098 0.39089 0.154388 0.0270813 0.0012321 5.7e-06 0 0 0 0 0 0 0 0 0 0 
1 0.971437 0.916933 0.817093 0.649229 0.411614 0.168248 0.0303453 0.0012548 4.6e-06 0 0 0 0 0 0 0 0 0 0 
1 0.968198 0.907458 0.797728 0.617913 0.37339 0.140667 0.0223818 0.0008533 3.6e-06 0 0 0 0 0 0 0 0 0 0 
1 0.96848 0.908448 0.799646 0.620547 0.377406 0.144822 0.0238082 0.0008812 4e-06 0 0 0 0 0 0 0 0 0 0 
1 0.969672 0.911885 0.806921 0.633206 0.392599 0.155667 0.0271818 0.0012647 1.29e-05 0 0 0 0 0 0 0 0 0 0 
1 0.970416 0.9136 0.809339 0.636441 0.396718 0.158759 0.0286225 0.0012943 5.7e-06 0 0 0 0 0 0 0 0 0 0 
1 0.968535 0.908942 0.801032 0.623302 0.380657 0.146621 0.0248254 0.0010359 8.9e-06 0 0 0 0 0 0 0 0 0 0 
1 0.968805 0.909495 0.801986 0.625232 0.384036 0.150369 0.0263297 0.0011509 5.4e-06 0 0 0 0 0 0 0 0 0 0 
1 0.968779 0.909723 0.802648 0.626217 0.384241 0.148367 0.0242415 0.0009112 3.7e-06 0 0 0 0 0 0 0 0 0 0 
1 0.970357 0.914399 0.813083 0.645289 0.410878 0.174153 0.0366989 0.0023737 2.88e-05 0 0 0 0 0 0 0 0 0 0 
1 0.970401 0.914076 0.811338 0.64024 0.400468 0.159921 0.0275309 0.0010138 4.7e-06 0 0 0 0 0 0 0 0 0 0 
1 0.969535 0.911023 0.804084 0.627804 0.385824 0.149868 0.0252416 0.0011169 1.79e-05 0 0 0 0 0 0 0 0 0 0 
1 0.970871 0.91536 0.81393 0.644897 0.409098 0.169994 0.0327904 0.0016762 1.49e-05 0 0 0 0 0 0 0 0 0 0 
1 0.971686 0.917294 0.817704 0.650755 0.41344 0.170976 0.0321866 0.0015683 5.3e-06 0 0 0 0 0 0 0 0 0 0 
1 0.971072 0.915167 0.813368 0.642618 0.404164 0.16487 0.030172 0.0013546 9e-07 0 0 0 0 0 0 0 0 0 0 
1 0.969896 0.912458 0.808415 0.636323 0.398014 0.160225 0.0290324 0.0013148 3.3e-06 0 0 0 0 0 0 0 0 0 0 
1 0.969244 0.910672 0.804578 0.628893 0.38692 0.151159 0.0252544 0.0010243 1.6e-06 0 0 0 0 0 0 0 0 0 0 
1 0.968981 0.909627 0.801867 0.623738 0.37971 0.144197 0.0224327 0.0007228 3.6e-06 0 0 0 0 0 0 0 0 0 0 
1 0.970023 0.912823 0.809565 0.638292 0.400563 0.162894 0.0299145 0.0012358 4.1e-06 0 0 0 0 0 0 0 0 0 0 
1 0.970256 0.913734 0.810604 0.640342 0.401567 0.162691 0.0299963 0.0015837 8.5e-06 0 0 0 0 0 0 0 0 0 0 
1 0.968145 0.907307 0.79709 0.616097 0.370396 0.137719 0.0212198 0.0007877 4e-07 0 0 0 0 0 0 0 0 0 0 
1 0.96766 0.906129 0.79475 0.612968 0.367777 0.136804 0.0216522 0.0008543 4.4e-06 0 0 0 0 0 0 0 0 0 0 
1 0.970422 0.914364 0.811754 0.640709 0.401645 0.162044 0.0292833 0.0014129 1.22e-05 0 0 0 0 0 0 0 0 0 0 
1 0.968613 0.908553 0.800312 0.622579 0.380027 0.147339 0.0254822 0.0011311 7.9e-06 0 0 0 0 0 0 0 0 0 0 
1 0.969991 0.912052 0.806363 0.630444 0.389376 0.154137 0.0269194 0.0011966 1.89e-05 0 0 0 0 0 0 0 0 0 0 
1 0.97032 0.914273 0.811699 0.641426 0.405256 0.167797 0.0325392 0.0019068 2.5e-05 0 0 0 0 0 0 0 0 0 0 
1 0.971375 0.916983 0.817458 0.651666 0.417979 0.179382 0.0378928 0.0027658 5.03e-05 0 0 0 0 0 0 0 0 0 0 
1 0.968649 0.908923 0.799936 0.620678 0.376167 0.142671 0.0233177 0.0009826 4.2e-06 0 0 0 0 0 0 0 0 0 0 
1 0.969688 0.911807 0.805668 0.629374 0.386929 0.151249 0.0261846 0.0012342 1.43e-05 0 0 0 0 0 0 0 0 0 0 
1 0.967083 0.904356 0.790375 0.604529 0.355205 0.125961 0.0176985 0.0005659 2.4e-06 0 0 0 0 0 0 0 0 0 0 
1 0.969211 0.910287 0.801941 0.623826 0.379776 0.145161 0.0235654 0.0009089 3.8e-06 0 0 0 0 0 0 0 0 0 0 
1 0.971016 0.915411 0.813731 0.643828 0.405206 0.164709 0.0305722 0.0015793 1.5e-05 0 0 0 0 0 0 0 0 0 0 
1 0.970356 0.914263 0.812019 0.641036 0.403063 0.163578 0.0298273 0.0012792 5e-06 0 0 0 0 0 0 0 0 0 0 
1 0.970533 0.914512 0.812177 0.641068 0.403354 0.164798 0.030964 0.0017869 1.96e-05 0 0 0 0 0 0 0 0 0 0 
1 0.969432 0.910998 0.804555 0.629228 0.388882 0.154611 0.0287696 0.0018843 3.62e-05 0 0 0 0 0 0 0 0 0 0 
1 0.970704 0.914512 0.812204 0.64229 0.40491 0.164481 0.0296488 0.0014456 7.4e-06 0 0 0 0 0 0 0 0 0 0 
1 0.969911 0.912668 0.808537 0.636141 0.398343 0.16205 0.0304237 0.0016522 2.01e-05 0 0 0 0 0 0 0 0 0 0 
1 0.970884 0.914824 0.812391 0.641404 0.404199 0.16527 0.0312831 0.0017746 8.2e-06 0 0 0 0 0 0 0 0 0 0 
1 0.971489 0.916588 0.816456 0.648374 0.412789 0.17163 0.0329331 0.0016357 2.9e-06 0 0 0 0 0 0 0 0 0 0 
1 0.970149 0.913446 0.810502 0.640129 0.403414 0.165345 0.031186 0.0015303 7.5e-06 0 0 0 0 0 0 0 0 0 0 
1 0.968811 0.909187 0.801443 0.623901 0.381756 0.148486 0.0258304 0.0012125 1.32e-05 0 0 0 0 0 0 0 0 0 0 
1 0.96934 0.910859 0.804428 0.629001 0.388675 0.152687 0.026501 0.0011767 6.8e-06 0 0 0 0 0 0 0 0 0 0 
1 0.970509 0.913897 0.810864 0.639222 0.400124 0.16155 0.0291197 0.0012892 7.2e-06 0 0 0 0 0 0 0 0 0 0 
1 0.971285 0.915991 0.815179 0.64714 0.409566 0.167303 0.0306338 0.0014514 5.2e-06 0 0 0 0 0 0 0 0 0 0 
1 0.969791 0.912062 0.807344 0.633465 0.392945 0.155555 0.0267695 0.00117 1.12e-05 0 0 0 0 0 0 0 0 0 0 
1 0.970572 0.914323 0.811371 0.639856 0.401733 0.162702 0.0292126 0.0013294 7.1e-06 0 0 0 0 0 0 0 0 0 0 
1 0.971071 0.915971 0.815471 0.647115 0.409259 0.168297 0.0313291 0.0014588 8.3e-06 0 0 0 0 0 0 0 0 0 0 
1 0.969883 0.912269 0.806543 0.631161 0.389278 0.152305 0.0260333 0.0010354 8.1e-06 0 0 0 0 0 0 0 0 0 0 
1 0.970393 0.913985 0.810965 0.639238 0.400104 0.160683 0.0286362 0.0013046 7.7e-06 0 0 0 0 0 0 0 0 0 0 
1 0.971569 0.917543 0.818904 0.653544 0.420505 0.180341 0.0378548 0.002596 3.15e-05 0 0 0 0 0 0 0 0 0 0 
1 0.970216 0.91317 0.81019 0.637841 0.396852 0.157732 0.027334 0.0012253 6e-06 0 0 0 0 0 0 0 0 0 0 
1 0.97142 0.91722 0.817592 0.649957 0.413244 0.17021 0.0312964 0.0014758 6.5e-06 0 0 0 0 0 0 0 0 0 0 
1 0.970085 0.912681 0.80905 0.638203 0.401235 0.166096 0.0331846 0.0019296 1.54e-05 0 0 0 0 0 0 0 0 0 0 
1 0.971533 0.916798 0.816713 0.649793 0.413537 0.171289 0.0325785 0.0015938 6.1e-06 0 0 0 0 0 0 0 0 0 0 
1 0.969527 0.910897 0.804119 0.62737 0.385363 0.149244 0.0244134 0.0007988 6.5e-06 0 0 0 0 0 0 0 0 0 0 
1 0.969902 0.913066 0.809069 0.636433 0.396289 0.157395 0.0275308 0.0011859 8.4e-06 0 0 0 0 0 0 0 0 0 0 
1 0.970452 0.914458 0.812137 0.640502 0.401099 0.161646 0.0291079 0.0013468 1.5e-05 0 0 0 0 0 0 0 0 0 0 
1 0.971057 0.915654 0.814641 0.645582 0.407441 0.166568 0.0302382 0.0014017 8.6e-06 0 0 0 0 0 0 0 0 0 0 
1 0.971997 0.918682 0.821568 0.657937 0.425177 0.181867 0.0366695 0.002016 1.51e-05 0 0 0 0 0 0 0 0 0 0 
1 0.970437 0.913859 0.810437 0.63854 0.398852 0.159402 0.0280453 0.0012426 7.6e-06 0 0 0 0 0 0 0 0 0 0 
1 0.969023 0.910141 0.803138 0.626501 0.384385 0.149137 0.0249667 0.001026 1.4e-06 0 0 0 0 0 0 0 0 0 0 
1 0.969276 0.910393 0.803188 0.626521 0.382764 0.146117 0.023769 0.0008849 1.8e-06 0 0 0 0 0 0 0 0 0 0 
1 0.969321 0.910219 0.80253 0.625178 0.382092 0.146463 0.023874 0.0008396 3.7e-06 0 0 0 0 0 0 0 0 0 0 
1 0.968379 0.908221 0.799576 0.620763 0.376712 0.142011 0.0220085 0.0008022 3.4e-06 0 0 0 0 0 0 0 0 0 0 
1 0.967838 0.90684 0.796302 0.615732 0.373199 0.14355 0.0245522 0.0011733 1.17e-05 0 0 0 0 0 0 0 0 0 0 
1 0.969565 0.911868 0.807188 0.634141 0.394626 0.159215 0.0304966 0.0020726 3.37e-05 0 0 0 0 0 0 0 0 0 0 
1 0.970275 0.914035 0.811336 0.639964 0.400717 0.162444 0.0298347 0.0013723 1.15e-05 0 0 0 0 0 0 0 0 0 0 
1 0.969918 0.912201 0.806899 0.631819 0.390503 0.152965 0.0261832 0.001153 6.6e-06 0 0 0 0 0 0 0 0 0 0 
1 0.967999 0.907178 0.796746 0.615486 0.370032 0.136861 0.0205227 0.0006434 1.7e-06 0 0 0 0 0 0 0 0 0 0 
1 0.971181 0.915888 0.815145 0.647722 0.412908 0.173463 0.0340398 0.0018972 1.53e-05 0 0 0 0 0 0 0 0 0 0 
1 0.968906 0.909179 0.800918 0.622971 0.379738 0.145632 0.0234958 0.0008785 2.6e-06 0 0 0 0 0 0 0 0 0 0 
1 0.970887 0.915079 0.813528 0.644189 0.407245 0.167498 0.0310341 0.0014673 8.9e-06 0 0 0 0 0 0 0 0 0 0 
1 0.968855 0.909116 0.801201 0.623199 0.379886 0.144592 0.0235095 0.0009419 5.7e-06 0 0 0 0 0 0 0 0 0 0 
1 0.968083 0.907485 0.797646 0.617954 0.37313 0.14042 0.0224973 0.0008857 6.2e-06 0 0 0 0 0 0 0 0 0 0 
1 0.970132 0.913381 0.809997 0.637752 0.399164 0.161131 0.0294429 0.0014642 9.5e-06 0 0 0 0 0 0 0 0 0 0 
1 0.969481 0.911503 0.806257 0.63226 0.392087 0.15537 0.0269662 0.0011152 4.5e-06 0 0 0 0 0 0 0 0 0 0 
1 0.969787 0.911893 0.807088 0.634027 0.395372 0.159883 0.0297062 0.0016336 1.34e-05 0 0 0 0 0 0 0 0 0 0 
1 0.971441 0.916834 0.817118 0.64915 0.413244 0.17228 0.0327903 0.0014884 6.1e-06 1.4e-06 0 0 0 0 0 0 0 0 0 
1 0.970005 0.912937 0.809076 0.63672 0.39592 0.1564 0.0272128 0.0012393 1.13e-05 0 0 0 0 0 0 0 0 0 0 
1 0.970303 0.913997 0.811622 0.640203 0.400743 0.160631 0.0276517 0.0010717 1.5e-06 0 0 0 0 0 0 0 0 0 0 
1 0.97114 0.915905 0.815044 0.646182 0.410027 0.170499 0.0325766 0.0016978 2.01e-05 0 0 0 0 0 0 0 0 0 0 
1 0.970626 0.914194 0.81094 0.639151 0.399588 0.160259 0.0286803 0.0013288 7.7e-06 0 0 0 0 0 0 0 0 0 0 
1 0.969667 0.912136 0.807423 0.634614 0.393854 0.156054 0.0267718 0.0010514 8.4e-06 0 0 0 0 0 0 0 0 0 0 
1 0.971025 0.91577 0.814841 0.647279 0.412502 0.173183 0.0346166 0.0020409 6.7e-06 0 0 0 0 0 0 0 0 0 0 
1 0.968481 0.908448 0.799367 0.619356 0.374554 0.140287 0.0213985 0.0006551 4.1e-06 0 0 0 0 0 0 0 0 0 0 
1 0.968048 0.906765 0.795596 0.613931 0.368814 0.136712 0.0208735 0.0007665 4.8e-06 0 0 0 0 0 0 0 0 0 0 
1 0.970025 0.913253 0.80991 0.637973 0.39881 0.161413 0.0298363 0.0015614 4.4e-06 0 0 0 0 0 0 0 0 0 0 
1 0.970518 0.914058 0.810506 0.637949 0.398489 0.160916 0.029577 0.0013997 5.1e-06 0 0 0 0 0 0 0 0 0 0 
1 0.969166 0.910528 0.804294 0.629256 0.387359 0.149975 0.0246509 0.0008903 3e-06 0 0 0 0 0 0 0 0 0 0 
1 0.971599 0.917116 0.817079 0.65009 0.414622 0.172636 0.0334619 0.0019174 2.98e-05 0 0 0 0 0 0 0 0 0 0 
1 0.97234 0.919772 0.823279 0.661608 0.431446 0.19142 0.0442966 0.0040137 0.0001146 2e-07 0 0 0 0 0 0 0 0 0 
1 0.96907 0.910195 0.804043 0.628131 0.387068 0.151801 0.0262772 0.0013009 7.3e-06 0 0 0 0 0 0 0 0 0 0 
1 0.970023 0.913349 0.809846 0.637519 0.398013 0.159571 0.0286638 0.001286 1.13e-05 0 0 0 0 0 0 0 0 0 0 
1 0.969703 0.91192 0.807417 0.633035 0.392685 0.156616 0.0278647 0.0013158 5.8e-06 0 0 0 0 0 0 0 0 0 0 
1 0.969448 0.911182 0.805027 0.628722 0.386624 0.149237 0.0243648 0.0008974 2.9e-06 0 0 0 0 0 0 0 0 0 0 
1 0.969671 0.911149 0.804505 0.629178 0.389186 0.156341 0.0296331 0.0017431 6.2e-06 0 0 0 0 0 0 0 0 0 0 
1 0.969657 0.911935 0.806151 0.631286 0.390247 0.153633 0.0261016 0.0009938 8.4e-06 0 0 0 0 0 0 0 0 0 0 
1 0.968836 0.909825 0.803105 0.627875 0.387261 0.152615 0.0264492 0.0011667 1.23e-05 0 0 0 0 0 0 0 0 0 0 
1 0.97164 0.917689 0.81892 0.654249 0.420805 0.178871 0.0358487 0.0019029 1.48e-05 0 0 0 0 0 0 0 0 0 0 
1 0.97068 0.914429 0.811572 0.640136 0.400913 0.16158 0.0290039 0.00131 1.95e-05 0 0 0 0 0 0 0 0 0 0 
1 0.969511 0.9119 0.80747 0.634157 0.393672 0.1542 0.0258208 0.0009394 2.3e-06 0 0 0 0 0 0 0 0 0 0 
1 0.970475 0.914493 0.812897 0.643619 0.405882 0.165167 0.0303349 0.0013593 9.9e-06 0 0 0 0 0 0 0 0 0 0 
1 0.968654 0.908876 0.801122 0.624164 0.382214 0.147538 0.0249212 0.0011807 7.4e-06 0 0 0 0 0 0 0 0 0 0 
1 0.969993 0.912941 0.808764 0.636672 0.39809 0.160491 0.0296568 0.0013719 8.5e-06 0 0 0 0 0 0 0 0 0 0 
1 0.969376 0.910859 0.804282 0.628184 0.387665 0.152421 0.0265005 0.001125 5e-06 0 0 0 0 0 0 0 0 0 0 
1 0.968892 0.909156 0.800208 0.620974 0.377447 0.144418 0.0237723 0.0009397 1.17e-05 0 0 0 0 0 0 0 0 0 0 
1 0.967134 0.904829 0.792866 0.609732 0.363795 0.133285 0.0199496 0.0006345 6e-07 0 0 0 0 0 0 0 0 0 0 
1 0.969212 0.911204 0.806471 0.634061 0.395689 0.158663 0.0291276 0.0016701 1.21e-05 0 0 0 0 0 0 0 0 0 0 
1 0.967907 0.907073 0.797006 0.616761 0.373281 0.140129 0.022177 0.0007423 4.2e-06 0 0 0 0 0 0 0 0 0 0 
1 0.970437 0.913427 0.809879 0.638352 0.39971 0.161494 0.0296594 0.0014451 2.18e-05 0 0 0 0 0 0 0 0 0 0 
1 0.970327 0.913851 0.810945 0.640598 0.401392 0.161452 0.0289924 0.0013277 1.2e-05 0 0 0 0 0 0 0 0 0 0 
1 0.971534 0.916746 0.816231 0.647826 0.411946 0.171653 0.0332666 0.0019015 1.34e-05 0 0 0 0 0 0 0 0 0 0 
1 0.969937 0.912301 0.807821 0.634092 0.393111 0.156157 0.0274353 0.0012681 2.42e-05 0 0 0 0 0 0 0 0 0 0 
1 0.970623 0.914716 0.812775 0.642765 0.404672 0.165481 0.0307703 0.0015306 1.3e-05 0 0 0 0 0 0 0 0 0 0 
1 0.968232 0.908162 0.799202 0.619183 0.375557 0.143038 0.0234545 0.0010531 1.39e-05 0 0 0 0 0 0 0 0 0 0 
1 0.969026 0.910752 0.805057 0.62965 0.389124 0.154108 0.0274876 0.0012844 6.7e-06 0 0 0 0 0 0 0 0 0 0 
1 0.971701 0.917891 0.819636 0.654851 0.421397 0.178791 0.0353989 0.0019493 1.77e-05 0 0 0 0 0 0 0 0 0 0 
1 0.969495 0.911416 0.806041 0.632103 0.392725 0.156801 0.0277519 0.0012196 7.9e-06 0 0 0 0 0 0 0 0 0 0 
1 0.969981 0.912526 0.807359 0.633805 0.393679 0.15648 0.0276642 0.0012979 6e-06 0 0 0 0 0 0 0 0 0 0 
1 0.970664 0.914597 0.81227 0.642111 0.40267 0.162002 0.0290727 0.0012927 3.9e-06 0 0 0 0 0 0 0 0 0 0 
1 0.968061 0.907807 0.798228 0.616772 0.371306 0.137725 0.0214261 0.0008184 3.1e-06 0 0 0 0 0 0 0 0 0 0 
1 0.970275 0.914174 0.812148 0.641233 0.402469 0.162547 0.0294968 0.0013947 1.51e-05 0 0 0 0 0 0 0 0 0 0 
1 0.969926 0.91311 0.809428 0.636961 0.397152 0.159344 0.0288107 0.001431 1.08e-05 0 0 0 0 0 0 0 0 0 0 
1 0.96998 0.912617 0.8086 0.636043 0.397222 0.160664 0.0298926 0.0016404 9.2e-06 0 0 0 0 0 0 0 0 0 0 
1 0.967982 0.9069 0.79603 0.614222 0.368456 0.136346 0.0211448 0.0008073 1.7e-06 0 0 0 0 0 0 0 0 0 0 
1 0.967736 0.90613 0.794409 0.611851 0.36401 0.132088 0.0198635 0.0006166 2.6e-06 0 0 0 0 0 0 0 0 0 0 
1 0.971576 0.916808 0.816317 0.647722 0.410164 0.169276 0.0327124 0.001946 1.3e-05 0 0 0 0 0 0 0 0 0 0 
1 0.968913 0.909953 0.802618 0.626502 0.386115 0.152439 0.0272975 0.0013514 4.8e-06 0 0 0 0 0 0 0 0 0 0 
1 0.967577 0.906054 0.794135 0.611003 0.365046 0.13421 0.0202927 0.0006859 2.4e-06 0 0 0 0 0 0 0 0 0 0 
1 0.970683 0.914251 0.811474 0.64102 0.403461 0.163946 0.0301249 0.0016209 1.47e-05 0 0 0 0 0 0 0 0 0 0 
1 0.969009 0.910346 0.804288 0.630634 0.391653 0.156759 0.0287936 0.0014778 1.31e-05 0 0 0 0 0 0 0 0 0 0 
1 0.971233 0.916463 0.816476 0.649373 0.412796 0.171659 0.0327131 0.0016501 5.7e-06 0 0 0 0 0 0 0 0 0 0 
1 0.968617 0.908418 0.799246 0.619567 0.37546 0.142756 0.0230952 0.0008714 6e-06 0 0 0 0 0 0 0 0 0 0 
1 0.971527 0.916804 0.81674 0.64939 0.412983 0.172158 0.0334401 0.0018851 1.98e-05 0 0 0 0 0 0 0 0 0 0 
1 0.969523 0.911897 0.806701 0.63293 0.393505 0.156517 0.0279175 0.0013858 7.8e-06 0 0 0 0 0 0 0 0 0 0 
1 0.971585 0.916959 0.817138 0.648882 0.411114 0.169932 0.0318232 0.0015787 6.5e-06 0 0 0 0 0 0 0 0 0 0 
1 0.966395 0.902178 0.78719 0.600422 0.351603 0.123836 0.017053 0.0004937 6e-07 0 0 0 0 0 0 0 0 0 0 
1 0.970344 0.914009 0.811799 0.641579 0.40397 0.1651 0.0296578 0.0013734 7.9e-06 0 0 0 0 0 0 0 0 0 0 
1 0.970507 0.914053 0.811787 0.641069 0.403435 0.164226 0.0308091 0.0015631 5e-06 0 0 0 0 0 0 0 0 0 0 
1 0.968658 0.908586 0.799935 0.621062 0.377012 0.14181 0.0218318 0.0007552 2.4e-06 0 0 0 0 0 0 0 0 0 0 
1 0.970746 0.914778 0.812137 0.641124 0.403355 0.165948 0.0326194 0.0019838 1.25e-05 0 0 0 0 0 0 0 0 0 0 
1 0.969099 0.910035 0.802741 0.625113 0.382352 0.14809 0.0253057 0.0010729 6.5e-06 0 0 0 0 0 0 0 0 0 0 
1 0.969911 0.91262 0.808506 0.636038 0.396235 0.158208 0.0277983 0.0011521 1.08e-05 0 0 0 0 0 0 0 0 0 0 
1 0.968374 0.908561 0.799498 0.620647 0.377509 0.143394 0.0228285 0.0008332 7.7e-06 0 0 0 0 0 0 0 0 0 0 
1 0.970944 0.915752 0.814847 0.646526 0.410236 0.171359 0.0342905 0.0022208 4.69e-05 0 0 0 0 0 0 0 0 0 0 
1 0.969052 0.910044 0.802977 0.627322 0.386353 0.151678 0.0263859 0.0012594 1.3e-06 0 0 0 0 0 0 0 0 0 0 
1 0.969613 0.911837 0.806476 0.631347 0.390983 0.154778 0.0280465 0.0015141 1.43e-05 8e-07 0 0 0 0 0 0 0 0 0 
1 0.9685 0.90869 0.800096 0.620577 0.375836 0.140689 0.0218187 0.0007623 4.5e-06 0 0 0 0 0 0 0 0 0 0 
1 0.971178 0.915701 0.814316 0.645042 0.407118 0.166297 0.0301971 0.0013868 8.7e-06 0 0 0 0 0 0 0 0 0 0 
1 0.970913 0.915215 0.812355 0.641062 0.402408 0.163548 0.0299549 0.0014317 1.27e-05 0 0 0 0 0 0 0 0 0 0 
1 0.970297 0.913909 0.811517 0.641177 0.402826 0.162975 0.0289676 0.0013082 1.45e-05 0 0 0 0 0 0 0 0 0 0 
1 0.969198 0.910586 0.80442 0.62951 0.388322 0.15231 0.0264904 0.0012629 1.57e-05 0 0 0 0 0 0 0 0 0 0 
1 0.970549 0.914263 0.811647 0.640427 0.401465 0.163244 0.0304238 0.0015164 1.05e-05 0 0 0 0 0 0 0 0 0 0 
1 0.972918 0.921384 0.827241 0.667779 0.437264 0.191639 0.0399999 0.0023144 9.4e-06 0 0 0 0 0 0 0 0 0 0 
1 0.970258 0.913598 0.81036 0.639535 0.40048 0.161623 0.0288125 0.0012057 5.7e-06 0 0 0 0 0 0 0 0 0 0 
1 0.969798 0.912188 0.807339 0.633411 0.391859 0.152961 0.0250488 0.0009996 4.5e-06 0 0 0 0 0 0 0 0 0 0 
1 0.969454 0.911614 0.806605 0.632172 0.39013 0.152733 0.0257688 0.0010049 3.1e-06 0 0 0 0 0 0 0 0 0 0 
1 0.969939 0.912612 0.808136 0.635014 0.394806 0.157955 0.0285588 0.0013352 6.6e-06 1e-07 0 0 0 0 0 0 0 0 0 
1 0.970214 0.913565 0.811111 0.639629 0.400476 0.161126 0.0281332 0.0011218 8.8e-06 0 0 0 0 0 0 0 0 0 0 
1 0.971519 0.916415 0.815721 0.64695 0.41 0.169593 0.0323328 0.0019386 2.84e-05 0 0 0 0 0 0 0 0 0 0 
1 0.970176 0.912562 0.807729 0.633804 0.392 0.152731 0.0258055 0.0010533 7.4e-06 0 0 0 0 0 0 0 0 0 0 
1 0.970072 0.912747 0.808847 0.63589 0.395634 0.156992 0.0274317 0.0011538 3.1e-06 0 0 0 0 0 0 0 0 0 0 
1 0.967651 0.906394 0.795217 0.613523 0.367418 0.135299 0.0206369 0.0006594 2.9e-06 0 0 0 0 0 0 0 0 0 0 
1 0.972134 0.918678 0.820467 0.655743 0.423374 0.181285 0.0367588 0.0020979 1.43e-05 0 0 0 0 0 0 0 0 0 0 
1 0.969546 0.911743 0.807302 0.633829 0.393998 0.157407 0.028316 0.0013844 6.1e-06 0 0 0 0 0 0 0 0 0 0 
1 0.971064 0.915411 0.813745 0.643827 0.405933 0.16676 0.0311045 0.0015452 1.48e-05 0 0 0 0 0 0 0 0 0 0 
1 0.970264 0.91316 0.809464 0.638237 0.399411 0.160865 0.028576 0.0013204 1.45e-05 0 0 0 0 0 0 0 0 0 0 
1 0.970056 0.9132 0.809557 0.636458 0.396152 0.157991 0.0278709 0.001134 4.5e-06 0 0 0 0 0 0 0 0 0 0 
1 0.967747 0.906709 0.795692 0.614067 0.367868 0.13669 0.0209781 0.0007674 3.8e-06 0 0 0 0 0 0 0 0 0 0 
1 0.968054 0.906976 0.797058 0.616941 0.371483 0.139381 0.0220032 0.0007585 5.5e-06 0 0 0 0 0 0 0 0 0 0 
1 0.968412 0.908361 0.799614 0.620118 0.37721 0.145274 0.0246568 0.0010018 5.1e-06 0 0 0 0 0 0 0 0 0 0 
1 0.971625 0.917804 0.818822 0.652442 0.417386 0.174544 0.0330617 0.0015806 7.8e-06 0 0 0 0 0 0 0 0 0 0 
1 0.969552 0.911769 0.807031 0.633483 0.394391 0.157382 0.0284331 0.0014637 2.04e-05 0 0 0 0 0 0 0 0 0 0 
1 0.970837 0.914905 0.812596 0.641963 0.403614 0.163975 0.030499 0.0015648 1.31e-05 0 0 0 0 0 0 0 0 0 0 
1 0.969068 0.910016 0.804047 0.628265 0.386624 0.151199 0.0269267 0.0014371 1.83e-05 0 0 0 0 0 0 0 0 0 0 
1 0.970438 0.913809 0.810845 0.639561 0.399274 0.158706 0.0274335 0.0011242 1.5e-05 0 0 0 0 0 0 0 0 0 0 
1 0.972486 0.91913 0.820719 0.655175 0.4204 0.176027 0.0328703 0.001459 9.5e-06 0 0 0 0 0 0 0 0 0 0 
1 0.969839 0.912615 0.808598 0.635586 0.393674 0.154327 0.0255377 0.0009274 4e-07 0 0 0 0 0 0 0 0 0 0 
1 0.968977 0.910173 0.803314 0.627272 0.385348 0.149921 0.0257583 0.0012364 1.13e-05 0 0 0 0 0 0 0 0 0 0 
1 0.969689 0.912527 0.808264 0.635542 0.395023 0.157401 0.028424 0.0015502 9.5e-06 0 0 0 0 0 0 0 0 0 0 
1 0.971 0.916315 0.815573 0.647254 0.40951 0.167289 0.030309 0.001242 1.05e-05 0 0 0 0 0 0 0 0 0 0 
1 0.970035 0.913393 0.81023 0.63974 0.401836 0.164572 0.030936 0.0014156 8.1e-06 0 0 0 0 0 0 0 0 0 0 
1 0.970223 0.912977 0.808632 0.635287 0.396006 0.159359 0.0290728 0.0013709 6.5e-06 0 0 0 0 0 0 0 0 0 0 
1 0.97076 0.914705 0.812092 0.641508 0.403938 0.16542 0.0306579 0.0013904 5.5e-06 0 0 0 0 0 0 0 0 0 0 
1 0.970607 0.914496 0.812346 0.642605 0.404697 0.163571 0.0293831 0.0013423 8.7e-06 3e-07 0 0 0 0 0 0 0 0 0 
1 0.968415 0.908491 0.800323 0.62234 0.37901 0.14467 0.0234615 0.0009274 6e-07 0 0 0 0 0 0 0 0 0 0 
1 0.970079 0.913024 0.80832 0.633552 0.390853 0.152574 0.0254604 0.0009812 1.07e-05 0 0 0 0 0 0 0 0 0 0 
1 0.970039 0.913209 0.809849 0.638487 0.400252 0.162384 0.0299744 0.0015298 9.7e-06 0 0 0 0 0 0 0 0 0 0 
1 0.969189 0.910311 0.803594 0.628267 0.386898 0.151108 0.0260746 0.0011989 5.8e-06 0 0 0 0 0 0 0 0 0 0 
1 0.971133 0.91668 0.817604 0.650464 0.413392 0.170629 0.0316716 0.0014082 6.7e-06 0 0 0 0 0 0 0 0 0 0 
1 0.970551 0.914355 0.811958 0.641304 0.40214 0.161993 0.0293801 0.0013423 9e-06 0 0 0 0 0 0 0 0 0 0 
1 0.970121 0.912607 0.807362 0.632871 0.39134 0.153535 0.0260983 0.0010145 2.5e-06 0 0 0 0 0 0 0 0 0 0 
1 0.970166 0.91364 0.811113 0.639653 0.402406 0.165039 0.0311021 0.0014805 1.08e-05 0 0 0 0 0 0 0 0 0 0 
1 0.971619 0.916825 0.816898 0.65062 0.416308 0.17536 0.0349094 0.0019429 1.81e-05 0 0 0 0 0 0 0 0 0 0 
1 0.970909 0.915351 0.813993 0.644454 0.407776 0.168293 0.031871 0.0016739 1.17e-05 0 0 0 0 0 0 0 0 0 0 
1 0.970173 0.913882 0.810852 0.639294 0.398096 0.157187 0.0261355 0.0009429 2.6e-06 0 0 0 0 0 0 0 0 0 0 
1 0.968975 0.909688 0.802227 0.62533 0.383777 0.149917 0.0262945 0.0012691 1.76e-05 0 0 0 0 0 0 0 0 0 0 
1 0.969668 0.912175 0.807852 0.634533 0.395269 0.157954 0.0283804 0.001314 5.6e-06 0 0 0 0 0 0 0 0 0 0 
1 0.971507 0.917358 0.817919 0.65196 0.416322 0.173211 0.0322635 0.0014821 6.6e-06 3e-07 0 0 0 0 0 0 0 0 0 
1 0.969365 0.910251 0.802945 0.625105 0.381869 0.146095 0.0238653 0.0010175 2.4e-06 0 0 0 0 0 0 0 0 0 0 
1 0.97095 0.915334 0.813541 0.642916 0.403998 0.163078 0.0287836 0.001301 3.7e-06 0 0 0 0 0 0 0 0 0 0 
1 0.971448 0.91735 0.818206 0.651927 0.416501 0.174108 0.0335602 0.0016473 1.38e-05 0 0 0 0 0 0 0 0 0 0 
1 0.968243 0.90814 0.799282 0.619997 0.375157 0.140596 0.0222089 0.0008364 3e-07 0 0 0 0 0 0 0 0 0 0 
1 0.970086 0.913039 0.808811 0.635264 0.393535 0.153895 0.0249135 0.0008205 8e-07 0 0 0 0 0 0 0 0 0 0 
1 0.969197 0.910723 0.803533 0.627064 0.384848 0.149878 0.0258131 0.0010807 1.8e-06 0 0 0 0 0 0 0 0 0 0 
1 0.971643 0.917778 0.819491 0.655513 0.425083 0.186045 0.0416802 0.0034476 6e-05 0 0 0 0 0 0 0 0 0 0 
1 0.969826 0.91211 0.807544 0.633391 0.392938 0.155652 0.0279089 0.0016304 1.89e-05 0 0 0 0 0 0 0 0 0 0 
1 0.968799 0.909909 0.802403 0.624988 0.381043 0.14468 0.022499 0.0007403 2e-07 0 0 0 0 0 0 0 0 0 0 
1 0.968268 0.908174 0.799488 0.621507 0.379402 0.147655 0.0258505 0.0013515 1.32e-05 0 0 0 0 0 0 0 0 0 0 
1 0.969016 0.909875 0.802364 0.626277 0.386945 0.155103 0.029666 0.0017876 3.12e-05 0 0 0 0 0 0 0 0 0 0 
1 0.968877 0.909563 0.801669 0.624562 0.38303 0.149003 0.0251944 0.0010356 4e-06 0 0 0 0 0 0 0 0 0 0 
1 0.97223 0.91902 0.821198 0.657084 0.423848 0.181124 0.0371441 0.0021465 3.32e-05 0 0 0 0 0 0 0 0 0 0 
1 0.969111 0.910457 0.804277 0.628058 0.386015 0.150679 0.026285 0.0011788 6.9e-06 0 0 0 0 0 0 0 0 0 0 
1 0.970032 0.913358 0.809901 0.638586 0.39872 0.159093 0.0274618 0.0010098 4.8e-06 0 0 0 0 0 0 0 0 0 0 
1 0.971877 0.918626 0.820986 0.656791 0.42445 0.183852 0.0390639 0.0026695 3.07e-05 0 0 0 0 0 0 0 0 0 0 
1 0.96914 0.909943 0.802748 0.625769 0.383452 0.149189 0.0257905 0.0011114 1.05e-05 0 0 0 0 0 0 0 0 0 0 
1 0.971452 0.916277 0.814778 0.64533 0.407465 0.166673 0.0310753 0.0014753 4.7e-06 0 0 0 0 0 0 0 0 0 0 
1 0.968485 0.90867 0.800478 0.622333 0.37898 0.144451 0.0229315 0.0008376 1.8e-06 0 0 0 0 0 0 0 0 0 0 
1 0.970707 0.914455 0.812022 0.641323 0.402545 0.16253 0.0286476 0.0011163 8.2e-06 0 0 0 0 0 0 0 0 0 0 
1 0.968269 0.907974 0.798712 0.620104 0.378468 0.147879 0.0267741 0.0013339 1.4e-05 0 0 0 0 0 0 0 0 0 0 
1 0.970704 0.915062 0.813785 0.645242 0.408573 0.168072 0.0312008 0.0015427 7.3e-06 0 0 0 0 0 0 0 0 0 0 
1 0.97312 0.921503 0.826835 0.666482 0.435347 0.189262 0.0384674 0.0020272 1.75e-05 0 0 0 0 0 0 0 0 0 0 
1 0.970949 0.915257 0.813093 0.642212 0.403224 0.163305 0.029102 0.0014228 1.06e-05 0 0 0 0 0 0 0 0 0 0 
1 0.970122 0.913046 0.80864 0.635224 0.394491 0.155642 0.02615 0.0009786 5.8e-06 0 0 0 0 0 0 0 0 0 0 
1 0.97027 0.914358 0.812267 0.640947 0.401725 0.162026 0.0293067 0.0013999 5.9e-06 0 0 0 0 0 0 0 0 0 0 
1 0.969147 0.910948 0.805043 0.629183 0.38768 0.151448 0.0260461 0.0011203 2.3e-06 0 0 0 0 0 0 0 0 0 0 
1 0.972472 0.919894 0.822315 0.658157 0.423616 0.179609 0.0347591 0.0016852 5.4e-06 0 0 0 0 0 0 0 0 0 0 
1 0.970222 0.913221 0.809123 0.637593 0.399148 0.161732 0.0298369 0.0014695 2.03e-05 0 0 0 0 0 0 0 0 0 0 
1 0.969636 0.911646 0.806423 0.631955 0.391124 0.154728 0.0271038 0.0011076 2.5e-06 0 0 0 0 0 0 0 0 0 0 
1 0.971494 0.916268 0.815564 0.647541 0.410672 0.170068 0.0318156 0.0016523 1.32e-05 0 0 0 0 0 0 0 0 0 0 
1 0.971803 0.917975 0.82013 0.655609 0.423004 0.183172 0.0401855 0.0031259 5.73e-05 0 0 0 0 0 0 0 0 0 0 
1 0.971743 0.917583 0.818245 0.651945 0.417251 0.175928 0.0353874 0.0021152 1.65e-05 0 0 0 0 0 0 0 0 0 0 
1 0.968789 0.909147 0.801225 0.623324 0.379746 0.145627 0.0239405 0.0009656 1.1e-06 0 0 0 0 0 0 0 0 0 0 
1 0.970014 0.912699 0.808296 0.634258 0.39293 0.154605 0.0263608 0.0010136 5.7e-06 0 0 0 0 0 0 0 0 0 0 
1 0.969743 0.911827 0.806301 0.631743 0.391488 0.154647 0.0266673 0.0010677 1.5e-05 0 0 0 0 0 0 0 0 0 0 
1 0.970259 0.913857 0.810609 0.639048 0.399519 0.159807 0.0282931 0.0012728 3.2e-06 0 0 0 0 0 0 0 0 0 0 
1 0.96887 0.90977 0.802425 0.625062 0.381527 0.146426 0.0244767 0.0009916 2.4e-06 0 0 0 0 0 0 0 0 0 0 
1 0.970103 0.912829 0.80813 0.635179 0.395353 0.158688 0.0289611 0.0014689 2e-05 0 0 0 0 0 0 0 0 0 0 
1 0.972852 0.920868 0.825883 0.665551 0.434525 0.190433 0.0406389 0.0026905 2.08e-05 9e-07 0 0 0 0 0 0 0 0 0 
1 0.972222 0.919582 0.823358 0.660658 0.42705 0.182408 0.0360515 0.0019114 1.33e-05 0 0 0 0 0 0 0 0 0 0 
1 0.969557 0.911671 0.806062 0.631041 0.389588 0.153504 0.0266621 0.0010599 0 0 0 0 0 0 0 0 0 0 0 
1 0.96924 0.910455 0.803738 0.627907 0.385443 0.148407 0.0239046 0.0008397 1e-07 0 0 0 0 0 0 0 0 0 0 
1 0.973052 0.921754 0.827642 0.668121 0.438721 0.195302 0.0446854 0.0035901 6.58e-05 0 0 0 0 0 0 0 0 0 0 
1 0.968513 0.908749 0.80009 0.621337 0.377548 0.144146 0.0236726 0.0009555 1.02e-05 0 0 0 0 0 0 0 0 0 0 
1 0.971352 0.91663 0.817034 0.649875 0.415274 0.17525 0.0347896 0.0018168 1.64e-05 0 0 0 0 0 0 0 0 0 0 
1 0.969 0.910459 0.804468 0.62826 0.384827 0.148805 0.0247635 0.0009551 5e-06 0 0 0 0 0 0 0 0 0 0 
1 0.968415 0.908512 0.800179 0.622832 0.381861 0.150711 0.0282 0.0016952 2.06e-05 0 0 0 0 0 0 0 0 0 0 
1 0.966982 0.904696 0.792209 0.608791 0.362874 0.133745 0.0203878 0.0006094 0 0 0 0 0 0 0 0 0 0 0 
1 0.970099 0.913866 0.810601 0.639102 0.399902 0.160346 0.0285413 0.0013349 5.2e-06 0 0 0 0 0 0 0 0 0 0 
1 0.968796 0.908903 0.80049 0.622429 0.37809 0.144545 0.0240287 0.0009312 2.4e-06 0 0 0 0 0 0 0 0 0 0 
1 0.969858 0.911898 0.805633 0.629287 0.385227 0.14729 0.0231135 0.0007379 4.9e-06 0 0 0 0 0 0 0 0 0 0 
1 0.971418 0.91642 0.815426 0.646846 0.410061 0.169101 0.0316564 0.0015649 6e-06 0 0 0 0 0 0 0 0 0 0 
1 0.970279 0.914076 0.811623 0.641308 0.403727 0.165262 0.0309314 0.0015668 1.37e-05 0 0 0 0 0 0 0 0 0 0 
1 0.970609 0.91462 0.812588 0.643443 0.407186 0.169869 0.0338107 0.0020161 2.14e-05 0 0 0 0 0 0 0 0 0 0 
1 0.970166 0.913163 0.809334 0.637242 0.396787 0.157848 0.0277352 0.0011209 2.5e-06 0 0 0 0 0 0 0 0 0 0 
1 0.971181 0.915987 0.815084 0.647117 0.411155 0.171603 0.0330957 0.0017082 1.51e-05 0 0 0 0 0 0 0 0 0 0 
1 0.969199 0.910458 0.804204 0.628451 0.386821 0.150702 0.0253694 0.0010986 3.7e-06 0 0 0 0 0 0 0 0 0 0 
1 0.970669 0.913861 0.810385 0.63878 0.400748 0.162492 0.0295027 0.001358 7.6e-06 0 0 0 0 0 0 0 0 0 0 
1 0.969711 0.91193 0.80651 0.632009 0.391432 0.154734 0.0266926 0.0011415 4.8e-06 0 0 0 0 0 0 0 0 0 0 
1 0.972536 0.91935 0.821683 0.6571 0.423277 0.181069 0.0370668 0.0023168 3.43e-05 0 0 0 0 0 0 0 0 0 0 
1 0.969521 0.911105 0.805148 0.630169 0.388658 0.15221 0.0257691 0.0010563 9e-06 0 0 0 0 0 0 0 0 0 0 
1 0.972123 0.918279 0.820669 0.656045 0.420725 0.177097 0.0344557 0.001827 9.5e-06 0 0 0 0 0 0 0 0 0 0 
1 0.968516 0.908687 0.799869 0.620733 0.375405 0.140343 0.0214799 0.0006863 2e-07 0 0 0 0 0 0 0 0 0 0 
1 0.969643 0.911949 0.80753 0.634576 0.394463 0.156853 0.0274763 0.0011366 5.6e-06 0 0 0 0 0 0 0 0 0 0 
1 0.968986 0.910787 0.80469 0.628439 0.38682 0.151303 0.0256942 0.0009792 4e-06 0 0 0 0 0 0 0 0 0 0 
1 0.971469 0.916535 0.816047 0.648502 0.412418 0.17073 0.0318136 0.001522 1.3e-05 0 0 0 0 0 0 0 0 0 0 
1 0.971468 0.916796 0.81681 0.650503 0.416805 0.178675 0.0386284 0.0031017 7.37e-05 0 0 0 0 0 0 0 0 0 0 
1 0.96892 0.909264 0.801984 0.626257 0.385248 0.149422 0.024744 0.0008976 1.2e-06 0 0 0 0 0 0 0 0 0 0 
1 0.968338 0.908145 0.79895 0.619865 0.375727 0.141493 0.02189 0.0007466 1.3e-06 0 0 0 0 0 0 0 0 0 0 
1 0.970463 0.914078 0.811327 0.640616 0.402316 0.161838 0.028811 0.0012386 4.6e-06 0 0 0 0 0 0 0 0 0 0 
1 0.970307 0.913245 0.809976 0.63853 0.399572 0.162035 0.0306982 0.0018022 2.07e-05 8e-07 0 0 0 0 0 0 0 0 0 
1 0.97194 0.91891 0.82154 0.658023 0.424303 0.180284 0.0358223 0.0020708 8.4e-06 0 0 0 0 0 0 0 0 0 0 
1 0.971299 0.916229 0.815807 0.648683 0.413237 0.172652 0.0332891 0.0017397 1.92e-05 0 0 0 0 0 0 0 0 0 0 
1 0.968219 0.907998 0.798508 0.61989 0.375888 0.141031 0.021663 0.0007107 3.8e-06 0 0 0 0 0 0 0 0 0 0 
1 0.972089 0.918585 0.821009 0.657048 0.422985 0.179787 0.0355199 0.0018917 6.5e-06 0 0 0 0 0 0 0 0 0 0 
1 0.966818 0.903736 0.78952 0.602826 0.354663 0.127024 0.0187205 0.00063 4.1e-06 0 0 0 0 0 0 0 0 0 0 
1 0.969509 0.911715 0.806608 0.631876 0.389549 0.151141 0.0248496 0.0008831 5.1e-06 0 0 0 0 0 0 0 0 0 0 
1 0.970623 0.914545 0.81248 0.641965 0.402734 0.161008 0.0277941 0.0010715 3.3e-06 0 0 0 0 0 0 0 0 0 0 
1 0.970587 0.913771 0.810481 0.637804 0.397069 0.157389 0.0265129 0.0009728 1.5e-06 0 0 0 0 0 0 0 0 0 0 
1 0.969759 0.912185 0.806672 0.632179 0.391264 0.153895 0.0264133 0.0011668 3.2e-06 0 0 0 0 0 0 0 0 0 0 
1 0.967589 0.905698 0.793076 0.609491 0.361808 0.130328 0.0184715 0.0004705 1e-06 0 0 0 0 0 0 0 0 0 0 
1 0.969397 0.910657 0.804367 0.628763 0.38651 0.150114 0.024834 0.0008601 2.3e-06 0 0 0 0 0 0 0 0 0 0 
1 0.968441 0.90855 0.799775 0.620045 0.374513 0.13922 0.0209714 0.0006449 3e-06 0 0 0 0 0 0 0 0 0 0 
1 0.970134 0.913627 0.810282 0.638749 0.400056 0.162013 0.0298167 0.0014946 1.04e-05 0 0 0 0 0 0 0 0 0 0 
1 0.970004 0.912782 0.80838 0.635319 0.394281 0.156991 0.0273359 0.0012032 7e-07 0 0 0 0 0 0 0 0 0 0 
1 0.970037 0.91302 0.8092 0.636987 0.397029 0.158305 0.027432 0.0011696 9.1e-06 0 0 0 0 0 0 0 0 0 0 
1 0.97332 0.921484 0.826263 0.665155 0.434702 0.190818 0.0405782 0.002796 5.01e-05 0 0 0 0 0 0 0 0 0 0 
1 0.972424 0.919895 0.823393 0.661405 0.429493 0.187055 0.0396923 0.0025983 2.79e-05 0 0 0 0 0 0 0 0 0 0 
1 0.970765 0.914426 0.812381 0.643016 0.406962 0.168543 0.0332952 0.0020347 1.78e-05 0 0 0 0 0 0 0 0 0 0 
1 0.972788 0.920811 0.825233 0.664315 0.432464 0.18838 0.0392201 0.0023332 1.22e-05 0 0 0 0 0 0 0 0 0 0 
1 0.97137 0.916487 0.816624 0.650539 0.417573 0.179483 0.0389756 0.0028737 4.49e-05 0 0 0 0 0 0 0 0 0 0 
1 0.969026 0.91002 0.802851 0.625308 0.381723 0.146162 0.0238185 0.0009571 1.17e-05 0 0 0 0 0 0 0 0 0 0 
1 0.967439 0.905659 0.794971 0.61462 0.373324 0.145461 0.0257724 0.0013006 6.6e-06 0 0 0 0 0 0 0 0 0 0 
1 0.970268 0.913366 0.81011 0.638604 0.400489 0.162234 0.0302384 0.0014898 2.18e-05 0 0 0 0 0 0 0 0 0 0 
1 0.969072 0.910156 0.803437 0.627446 0.386362 0.151895 0.0277881 0.0014264 1.38e-05 0 0 0 0 0 0 0 0 0 0 
1 0.970356 0.913263 0.808745 0.635496 0.395437 0.157648 0.0278517 0.0011982 1.07e-05 0 0 0 0 0 0 0 0 0 0 
1 0.966869 0.904329 0.792306 0.609792 0.364273 0.135117 0.0212864 0.0008124 3.9e-06 0 0 0 0 0 0 0 0 0 0 
1 0.9703 0.914044 0.812483 0.64375 0.407124 0.167205 0.0317786 0.0015849 2.62e-05 0 0 0 0 0 0 0 0 0 0 
1 0.969441 0.911282 0.804992 0.630039 0.389512 0.154056 0.027223 0.0013506 1.87e-05 0 0 0 0 0 0 0 0 0 0 
1 0.971295 0.916116 0.815802 0.647967 0.412835 0.171133 0.0321388 0.0014926 1.18e-05 0 0 0 0 0 0 0 0 0 0 
1 0.970064 0.913329 0.80989 0.636738 0.397909 0.161231 0.0294748 0.001273 4.8e-06 0 0 0 0 0 0 0 0 0 0 
1 0.969556 0.911364 0.805678 0.630611 0.389399 0.15389 0.0274631 0.0012143 6.4e-06 0 0 0 0 0 0 0 0 0 0 
1 0.973949 0.92445 0.832951 0.677095 0.449787 0.2028 0.0444557 0.0027768 2.58e-05 0 0 0 0 0 0 0 0 0 0 
1 0.96801 0.907363 0.797044 0.616123 0.371152 0.13954 0.0222459 0.0007939 2e-07 0 0 0 0 0 0 0 0 0 0 
1 0.968021 0.907921 0.798715 0.619077 0.373464 0.138694 0.0207925 0.0005857 4.1e-06 0 0 0 0 0 0 0 0 0 0 
1 0.967774 0.906897 0.796552 0.615492 0.370046 0.137788 0.0216246 0.0007921 2e-06 0 0 0 0 0 0 0 0 0 0 
1 0.97086 0.914746 0.812025 0.640985 0.40108 0.160081 0.0276517 0.0010277 3.1e-06 0 0 0 0 0 0 0 0 0 0 
1 0.971428 0.917343 0.817993 0.650691 0.414052 0.172297 0.0329811 0.001664 9.4e-06 0 0 0 0 0 0 0 0 0 0 
1 0.969453 0.91128 0.805954 0.632118 0.393249 0.15808 0.0295889 0.001645 1.92e-05 0 0 0 0 0 0 0 0 0 0 
1 0.968243 0.908091 0.799612 0.621981 0.37919 0.146318 0.0247871 0.0011367 8.3e-06 0 0 0 0 0 0 0 0 0 0 
1 0.968608 0.909048 0.801161 0.623019 0.379609 0.144629 0.0227784 0.0007625 6.4e-06 0 0 0 0 0 0 0 0 0 0 
1 0.97177 0.918026 0.819378 0.653902 0.418382 0.174987 0.0333327 0.0016037 1.49e-05 0 0 0 0 0 0 0 0 0 0 
1 0.969222 0.910676 0.805041 0.629727 0.388245 0.152375 0.0264918 0.0010953 7.6e-06 0 0 0 0 0 0 0 0 0 0 
1 0.970595 0.914209 0.81132 0.641021 0.40509 0.168306 0.0339387 0.0023739 3.37e-05 0 0 0 0 0 0 0 0 0 0 
1 0.969794 0.911998 0.807232 0.633149 0.392919 0.15572 0.0274825 0.001258 1.05e-05 0 0 0 0 0 0 0 0 0 0 
1 0.971218 0.916309 0.815658 0.647071 0.409344 0.167115 0.030267 0.0013852 5.4e-06 0 0 0 0 0 0 0 0 0 0 
1 0.969758 0.911633 0.80637 0.630769 0.389082 0.152421 0.0258309 0.0009761 8.6e-06 0 0 0 0 0 0 0 0 0 0 
1 0.971745 0.918196 0.819792 0.65431 0.419419 0.177282 0.0350806 0.002093 2.88e-05 0 0 0 0 0 0 0 0 0 0 
1 0.97028 0.913144 0.809588 0.638068 0.401144 0.163867 0.0306392 0.0014285 2.6e-06 0 0 0 0 0 0 0 0 0 0 
1 0.969747 0.912553 0.808272 0.63504 0.394957 0.156518 0.0273163 0.0011932 7.8e-06 0 0 0 0 0 0 0 0 0 0 
1 0.969866 0.912671 0.808154 0.635062 0.393158 0.154991 0.0261238 0.0010769 2.6e-06 0 0 0 0 0 0 0 0 0 0 
1 0.96851 0.908899 0.801297 0.62464 0.383338 0.150912 0.0266409 0.0012728 7e-06 0 0 0 0 0 0 0 0 0 0 
1 0.970742 0.914919 0.8132 0.642891 0.403942 0.163388 0.0290287 0.0011707 8.8e-06 0 0 0 0 0 0 0 0 0 0 
1 0.971384 0.916908 0.816992 0.649888 0.413023 0.170104 0.0312482 0.0013109 6.9e-06 0 0 0 0 0 0 0 0 0 0 
1 0.970374 0.914359 0.811772 0.641129 0.404675 0.168303 0.0334539 0.0020032 1.98e-05 0 0 0 0 0 0 0 0 0 0 
1 0.970962 0.91542 0.813336 0.643304 0.404919 0.164352 0.0291718 0.0012736 9.1e-06 0 0 0 0 0 0 0 0 0 0 
1 0.969955 0.912807 0.808163 0.635068 0.394611 0.156362 0.0275219 0.0013437 1.15e-05 0 0 0 0 0 0 0 0 0 0 
1 0.971261 0.91676 0.816915 0.649042 0.413238 0.172001 0.0325121 0.0015461 6.5e-06 0 0 0 0 0 0 0 0 0 0 
1 0.97312 0.921614 0.826799 0.665675 0.434623 0.188878 0.0383092 0.0019804 1.27e-05 0 0 0 0 0 0 0 0 0 0 
1 0.970903 0.915395 0.814202 0.645894 0.408524 0.1676 0.031027 0.0015218 5.5e-06 0 0 0 0 0 0 0 0 0 0 
1 0.970552 0.914637 0.812786 0.643372 0.405295 0.163698 0.0298441 0.0015424 1.13e-05 0 0 0 0 0 0 0 0 0 0 
1 0.971118 0.915542 0.815019 0.645681 0.407402 0.165913 0.0302288 0.0013798 7.3e-06 0 0 0 0 0 0 0 0 0 0 
1 0.969819 0.912115 0.80685 0.633224 0.392417 0.154729 0.0259262 0.000952 3.2e-06 0 0 0 0 0 0 0 0 0 0 
1 0.971137 0.915627 0.814365 0.644914 0.407187 0.166512 0.030947 0.0016325 6.5e-06 0 0 0 0 0 0 0 0 0 0 
1 0.966678 0.903516 0.789862 0.605562 0.360546 0.132921 0.0206651 0.0008193 7e-06 0 0 0 0 0 0 0 0 0 0 
1 0.969945 0.912955 0.809497 0.638298 0.398816 0.158708 0.0270076 0.001109 6.4e-06 0 0 0 0 0 0 0 0 0 0 
1 0.973045 0.921109 0.825051 0.663268 0.431985 0.189202 0.0404306 0.0027223 4.03e-05 0 0 0 0 0 0 0 0 0 0 
1 0.968477 0.908399 0.799798 0.620584 0.374881 0.139671 0.0211944 0.0007254 5.7e-06 0 0 0 0 0 0 0 0 0 0 
1 0.967543 0.905769 0.793845 0.611745 0.366811 0.13646 0.0212599 0.000788 4.3e-06 0 0 0 0 0 0 0 0 0 0 
1 0.971465 0.917016 0.817232 0.649448 0.412798 0.16962 0.0307344 0.0012213 9.5e-06 0 0 0 0 0 0 0 0 0 0 
1 0.967649 0.90592 0.793967 0.610033 0.36272 0.13153 0.0187538 0.00056 4.4e-06 0 0 0 0 0 0 0 0 0 0 
1 0.968597 0.908986 0.800709 0.623488 0.382752 0.149801 0.0266485 0.0014382 1.71e-05 0 0 0 0 0 0 0 0 0 0 
1 0.967153 0.904405 0.790948 0.605844 0.358535 0.129126 0.0185366 0.0005689 0 0 0 0 0 0 0 0 0 0 0 
1 0.96893 0.909429 0.800974 0.622266 0.379069 0.145088 0.0239363 0.0008966 6.2e-06 0 0 0 0 0 0 0 0 0 0 
1 0.967724 0.906244 0.794204 0.611823 0.366693 0.136816 0.0218878 0.0008439 1.5e-06 0 0 0 0 0 0 0 0 0 0 
1 0.970852 0.915167 0.814071 0.645396 0.408921 0.169547 0.0325922 0.0017817 1.38e-05 0 0 0 0 0 0 0 0 0 0 
1 0.969409 0.910687 0.804406 0.628239 0.386573 0.151026 0.0261609 0.0011507 7.5e-06 0 0 0 0 0 0 0 0 0 0 
1 0.969927 0.912518 0.8076 0.634472 0.395949 0.159997 0.0296049 0.0014475 2.38e-05 0 0 0 0 0 0 0 0 0 0 
1 0.970435 0.913756 0.810908 0.640352 0.403187 0.166035 0.0324056 0.0018965 1.56e-05 0 0 0 0 0 0 0 0 0 0 
1 0.969896 0.912194 0.807123 0.632682 0.392301 0.156813 0.0283929 0.001397 1.78e-05 0 0 0 0 0 0 0 0 0 0 
1 0.971062 0.915812 0.815372 0.648935 0.416094 0.179192 0.0386185 0.0029566 5.5e-05 0 0 0 0 0 0 0 0 0 0 
1 0.97084 0.91515 0.813194 0.643149 0.40531 0.165333 0.030344 0.0014921 1.26e-05 0 0 0 0 0 0 0 0 0 0 
1 0.968288 0.907684 0.798169 0.619762 0.378029 0.146704 0.0251066 0.0012032 4.8e-06 0 0 0 0 0 0 0 0 0 0 
1 0.970556 0.914238 0.811586 0.640701 0.402189 0.162241 0.0288094 0.0012362 7.3e-06 0 0 0 0 0 0 0 0 0 0 
1 0.968348 0.908029 0.798927 0.620012 0.376265 0.142007 0.022761 0.0010576 1.17e-05 0 0 0 0 0 0 0 0 0 0 
1 0.971411 0.917057 0.818058 0.65167 0.416775 0.176965 0.0361791 0.0021728 2.77e-05 0 0 0 0 0 0 0 0 0 0 
1 0.972171 0.918864 0.820541 0.654787 0.417252 0.172854 0.0310158 0.0012568 5.7e-06 0 0 0 0 0 0 0 0 0 0 
1 0.966933 0.904372 0.79184 0.608543 0.362684 0.133941 0.0210117 0.0007659 2.9e-06 0 0 0 0 0 0 0 0 0 0 
1 0.970691 0.914788 0.813262 0.645587 0.412232 0.175316 0.0369428 0.0025334 3.76e-05 0 0 0 0 0 0 0 0 0 0 
1 0.972432 0.920191 0.824161 0.662466 0.43025 0.186001 0.0381801 0.0022093 6.6e-06 0 0 0 0 0 0 0 0 0 0 
1 0.969038 0.90993 0.802705 0.625944 0.38251 0.147195 0.0242522 0.0010057 2.3e-06 0 0 0 0 0 0 0 0 0 0 
1 0.971143 0.916013 0.815277 0.646903 0.410913 0.171671 0.033562 0.0018976 1.62e-05 0 0 0 0 0 0 0 0 0 0 
1 0.97181 0.917948 0.819102 0.652463 0.416544 0.17409 0.0335038 0.0018521 2.01e-05 0 0 0 0 0 0 0 0 0 0 
1 0.969182 0.910592 0.80423 0.628588 0.388214 0.154522 0.0288646 0.0015959 2.48e-05 0 0 0 0 0 0 0 0 0 0 
1 0.972683 0.920383 0.824543 0.662043 0.431141 0.188687 0.0405829 0.0025428 2.74e-05 0 0 0 0 0 0 0 0 0 0 
1 0.970075 0.912956 0.809383 0.637402 0.399341 0.161833 0.0297145 0.0014247 1.06e-05 0 0 0 0 0 0 0 0 0 0 
1 0.972018 0.918711 0.820469 0.656279 0.421885 0.179852 0.0355238 0.0018071 1.23e-05 0 0 0 0 0 0 0 0 0 0 
1 0.969299 0.910998 0.804682 0.629443 0.387152 0.149627 0.0239196 0.0008257 2.4e-06 0 0 0 0 0 0 0 0 0 0 
1 0.96984 0.911789 0.806647 0.633289 0.394916 0.160151 0.030659 0.001803 1.51e-05 0 0 0 0 0 0 0 0 0 0 
1 0.971449 0.917103 0.817319 0.649791 0.412395 0.170178 0.032223 0.0016182 1.87e-05 0 0 0 0 0 0 0 0 0 0 
1 0.969793 0.912121 0.807597 0.63368 0.393529 0.15544 0.0266458 0.0010342 4.1e-06 0 0 0 0 0 0 0 0 0 0 
1 0.9718 0.917484 0.818603 0.651599 0.414429 0.170805 0.031859 0.0013988 1.23e-05 0 0 0 0 0 0 0 0 0 0 
1 0.968573 0.908941 0.80102 0.623679 0.381107 0.146798 0.0236184 0.0008982 4.5e-06 0 0 0 0 0 0 0 0 0 0 
1 0.967876 0.906179 0.794697 0.611765 0.365745 0.134977 0.0206488 0.0007957 7e-07 0 0 0 0 0 0 0 0 0 0 
1 0.969926 0.912494 0.807657 0.634803 0.395019 0.158554 0.0292275 0.0014483 1.09e-05 0 0 0 0 0 0 0 0 0 0 
1 0.968793 0.909 0.800724 0.622227 0.378641 0.145216 0.0237688 0.0009715 5.1e-06 0 0 0 0 0 0 0 0 0 0 
1 0.969355 0.910946 0.805129 0.630856 0.390258 0.154478 0.0269984 0.0011111 2.5e-06 0 0 0 0 0 0 0 0 0 0 
1 0.970916 0.915377 0.814311 0.645448 0.408372 0.16867 0.0328393 0.0018735 2.89e-05 0 0 0 0 0 0 0 0 0 0 
1 0.969948 0.913348 0.809783 0.63769 0.397391 0.157949 0.0272849 0.0011501 8.4e-06 0 0 0 0 0 0 0 0 0 0 
1 0.969307 0.910886 0.804459 0.629228 0.388029 0.152176 0.0264982 0.0012348 9.8e-06 0 0 0 0 0 0 0 0 0 0 
1 0.96818 0.907821 0.798919 0.619699 0.374759 0.140013 0.0212436 0.0006858 2.2e-06 0 0 0 0 0 0 0 0 0 0 
1 0.968355 0.908491 0.800721 0.62315 0.382729 0.152192 0.0278993 0.001461 1.86e-05 0 0 0 0 0 0 0 0 0 0 
1 0.968175 0.908101 0.799934 0.622751 0.381757 0.149887 0.0275939 0.0015955 3.08e-05 0 0 0 0 0 0 0 0 0 0 
1 0.969858 0.912488 0.807787 0.634553 0.395177 0.159067 0.0300778 0.0016901 1.7e-05 0 0 0 0 0 0 0 0 0 0 
1 0.970739 0.914287 0.811393 0.640982 0.403293 0.164545 0.0304361 0.0014948 1.08e-05 0 0 0 0 0 0 0 0 0 0 
1 0.971815 0.917958 0.819051 0.65324 0.418367 0.175722 0.0336762 0.0017717 1.48e-05 0 0 0 0 0 0 0 0 0 0 
1 0.969562 0.911609 0.806251 0.632126 0.392368 0.156128 0.0284512 0.0014726 2.56e-05 0 0 0 0 0 0 0 0 0 0 
1 0.969134 0.91047 0.803002 0.625747 0.384528 0.150622 0.0264713 0.0012895 5e-06 0 0 0 0 0 0 0 0 0 0 
1 0.971579 0.91699 0.817413 0.651367 0.418785 0.180451 0.0392342 0.0029448 4.59e-05 0 0 0 0 0 0 0 0 0 0 
1 0.971155 0.916309 0.815746 0.647394 0.41002 0.168778 0.0310899 0.0013837 6.2e-06 0 0 0 0 0 0 0 0 0 0 
1 0.969056 0.910175 0.803761 0.627438 0.384992 0.148303 0.0238018 0.0008636 4.5e-06 0 0 0 0 0 0 0 0 0 0 
1 0.96883 0.908979 0.800645 0.623302 0.381348 0.148332 0.0264726 0.0014686 3.07e-05 0 0 0 0 0 0 0 0 0 0 
1 0.97152 0.917066 0.817688 0.65116 0.415383 0.172942 0.0330374 0.0017586 7.6e-06 0 0 0 0 0 0 0 0 0 0 
1 0.969097 0.90949 0.801805 0.62473 0.383248 0.150347 0.0266143 0.0012279 2.6e-06 0 0 0 0 0 0 0 0 0 0 
1 0.969385 0.910849 0.805071 0.631128 0.391668 0.156885 0.0280206 0.0013266 5.9e-06 0 0 0 0 0 0 0 0 0 0 
1 0.968017 0.907139 0.797578 0.617281 0.372872 0.140277 0.0216684 0.0006263 8e-07 0 0 0 0 0 0 0 0 0 0 
1 0.970758 0.914795 0.812253 0.641899 0.403629 0.163983 0.0300798 0.0014926 1.37e-05 0 0 0 0 0 0 0 0 0 0 
1 0.972416 0.92049 0.825233 0.664393 0.434652 0.192037 0.0416303 0.0029398 3.42e-05 0 0 0 0 0 0 0 0 0 0 
1 0.970356 0.913963 0.811494 0.64098 0.401728 0.161238 0.0274712 0.0010546 8.4e-06 0 0 0 0 0 0 0 0 0 0 
1 0.968373 0.908243 0.798838 0.618198 0.372562 0.139447 0.0217656 0.0007441 1.1e-06 0 0 0 0 0 0 0 0 0 0 
1 0.971902 0.918548 0.820586 0.655634 0.421758 0.179601 0.0358584 0.001962 1.12e-05 0 0 0 0 0 0 0 0 0 0 
1 0.970801 0.915013 0.812949 0.641867 0.401608 0.16011 0.0273847 0.0010361 3.4e-06 0 0 0 0 0 0 0 0 0 0 
1 0.968169 0.907333 0.796946 0.615852 0.370018 0.137787 0.0211562 0.000681 1.4e-06 0 0 0 0 0 0 0 0 0 0 
1 0.969602 0.911565 0.806645 0.631933 0.390849 0.153168 0.0258685 0.0010854 4.2e-06 0 0 0 0 0 0 0 0 0 0 
1 0.967331 0.905126 0.793316 0.610339 0.364528 0.135109 0.0212463 0.0008137 9.1e-06 0 0 0 0 0 0 0 0 0 0 
1 0.96917 0.910589 0.803961 0.628184 0.386284 0.150027 0.0252266 0.0011295 6.1e-06 0 0 0 0 0 0 0 0 0 0 
1 0.967201 0.90533 0.793105 0.610159 0.363721 0.133646 0.0200494 0.0007036 4.3e-06 0 0 0 0 0 0 0 0 0 0 
1 0.971233 0.916516 0.817062 0.650105 0.414679 0.173854 0.0337742 0.0017229 1.86e-05 0 0 0 0 0 0 0 0 0 0 
1 0.968435 0.908554 0.79962 0.620302 0.375919 0.141668 0.022819 0.0008419 2.8e-06 0 0 0 0 0 0 0 0 0 0 
1 0.968465 0.907967 0.798006 0.617233 0.372476 0.139205 0.0214783 0.0006592 1e-07 0 0 0 0 0 0 0 0 0 0 
1 0.970894 0.915084 0.812944 0.643066 0.406071 0.167229 0.0313615 0.0015543 9.8e-06 0 0 0 0 0 0 0 0 0 0 
1 0.969656 0.911838 0.806191 0.631112 0.38958 0.151576 0.0247861 0.0009418 8.5e-06 0 0 0 0 0 0 0 0 0 0 
1 0.971198 0.916824 0.817642 0.652662 0.420842 0.181805 0.0380875 0.0024967 3.58e-05 0 0 0 0 0 0 0 0 0 0 
1 0.969178 0.911101 0.805622 0.631535 0.39142 0.155123 0.0272143 0.0012285 4.6e-06 0 0 0 0 0 0 0 0 0 0 
1 0.970368 0.914129 0.811337 0.640007 0.400153 0.160971 0.0287791 0.001348 7.9e-06 0 0 0 0 0 0 0 0 0 0 
1 0.97159 0.91793 0.819664 0.654115 0.41985 0.178859 0.0365315 0.0021689 1.47e-05 0 0 0 0 0 0 0 0 0 0 
1 0.968942 0.909868 0.803244 0.62733 0.386986 0.153464 0.0282646 0.0016214 2.53e-05 0 0 0 0 0 0 0 0 0 0 
1 0.969677 0.911802 0.806521 0.631973 0.390147 0.152544 0.0260824 0.001105 5.1e-06 0 0 0 0 0 0 0 0 0 0 
1 0.969957 0.912555 0.807812 0.634461 0.393238 0.154684 0.0265759 0.0010893 5.4e-06 0 0 0 0 0 0 0 0 0 0 
1 0.970017 0.913327 0.809898 0.637607 0.397389 0.157717 0.0265959 0.0010385 6.9e-06 0 0 0 0 0 0 0 0 0 0 
1 0.969799 0.912351 0.808171 0.635037 0.395896 0.158687 0.0283983 0.0012773 4.9e-06 0 0 0 0 0 0 0 0 0 0 
1 0.972017 0.918443 0.819927 0.654595 0.418522 0.173632 0.0317145 0.0013863 1.05e-05 0 0 0 0 0 0 0 0 0 0 
1 0.971002 0.91527 0.813401 0.644189 0.407748 0.169278 0.032545 0.0016271 1.25e-05 0 0 0 0 0 0 0 0 0 0 
1 0.968144 0.907781 0.797817 0.61669 0.370413 0.137099 0.0203043 0.0006269 3e-06 0 0 0 0 0 0 0 0 0 0 
1 0.96915 0.910569 0.803526 0.62594 0.382249 0.145704 0.0231647 0.000732 7.1e-06 0 0 0 0 0 0 0 0 0 0 
1 0.971057 0.915289 0.813526 0.642747 0.404824 0.166653 0.0325853 0.0023751 6.25e-05 1.9e-06 0 0 0 0 0 0 0 0 0 
1 0.969565 0.91171 0.806645 0.632898 0.393631 0.157352 0.0286132 0.0013873 1.24e-05 0 0 0 0 0 0 0 0 0 0 
1 0.969705 0.911601 0.806386 0.63258 0.392699 0.156766 0.0288562 0.0016613 1.59e-05 0 0 0 0 0 0 0 0 0 0 
1 0.968113 0.907563 0.798285 0.618876 0.374291 0.140379 0.0214342 0.000655 4e-07 0 0 0 0 0 0 0 0 0 0 
1 0.969541 0.911297 0.805409 0.630636 0.38968 0.154383 0.0275407 0.001408 6.6e-06 0 0 0 0 0 0 0 0 0 0 
1 0.971099 0.91524 0.813932 0.645218 0.40955 0.171001 0.0343976 0.0021235 2.47e-05 0 0 0 0 0 0 0 0 0 0 
1 0.970943 0.915372 0.814171 0.645632 0.409141 0.169714 0.0328466 0.0018444 2.21e-05 0 0 0 0 0 0 0 0 0 0 
1 0.971073 0.916457 0.816049 0.648651 0.411665 0.169982 0.0319529 0.0014899 1.51e-05 0 0 0 0 0 0 0 0 0 0 
1 0.968427 0.908247 0.799895 0.622782 0.379879 0.14473 0.0230765 0.0009101 3.4e-06 0 0 0 0 0 0 0 0 0 0 
1 0.970404 0.91369 0.810049 0.637603 0.397345 0.157636 0.0268973 0.0010289 6.1e-06 0 0 0 0 0 0 0 0 0 0 
1 0.968911 0.909809 0.801947 0.624202 0.380319 0.143726 0.0224392 0.0007639 2.6e-06 0 0 0 0 0 0 0 0 0 0 
1 0.971684 0.918024 0.820466 0.655649 0.421959 0.180299 0.0366293 0.0024394 3.5e-05 0 0 0 0 0 0 0 0 0 0 
1 0.968643 0.908708 0.800481 0.621773 0.378982 0.144324 0.0231168 0.0008659 1.16e-05 0 0 0 0 0 0 0 0 0 0 
1 0.969633 0.911588 0.805704 0.630063 0.387623 0.149506 0.0238697 0.0008762 3.2e-06 0 0 0 0 0 0 0 0 0 0 
1 0.970648 0.914977 0.813199 0.643717 0.406819 0.168873 0.0334928 0.0020584 2.1e-05 0 0 0 0 0 0 0 0 0 0 
1 0.971637 0.917127 0.817818 0.650379 0.413878 0.170455 0.0310396 0.0013474 6.7e-06 0 0 0 0 0 0 0 0 0 0 
1 0.968278 0.908526 0.800766 0.623691 0.380814 0.147524 0.0252033 0.0011639 5e-06 0 0 0 0 0 0 0 0 0 0 
1 0.969717 0.912082 0.806927 0.632167 0.391752 0.15676 0.0284485 0.0014117 6e-06 0 0 0 0 0 0 0 0 0 0 
1 0.970669 0.915072 0.81332 0.644328 0.40722 0.167949 0.0325311 0.0017058 1.23e-05 0 0 0 0 0 0 0 0 0 0 
1 0.971209 0.915684 0.814456 0.645296 0.410424 0.172191 0.0340062 0.0018899 1.69e-05 0 0 0 0 0 0 0 0 0 0 
1 0.968938 0.910257 0.80438 0.629472 0.388601 0.153949 0.0274619 0.0012368 7.9e-06 3e-07 0 0 0 0 0 0 0 0 0 
1 0.971732 0.917564 0.817997 0.651627 0.416758 0.175181 0.0347059 0.0019049 9.3e-06 0 0 0 0 0 0 0 0 0 0 
1 0.970917 0.914949 0.812271 0.642247 0.404438 0.164666 0.0301922 0.0014764 7.9e-06 0 0 0 0 0 0 0 0 0 0 
1 0.969536 0.911284 0.804742 0.62875 0.388172 0.153084 0.0267787 0.0012278 1.04e-05 0 0 0 0 0 0 0 0 0 0 
1 0.971373 0.916331 0.815627 0.646755 0.408981 0.166399 0.0301623 0.0012986 7.6e-06 0 0 0 0 0 0 0 0 0 0 
1 0.968805 0.909182 0.801543 0.625033 0.384217 0.151774 0.0275704 0.0014111 8.1e-06 0 0 0 0 0 0 0 0 0 0 
1 0.968472 0.908115 0.799367 0.620518 0.376507 0.142299 0.0224811 0.000753 1.7e-06 0 0 0 0 0 0 0 0 0 0 
1 0.971709 0.9181 0.819368 0.652397 0.41592 0.172395 0.0318768 0.001474 1.1e-05 0 0 0 0 0 0 0 0 0 0 
1 0.970151 0.913114 0.809671 0.63746 0.397334 0.158489 0.0274538 0.0011426 3.9e-06 0 0 0 0 0 0 0 0 0 0 
1 0.970615 0.914499 0.812427 0.642843 0.405365 0.165133 0.0297955 0.0012597 8.6e-06 0 0 0 0 0 0 0 0 0 0 
1 0.967631 0.906612 0.79597 0.615555 0.370557 0.137951 0.0214471 0.0007658 2.6e-06 0 0 0 0 0 0 0 0 0 0 
1 0.96687 0.904278 0.791057 0.606299 0.359136 0.130035 0.0191575 0.0006379 4.4e-06 0 0 0 0 0 0 0 0 0 0 
1 0.971125 0.916162 0.815232 0.646607 0.410276 0.170315 0.0332805 0.0017416 1.83e-05 8e-07 0 0 0 0 0 0 0 0 0 
1 0.970078 0.912758 0.808046 0.6331 0.391193 0.154235 0.0268157 0.0011814 1.32e-05 0 0 0 0 0 0 0 0 0 0 
1 0.970442 0.914203 0.811987 0.641782 0.402431 0.162354 0.0286831 0.0012383 1.9e-06 0 0 0 0 0 0 0 0 0 0 
1 0.97025 0.913284 0.810164 0.63846 0.399465 0.159463 0.027148 0.00099 4.7e-06 0 0 0 0 0 0 0 0 0 0 
1 0.969749 0.912409 0.80887 0.637317 0.398493 0.160521 0.0285403 0.0012559 7.4e-06 0 0 0 0 0 0 0 0 0 0 
1 0.968571 0.908354 0.799848 0.620062 0.377552 0.145629 0.0251662 0.0011961 4.9e-06 0 0 0 0 0 0 0 0 0 0 
1 0.968834 0.910234 0.803785 0.627719 0.385516 0.149157 0.0243258 0.0009856 2.4e-06 0 0 0 0 0 0 0 0 0 0 
1 0.971468 0.916862 0.817046 0.649402 0.412193 0.16941 0.031042 0.001377 1.39e-05 0 0 0 0 0 0 0 0 0 0 
1 0.969617 0.911589 0.805563 0.630983 0.390758 0.154408 0.0267629 0.0010974 1.07e-05 0 0 0 0 0 0 0 0 0 0 
1 0.9697 0.912366 0.807934 0.634736 0.394414 0.156048 0.0264519 0.0009644 9.2e-06 0 0 0 0 0 0 0 0 0 0 
1 0.968541 0.908138 0.799373 0.620863 0.37878 0.146545 0.0252963 0.0011514 1.9e-06 0 0 0 0 0 0 0 0 0 0 
1 0.969791 0.912199 0.806975 0.632525 0.390813 0.152681 0.0257867 0.0010086 5.9e-06 0 0 0 0 0 0 0 0 0 0 
1 0.969398 0.910869 0.803775 0.62703 0.384647 0.14883 0.0252092 0.0010596 8.1e-06 0 0 0 0 0 0 0 0 0 0 
1 0.969888 0.912297 0.808229 0.635451 0.395085 0.15608 0.0266262 0.0010622 3.3e-06 0 0 0 0 0 0 0 0 0 0 
1 0.97182 0.917775 0.819631 0.655055 0.421043 0.178481 0.0350122 0.0017756 4.7e-06 0 0 0 0 0 0 0 0 0 0 
1 0.968231 0.908102 0.798433 0.617768 0.370747 0.136974 0.020552 0.0006256 2.3e-06 0 0 0 0 0 0 0 0 0 0 
1 0.966278 0.901867 0.786788 0.59973 0.350425 0.123739 0.0177162 0.0006112 1.6e-06 0 0 0 0 0 0 0 0 0 0 
1 0.969175 0.91076 0.804782 0.629819 0.389151 0.154116 0.0275891 0.0013328 1e-05 0 0 0 0 0 0 0 0 0 0 
1 0.96797 0.90725 0.797349 0.617245 0.373513 0.141531 0.0239552 0.0012075 7.7e-06 0 0 0 0 0 0 0 0 0 0 
1 0.970937 0.91533 0.814216 0.645557 0.408582 0.168515 0.0317056 0.0015486 6e-06 0 0 0 0 0 0 0 0 0 0 
1 0.969429 0.911243 0.80501 0.630756 0.391818 0.156158 0.0280303 0.0013278 6.1e-06 0 0 0 0 0 0 0 0 0 0 
1 0.968753 0.909069 0.801726 0.625002 0.382852 0.148826 0.0254369 0.0010723 7.6e-06 0 0 0 0 0 0 0 0 0 0 
1 0.968881 0.909352 0.801417 0.62334 0.380299 0.146515 0.0242882 0.0009543 7.1e-06 0 0 0 0 0 0 0 0 0 0 
1 0.968924 0.909408 0.801295 0.623047 0.378472 0.144095 0.0234536 0.0008832 3.1e-06 0 0 0 0 0 0 0 0 0 0 
1 0.97086 0.914739 0.812392 0.641713 0.402469 0.163325 0.0303097 0.0016233 1.95e-05 0 0 0 0 0 0 0 0 0 0 
1 0.967916 0.906725 0.79617 0.61515 0.370386 0.139188 0.0222388 0.0008268 4e-07 0 0 0 0 0 0 0 0 0 0 
1 0.969472 0.911379 0.805197 0.629083 0.385974 0.148831 0.0241394 0.0008053 7.2e-06 0 0 0 0 0 0 0 0 0 0 
1 0.971392 0.91645 0.81615 0.647189 0.40899 0.166368 0.0295855 0.0012862 4.4e-06 0 0 0 0 0 0 0 0 0 0 
1 0.970476 0.913962 0.81053 0.638878 0.400489 0.162657 0.0302582 0.0015568 3.1e-05 0 0 0 0 0 0 0 0 0 0 
1 0.970101 0.913473 0.811151 0.640107 0.401517 0.162167 0.0292971 0.0014095 7.5e-06 0 0 0 0 0 0 0 0 0 0 
1 0.969713 0.911355 0.805325 0.629726 0.386895 0.150649 0.025397 0.0010215 9e-06 0 0 0 0 0 0 0 0 0 0 
1 0.973082 0.921518 0.82745 0.667883 0.437601 0.19327 0.0423515 0.0029925 3.3e-05 0 0 0 0 0 0 0 0 0 0 
1 0.971049 0.916331 0.815785 0.648196 0.41281 0.173833 0.0351538 0.0021773 1.86e-05 0 0 0 0 0 0 0 0 0 0 
1 0.971265 0.916021 0.816049 0.648687 0.412979 0.173085 0.03417 0.0018139 1.49e-05 0 0 0 0 0 0 0 0 0 0 
1 0.970566 0.914652 0.812592 0.642615 0.404723 0.165249 0.0304181 0.0014571 1.12e-05 0 0 0 0 0 0 0 0 0 0 
1 0.96696 0.903852 0.789824 0.604277 0.357187 0.129203 0.0189849 0.0006142 4e-06 0 0 0 0 0 0 0 0 0 0 
1 0.969732 0.911246 0.805531 0.631276 0.392153 0.157143 0.0292156 0.0016524 1.89e-05 0 0 0 0 0 0 0 0 0 0 
1 0.968667 0.909145 0.800846 0.622764 0.379406 0.144962 0.0241115 0.0010403 2.8e-06 0 0 0 0 0 0 0 0 0 0 
1 0.967144 0.904574 0.791115 0.605573 0.356623 0.126048 0.0172104 0.0004654 1.9e-06 0 0 0 0 0 0 0 0 0 0 
1 0.971799 0.917767 0.819056 0.653226 0.418329 0.176117 0.0346342 0.0018386 9.9e-06 0 0 0 0 0 0 0 0 0 0 
1 0.96966 0.911776 0.805893 0.630147 0.387268 0.150627 0.0256902 0.0010741 2.8e-06 0 0 0 0 0 0 0 0 0 0 
1 0.970813 0.914818 0.81354 0.644514 0.407317 0.169159 0.0331626 0.0019093 1.58e-05 0 0 0 0 0 0 0 0 0 0 
1 0.968457 0.908331 0.798664 0.618306 0.372537 0.139684 0.0231346 0.0012299 1.52e-05 0 0 0 0 0 0 0 0 0 0 
1 0.970584 0.914693 0.812554 0.643199 0.406887 0.167539 0.0317503 0.0015891 7.4e-06 0 0 0 0 0 0 0 0 0 0 
1 0.970045 0.912467 0.807771 0.633328 0.391848 0.1537 0.0260186 0.0010384 1.15e-05 0 0 0 0 0 0 0 0 0 0 
1 0.970718 0.914545 0.812062 0.641895 0.403638 0.163997 0.030089 0.0013828 2.55e-05 0 0 0 0 0 0 0 0 0 0 
1 0.971408 0.916959 0.817686 0.651424 0.416783 0.175179 0.034593 0.0019386 1.78e-05 0 0 0 0 0 0 0 0 0 0 
1 0.96944 0.911039 0.805169 0.630575 0.390443 0.155006 0.0279541 0.0014165 5.8e-06 0 0 0 0 0 0 0 0 0 0 
1 0.97039 0.913987 0.811149 0.639898 0.400488 0.161329 0.0288949 0.0012955 7.5e-06 0 0 0 0 0 0 0 0 0 0 
1 0.968573 0.908929 0.800578 0.621467 0.378111 0.144696 0.0235558 0.0008611 5.3e-06 0 0 0 0 0 0 0 0 0 0 
1 0.968932 0.909189 0.801003 0.623412 0.379783 0.144855 0.0231852 0.0008464 4.2e-06 0 0 0 0 0 0 0 0 0 0 
1 0.967335 0.905884 0.793913 0.612028 0.366689 0.136317 0.0213351 0.0007846 8e-07 0 0 0 0 0 0 0 0 0 0 
1 0.969253 0.910172 0.803082 0.626212 0.382764 0.146206 0.0229711 0.0007505 4.1e-06 0 0 0 0 0 0 0 0 0 0 
1 0.971159 0.917196 0.818784 0.65415 0.4212 0.180513 0.0368018 0.0020917 1.51e-05 0 0 0 0 0 0 0 0 0 0 
1 0.969728 0.911667 0.805761 0.630636 0.389363 0.152099 0.0254036 0.0009903 3.4e-06 0 0 0 0 0 0 0 0 0 0 
1 0.970793 0.915065 0.814027 0.645605 0.409746 0.170737 0.0328258 0.001734 1.4e-05 0 0 0 0 0 0 0 0 0 0 
1 0.96807 0.907596 0.797976 0.619391 0.375947 0.142857 0.0231796 0.000928 1.16e-05 0 0 0 0 0 0 0 0 0 0 
1 0.96796 0.906914 0.796242 0.614788 0.368853 0.136934 0.0213437 0.0007725 1e-06 0 0 0 0 0 0 0 0 0 0 
1 0.973336 0.922351 0.828435 0.668789 0.438205 0.192506 0.0397297 0.002326 2.61e-05 0 0 0 0 0 0 0 0 0 0 
1 0.970161 0.912994 0.809758 0.637009 0.396563 0.157854 0.0278264 0.0012501 9.9e-06 0 0 0 0 0 0 0 0 0 0 
1 0.969664 0.912159 0.80755 0.633573 0.392229 0.153874 0.0255827 0.0010653 8.1e-06 0 0 0 0 0 0 0 0 0 0 
1 0.971063 0.916198 0.815879 0.647818 0.412666 0.173621 0.0361861 0.0028933 6.41e-05 4e-07 0 0 0 0 0 0 0 0 0 
1 0.968031 0.906774 0.796129 0.615531 0.370559 0.138363 0.0216041 0.0008414 3.8e-06 0 0 0 0 0 0 0 0 0 0 
1 0.970616 0.914274 0.811692 0.641221 0.402187 0.161078 0.0276086 0.0010754 6.6e-06 0 0 0 0 0 0 0 0 0 0 
1 0.971217 0.916279 0.81581 0.647246 0.409893 0.168966 0.0316164 0.001617 1.22e-05 0 0 0 0 0 0 0 0 0 0 
1 0.968602 0.909027 0.800482 0.621818 0.376795 0.140775 0.02198 0.0007412 4.6e-06 0 0 0 0 0 0 0 0 0 0 
1 0.969927 0.912557 0.80826 0.635442 0.396132 0.159779 0.0297614 0.0017522 3.3e-05 0 0 0 0 0 0 0 0 0 0 
1 0.972428 0.919892 0.823799 0.662148 0.431906 0.190864 0.0429387 0.0031233 4.09e-05 0 0 0 0 0 0 0 0 0 0 
1 0.972013 0.918494 0.820779 0.656388 0.42231 0.179074 0.0353207 0.0017093 7.4e-06 0 0 0 0 0 0 0 0 0 0 
1 0.9709 0.914818 0.812793 0.641551 0.400683 0.159069 0.0270699 0.0009969 1e-05 0 0 0 0 0 0 0 0 0 0 
1 0.969121 0.910781 0.804306 0.629392 0.387826 0.152349 0.0261081 0.0011113 6.3e-06 0 0 0 0 0 0 0 0 0 0 
1 0.969966 0.912625 0.807953 0.634296 0.392919 0.155082 0.0267067 0.0010151 4e-06 0 0 0 0 0 0 0 0 0 0 
1 0.971198 0.916219 0.815044 0.646726 0.410914 0.171136 0.0330704 0.0018138 1.6e-05 0 0 0 0 0 0 0 0 0 0 
1 0.970199 0.913208 0.809699 0.637657 0.397198 0.157786 0.0272728 0.0010719 3.6e-06 0 0 0 0 0 0 0 0 0 0 
1 0.972321 0.919657 0.823644 0.661371 0.42989 0.188185 0.040411 0.0025547 2.86e-05 0 0 0 0 0 0 0 0 0 0 
1 0.968219 0.90804 0.799169 0.621201 0.379898 0.150199 0.0289242 0.0018743 1.64e-05 0 0 0 0 0 0 0 0 0 0 
1 0.969814 0.911637 0.806448 0.63221 0.39134 0.154227 0.0270326 0.001131 4.4e-06 0 0 0 0 0 0 0 0 0 0 
1 0.968439 0.908666 0.800051 0.621235 0.378357 0.143342 0.0227118 0.0008239 8.5e-06 0 0 0 0 0 0 0 0 0 0 
1 0.970126 0.912722 0.807956 0.634596 0.394198 0.156316 0.0277437 0.0011582 4.3e-06 0 0 0 0 0 0 0 0 0 0 
1 0.969362 0.910607 0.803861 0.626933 0.383895 0.14671 0.0229727 0.0007277 1e-06 0 0 0 0 0 0 0 0 0 0 
1 0.970295 0.913603 0.809696 0.637672 0.398669 0.16017 0.0284926 0.001309 5.8e-06 0 0 0 0 0 0 0 0 0 0 
1 0.972179 0.918628 0.820502 0.65441 0.418837 0.176487 0.0345122 0.001877 3.06e-05 0 0 0 0 0 0 0 0 0 0 
1 0.970206 0.913196 0.809012 0.635747 0.396661 0.160577 0.0302826 0.0019072 4.04e-05 0 0 0 0 0 0 0 0 0 0 
1 0.968636 0.90849 0.799116 0.619102 0.374661 0.141917 0.0226946 0.0008555 1.4e-06 0 0 0 0 0 0 0 0 0 0 
1 0.969586 0.911466 0.805805 0.630494 0.388744 0.152453 0.026025 0.0011602 1.68e-05 0 0 0 0 0 0 0 0 0 0 
1 0.972412 0.919729 0.823024 0.661035 0.431812 0.191966 0.0432518 0.0032733 3.36e-05 0 0 0 0 0 0 0 0 0 0 
1 0.969041 0.910014 0.802152 0.624547 0.382225 0.148155 0.0256727 0.0012098 1.57e-05 0 0 0 0 0 0 0 0 0 0 
1 0.969074 0.910462 0.804134 0.628579 0.387019 0.151311 0.0260032 0.0011437 8.1e-06 0 0 0 0 0 0 0 0 0 0 
1 0.968829 0.908977 0.800704 0.623143 0.380481 0.146398 0.024198 0.0008592 2.4e-06 0 0 0 0 0 0 0 0 0 0 
1 0.969861 0.912115 0.807709 0.63508 0.397389 0.161947 0.0313685 0.0017349 5e-06 0 0 0 0 0 0 0 0 0 0 
1 0.968297 0.908399 0.800286 0.622535 0.380647 0.14747 0.0254969 0.0011903 1.42e-05 0 0 0 0 0 0 0 0 0 0 
1 0.969011 0.909732 0.801732 0.623458 0.379301 0.143749 0.0226149 0.0007681 2e-06 0 0 0 0 0 0 0 0 0 0 
1 0.971359 0.916395 0.816437 0.650039 0.415093 0.1761 0.0364557 0.002614 5.5e-05 0 0 0 0 0 0 0 0 0 0 
1 0.967293 0.904666 0.791377 0.607061 0.36084 0.132449 0.0201794 0.0007182 3.9e-06 0 0 0 0 0 0 0 0 0 0 
1 0.970767 0.914813 0.812353 0.641634 0.404384 0.165538 0.0310412 0.0016153 1.38e-05 0 0 0 0 0 0 0 0 0 0 
1 0.96973 0.911938 0.806233 0.631474 0.391271 0.155813 0.0282942 0.0013677 3.5e-06 0 0 0 0 0 0 0 0 0 0 
1 0.969386 0.910311 0.803694 0.627616 0.386816 0.151604 0.0259649 0.0011429 7.6e-06 0 0 0 0 0 0 0 0 0 0 
1 0.968198 0.907846 0.798802 0.619397 0.376497 0.144743 0.0244305 0.001105 6.2e-06 0 0 0 0 0 0 0 0 0 0 
1 0.969548 0.911213 0.80555 0.630227 0.388647 0.150919 0.0247828 0.0008795 3.2e-06 0 0 0 0 0 0 0 0 0 0 
1 0.969065 0.910109 0.802787 0.626313 0.385108 0.149359 0.0247629 0.0009529 6.9e-06 0 0 0 0 0 0 0 0 0 0 
1 0.970374 0.913672 0.810304 0.63808 0.397621 0.158414 0.0279204 0.0013376 1.36e-05 0 0 0 0 0 0 0 0 0 0 
1 0.968046 0.907421 0.798049 0.618039 0.373409 0.13983 0.021925 0.0008565 3.6e-06 0 0 0 0 0 0 0 0 0 0 
1 0.971435 0.916914 0.816804 0.648516 0.411713 0.169412 0.0315682 0.0015703 1.55e-05 0 0 0 0 0 0 0 0 0 0 
1 0.966272 0.901718 0.785799 0.59797 0.349449 0.123519 0.0171596 0.0004749 1.3e-06 0 0 0 0 0 0 0 0 0 0 
1 0.968851 0.909721 0.802889 0.626991 0.383975 0.146626 0.0228994 0.000818 3.4e-06 0 0 0 0 0 0 0 0 0 0 
1 0.970376 0.913705 0.811462 0.640541 0.402603 0.163033 0.0302048 0.0016302 6.5e-06 0 0 0 0 0 0 0 0 0 0 
1 0.969455 0.911225 0.80554 0.630752 0.389706 0.15202 0.0255413 0.0009586 1.4e-06 0 0 0 0 0 0 0 0 0 0 
1 0.971043 0.915298 0.81339 0.643382 0.406156 0.166351 0.0311248 0.0014924 2.03e-05 0 0 0 0 0 0 0 0 0 0 
1 0.96936 0.910137 0.802617 0.625587 0.383177 0.148482 0.0252067 0.0010916 4.5e-06 0 0 0 0 0 0 0 0 0 0 
1 0.970818 0.915473 0.814127 0.644576 0.406231 0.164959 0.0303259 0.0015605 1.3e-05 0 0 0 0 0 0 0 0 0 0 
1 0.970682 0.914561 0.812551 0.643005 0.406663 0.168296 0.0321639 0.0017095 1.55e-05 2e-06 0 0 0 0 0 0 0 0 0 
1 0.966535 0.903255 0.789037 0.603807 0.356159 0.129097 0.0196485 0.0009574 1.67e-05 0 0 0 0 0 0 0 0 0 0 
1 0.971971 0.918329 0.819931 0.654882 0.420251 0.177324 0.034464 0.0017814 1.44e-05 0 0 0 0 0 0 0 0 0 0 
1 0.969407 0.911071 0.805938 0.63189 0.391691 0.155687 0.0279556 0.0013292 1.07e-05 0 0 0 0 0 0 0 0 0 0 
1 0.969562 0.911787 0.806466 0.632491 0.391903 0.155073 0.0274871 0.0013885 1.28e-05 0 0 0 0 0 0 0 0 0 0 
1 0.97076 0.915388 0.814848 0.645783 0.408682 0.169154 0.0319152 0.0015385 1.29e-05 0 0 0 0 0 0 0 0 0 0 
1 0.967132 0.904881 0.792634 0.609885 0.365628 0.137896 0.0227952 0.0010517 3.4e-06 0 0 0 0 0 0 0 0 0 0 
1 0.969727 0.912508 0.808621 0.635803 0.395973 0.158212 0.0284659 0.0013391 7.8e-06 0 0 0 0 0 0 0 0 0 0 
1 0.968129 0.907248 0.797677 0.61763 0.374582 0.142319 0.0227436 0.0008003 0 0 0 0 0 0 0 0 0 0 0 
1 0.967251 0.905766 0.794195 0.611683 0.367731 0.139362 0.0240621 0.0012365 8.3e-06 0 0 0 0 0 0 0 0 0 0 
1 0.971249 0.91637 0.816227 0.648296 0.412043 0.172096 0.0335227 0.0017955 1.88e-05 0 0 0 0 0 0 0 0 0 0 
1 0.96928 0.910701 0.804543 0.628625 0.386382 0.150733 0.0260383 0.0011741 1.57e-05 0 0 0 0 0 0 0 0 0 0 
1 0.969224 0.910685 0.804429 0.627857 0.384134 0.146787 0.0230077 0.0008183 3.2e-06 0 0 0 0 0 0 0 0 0 0 
1 0.970699 0.914844 0.813177 0.643905 0.406448 0.166261 0.0309484 0.0016237 1.09e-05 0 0 0 0 0 0 0 0 0 0 
1 0.968861 0.909587 0.801691 0.624309 0.382672 0.14817 0.0244526 0.000934 0 0 0 0 0 0 0 0 0 0 0 
1 0.971507 0.917013 0.817611 0.651282 0.415137 0.172014 0.0325928 0.0015934 7e-06 0 0 0 0 0 0 0 0 0 0 
1 0.967612 0.906518 0.796251 0.614755 0.368771 0.13547 0.02008 0.0006549 4.6e-06 0 0 0 0 0 0 0 0 0 0 
1 0.96988 0.912721 0.808281 0.634343 0.394554 0.157664 0.0290597 0.0015659 2.14e-05 0 0 0 0 0 0 0 0 0 0 
1 0.968589 0.909053 0.801647 0.623836 0.380649 0.146414 0.0244743 0.0010838 3.4e-06 0 0 0 0 0 0 0 0 0 0 
1 0.971088 0.91541 0.813906 0.644707 0.407771 0.167052 0.0312383 0.0015398 1.08e-05 0 0 0 0 0 0 0 0 0 0 
1 0.968783 0.909282 0.801811 0.624092 0.380603 0.145242 0.0233301 0.0008451 4.3e-06 0 0 0 0 0 0 0 0 0 0 
1 0.969915 0.912437 0.807226 0.633199 0.391947 0.154756 0.0270023 0.001221 8.4e-06 0 0 0 0 0 0 0 0 0 0 
1 0.970702 0.914843 0.81292 0.64351 0.407037 0.169618 0.0345484 0.0025023 6.46e-05 5e-07 0 0 0 0 0 0 0 0 0 
1 0.970044 0.913076 0.810286 0.640696 0.401722 0.162084 0.0294396 0.0014707 1.22e-05 0 0 0 0 0 0 0 0 0 0 
1 0.974347 0.924927 0.833742 0.678247 0.451125 0.203157 0.0441534 0.0028035 3.35e-05 0 0 0 0 0 0 0 0 0 0 
1 0.970613 0.914367 0.811959 0.643327 0.408587 0.172713 0.0357307 0.0023021 2.1e-05 0 0 0 0 0 0 0 0 0 0 
1 0.966243 0.901963 0.786301 0.599449 0.351833 0.126751 0.0192208 0.0007054 1e-05 0 0 0 0 0 0 0 0 0 0 
1 0.970361 0.913873 0.811149 0.638789 0.398996 0.159112 0.0275738 0.000994 6e-07 0 0 0 0 0 0 0 0 0 0 
1 0.970183 0.913501 0.809554 0.636554 0.3955 0.155668 0.0263185 0.000993 6e-07 0 0 0 0 0 0 0 0 0 0 
1 0.971104 0.915664 0.814649 0.645764 0.408783 0.16937 0.0328278 0.0018834 1.98e-05 0 0 0 0 0 0 0 0 0 0 
1 0.967966 0.907339 0.797611 0.617629 0.373975 0.14249 0.0238418 0.0010869 8.4e-06 0 0 0 0 0 0 0 0 0 0 
1 0.969914 0.912745 0.808476 0.635592 0.396393 0.158839 0.0286655 0.0013242 4.8e-06 0 0 0 0 0 0 0 0 0 0 
1 0.969477 0.910944 0.804532 0.628882 0.387562 0.151893 0.0265328 0.0012305 5.5e-06 0 0 0 0 0 0 0 0 0 0 
1 0.96909 0.909925 0.80313 0.626926 0.385016 0.149702 0.0257207 0.0011132 2.6e-06 0 0 0 0 0 0 0 0 0 0 
1 0.970411 0.914265 0.811656 0.639849 0.399788 0.159406 0.0275799 0.0010976 3.2e-06 0 0 0 0 0 0 0 0 0 0 
1 0.969939 0.912306 0.807331 0.633697 0.394491 0.158953 0.0292598 0.0014333 8.5e-06 0 0 0 0 0 0 0 0 0 0 
1 0.970117 0.912848 0.809493 0.637428 0.398107 0.159272 0.0279511 0.0011125 2.4e-06 0 0 0 0 0 0 0 0 0 0 
1 0.967024 0.904576 0.791548 0.607237 0.359076 0.127951 0.017486 0.0003973 0 0 0 0 0 0 0 0 0 0 0 
1 0.973381 0.922315 0.828754 0.670981 0.443626 0.200557 0.0462516 0.0033607 4.94e-05 0 0 0 0 0 0 0 0 0 0 
1 0.967735 0.90645 0.795863 0.614644 0.36945 0.136547 0.0205916 0.000608 2.6e-06 0 0 0 0 0 0 0 0 0 0 
1 0.967644 0.906467 0.796893 0.617341 0.374958 0.145001 0.0259866 0.0015536 3.26e-05 0 0 0 0 0 0 0 0 0 0 
1 0.966688 0.902939 0.787873 0.601669 0.354855 0.126416 0.0177238 0.0005001 9e-07 0 0 0 0 0 0 0 0 0 0 
1 0.970908 0.915739 0.815549 0.648894 0.415372 0.176008 0.0359264 0.0021334 1.51e-05 0 0 0 0 0 0 0 0 0 0 
1 0.968456 0.908489 0.799026 0.618735 0.374016 0.140321 0.0221992 0.0008562 1.19e-05 0 0 0 0 0 0 0 0 0 0 
1 0.968548 0.908406 0.799103 0.619592 0.376093 0.143074 0.0233956 0.0009283 7.3e-06 0 0 0 0 0 0 0 0 0 0 
1 0.969907 0.912541 0.807705 0.633802 0.394128 0.156654 0.0273799 0.0012959 5e-06 0 0 0 0 0 0 0 0 0 0 
1 0.970578 0.914961 0.813032 0.64295 0.4041 0.163997 0.029594 0.0013527 2.9e-06 0 0 0 0 0 0 0 0 0 0 
1 0.96747 0.905348 0.792635 0.609084 0.362295 0.132545 0.0199107 0.0007154 3.6e-06 0 0 0 0 0 0 0 0 0 0 
1 0.970328 0.91343 0.809493 0.637355 0.397785 0.159351 0.0284374 0.0012437 2.8e-06 0 0 0 0 0 0 0 0 0 0 
1 0.971738 0.917994 0.818083 0.650416 0.41228 0.169396 0.0309823 0.0014339 3.8e-06 0 0 0 0 0 0 0 0 0 0 
1 0.971115 0.91557 0.813782 0.643479 0.404189 0.163156 0.0290787 0.0011608 6.8e-06 0 0 0 0 0 0 0 0 0 0 
1 0.969588 0.911736 0.806634 0.632896 0.393844 0.156799 0.0275762 0.0013081 5.2e-06 0 0 0 0 0 0 0 0 0 0 
1 0.970861 0.914605 0.812565 0.642628 0.404729 0.165268 0.0299002 0.0013244 1e-05 0 0 0 0 0 0 0 0 0 0 
1 0.968289 0.908337 0.799936 0.621806 0.378936 0.145403 0.0239195 0.0009337 7.7e-06 0 0 0 0 0 0 0 0 0 0 
1 0.969599 0.911134 0.805305 0.629935 0.389165 0.154905 0.0285025 0.0014688 8.6e-06 0 0 0 0 0 0 0 0 0 0 
1 0.971736 0.917625 0.819028 0.653995 0.420639 0.180036 0.0372479 0.0024584 3.12e-05 0 0 0 0 0 0 0 0 0 0 
1 0.967948 0.907348 0.797649 0.617504 0.372404 0.138432 0.0210292 0.0005921 1.2e-06 0 0 0 0 0 0 0 0 0 0 
1 0.969835 0.912498 0.807947 0.634278 0.393326 0.154811 0.0261004 0.0010125 7.1e-06 0 0 0 0 0 0 0 0 0 0 
1 0.968786 0.909398 0.80207 0.625035 0.381987 0.148503 0.0262356 0.0013099 7.4e-06 0 0 0 0 0 0 0 0 0 0 
1 0.968762 0.909557 0.802385 0.625775 0.383121 0.148598 0.0247789 0.0010069 3.5e-06 0 0 0 0 0 0 0 0 0 0 
