1 0.988735 0.96672 0.924835 0.848211 0.719093 0.532832 0.321112 0.145535 0.0487355 0.0133055 0.0031995 0.0005235 4.25e-05 -3.46945e-18 0 0 0 0 0 
1 0.989981 0.970166 0.932265 0.862994 0.746611 0.578352 0.383667 0.212251 0.098868 0.0385995 0.0119005 0.002405 0.0002185 3.5e-06 0 0 0 0 0 
1 0.988921 0.967455 0.926529 0.852745 0.731922 0.560977 0.366044 0.193643 0.0791105 0.024348 0.0050155 0.0005065 2.2e-05 0 0 0 0 0 0 
1 0.990266 0.971508 0.935724 0.871069 0.764377 0.614335 0.438868 0.273841 0.150104 0.0767135 0.038627 0.0181315 0.006693 0.0013465 7.45e-05 0 0 0 0 
1 0.991777 0.975856 0.945371 0.889198 0.792863 0.646214 0.459656 0.275575 0.136391 0.0561555 0.018602 0.004276 0.0005135 2.5e-05 0 0 0 0 0 
1 0.987785 0.963885 0.918099 0.835644 0.699919 0.509075 0.300403 0.135081 0.0431425 0.009162 0.0011405 6.15e-05 -8.67362e-17 -3.1225e-17 -3.46945e-18 0 0 0 0 
1 0.990325 0.971747 0.935968 0.870814 0.762441 0.604908 0.417135 0.241657 0.11737 0.047968 0.0159405 0.0041355 0.0006205 2.9e-05 1e-06 0 0 0 0 
1 0.990689 0.972126 0.936904 0.87243 0.764359 0.607152 0.423576 0.26203 0.153752 0.090183 0.05306 0.0323455 0.020416 0.0117425 0.004714 0.0009205 6.75e-05 1e-06 0 
1 0.98621 0.959236 0.908604 0.819326 0.676829 0.486384 0.28867 0.137238 0.052934 0.0172105 0.0043485 0.000616 3.1e-05 -3.46945e-18 0 0 0 0 0 
1 0.990271 0.970888 0.933984 0.867017 0.756572 0.599177 0.419478 0.262466 0.15149 0.08149 0.0390035 0.015163 0.004357 0.0008835 0.000104 1.5e-06 0 0 0 
1 0.991184 0.974045 0.941198 0.881354 0.780554 0.631304 0.450505 0.281735 0.157976 0.079317 0.03316 0.0097665 0.0017095 0.000139 3.5e-06 0 0 0 0 
1 0.989969 0.970474 0.933209 0.864517 0.749002 0.580428 0.381013 0.204146 0.0893355 0.0308285 0.0068695 0.0007295 2.2e-05 -3.46945e-18 0 0 0 0 0 
1 0.991274 0.974192 0.941264 0.880635 0.778117 0.623917 0.435813 0.259819 0.134347 0.061274 0.024121 0.007688 0.001511 0.0001275 1e-06 0 0 0 0 
1 0.989411 0.968664 0.928721 0.856175 0.734461 0.558902 0.357609 0.185547 0.0796105 0.030437 0.01048 0.002734 0.0004015 1.7e-05 5e-07 0 0 0 0 
1 0.988499 0.966148 0.923352 0.846259 0.720466 0.544845 0.350183 0.183129 0.07648 0.0264525 0.0085375 0.0024255 0.000453 3.35e-05 5e-07 0 0 0 0 
1 0.98863 0.96635 0.923721 0.846168 0.717048 0.530063 0.316889 0.14139 0.0438345 0.008919 0.0009785 3.2e-05 5e-07 0 0 0 0 0 0 
1 0.98836 0.965684 0.922528 0.844326 0.714593 0.531498 0.329818 0.167453 0.072517 0.0272995 0.008592 0.0021125 0.000306 1.5e-05 0 0 0 0 0 
1 0.990199 0.971375 0.935466 0.870845 0.762613 0.606195 0.419909 0.242261 0.109356 0.035045 0.007033 0.000685 1.85e-05 0 0 0 0 0 0 
1 0.988487 0.965798 0.922336 0.843932 0.713936 0.528729 0.320667 0.150268 0.052536 0.0130035 0.0018845 0.000139 6.5e-06 -3.46945e-18 0 0 0 0 0 
1 0.989176 0.968183 0.928093 0.85607 0.736996 0.567345 0.370779 0.194551 0.0794675 0.025345 0.006336 0.0010425 7.5e-05 3.5e-06 0 0 0 0 0 
1 0.989913 0.970416 0.933735 0.86639 0.753819 0.589816 0.395872 0.220244 0.102179 0.042234 0.018075 0.0081585 0.0031715 0.000691 3.9e-05 0 0 0 0 
1 0.987897 0.964235 0.91988 0.841925 0.716495 0.546476 0.361634 0.20731 0.108646 0.0589675 0.0341505 0.0198275 0.0100545 0.0041105 0.001174 0.0001845 7e-06 0 0 
1 0.991031 0.973026 0.93877 0.876025 0.770496 0.615827 0.432306 0.261601 0.135959 0.058712 0.0201455 0.0057445 0.001379 0.000174 9.5e-06 -3.1225e-17 -3.46945e-18 0 0 
1 0.98938 0.968713 0.929582 0.858311 0.739684 0.57004 0.374262 0.202265 0.087867 0.028708 0.0063065 0.000792 2.9e-05 3.5e-06 0 0 0 0 0 
1 0.989239 0.968301 0.928278 0.856426 0.735303 0.558216 0.35107 0.170749 0.061731 0.016716 0.003212 0.0003805 2.3e-05 0 0 0 0 0 0 
1 0.991214 0.973857 0.940685 0.879691 0.776259 0.62245 0.438376 0.27041 0.149965 0.074155 0.0305665 0.009077 0.001666 0.0001125 4e-06 0 0 0 0 
1 0.990392 0.971785 0.936333 0.871478 0.760335 0.593872 0.390194 0.202989 0.0775 0.0196515 0.002888 0.0002205 3e-06 0 0 0 0 0 0 
1 0.990667 0.972336 0.936983 0.872267 0.762519 0.598743 0.400788 0.217755 0.0947845 0.033669 0.0096185 0.002051 0.0002295 5.5e-06 0 0 0 0 0 
1 0.987866 0.964512 0.920255 0.840273 0.709555 0.526712 0.326244 0.163661 0.069878 0.026451 0.0079075 0.001333 4.95e-05 0 0 0 0 0 0 
1 0.989177 0.968174 0.927823 0.853908 0.729463 0.549357 0.343474 0.170798 0.0681975 0.024268 0.0081245 0.0018965 0.0002225 6e-06 0 0 0 0 0 
1 0.989691 0.969193 0.929867 0.858307 0.738233 0.56435 0.361382 0.185151 0.075958 0.0255585 0.007337 0.001695 0.000229 1e-05 5e-07 0 0 0 0 
1 0.990042 0.970659 0.934125 0.86787 0.757809 0.598923 0.411411 0.238317 0.117364 0.051503 0.0221105 0.0110755 0.0055125 0.001985 0.0003945 2.8e-05 0 0 0 
1 0.990809 0.973084 0.939285 0.878045 0.775837 0.628063 0.453392 0.286332 0.153036 0.0661655 0.021727 0.0050725 0.000602 4.15e-05 5e-07 0 0 0 0 
1 0.992124 0.976535 0.946915 0.89184 0.795374 0.647454 0.460696 0.278741 0.144617 0.0641885 0.0222855 0.0051465 0.0007985 8.1e-05 2.5e-06 0 0 0 0 
1 0.990926 0.973005 0.938487 0.875204 0.767817 0.61024 0.425646 0.261606 0.146897 0.0751325 0.0317475 0.009426 0.0014015 7.4e-05 0 0 0 0 0 
1 0.991101 0.973634 0.940164 0.879393 0.777344 0.628325 0.450183 0.282947 0.155498 0.0742065 0.030078 0.009693 0.0020865 0.0002905 1.55e-05 0 0 0 0 
1 0.990258 0.971032 0.934739 0.868924 0.759725 0.603345 0.41992 0.249657 0.130677 0.0659495 0.035382 0.019274 0.009159 0.0030845 0.0005395 1.95e-05 0 0 0 
1 0.990444 0.971385 0.935426 0.869236 0.757446 0.591701 0.39294 0.211686 0.089197 0.0290975 0.007029 0.000932 3.6e-05 0 0 0 0 0 0 
1 0.992252 0.976986 0.947752 0.89362 0.802118 0.665182 0.495077 0.323653 0.184591 0.0902405 0.035356 0.009848 0.0016445 9.05e-05 1e-06 0 0 0 0 
1 0.990495 0.972039 0.936627 0.872615 0.765987 0.609552 0.422544 0.246186 0.116535 0.0416075 0.0096265 0.0012405 8.05e-05 3e-06 0 0 0 0 0 
1 0.988397 0.965926 0.923636 0.847882 0.723286 0.547482 0.349627 0.180535 0.073572 0.021906 0.003926 0.0003185 9.5e-06 0 0 0 0 0 0 
1 0.990341 0.971379 0.934765 0.867228 0.752332 0.583038 0.382814 0.204921 0.08733 0.02994 0.008846 0.0022175 0.0003295 1.2e-05 0 0 0 0 0 
1 0.988839 0.967042 0.925264 0.849295 0.722514 0.539057 0.332193 0.161948 0.0643245 0.023172 0.0089605 0.00376 0.001113 0.000136 7e-06 0 0 0 0 
1 0.990747 0.972508 0.93778 0.874277 0.766108 0.606344 0.410681 0.226082 0.0966705 0.0302795 0.006149 0.0005875 1.55e-05 -3.46945e-18 0 0 0 0 0 
1 0.987079 0.961998 0.914946 0.831927 0.698275 0.517985 0.32567 0.173078 0.080502 0.036114 0.0168515 0.006867 0.001878 0.0002595 1.05e-05 0 0 0 0 
1 0.991302 0.974164 0.941055 0.880279 0.778465 0.62871 0.447085 0.271441 0.136273 0.0549115 0.0176835 0.004126 0.000479 1.45e-05 0 0 0 0 0 
1 0.990737 0.972581 0.937847 0.874414 0.76724 0.611728 0.430182 0.266991 0.150026 0.0786785 0.0389195 0.0176715 0.007142 0.0020705 0.000286 3.5e-06 0 0 0 
1 0.988846 0.967089 0.925865 0.852877 0.735216 0.575287 0.400709 0.249683 0.138274 0.0647715 0.0244295 0.0066405 0.0010375 4.6e-05 0 0 0 0 0 
1 0.990354 0.971698 0.935831 0.870914 0.762732 0.606433 0.425209 0.262389 0.142017 0.0643865 0.022947 0.0059235 0.000903 5.75e-05 5e-07 0 0 0 0 
1 0.991118 0.973347 0.939162 0.877263 0.772951 0.620763 0.440506 0.279519 0.175197 0.11842 0.081425 0.0502185 0.0257285 0.011576 0.00434 0.001037 0.0001115 5e-06 0 
1 0.990587 0.972377 0.937051 0.87212 0.761305 0.593606 0.389617 0.207392 0.090757 0.031664 0.0074995 0.0009015 2.7e-05 0 0 0 0 0 0 
1 0.99101 0.973616 0.940891 0.881141 0.78171 0.637407 0.46797 0.311668 0.192301 0.107515 0.051584 0.01991 0.0063325 0.001721 0.0001945 9.5e-06 0 0 0 
1 0.989819 0.969704 0.931441 0.861747 0.744985 0.575676 0.375659 0.196781 0.08085 0.0266395 0.0071505 0.0012615 0.000102 1e-06 0 0 0 0 0 
1 0.992117 0.976934 0.94806 0.89459 0.802505 0.66318 0.490419 0.320413 0.184647 0.09384 0.044577 0.020568 0.007876 0.001828 0.0001965 8.5e-06 0 0 0 
1 0.988075 0.964582 0.919913 0.839327 0.709432 0.530525 0.33715 0.177767 0.07831 0.030261 0.010871 0.002763 0.0003005 1.25e-05 0 0 0 0 0 
1 0.989001 0.967991 0.928111 0.856388 0.736535 0.56564 0.368325 0.193856 0.0790805 0.02445 0.0057915 0.001015 7.35e-05 1e-06 0 0 0 0 0 
1 0.989476 0.968936 0.930105 0.860969 0.749029 0.593874 0.420465 0.267765 0.156986 0.0851315 0.039906 0.014143 0.003254 0.000353 1.75e-05 1.5e-06 0 0 0 
1 0.991581 0.975132 0.943829 0.885826 0.786442 0.637867 0.456288 0.282894 0.153479 0.074006 0.030307 0.0087895 0.00121 4.55e-05 1.5e-06 0 0 0 0 
1 0.986533 0.960284 0.911211 0.824463 0.686894 0.504263 0.312988 0.160072 0.066497 0.022223 0.005576 0.000742 4.95e-05 1e-06 0 0 0 0 0 
1 0.990394 0.971891 0.936686 0.872142 0.763151 0.601872 0.410272 0.23887 0.123182 0.061191 0.0309785 0.015839 0.0077915 0.003276 0.000915 0.0001245 4e-06 0 0 
1 0.98977 0.969885 0.932274 0.86345 0.74783 0.578836 0.383129 0.213036 0.10106 0.0420165 0.0143845 0.00348 0.000445 1.85e-05 0 0 0 0 0 
1 0.989701 0.969594 0.930911 0.86118 0.743726 0.572782 0.369754 0.187915 0.0689935 0.0160255 0.0019095 6.9e-05 5e-07 0 0 0 0 0 0 
1 0.989662 0.969268 0.930063 0.859507 0.740648 0.567959 0.363594 0.18063 0.066225 0.018669 0.004573 0.000814 7.55e-05 2.5e-06 0 0 0 0 0 
1 0.9903 0.971568 0.935696 0.869673 0.759448 0.600121 0.409164 0.229234 0.100373 0.0323445 0.0066425 0.0006335 2.6e-05 0 0 0 0 0 0 
1 0.989647 0.969605 0.930833 0.860261 0.741743 0.570775 0.370792 0.1947 0.0821145 0.0265015 0.0054665 0.0005135 8.5e-06 0 0 0 0 0 0 
1 0.989454 0.968981 0.930288 0.8607 0.745019 0.578593 0.38346 0.20723 0.0862975 0.025735 0.0048645 0.000517 4.4e-05 1.5e-06 0 0 0 0 0 
1 0.989128 0.967756 0.926588 0.851888 0.728641 0.555228 0.362246 0.201305 0.0949595 0.036417 0.009719 0.00136 7.45e-05 0 0 0 0 0 0 
1 0.990921 0.973507 0.94012 0.878499 0.773701 0.617197 0.425589 0.242196 0.109789 0.0374865 0.0098865 0.001958 0.0002385 8.5e-06 0 0 0 0 0 
1 0.990618 0.972048 0.93657 0.871756 0.762225 0.600898 0.404899 0.223302 0.096006 0.0300825 0.005728 0.0004895 4.5e-06 0 0 0 0 0 0 
1 0.987196 0.962522 0.916155 0.832457 0.695959 0.508225 0.307546 0.153707 0.069638 0.030005 0.010325 0.0022905 0.000223 3e-06 0 0 0 0 0 
1 0.990526 0.97201 0.936626 0.871382 0.760824 0.597311 0.402611 0.228976 0.115677 0.057095 0.028302 0.012416 0.0039905 0.000741 4.5e-05 0 0 0 0 
1 0.990609 0.972 0.936687 0.871471 0.761351 0.599035 0.406581 0.231479 0.108952 0.0404835 0.010682 0.0016665 0.0001175 5.5e-06 0 0 0 0 0 
1 0.99045 0.971929 0.936734 0.872602 0.767519 0.619929 0.449921 0.297213 0.183405 0.106834 0.05867 0.0310105 0.014518 0.0047595 0.0008845 5.75e-05 2e-06 0 0 
1 0.991356 0.974532 0.942363 0.88399 0.785212 0.637498 0.454058 0.273382 0.139313 0.062148 0.0261855 0.0112975 0.004207 0.001011 8.1e-05 0 0 0 0 
1 0.990003 0.970382 0.932637 0.864054 0.749691 0.58342 0.390595 0.220502 0.113002 0.0613885 0.036154 0.020319 0.0089405 0.002235 0.000235 3e-06 0 0 0 
1 0.990294 0.971401 0.935094 0.867962 0.754958 0.589667 0.394418 0.224263 0.114777 0.0534595 0.0207155 0.006782 0.0019435 0.0003355 2.35e-05 0 0 0 0 
1 0.990009 0.970288 0.932901 0.864159 0.748532 0.578709 0.377342 0.198867 0.0864265 0.0324795 0.0098445 0.001747 0.0001175 3e-06 -3.46945e-18 0 0 0 0 
1 0.989922 0.970058 0.932279 0.863691 0.750629 0.590217 0.408793 0.253271 0.147144 0.083636 0.048669 0.030458 0.019449 0.010868 0.004424 0.001272 0.000196 2.5e-05 0 
1 0.992174 0.976609 0.94691 0.891339 0.796364 0.652262 0.471049 0.29011 0.147084 0.057649 0.016846 0.004219 0.000908 0.0001345 8.5e-06 0 0 0 0 
1 0.988548 0.966279 0.923928 0.848334 0.723698 0.5481 0.35347 0.198184 0.108926 0.066463 0.0412235 0.021771 0.0082605 0.0018535 0.000171 2e-06 0 0 0 
1 0.991722 0.975233 0.943876 0.886682 0.789298 0.643225 0.464182 0.299194 0.18628 0.123448 0.087966 0.0618675 0.039229 0.020884 0.0087475 0.0024095 0.000292 1.25e-05 0 
1 0.991308 0.974452 0.942185 0.882483 0.781238 0.627023 0.43361 0.24771 0.112905 0.0396665 0.010923 0.002089 0.000209 4e-06 0 0 0 0 0 
1 0.993203 0.980034 0.95452 0.906553 0.822973 0.692381 0.522122 0.345081 0.195539 0.0881155 0.0283825 0.005633 0.000561 1.4e-05 0 0 0 0 0 
1 0.989057 0.967896 0.927037 0.852203 0.728147 0.550864 0.347598 0.170955 0.0601315 0.013772 0.001786 9e-05 5e-07 0 0 0 0 0 0 
1 0.990729 0.97227 0.936982 0.873306 0.767719 0.614469 0.430491 0.258108 0.134484 0.0617745 0.023863 0.006364 0.000805 3.25e-05 0 0 0 0 0 
1 0.991045 0.973626 0.94039 0.879629 0.776774 0.622724 0.429899 0.241204 0.106566 0.03795 0.011787 0.0030785 0.0005495 4.4e-05 5e-07 0 0 0 0 
1 0.989369 0.968353 0.92856 0.856447 0.73673 0.564354 0.364724 0.194892 0.09379 0.045504 0.020174 0.007538 0.0023535 0.000492 3.75e-05 1e-06 0 0 0 
1 0.988654 0.96638 0.924386 0.848727 0.722185 0.541814 0.337043 0.163585 0.0588205 0.015158 0.002462 0.000173 2.5e-06 0 0 0 0 0 0 
1 0.990637 0.97253 0.938179 0.876813 0.774732 0.627389 0.45541 0.296016 0.170581 0.0851085 0.034978 0.010735 0.002103 0.0002215 3e-06 0 0 0 0 
1 0.990804 0.97237 0.9375 0.873663 0.766115 0.606466 0.413857 0.235575 0.110558 0.0419725 0.011981 0.0021115 0.000195 6e-06 1e-06 0 0 0 0 
1 0.988773 0.967023 0.925682 0.849871 0.72322 0.541887 0.335734 0.161808 0.057332 0.01315 0.001612 9.25e-05 5e-07 0 0 0 0 0 0 
1 0.987778 0.963786 0.91805 0.83539 0.700232 0.511819 0.304727 0.137126 0.043498 0.009402 0.001125 5.1e-05 1.5e-06 0 0 0 0 0 0 
1 0.989732 0.969844 0.932091 0.86453 0.751269 0.587254 0.40211 0.244728 0.143722 0.08676 0.051123 0.027919 0.0141445 0.0061025 0.00179 0.000233 9e-06 0 0 
1 0.99055 0.97189 0.936434 0.872626 0.765665 0.608054 0.419572 0.247937 0.127467 0.057344 0.021243 0.0058655 0.00107 7.45e-05 0 0 0 0 0 
1 0.990304 0.971161 0.934634 0.867434 0.753026 0.585166 0.385412 0.204273 0.0830705 0.024116 0.004577 0.000417 7e-06 1.5e-06 0 0 0 0 0 
1 0.98881 0.966894 0.925749 0.851388 0.730123 0.557118 0.359812 0.187536 0.074607 0.0214915 0.0049915 0.00102 0.000159 1.2e-05 0 0 0 0 0 
1 0.990222 0.971403 0.935597 0.869649 0.759192 0.596228 0.400962 0.219219 0.092435 0.028375 0.005373 0.000497 1.1e-05 0 0 0 0 0 0 
1 0.990734 0.972235 0.937062 0.872877 0.765612 0.608482 0.420038 0.242353 0.112213 0.0384885 0.0083285 0.0009155 2.35e-05 5e-07 0 0 0 0 0 
1 0.989486 0.969003 0.930309 0.859823 0.74351 0.578547 0.386667 0.214299 0.0974775 0.036473 0.01138 0.0027245 0.000378 1.2e-05 0 0 0 0 0 
1 0.989099 0.968094 0.928275 0.855679 0.734277 0.561911 0.366991 0.199177 0.08698 0.029063 0.0070055 0.000967 4.05e-05 0 0 0 0 0 0 
1 0.987434 0.963069 0.917027 0.834483 0.702269 0.522493 0.333492 0.187922 0.099972 0.0507775 0.0221425 0.0069945 0.001202 8.15e-05 0 0 0 0 0 
1 0.990421 0.971621 0.935117 0.868339 0.755616 0.592101 0.401179 0.231101 0.115989 0.053543 0.0237065 0.0093895 0.002622 0.0003905 2.2e-05 0 0 0 0 
1 0.98981 0.969844 0.931644 0.862506 0.747461 0.580061 0.383588 0.204341 0.0843845 0.027151 0.007143 0.001807 0.00041 4.1e-05 0 0 0 0 0 
1 0.988326 0.965302 0.922146 0.843995 0.716678 0.539023 0.34126 0.178076 0.077374 0.028747 0.00862 0.0017045 0.0001425 2e-06 0 0 0 0 0 
1 0.990867 0.973092 0.938782 0.875892 0.768806 0.609869 0.418411 0.239356 0.111045 0.040292 0.010215 0.001297 4.75e-05 1e-06 0 0 0 0 0 
1 0.987427 0.963284 0.917534 0.835829 0.703179 0.519901 0.320991 0.160045 0.0644775 0.020933 0.0051885 0.0008145 4.25e-05 -3.46945e-18 0 0 0 0 0 
1 0.991123 0.974171 0.941678 0.882556 0.782756 0.635461 0.455859 0.283069 0.150708 0.066376 0.022791 0.0052055 0.00049 8e-06 0 0 0 0 0 
1 0.989157 0.968199 0.928108 0.854346 0.731193 0.554509 0.353614 0.186403 0.0820135 0.0281275 0.006491 0.00073 2.15e-05 -3.46945e-18 0 0 0 0 0 
1 0.988404 0.965678 0.922277 0.844601 0.718128 0.542511 0.35123 0.191023 0.0867875 0.031287 0.0077945 0.0010805 4.9e-05 1e-06 0 0 0 0 0 
1 0.990175 0.970753 0.933825 0.86648 0.752825 0.587679 0.394984 0.224953 0.109819 0.045961 0.016612 0.0053 0.0013235 0.000181 9e-06 0 0 0 0 
1 0.98986 0.969993 0.931981 0.862994 0.748001 0.582101 0.389072 0.216881 0.099311 0.034382 0.007506 0.0007135 1.8e-05 -3.46945e-18 0 0 0 0 0 
1 0.989989 0.970712 0.934206 0.867534 0.757401 0.598552 0.410919 0.235395 0.107047 0.0362665 0.008737 0.0015205 0.000201 7e-06 0 0 0 0 0 
1 0.992886 0.978981 0.951918 0.901455 0.813595 0.678459 0.508165 0.337561 0.200265 0.108237 0.0583855 0.033211 0.017588 0.006896 0.001492 0.0001345 1.5e-06 0 0 
1 0.990347 0.971449 0.935805 0.870802 0.762784 0.606051 0.421067 0.250654 0.129145 0.055631 0.0175755 0.0036435 0.000595 6.55e-05 2e-06 -3.46945e-18 -3.46945e-18 0 0 
1 0.990302 0.970965 0.933614 0.866485 0.755004 0.596718 0.415932 0.255741 0.142437 0.073172 0.0336865 0.012616 0.0033865 0.000506 3.9e-05 0 0 0 0 
1 0.990549 0.971866 0.936471 0.872576 0.765195 0.610076 0.426362 0.257063 0.135431 0.063205 0.024062 0.00663 0.0013665 0.0002215 1.4e-05 0 0 0 0 
1 0.989301 0.968699 0.929388 0.857903 0.739481 0.571449 0.38194 0.219225 0.110047 0.050278 0.022082 0.0096305 0.003614 0.000922 0.0001435 4.5e-06 0 0 0 
1 0.989318 0.968421 0.929075 0.857489 0.738733 0.567271 0.366856 0.190051 0.0758505 0.023742 0.0056895 0.0008615 4.6e-05 4e-06 0 0 0 0 0 
1 0.987528 0.963337 0.917148 0.834387 0.698997 0.509909 0.304183 0.143621 0.0535765 0.0154725 0.0033085 0.0004135 1.8e-05 0 0 0 0 0 0 
1 0.989435 0.968878 0.930254 0.860318 0.744593 0.577883 0.385181 0.215385 0.10077 0.03795 0.010614 0.0017845 0.000168 6e-06 0 0 0 0 0 
1 0.98905 0.967553 0.92667 0.852536 0.729978 0.554354 0.352466 0.178927 0.0713495 0.022786 0.0058715 0.0010385 5.8e-05 0 0 0 0 0 0 
1 0.991431 0.974808 0.942942 0.884592 0.785498 0.637036 0.450579 0.263071 0.120152 0.0413955 0.0103935 0.0018 0.000163 2e-06 0 0 0 0 0 
1 0.991178 0.973446 0.939987 0.878366 0.773867 0.618966 0.428572 0.246616 0.116554 0.045057 0.0134325 0.003239 0.0006375 5.7e-05 1e-06 0 0 0 0 
1 0.989351 0.96892 0.929815 0.859238 0.743185 0.578608 0.389591 0.219715 0.101832 0.039015 0.012909 0.0035525 0.000611 4.5e-05 7e-06 0 0 0 0 
1 0.990572 0.972078 0.937002 0.87283 0.7636 0.602706 0.410335 0.232742 0.10959 0.0441785 0.0171675 0.0068605 0.002672 0.0008865 0.0001535 6.5e-06 0 0 0 
1 0.989821 0.970152 0.932287 0.863279 0.747831 0.584277 0.395788 0.227318 0.110038 0.045304 0.015078 0.003348 0.0003685 4e-06 0 0 0 0 0 
1 0.990059 0.970983 0.935354 0.870412 0.761054 0.599081 0.401148 0.215006 0.086075 0.0241585 0.0043295 0.000497 3.4e-05 0 0 0 0 0 0 
1 0.991468 0.974896 0.943374 0.885337 0.78739 0.642028 0.464429 0.291909 0.154453 0.0647815 0.0201495 0.0041985 0.000429 6e-06 0 0 0 0 0 
1 0.99088 0.973185 0.939292 0.877459 0.774366 0.623228 0.439979 0.267579 0.145449 0.0805895 0.051649 0.0354665 0.0216875 0.0100495 0.0028475 0.00035 7e-06 0 0 
1 0.990099 0.970905 0.934774 0.868662 0.758256 0.599056 0.415173 0.255484 0.145706 0.076988 0.035056 0.011921 0.0027925 0.0004015 1.8e-05 0 0 0 0 
1 0.989468 0.969081 0.930943 0.861981 0.748982 0.590121 0.409345 0.244551 0.119673 0.045298 0.012863 0.0025545 0.000325 1.85e-05 0 0 0 0 0 
1 0.990877 0.973426 0.93999 0.878269 0.772756 0.615278 0.422255 0.238595 0.107105 0.037153 0.010341 0.0023735 0.0004525 4.7e-05 5e-07 0 0 0 0 
1 0.989626 0.969427 0.931116 0.860889 0.744101 0.576247 0.380277 0.202652 0.0824475 0.0243615 0.005306 0.0007985 4.7e-05 5e-07 0 0 0 0 0 
1 0.991381 0.974762 0.942793 0.88357 0.782665 0.629873 0.443507 0.271755 0.154778 0.090322 0.0540975 0.0303115 0.0134265 0.0038105 0.000515 3.2e-05 0 0 0 
1 0.990208 0.971033 0.934428 0.867351 0.756018 0.598393 0.420769 0.263028 0.145014 0.068775 0.0276685 0.0088145 0.0018715 0.000203 1.5e-06 0 0 0 0 
1 0.990108 0.970863 0.93422 0.867357 0.755783 0.594176 0.405582 0.238207 0.121316 0.054293 0.0214545 0.0069105 0.00145 0.0001095 9e-06 0 0 0 0 
1 0.98813 0.965039 0.921366 0.842834 0.714014 0.533709 0.333437 0.167418 0.0669475 0.0216055 0.0058215 0.0011315 7.45e-05 0 0 0 0 0 0 
1 0.990121 0.970868 0.933843 0.867866 0.75751 0.599343 0.416124 0.254449 0.145697 0.079754 0.0375425 0.012513 0.0020775 0.00013 1e-06 0 0 0 0 
1 0.990512 0.971792 0.935833 0.869734 0.758115 0.593629 0.398657 0.222061 0.105208 0.049059 0.025748 0.0138505 0.006963 0.002947 0.000698 4.4e-05 0 0 0 
1 0.9876 0.963454 0.917827 0.835542 0.699253 0.507789 0.30138 0.14403 0.060629 0.024623 0.007764 0.0012925 0.0001015 6.5e-06 0 0 0 0 0 
1 0.990013 0.970389 0.933436 0.865834 0.753847 0.593048 0.405942 0.237385 0.119757 0.0568845 0.0299405 0.017947 0.009985 0.0044865 0.0016655 0.000455 6.1e-05 2.5e-06 0 
1 0.989338 0.968308 0.928954 0.85723 0.738658 0.566795 0.369032 0.195046 0.082403 0.026369 0.0053265 0.000485 9.5e-06 0 0 0 0 0 0 
1 0.987666 0.963586 0.918062 0.835666 0.701542 0.5145 0.31307 0.15542 0.0651045 0.0252885 0.0106855 0.0048745 0.0018005 0.000371 2.85e-05 2e-06 0 0 0 
1 0.990631 0.972314 0.937453 0.87433 0.770268 0.618912 0.441422 0.270237 0.133053 0.047139 0.010158 0.00106 6.8e-05 5e-07 0 0 0 0 0 
1 0.989918 0.9701 0.932238 0.863164 0.746187 0.573788 0.370099 0.190436 0.0769995 0.023774 0.004711 0.0004255 1.8e-05 0 0 0 0 0 0 
1 0.990222 0.970678 0.932897 0.863741 0.747797 0.581252 0.387894 0.217391 0.101598 0.04036 0.013304 0.0029815 0.0003775 1.75e-05 0 0 0 0 0 
1 0.991797 0.976169 0.946189 0.890919 0.795644 0.65193 0.475288 0.304919 0.17892 0.101461 0.054453 0.0247395 0.0082885 0.001665 0.0001295 2e-06 0 0 0 
1 0.989095 0.96778 0.926594 0.851573 0.725751 0.543591 0.334472 0.157495 0.0529725 0.011394 0.0014045 6.8e-05 1e-06 0 0 0 0 0 0 
1 0.98942 0.968655 0.929451 0.85769 0.739452 0.569007 0.371865 0.197972 0.084477 0.0305585 0.0101975 0.002815 0.000522 4e-05 0 0 0 0 0 
1 0.99091 0.973021 0.938682 0.875165 0.766105 0.602474 0.401584 0.21486 0.0892565 0.0267855 0.0049605 0.000458 2.5e-05 0 0 0 0 0 0 
1 0.989557 0.968978 0.929617 0.858831 0.741397 0.575283 0.387993 0.227199 0.122788 0.067132 0.0359685 0.016937 0.006966 0.0025105 0.000614 3e-05 0 0 0 
1 0.988692 0.966373 0.923983 0.847781 0.72357 0.550074 0.35643 0.188942 0.0774465 0.022679 0.0044415 0.00057 3.4e-05 0 0 0 0 0 0 
1 0.987665 0.96378 0.918487 0.837264 0.703414 0.517852 0.316106 0.157727 0.0699795 0.0308055 0.013835 0.005366 0.0011715 0.0001065 3e-06 0 0 0 0 
1 0.990068 0.970618 0.932924 0.864365 0.748272 0.5789 0.380691 0.206641 0.0958 0.044071 0.022011 0.0091665 0.0024055 0.0002735 3.5e-06 0 0 0 0 
1 0.990711 0.972748 0.938138 0.873836 0.765707 0.606774 0.417972 0.244322 0.121443 0.0514195 0.019078 0.0064485 0.0017665 0.0002395 1.05e-05 0 0 0 0 
1 0.989718 0.969544 0.931215 0.862471 0.74883 0.585172 0.394826 0.221915 0.101669 0.038532 0.0113555 0.001971 0.000138 5e-06 0 0 0 0 0 
1 0.991611 0.97469 0.942493 0.883779 0.782655 0.628007 0.430803 0.234017 0.092827 0.025553 0.00456 0.0004965 2.55e-05 -8.67362e-17 -8.67362e-17 -3.1225e-17 -3.46945e-18 -3.46945e-18 0 
1 0.988825 0.96678 0.925061 0.850697 0.727694 0.552032 0.347965 0.169571 0.062073 0.0171055 0.003202 0.000402 2.45e-05 2.5e-06 0 0 0 0 0 
1 0.991383 0.974222 0.941313 0.880854 0.777331 0.62033 0.424535 0.232071 0.0937685 0.0264195 0.0050435 0.0006365 4.3e-05 2e-06 0 0 0 0 0 
1 0.989885 0.969649 0.931415 0.861368 0.744711 0.57635 0.377921 0.197989 0.077604 0.021027 0.003823 0.0004035 2.05e-05 -3.46945e-18 0 0 0 0 0 
1 0.990948 0.973509 0.940382 0.879196 0.778446 0.633319 0.463404 0.306496 0.187334 0.108853 0.0631875 0.039999 0.0273565 0.0172295 0.009072 0.0035025 0.000793 7.05e-05 1e-06 
1 0.989472 0.96855 0.928644 0.856618 0.736572 0.565717 0.366993 0.192581 0.084927 0.035284 0.0124955 0.003064 0.0003495 5e-06 0 0 0 0 0 
1 0.987981 0.965 0.921019 0.841433 0.710579 0.524053 0.314198 0.142536 0.0461325 0.0096 0.000988 3.9e-05 1e-06 0 0 0 0 0 0 
1 0.985985 0.958879 0.907832 0.817548 0.673813 0.481684 0.282329 0.133679 0.0538645 0.020263 0.0068195 0.0018055 0.0002685 8e-06 0 0 0 0 0 
1 0.991969 0.97674 0.947873 0.894596 0.805451 0.675355 0.51574 0.352895 0.214268 0.115111 0.0566885 0.0262945 0.0111475 0.004262 0.0012195 0.000149 1e-05 0 0 
1 0.989038 0.967804 0.927888 0.855317 0.735025 0.563971 0.367566 0.197729 0.0885985 0.0316585 0.008576 0.00172 0.0002065 9.5e-06 0 0 0 0 0 
1 0.988265 0.965227 0.921046 0.840393 0.706679 0.515413 0.303117 0.134513 0.045388 0.011758 0.0018475 0.000111 4e-06 0 0 0 0 0 0 
1 0.98914 0.968042 0.927664 0.854552 0.733177 0.557284 0.352632 0.176662 0.068106 0.0201415 0.0052965 0.001223 0.00016 5e-06 0 0 0 0 0 
1 0.98999 0.96996 0.931558 0.861588 0.743815 0.57257 0.375709 0.207443 0.103432 0.0528345 0.0277255 0.0127205 0.004321 0.0008975 7.05e-05 1e-06 0 0 0 
1 0.988948 0.967159 0.925699 0.85071 0.727146 0.551024 0.354033 0.18999 0.086287 0.032457 0.0099745 0.002591 0.0004705 2.7e-05 1.5e-06 0 0 0 0 
1 0.991305 0.974062 0.940942 0.879841 0.775474 0.617948 0.420219 0.228084 0.0921895 0.025649 0.0047055 0.0004095 6.5e-06 0 0 0 0 0 0 
1 0.987929 0.964497 0.920301 0.839871 0.707494 0.522853 0.319907 0.15576 0.057052 0.0149825 0.00269 0.000333 1.05e-05 0 0 0 0 0 0 
1 0.986974 0.961826 0.913624 0.826968 0.686418 0.492233 0.284743 0.123371 0.0361925 0.006322 0.000496 5e-06 0 0 0 0 0 0 0 
1 0.989891 0.969911 0.930941 0.860431 0.743168 0.575562 0.383636 0.219469 0.117052 0.058911 0.0230475 0.0054855 0.000552 3.85e-05 5e-06 0 0 0 0 
1 0.990606 0.97234 0.938271 0.877393 0.778464 0.63996 0.475641 0.308652 0.166441 0.070027 0.0204485 0.003686 0.000343 1.15e-05 0 0 0 0 0 
1 0.988925 0.967385 0.927125 0.854672 0.735431 0.566301 0.376675 0.218006 0.115622 0.0605975 0.03055 0.012516 0.0032935 0.0005065 2.9e-05 0 0 0 0 
1 0.990343 0.971505 0.935507 0.868865 0.756164 0.589852 0.388461 0.204066 0.079787 0.021052 0.003357 0.000218 7e-06 0 0 0 0 0 0 
1 0.988773 0.967017 0.925612 0.850655 0.726456 0.55087 0.353268 0.187167 0.082467 0.0299495 0.008397 0.001515 8.5e-05 5e-07 0 0 0 0 0 
1 0.989854 0.970139 0.932643 0.864791 0.752618 0.592803 0.409645 0.24823 0.138082 0.073335 0.0387815 0.02001 0.009054 0.002968 0.000427 1.9e-05 5e-07 0 0 
1 0.989387 0.968735 0.929085 0.857614 0.737698 0.565433 0.368139 0.198069 0.087811 0.0309115 0.008165 0.001536 0.0001425 8e-06 0 0 0 0 0 
1 0.989357 0.968709 0.929362 0.857865 0.740822 0.573915 0.381732 0.208254 0.093028 0.0360685 0.012649 0.003731 0.000778 0.000113 1.2e-05 0 0 0 0 
1 0.992108 0.976516 0.94682 0.891955 0.797607 0.653063 0.467767 0.28025 0.133642 0.048409 0.012572 0.001985 0.0001465 5e-07 0 0 0 0 0 
1 0.988329 0.965645 0.922338 0.844096 0.713466 0.527898 0.320211 0.149814 0.0530295 0.0132915 0.002179 0.000175 6.5e-06 0 0 0 0 0 0 
1 0.988417 0.966262 0.92438 0.849032 0.725608 0.551839 0.358333 0.194713 0.0868815 0.02925 0.006333 0.0007865 4.35e-05 2e-06 0 0 0 0 0 
1 0.989681 0.969645 0.931446 0.862309 0.747308 0.583444 0.397667 0.239016 0.133176 0.0732865 0.043052 0.028278 0.0191375 0.012095 0.005958 0.0018335 0.0002355 3.5e-06 0 
1 0.990156 0.971033 0.934869 0.86963 0.761394 0.604018 0.415555 0.238898 0.111098 0.0405295 0.0111095 0.0017815 0.0001115 5e-07 0 0 0 0 0 
1 0.988043 0.964543 0.920239 0.841323 0.713748 0.535179 0.333562 0.16048 0.0544995 0.0116225 0.0015625 0.000128 4e-06 -3.46945e-18 -3.46945e-18 0 0 0 0 
1 0.990749 0.972682 0.938512 0.876518 0.771718 0.618473 0.434738 0.262915 0.133853 0.0557195 0.018678 0.004614 0.000628 4.1e-05 0 0 0 0 0 
1 0.992203 0.976931 0.947922 0.894937 0.805009 0.672072 0.50853 0.344561 0.21419 0.128824 0.075374 0.0398285 0.017441 0.0053145 0.0010465 0.0001255 5e-06 0 0 
1 0.993217 0.97977 0.954256 0.908121 0.83054 0.714471 0.569031 0.414346 0.269363 0.149111 0.065148 0.020697 0.0047495 0.0006915 4.4e-05 0 0 0 0 
1 0.990337 0.97168 0.935799 0.870154 0.758917 0.593696 0.39718 0.220562 0.103016 0.0404035 0.012525 0.0025245 0.0002435 1.5e-06 0 0 0 0 0 
1 0.989415 0.968578 0.928559 0.855427 0.732547 0.553548 0.348738 0.178595 0.079523 0.034202 0.013237 0.003834 0.0006875 7.2e-05 4.5e-06 0 0 0 0 
1 0.99001 0.970595 0.933788 0.867079 0.756277 0.597476 0.412511 0.244296 0.123645 0.051694 0.016027 0.0031835 0.000333 6e-06 0 0 0 0 0 
1 0.991454 0.974428 0.942246 0.883704 0.784735 0.638693 0.458571 0.282404 0.149632 0.0690445 0.025965 0.007442 0.001425 0.000121 5e-07 0 0 0 0 
1 0.991648 0.975086 0.943541 0.884516 0.783595 0.630679 0.444906 0.274111 0.155855 0.084531 0.041896 0.018419 0.007103 0.001856 0.0001825 1.5e-06 0 0 0 
1 0.993372 0.98012 0.95451 0.90696 0.823373 0.692002 0.517185 0.332903 0.1876 0.0997215 0.051707 0.023968 0.0086255 0.002126 0.000378 2.5e-05 0 0 0 
1 0.990117 0.971059 0.934691 0.869345 0.761517 0.608238 0.431444 0.26883 0.141398 0.058489 0.017329 0.0032605 0.0003205 5.5e-06 0 0 0 0 0 
1 0.988337 0.965514 0.92207 0.843593 0.714041 0.532008 0.329916 0.166431 0.0705215 0.0273765 0.009994 0.003175 0.0006935 0.0001005 5e-06 0 0 0 0 
1 0.98967 0.969984 0.932239 0.864112 0.753237 0.598072 0.421796 0.262799 0.143439 0.0652255 0.0232145 0.006625 0.0016935 0.000312 2.6e-05 0 0 0 0 
1 0.988322 0.96555 0.922382 0.844163 0.714689 0.529636 0.321119 0.148781 0.0503145 0.012567 0.002437 0.0002815 1.05e-05 -3.46945e-18 -3.46945e-18 0 0 0 0 
1 0.991001 0.97333 0.939156 0.876007 0.769791 0.61314 0.42566 0.252332 0.129964 0.0620905 0.030536 0.0146 0.0054915 0.001162 9.05e-05 5e-07 0 0 0 
1 0.992141 0.977018 0.947827 0.894689 0.804862 0.670957 0.506356 0.341941 0.208542 0.11716 0.060801 0.0288665 0.012723 0.004721 0.001185 0.0001735 1.75e-05 0 0 
1 0.988552 0.966421 0.924578 0.848178 0.72011 0.536186 0.326586 0.153079 0.054482 0.0152465 0.0029915 0.0002685 6e-06 0 0 0 0 0 0 
1 0.988686 0.966282 0.924225 0.84808 0.722563 0.544366 0.341786 0.169405 0.066313 0.02119 0.0050135 0.0007645 5e-05 1.5e-06 0 0 0 0 0 
1 0.990364 0.971746 0.936101 0.870521 0.759771 0.594833 0.395188 0.213272 0.092414 0.031842 0.008125 0.001233 0.000108 5.5e-06 0 0 0 0 0 
1 0.990477 0.971657 0.936046 0.871378 0.764986 0.612875 0.435914 0.275558 0.156232 0.07727 0.0315845 0.0099225 0.002193 0.0003185 2.9e-05 0 0 0 0 
1 0.991111 0.97416 0.941469 0.880915 0.77766 0.622269 0.433044 0.256769 0.133516 0.0696335 0.040731 0.024203 0.011795 0.0039965 0.0007205 3.1e-05 0 0 0 
1 0.988849 0.967326 0.92604 0.850955 0.726476 0.549665 0.351084 0.183616 0.0787795 0.0284235 0.0079285 0.001332 9.75e-05 3.5e-06 0 0 0 0 0 
1 0.989629 0.969247 0.93069 0.860269 0.742886 0.572861 0.375492 0.203473 0.0946565 0.0399735 0.0145025 0.0037105 0.0004455 9.5e-06 0 0 0 0 0 
1 0.990845 0.973227 0.939501 0.879178 0.779073 0.635998 0.468407 0.31106 0.18498 0.0959865 0.0411965 0.0137015 0.003205 0.0004235 2.3e-05 0 0 0 0 
