0
10 100
1 0.45264 0.10701 0.011905 0.00077 2.5e-05 0 0 0 0 0 0 0 0 0 0 0 0 0 0 
1 0.44949 0.10483 0.01101 0.000575 3e-05 0 0 0 0 0 0 0 0 0 0 0 0 0 0 
1 0.448395 0.10472 0.01116 0.000735 4e-05 0 0 0 0 0 0 0 0 0 0 0 0 0 0 
1 0.45076 0.105565 0.011355 0.000635 2.5e-05 0 0 0 0 0 0 0 0 0 0 0 0 0 0 
1 0.449745 0.105165 0.01101 0.000735 4e-05 0 0 0 0 0 0 0 0 0 0 0 0 0 0 
1 0.45062 0.106235 0.011605 0.00075 4.5e-05 5e-06 0 0 0 0 0 0 0 0 0 0 0 0 0 
1 0.45139 0.10722 0.011255 0.00075 4e-05 5e-06 0 0 0 0 0 0 0 0 0 0 0 0 0 
1 0.4503 0.10527 0.01117 0.00079 3e-05 0 0 0 0 0 0 0 0 0 0 0 0 0 0 
1 0.449735 0.10514 0.011245 0.000685 4.5e-05 0 0 0 0 0 0 0 0 0 0 0 0 0 0 
1 0.448235 0.10607 0.011355 0.00077 4e-05 0 0 0 0 0 0 0 0 0 0 0 0 0 0 
1 0.45066 0.104875 0.011465 0.00067 3.5e-05 0 0 0 0 0 0 0 0 0 0 0 0 0 0 
1 0.44946 0.10592 0.011205 0.00071 2.5e-05 5e-06 0 0 0 0 0 0 0 0 0 0 0 0 0 
1 0.448365 0.10444 0.01129 0.000785 5.5e-05 5e-06 0 0 0 0 0 0 0 0 0 0 0 0 0 
1 0.4497 0.106335 0.011475 0.000695 5e-06 0 0 0 0 0 0 0 0 0 0 0 0 0 0 
1 0.451785 0.107155 0.011475 0.00065 5e-05 5e-06 0 0 0 0 0 0 0 0 0 0 0 0 0 
1 0.44893 0.10563 0.01107 0.00061 3e-05 0 0 0 0 0 0 0 0 0 0 0 0 0 0 
1 0.45132 0.10609 0.011785 0.00073 5e-05 1e-05 0 0 0 0 0 0 0 0 0 0 0 0 0 
1 0.45236 0.104755 0.01109 0.00072 4e-05 0 0 0 0 0 0 0 0 0 0 0 0 0 0 
1 0.45049 0.106055 0.012 0.000875 3e-05 5e-06 0 0 0 0 0 0 0 0 0 0 0 0 0 
1 0.448805 0.10508 0.011465 0.00077 6e-05 1e-05 0 0 0 0 0 0 0 0 0 0 0 0 0 
1 0.45234 0.106885 0.01172 0.000725 5e-05 5e-06 0 0 0 0 0 0 0 0 0 0 0 0 0 
1 0.451835 0.108235 0.01158 0.00074 3.5e-05 0 0 0 0 0 0 0 0 0 0 0 0 0 0 
1 0.450915 0.105195 0.011545 0.00077 3.5e-05 0 0 0 0 0 0 0 0 0 0 0 0 0 0 
1 0.449315 0.106555 0.01149 0.000705 3.5e-05 1e-05 0 0 0 0 0 0 0 0 0 0 0 0 0 
1 0.44975 0.10554 0.011225 0.000685 5e-05 5e-06 0 0 0 0 0 0 0 0 0 0 0 0 0 
1 0.451545 0.107295 0.01142 0.00066 1.5e-05 0 0 0 0 0 0 0 0 0 0 0 0 0 0 
1 0.450495 0.10631 0.01113 0.00067 2.5e-05 0 0 0 0 0 0 0 0 0 0 0 0 0 0 
1 0.4524 0.105675 0.011295 0.000625 3e-05 5e-06 0 0 0 0 0 0 0 0 0 0 0 0 0 
1 0.449275 0.105725 0.011845 0.00079 5.5e-05 0 0 0 0 0 0 0 0 0 0 0 0 0 0 
1 0.450465 0.10589 0.011295 0.000645 3e-05 0 0 0 0 0 0 0 0 0 0 0 0 0 0 
1 0.44963 0.107325 0.01171 0.000725 7e-05 5e-06 5e-06 0 0 0 0 0 0 0 0 0 0 0 0 
1 0.449125 0.105325 0.01153 0.00079 3.5e-05 0 0 0 0 0 0 0 0 0 0 0 0 0 0 
1 0.450125 0.105075 0.01105 0.000655 2.5e-05 0 0 0 0 0 0 0 0 0 0 0 0 0 0 
1 0.44934 0.10548 0.0114 0.00075 3.5e-05 0 0 0 0 0 0 0 0 0 0 0 0 0 0 
1 0.4497 0.10532 0.01139 0.00074 2.5e-05 0 0 0 0 0 0 0 0 0 0 0 0 0 0 
1 0.44772 0.105205 0.01096 0.000705 2e-05 0 0 0 0 0 0 0 0 0 0 0 0 0 0 
1 0.44763 0.10498 0.011495 0.00069 1.5e-05 1e-05 0 0 0 0 0 0 0 0 0 0 0 0 0 
1 0.45031 0.10699 0.01108 0.000635 4e-05 0 0 0 0 0 0 0 0 0 0 0 0 0 0 
1 0.448485 0.10528 0.011045 0.000655 3.5e-05 5e-06 0 0 0 0 0 0 0 0 0 0 0 0 0 
1 0.450985 0.105945 0.011225 0.00073 2e-05 1e-05 0 0 0 0 0 0 0 0 0 0 0 0 0 
1 0.449395 0.106065 0.0118 0.00072 5e-05 0 0 0 0 0 0 0 0 0 0 0 0 0 0 
1 0.44922 0.105765 0.01133 0.0007 2.5e-05 0 0 0 0 0 0 0 0 0 0 0 0 0 0 
1 0.44735 0.103815 0.01079 0.00073 2e-05 0 0 0 0 0 0 0 0 0 0 0 0 0 0 
1 0.449795 0.10633 0.011505 0.00075 2.5e-05 0 0 0 0 0 0 0 0 0 0 0 0 0 0 
1 0.44964 0.10486 0.01101 0.000695 2.5e-05 0 0 0 0 0 0 0 0 0 0 0 0 0 0 
1 0.450815 0.105215 0.01147 0.00073 3e-05 0 0 0 0 0 0 0 0 0 0 0 0 0 0 
1 0.450025 0.10556 0.011445 0.000755 7e-05 2e-05 0 0 0 0 0 0 0 0 0 0 0 0 0 
1 0.45017 0.10463 0.01084 0.00067 4e-05 0 0 0 0 0 0 0 0 0 0 0 0 0 0 
1 0.45172 0.10637 0.011725 0.00077 8.5e-05 5e-06 0 0 0 0 0 0 0 0 0 0 0 0 0 
1 0.450225 0.105685 0.011215 0.000585 3.5e-05 5e-06 0 0 0 0 0 0 0 0 0 0 0 0 0 
1 0.449425 0.106775 0.011325 0.00071 1e-05 0 0 0 0 0 0 0 0 0 0 0 0 0 0 
1 0.449565 0.104815 0.01131 0.000735 3.5e-05 0 0 0 0 0 0 0 0 0 0 0 0 0 0 
1 0.44803 0.10422 0.01098 0.000735 5e-05 5e-06 0 0 0 0 0 0 0 0 0 0 0 0 0 
1 0.447995 0.10551 0.011225 0.00062 2.5e-05 0 0 0 0 0 0 0 0 0 0 0 0 0 0 
1 0.447275 0.104475 0.01105 0.00067 3.5e-05 5e-06 0 0 0 0 0 0 0 0 0 0 0 0 0 
1 0.451135 0.10662 0.011605 0.000685 4.5e-05 5e-06 5e-06 0 0 0 0 0 0 0 0 0 0 0 0 
1 0.450925 0.10608 0.01133 0.00073 3.5e-05 0 0 0 0 0 0 0 0 0 0 0 0 0 0 
1 0.450155 0.106205 0.011865 0.000805 4.5e-05 5e-06 0 0 0 0 0 0 0 0 0 0 0 0 0 
1 0.44857 0.105515 0.01126 0.000715 2e-05 0 0 0 0 0 0 0 0 0 0 0 0 0 0 
1 0.449945 0.105975 0.01183 0.000695 4e-05 0 0 0 0 0 0 0 0 0 0 0 0 0 0 
1 0.45088 0.105545 0.01128 0.000685 6.5e-05 0 0 0 0 0 0 0 0 0 0 0 0 0 0 
1 0.44949 0.10673 0.011625 0.00083 3.5e-05 0 0 0 0 0 0 0 0 0 0 0 0 0 0 
1 0.449065 0.103315 0.010625 0.00064 2e-05 0 0 0 0 0 0 0 0 0 0 0 0 0 0 
1 0.45088 0.10641 0.01199 0.000685 4.5e-05 0 0 0 0 0 0 0 0 0 0 0 0 0 0 
1 0.450625 0.105595 0.01122 0.00073 3.5e-05 0 0 0 0 0 0 0 0 0 0 0 0 0 0 
1 0.45002 0.105555 0.011555 0.00062 1.5e-05 0 0 0 0 0 0 0 0 0 0 0 0 0 0 
1 0.448345 0.103705 0.011115 0.00079 5e-05 0 0 0 0 0 0 0 0 0 0 0 0 0 0 
1 0.44977 0.105765 0.011065 0.000685 3e-05 0 0 0 0 0 0 0 0 0 0 0 0 0 0 
1 0.449115 0.10695 0.01183 0.000745 4.5e-05 0 0 0 0 0 0 0 0 0 0 0 0 0 0 
1 0.45153 0.106365 0.011695 0.0007 5.5e-05 0 0 0 0 0 0 0 0 0 0 0 0 0 0 
1 0.45034 0.104025 0.01115 0.000675 4.5e-05 5e-06 0 0 0 0 0 0 0 0 0 0 0 0 0 
1 0.450815 0.10603 0.011115 0.00069 3.5e-05 0 0 0 0 0 0 0 0 0 0 0 0 0 0 
1 0.450985 0.106035 0.01145 0.000725 2.5e-05 0 0 0 0 0 0 0 0 0 0 0 0 0 0 
1 0.451035 0.106695 0.01162 0.000705 4.5e-05 0 0 0 0 0 0 0 0 0 0 0 0 0 0 
1 0.450355 0.1059 0.010925 0.000615 2e-05 0 0 0 0 0 0 0 0 0 0 0 0 0 0 
1 0.45025 0.104865 0.01078 0.000705 2e-05 0 0 0 0 0 0 0 0 0 0 0 0 0 0 
1 0.450125 0.10515 0.011225 0.00071 3e-05 1e-05 0 0 0 0 0 0 0 0 0 0 0 0 0 
1 0.447815 0.104625 0.01089 0.0007 6e-05 5e-06 5e-06 0 0 0 0 0 0 0 0 0 0 0 0 
1 0.44969 0.107025 0.012015 0.00078 1.5e-05 0 0 0 0 0 0 0 0 0 0 0 0 0 0 
1 0.4496 0.105665 0.011445 0.00071 2.5e-05 0 0 0 0 0 0 0 0 0 0 0 0 0 0 
1 0.450025 0.10701 0.011345 0.000705 2.5e-05 0 0 0 0 0 0 0 0 0 0 0 0 0 0 
1 0.449295 0.10572 0.01141 0.00076 3e-05 1e-05 0 0 0 0 0 0 0 0 0 0 0 0 0 
1 0.449895 0.1057 0.01137 0.00069 4e-05 0 0 0 0 0 0 0 0 0 0 0 0 0 0 
1 0.44752 0.10684 0.01121 0.000735 4e-05 0 0 0 0 0 0 0 0 0 0 0 0 0 0 
1 0.4484 0.10389 0.01112 0.000705 4.5e-05 5e-06 0 0 0 0 0 0 0 0 0 0 0 0 0 
1 0.450365 0.10576 0.01118 0.00067 2e-05 0 0 0 0 0 0 0 0 0 0 0 0 0 0 
1 0.44915 0.10575 0.011755 0.00071 2.5e-05 0 0 0 0 0 0 0 0 0 0 0 0 0 0 
1 0.44952 0.104685 0.01119 0.00068 5e-05 0 0 0 0 0 0 0 0 0 0 0 0 0 0 
1 0.451755 0.105275 0.01148 0.00071 2.5e-05 0 0 0 0 0 0 0 0 0 0 0 0 0 0 
1 0.447875 0.10424 0.011245 0.000735 5e-05 1.5e-05 0 0 0 0 0 0 0 0 0 0 0 0 0 
1 0.451355 0.10561 0.01112 0.00063 2e-05 0 0 0 0 0 0 0 0 0 0 0 0 0 0 
1 0.448465 0.1054 0.011505 0.00071 6.5e-05 0 0 0 0 0 0 0 0 0 0 0 0 0 0 
1 0.450315 0.10649 0.011545 0.000695 3.5e-05 0 0 0 0 0 0 0 0 0 0 0 0 0 0 
1 0.45051 0.10652 0.0113 0.00072 3e-05 0 0 0 0 0 0 0 0 0 0 0 0 0 0 
1 0.45019 0.1058 0.01086 0.000675 5.5e-05 5e-06 0 0 0 0 0 0 0 0 0 0 0 0 0 
1 0.4474 0.10395 0.011055 0.000655 2.5e-05 0 0 0 0 0 0 0 0 0 0 0 0 0 0 
1 0.451555 0.107075 0.01195 0.00074 4.5e-05 5e-06 0 0 0 0 0 0 0 0 0 0 0 0 0 
1 0.448995 0.105745 0.01154 0.000775 2.5e-05 0 0 0 0 0 0 0 0 0 0 0 0 0 0 
1 0.45009 0.105165 0.010815 0.00062 1.5e-05 0 0 0 0 0 0 0 0 0 0 0 0 0 0 
1 0.44873 0.10455 0.01098 0.000635 4e-05 0 0 0 0 0 0 0 0 0 0 0 0 0 0 
