1 0.503017 0.178867 0.0483833 0.0105167 0.00211667 0.000433333 5e-05 1.66667e-05 0 0 0 0 0 0 0 0 0 0 0 
1 0.501733 0.1761 0.0472833 0.0114833 0.00258333 0.000616667 6.66667e-05 1.66667e-05 0 0 0 0 0 0 0 0 0 0 0 
1 0.504017 0.175317 0.0466 0.0111 0.00198333 0.000416667 0.0001 5e-05 1.66667e-05 0 0 0 0 0 0 0 0 0 0 
1 0.497967 0.175217 0.0487167 0.0117667 0.00255 0.000466667 3.33333e-05 0 0 0 0 0 0 0 0 0 0 0 0 
1 0.5 0.178083 0.0487667 0.0112667 0.0023 0.00035 5e-05 0 0 0 0 0 0 0 0 0 0 0 0 
1 0.498683 0.175033 0.04815 0.012 0.00233333 0.00035 8.33333e-05 1.66667e-05 0 0 0 0 0 0 0 0 0 0 0 
1 0.49935 0.175617 0.0473333 0.0115667 0.00268333 0.000466667 6.66667e-05 0 0 0 0 0 0 0 0 0 0 0 0 
1 0.49765 0.1764 0.04835 0.0115833 0.00251667 0.000433333 8.33333e-05 0 0 0 0 0 0 0 0 0 0 0 0 
1 0.498633 0.175483 0.0484333 0.0117833 0.00253333 0.000533333 6.66667e-05 1.66667e-05 0 0 0 0 0 0 0 0 0 0 0 
1 0.496533 0.175567 0.04925 0.0119 0.00231667 0.000283333 3.33333e-05 0 0 0 0 0 0 0 0 0 0 0 0 
1 0.496733 0.17355 0.0466667 0.0106667 0.0024 0.000566667 0.000133333 0 0 0 0 0 0 0 0 0 0 0 0 
1 0.498317 0.17565 0.0469667 0.01065 0.00238333 0.000433333 0.000133333 3.33333e-05 0 0 0 0 0 0 0 0 0 0 0 
1 0.499367 0.175367 0.0482833 0.0113667 0.00181667 0.000366667 8.33333e-05 1.66667e-05 0 0 0 0 0 0 0 0 0 0 0 
1 0.49945 0.174817 0.0475833 0.0106 0.00251667 0.000583333 0.000116667 0 0 0 0 0 0 0 0 0 0 0 0 
1 0.506667 0.182133 0.0503333 0.0110833 0.00221667 0.00045 8.33333e-05 0 0 0 0 0 0 0 0 0 0 0 0 
1 0.499483 0.1769 0.0478667 0.0109 0.00243333 0.0005 6.66667e-05 3.33333e-05 1.66667e-05 0 0 0 0 0 0 0 0 0 0 
1 0.498983 0.175583 0.0476833 0.0121167 0.00216667 0.00055 6.66667e-05 0 0 0 0 0 0 0 0 0 0 0 0 
1 0.499333 0.173717 0.0473 0.0111833 0.00248333 0.0006 0.000133333 3.33333e-05 1.66667e-05 0 0 0 0 0 0 0 0 0 0 
1 0.500417 0.176 0.0498 0.01165 0.00258333 0.000533333 8.33333e-05 1.66667e-05 0 0 0 0 0 0 0 0 0 0 0 
1 0.505733 0.177467 0.0487167 0.0121833 0.00278333 0.000566667 0.000116667 1.66667e-05 0 0 0 0 0 0 0 0 0 0 0 
1 0.50215 0.1755 0.0479833 0.01105 0.00246667 0.0003 5e-05 0 0 0 0 0 0 0 0 0 0 0 0 
1 0.50385 0.177367 0.04935 0.01125 0.00241667 0.000466667 0.0001 1.66667e-05 0 0 0 0 0 0 0 0 0 0 0 
1 0.502183 0.1792 0.0488333 0.0114167 0.00221667 0.000466667 0.000133333 3.33333e-05 0 0 0 0 0 0 0 0 0 0 0 
1 0.498933 0.174733 0.04845 0.011 0.00246667 0.0006 0.000116667 3.33333e-05 0 0 0 0 0 0 0 0 0 0 0 
1 0.498083 0.1761 0.04795 0.0114167 0.0025 0.000583333 0.00015 3.33333e-05 3.33333e-05 0 0 0 0 0 0 0 0 0 0 
1 0.497633 0.177783 0.0482 0.0119 0.00248333 0.0005 0.000116667 3.33333e-05 1.66667e-05 1.66667e-05 0 0 0 0 0 0 0 0 0 
1 0.5006 0.175067 0.0482167 0.0106167 0.00221667 0.000333333 8.33333e-05 1.66667e-05 0 0 0 0 0 0 0 0 0 0 0 
1 0.500383 0.177283 0.0489 0.0107833 0.00228333 0.000433333 0.000116667 3.33333e-05 1.66667e-05 0 0 0 0 0 0 0 0 0 0 
1 0.4966 0.1707 0.04655 0.0106667 0.00245 0.00055 0.000133333 0 0 0 0 0 0 0 0 0 0 0 0 
1 0.499467 0.175733 0.0487 0.0109167 0.00238333 0.000383333 8.33333e-05 1.66667e-05 0 0 0 0 0 0 0 0 0 0 0 
1 0.500817 0.1767 0.0477833 0.01105 0.00258333 0.000383333 5e-05 0 0 0 0 0 0 0 0 0 0 0 0 
1 0.497933 0.173383 0.0466833 0.0116667 0.0023 0.000433333 0.000183333 3.33333e-05 0 0 0 0 0 0 0 0 0 0 0 
1 0.49935 0.17585 0.0482 0.01065 0.00261667 0.000566667 8.33333e-05 3.33333e-05 0 0 0 0 0 0 0 0 0 0 0 
1 0.49735 0.17275 0.0477167 0.0106 0.00203333 0.000366667 8.33333e-05 1.66667e-05 0 0 0 0 0 0 0 0 0 0 0 
1 0.494717 0.1739 0.0475833 0.0112833 0.0023 0.000366667 1.66667e-05 0 0 0 0 0 0 0 0 0 0 0 0 
1 0.50195 0.179467 0.0504333 0.0112667 0.00223333 0.000316667 3.33333e-05 0 0 0 0 0 0 0 0 0 0 0 0 
1 0.49645 0.1717 0.04785 0.01105 0.00233333 0.0004 8.33333e-05 0 0 0 0 0 0 0 0 0 0 0 0 
1 0.498467 0.172717 0.0469 0.0110167 0.00223333 0.000383333 0.000116667 3.33333e-05 0 0 0 0 0 0 0 0 0 0 0 
1 0.500667 0.17535 0.0482167 0.0111333 0.00248333 0.0005 6.66667e-05 1.66667e-05 0 0 0 0 0 0 0 0 0 0 0 
1 0.49995 0.176 0.0478 0.0109 0.00236667 0.00045 5e-05 3.33333e-05 0 0 0 0 0 0 0 0 0 0 0 
1 0.502733 0.177283 0.0500167 0.0123667 0.00286667 0.000483333 0.000116667 5e-05 0 0 0 0 0 0 0 0 0 0 0 
1 0.499067 0.177317 0.0484667 0.0112333 0.0022 0.000483333 5e-05 0 0 0 0 0 0 0 0 0 0 0 0 
1 0.499167 0.177467 0.0476167 0.0107667 0.00241667 0.000466667 8.33333e-05 1.66667e-05 0 0 0 0 0 0 0 0 0 0 0 
1 0.502633 0.17655 0.048 0.0111 0.00196667 0.000383333 8.33333e-05 0 0 0 0 0 0 0 0 0 0 0 0 
1 0.499233 0.1769 0.0480667 0.0105833 0.0023 0.000483333 5e-05 0 0 0 0 0 0 0 0 0 0 0 0 
1 0.501717 0.175983 0.0487167 0.0116167 0.00246667 0.000633333 6.66667e-05 0 0 0 0 0 0 0 0 0 0 0 0 
1 0.500233 0.17505 0.0478833 0.0114167 0.00211667 0.000516667 0.000133333 5e-05 1.66667e-05 1.66667e-05 0 0 0 0 0 0 0 0 0 
1 0.503383 0.17935 0.04825 0.0114333 0.00255 0.0006 0.000116667 0 0 0 0 0 0 0 0 0 0 0 0 
1 0.497383 0.17375 0.0477667 0.011 0.00211667 0.00035 3.33333e-05 0 0 0 0 0 0 0 0 0 0 0 0 
1 0.500267 0.17215 0.0464833 0.0107333 0.00213333 0.00045 0.0001 1.66667e-05 0 0 0 0 0 0 0 0 0 0 0 
1 0.497717 0.17055 0.0461833 0.0104167 0.00223333 0.000466667 0.0001 3.33333e-05 0 0 0 0 0 0 0 0 0 0 0 
1 0.500433 0.17635 0.0481 0.01165 0.0028 0.000583333 6.66667e-05 1.66667e-05 0 0 0 0 0 0 0 0 0 0 0 
1 0.501817 0.176033 0.04805 0.0111833 0.0023 0.00045 8.33333e-05 1.66667e-05 0 0 0 0 0 0 0 0 0 0 0 
1 0.502317 0.1777 0.0483167 0.0112167 0.00243333 0.00055 0.0001 0 0 0 0 0 0 0 0 0 0 0 0 
1 0.503433 0.1765 0.0484333 0.01055 0.0021 0.000433333 0.0001 1.66667e-05 0 0 0 0 0 0 0 0 0 0 0 
1 0.501317 0.176583 0.0488167 0.011 0.00216667 0.000383333 0.000116667 1.66667e-05 0 0 0 0 0 0 0 0 0 0 0 
1 0.500767 0.17715 0.0490333 0.01145 0.00246667 0.00045 5e-05 0 0 0 0 0 0 0 0 0 0 0 0 
1 0.498833 0.175317 0.0483667 0.0113167 0.00243333 0.0006 0.0001 3.33333e-05 0 0 0 0 0 0 0 0 0 0 0 
1 0.504117 0.179083 0.0508 0.0115167 0.00226667 0.0005 6.66667e-05 0 0 0 0 0 0 0 0 0 0 0 0 
1 0.498967 0.1719 0.0466333 0.0107333 0.00195 0.000383333 5e-05 0 0 0 0 0 0 0 0 0 0 0 0 
1 0.498183 0.1769 0.0481 0.0105667 0.00221667 0.000466667 0.000116667 1.66667e-05 1.66667e-05 0 0 0 0 0 0 0 0 0 0 
1 0.500433 0.177667 0.04985 0.0105333 0.00225 0.000383333 1.66667e-05 0 0 0 0 0 0 0 0 0 0 0 0 
1 0.496133 0.1734 0.04785 0.0112167 0.00215 0.00045 1.66667e-05 0 0 0 0 0 0 0 0 0 0 0 0 
1 0.497017 0.177567 0.0490167 0.0120333 0.00256667 0.000616667 8.33333e-05 3.33333e-05 0 0 0 0 0 0 0 0 0 0 0 
1 0.4998 0.174067 0.0476 0.0107167 0.00235 0.000416667 0.0001 0 0 0 0 0 0 0 0 0 0 0 0 
1 0.504767 0.176117 0.0482833 0.011 0.00253333 0.000433333 6.66667e-05 1.66667e-05 0 0 0 0 0 0 0 0 0 0 0 
1 0.501867 0.175883 0.0483333 0.0117667 0.0024 0.000366667 5e-05 0 0 0 0 0 0 0 0 0 0 0 0 
1 0.503317 0.178267 0.0474667 0.0112333 0.00253333 0.000533333 5e-05 1.66667e-05 1.66667e-05 1.66667e-05 0 0 0 0 0 0 0 0 0 
1 0.500083 0.174383 0.0485333 0.0119167 0.0023 0.00045 6.66667e-05 3.33333e-05 0 0 0 0 0 0 0 0 0 0 0 
1 0.4985 0.175117 0.0466167 0.01085 0.00243333 0.0005 0.00015 6.66667e-05 1.66667e-05 0 0 0 0 0 0 0 0 0 0 
1 0.4974 0.17275 0.0478 0.0111167 0.00246667 0.0004 6.66667e-05 0 0 0 0 0 0 0 0 0 0 0 0 
1 0.5018 0.177017 0.0504 0.0114167 0.00255 0.000633333 0.000116667 3.33333e-05 0 0 0 0 0 0 0 0 0 0 0 
1 0.498933 0.174967 0.04715 0.0109833 0.0024 0.0004 8.33333e-05 1.66667e-05 0 0 0 0 0 0 0 0 0 0 0 
1 0.500967 0.176483 0.04885 0.01155 0.00238333 0.000333333 3.33333e-05 0 0 0 0 0 0 0 0 0 0 0 0 
1 0.50025 0.1759 0.0494333 0.0118167 0.0028 0.000683333 0.000183333 3.33333e-05 0 0 0 0 0 0 0 0 0 0 0 
1 0.498633 0.176 0.0474667 0.0109333 0.0022 0.000383333 0.000183333 3.33333e-05 0 0 0 0 0 0 0 0 0 0 0 
1 0.504383 0.1781 0.0495667 0.0115833 0.00213333 0.000466667 8.33333e-05 1.66667e-05 0 0 0 0 0 0 0 0 0 0 0 
1 0.498417 0.174433 0.0464667 0.0112167 0.00221667 0.000516667 0.000133333 1.66667e-05 0 0 0 0 0 0 0 0 0 0 0 
1 0.499017 0.177283 0.0492167 0.0115833 0.00261667 0.0006 0.000166667 3.33333e-05 0 0 0 0 0 0 0 0 0 0 0 
1 0.501517 0.176117 0.0493 0.0116333 0.00231667 0.00055 0.00015 3.33333e-05 1.66667e-05 0 0 0 0 0 0 0 0 0 0 
1 0.4998 0.174267 0.0468833 0.0103333 0.00211667 0.00035 6.66667e-05 1.66667e-05 0 0 0 0 0 0 0 0 0 0 0 
1 0.499633 0.17695 0.0485167 0.0113833 0.00221667 0.000416667 5e-05 1.66667e-05 0 0 0 0 0 0 0 0 0 0 0 
1 0.503033 0.1788 0.0483167 0.0113 0.00248333 0.00045 6.66667e-05 0 0 0 0 0 0 0 0 0 0 0 0 
1 0.499133 0.1784 0.0496833 0.0112833 0.00266667 0.0005 0.000133333 3.33333e-05 0 0 0 0 0 0 0 0 0 0 0 
1 0.502183 0.1784 0.0487333 0.0116833 0.00235 0.000516667 8.33333e-05 0 0 0 0 0 0 0 0 0 0 0 0 
1 0.498617 0.175483 0.0487833 0.0118167 0.00253333 0.000416667 6.66667e-05 3.33333e-05 0 0 0 0 0 0 0 0 0 0 0 
1 0.498633 0.176883 0.0479667 0.01175 0.00261667 0.0006 0.000133333 1.66667e-05 0 0 0 0 0 0 0 0 0 0 0 
1 0.49895 0.178367 0.0489667 0.0115 0.00243333 0.000433333 5e-05 1.66667e-05 0 0 0 0 0 0 0 0 0 0 0 
1 0.50135 0.177617 0.0495333 0.0117667 0.00246667 0.000566667 0.000133333 1.66667e-05 0 0 0 0 0 0 0 0 0 0 0 
1 0.5035 0.1765 0.0474 0.0106167 0.00226667 0.000483333 8.33333e-05 0 0 0 0 0 0 0 0 0 0 0 0 
1 0.500017 0.176017 0.0476 0.0114333 0.00268333 0.000516667 0.0001 3.33333e-05 0 0 0 0 0 0 0 0 0 0 0 
1 0.500767 0.177433 0.0487 0.0109167 0.00206667 0.000333333 8.33333e-05 1.66667e-05 0 0 0 0 0 0 0 0 0 0 0 
1 0.499583 0.175033 0.04785 0.0114833 0.00271667 0.000666667 0.00015 0 0 0 0 0 0 0 0 0 0 0 0 
1 0.49655 0.1724 0.04755 0.0116167 0.0022 0.000416667 0.0001 0 0 0 0 0 0 0 0 0 0 0 0 
1 0.50175 0.178567 0.0510667 0.01245 0.00271667 0.000466667 8.33333e-05 0 0 0 0 0 0 0 0 0 0 0 0 
1 0.500933 0.17775 0.0478167 0.0110167 0.00205 0.00045 0.000133333 1.66667e-05 0 0 0 0 0 0 0 0 0 0 0 
1 0.502167 0.175517 0.0469667 0.01095 0.00241667 0.0005 5e-05 0 0 0 0 0 0 0 0 0 0 0 0 
1 0.49955 0.177583 0.0495167 0.01145 0.0022 0.0004 8.33333e-05 1.66667e-05 0 0 0 0 0 0 0 0 0 0 0 
1 0.498117 0.175567 0.0486333 0.0116667 0.00266667 0.000416667 0.000133333 3.33333e-05 0 0 0 0 0 0 0 0 0 0 0 
1 0.498583 0.176 0.0494833 0.0113667 0.00253333 0.000466667 6.66667e-05 0 0 0 0 0 0 0 0 0 0 0 0 
1 0.5035 0.18035 0.0485833 0.0113 0.00238333 0.000433333 0.0001 1.66667e-05 0 0 0 0 0 0 0 0 0 0 0 
1 0.498383 0.172833 0.0477667 0.0109 0.00208333 0.00035 6.66667e-05 0 0 0 0 0 0 0 0 0 0 0 0 
1 0.49605 0.173917 0.0462667 0.01065 0.00213333 0.000433333 8.33333e-05 0 0 0 0 0 0 0 0 0 0 0 0 
1 0.497283 0.175467 0.0470833 0.0106833 0.00193333 0.000366667 3.33333e-05 0 0 0 0 0 0 0 0 0 0 0 0 
1 0.50265 0.175067 0.04795 0.0111667 0.00258333 0.00065 0.0001 0 0 0 0 0 0 0 0 0 0 0 0 
0
3 500
1 0.498267 0.17725 0.0484833 0.0115167 0.00258333 0.000616667 0.000166667 3.33333e-05 0 0 0 0 0 0 0 0 0 0 0 
1 0.49925 0.177367 0.0493667 0.0117333 0.00268333 0.00035 6.66667e-05 0 0 0 0 0 0 0 0 0 0 0 0 
1 0.498933 0.175833 0.04805 0.01155 0.00241667 0.0004 5e-05 0 0 0 0 0 0 0 0 0 0 0 0 
1 0.49865 0.17795 0.0483167 0.01185 0.00298333 0.000583333 6.66667e-05 0 0 0 0 0 0 0 0 0 0 0 0 
1 0.49925 0.17595 0.0493667 0.0117167 0.00258333 0.000533333 0.000166667 5e-05 0 0 0 0 0 0 0 0 0 0 0 
1 0.498083 0.173817 0.04735 0.0107333 0.00215 0.000383333 8.33333e-05 1.66667e-05 1.66667e-05 0 0 0 0 0 0 0 0 0 0 
1 0.502917 0.176667 0.0491333 0.0114 0.00256667 0.000516667 5e-05 0 0 0 0 0 0 0 0 0 0 0 0 
1 0.496083 0.176417 0.0486667 0.0111667 0.0025 0.000566667 0.000133333 1.66667e-05 0 0 0 0 0 0 0 0 0 0 0 
1 0.500067 0.176567 0.04835 0.0118667 0.00271667 0.000533333 6.66667e-05 0 0 0 0 0 0 0 0 0 0 0 0 
1 0.499983 0.176383 0.04945 0.01135 0.00246667 0.000466667 0.0001 1.66667e-05 0 0 0 0 0 0 0 0 0 0 0 
1 0.498433 0.176183 0.0487833 0.0118167 0.0021 0.0003 6.66667e-05 1.66667e-05 0 0 0 0 0 0 0 0 0 0 0 
1 0.49755 0.175183 0.0478 0.01095 0.0024 0.000466667 6.66667e-05 0 0 0 0 0 0 0 0 0 0 0 0 
1 0.504983 0.1766 0.0485833 0.0112667 0.00238333 0.0005 0.0001 3.33333e-05 0 0 0 0 0 0 0 0 0 0 0 
1 0.49985 0.176417 0.0498 0.0117333 0.00211667 0.0005 8.33333e-05 1.66667e-05 1.66667e-05 0 0 0 0 0 0 0 0 0 0 
1 0.50165 0.179817 0.0480167 0.0107333 0.00248333 0.000583333 0.000133333 6.66667e-05 1.66667e-05 1.66667e-05 0 0 0 0 0 0 0 0 0 
1 0.501283 0.17765 0.0495 0.0112 0.00221667 0.000333333 6.66667e-05 3.33333e-05 1.66667e-05 0 0 0 0 0 0 0 0 0 0 
1 0.5002 0.177 0.0484 0.01055 0.00235 0.000566667 0.0001 5e-05 0 0 0 0 0 0 0 0 0 0 0 
1 0.501733 0.178183 0.0492333 0.0111833 0.00211667 0.000366667 8.33333e-05 0 0 0 0 0 0 0 0 0 0 0 0 
1 0.496417 0.175533 0.0464167 0.0110167 0.0024 0.000683333 0.0001 3.33333e-05 0 0 0 0 0 0 0 0 0 0 0 
1 0.5012 0.17625 0.0483333 0.011 0.0025 0.000516667 8.33333e-05 0 0 0 0 0 0 0 0 0 0 0 0 
1 0.5023 0.176633 0.0478833 0.01115 0.00245 0.000533333 3.33333e-05 1.66667e-05 0 0 0 0 0 0 0 0 0 0 0 
1 0.505467 0.179167 0.04885 0.01145 0.00208333 0.00035 6.66667e-05 0 0 0 0 0 0 0 0 0 0 0 0 
1 0.496267 0.174117 0.04765 0.0106 0.00231667 0.000533333 8.33333e-05 1.66667e-05 0 0 0 0 0 0 0 0 0 0 0 
1 0.501917 0.173583 0.04875 0.0113667 0.00226667 0.0004 6.66667e-05 1.66667e-05 1.66667e-05 0 0 0 0 0 0 0 0 0 0 
1 0.500533 0.173133 0.0474 0.0112333 0.00233333 0.000683333 0.000166667 3.33333e-05 0 0 0 0 0 0 0 0 0 0 0 
1 0.4998 0.175967 0.0478 0.0114167 0.00226667 0.000483333 8.33333e-05 0 0 0 0 0 0 0 0 0 0 0 0 
1 0.501683 0.179017 0.0499 0.0110167 0.00215 0.000316667 5e-05 0 0 0 0 0 0 0 0 0 0 0 0 
1 0.5016 0.178067 0.0489833 0.0109333 0.00243333 0.000466667 0.0001 5e-05 0 0 0 0 0 0 0 0 0 0 0 
1 0.49975 0.1739 0.0479167 0.0109833 0.00238333 0.0006 0.0001 1.66667e-05 1.66667e-05 0 0 0 0 0 0 0 0 0 0 
1 0.497467 0.17335 0.0484 0.0108 0.0026 0.00055 0.000133333 0 0 0 0 0 0 0 0 0 0 0 0 
1 0.4992 0.17355 0.0484333 0.0115167 0.00271667 0.00055 0.0001 1.66667e-05 0 0 0 0 0 0 0 0 0 0 0 
1 0.500033 0.17615 0.0485833 0.01095 0.00243333 0.000516667 6.66667e-05 0 0 0 0 0 0 0 0 0 0 0 0 
1 0.498917 0.175983 0.0475333 0.0110667 0.00191667 0.000366667 8.33333e-05 1.66667e-05 0 0 0 0 0 0 0 0 0 0 0 
1 0.500167 0.17825 0.0476667 0.01085 0.00251667 0.0005 0.000116667 0 0 0 0 0 0 0 0 0 0 0 0 
1 0.499983 0.177283 0.0491 0.0115 0.00268333 0.000516667 3.33333e-05 1.66667e-05 0 0 0 0 0 0 0 0 0 0 0 
1 0.50255 0.178467 0.0489 0.0112333 0.00258333 0.00045 0.000133333 1.66667e-05 0 0 0 0 0 0 0 0 0 0 0 
1 0.50235 0.1761 0.0491 0.01245 0.00265 0.00055 0.000166667 6.66667e-05 0 0 0 0 0 0 0 0 0 0 0 
1 0.502 0.17685 0.0488667 0.0114167 0.00246667 0.000516667 5e-05 0 0 0 0 0 0 0 0 0 0 0 0 
1 0.503633 0.179883 0.0504833 0.0116333 0.00246667 0.000366667 8.33333e-05 1.66667e-05 0 0 0 0 0 0 0 0 0 0 0 
1 0.503733 0.179883 0.0501 0.0130667 0.00278333 0.000483333 0.000116667 5e-05 0 0 0 0 0 0 0 0 0 0 0 
1 0.49945 0.177017 0.0484667 0.0104167 0.00223333 0.000383333 3.33333e-05 0 0 0 0 0 0 0 0 0 0 0 0 
1 0.50225 0.175367 0.0489167 0.0125167 0.00331667 0.0007 0.00015 9.05775e-17 0 0 0 0 0 0 0 0 0 0 0 
1 0.500433 0.17555 0.0492 0.0119 0.00271667 0.000466667 8.33333e-05 1.66667e-05 1.66667e-05 0 0 0 0 0 0 0 0 0 0 
1 0.496633 0.176683 0.0481333 0.0115833 0.00253333 0.000533333 5e-05 1.66667e-05 1.66667e-05 0 0 0 0 0 0 0 0 0 0 
1 0.50435 0.1769 0.0483667 0.0114333 0.0021 0.00035 8.33333e-05 0 0 0 0 0 0 0 0 0 0 0 0 
1 0.499783 0.174817 0.0482 0.0113 0.0023 0.000383333 8.33333e-05 3.33333e-05 0 0 0 0 0 0 0 0 0 0 0 
1 0.500967 0.176333 0.0479167 0.0115167 0.00261667 0.000516667 0.000183333 1.66667e-05 0 0 0 0 0 0 0 0 0 0 0 
1 0.500367 0.17635 0.0484167 0.0116 0.00248333 0.000433333 0.000133333 3.33333e-05 3.33333e-05 0 0 0 0 0 0 0 0 0 0 
1 0.500983 0.1794 0.0494833 0.0116 0.0024 0.000466667 0.000133333 5e-05 0 0 0 0 0 0 0 0 0 0 0 
1 0.49925 0.174433 0.0481833 0.0112667 0.00245 0.0007 0.00015 3.33333e-05 0 0 0 0 0 0 0 0 0 0 0 
1 0.498617 0.178167 0.04855 0.0109333 0.00233333 0.0004 0.0001 5e-05 3.33333e-05 0 0 0 0 0 0 0 0 0 0 
1 0.4971 0.176583 0.0497 0.0118167 0.00255 0.000483333 0 0 0 0 0 0 0 0 0 0 0 0 0 
1 0.498333 0.1762 0.04665 0.0110333 0.00248333 0.00065 8.33333e-05 3.33333e-05 0 0 0 0 0 0 0 0 0 0 0 
1 0.497917 0.1751 0.0459833 0.0105667 0.00203333 0.000466667 0.000116667 3.33333e-05 1.66667e-05 0 0 0 0 0 0 0 0 0 0 
1 0.5022 0.1794 0.0506333 0.0119833 0.00231667 0.000316667 6.66667e-05 0 0 0 0 0 0 0 0 0 0 0 0 
1 0.501467 0.174683 0.0478667 0.0111667 0.00236667 0.0005 0.0001 0 0 0 0 0 0 0 0 0 0 0 0 
1 0.50085 0.1769 0.04835 0.0119 0.00255 0.0005 0.0001 1.66667e-05 0 0 0 0 0 0 0 0 0 0 0 
1 0.502233 0.177267 0.0480167 0.01085 0.00233333 0.000483333 5e-05 1.66667e-05 0 0 0 0 0 0 0 0 0 0 0 
1 0.499767 0.177 0.0481667 0.0109 0.00233333 0.00055 0.00015 3.33333e-05 0 0 0 0 0 0 0 0 0 0 0 
1 0.494617 0.175633 0.0478833 0.0111333 0.00233333 0.000516667 1.66667e-05 0 0 0 0 0 0 0 0 0 0 0 0 
1 0.500067 0.1779 0.05095 0.0121833 0.00261667 0.000516667 0.00015 3.33333e-05 0 0 0 0 0 0 0 0 0 0 0 
1 0.499883 0.176517 0.0477667 0.0116 0.00253333 0.00055 0.000116667 1.66667e-05 0 0 0 0 0 0 0 0 0 0 0 
1 0.497517 0.177583 0.0483833 0.0110167 0.00228333 0.000483333 0.00015 1.66667e-05 0 0 0 0 0 0 0 0 0 0 0 
1 0.496717 0.175233 0.0482 0.01175 0.00263333 0.0006 1.66667e-05 0 0 0 0 0 0 0 0 0 0 0 0 
1 0.50165 0.174133 0.0481833 0.0123833 0.00281667 0.000683333 0.000166667 1.66667e-05 0 0 0 0 0 0 0 0 0 0 0 
1 0.494917 0.17335 0.04725 0.0112167 0.0023 0.000433333 1.66667e-05 0 0 0 0 0 0 0 0 0 0 0 0 
1 0.5037 0.179583 0.0497 0.0118333 0.00235 0.000483333 0.00015 3.33333e-05 0 0 0 0 0 0 0 0 0 0 0 
1 0.499667 0.180133 0.0509667 0.0119333 0.0026 0.000433333 0.000166667 1.66667e-05 0 0 0 0 0 0 0 0 0 0 0 
1 0.499617 0.17665 0.0474167 0.0102667 0.00193333 0.000416667 0.000116667 0 0 0 0 0 0 0 0 0 0 0 0 
1 0.4957 0.176033 0.0491 0.0123 0.00268333 0.000566667 0.00015 3.33333e-05 0 0 0 0 0 0 0 0 0 0 0 
1 0.504733 0.17745 0.0479833 0.0109833 0.00225 0.000516667 8.33333e-05 1.66667e-05 0 0 0 0 0 0 0 0 0 0 0 
1 0.501417 0.178667 0.0500667 0.0123 0.0029 0.000433333 8.33333e-05 1.66667e-05 0 0 0 0 0 0 0 0 0 0 0 
1 0.498417 0.1759 0.0471333 0.0117333 0.00256667 0.000566667 0.000116667 1.66667e-05 1.66667e-05 0 0 0 0 0 0 0 0 0 0 
1 0.497667 0.178317 0.04885 0.0117667 0.00273333 0.000583333 8.33333e-05 1.66667e-05 0 0 0 0 0 0 0 0 0 0 0 
1 0.501033 0.1764 0.04705 0.0108667 0.00215 0.0003 8.33333e-05 0 0 0 0 0 0 0 0 0 0 0 0 
1 0.49935 0.173367 0.0475667 0.0112167 0.00243333 0.000383333 1.66667e-05 0 0 0 0 0 0 0 0 0 0 0 0 
1 0.501767 0.177667 0.0480333 0.01145 0.00251667 0.000433333 8.33333e-05 1.66667e-05 0 0 0 0 0 0 0 0 0 0 0 
1 0.502967 0.177417 0.0502833 0.0116833 0.00238333 0.000533333 8.33333e-05 0 0 0 0 0 0 0 0 0 0 0 0 
1 0.501117 0.1789 0.0497667 0.0111 0.00243333 0.000516667 5e-05 1.66667e-05 0 0 0 0 0 0 0 0 0 0 0 
1 0.4982 0.17445 0.0481167 0.0116333 0.0023 0.000216667 3.33333e-05 1.66667e-05 0 0 0 0 0 0 0 0 0 0 0 
1 0.497883 0.175017 0.0481167 0.0117667 0.00263333 0.000483333 0.0001 1.66667e-05 0 0 0 0 0 0 0 0 0 0 0 
1 0.502767 0.177033 0.0498167 0.0111667 0.00208333 0.000433333 8.33333e-05 1.66667e-05 0 0 0 0 0 0 0 0 0 0 0 
1 0.49855 0.174583 0.0470833 0.0106833 0.00243333 0.000533333 8.33333e-05 1.66667e-05 1.66667e-05 0 0 0 0 0 0 0 0 0 0 
1 0.499717 0.177983 0.0489833 0.0109 0.0021 0.000333333 5e-05 1.66667e-05 0 0 0 0 0 0 0 0 0 0 0 
1 0.503033 0.1763 0.04735 0.0116667 0.00268333 0.00055 5e-05 0 0 0 0 0 0 0 0 0 0 0 0 
1 0.501883 0.1777 0.0485833 0.00981667 0.00226667 0.000366667 0.000133333 0 0 0 0 0 0 0 0 0 0 0 0 
1 0.49985 0.174883 0.0474167 0.0111667 0.0025 0.000466667 6.66667e-05 7.2381e-17 0 0 0 0 0 0 0 0 0 0 0 
1 0.498117 0.1757 0.0480833 0.0109833 0.00265 0.00045 8.33333e-05 5e-05 0 0 0 0 0 0 0 0 0 0 0 
1 0.4971 0.175183 0.0484833 0.0107833 0.00253333 0.0005 0.0001 3.33333e-05 0 0 0 0 0 0 0 0 0 0 0 
1 0.500117 0.17685 0.0481 0.0110667 0.00238333 0.000333333 5e-05 1.66667e-05 0 0 0 0 0 0 0 0 0 0 0 
1 0.501467 0.176133 0.0478167 0.011 0.00225 0.000383333 5e-05 0 0 0 0 0 0 0 0 0 0 0 0 
1 0.4988 0.176983 0.0485 0.0115333 0.00238333 0.000383333 5e-05 0 0 0 0 0 0 0 0 0 0 0 0 
1 0.49855 0.1756 0.0486833 0.0113333 0.00255 0.000483333 0.0001 5e-05 3.33333e-05 0 0 0 0 0 0 0 0 0 0 
1 0.4981 0.1752 0.0475667 0.0107167 0.00205 0.000366667 0.000116667 1.66667e-05 0 0 0 0 0 0 0 0 0 0 0 
1 0.500733 0.178383 0.0492167 0.0121667 0.003 0.000716667 0.0002 5e-05 0 0 0 0 0 0 0 0 0 0 0 
1 0.50045 0.17735 0.0495667 0.0115333 0.00223333 0.000383333 0.000133333 1.66667e-05 0 0 0 0 0 0 0 0 0 0 0 
1 0.495083 0.17335 0.0462833 0.0117167 0.00265 0.00065 0.00015 5e-05 1.66667e-05 0 0 0 0 0 0 0 0 0 0 
1 0.498317 0.17485 0.0485167 0.0111667 0.00263333 0.000633333 0.000116667 3.33333e-05 0 0 0 0 0 0 0 0 0 0 0 
1 0.499167 0.174683 0.0488 0.0121833 0.00286667 0.000633333 6.66667e-05 0 0 0 0 0 0 0 0 0 0 0 0 
1 0.499433 0.176017 0.04725 0.0109667 0.00243333 0.000583333 0.000116667 1.66667e-05 1.66667e-05 0 0 0 0 0 0 0 0 0 0 
1 0.499633 0.176733 0.0500333 0.012 0.00265 0.000583333 0.000133333 3.33333e-05 0 0 0 0 0 0 0 0 0 0 0 
1 0.5023 0.17685 0.0477167 0.0107833 0.00238333 0.000466667 6.66667e-05 0 0 0 0 0 0 0 0 0 0 0 0 
1 0.500617 0.176967 0.0496833 0.01225 0.0026 0.000416667 0.000116667 6.66667e-05 0 0 0 0 0 0 0 0 0 0 0 
1 0.499983 0.174133 0.0484167 0.01105 0.00278333 0.000433333 0.000116667 0 0 0 0 0 0 0 0 0 0 0 0 
1 0.498117 0.175083 0.0493667 0.0115 0.00255 0.000483333 8.33333e-05 5e-05 1.66667e-05 0 0 0 0 0 0 0 0 0 0 
1 0.498217 0.176767 0.0482833 0.01115 0.0022 0.000333333 6.66667e-05 0 0 0 0 0 0 0 0 0 0 0 0 
1 0.501033 0.178667 0.0480833 0.01115 0.00243333 0.00035 1.66667e-05 0 0 0 0 0 0 0 0 0 0 0 0 
1 0.4984 0.174967 0.0479 0.0111667 0.00256667 0.000483333 8.33333e-05 0 0 0 0 0 0 0 0 0 0 0 0 
1 0.497333 0.1758 0.0481167 0.0107667 0.00225 0.000333333 5e-05 0 0 0 0 0 0 0 0 0 0 0 0 
1 0.4987 0.1771 0.0496667 0.0116833 0.00283333 0.000533333 0.0002 3.33333e-05 1.66667e-05 0 0 0 0 0 0 0 0 0 0 
1 0.50355 0.174533 0.0500833 0.0113333 0.0023 0.00045 8.33333e-05 0 0 0 0 0 0 0 0 0 0 0 0 
1 0.5015 0.175667 0.0479333 0.0111167 0.00233333 0.00055 0.000116667 3.33333e-05 0 0 0 0 0 0 0 0 0 0 0 
1 0.50105 0.177633 0.04935 0.012 0.0026 0.000483333 8.33333e-05 0 0 0 0 0 0 0 0 0 0 0 0 
1 0.49975 0.177483 0.0481333 0.0119 0.00243333 0.000433333 0.0001 3.33333e-05 0 0 0 0 0 0 0 0 0 0 0 
1 0.497583 0.171617 0.0461 0.00943333 0.0021 0.0004 8.33333e-05 0 0 0 0 0 0 0 0 0 0 0 0 
1 0.50325 0.177767 0.0477333 0.0117167 0.00255 0.000316667 5e-05 0 0 0 0 0 0 0 0 0 0 0 0 
1 0.496033 0.174533 0.0475667 0.0111667 0.00228333 0.000316667 5e-05 1.66667e-05 0 0 0 0 0 0 0 0 0 0 0 
1 0.498783 0.17505 0.0482667 0.0114167 0.0024 0.000533333 8.33333e-05 3.33333e-05 0 0 0 0 0 0 0 0 0 0 0 
1 0.498917 0.177217 0.0491667 0.0123167 0.00231667 0.000566667 0.000116667 1.66667e-05 0 0 0 0 0 0 0 0 0 0 0 
1 0.498083 0.17635 0.04945 0.0123167 0.00251667 0.00045 6.66667e-05 0 0 0 0 0 0 0 0 0 0 0 0 
1 0.49735 0.17315 0.0483333 0.0110667 0.0023 0.000383333 0.0001 3.33333e-05 0 0 0 0 0 0 0 0 0 0 0 
1 0.497817 0.173283 0.0468667 0.0105167 0.00213333 0.0005 0.0001 3.33333e-05 0 0 0 0 0 0 0 0 0 0 0 
1 0.500667 0.1731 0.04705 0.0107833 0.00223333 0.000433333 0.000116667 0 0 0 0 0 0 0 0 0 0 0 0 
1 0.501833 0.176867 0.0493167 0.0117833 0.00271667 0.000516667 6.66667e-05 1.66667e-05 0 0 0 0 0 0 0 0 0 0 0 
1 0.501267 0.175167 0.04725 0.0110333 0.00241667 0.000633333 0.000116667 0 0 0 0 0 0 0 0 0 0 0 0 
1 0.500633 0.179217 0.0493667 0.0113667 0.002 0.000483333 0.0001 0 0 0 0 0 0 0 0 0 0 0 0 
1 0.499717 0.176883 0.0469333 0.01125 0.00251667 0.000316667 5e-05 1.66667e-05 0 0 0 0 0 0 0 0 0 0 0 
1 0.498133 0.1757 0.0479167 0.0111833 0.00253333 0.000583333 0.000133333 3.33333e-05 0 0 0 0 0 0 0 0 0 0 0 
1 0.499983 0.177033 0.0479 0.0111 0.0021 0.000383333 3.33333e-05 0 0 0 0 0 0 0 0 0 0 0 0 
1 0.5031 0.176717 0.0490667 0.0109333 0.00236667 0.000633333 0.0002 0 0 0 0 0 0 0 0 0 0 0 0 
1 0.502467 0.175967 0.0494833 0.0119667 0.0027 0.00055 0.0001 3.33333e-05 3.33333e-05 0 0 0 0 0 0 0 0 0 0 
1 0.499317 0.176333 0.0494 0.0118667 0.00235 0.000583333 0.000166667 0 0 0 0 0 0 0 0 0 0 0 0 
1 0.501217 0.175283 0.0474333 0.0119667 0.00256667 0.0005 0.000133333 5e-05 0 0 0 0 0 0 0 0 0 0 0 
1 0.502267 0.178933 0.0486333 0.0115 0.00276667 0.000466667 6.66667e-05 0 0 0 0 0 0 0 0 0 0 0 0 
1 0.4985 0.175067 0.0468667 0.0114 0.0024 0.000366667 0.000133333 1.66667e-05 0 0 0 0 0 0 0 0 0 0 0 
1 0.503467 0.178333 0.0494333 0.012 0.00255 0.000433333 5e-05 1.66667e-05 0 0 0 0 0 0 0 0 0 0 0 
1 0.49045 0.1705 0.0465333 0.0109333 0.00241667 0.000366667 5e-05 0 0 0 0 0 0 0 0 0 0 0 0 
1 0.496 0.175633 0.0477 0.0112 0.00235 0.000416667 0.0001 0 0 0 0 0 0 0 0 0 0 0 0 
1 0.501417 0.177283 0.0479833 0.0111833 0.00223333 0.0005 0.0001 0 0 0 0 0 0 0 0 0 0 0 0 
1 0.500633 0.177067 0.0473833 0.01095 0.00248333 0.000533333 6.66667e-05 0 0 0 0 0 0 0 0 0 0 0 0 
1 0.50075 0.17755 0.0496667 0.0117333 0.00261667 0.000616667 0.000166667 3.33333e-05 0 0 0 0 0 0 0 0 0 0 0 
1 0.5003 0.17605 0.0492833 0.01145 0.00231667 0.00045 8.33333e-05 1.66667e-05 0 0 0 0 0 0 0 0 0 0 0 
1 0.500467 0.1768 0.0479333 0.01135 0.00251667 0.000533333 0.000133333 1.66667e-05 1.66667e-05 0 0 0 0 0 0 0 0 0 0 
1 0.494617 0.169933 0.0453833 0.0100167 0.00208333 0.0005 0.000133333 1.66667e-05 0 0 0 0 0 0 0 0 0 0 0 
1 0.500217 0.17665 0.0477 0.0112 0.0023 0.00045 0.000133333 8.33333e-05 5e-05 0 0 0 0 0 0 0 0 0 0 
1 0.500633 0.17515 0.0488 0.0110667 0.00208333 0.000266667 6.66667e-05 1.66667e-05 0 0 0 0 0 0 0 0 0 0 0 
1 0.49735 0.174633 0.04945 0.0109333 0.0023 0.000433333 0.000183333 1.66667e-05 0 0 0 0 0 0 0 0 0 0 0 
1 0.5007 0.17575 0.0463 0.0102333 0.00231667 0.000533333 8.33333e-05 1.66667e-05 9.62674e-17 0 0 0 0 0 0 0 0 0 0 
1 0.500083 0.176783 0.0479833 0.0118333 0.00261667 0.000566667 0.0001 0 0 0 0 0 0 0 0 0 0 0 0 
1 0.502317 0.1735 0.0470833 0.01155 0.00228333 0.0004 5e-05 0 0 0 0 0 0 0 0 0 0 0 0 
1 0.501067 0.176883 0.04955 0.0111667 0.00208333 0.000433333 8.33333e-05 3.33333e-05 1.66667e-05 0 0 0 0 0 0 0 0 0 0 
1 0.501383 0.17565 0.0476333 0.0107833 0.00258333 0.000583333 0.000216667 0.0001 8.33333e-05 3.33333e-05 0 0 0 0 0 0 0 0 0 
1 0.500183 0.17735 0.0489167 0.0114 0.0023 0.00045 0.0001 0 0 0 0 0 0 0 0 0 0 0 0 
1 0.5023 0.175767 0.0456167 0.0102333 0.00221667 0.000433333 3.33333e-05 1.66667e-05 0 0 0 0 0 0 0 0 0 0 0 
1 0.49545 0.173817 0.0477667 0.0110833 0.00288333 0.00065 8.33333e-05 3.33333e-05 1.66667e-05 0 0 0 0 0 0 0 0 0 0 
1 0.499717 0.175883 0.0480833 0.0108833 0.00208333 0.0004 6.66667e-05 0 0 0 0 0 0 0 0 0 0 0 0 
1 0.50135 0.176383 0.0489167 0.0118667 0.00245 0.00055 0.00015 5e-05 1.66667e-05 0 0 0 0 0 0 0 0 0 0 
1 0.500483 0.1749 0.0478333 0.0107833 0.00185 0.000333333 6.66667e-05 8.06966e-17 0 0 0 0 0 0 0 0 0 0 0 
1 0.501733 0.178867 0.0489667 0.01185 0.00235 0.000516667 0.0001 1.66667e-05 0 0 0 0 0 0 0 0 0 0 0 
1 0.500433 0.1745 0.0491333 0.01145 0.00256667 0.00045 8.33333e-05 1.66667e-05 0 0 0 0 0 0 0 0 0 0 0 
1 0.501083 0.1752 0.0461167 0.01085 0.00243333 0.000416667 6.66667e-05 1.66667e-05 0 0 0 0 0 0 0 0 0 0 0 
1 0.50255 0.172017 0.0466833 0.0105167 0.00216667 0.000466667 0.000133333 1.66667e-05 1.66667e-05 0 0 0 0 0 0 0 0 0 0 
1 0.50015 0.174333 0.0481167 0.0113667 0.00256667 0.000383333 6.66667e-05 0 0 0 0 0 0 0 0 0 0 0 0 
1 0.4999 0.176567 0.0485667 0.01165 0.0024 0.000616667 0.000116667 3.33333e-05 1.66667e-05 0 0 0 0 0 0 0 0 0 0 
1 0.497733 0.177733 0.0489333 0.0115 0.00251667 0.000566667 5e-05 1.66667e-05 0 0 0 0 0 0 0 0 0 0 0 
1 0.49715 0.1741 0.0461167 0.0103667 0.00226667 0.000333333 8.33333e-05 1.66667e-05 0 0 0 0 0 0 0 0 0 0 0 
1 0.499667 0.1741 0.0465 0.01095 0.00233333 0.000516667 8.33333e-05 3.33333e-05 0 0 0 0 0 0 0 0 0 0 0 
1 0.5044 0.178967 0.0512333 0.01215 0.00266667 0.000466667 8.33333e-05 0 0 0 0 0 0 0 0 0 0 0 0 
1 0.499733 0.176383 0.0496 0.0115333 0.00248333 0.000383333 6.66667e-05 3.33333e-05 0 0 0 0 0 0 0 0 0 0 0 
1 0.5 0.178033 0.0488333 0.01205 0.00285 0.000683333 0.000116667 5e-05 1.66667e-05 0 0 0 0 0 0 0 0 0 0 
1 0.501183 0.178183 0.0493 0.01195 0.00265 0.000483333 6.66667e-05 0 0 0 0 0 0 0 0 0 0 0 0 
1 0.496517 0.17245 0.0475 0.01095 0.00241667 0.000316667 0 0 0 0 0 0 0 0 0 0 0 0 0 
1 0.4966 0.1758 0.0476667 0.0112667 0.00228333 0.00055 0.000133333 0 0 0 0 0 0 0 0 0 0 0 0 
1 0.50155 0.1765 0.04875 0.0112333 0.0027 0.000483333 6.66667e-05 1.66667e-05 0 0 0 0 0 0 0 0 0 0 0 
1 0.494983 0.1762 0.049 0.0115167 0.00241667 0.000633333 0.0001 0 0 0 0 0 0 0 0 0 0 0 0 
1 0.5013 0.174567 0.0469167 0.01195 0.00233333 0.000416667 3.33333e-05 1.66667e-05 0 0 0 0 0 0 0 0 0 0 0 
1 0.497983 0.1735 0.0474667 0.0113167 0.00238333 0.000483333 0.000116667 0 0 0 0 0 0 0 0 0 0 0 0 
1 0.501633 0.173717 0.0484167 0.0109667 0.00241667 0.000483333 6.66667e-05 3.33333e-05 1.66667e-05 0 0 0 0 0 0 0 0 0 0 
1 0.5 0.175167 0.0473333 0.0109167 0.0022 0.0004 5e-05 1.66667e-05 1.66667e-05 1.66667e-05 0 0 0 0 0 0 0 0 0 
1 0.499733 0.1766 0.0484333 0.0106333 0.00235 0.000416667 1.66667e-05 0 0 0 0 0 0 0 0 0 0 0 0 
1 0.501917 0.178933 0.04965 0.01225 0.0028 0.000533333 3.33333e-05 0 0 0 0 0 0 0 0 0 0 0 0 
1 0.498633 0.1737 0.0471667 0.0110833 0.00235 0.000283333 6.66667e-05 1.66667e-05 0 0 0 0 0 0 0 0 0 0 0 
1 0.5004 0.174783 0.0490333 0.0111667 0.00225 0.000483333 6.66667e-05 1.66667e-05 0 0 0 0 0 0 0 0 0 0 0 
1 0.501717 0.1766 0.0478 0.0116333 0.00228333 0.000433333 6.66667e-05 1.66667e-05 1.66667e-05 0 0 0 0 0 0 0 0 0 0 
1 0.497083 0.17305 0.0473167 0.0109667 0.0022 0.0005 6.66667e-05 0 0 0 0 0 0 0 0 0 0 0 0 
1 0.500817 0.175967 0.0471167 0.0113167 0.00245 0.00045 0.0001 1.66667e-05 0 0 0 0 0 0 0 0 0 0 0 
1 0.499783 0.175083 0.0481667 0.0117333 0.0023 0.000333333 0.000116667 1.66667e-05 0 0 0 0 0 0 0 0 0 0 0 
1 0.496767 0.173367 0.0465333 0.01095 0.00223333 0.000383333 6.66667e-05 3.33333e-05 0 0 0 0 0 0 0 0 0 0 0 
1 0.495933 0.173667 0.0484833 0.0118167 0.00231667 0.0004 3.33333e-05 0 0 0 0 0 0 0 0 0 0 0 0 
1 0.499933 0.1759 0.0478 0.0111167 0.0022 0.000533333 0.0001 3.33333e-05 0 0 0 0 0 0 0 0 0 0 0 
1 0.498617 0.174 0.04845 0.0113 0.00243333 0.000433333 3.33333e-05 1.66667e-05 0 0 0 0 0 0 0 0 0 0 0 
1 0.500967 0.17625 0.0484 0.0115167 0.00255 0.000483333 1.66667e-05 0 0 0 0 0 0 0 0 0 0 0 0 
1 0.498817 0.1751 0.0469167 0.0107 0.002 0.000383333 1.66667e-05 0 0 0 0 0 0 0 0 0 0 0 0 
1 0.5025 0.1758 0.0489833 0.0113167 0.00245 0.000483333 0.000133333 1.66667e-05 0 0 0 0 0 0 0 0 0 0 0 
1 0.500567 0.1765 0.0493167 0.01115 0.00248333 0.0006 0.0001 1.66667e-05 0 0 0 0 0 0 0 0 0 0 0 
1 0.500133 0.176283 0.0478 0.0114667 0.00285 0.000516667 0.000116667 1.66667e-05 0 0 0 0 0 0 0 0 0 0 0 
1 0.502383 0.17485 0.0483833 0.0114 0.0023 0.000433333 0.0001 1.66667e-05 0 0 0 0 0 0 0 0 0 0 0 
1 0.499117 0.1754 0.0470833 0.0115167 0.00236667 0.00045 8.33333e-05 0 0 0 0 0 0 0 0 0 0 0 0 
1 0.501783 0.175117 0.0474167 0.0111 0.00241667 0.000383333 6.66667e-05 1.66667e-05 0 0 0 0 0 0 0 0 0 0 0 
1 0.502017 0.178367 0.04855 0.0113333 0.00248333 0.000516667 5e-05 0 0 0 0 0 0 0 0 0 0 0 0 
1 0.498883 0.178233 0.04955 0.0118833 0.00248333 0.000533333 0.0001 5e-05 0 0 0 0 0 0 0 0 0 0 0 
1 0.5022 0.176483 0.0480167 0.0114833 0.00276667 0.000433333 5e-05 0 0 0 0 0 0 0 0 0 0 0 0 
1 0.502917 0.178167 0.0489 0.01055 0.002 0.000433333 6.66667e-05 3.33333e-05 0 0 0 0 0 0 0 0 0 0 0 
1 0.503817 0.179 0.0476333 0.0114167 0.00245 0.000466667 6.66667e-05 0 0 0 0 0 0 0 0 0 0 0 0 
1 0.50155 0.1764 0.0467833 0.0102833 0.002 0.000333333 0.000133333 0 0 0 0 0 0 0 0 0 0 0 0 
1 0.50295 0.1776 0.0499167 0.0118 0.00248333 0.00045 0.0001 3.33333e-05 0 0 0 0 0 0 0 0 0 0 0 
1 0.503417 0.18015 0.0509167 0.01195 0.00261667 0.000566667 0.000116667 5e-05 1.66667e-05 0 0 0 0 0 0 0 0 0 0 
1 0.498583 0.173733 0.0479 0.01105 0.00255 0.000616667 6.66667e-05 0 0 0 0 0 0 0 0 0 0 0 0 
1 0.496717 0.1725 0.04705 0.0112667 0.00248333 0.000583333 6.66667e-05 0 0 0 0 0 0 0 0 0 0 0 0 
1 0.49915 0.176017 0.0485833 0.0111667 0.00231667 0.00045 6.66667e-05 1.66667e-05 0 0 0 0 0 0 0 0 0 0 0 
1 0.504517 0.177317 0.0494833 0.0111667 0.0025 0.000433333 5e-05 1.66667e-05 0 0 0 0 0 0 0 0 0 0 0 
1 0.498967 0.175383 0.0469167 0.0107 0.00215 0.00045 0.000133333 3.33333e-05 0 0 0 0 0 0 0 0 0 0 0 
1 0.501167 0.176367 0.0497333 0.0125167 0.00286667 0.00045 6.66667e-05 0 0 0 0 0 0 0 0 0 0 0 0 
1 0.498967 0.175167 0.0462667 0.011 0.00256667 0.000466667 0.000133333 3.33333e-05 0 0 0 0 0 0 0 0 0 0 0 
1 0.500433 0.177717 0.0492167 0.0115167 0.00231667 0.000466667 6.66667e-05 1.66667e-05 1.66667e-05 1.66667e-05 0 0 0 0 0 0 0 0 0 
1 0.501867 0.177217 0.0487833 0.0118167 0.00263333 0.00045 8.33333e-05 0 0 0 0 0 0 0 0 0 0 0 0 
1 0.500283 0.176767 0.0494167 0.0113167 0.00215 0.00025 5e-05 1.66667e-05 0 0 0 0 0 0 0 0 0 0 0 
1 0.500233 0.17695 0.05 0.0117833 0.00256667 0.000516667 5e-05 1.66667e-05 0 0 0 0 0 0 0 0 0 0 0 
1 0.497683 0.174683 0.04645 0.01065 0.00228333 0.000466667 0.0001 3.33333e-05 1.66667e-05 0 0 0 0 0 0 0 0 0 0 
1 0.499717 0.175017 0.0474167 0.01075 0.00253333 0.000466667 8.33333e-05 1.66667e-05 0 0 0 0 0 0 0 0 0 0 0 
1 0.49805 0.176617 0.04815 0.01105 0.0021 0.000466667 6.66667e-05 5e-05 1.66667e-05 1.66667e-05 0 0 0 0 0 0 0 0 0 
1 0.501233 0.176817 0.0490333 0.0113667 0.0025 0.00045 8.33333e-05 1.66667e-05 0 0 0 0 0 0 0 0 0 0 0 
1 0.497717 0.174317 0.0472167 0.0112 0.00226667 0.00045 8.33333e-05 0 0 0 0 0 0 0 0 0 0 0 0 
1 0.505867 0.180467 0.0494167 0.0109667 0.00248333 0.00045 1.66667e-05 0 0 0 0 0 0 0 0 0 0 0 0 
1 0.500717 0.176183 0.0471167 0.01035 0.0021 0.0003 3.33333e-05 0 0 0 0 0 0 0 0 0 0 0 0 
1 0.50415 0.176717 0.0466833 0.0107333 0.00218333 0.00045 5e-05 0 0 0 0 0 0 0 0 0 0 0 0 
1 0.504233 0.1779 0.0489167 0.0123833 0.00268333 0.000566667 0.000116667 5e-05 0 0 0 0 0 0 0 0 0 0 0 
1 0.497517 0.1745 0.0486167 0.0111667 0.00233333 0.000366667 5e-05 0 0 0 0 0 0 0 0 0 0 0 0 
1 0.498133 0.173267 0.0479 0.01115 0.0023 0.000483333 0.000116667 0 0 0 0 0 0 0 0 0 0 0 0 
1 0.498567 0.173867 0.0468333 0.0106833 0.00226667 0.000383333 6.66667e-05 5.5872e-17 0 0 0 0 0 0 0 0 0 0 0 
1 0.5027 0.177217 0.0485167 0.0115333 0.00243333 0.000383333 5e-05 0 0 0 0 0 0 0 0 0 0 0 0 
1 0.498667 0.176167 0.0488333 0.0115 0.00231667 0.00055 0.0001 0 0 0 0 0 0 0 0 0 0 0 0 
1 0.500883 0.175883 0.0484167 0.0116833 0.00248333 0.00055 6.66667e-05 0 0 0 0 0 0 0 0 0 0 0 0 
1 0.4965 0.175217 0.0480167 0.0108 0.0026 0.00055 0.00015 5e-05 0 0 0 0 0 0 0 0 0 0 0 
1 0.5005 0.176883 0.0479833 0.0111667 0.00251667 0.000583333 0.00015 5e-05 0 0 0 0 0 0 0 0 0 0 0 
1 0.49765 0.174283 0.04825 0.0109333 0.00251667 0.00055 6.66667e-05 0 0 0 0 0 0 0 0 0 0 0 0 
1 0.497267 0.174033 0.04655 0.0108167 0.00251667 0.00045 6.66667e-05 1.66667e-05 0 0 0 0 0 0 0 0 0 0 0 
1 0.49955 0.17535 0.0482333 0.0112833 0.00268333 0.000566667 6.66667e-05 0 0 0 0 0 0 0 0 0 0 0 0 
1 0.5026 0.17565 0.0474333 0.0116667 0.00258333 0.000566667 4.00791e-17 0 0 0 0 0 0 0 0 0 0 0 0 
1 0.49825 0.176467 0.0481333 0.0117167 0.00256667 0.000566667 0.000183333 6.66667e-05 3.33333e-05 0 0 0 0 0 0 0 0 0 0 
1 0.49805 0.176917 0.0488833 0.0117833 0.00266667 0.000316667 6.66667e-05 0 0 0 0 0 0 0 0 0 0 0 0 
1 0.498583 0.176033 0.0480833 0.0116333 0.00223333 0.000433333 6.66667e-05 1.66667e-05 0 0 0 0 0 0 0 0 0 0 0 
1 0.496133 0.174567 0.0476167 0.0113333 0.0027 0.000566667 6.66667e-05 1.66667e-05 0 0 0 0 0 0 0 0 0 0 0 
1 0.502417 0.1772 0.0477 0.0107333 0.00206667 0.000333333 5e-05 0 0 0 0 0 0 0 0 0 0 0 0 
1 0.4981 0.1759 0.04915 0.0117667 0.00248333 0.0005 0.000133333 1.66667e-05 0 0 0 0 0 0 0 0 0 0 0 
1 0.500067 0.1785 0.04875 0.0114667 0.00246667 0.000583333 8.33333e-05 1.66667e-05 0 0 0 0 0 0 0 0 0 0 0 
1 0.501383 0.177467 0.0500333 0.0114667 0.0026 0.000583333 0.000116667 0 0 0 0 0 0 0 0 0 0 0 0 
1 0.500183 0.1764 0.0481167 0.0113 0.00231667 0.000416667 6.66667e-05 3.33333e-05 0 0 0 0 0 0 0 0 0 0 0 
1 0.502383 0.1758 0.0477167 0.0113333 0.0026 0.000483333 8.33333e-05 0 0 0 0 0 0 0 0 0 0 0 0 
1 0.501833 0.17885 0.04795 0.01095 0.00258333 0.0004 3.33333e-05 1.66667e-05 0 0 0 0 0 0 0 0 0 0 0 
1 0.501733 0.17595 0.0471667 0.01115 0.00191667 0.000366667 0.0001 0 0 0 0 0 0 0 0 0 0 0 0 
1 0.50095 0.177533 0.0470333 0.0113667 0.0022 0.0004 5e-05 0 0 0 0 0 0 0 0 0 0 0 0 
1 0.499567 0.175 0.0471833 0.01115 0.00238333 0.000433333 0.000116667 5e-05 0 0 0 0 0 0 0 0 0 0 0 
1 0.497483 0.175317 0.0484833 0.0118167 0.00265 0.000683333 8.33333e-05 0 0 0 0 0 0 0 0 0 0 0 0 
1 0.499483 0.175317 0.0476833 0.0112667 0.0024 0.00055 5e-05 1.66667e-05 0 0 0 0 0 0 0 0 0 0 0 
1 0.496833 0.17345 0.0471667 0.0112833 0.00218333 0.000333333 3.33333e-05 1.66667e-05 0 0 0 0 0 0 0 0 0 0 0 
1 0.50505 0.17835 0.0489667 0.012 0.00255 0.000466667 0.000133333 5e-05 0 0 0 0 0 0 0 0 0 0 0 
1 0.502683 0.178467 0.0484667 0.0112 0.00263333 0.000633333 0.000166667 3.33333e-05 0 0 0 0 0 0 0 0 0 0 0 
1 0.499033 0.174067 0.0478 0.0110333 0.00223333 0.0004 3.33333e-05 0 0 0 0 0 0 0 0 0 0 0 0 
1 0.500483 0.17615 0.0488167 0.0121167 0.00281667 0.000533333 8.33333e-05 0 0 0 0 0 0 0 0 0 0 0 0 
1 0.498867 0.1758 0.0485 0.01155 0.00236667 0.000683333 0.000133333 0 0 0 0 0 0 0 0 0 0 0 0 
1 0.50185 0.1798 0.0489 0.01105 0.00248333 0.0006 0.000133333 3.33333e-05 0 0 0 0 0 0 0 0 0 0 0 
1 0.501117 0.176333 0.0481667 0.0113667 0.00246667 0.000566667 0.0001 1.66667e-05 0 0 0 0 0 0 0 0 0 0 0 
1 0.49625 0.17425 0.0496333 0.01135 0.00228333 0.00055 0.000116667 3.33333e-05 0 0 0 0 0 0 0 0 0 0 0 
1 0.499 0.177267 0.0491667 0.0117167 0.00248333 0.000383333 0.0001 1.66667e-05 0 0 0 0 0 0 0 0 0 0 0 
1 0.50025 0.17435 0.0477833 0.01185 0.00258333 0.0006 8.33333e-05 1.66667e-05 0 0 0 0 0 0 0 0 0 0 0 
1 0.498383 0.173967 0.0475167 0.0120667 0.0026 0.000433333 6.66667e-05 1.66667e-05 0 0 0 0 0 0 0 0 0 0 0 
1 0.5007 0.177433 0.04935 0.01225 0.0026 0.0006 8.33333e-05 1.66667e-05 0 0 0 0 0 0 0 0 0 0 0 
1 0.502167 0.1744 0.0470833 0.0108 0.00213333 0.000533333 0.0001 1.66667e-05 1.66667e-05 0 0 0 0 0 0 0 0 0 0 
1 0.502533 0.179217 0.0493667 0.0117667 0.00266667 0.00055 5e-05 1.66667e-05 1.66667e-05 0 0 0 0 0 0 0 0 0 0 
1 0.498167 0.173167 0.0475667 0.0112167 0.00235 0.000483333 8.33333e-05 0 0 0 0 0 0 0 0 0 0 0 0 
1 0.499717 0.175233 0.04755 0.0114 0.00241667 0.000616667 0.0001 0 0 0 0 0 0 0 0 0 0 0 0 
1 0.501517 0.17555 0.0485167 0.0118167 0.00231667 0.000466667 0.000116667 1.66667e-05 0 0 0 0 0 0 0 0 0 0 0 
1 0.501967 0.175333 0.04875 0.0116333 0.0023 0.000433333 8.33333e-05 1.66667e-05 1.66667e-05 1.66667e-05 0 0 0 0 0 0 0 0 0 
1 0.50175 0.17735 0.0478333 0.0115 0.0023 0.000483333 0.000133333 1.66667e-05 0 0 0 0 0 0 0 0 0 0 0 
1 0.497317 0.17745 0.0477167 0.0104333 0.00223333 0.000433333 0.0001 1.66667e-05 0 0 0 0 0 0 0 0 0 0 0 
1 0.500133 0.176567 0.0479 0.0114 0.00238333 0.00055 0.000133333 1.66667e-05 0 0 0 0 0 0 0 0 0 0 0 
1 0.498417 0.178633 0.0491 0.0117167 0.00193333 0.000233333 3.33333e-05 0 0 0 0 0 0 0 0 0 0 0 0 
1 0.49875 0.175733 0.04855 0.0122167 0.00226667 0.0003 5e-05 0 0 0 0 0 0 0 0 0 0 0 0 
1 0.494867 0.173567 0.0477667 0.0114667 0.00248333 0.000433333 5e-05 0 0 0 0 0 0 0 0 0 0 0 0 
1 0.5015 0.176083 0.0475667 0.0114667 0.00213333 0.0005 6.66667e-05 1.66667e-05 0 0 0 0 0 0 0 0 0 0 0 
1 0.498367 0.177683 0.0486833 0.0111 0.00248333 0.000433333 0.000133333 0 0 0 0 0 0 0 0 0 0 0 0 
1 0.497717 0.172867 0.0454333 0.0105167 0.00213333 0.000366667 5e-05 3.33333e-05 0 0 0 0 0 0 0 0 0 0 0 
1 0.497117 0.1746 0.0478333 0.0114167 0.00255 0.000466667 8.33333e-05 0 0 0 0 0 0 0 0 0 0 0 0 
1 0.500917 0.176233 0.0471333 0.0110333 0.00211667 0.0003 6.66667e-05 0 0 0 0 0 0 0 0 0 0 0 0 
1 0.501617 0.1754 0.0480333 0.012 0.00263333 0.000566667 0.00015 3.33333e-05 1.66667e-05 0 0 0 0 0 0 0 0 0 0 
1 0.500517 0.177917 0.0491833 0.0116333 0.00256667 0.000566667 8.33333e-05 1.66667e-05 1.66667e-05 1.66667e-05 1.66667e-05 0 0 0 0 0 0 0 0 
1 0.5041 0.179017 0.0469 0.0110333 0.00245 0.000483333 6.66667e-05 1.66667e-05 0 0 0 0 0 0 0 0 0 0 0 
1 0.50265 0.177533 0.0483833 0.0116667 0.00246667 0.00035 5e-05 0 0 0 0 0 0 0 0 0 0 0 0 
1 0.50075 0.1766 0.0472333 0.0105833 0.00245 0.00055 6.66667e-05 1.66667e-05 1.66667e-05 0 0 0 0 0 0 0 0 0 0 
1 0.50345 0.176383 0.0479667 0.0116 0.0024 0.000683333 0.000183333 1.66667e-05 1.66667e-05 0 0 0 0 0 0 0 0 0 0 
1 0.49795 0.177517 0.0476333 0.0116333 0.00261667 0.000416667 8.33333e-05 0 0 0 0 0 0 0 0 0 0 0 0 
1 0.4955 0.173383 0.0473833 0.01065 0.00243333 0.0005 6.66667e-05 0 0 0 0 0 0 0 0 0 0 0 0 
1 0.500817 0.178817 0.0501667 0.0122667 0.00235 0.000466667 0.000116667 0 0 0 0 0 0 0 0 0 0 0 0 
1 0.503283 0.177483 0.0484667 0.01165 0.00245 0.000333333 8.33333e-05 1.0601e-16 0 0 0 0 0 0 0 0 0 0 0 
1 0.499033 0.17335 0.0472833 0.0112167 0.00233333 0.000533333 0.000116667 5e-05 0 0 0 0 0 0 0 0 0 0 0 
1 0.49495 0.173767 0.0463333 0.0109667 0.00221667 0.000466667 0.0001 1.66667e-05 1.66667e-05 0 0 0 0 0 0 0 0 0 0 
1 0.498683 0.174833 0.0461 0.01195 0.00261667 0.000633333 0.0002 0 0 0 0 0 0 0 0 0 0 0 0 
1 0.4976 0.175617 0.0485667 0.0118333 0.00261667 0.00055 0.000183333 5e-05 0 0 0 0 0 0 0 0 0 0 0 
1 0.501 0.176217 0.04665 0.0112333 0.0023 0.000466667 0.000166667 1.66667e-05 0 0 0 0 0 0 0 0 0 0 0 
1 0.500483 0.175133 0.0492 0.0115333 0.00236667 0.0003 0.0001 0 0 0 0 0 0 0 0 0 0 0 0 
1 0.506617 0.17965 0.0498167 0.0117167 0.00235 0.000433333 0.000133333 1.66667e-05 0 0 0 0 0 0 0 0 0 0 0 
1 0.4976 0.173733 0.0490333 0.0115833 0.00225 0.00045 6.66667e-05 1.66667e-05 0 0 0 0 0 0 0 0 0 0 0 
1 0.49935 0.174833 0.0494667 0.0116333 0.00238333 0.000483333 0.000133333 5e-05 0 0 0 0 0 0 0 0 0 0 0 
1 0.497133 0.1754 0.0485667 0.0112167 0.00233333 0.0004 5e-05 1.66667e-05 0 0 0 0 0 0 0 0 0 0 0 
1 0.50045 0.178867 0.0495 0.0121667 0.0028 0.000466667 8.33333e-05 0 0 0 0 0 0 0 0 0 0 0 0 
1 0.497667 0.17235 0.0458833 0.01055 0.00225 0.00035 3.33333e-05 1.66667e-05 0 0 0 0 0 0 0 0 0 0 0 
1 0.5 0.179167 0.0500667 0.0118167 0.0024 0.000516667 0.000116667 5e-05 0 0 0 0 0 0 0 0 0 0 0 
1 0.49935 0.178117 0.0472 0.0110333 0.00255 0.000483333 8.33333e-05 0 0 0 0 0 0 0 0 0 0 0 0 
1 0.497033 0.171733 0.04615 0.0115167 0.00245 0.000516667 0.000116667 1.66667e-05 1.66667e-05 0 0 0 0 0 0 0 0 0 0 
1 0.498933 0.175333 0.04865 0.0117167 0.00258333 0.000583333 8.33333e-05 0 0 0 0 0 0 0 0 0 0 0 0 
1 0.49685 0.1763 0.0483167 0.0120167 0.00235 0.000416667 6.66667e-05 1.66667e-05 1.66667e-05 0 0 0 0 0 0 0 0 0 0 
1 0.4972 0.175483 0.0484833 0.01235 0.00255 0.000566667 3.33333e-05 0 0 0 0 0 0 0 0 0 0 0 0 
1 0.501467 0.17605 0.0484 0.0110167 0.00233333 0.000416667 6.66667e-05 3.33333e-05 0 0 0 0 0 0 0 0 0 0 0 
1 0.499917 0.176367 0.0482167 0.0113333 0.00258333 0.000416667 8.33333e-05 1.66667e-05 0 0 0 0 0 0 0 0 0 0 0 
1 0.500867 0.177967 0.0486833 0.0108667 0.00233333 0.000516667 8.33333e-05 3.33333e-05 0 0 0 0 0 0 0 0 0 0 0 
1 0.499967 0.178883 0.0487833 0.0113833 0.00223333 0.000316667 5e-05 3.33333e-05 0 0 0 0 0 0 0 0 0 0 0 
1 0.4994 0.1746 0.0463333 0.0107 0.00228333 0.000366667 5e-05 0 0 0 0 0 0 0 0 0 0 0 0 
1 0.500567 0.173517 0.04725 0.0107167 0.00201667 0.000366667 8.33333e-05 0 0 0 0 0 0 0 0 0 0 0 0 
1 0.499283 0.172217 0.0477833 0.0112333 0.00248333 0.00045 0.0001 5e-05 1.66667e-05 0 0 0 0 0 0 0 0 0 0 
1 0.49905 0.176233 0.0490333 0.0114833 0.00241667 0.000416667 0.000116667 0 0 0 0 0 0 0 0 0 0 0 0 
1 0.499183 0.1775 0.0492333 0.0114167 0.00218333 0.00035 0.0001 0 0 0 0 0 0 0 0 0 0 0 0 
1 0.495983 0.175467 0.0480333 0.0112333 0.00235 0.000316667 3.33333e-05 0 0 0 0 0 0 0 0 0 0 0 0 
1 0.501517 0.177333 0.04855 0.0115833 0.00243333 0.000416667 0.000183333 3.33333e-05 0 0 0 0 0 0 0 0 0 0 0 
1 0.498517 0.17645 0.0479667 0.01125 0.00236667 0.0004 0.0001 1.66667e-05 0 0 0 0 0 0 0 0 0 0 0 
1 0.49625 0.173383 0.04805 0.0121167 0.00236667 0.00055 0.0001 1.66667e-05 1.66667e-05 0 0 0 0 0 0 0 0 0 0 
1 0.49875 0.176167 0.0493333 0.0116 0.00235 0.000466667 0.0001 1.66667e-05 0 0 0 0 0 0 0 0 0 0 0 
1 0.50035 0.177067 0.0476833 0.0109833 0.00221667 0.000366667 5e-05 1.66667e-05 0 0 0 0 0 0 0 0 0 0 0 
1 0.498617 0.1741 0.0485667 0.0113833 0.00246667 0.000616667 0.00015 6.66667e-05 0 0 0 0 0 0 0 0 0 0 0 
1 0.499567 0.178033 0.0484667 0.0112333 0.00275 0.000583333 0.000133333 5e-05 1.66667e-05 0 0 0 0 0 0 0 0 0 0 
1 0.500217 0.176233 0.0497167 0.0116 0.00268333 0.000483333 0.000133333 6.66667e-05 1.66667e-05 0 0 0 0 0 0 0 0 0 0 
1 0.504517 0.179183 0.0501167 0.0112167 0.00228333 0.00055 8.33333e-05 1.66667e-05 0 0 0 0 0 0 0 0 0 0 0 
1 0.500733 0.1748 0.0475333 0.0110167 0.00221667 0.000483333 6.66667e-05 0 0 0 0 0 0 0 0 0 0 0 0 
1 0.50265 0.178667 0.04875 0.0111667 0.0026 0.000616667 0.000133333 5e-05 0 0 0 0 0 0 0 0 0 0 0 
1 0.501033 0.177833 0.04895 0.0104333 0.00201667 0.0003 3.33333e-05 1.66667e-05 1.66667e-05 0 0 0 0 0 0 0 0 0 0 
1 0.49915 0.176717 0.04845 0.0117833 0.0025 0.000516667 0.000116667 0 0 0 0 0 0 0 0 0 0 0 0 
1 0.498933 0.176183 0.0495667 0.0119333 0.00235 0.000433333 6.66667e-05 3.33333e-05 0 0 0 0 0 0 0 0 0 0 0 
1 0.499867 0.178567 0.0484 0.0112833 0.00261667 0.000533333 6.66667e-05 1.66667e-05 0 0 0 0 0 0 0 0 0 0 0 
1 0.499317 0.174833 0.0467167 0.0109 0.0022 0.0004 6.66667e-05 3.33333e-05 1.66667e-05 0 0 0 0 0 0 0 0 0 0 
1 0.503217 0.176417 0.0478 0.0104 0.00228333 0.000433333 5e-05 0 0 0 0 0 0 0 0 0 0 0 0 
1 0.496567 0.176567 0.0473167 0.0106 0.00268333 0.000583333 0.0001 0 0 0 0 0 0 0 0 0 0 0 0 
1 0.499183 0.1755 0.0499167 0.0119167 0.00301667 0.000733333 0.0001 5e-05 0 0 0 0 0 0 0 0 0 0 0 
1 0.500683 0.177017 0.0493167 0.0116333 0.00211667 0.0004 6.66667e-05 1.66667e-05 0 0 0 0 0 0 0 0 0 0 0 
1 0.4963 0.17575 0.0496667 0.0113833 0.0023 0.0004 0.00015 3.33333e-05 0 0 0 0 0 0 0 0 0 0 0 
1 0.499483 0.173183 0.04775 0.0117 0.00248333 0.0004 0.000116667 1.66667e-05 0 0 0 0 0 0 0 0 0 0 0 
1 0.4988 0.1752 0.04885 0.0113 0.00263333 0.00065 8.33333e-05 1.66667e-05 0 0 0 0 0 0 0 0 0 0 0 
1 0.498283 0.175067 0.0472167 0.0106 0.00231667 0.000533333 8.33333e-05 1.66667e-05 0 0 0 0 0 0 0 0 0 0 0 
1 0.497117 0.177183 0.0491833 0.01125 0.00243333 0.000433333 8.33333e-05 3.33333e-05 0 0 0 0 0 0 0 0 0 0 0 
1 0.5003 0.1775 0.04905 0.0121 0.0026 0.000483333 5e-05 1.66667e-05 0 0 0 0 0 0 0 0 0 0 0 
1 0.503933 0.17645 0.04665 0.0108 0.0021 0.000416667 6.66667e-05 1.66667e-05 0 0 0 0 0 0 0 0 0 0 0 
1 0.50165 0.176817 0.0496167 0.0120167 0.00261667 0.000383333 8.33333e-05 1.66667e-05 0 0 0 0 0 0 0 0 0 0 0 
1 0.499 0.177183 0.0472667 0.0106 0.00236667 0.000466667 3.33333e-05 0 0 0 0 0 0 0 0 0 0 0 0 
1 0.500533 0.178117 0.0486833 0.01125 0.00223333 0.00035 5e-05 1.66667e-05 0 0 0 0 0 0 0 0 0 0 0 
1 0.49965 0.179817 0.0499 0.0119333 0.00251667 0.0005 0.000166667 3.33333e-05 0 0 0 0 0 0 0 0 0 0 0 
1 0.498183 0.174 0.0482 0.0115 0.00228333 0.000416667 0.0001 5e-05 0 0 0 0 0 0 0 0 0 0 0 
1 0.5031 0.176717 0.0477167 0.0105333 0.00231667 0.000366667 0.0001 0 0 0 0 0 0 0 0 0 0 0 0 
1 0.5017 0.178983 0.0498167 0.0121333 0.00261667 0.000533333 6.66667e-05 0 0 0 0 0 0 0 0 0 0 0 0 
1 0.5011 0.175 0.0474333 0.0109333 0.00181667 0.000466667 0.0001 0 0 0 0 0 0 0 0 0 0 0 0 
1 0.501633 0.180017 0.0493167 0.0113167 0.00245 0.000416667 8.33333e-05 0 0 0 0 0 0 0 0 0 0 0 0 
1 0.502183 0.1775 0.049 0.0118167 0.00251667 0.0005 5e-05 1.66667e-05 0 0 0 0 0 0 0 0 0 0 0 
1 0.5026 0.176917 0.0496333 0.0127 0.0027 0.000583333 0.00015 3.33333e-05 0 0 0 0 0 0 0 0 0 0 0 
1 0.498517 0.175233 0.0461167 0.0112 0.00205 0.000416667 8.33333e-05 1.66667e-05 0 0 0 0 0 0 0 0 0 0 0 
1 0.498867 0.175883 0.0479167 0.0119333 0.00263333 0.000466667 0.000116667 1.66667e-05 0 0 0 0 0 0 0 0 0 0 0 
1 0.500733 0.1751 0.0467667 0.0110667 0.00241667 0.000333333 5e-05 1.66667e-05 0 0 0 0 0 0 0 0 0 0 0 
1 0.497917 0.175783 0.0459167 0.0101333 0.00205 0.000516667 0.00015 0 0 0 0 0 0 0 0 0 0 0 0 
1 0.498567 0.177883 0.04885 0.0121167 0.00266667 0.000483333 0.000116667 1.66667e-05 0 0 0 0 0 0 0 0 0 0 0 
1 0.5007 0.174867 0.0472 0.0107333 0.00235 0.000466667 3.33333e-05 0 0 0 0 0 0 0 0 0 0 0 0 
1 0.497917 0.1736 0.0481333 0.0113667 0.00215 0.0004 6.66667e-05 0 0 0 0 0 0 0 0 0 0 0 0 
1 0.49815 0.176067 0.0485 0.0114333 0.00226667 0.00055 8.33333e-05 1.66667e-05 0 0 0 0 0 0 0 0 0 0 0 
1 0.496967 0.174133 0.0480833 0.01145 0.00265 0.000466667 6.66667e-05 0 0 0 0 0 0 0 0 0 0 0 0 
1 0.50175 0.17515 0.0475333 0.0109667 0.0021 0.00045 6.66667e-05 0 0 0 0 0 0 0 0 0 0 0 0 
1 0.4995 0.17435 0.0475833 0.01125 0.00238333 0.000383333 6.66667e-05 3.33333e-05 1.66667e-05 0 0 0 0 0 0 0 0 0 0 
1 0.499317 0.178 0.0495667 0.01195 0.00273333 0.0006 0.00015 3.33333e-05 1.66667e-05 0 0 0 0 0 0 0 0 0 0 
1 0.497483 0.176183 0.0489667 0.0120833 0.00295 0.00065 0.0001 3.33333e-05 0 0 0 0 0 0 0 0 0 0 0 
1 0.501467 0.1762 0.0462833 0.0111333 0.00253333 0.000616667 0.000133333 3.33333e-05 0 0 0 0 0 0 0 0 0 0 0 
1 0.5005 0.174133 0.0470167 0.0110833 0.00256667 0.000566667 6.66667e-05 5e-05 3.33333e-05 3.33333e-05 0 0 0 0 0 0 0 0 0 
1 0.500567 0.174967 0.04825 0.0109 0.00248333 0.000433333 1.66667e-05 0 0 0 0 0 0 0 0 0 0 0 0 
1 0.500067 0.176683 0.0467333 0.0105667 0.00206667 0.000533333 8.33333e-05 0 0 0 0 0 0 0 0 0 0 0 0 
1 0.498283 0.173217 0.0467 0.01105 0.00233333 0.000533333 0.000133333 3.33333e-05 0 0 0 0 0 0 0 0 0 0 0 
1 0.506783 0.1801 0.0482667 0.01105 0.00213333 0.00035 6.66667e-05 1.66667e-05 0 0 0 0 0 0 0 0 0 0 0 
1 0.500533 0.175467 0.0487667 0.01185 0.00256667 0.000516667 8.33333e-05 1.66667e-05 0 0 0 0 0 0 0 0 0 0 0 
1 0.497433 0.176483 0.0471667 0.01145 0.00223333 0.0005 6.66667e-05 1.66667e-05 0 0 0 0 0 0 0 0 0 0 0 
1 0.500733 0.17715 0.0494333 0.0117667 0.00218333 0.000416667 0.000116667 1.66667e-05 0 0 0 0 0 0 0 0 0 0 0 
1 0.49765 0.176083 0.04885 0.0110833 0.00218333 0.000316667 0.000116667 1.66667e-05 0 0 0 0 0 0 0 0 0 0 0 
1 0.500433 0.17675 0.04815 0.0108833 0.00213333 0.000316667 6.66667e-05 1.66667e-05 0 0 0 0 0 0 0 0 0 0 0 
1 0.49855 0.173483 0.0490667 0.0113833 0.00248333 0.00045 5e-05 3.33333e-05 1.66667e-05 0 0 0 0 0 0 0 0 0 0 
1 0.49955 0.1739 0.0474833 0.0112 0.00245 0.000633333 8.33333e-05 3.33333e-05 1.66667e-05 1.66667e-05 0 0 0 0 0 0 0 0 0 
1 0.49645 0.176117 0.04855 0.01065 0.00225 0.000466667 0.0001 3.33333e-05 0 0 0 0 0 0 0 0 0 0 0 
1 0.502633 0.177417 0.0482667 0.0108333 0.00228333 0.000466667 3.33333e-05 0 0 0 0 0 0 0 0 0 0 0 0 
1 0.49775 0.17545 0.0476167 0.0108 0.00231667 0.0004 6.66667e-05 1.66667e-05 0 0 0 0 0 0 0 0 0 0 0 
1 0.50005 0.176067 0.0483667 0.0113667 0.00233333 0.000566667 5e-05 0 0 0 0 0 0 0 0 0 0 0 0 
1 0.499533 0.17505 0.04745 0.0120667 0.0025 0.000466667 6.66667e-05 1.66667e-05 0 0 0 0 0 0 0 0 0 0 0 
1 0.500733 0.17675 0.0462667 0.0103 0.00221667 0.000583333 8.33333e-05 1.66667e-05 0 0 0 0 0 0 0 0 0 0 0 
1 0.499983 0.174567 0.04745 0.0107333 0.00206667 0.0003 5e-05 0 0 0 0 0 0 0 0 0 0 0 0 
1 0.500767 0.177367 0.049 0.0108833 0.00261667 0.000683333 0.000133333 0 0 0 0 0 0 0 0 0 0 0 0 
1 0.5042 0.17975 0.0496167 0.0116167 0.0021 0.000633333 0.000116667 6.66667e-05 0 0 0 0 0 0 0 0 0 0 0 
1 0.501333 0.177667 0.0503833 0.0121167 0.00261667 0.000516667 0.0001 1.66667e-05 0 0 0 0 0 0 0 0 0 0 0 
1 0.495583 0.172067 0.04725 0.0113333 0.0023 0.000466667 8.33333e-05 0 0 0 0 0 0 0 0 0 0 0 0 
1 0.500167 0.179983 0.0499 0.0115333 0.00266667 0.000416667 0.0001 5e-05 0 0 0 0 0 0 0 0 0 0 0 
1 0.497683 0.175983 0.0472167 0.01165 0.00228333 0.00055 0.00015 0 0 0 0 0 0 0 0 0 0 0 0 
1 0.498967 0.173417 0.0473667 0.0113 0.00231667 0.00035 5e-05 0 0 0 0 0 0 0 0 0 0 0 0 
1 0.502117 0.1769 0.0484 0.0113 0.00271667 0.0005 5e-05 0 0 0 0 0 0 0 0 0 0 0 0 
1 0.5001 0.176433 0.0482 0.0109 0.00238333 0.000516667 0.00015 3.33333e-05 0 0 0 0 0 0 0 0 0 0 0 
1 0.5008 0.174067 0.0468167 0.0105333 0.00213333 0.000366667 1.66667e-05 0 0 0 0 0 0 0 0 0 0 0 0 
1 0.5012 0.176583 0.0486 0.01125 0.00221667 0.000433333 0.0001 3.33333e-05 0 0 0 0 0 0 0 0 0 0 0 
1 0.502583 0.176433 0.0479333 0.01145 0.00238333 0.000383333 3.33333e-05 0 0 0 0 0 0 0 0 0 0 0 0 
1 0.495317 0.175083 0.0468833 0.0113167 0.00246667 0.000516667 6.66667e-05 0 0 0 0 0 0 0 0 0 0 0 0 
1 0.503133 0.17915 0.0484 0.0110333 0.0024 0.00055 3.33333e-05 1.66667e-05 1.66667e-05 0 0 0 0 0 0 0 0 0 0 
1 0.50255 0.17745 0.04895 0.0105833 0.0021 0.0005 0.000166667 5e-05 1.66667e-05 0 0 0 0 0 0 0 0 0 0 
1 0.5016 0.179083 0.0484667 0.0117333 0.00256667 0.000583333 8.33333e-05 1.66667e-05 0 0 0 0 0 0 0 0 0 0 0 
1 0.4983 0.175883 0.0487333 0.0111833 0.0025 0.000616667 8.33333e-05 3.33333e-05 0 0 0 0 0 0 0 0 0 0 0 
1 0.49825 0.172967 0.0473833 0.0116833 0.00256667 0.00045 8.33333e-05 1.66667e-05 0 0 0 0 0 0 0 0 0 0 0 
1 0.502367 0.176583 0.0490833 0.011 0.00248333 0.000466667 3.33333e-05 1.66667e-05 0 0 0 0 0 0 0 0 0 0 0 
1 0.499067 0.17615 0.04675 0.0112833 0.0023 0.000533333 8.33333e-05 1.66667e-05 0 0 0 0 0 0 0 0 0 0 0 
1 0.4982 0.174467 0.0479 0.0115 0.00253333 0.000433333 8.33333e-05 0 0 0 0 0 0 0 0 0 0 0 0 
1 0.50105 0.1752 0.0468833 0.0112167 0.00238333 0.000533333 6.66667e-05 0 0 0 0 0 0 0 0 0 0 0 0 
1 0.500383 0.1782 0.04935 0.0122833 0.00246667 0.000483333 0.0001 0 0 0 0 0 0 0 0 0 0 0 0 
1 0.4948 0.1736 0.04665 0.0117167 0.00228333 0.00035 6.66667e-05 0 0 0 0 0 0 0 0 0 0 0 0 
1 0.501017 0.177433 0.04795 0.0120833 0.00255 0.000533333 3.33333e-05 1.66667e-05 0 0 0 0 0 0 0 0 0 0 0 
1 0.502333 0.1782 0.0500167 0.0116667 0.00245 0.000416667 3.33333e-05 1.66667e-05 0 0 0 0 0 0 0 0 0 0 0 
1 0.504183 0.1788 0.0506833 0.0123333 0.00301667 0.000633333 0.00015 1.66667e-05 0 0 0 0 0 0 0 0 0 0 0 
1 0.499133 0.177083 0.0498167 0.01195 0.0026 0.00055 0.0001 1.66667e-05 0 0 0 0 0 0 0 0 0 0 0 
1 0.5018 0.17835 0.0495667 0.012 0.00273333 0.000516667 0.000116667 0 0 0 0 0 0 0 0 0 0 0 0 
1 0.503617 0.177767 0.0479167 0.0120333 0.00238333 0.000433333 8.33333e-05 7.71716e-17 0 0 0 0 0 0 0 0 0 0 0 
1 0.4987 0.176817 0.0482833 0.0115 0.00266667 0.000483333 5e-05 0 0 0 0 0 0 0 0 0 0 0 0 
1 0.49925 0.177033 0.04865 0.0117167 0.00258333 0.000566667 8.33333e-05 3.33333e-05 3.33333e-05 3.33333e-05 0 0 0 0 0 0 0 0 0 
1 0.5038 0.178317 0.0496667 0.01095 0.0024 0.000583333 0.0001 0 0 0 0 0 0 0 0 0 0 0 0 
1 0.501283 0.178217 0.0472167 0.0107 0.00218333 0.000533333 5e-05 0 0 0 0 0 0 0 0 0 0 0 0 
1 0.49905 0.174 0.0482167 0.0124167 0.00311667 0.0007 0.000166667 0 0 0 0 0 0 0 0 0 0 0 0 
1 0.501183 0.178283 0.0487 0.0115167 0.00231667 0.000516667 6.66667e-05 1.66667e-05 7.13207e-17 0 0 0 0 0 0 0 0 0 0 
1 0.49525 0.173817 0.0470667 0.01135 0.00221667 0.000466667 0.0001 0 0 0 0 0 0 0 0 0 0 0 0 
1 0.499567 0.175483 0.0483667 0.01125 0.00238333 0.000633333 0.0001 0 0 0 0 0 0 0 0 0 0 0 0 
1 0.5015 0.1768 0.04875 0.0112667 0.0022 0.00055 6.66667e-05 1.66667e-05 0 0 0 0 0 0 0 0 0 0 0 
1 0.498067 0.173467 0.0468833 0.0106833 0.0022 0.000383333 5e-05 0 0 0 0 0 0 0 0 0 0 0 0 
1 0.501683 0.173683 0.0468833 0.0112 0.00253333 0.000416667 6.66667e-05 0 0 0 0 0 0 0 0 0 0 0 0 
1 0.4989 0.178017 0.04975 0.0121167 0.00253333 0.000533333 0.000133333 3.33333e-05 0 0 0 0 0 0 0 0 0 0 0 
1 0.50035 0.175417 0.0477833 0.0114333 0.00258333 0.000583333 0.000133333 1.66667e-05 0 0 0 0 0 0 0 0 0 0 0 
1 0.492183 0.172967 0.0466 0.0106 0.00213333 0.000533333 0.0001 1.66667e-05 0 0 0 0 0 0 0 0 0 0 0 
1 0.5011 0.176717 0.0477667 0.0104667 0.00255 0.00055 8.33333e-05 0 0 0 0 0 0 0 0 0 0 0 0 
1 0.4995 0.1767 0.0493167 0.01165 0.00226667 0.000466667 0.000133333 1.66667e-05 1.66667e-05 0 0 0 0 0 0 0 0 0 0 
1 0.499517 0.177683 0.0483667 0.0109167 0.00215 0.0005 8.33333e-05 1.66667e-05 1.66667e-05 0 0 0 0 0 0 0 0 0 0 
1 0.4999 0.178183 0.0488 0.01155 0.00248333 0.00055 0.00015 0 0 0 0 0 0 0 0 0 0 0 0 
1 0.499 0.173583 0.0473167 0.0110667 0.0022 0.00035 6.66667e-05 0 0 0 0 0 0 0 0 0 0 0 0 
1 0.500217 0.17675 0.04895 0.0117167 0.00261667 0.00055 0.000116667 0 0 0 0 0 0 0 0 0 0 0 0 
1 0.496733 0.175267 0.0470667 0.0107167 0.00245 0.000416667 5e-05 3.33333e-05 0 0 0 0 0 0 0 0 0 0 0 
1 0.5015 0.178317 0.0496167 0.0112333 0.0023 0.00045 0.000116667 1.66667e-05 0 0 0 0 0 0 0 0 0 0 0 
1 0.499017 0.175133 0.0480167 0.0113 0.0023 0.000466667 8.33333e-05 1.66667e-05 0 0 0 0 0 0 0 0 0 0 0 
1 0.500033 0.174017 0.0478 0.0106167 0.00208333 0.000466667 0.0001 1.66667e-05 0 0 0 0 0 0 0 0 0 0 0 
1 0.499517 0.173817 0.0461333 0.0108333 0.00215 0.00045 6.66667e-05 1.66667e-05 0 0 0 0 0 0 0 0 0 0 0 
1 0.49955 0.178483 0.0481833 0.0110667 0.00236667 0.000483333 8.33333e-05 3.33333e-05 0 0 0 0 0 0 0 0 0 0 0 
1 0.500117 0.17665 0.0492667 0.0117667 0.00251667 0.000583333 5e-05 3.33333e-05 0 0 0 0 0 0 0 0 0 0 0 
1 0.498317 0.179583 0.0497167 0.0115833 0.00241667 0.0004 0.0001 0 0 0 0 0 0 0 0 0 0 0 0 
1 0.502733 0.17765 0.0499333 0.01175 0.00253333 0.000433333 5e-05 1.66667e-05 1.66667e-05 0 0 0 0 0 0 0 0 0 0 
1 0.503017 0.179433 0.0496833 0.0118667 0.00291667 0.00055 0.000133333 6.66667e-05 0 0 0 0 0 0 0 0 0 0 0 
1 0.5038 0.178 0.0485667 0.0120833 0.00288333 0.000716667 0.0001 1.66667e-05 0 0 0 0 0 0 0 0 0 0 0 
1 0.498417 0.179733 0.05 0.01185 0.00253333 0.000483333 8.33333e-05 1.66667e-05 0 0 0 0 0 0 0 0 0 0 0 
1 0.499183 0.174133 0.0494167 0.0118833 0.00278333 0.0006 6.66667e-05 5e-05 1.66667e-05 0 0 0 0 0 0 0 0 0 0 
1 0.500383 0.1753 0.0477667 0.0112167 0.00251667 0.000516667 8.33333e-05 0 0 0 0 0 0 0 0 0 0 0 0 
1 0.4999 0.1761 0.0486333 0.01175 0.00246667 0.000583333 0.000183333 6.66667e-05 1.66667e-05 0 0 0 0 0 0 0 0 0 0 
1 0.501067 0.177183 0.0478 0.0117 0.00255 0.000583333 6.66667e-05 0 0 0 0 0 0 0 0 0 0 0 0 
1 0.497683 0.17555 0.0470833 0.0111333 0.0026 0.0004 0.0001 0 0 0 0 0 0 0 0 0 0 0 0 
1 0.500733 0.17695 0.04805 0.01085 0.00221667 0.00045 0.0001 0 0 0 0 0 0 0 0 0 0 0 0 
1 0.49915 0.174733 0.0476167 0.0108333 0.00218333 0.0005 0.0001 5e-05 0 0 0 0 0 0 0 0 0 0 0 
1 0.499117 0.175383 0.0486333 0.0115667 0.00256667 0.000716667 0.0001 1.66667e-05 0 0 0 0 0 0 0 0 0 0 0 
1 0.4994 0.17815 0.049 0.0118167 0.0024 0.000566667 0.000133333 5e-05 3.33333e-05 0 0 0 0 0 0 0 0 0 0 
1 0.5009 0.17655 0.04995 0.0120167 0.00261667 0.00055 0.0001 1.66667e-05 0 0 0 0 0 0 0 0 0 0 0 
1 0.499717 0.173467 0.0470667 0.0110833 0.00245 0.000316667 6.66667e-05 1.66667e-05 0 0 0 0 0 0 0 0 0 0 0 
1 0.49965 0.174317 0.0481833 0.0108167 0.00208333 0.0004 6.66667e-05 0 0 0 0 0 0 0 0 0 0 0 0 
1 0.4997 0.176783 0.0491167 0.0115833 0.0026 0.000566667 8.33333e-05 0 0 0 0 0 0 0 0 0 0 0 0 
1 0.498983 0.173933 0.0467833 0.0113667 0.00243333 0.000416667 5e-05 0 0 0 0 0 0 0 0 0 0 0 0 
1 0.502533 0.179533 0.04935 0.0122333 0.00245 0.00045 8.33333e-05 3.33333e-05 0 0 0 0 0 0 0 0 0 0 0 
1 0.50005 0.1762 0.0485167 0.0111833 0.00235 0.000383333 8.33333e-05 1.66667e-05 0 0 0 0 0 0 0 0 0 0 0 
1 0.504317 0.180983 0.05075 0.0127333 0.00311667 0.000816667 0.00025 3.33333e-05 0 0 0 0 0 0 0 0 0 0 0 
1 0.497933 0.1761 0.0493 0.01175 0.00236667 0.000533333 0.00015 1.66667e-05 0 0 0 0 0 0 0 0 0 0 0 
1 0.499217 0.177067 0.0479 0.0113667 0.0026 0.000433333 6.66667e-05 0 0 0 0 0 0 0 0 0 0 0 0 
1 0.50075 0.174017 0.04705 0.0108167 0.00213333 0.00045 0.0001 1.66667e-05 0 0 0 0 0 0 0 0 0 0 0 
1 0.5002 0.174367 0.0472167 0.0117333 0.00241667 0.00045 0.000116667 0 0 0 0 0 0 0 0 0 0 0 0 
1 0.504717 0.182267 0.0494333 0.0111167 0.00218333 0.00035 3.33333e-05 0 0 0 0 0 0 0 0 0 0 0 0 
1 0.498933 0.177217 0.0486 0.0116167 0.00218333 0.000383333 8.33333e-05 1.66667e-05 0 0 0 0 0 0 0 0 0 0 0 
1 0.49815 0.177317 0.04825 0.0107667 0.00188333 0.000316667 8.33333e-05 0 0 0 0 0 0 0 0 0 0 0 0 
1 0.502883 0.177883 0.0491167 0.0119667 0.0024 0.000516667 6.66667e-05 0 0 0 0 0 0 0 0 0 0 0 0 
1 0.503267 0.1773 0.0478333 0.01045 0.0023 0.000466667 0.000133333 1.66667e-05 0 0 0 0 0 0 0 0 0 0 0 
1 0.500767 0.17835 0.0507333 0.01225 0.00263333 0.000466667 6.66667e-05 1.66667e-05 0 0 0 0 0 0 0 0 0 0 0 
1 0.50195 0.17675 0.0494 0.0115333 0.00233333 0.000516667 3.33333e-05 1.66667e-05 0 0 0 0 0 0 0 0 0 0 0 
1 0.499783 0.1746 0.0480167 0.0109667 0.00268333 0.00045 0.00015 3.33333e-05 0 0 0 0 0 0 0 0 0 0 0 
1 0.5018 0.176433 0.0475667 0.0108833 0.0021 0.000383333 6.66667e-05 3.33333e-05 1.66667e-05 0 0 0 0 0 0 0 0 0 0 
1 0.500767 0.175867 0.0476833 0.0112333 0.00206667 0.000333333 5e-05 1.66667e-05 0 0 0 0 0 0 0 0 0 0 0 
1 0.499 0.177067 0.0491833 0.0116833 0.00248333 0.000516667 0.00015 3.33333e-05 0 0 0 0 0 0 0 0 0 0 0 
1 0.50045 0.1771 0.04735 0.0109667 0.0023 0.000316667 8.33333e-05 3.33333e-05 0 0 0 0 0 0 0 0 0 0 0 
1 0.49875 0.174867 0.0485167 0.0111833 0.0022 0.0004 6.66667e-05 1.66667e-05 0 0 0 0 0 0 0 0 0 0 0 
1 0.501133 0.177883 0.0483167 0.0118333 0.0024 0.000466667 0.000116667 1.66667e-05 0 0 0 0 0 0 0 0 0 0 0 
1 0.50145 0.175683 0.0474167 0.0111667 0.00255 0.000583333 0.000116667 1.66667e-05 0 0 0 0 0 0 0 0 0 0 0 
1 0.505067 0.178683 0.0495167 0.01175 0.00236667 0.0004 5e-05 0 0 0 0 0 0 0 0 0 0 0 0 
1 0.501667 0.178617 0.0492833 0.0127167 0.00265 0.00055 0.0001 1.66667e-05 0 0 0 0 0 0 0 0 0 0 0 
1 0.502217 0.179117 0.0498167 0.0111 0.00245 0.000533333 8.33333e-05 1.66667e-05 1.66667e-05 0 0 0 0 0 0 0 0 0 0 
1 0.502617 0.177867 0.0467 0.0111167 0.00256667 0.000483333 0.00015 5e-05 0 0 0 0 0 0 0 0 0 0 0 
1 0.503917 0.178483 0.0485333 0.0109833 0.00273333 0.000533333 8.33333e-05 1.66667e-05 1.66667e-05 0 0 0 0 0 0 0 0 0 0 
1 0.49915 0.175783 0.04825 0.0111667 0.00196667 0.0004 0.0001 5e-05 1.66667e-05 0 0 0 0 0 0 0 0 0 0 
1 0.497217 0.172067 0.0463333 0.0110833 0.00238333 0.000666667 0.000133333 5e-05 0 0 0 0 0 0 0 0 0 0 0 
1 0.500483 0.175967 0.0485 0.01155 0.00235 0.0004 0.0001 3.33333e-05 0 0 0 0 0 0 0 0 0 0 0 
0
3 100
1 0.49655 0.173433 0.0476167 0.0109167 0.00231667 0.000383333 8.33333e-05 0 0 0 0 0 0 0 0 0 0 0 0 
1 0.50005 0.17545 0.0486667 0.01075 0.00235 0.00045 8.33333e-05 1.66667e-05 0 0 0 0 0 0 0 0 0 0 0 
1 0.501183 0.178117 0.0481167 0.0110167 0.00225 0.000416667 8.33333e-05 0 0 0 0 0 0 0 0 0 0 0 0 
1 0.500283 0.17575 0.04745 0.0116 0.00275 0.000516667 0.0001 3.33333e-05 1.66667e-05 0 0 0 0 0 0 0 0 0 0 
1 0.50085 0.175383 0.0473167 0.0111333 0.00218333 0.000483333 8.33333e-05 0 0 0 0 0 0 0 0 0 0 0 0 
1 0.502383 0.176133 0.04765 0.01125 0.00216667 0.000333333 5e-05 0 0 0 0 0 0 0 0 0 0 0 0 
1 0.502583 0.179533 0.0498333 0.0111833 0.00246667 0.000483333 0.000116667 0 0 0 0 0 0 0 0 0 0 0 0 
1 0.49825 0.1757 0.0487 0.0110667 0.00245 0.0006 0.000116667 3.33333e-05 1.66667e-05 0 0 0 0 0 0 0 0 0 0 
1 0.500233 0.177983 0.04975 0.0116833 0.00233333 0.000366667 0.0001 1.09918e-16 0 0 0 0 0 0 0 0 0 0 0 
1 0.500817 0.176017 0.0467167 0.0111167 0.00218333 0.00055 0.000116667 0 0 0 0 0 0 0 0 0 0 0 0 
1 0.498417 0.175883 0.0468667 0.0107 0.00245 0.000483333 3.33333e-05 0 0 0 0 0 0 0 0 0 0 0 0 
1 0.500067 0.177817 0.0484 0.0108167 0.00243333 0.000483333 0.0001 3.33333e-05 0 0 0 0 0 0 0 0 0 0 0 
1 0.499683 0.177417 0.04915 0.01155 0.00256667 0.000516667 5e-05 0 0 0 0 0 0 0 0 0 0 0 0 
1 0.502067 0.17665 0.0488833 0.0116667 0.00225 0.000283333 3.33333e-05 0 0 0 0 0 0 0 0 0 0 0 0 
1 0.503083 0.179717 0.05085 0.0114333 0.0023 0.000333333 3.33333e-05 0 0 0 0 0 0 0 0 0 0 0 0 
1 0.504167 0.1767 0.0478333 0.0115 0.00266667 0.0006 0.000183333 6.66667e-05 0 0 0 0 0 0 0 0 0 0 0 
1 0.499183 0.17395 0.04745 0.0112167 0.0022 0.0005 0.000116667 0 0 0 0 0 0 0 0 0 0 0 0 
1 0.500383 0.17675 0.04905 0.0114667 0.00236667 0.0005 8.33333e-05 0 0 0 0 0 0 0 0 0 0 0 0 
1 0.4986 0.176133 0.04935 0.0117667 0.00226667 0.000433333 6.66667e-05 0 0 0 0 0 0 0 0 0 0 0 0 
1 0.498317 0.174133 0.0467667 0.011 0.00283333 0.0005 8.33333e-05 3.33333e-05 0 0 0 0 0 0 0 0 0 0 0 
1 0.500433 0.175567 0.04855 0.0112833 0.0025 0.000583333 8.33333e-05 0 0 0 0 0 0 0 0 0 0 0 0 
1 0.4982 0.176783 0.0495333 0.0122833 0.00301667 0.000583333 0.00015 5e-05 0 0 0 0 0 0 0 0 0 0 0 
1 0.499733 0.174783 0.0486333 0.0113167 0.00226667 0.000583333 6.66667e-05 1.66667e-05 0 0 0 0 0 0 0 0 0 0 0 
1 0.501783 0.17585 0.0475333 0.01085 0.0026 0.000516667 3.33333e-05 0 0 0 0 0 0 0 0 0 0 0 0 
1 0.500217 0.175383 0.0491 0.0118333 0.00283333 0.000566667 0.0001 3.33333e-05 0 0 0 0 0 0 0 0 0 0 0 
1 0.50025 0.174417 0.0476167 0.0117 0.00271667 0.000616667 0.000133333 3.33333e-05 0 0 0 0 0 0 0 0 0 0 0 
1 0.497217 0.176483 0.04815 0.0108167 0.00235 0.00055 0.000166667 1.66667e-05 0 0 0 0 0 0 0 0 0 0 0 
1 0.498517 0.175467 0.0477167 0.0114167 0.0025 0.000533333 6.66667e-05 3.33333e-05 0 0 0 0 0 0 0 0 0 0 0 
1 0.502083 0.176333 0.0482667 0.0117333 0.00226667 0.000466667 8.33333e-05 1.66667e-05 0 0 0 0 0 0 0 0 0 0 0 
1 0.499933 0.175767 0.0482667 0.0117167 0.00256667 0.000533333 0.000116667 0 0 0 0 0 0 0 0 0 0 0 0 
1 0.499317 0.175467 0.049 0.0114833 0.00265 0.0004 1.66667e-05 0 0 0 0 0 0 0 0 0 0 0 0 
1 0.496933 0.17605 0.0480167 0.0111 0.00246667 0.00035 3.33333e-05 0 0 0 0 0 0 0 0 0 0 0 0 
1 0.497533 0.174333 0.0469 0.0111 0.00225 0.0004 3.33333e-05 0 0 0 0 0 0 0 0 0 0 0 0 
1 0.500833 0.175783 0.0498 0.0117833 0.00181667 0.000333333 0.0001 1.66667e-05 0 0 0 0 0 0 0 0 0 0 0 
1 0.5001 0.177933 0.0508167 0.0120667 0.00255 0.000483333 6.66667e-05 1.66667e-05 1.66667e-05 0 0 0 0 0 0 0 0 0 0 
1 0.5002 0.178467 0.0490833 0.0105667 0.00205 0.0005 5e-05 1.66667e-05 0 0 0 0 0 0 0 0 0 0 0 
1 0.496967 0.17455 0.0476833 0.0109333 0.0026 0.0006 0.0001 1.66667e-05 1.66667e-05 0 0 0 0 0 0 0 0 0 0 
1 0.500133 0.1763 0.0481333 0.0119333 0.00253333 0.0006 8.33333e-05 1.66667e-05 0 0 0 0 0 0 0 0 0 0 0 
1 0.501633 0.1748 0.04825 0.0111333 0.00205 0.0004 6.66667e-05 1.66667e-05 0 0 0 0 0 0 0 0 0 0 0 
1 0.498367 0.176733 0.0481833 0.0110333 0.0022 0.0005 8.33333e-05 1.66667e-05 1.66667e-05 0 0 0 0 0 0 0 0 0 0 
1 0.502417 0.175117 0.0493333 0.0118167 0.00233333 0.0004 0.0001 0 0 0 0 0 0 0 0 0 0 0 0 
1 0.499217 0.17645 0.0508333 0.0121667 0.00235 0.000283333 8.33333e-05 1.66667e-05 0 0 0 0 0 0 0 0 0 0 0 
1 0.49665 0.1732 0.0467667 0.0112667 0.00251667 0.000516667 6.66667e-05 1.66667e-05 0 0 0 0 0 0 0 0 0 0 0 
1 0.50165 0.180067 0.0499 0.0120167 0.00258333 0.000483333 8.33333e-05 0 0 0 0 0 0 0 0 0 0 0 0 
1 0.497383 0.175367 0.0473 0.01105 0.00226667 0.000433333 5e-05 0 0 0 0 0 0 0 0 0 0 0 0 
0
3 100
1 0.501567 0.176867 0.0469833 0.0107667 0.0022 0.000333333 0.000133333 3.33333e-05 1.66667e-05 0 0 0 0 0 0 0 0 0 0 
1 0.497283 0.173517 0.0471167 0.0117333 0.00225 0.000516667 0.000183333 5e-05 1.66667e-05 0 0 0 0 0 0 0 0 0 0 
1 0.50185 0.179883 0.0495833 0.01175 0.00246667 0.000433333 5e-05 3.33333e-05 1.66667e-05 0 0 0 0 0 0 0 0 0 0 
1 0.495717 0.1753 0.0484167 0.01175 0.00225 0.00045 8.33333e-05 1.66667e-05 0 0 0 0 0 0 0 0 0 0 0 
1 0.50155 0.179333 0.05 0.0116833 0.00261667 0.00055 6.66667e-05 1.66667e-05 0 0 0 0 0 0 0 0 0 0 0 
1 0.498533 0.177067 0.0484833 0.0114 0.00251667 0.000383333 0.000116667 1.66667e-05 7.74991e-17 0 0 0 0 0 0 0 0 0 0 
1 0.502133 0.179467 0.0479 0.0118833 0.00268333 0.00055 0.0001 0 0 0 0 0 0 0 0 0 0 0 0 
1 0.49695 0.175717 0.04755 0.0109167 0.00201667 0.0004 6.66667e-05 0 0 0 0 0 0 0 0 0 0 0 0 
1 0.499583 0.175083 0.0479167 0.0107333 0.00226667 0.0004 6.66667e-05 1.66667e-05 0 0 0 0 0 0 0 0 0 0 0 
1 0.502717 0.177367 0.04855 0.0114833 0.00235 0.000533333 0.000133333 1.66667e-05 0 0 0 0 0 0 0 0 0 0 0 
1 0.4979 0.175367 0.04895 0.01215 0.00276667 0.00055 0.000166667 6.66667e-05 1.66667e-05 0 0 0 0 0 0 0 0 0 0 
1 0.498133 0.17415 0.0473333 0.0109333 0.00223333 0.000466667 8.33333e-05 3.33333e-05 0 0 0 0 0 0 0 0 0 0 0 
1 0.5026 0.178117 0.0494833 0.0115 0.00223333 0.0006 0.000116667 1.66667e-05 0 0 0 0 0 0 0 0 0 0 0 
1 0.501867 0.1765 0.0484167 0.01145 0.00241667 0.000533333 0.000216667 6.66667e-05 0 0 0 0 0 0 0 0 0 0 0 
1 0.505317 0.178483 0.0485333 0.0110667 0.00253333 0.0006 0.000133333 6.66667e-05 3.33333e-05 0 0 0 0 0 0 0 0 0 0 
1 0.499567 0.17705 0.0494167 0.01195 0.00213333 0.00035 5e-05 0 0 0 0 0 0 0 0 0 0 0 0 
1 0.500017 0.177783 0.0498667 0.0121833 0.00231667 0.000666667 0.000116667 3.33333e-05 3.33333e-05 0 0 0 0 0 0 0 0 0 0 
1 0.504683 0.179433 0.0481333 0.0112667 0.0028 0.000716667 0.000116667 3.33333e-05 1.66667e-05 0 0 0 0 0 0 0 0 0 0 
1 0.502383 0.178467 0.0481333 0.0109333 0.0025 0.000533333 0.0001 1.66667e-05 0 0 0 0 0 0 0 0 0 0 0 
1 0.502217 0.17765 0.0488167 0.0112167 0.00226667 0.000483333 5e-05 1.66667e-05 0 0 0 0 0 0 0 0 0 0 0 
1 0.49835 0.176833 0.0480167 0.0108167 0.00221667 0.000266667 6.66667e-05 1.66667e-05 0 0 0 0 0 0 0 0 0 0 0 
1 0.49955 0.174517 0.0482 0.0110833 0.00235 0.000566667 0.000116667 1.66667e-05 0 0 0 0 0 0 0 0 0 0 0 
1 0.50165 0.18075 0.0485167 0.0116333 0.00266667 0.0005 0.000116667 3.33333e-05 0 0 0 0 0 0 0 0 0 0 0 
1 0.500967 0.175017 0.0483 0.0104833 0.00215 0.000383333 8.33333e-05 3.33333e-05 0 0 0 0 0 0 0 0 0 0 0 
1 0.500983 0.173517 0.0472833 0.0107 0.00245 0.000466667 6.66667e-05 0 0 0 0 0 0 0 0 0 0 0 0 
1 0.504533 0.1769 0.0493833 0.0114333 0.00223333 0.000466667 3.33333e-05 1.66667e-05 1.66667e-05 1.66667e-05 0 0 0 0 0 0 0 0 0 
1 0.505367 0.177633 0.049 0.0116833 0.00265 0.000366667 0.00015 6.66667e-05 1.66667e-05 0 0 0 0 0 0 0 0 0 0 
1 0.497633 0.179217 0.0467833 0.01135 0.0025 0.000616667 0.00015 0 0 0 0 0 0 0 0 0 0 0 0 
1 0.504867 0.175067 0.0486833 0.0110833 0.00251667 0.000433333 8.33333e-05 0 0 0 0 0 0 0 0 0 0 0 0 
1 0.49805 0.17465 0.0471 0.0114167 0.0021 0.000416667 0.00015 1.66667e-05 1.66667e-05 0 0 0 0 0 0 0 0 0 0 
1 0.499133 0.176117 0.0485833 0.0112 0.00248333 0.000466667 0.00015 3.33333e-05 0 0 0 0 0 0 0 0 0 0 0 
1 0.499083 0.174817 0.049 0.0121833 0.00271667 0.00065 6.66667e-05 0 0 0 0 0 0 0 0 0 0 0 0 
1 0.502683 0.1768 0.0471667 0.0112833 0.00235 0.000383333 3.33333e-05 1.66667e-05 1.66667e-05 0 0 0 0 0 0 0 0 0 0 
1 0.5023 0.174683 0.0474833 0.0111 0.00236667 0.00045 0.000133333 3.33333e-05 1.66667e-05 1.66667e-05 0 0 0 0 0 0 0 0 0 
1 0.499667 0.17705 0.04855 0.0109333 0.00253333 0.000433333 0.000116667 3.33333e-05 0 0 0 0 0 0 0 0 0 0 0 
1 0.49905 0.17575 0.0479667 0.01105 0.00206667 0.000433333 0.000166667 1.66667e-05 0 0 0 0 0 0 0 0 0 0 0 
1 0.496183 0.173267 0.0473167 0.01115 0.0024 0.000566667 0.000133333 3.33333e-05 0 0 0 0 0 0 0 0 0 0 0 
1 0.498883 0.17785 0.048 0.0113167 0.00245 0.000283333 6.66667e-05 0 0 0 0 0 0 0 0 0 0 0 0 
1 0.503367 0.178517 0.04875 0.0116667 0.00221667 0.000533333 5e-05 1.66667e-05 0 0 0 0 0 0 0 0 0 0 0 
1 0.49945 0.175267 0.0463167 0.0108167 0.00235 0.000516667 0.00015 0 0 0 0 0 0 0 0 0 0 0 0 
1 0.498267 0.177517 0.04795 0.0111 0.00266667 0.0006 8.33333e-05 3.33333e-05 1.66667e-05 0 0 0 0 0 0 0 0 0 0 
1 0.499483 0.176383 0.0465667 0.0109167 0.00216667 0.00045 0.000133333 5e-05 0 0 0 0 0 0 0 0 0 0 0 
1 0.503117 0.17695 0.0491 0.0117667 0.0028 0.000383333 5e-05 1.66667e-05 0 0 0 0 0 0 0 0 0 0 0 
1 0.49885 0.17735 0.0479833 0.0113 0.00291667 0.00045 0.0001 5e-05 0 0 0 0 0 0 0 0 0 0 0 
1 0.497333 0.175017 0.0471 0.0107333 0.0023 0.000466667 0.000133333 3.33333e-05 0 0 0 0 0 0 0 0 0 0 0 
1 0.500533 0.175967 0.04825 0.0114333 0.00178333 0.0003 8.33333e-05 1.66667e-05 1.66667e-05 1.66667e-05 0 0 0 0 0 0 0 0 0 
1 0.501633 0.1793 0.0492667 0.0115 0.0023 0.000466667 8.33333e-05 0 0 0 0 0 0 0 0 0 0 0 0 
1 0.494483 0.173817 0.0488 0.0107333 0.00201667 0.000516667 8.33333e-05 0 0 0 0 0 0 0 0 0 0 0 0 
1 0.5017 0.176733 0.0492833 0.0116667 0.00215 0.000383333 0.0001 1.66667e-05 0 0 0 0 0 0 0 0 0 0 0 
1 0.496933 0.176683 0.0486167 0.0113333 0.00223333 0.0005 8.33333e-05 0 0 0 0 0 0 0 0 0 0 0 0 
1 0.497883 0.174717 0.0489833 0.0111 0.00258333 0.000466667 6.66667e-05 0 0 0 0 0 0 0 0 0 0 0 0 
1 0.503983 0.1792 0.0491833 0.0110333 0.00216667 0.000283333 1.66667e-05 0 0 0 0 0 0 0 0 0 0 0 0 
1 0.498483 0.174183 0.0492333 0.0110167 0.00231667 0.000433333 0.0001 1.66667e-05 0 0 0 0 0 0 0 0 0 0 0 
1 0.501233 0.177483 0.0486 0.0107333 0.00226667 0.000383333 6.66667e-05 5e-05 1.66667e-05 0 0 0 0 0 0 0 0 0 0 
1 0.501233 0.176033 0.0491 0.0116167 0.002 0.0004 8.33333e-05 3.33333e-05 1.66667e-05 0 0 0 0 0 0 0 0 0 0 
1 0.5023 0.177 0.0477333 0.0111833 0.00265 0.00075 0.0002 1.66667e-05 0 0 0 0 0 0 0 0 0 0 0 
1 0.4996 0.175983 0.0489167 0.0116167 0.0023 0.000383333 8.33333e-05 0 0 0 0 0 0 0 0 0 0 0 0 
1 0.501117 0.17725 0.0481167 0.0117833 0.00281667 0.000533333 0.000133333 3.33333e-05 0 0 0 0 0 0 0 0 0 0 0 
1 0.501267 0.176067 0.0481667 0.0111 0.00236667 0.0006 0.000166667 0 0 0 0 0 0 0 0 0 0 0 0 
1 0.500017 0.178083 0.0485833 0.0121167 0.0022 0.0003 5e-05 0 0 0 0 0 0 0 0 0 0 0 0 
1 0.5007 0.175467 0.0476833 0.0113 0.00243333 0.0004 6.66667e-05 1.66667e-05 0 0 0 0 0 0 0 0 0 0 0 
1 0.499 0.177 0.0467333 0.0107333 0.0023 0.00055 0.000133333 3.33333e-05 0 0 0 0 0 0 0 0 0 0 0 
1 0.500633 0.179333 0.0505167 0.0121333 0.00266667 0.00055 0.00015 3.33333e-05 0 0 0 0 0 0 0 0 0 0 0 
1 0.50095 0.177917 0.0482333 0.0109833 0.00271667 0.00065 0.0001 1.66667e-05 0 0 0 0 0 0 0 0 0 0 0 
1 0.498967 0.1736 0.0471333 0.01075 0.00225 0.000566667 0.00015 0 0 0 0 0 0 0 0 0 0 0 0 
1 0.498867 0.173183 0.0466333 0.0112 0.00231667 0.000266667 1.66667e-05 0 0 0 0 0 0 0 0 0 0 0 0 
1 0.50015 0.178967 0.04935 0.0114833 0.00268333 0.00045 6.66667e-05 3.33333e-05 0 0 0 0 0 0 0 0 0 0 0 
1 0.4996 0.176317 0.0490833 0.01145 0.0027 0.000583333 8.33333e-05 1.66667e-05 0 0 0 0 0 0 0 0 0 0 0 
1 0.502967 0.1783 0.0486667 0.0108333 0.00236667 0.0006 0.000133333 1.66667e-05 0 0 0 0 0 0 0 0 0 0 0 
1 0.501017 0.1767 0.0485167 0.0113167 0.00236667 0.0004 0.0001 3.33333e-05 1.66667e-05 0 0 0 0 0 0 0 0 0 0 
1 0.497667 0.1752 0.0476667 0.0117833 0.0024 0.00035 6.66667e-05 3.33333e-05 0 0 0 0 0 0 0 0 0 0 0 
1 0.500517 0.175117 0.0485667 0.01115 0.002 0.00035 3.33333e-05 1.66667e-05 0 0 0 0 0 0 0 0 0 0 0 
1 0.497117 0.172867 0.04745 0.0106667 0.00213333 0.000333333 5e-05 1.66667e-05 1.66667e-05 0 0 0 0 0 0 0 0 0 0 
1 0.49595 0.175083 0.0475833 0.0112667 0.00253333 0.00045 0.0001 1.66667e-05 0 0 0 0 0 0 0 0 0 0 0 
1 0.499117 0.176183 0.04785 0.0110333 0.00213333 0.000433333 6.66667e-05 0 0 0 0 0 0 0 0 0 0 0 0 
1 0.500267 0.1756 0.04745 0.0112833 0.0027 0.000633333 0.000166667 3.33333e-05 1.66667e-05 0 0 0 0 0 0 0 0 0 0 
1 0.499533 0.17505 0.0474833 0.0110333 0.00231667 0.000366667 6.66667e-05 1.66667e-05 0 0 0 0 0 0 0 0 0 0 0 
1 0.501733 0.17535 0.0471667 0.011 0.00236667 0.000483333 8.33333e-05 1.66667e-05 0 0 0 0 0 0 0 0 0 0 0 
1 0.498917 0.17775 0.04885 0.0119167 0.00233333 0.00035 3.33333e-05 0 0 0 0 0 0 0 0 0 0 0 0 
1 0.49905 0.175983 0.04685 0.0107 0.00198333 0.000466667 6.66667e-05 0 0 0 0 0 0 0 0 0 0 0 0 
1 0.496483 0.175667 0.0485333 0.0113833 0.00216667 0.000533333 8.33333e-05 3.33333e-05 1.66667e-05 1.66667e-05 0 0 0 0 0 0 0 0 0 
1 0.500367 0.1773 0.0491333 0.0113333 0.00238333 0.000616667 0.0001 0 0 0 0 0 0 0 0 0 0 0 0 
1 0.4983 0.1751 0.0495 0.0114667 0.00281667 0.000516667 0.000166667 0 0 0 0 0 0 0 0 0 0 0 0 
1 0.49905 0.176017 0.0481833 0.0114167 0.00236667 0.000483333 6.66667e-05 1.66667e-05 0 0 0 0 0 0 0 0 0 0 0 
1 0.500533 0.17695 0.0472333 0.0113667 0.00236667 0.000433333 0.0001 3.33333e-05 0 0 0 0 0 0 0 0 0 0 0 
1 0.497583 0.175083 0.0473833 0.0113167 0.00238333 0.000433333 6.66667e-05 3.33333e-05 0 0 0 0 0 0 0 0 0 0 0 
1 0.4974 0.175467 0.0494833 0.0124167 0.00231667 0.000516667 0.000133333 0 0 0 0 0 0 0 0 0 0 0 0 
1 0.498767 0.172533 0.04775 0.0112 0.00255 0.000583333 0.00015 5e-05 0 0 0 0 0 0 0 0 0 0 0 
1 0.497633 0.171533 0.04625 0.0108667 0.00261667 0.000683333 0.000116667 3.33333e-05 0 0 0 0 0 0 0 0 0 0 0 
1 0.502717 0.1772 0.0480333 0.0114 0.00236667 0.000483333 8.33333e-05 0 0 0 0 0 0 0 0 0 0 0 0 
1 0.4975 0.17545 0.04775 0.0108667 0.00238333 0.000483333 0.0001 1.66667e-05 0 0 0 0 0 0 0 0 0 0 0 
1 0.497733 0.173817 0.0474 0.0111167 0.0028 0.000716667 8.33333e-05 3.33333e-05 1.66667e-05 0 0 0 0 0 0 0 0 0 0 
1 0.497617 0.1752 0.04935 0.0116667 0.00246667 0.000533333 0.000166667 3.33333e-05 0 0 0 0 0 0 0 0 0 0 0 
1 0.497267 0.171983 0.0464167 0.01075 0.00225 0.000466667 0.000133333 0 0 0 0 0 0 0 0 0 0 0 0 
1 0.497417 0.172383 0.04635 0.01095 0.00265 0.000633333 8.33333e-05 4.94826e-17 0 0 0 0 0 0 0 0 0 0 0 
1 0.498283 0.172967 0.0464667 0.0111 0.0023 0.000616667 0.000116667 5e-05 1.66667e-05 1.66667e-05 0 0 0 0 0 0 0 0 0 
1 0.5004 0.17695 0.0489 0.0116833 0.00233333 0.00035 6.66667e-05 1.66667e-05 1.66667e-05 0 0 0 0 0 0 0 0 0 0 
1 0.502383 0.177283 0.04785 0.01145 0.00243333 0.00045 8.33333e-05 0 0 0 0 0 0 0 0 0 0 0 0 
1 0.5002 0.175117 0.0465333 0.01025 0.002 0.000333333 8.33333e-05 0 0 0 0 0 0 0 0 0 0 0 0 
1 0.49925 0.17375 0.0470833 0.01055 0.00216667 0.0005 5e-05 1.66667e-05 0 0 0 0 0 0 0 0 0 0 0 
0
3 100
1 0.499017 0.17365 0.0483667 0.0110667 0.0025 0.000516667 0.000166667 1.66667e-05 0 0 0 0 0 0 0 0 0 0 0 
1 0.500383 0.1763 0.0485667 0.0116333 0.00221667 0.000333333 3.33333e-05 0 0 0 0 0 0 0 0 0 0 0 0 
1 0.502567 0.17985 0.0491667 0.01115 0.00245 0.000433333 0.0001 1.66667e-05 0 0 0 0 0 0 0 0 0 0 0 
1 0.500133 0.175767 0.0489667 0.0111833 0.00213333 0.000616667 6.66667e-05 1.66667e-05 0 0 0 0 0 0 0 0 0 0 0 
1 0.499367 0.17365 0.0469333 0.01045 0.00236667 0.00035 0.000116667 5e-05 0 0 0 0 0 0 0 0 0 0 0 
1 0.500833 0.175517 0.0464 0.01045 0.00206667 0.000433333 8.33333e-05 0 0 0 0 0 0 0 0 0 0 0 0 
1 0.5021 0.1782 0.04965 0.0122 0.00265 0.000466667 5e-05 0 0 0 0 0 0 0 0 0 0 0 0 
1 0.496517 0.17435 0.0464333 0.0106 0.00198333 0.000433333 0.000183333 1.66667e-05 0 0 0 0 0 0 0 0 0 0 0 
1 0.50185 0.176317 0.0477667 0.01155 0.00251667 0.00045 8.33333e-05 0 0 0 0 0 0 0 0 0 0 0 0 
1 0.499467 0.176867 0.0479667 0.0112333 0.00281667 0.000366667 0.00015 1.66667e-05 0 0 0 0 0 0 0 0 0 0 0 
1 0.503617 0.179883 0.0498333 0.0109333 0.00213333 0.000366667 6.66667e-05 0 0 0 0 0 0 0 0 0 0 0 0 
1 0.499067 0.17645 0.0488667 0.0116667 0.00278333 0.0005 0.000116667 3.33333e-05 1.66667e-05 1.66667e-05 0 0 0 0 0 0 0 0 0 
1 0.498083 0.174933 0.0470333 0.0111833 0.00265 0.000666667 0.000133333 1.66667e-05 1.66667e-05 1.66667e-05 0 0 0 0 0 0 0 0 0 
1 0.50125 0.175517 0.0479333 0.0114 0.00256667 0.000366667 8.33333e-05 5e-05 0 0 0 0 0 0 0 0 0 0 0 
1 0.501667 0.177417 0.0486 0.0116667 0.00221667 0.000383333 0.000116667 1.66667e-05 0 0 0 0 0 0 0 0 0 0 0 
1 0.503683 0.178283 0.0495167 0.0114333 0.00223333 0.000416667 0.0001 1.66667e-05 0 0 0 0 0 0 0 0 0 0 0 
1 0.4968 0.176167 0.0471 0.0108167 0.00198333 0.000483333 6.66667e-05 0 0 0 0 0 0 0 0 0 0 0 0 
1 0.49935 0.175283 0.04765 0.0114833 0.0023 0.00045 0.0001 0 0 0 0 0 0 0 0 0 0 0 0 
1 0.496783 0.176283 0.0488833 0.01145 0.00245 0.0006 0.0001 1.66667e-05 0 0 0 0 0 0 0 0 0 0 0 
1 0.500333 0.17535 0.0468833 0.0108 0.00236667 0.000333333 6.66667e-05 1.66667e-05 0 0 0 0 0 0 0 0 0 0 0 
1 0.501217 0.17445 0.05005 0.0127667 0.00255 0.0005 6.66667e-05 3.33333e-05 0 0 0 0 0 0 0 0 0 0 0 
1 0.497233 0.174567 0.0483667 0.0116 0.00235 0.0005 0.0001 1.66667e-05 0 0 0 0 0 0 0 0 0 0 0 
1 0.498183 0.176383 0.0481833 0.0115167 0.0024 0.000433333 5e-05 1.66667e-05 0 0 0 0 0 0 0 0 0 0 0 
1 0.49585 0.1756 0.04885 0.01195 0.00263333 0.000533333 3.33333e-05 0 0 0 0 0 0 0 0 0 0 0 0 
1 0.501617 0.177467 0.0492667 0.0107833 0.00238333 0.00045 5e-05 0 0 0 0 0 0 0 0 0 0 0 0 
1 0.50055 0.175667 0.0485167 0.0113333 0.0024 0.000516667 0.000133333 3.33333e-05 0 0 0 0 0 0 0 0 0 0 0 
1 0.5025 0.178083 0.04845 0.0114333 0.00258333 0.000583333 0.0001 3.33333e-05 0 0 0 0 0 0 0 0 0 0 0 
1 0.498983 0.1797 0.0509667 0.0124833 0.00283333 0.000533333 5e-05 0 0 0 0 0 0 0 0 0 0 0 0 
1 0.500683 0.1759 0.0474 0.0104333 0.00235 0.0006 0.000133333 0 0 0 0 0 0 0 0 0 0 0 0 
1 0.499283 0.1754 0.0498667 0.0111333 0.00238333 0.000333333 0.0001 5e-05 0 0 0 0 0 0 0 0 0 0 0 
1 0.5018 0.177367 0.0494333 0.01185 0.00261667 0.00055 0.000116667 1.66667e-05 1.66667e-05 0 0 0 0 0 0 0 0 0 0 
1 0.502117 0.176817 0.0483333 0.01145 0.00225 0.000516667 0.00015 0 0 0 0 0 0 0 0 0 0 0 0 
1 0.4983 0.174117 0.0479 0.0110167 0.00238333 0.000516667 0.000166667 1.66667e-05 0 0 0 0 0 0 0 0 0 0 0 
1 0.499767 0.17835 0.0474667 0.0110833 0.00236667 0.000633333 6.66667e-05 3.33333e-05 0 0 0 0 0 0 0 0 0 0 0 
1 0.502917 0.179917 0.04855 0.01105 0.00236667 0.000516667 0.000133333 3.33333e-05 0 0 0 0 0 0 0 0 0 0 0 
1 0.500467 0.175 0.0468 0.0111667 0.0023 0.000483333 0.000166667 6.66667e-05 1.66667e-05 0 0 0 0 0 0 0 0 0 0 
1 0.5008 0.17935 0.0492167 0.01205 0.0028 0.000666667 0.000183333 3.33333e-05 1.66667e-05 0 0 0 0 0 0 0 0 0 0 
1 0.50035 0.179083 0.0488667 0.0111667 0.00255 0.000583333 0.000133333 9.20097e-17 0 0 0 0 0 0 0 0 0 0 0 
1 0.501683 0.177383 0.0487833 0.0119833 0.00255 0.000416667 3.33333e-05 0 0 0 0 0 0 0 0 0 0 0 0 
1 0.49665 0.17045 0.0472667 0.0112167 0.0023 0.000383333 6.66667e-05 0 0 0 0 0 0 0 0 0 0 0 0 
1 0.499567 0.175383 0.0485333 0.0111833 0.00253333 0.000566667 0.000183333 0 0 0 0 0 0 0 0 0 0 0 0 
1 0.499083 0.17395 0.0471 0.0116833 0.00243333 0.00055 0.0001 1.66667e-05 0 0 0 0 0 0 0 0 0 0 0 
1 0.500883 0.176017 0.0486833 0.0114833 0.0026 0.000566667 0.00025 5e-05 3.33333e-05 0 0 0 0 0 0 0 0 0 0 
1 0.504283 0.176683 0.0478333 0.0107333 0.002 0.000283333 3.33333e-05 1.66667e-05 0 0 0 0 0 0 0 0 0 0 0 
1 0.498283 0.177433 0.04805 0.0115667 0.00283333 0.000616667 6.66667e-05 1.66667e-05 0 0 0 0 0 0 0 0 0 0 0 
1 0.502783 0.17515 0.0484 0.0117 0.0025 0.00055 0.000166667 5e-05 0 0 0 0 0 0 0 0 0 0 0 
1 0.4974 0.17565 0.0484667 0.0107167 0.00228333 0.0004 0.0001 3.33333e-05 0 0 0 0 0 0 0 0 0 0 0 
1 0.5006 0.177983 0.0474333 0.01105 0.00261667 0.000533333 8.33333e-05 1.66667e-05 0 0 0 0 0 0 0 0 0 0 0 
1 0.4966 0.17445 0.0481333 0.0111667 0.00215 0.000566667 5e-05 1.66667e-05 0 0 0 0 0 0 0 0 0 0 0 
1 0.49985 0.174217 0.0474167 0.0109667 0.00251667 0.000533333 6.66667e-05 3.33333e-05 0 0 0 0 0 0 0 0 0 0 0 
1 0.500367 0.17585 0.0480167 0.0111667 0.00206667 0.00035 6.66667e-05 0 0 0 0 0 0 0 0 0 0 0 0 
1 0.498433 0.1744 0.04685 0.0110667 0.00265 0.000833333 0.00015 1.66667e-05 0 0 0 0 0 0 0 0 0 0 0 
1 0.499033 0.1742 0.0484167 0.0112667 0.00273333 0.000433333 0.000116667 5e-05 3.33333e-05 0 0 0 0 0 0 0 0 0 0 
1 0.499217 0.175467 0.0480333 0.0116 0.00253333 0.000483333 0.000116667 1.66667e-05 1.66667e-05 0 0 0 0 0 0 0 0 0 0 
1 0.501767 0.176717 0.0498 0.0129667 0.00258333 0.000416667 0 0 0 0 0 0 0 0 0 0 0 0 0 
1 0.500283 0.176433 0.0485 0.0115 0.00281667 0.000516667 0.000116667 3.33333e-05 0 0 0 0 0 0 0 0 0 0 0 
1 0.49655 0.173933 0.0478667 0.0117 0.00251667 0.000466667 5e-05 1.66667e-05 0 0 0 0 0 0 0 0 0 0 0 
1 0.5018 0.1763 0.04715 0.0102167 0.00228333 0.00045 0.0001 3.33333e-05 0 0 0 0 0 0 0 0 0 0 0 
1 0.497717 0.176267 0.0488333 0.0111167 0.00245 0.000233333 3.33333e-05 0 0 0 0 0 0 0 0 0 0 0 0 
1 0.49825 0.174367 0.0477833 0.0106833 0.00216667 0.00045 0.000116667 3.33333e-05 0 0 0 0 0 0 0 0 0 0 0 
1 0.501267 0.177383 0.0502833 0.0118167 0.00268333 0.00055 0.0001 3.33333e-05 0 0 0 0 0 0 0 0 0 0 0 
1 0.499817 0.17575 0.0492 0.0124333 0.00293333 0.0007 6.66667e-05 0 0 0 0 0 0 0 0 0 0 0 0 
1 0.5014 0.17865 0.0484833 0.0114833 0.0026 0.000416667 6.66667e-05 3.33333e-05 1.66667e-05 0 0 0 0 0 0 0 0 0 0 
1 0.500317 0.176583 0.04795 0.0109 0.00221667 0.000516667 0.0001 5e-05 0 0 0 0 0 0 0 0 0 0 0 
1 0.498383 0.1771 0.0485667 0.0113667 0.00228333 0.0005 0.0001 1.66667e-05 0 0 0 0 0 0 0 0 0 0 0 
1 0.502883 0.176233 0.04715 0.0104333 0.00243333 0.000416667 5e-05 0 0 0 0 0 0 0 0 0 0 0 0 
1 0.500567 0.176333 0.0491 0.01175 0.00245 0.000633333 0.000133333 3.33333e-05 1.66667e-05 0 0 0 0 0 0 0 0 0 0 
1 0.49955 0.17605 0.0492833 0.0113833 0.00266667 0.000683333 5e-05 0 0 0 0 0 0 0 0 0 0 0 0 
1 0.502517 0.1762 0.0486167 0.0108667 0.00261667 0.000583333 0.00015 0 0 0 0 0 0 0 0 0 0 0 0 
1 0.501717 0.175967 0.0474833 0.0105167 0.00203333 0.000416667 6.66667e-05 1.66667e-05 0 0 0 0 0 0 0 0 0 0 0 
1 0.500633 0.176617 0.0492833 0.0107833 0.00221667 0.000466667 6.66667e-05 3.33333e-05 0 0 0 0 0 0 0 0 0 0 0 
1 0.499367 0.175467 0.0466667 0.01155 0.00298333 0.00075 0.0001 3.33333e-05 1.66667e-05 0 0 0 0 0 0 0 0 0 0 
1 0.498467 0.1749 0.0488333 0.0108833 0.00216667 0.000466667 6.66667e-05 1.66667e-05 0 0 0 0 0 0 0 0 0 0 0 
1 0.499 0.1748 0.0472333 0.0108833 0.0024 0.0005 5e-05 0 0 0 0 0 0 0 0 0 0 0 0 
1 0.4974 0.178233 0.0494333 0.0120833 0.00283333 0.000466667 1.66667e-05 1.66667e-05 0 0 0 0 0 0 0 0 0 0 0 
1 0.502933 0.178117 0.0489 0.0111667 0.00245 0.0006 0.000116667 1.66667e-05 0 0 0 0 0 0 0 0 0 0 0 
1 0.498133 0.177217 0.04805 0.0112167 0.00231667 0.000566667 0.000133333 3.33333e-05 0 0 0 0 0 0 0 0 0 0 0 
1 0.495667 0.1741 0.0480833 0.0113167 0.00255 0.000466667 8.33333e-05 0 0 0 0 0 0 0 0 0 0 0 0 
1 0.498617 0.175367 0.0476667 0.01135 0.00271667 0.00085 0.00015 3.33333e-05 2.54741e-17 0 0 0 0 0 0 0 0 0 0 
1 0.501917 0.176683 0.04745 0.0110667 0.00221667 0.0004 0.000133333 3.33333e-05 0 0 0 0 0 0 0 0 0 0 0 
1 0.500983 0.178167 0.0488333 0.0114167 0.00211667 0.0003 3.33333e-05 1.66667e-05 0 0 0 0 0 0 0 0 0 0 0 
1 0.49995 0.1765 0.04765 0.0111333 0.00245 0.000466667 5e-05 1.66667e-05 0 0 0 0 0 0 0 0 0 0 0 
1 0.502183 0.177233 0.0488667 0.0116167 0.00255 0.000533333 0.000133333 1.66667e-05 0 0 0 0 0 0 0 0 0 0 0 
1 0.5017 0.17485 0.0455333 0.0107167 0.00226667 0.0005 0.00015 1.66667e-05 0 0 0 0 0 0 0 0 0 0 0 
1 0.50285 0.1768 0.0496 0.0107 0.00203333 0.000466667 6.66667e-05 1.66667e-05 0 0 0 0 0 0 0 0 0 0 0 
1 0.493433 0.171933 0.0458333 0.0108 0.00208333 0.0004 0.000116667 0 0 0 0 0 0 0 0 0 0 0 0 
1 0.499217 0.174967 0.0473833 0.0121167 0.0026 0.000683333 0.0001 0 0 0 0 0 0 0 0 0 0 0 0 
1 0.497433 0.1758 0.0494833 0.01265 0.00296667 0.000433333 8.33333e-05 3.33333e-05 3.33333e-05 0 0 0 0 0 0 0 0 0 0 
1 0.498967 0.1734 0.0464 0.0104667 0.00191667 0.000483333 0.00015 1.66667e-05 0 0 0 0 0 0 0 0 0 0 0 
1 0.500933 0.177433 0.0481333 0.01145 0.00268333 0.000416667 6.66667e-05 1.66667e-05 1.66667e-05 0 0 0 0 0 0 0 0 0 0 
1 0.498767 0.1771 0.0492833 0.0111167 0.00238333 0.000466667 3.33333e-05 0 0 0 0 0 0 0 0 0 0 0 0 
1 0.502217 0.176617 0.04775 0.0120333 0.00265 0.0006 0.00015 5e-05 3.33333e-05 0 0 0 0 0 0 0 0 0 0 
1 0.497583 0.174583 0.0479 0.0107833 0.00221667 0.000466667 6.66667e-05 0 0 0 0 0 0 0 0 0 0 0 0 
1 0.499017 0.17575 0.0477833 0.0108 0.00241667 0.000583333 0.000133333 3.33333e-05 1.66667e-05 0 0 0 0 0 0 0 0 0 0 
1 0.498533 0.174917 0.04925 0.0114333 0.0024 0.0005 8.33333e-05 1.66667e-05 0 0 0 0 0 0 0 0 0 0 0 
1 0.49865 0.177667 0.0489667 0.0116667 0.00236667 0.00045 0.0001 1.66667e-05 0 0 0 0 0 0 0 0 0 0 0 
1 0.501433 0.177733 0.04845 0.0110667 0.00256667 0.000433333 5e-05 0 0 0 0 0 0 0 0 0 0 0 0 
1 0.49675 0.17715 0.0499333 0.0115167 0.00233333 0.000516667 8.33333e-05 5e-05 1.66667e-05 0 0 0 0 0 0 0 0 0 0 
1 0.504633 0.178933 0.0485333 0.01075 0.0023 0.000466667 8.33333e-05 3.33333e-05 1.66667e-05 0 0 0 0 0 0 0 0 0 0 
1 0.5025 0.1779 0.0480167 0.01145 0.0024 0.00055 0.000116667 3.33333e-05 0 0 0 0 0 0 0 0 0 0 0 
