0
20 100
1 0.55041 0.17637 0.02368 0.0011825 4.25e-05 0 0 0 0 0 0 0 0 0 0 0 0 0 0 
1 0.54965 0.17553 0.023855 0.0013 4.5e-05 0 0 0 0 0 0 0 0 0 0 0 0 0 0 
1 0.54802 0.174595 0.0235075 0.001325 4.5e-05 2.5e-06 0 0 0 0 0 0 0 0 0 0 0 0 0 
1 0.548992 0.176015 0.0241825 0.0013675 4e-05 5e-06 0 0 0 0 0 0 0 0 0 0 0 0 0 
1 0.55025 0.175732 0.0237725 0.001295 5.25e-05 0 0 0 0 0 0 0 0 0 0 0 0 0 0 
1 0.549262 0.174952 0.0236225 0.0011575 2.75e-05 0 0 0 0 0 0 0 0 0 0 0 0 0 0 
1 0.5483 0.174392 0.023355 0.0011725 3.5e-05 2.5e-06 0 0 0 0 0 0 0 0 0 0 0 0 0 
1 0.55025 0.175852 0.0238125 0.001265 3.25e-05 0 0 0 0 0 0 0 0 0 0 0 0 0 0 
1 0.550275 0.175585 0.0237875 0.0013 4.25e-05 2.5e-06 0 0 0 0 0 0 0 0 0 0 0 0 0 
1 0.549105 0.1746 0.023245 0.0012125 4e-05 2.5e-06 0 0 0 0 0 0 0 0 0 0 0 0 0 
1 0.548647 0.175205 0.02316 0.0011575 3e-05 0 0 0 0 0 0 0 0 0 0 0 0 0 0 
1 0.552187 0.176982 0.023745 0.001345 5e-05 2.5e-06 0 0 0 0 0 0 0 0 0 0 0 0 0 
1 0.550575 0.177085 0.024535 0.00136 4.5e-05 0 0 0 0 0 0 0 0 0 0 0 0 0 0 
1 0.55001 0.175562 0.02413 0.0012825 3.75e-05 0 0 0 0 0 0 0 0 0 0 0 0 0 0 
1 0.55071 0.176577 0.0243725 0.001375 4.75e-05 0 0 0 0 0 0 0 0 0 0 0 0 0 0 
1 0.551137 0.176605 0.024035 0.001365 3.25e-05 0 0 0 0 0 0 0 0 0 0 0 0 0 0 
1 0.547587 0.173427 0.023565 0.0013675 4.5e-05 5e-06 0 0 0 0 0 0 0 0 0 0 0 0 0 
1 0.550247 0.175377 0.0234675 0.00139 5.75e-05 0 0 0 0 0 0 0 0 0 0 0 0 0 0 
1 0.549667 0.176025 0.0240225 0.00137 4.75e-05 2.5e-06 0 0 0 0 0 0 0 0 0 0 0 0 0 
1 0.54989 0.174057 0.0237275 0.001255 3.25e-05 0 0 0 0 0 0 0 0 0 0 0 0 0 0 
1 0.552172 0.178102 0.02479 0.0012975 5e-05 1.25e-05 0 0 0 0 0 0 0 0 0 0 0 0 0 
1 0.54764 0.17324 0.02307 0.00119 4.25e-05 2.5e-06 0 0 0 0 0 0 0 0 0 0 0 0 0 
1 0.549562 0.173577 0.024045 0.0013225 6.75e-05 2.5e-06 0 0 0 0 0 0 0 0 0 0 0 0 0 
1 0.550655 0.175892 0.02399 0.0013 4e-05 0 0 0 0 0 0 0 0 0 0 0 0 0 0 
1 0.55062 0.175955 0.0239875 0.001305 4.25e-05 0 0 0 0 0 0 0 0 0 0 0 0 0 0 
1 0.55093 0.17639 0.024105 0.001405 2.5e-05 0 0 0 0 0 0 0 0 0 0 0 0 0 0 
1 0.549032 0.174127 0.02345 0.001215 3.25e-05 0 0 0 0 0 0 0 0 0 0 0 0 0 0 
1 0.547687 0.175047 0.023965 0.0012 3.5e-05 2.5e-06 0 0 0 0 0 0 0 0 0 0 0 0 0 
1 0.551267 0.176812 0.02402 0.00123 4.5e-05 0 0 0 0 0 0 0 0 0 0 0 0 0 0 
1 0.55003 0.174047 0.0231975 0.0010875 3.75e-05 0 0 0 0 0 0 0 0 0 0 0 0 0 0 
1 0.549228 0.17507 0.0235525 0.001345 5e-05 0 0 0 0 0 0 0 0 0 0 0 0 0 0 
1 0.55054 0.175497 0.0238875 0.001455 5e-05 2.5e-06 0 0 0 0 0 0 0 0 0 0 0 0 0 
1 0.549647 0.17483 0.02357 0.001225 3.25e-05 0 0 0 0 0 0 0 0 0 0 0 0 0 0 
1 0.550485 0.17588 0.02385 0.001295 4.25e-05 0 0 0 0 0 0 0 0 0 0 0 0 0 0 
1 0.54961 0.174422 0.023835 0.0013025 4.5e-05 2.5e-06 0 0 0 0 0 0 0 0 0 0 0 0 0 
1 0.548955 0.175572 0.0237875 0.0012825 3.75e-05 2.5e-06 0 0 0 0 0 0 0 0 0 0 0 0 0 
1 0.55019 0.176987 0.024595 0.00146 4.25e-05 2.5e-06 0 0 0 0 0 0 0 0 0 0 0 0 0 
1 0.550122 0.175232 0.0236025 0.00124 2.25e-05 0 0 0 0 0 0 0 0 0 0 0 0 0 0 
1 0.550772 0.175902 0.0245175 0.00142 5.25e-05 0 0 0 0 0 0 0 0 0 0 0 0 0 0 
1 0.548572 0.174902 0.0233975 0.001185 4e-05 0 0 0 0 0 0 0 0 0 0 0 0 0 0 
1 0.550352 0.176357 0.02412 0.00137 5.25e-05 0 0 0 0 0 0 0 0 0 0 0 0 0 0 
1 0.551047 0.176617 0.0245075 0.001305 5.5e-05 5e-06 0 0 0 0 0 0 0 0 0 0 0 0 0 
1 0.549225 0.176067 0.02381 0.0013075 3e-05 0 0 0 0 0 0 0 0 0 0 0 0 0 0 
1 0.548557 0.1741 0.0234375 0.00126 4.25e-05 0 0 0 0 0 0 0 0 0 0 0 0 0 0 
1 0.548815 0.173937 0.023555 0.00134 3.5e-05 2.5e-06 2.5e-06 0 0 0 0 0 0 0 0 0 0 0 0 
1 0.549767 0.176025 0.0244225 0.001315 4e-05 0 0 0 0 0 0 0 0 0 0 0 0 0 0 
1 0.55033 0.1755 0.023895 0.0012675 5.25e-05 0 0 0 0 0 0 0 0 0 0 0 0 0 0 
1 0.550627 0.17661 0.023545 0.0013425 4.75e-05 0 0 0 0 0 0 0 0 0 0 0 0 0 0 
1 0.550615 0.176317 0.02386 0.001245 4.5e-05 0 0 0 0 0 0 0 0 0 0 0 0 0 0 
1 0.549597 0.174645 0.02369 0.001285 3.25e-05 0 0 0 0 0 0 0 0 0 0 0 0 0 0 
1 0.549865 0.17509 0.023395 0.0011925 2.25e-05 0 0 0 0 0 0 0 0 0 0 0 0 0 0 
1 0.550795 0.177175 0.0240675 0.0013675 3.5e-05 0 0 0 0 0 0 0 0 0 0 0 0 0 0 
1 0.551087 0.175977 0.0241775 0.00127 3e-05 0 0 0 0 0 0 0 0 0 0 0 0 0 0 
1 0.549882 0.176312 0.023675 0.00127 3.5e-05 0 0 0 0 0 0 0 0 0 0 0 0 0 0 
1 0.549952 0.176192 0.0232225 0.001205 2.75e-05 0 0 0 0 0 0 0 0 0 0 0 0 0 0 
1 0.55046 0.175937 0.024115 0.0012825 3.5e-05 2.5e-06 0 0 0 0 0 0 0 0 0 0 0 0 0 
1 0.549732 0.174572 0.0237425 0.00133 4.5e-05 0 0 0 0 0 0 0 0 0 0 0 0 0 0 
1 0.549675 0.1748 0.02408 0.0013575 3.25e-05 2.5e-06 0 0 0 0 0 0 0 0 0 0 0 0 0 
1 0.549667 0.173762 0.023255 0.0011975 3.75e-05 2.5e-06 0 0 0 0 0 0 0 0 0 0 0 0 0 
1 0.550895 0.177607 0.0246 0.0013175 5.25e-05 5e-06 0 0 0 0 0 0 0 0 0 0 0 0 0 
1 0.550597 0.175567 0.02355 0.0013675 4.75e-05 2.5e-06 0 0 0 0 0 0 0 0 0 0 0 0 0 
1 0.55068 0.176882 0.0240575 0.0012975 6.25e-05 2.5e-06 0 0 0 0 0 0 0 0 0 0 0 0 0 
1 0.55083 0.176695 0.02411 0.001235 4.25e-05 0 0 0 0 0 0 0 0 0 0 0 0 0 0 
1 0.550442 0.175117 0.02416 0.0012225 4.75e-05 2.5e-06 0 0 0 0 0 0 0 0 0 0 0 0 0 
1 0.551378 0.177485 0.02438 0.0013375 5.75e-05 0 0 0 0 0 0 0 0 0 0 0 0 0 0 
1 0.548732 0.175432 0.0237775 0.0013125 4.5e-05 0 0 0 0 0 0 0 0 0 0 0 0 0 0 
1 0.5515 0.17704 0.023965 0.0012675 3.25e-05 0 0 0 0 0 0 0 0 0 0 0 0 0 0 
1 0.549182 0.174355 0.0239375 0.001225 3e-05 0 0 0 0 0 0 0 0 0 0 0 0 0 0 
1 0.54839 0.174385 0.023445 0.0014075 4.5e-05 5e-06 0 0 0 0 0 0 0 0 0 0 0 0 0 
1 0.548952 0.174862 0.02321 0.0012325 4.25e-05 5e-06 0 0 0 0 0 0 0 0 0 0 0 0 0 
1 0.550722 0.17538 0.0238975 0.001215 3e-05 0 0 0 0 0 0 0 0 0 0 0 0 0 0 
1 0.55099 0.176857 0.0238475 0.0011625 4.5e-05 5e-06 0 0 0 0 0 0 0 0 0 0 0 0 0 
1 0.5487 0.174355 0.0233175 0.001215 3.75e-05 2.5e-06 0 0 0 0 0 0 0 0 0 0 0 0 0 
1 0.549502 0.175477 0.02361 0.001305 6.5e-05 0 0 0 0 0 0 0 0 0 0 0 0 0 0 
1 0.55089 0.17571 0.02404 0.00132 3e-05 0 0 0 0 0 0 0 0 0 0 0 0 0 0 
1 0.550522 0.17475 0.023415 0.001335 2.5e-05 0 0 0 0 0 0 0 0 0 0 0 0 0 0 
1 0.548692 0.174235 0.0233 0.0012075 3e-05 0 0 0 0 0 0 0 0 0 0 0 0 0 0 
1 0.550037 0.175785 0.02419 0.00143 4.75e-05 0 0 0 0 0 0 0 0 0 0 0 0 0 0 
1 0.549372 0.175452 0.02409 0.0012825 3.25e-05 2.5e-06 0 0 0 0 0 0 0 0 0 0 0 0 0 
1 0.54954 0.17533 0.0233675 0.001185 3.25e-05 0 0 0 0 0 0 0 0 0 0 0 0 0 0 
1 0.551678 0.175825 0.02396 0.0012375 3.5e-05 0 0 0 0 0 0 0 0 0 0 0 0 0 0 
1 0.551085 0.176187 0.0241475 0.0013025 4.25e-05 2.5e-06 0 0 0 0 0 0 0 0 0 0 0 0 0 
1 0.548502 0.17548 0.02423 0.001305 3.75e-05 0 0 0 0 0 0 0 0 0 0 0 0 0 0 
1 0.551445 0.176985 0.024115 0.001405 3.5e-05 0 0 0 0 0 0 0 0 0 0 0 0 0 0 
1 0.54964 0.174765 0.0234575 0.001375 2.75e-05 2.5e-06 0 0 0 0 0 0 0 0 0 0 0 0 0 
1 0.550185 0.176297 0.02375 0.0012825 4.25e-05 0 0 0 0 0 0 0 0 0 0 0 0 0 0 
1 0.549592 0.174892 0.0243125 0.001355 4e-05 0 0 0 0 0 0 0 0 0 0 0 0 0 0 
1 0.550977 0.176462 0.0238675 0.0012575 4e-05 2.5e-06 0 0 0 0 0 0 0 0 0 0 0 0 0 
1 0.551195 0.17596 0.02388 0.0013375 3.5e-05 0 0 0 0 0 0 0 0 0 0 0 0 0 0 
1 0.550035 0.177435 0.0242475 0.0012825 3.75e-05 0 0 0 0 0 0 0 0 0 0 0 0 0 0 
1 0.550727 0.176415 0.0237375 0.001245 4e-05 0 0 0 0 0 0 0 0 0 0 0 0 0 0 
1 0.55023 0.174575 0.02353 0.0012725 3e-05 0 0 0 0 0 0 0 0 0 0 0 0 0 0 
1 0.55105 0.176877 0.024115 0.0011475 3e-05 0 0 0 0 0 0 0 0 0 0 0 0 0 0 
1 0.551237 0.17547 0.0244275 0.001245 2.75e-05 0 0 0 0 0 0 0 0 0 0 0 0 0 0 
1 0.550645 0.175937 0.02362 0.00133 5.25e-05 0 0 0 0 0 0 0 0 0 0 0 0 0 0 
1 0.549637 0.175032 0.0233925 0.0012125 4.75e-05 0 0 0 0 0 0 0 0 0 0 0 0 0 0 
1 0.549775 0.17575 0.0236 0.001295 6.25e-05 0 0 0 0 0 0 0 0 0 0 0 0 0 0 
1 0.551955 0.176982 0.02389 0.001305 5.5e-05 0 0 0 0 0 0 0 0 0 0 0 0 0 0 
1 0.55018 0.175732 0.0243025 0.001325 4.75e-05 0 0 0 0 0 0 0 0 0 0 0 0 0 0 
1 0.54901 0.174892 0.0234975 0.00134 4.5e-05 2.5e-06 0 0 0 0 0 0 0 0 0 0 0 0 0 
