1 0.990768 0.9728 0.940675 0.884548 0.799788 0.689025 0.567657 0.448018 0.342203 0.255925 0.188587 0.137783 0.09852 0.0702367 0.0508667 0.0373017 0.0263817 0.0170633 0.00984167 
1 0.990558 0.972297 0.93775 0.878925 0.789097 0.671967 0.5426 0.417738 0.30872 0.219153 0.15073 0.101192 0.066645 0.0433633 0.0279933 0.0175283 0.0102017 0.00525333 0.00198333 
1 0.989812 0.970098 0.933948 0.872105 0.779638 0.662725 0.536982 0.41847 0.318463 0.240727 0.183805 0.141323 0.11078 0.0879317 0.0685567 0.0512817 0.0363217 0.0242017 0.0150483 
1 0.992187 0.97746 0.949882 0.902032 0.828392 0.729317 0.61523 0.502817 0.403117 0.32011 0.250605 0.191503 0.141542 0.0995933 0.0657533 0.04032 0.024235 0.0154317 0.0106717 
1 0.989035 0.967738 0.928992 0.865183 0.769848 0.648643 0.514245 0.383992 0.270865 0.18025 0.11266 0.065255 0.0362333 0.019795 0.0107167 0.00555333 0.00237167 0.000721667 0.000106667 
1 0.989783 0.970198 0.933538 0.873732 0.78339 0.670035 0.54891 0.434218 0.335445 0.253815 0.187183 0.135287 0.096665 0.06997 0.05152 0.03751 0.0263867 0.0175833 0.0108833 
1 0.987437 0.96289 0.918833 0.846947 0.74253 0.615845 0.486698 0.37109 0.276725 0.205393 0.152947 0.115312 0.08889 0.0712883 0.0603383 0.0537133 0.0493833 0.045835 0.0420333 
1 0.990457 0.972133 0.938625 0.880952 0.79202 0.674853 0.54779 0.429763 0.333132 0.258373 0.20187 0.157183 0.119588 0.0870433 0.05998 0.038495 0.0234717 0.0135817 0.00716833 
1 0.991582 0.975002 0.945213 0.894692 0.818063 0.717765 0.610005 0.509507 0.42262 0.348423 0.28497 0.23129 0.1868 0.150808 0.11988 0.0902767 0.0621433 0.0374983 0.019475 
1 0.988672 0.967097 0.92747 0.861193 0.761853 0.637515 0.504397 0.383432 0.28401 0.204653 0.142372 0.0949583 0.0598367 0.035025 0.018125 0.00828167 0.00328667 0.00112667 0.000238333 
1 0.985815 0.959278 0.911527 0.830743 0.713318 0.569422 0.424602 0.300837 0.205605 0.138758 0.0953267 0.0678917 0.049165 0.035115 0.0244133 0.0162083 0.0105983 0.00624833 0.00303333 
1 0.992272 0.97797 0.951105 0.905113 0.836097 0.746582 0.647853 0.550685 0.464405 0.394163 0.338587 0.29633 0.263967 0.239037 0.219443 0.203397 0.188875 0.17556 0.162847 
1 0.98947 0.969317 0.933142 0.872135 0.782855 0.670298 0.548722 0.429127 0.324063 0.239862 0.174765 0.125242 0.08932 0.0653617 0.049295 0.0374183 0.02815 0.0202967 0.0139467 
1 0.990608 0.972547 0.939053 0.881547 0.794042 0.681725 0.561108 0.448998 0.354532 0.276465 0.212443 0.158495 0.11363 0.07847 0.0514217 0.031305 0.0180883 0.00978667 0.00476667 
1 0.991105 0.974007 0.941687 0.886245 0.80096 0.690408 0.571215 0.460773 0.367318 0.287373 0.217663 0.158008 0.11112 0.0751667 0.047745 0.02838 0.01565 0.00834833 0.00403333 
1 0.990087 0.97082 0.935183 0.874705 0.783493 0.664195 0.536008 0.416088 0.314418 0.231807 0.165472 0.113463 0.07426 0.045945 0.02688 0.0137433 0.00598333 0.00210167 0.000573333 
1 0.990922 0.973312 0.940783 0.886132 0.803162 0.69621 0.578742 0.466485 0.365707 0.280257 0.209967 0.153255 0.107962 0.0728167 0.0461383 0.0267483 0.0142667 0.00727 0.0037 
1 0.988855 0.967403 0.928907 0.862628 0.76382 0.63706 0.497945 0.366558 0.25729 0.172433 0.111245 0.0694883 0.043085 0.02722 0.0179 0.0117517 0.00741 0.00412167 0.00178333 
1 0.990228 0.971783 0.938083 0.880973 0.795597 0.683485 0.556878 0.433305 0.32789 0.244197 0.182728 0.13891 0.1079 0.0856083 0.0680017 0.0532767 0.039945 0.0287267 0.0204267 
1 0.990408 0.971492 0.937368 0.879695 0.794192 0.682743 0.558552 0.435722 0.325557 0.233488 0.162708 0.110655 0.07435 0.0508517 0.0358183 0.0251567 0.0171583 0.0108017 0.00588 
1 0.990468 0.97205 0.938378 0.881405 0.795277 0.68155 0.554583 0.430697 0.320128 0.226767 0.154635 0.102895 0.0680767 0.04624 0.0320467 0.021935 0.014215 0.00810333 0.003905 
1 0.99154 0.975153 0.94526 0.893763 0.814198 0.706995 0.585497 0.465292 0.357967 0.267003 0.193995 0.139278 0.10054 0.073415 0.0536667 0.0392833 0.0285083 0.02028 0.01358 
1 0.992268 0.977523 0.949855 0.902792 0.83063 0.736607 0.63265 0.535012 0.449707 0.375468 0.308735 0.249265 0.1975 0.153728 0.116437 0.0857933 0.0620067 0.0426733 0.0275633 
1 0.992243 0.97684 0.948572 0.902043 0.831237 0.738167 0.628525 0.510937 0.39737 0.297965 0.221043 0.162793 0.11826 0.082345 0.0534483 0.0318433 0.0166033 0.00696333 0.002315 
1 0.990097 0.971345 0.93689 0.878643 0.789353 0.674483 0.546917 0.421892 0.313203 0.228345 0.16661 0.120897 0.08813 0.06621 0.0522117 0.04323 0.0376067 0.0336667 0.0306233 
1 0.990857 0.973062 0.94016 0.884622 0.79896 0.687065 0.562055 0.442045 0.342052 0.265887 0.211572 0.172693 0.142382 0.116987 0.0943083 0.0728983 0.05301 0.0361333 0.023 
1 0.989593 0.9704 0.934893 0.874078 0.785328 0.67631 0.564968 0.464373 0.378115 0.303563 0.238937 0.183033 0.136218 0.0984067 0.0683067 0.04515 0.0282967 0.01659 0.00932667 
1 0.99125 0.973953 0.942035 0.886015 0.798915 0.683093 0.551013 0.423572 0.309823 0.21895 0.152833 0.107977 0.0772283 0.0553933 0.039605 0.02697 0.0168583 0.00970333 0.00502833 
1 0.989597 0.969227 0.932737 0.871145 0.779642 0.660133 0.527338 0.398825 0.288672 0.20473 0.144067 0.103018 0.0749383 0.0561667 0.042525 0.0311 0.0211183 0.012485 0.00682833 
1 0.991315 0.974363 0.943743 0.892977 0.815537 0.714153 0.600802 0.490337 0.389388 0.302983 0.232113 0.178987 0.141153 0.115395 0.098055 0.0857017 0.0756317 0.06768 0.0614267 
1 0.989392 0.96884 0.931545 0.867913 0.773932 0.654658 0.527503 0.412463 0.320475 0.251547 0.200272 0.161973 0.133882 0.113588 0.09902 0.0865233 0.0746817 0.0626067 0.0504883 
1 0.991945 0.976425 0.948077 0.89913 0.823725 0.723275 0.608885 0.496682 0.398272 0.315678 0.249727 0.19745 0.155632 0.123838 0.10035 0.0801383 0.0606467 0.04212 0.02616 
1 0.988052 0.965317 0.923897 0.854473 0.75239 0.625352 0.490562 0.365755 0.259668 0.176103 0.116952 0.077295 0.0510233 0.0330967 0.0213317 0.0131517 0.00708 0.00281333 0.000736667 
1 0.992528 0.977785 0.951023 0.90535 0.835235 0.741613 0.633332 0.525635 0.427602 0.344368 0.275657 0.219035 0.172197 0.132852 0.0983083 0.0690283 0.044775 0.026475 0.01427 
1 0.991825 0.975938 0.946885 0.897457 0.822193 0.723667 0.613257 0.503823 0.406982 0.325727 0.259778 0.205468 0.159627 0.121468 0.090755 0.0657933 0.0448567 0.028465 0.016165 
1 0.988997 0.968007 0.930137 0.86641 0.772822 0.652543 0.524365 0.407727 0.31271 0.24044 0.1855 0.143587 0.111435 0.0861067 0.0658183 0.050965 0.040685 0.0327617 0.0253433 
1 0.991985 0.97652 0.948213 0.899867 0.824473 0.724918 0.611118 0.498898 0.39404 0.301372 0.224783 0.16244 0.112035 0.072205 0.0424933 0.02174 0.00937 0.00353 0.001195 
1 0.990393 0.971248 0.936313 0.87654 0.785722 0.668398 0.540372 0.418602 0.317295 0.241095 0.18395 0.138895 0.101703 0.0713683 0.0476233 0.029825 0.0172183 0.00875833 0.00394667 
1 0.989733 0.970363 0.934865 0.873217 0.778555 0.652362 0.510747 0.374595 0.259993 0.171983 0.108483 0.0641283 0.034865 0.0182167 0.00929667 0.00444833 0.00192833 0.000568333 0.00012 
1 0.990983 0.974247 0.943397 0.890287 0.808372 0.700082 0.575867 0.454227 0.346803 0.260047 0.194445 0.145575 0.111063 0.0872333 0.06998 0.0570817 0.0476483 0.0405817 0.03433 
1 0.99102 0.9737 0.942843 0.89009 0.810125 0.706202 0.58907 0.477837 0.383373 0.307473 0.245727 0.19491 0.154045 0.123968 0.101415 0.0837 0.0701817 0.0589083 0.047925 
1 0.99358 0.981448 0.959003 0.921182 0.864862 0.79244 0.712463 0.633453 0.560135 0.491952 0.43057 0.377122 0.331193 0.291022 0.25523 0.22202 0.18953 0.158763 0.13049 
1 0.990632 0.97229 0.939183 0.88375 0.801183 0.69325 0.571352 0.450808 0.343572 0.256477 0.187025 0.134903 0.0969783 0.0702483 0.0500883 0.0337683 0.0202533 0.01062 0.00495833 
1 0.988922 0.9675 0.928708 0.863195 0.764385 0.638205 0.498412 0.369783 0.26709 0.18917 0.133262 0.095075 0.0685283 0.0497283 0.0359683 0.02542 0.01799 0.0136217 0.0107417 
1 0.990048 0.970915 0.935178 0.874945 0.783542 0.664292 0.532533 0.403473 0.28714 0.192573 0.12209 0.0728267 0.0409683 0.0210533 0.00945333 0.00353167 0.00096 0.000223333 4.16667e-05 
1 0.990157 0.971548 0.938005 0.880225 0.79564 0.689183 0.577123 0.474063 0.389565 0.322908 0.269193 0.224687 0.187405 0.15549 0.13016 0.10867 0.09106 0.076965 0.0647083 
1 0.988902 0.966942 0.927455 0.860092 0.759378 0.631765 0.495907 0.372087 0.27172 0.194777 0.136063 0.0917067 0.059795 0.0375067 0.02188 0.01194 0.006495 0.00361167 0.00178333 
1 0.989682 0.970402 0.935752 0.877438 0.790642 0.680903 0.564107 0.454613 0.356463 0.269078 0.191802 0.126963 0.0786717 0.0472167 0.0280883 0.0161817 0.00831833 0.00345 0.00101333 
1 0.988563 0.96651 0.926285 0.858642 0.758353 0.633177 0.50343 0.389332 0.30031 0.235537 0.18903 0.158265 0.137545 0.120863 0.105233 0.0905033 0.0759367 0.0618683 0.048405 
1 0.990438 0.97176 0.937732 0.879618 0.79227 0.678382 0.555178 0.439925 0.344778 0.268153 0.204458 0.152777 0.11245 0.0827933 0.0620283 0.0487617 0.0401633 0.0333733 0.0271517 
1 0.989177 0.96902 0.932487 0.869953 0.777003 0.659208 0.5348 0.420688 0.323657 0.245598 0.184393 0.140297 0.110522 0.0896733 0.07409 0.0620317 0.0527583 0.045915 0.0406633 
1 0.989055 0.968423 0.930553 0.868133 0.776913 0.665507 0.55136 0.448445 0.36116 0.289425 0.230817 0.181997 0.140702 0.107345 0.082375 0.0639733 0.050905 0.0417517 0.03413 
1 0.98933 0.969085 0.931847 0.868932 0.77412 0.65339 0.528067 0.415498 0.323902 0.252802 0.195853 0.150072 0.113443 0.08315 0.0584817 0.0379683 0.0222183 0.0112383 0.00477167 
1 0.988933 0.967743 0.928543 0.86288 0.764315 0.639717 0.505173 0.378648 0.272915 0.191213 0.129685 0.0830317 0.0498633 0.02872 0.0167067 0.00994167 0.00571167 0.00306667 0.00141667 
1 0.991568 0.97532 0.94522 0.893323 0.814095 0.710723 0.594765 0.48333 0.382892 0.296092 0.223245 0.164487 0.117855 0.0807783 0.0522733 0.0319883 0.01911 0.0114633 0.00706833 
1 0.989857 0.970568 0.935388 0.875557 0.784965 0.670063 0.544677 0.426338 0.324082 0.24073 0.174173 0.121267 0.080575 0.050855 0.0301783 0.017085 0.009335 0.00473333 0.00208 
1 0.99086 0.973428 0.940745 0.88669 0.805568 0.702633 0.590828 0.483383 0.3895 0.308438 0.239265 0.182195 0.136655 0.100262 0.07314 0.0525817 0.03709 0.0254683 0.016745 
1 0.990765 0.97284 0.94039 0.885537 0.802492 0.69585 0.57706 0.457883 0.350155 0.258853 0.186305 0.129203 0.08638 0.0565767 0.039285 0.0307733 0.0255283 0.0209733 0.0161783 
1 0.98955 0.969802 0.933235 0.871253 0.779913 0.665108 0.542313 0.42713 0.331017 0.256338 0.199052 0.15569 0.122273 0.0961717 0.0762833 0.0608883 0.0497 0.0415667 0.035125 
1 0.990353 0.971417 0.937542 0.879638 0.794625 0.686498 0.568862 0.458467 0.366545 0.294558 0.236677 0.18969 0.150732 0.11796 0.0910283 0.0682633 0.0495767 0.03414 0.0223967 
1 0.989523 0.969632 0.932763 0.87011 0.776815 0.65662 0.527495 0.41057 0.313482 0.23724 0.179273 0.135648 0.102255 0.0754983 0.0540433 0.0367883 0.0223933 0.0121333 0.00622833 
1 0.987633 0.964418 0.92215 0.852497 0.750307 0.622115 0.488572 0.36932 0.27302 0.198392 0.141425 0.0982917 0.0682617 0.049085 0.0370083 0.0283617 0.020475 0.013145 0.00689833 
1 0.989337 0.969298 0.932885 0.872057 0.782267 0.666263 0.537557 0.410967 0.299973 0.209953 0.13869 0.0844883 0.0481433 0.02591 0.0132133 0.00642333 0.00280167 0.000895 0.000145 
1 0.992127 0.976523 0.947495 0.897177 0.819863 0.71934 0.604923 0.489065 0.38114 0.285133 0.202577 0.138767 0.09236 0.0625133 0.0440133 0.0323517 0.02401 0.0173867 0.01156 
1 0.992302 0.97752 0.950463 0.90427 0.833192 0.738158 0.629567 0.518322 0.41453 0.323155 0.247383 0.187457 0.141772 0.106203 0.078355 0.0565717 0.0409583 0.0309567 0.0250583 
1 0.990283 0.971647 0.93724 0.879248 0.792922 0.682078 0.55929 0.438923 0.329792 0.238932 0.165365 0.108268 0.0657917 0.0375317 0.0210683 0.0111917 0.00523333 0.00212833 0.000543333 
1 0.991162 0.97431 0.943247 0.890595 0.811915 0.709515 0.595008 0.482955 0.382653 0.298017 0.226948 0.16899 0.124382 0.0919767 0.0693767 0.05398 0.042115 0.0308567 0.0205433 
1 0.989718 0.969347 0.932407 0.869403 0.775257 0.654678 0.524272 0.40242 0.300192 0.221282 0.16277 0.11978 0.0887767 0.065695 0.0476617 0.033205 0.0219033 0.01398 0.009515 
1 0.989717 0.970482 0.93461 0.873272 0.78082 0.662788 0.533213 0.407688 0.294932 0.201903 0.128227 0.0740683 0.0370717 0.01597 0.00565167 0.00154333 0.000278333 1.83333e-05 0 
1 0.990298 0.971415 0.936717 0.8778 0.78798 0.670097 0.536717 0.405582 0.288647 0.193963 0.12288 0.0732817 0.0401083 0.0193217 0.00770333 0.002435 0.000533333 9.5e-05 1.66667e-05 
1 0.992622 0.978425 0.952023 0.907817 0.840947 0.75294 0.654782 0.557675 0.468167 0.391087 0.329953 0.28469 0.252638 0.228483 0.207157 0.185923 0.163258 0.139252 0.114017 
1 0.990687 0.972038 0.938448 0.881075 0.79524 0.686417 0.567237 0.44984 0.342833 0.251143 0.176165 0.119432 0.0805217 0.05375 0.0356083 0.023065 0.0138967 0.00750167 0.00354 
1 0.988605 0.96669 0.926042 0.856225 0.750388 0.615885 0.472943 0.342895 0.239237 0.16427 0.11483 0.0823433 0.0595367 0.042065 0.0292767 0.0205867 0.0143233 0.0101017 0.00682 
1 0.99067 0.972608 0.939372 0.881862 0.791258 0.669093 0.529758 0.39464 0.27907 0.188478 0.121478 0.075255 0.043525 0.02293 0.0104583 0.00344167 0.000773333 0.00014 1.5e-05 
1 0.990642 0.972575 0.939502 0.88407 0.799853 0.692118 0.575848 0.467503 0.374002 0.29787 0.23685 0.189418 0.153055 0.12681 0.1077 0.092945 0.07996 0.0675367 0.0560917 
1 0.988757 0.967362 0.927627 0.861978 0.764195 0.640585 0.505775 0.376828 0.265058 0.1768 0.114132 0.0731717 0.04846 0.034045 0.0259683 0.0212917 0.0187333 0.0171983 0.0159833 
1 0.992303 0.977547 0.950748 0.906067 0.838597 0.7523 0.657192 0.565973 0.485895 0.415167 0.350528 0.292293 0.238825 0.191908 0.151112 0.115773 0.0839233 0.0556983 0.03411 
1 0.986272 0.959943 0.911908 0.831615 0.714207 0.567063 0.413675 0.281365 0.1836 0.119628 0.0793633 0.0516767 0.0317417 0.0176517 0.00815333 0.003025 0.000728333 9.16667e-05 1.33333e-05 
1 0.989378 0.968913 0.93055 0.866233 0.766293 0.637933 0.501393 0.37837 0.279477 0.205665 0.15285 0.113335 0.0817433 0.0560983 0.03633 0.0223717 0.0131717 0.00747 0.00428833 
1 0.991965 0.97683 0.948287 0.898892 0.822102 0.71661 0.593588 0.468027 0.35625 0.266663 0.20124 0.154677 0.121927 0.0993083 0.0830733 0.0700333 0.0590183 0.049265 0.04076 
1 0.99038 0.972337 0.938577 0.881338 0.795105 0.683782 0.560918 0.441937 0.340332 0.26148 0.201125 0.155597 0.121407 0.096945 0.079855 0.0676917 0.0587683 0.052345 0.0478783 
1 0.990875 0.973692 0.942893 0.891493 0.815135 0.719467 0.615537 0.516865 0.429368 0.358985 0.3043 0.263102 0.231293 0.205868 0.183037 0.160565 0.136588 0.111438 0.0866233 
1 0.990717 0.972967 0.941005 0.88649 0.802313 0.68995 0.564338 0.44245 0.335607 0.249885 0.18551 0.139862 0.107367 0.0830917 0.0654633 0.05234 0.0421 0.033945 0.0277733 
1 0.9888 0.96752 0.927632 0.85783 0.754007 0.619945 0.477632 0.346947 0.239365 0.157082 0.0983967 0.0600333 0.0372867 0.02344 0.014945 0.00915333 0.00540667 0.002975 0.00145167 
1 0.989543 0.969147 0.932122 0.86894 0.77368 0.650347 0.514377 0.387428 0.2808 0.197513 0.134863 0.0888733 0.0566333 0.0356333 0.0224417 0.0141633 0.008735 0.00524833 0.00270333 
1 0.98948 0.96927 0.932297 0.869253 0.774367 0.654353 0.524202 0.40335 0.303425 0.22673 0.169615 0.12811 0.0986933 0.076935 0.060605 0.04809 0.0393067 0.0341533 0.0315117 
1 0.988387 0.966315 0.925972 0.857933 0.756775 0.629302 0.4934 0.370953 0.269372 0.188992 0.127195 0.08111 0.0487583 0.02809 0.01616 0.00915833 0.00460667 0.00201333 0.00071 
1 0.991405 0.974432 0.943568 0.890173 0.809245 0.700527 0.576812 0.454463 0.344787 0.250945 0.175767 0.119175 0.0793983 0.0520733 0.0329667 0.02045 0.013055 0.00825333 0.00452167 
1 0.991123 0.97427 0.94245 0.888782 0.807585 0.70156 0.582787 0.463252 0.354958 0.262698 0.188267 0.130645 0.0892 0.0602867 0.04115 0.0285083 0.019285 0.0120633 0.00618333 
1 0.989193 0.96863 0.931288 0.867768 0.772665 0.648175 0.510962 0.382737 0.274182 0.188592 0.125092 0.0804433 0.0510883 0.0320133 0.0200317 0.0126367 0.00775167 0.004205 0.00188333 
1 0.99055 0.972027 0.938775 0.882882 0.800268 0.695058 0.580618 0.469975 0.371407 0.28802 0.219568 0.163495 0.118217 0.0837867 0.0588733 0.041035 0.0278483 0.017085 0.008825 
1 0.989357 0.968477 0.930302 0.866555 0.77139 0.651772 0.525308 0.409292 0.314707 0.242528 0.19129 0.153108 0.12309 0.0972117 0.0750017 0.054965 0.0382267 0.0250183 0.0146783 
1 0.99049 0.972568 0.93971 0.885873 0.807593 0.707328 0.596847 0.488922 0.39052 0.303847 0.229812 0.166593 0.116795 0.0813517 0.0561833 0.03734 0.0228267 0.0125383 0.00604167 
1 0.98918 0.968888 0.931152 0.866347 0.76803 0.637785 0.491867 0.355132 0.24077 0.1556 0.0963283 0.0578233 0.0334267 0.0177033 0.00781833 0.00243833 0.00044 3.83333e-05 9.71445e-17 
1 0.990705 0.973095 0.941023 0.886473 0.80369 0.695987 0.574502 0.456193 0.355365 0.277343 0.220837 0.179987 0.149968 0.127605 0.111412 0.0979583 0.08543 0.0738567 0.0641867 
1 0.98907 0.968143 0.929948 0.865887 0.770425 0.648315 0.517492 0.397133 0.2965 0.219053 0.161007 0.116843 0.083945 0.0600433 0.0411883 0.0261067 0.0144617 0.006635 0.00249667 
1 0.989552 0.969703 0.932485 0.869278 0.774062 0.652362 0.519023 0.39199 0.284068 0.201035 0.142055 0.0994467 0.0661583 0.04087 0.0231733 0.0125517 0.006495 0.00305167 0.00101 
1 0.988945 0.967462 0.927665 0.85985 0.75695 0.623582 0.47563 0.334518 0.216777 0.131152 0.07783 0.0480933 0.0315433 0.0208517 0.0125617 0.00636833 0.00243333 0.000611667 0.000103333 
1 0.989495 0.969558 0.932572 0.87013 0.77727 0.659078 0.532817 0.414123 0.314712 0.236845 0.179362 0.135808 0.102352 0.0778367 0.05986 0.0475617 0.0386033 0.0321467 0.0271833 
1 0.990408 0.97236 0.939457 0.88387 0.800892 0.695685 0.582817 0.475568 0.378777 0.292912 0.217265 0.15554 0.109732 0.0780317 0.0557067 0.0401683 0.0299533 0.0230733 0.0182333 
