1 0.550598 0.171213 0.019145 0.000517 2e-06 0 0 0 0 0 0 0 0 0 0 0 0 0 0 
1 0.548992 0.168769 0.018319 0.000512 1.2e-05 0 0 0 0 0 0 0 0 0 0 0 0 0 0 
1 0.550602 0.171766 0.018984 0.000491 1e-06 0 0 0 0 0 0 0 0 0 0 0 0 0 0 
1 0.549008 0.169107 0.018511 0.000498 4e-06 0 0 0 0 0 0 0 0 0 0 0 0 0 0 
1 0.549833 0.169998 0.018736 0.000514 5e-06 0 0 0 0 0 0 0 0 0 0 0 0 0 0 
1 0.551272 0.171882 0.018847 0.000502 2e-06 0 0 0 0 0 0 0 0 0 0 0 0 0 0 
1 0.549388 0.168817 0.018238 0.000475 3e-06 0 0 0 0 0 0 0 0 0 0 0 0 0 0 
1 0.55022 0.169272 0.018445 0.00046 5e-06 0 0 0 0 0 0 0 0 0 0 0 0 0 0 
1 0.549894 0.170234 0.018978 0.000501 7e-06 0 0 0 0 0 0 0 0 0 0 0 0 0 0 
1 0.549863 0.170591 0.018778 0.000505 4e-06 0 0 0 0 0 0 0 0 0 0 0 0 0 0 
1 0.551089 0.170545 0.018906 0.00055 4e-06 0 0 0 0 0 0 0 0 0 0 0 0 0 0 
1 0.549217 0.17025 0.018621 0.000486 5e-06 0 0 0 0 0 0 0 0 0 0 0 0 0 0 
1 0.551577 0.172611 0.019153 0.000557 5e-06 0 0 0 0 0 0 0 0 0 0 0 0 0 0 
1 0.548251 0.168223 0.018372 0.000482 3e-06 0 0 0 0 0 0 0 0 0 0 0 0 0 0 
1 0.549588 0.170148 0.018753 0.000501 2e-06 0 0 0 0 0 0 0 0 0 0 0 0 0 0 
1 0.550268 0.17048 0.018176 0.000477 5e-06 0 0 0 0 0 0 0 0 0 0 0 0 0 0 
1 0.548553 0.169781 0.018407 0.000497 6e-06 0 0 0 0 0 0 0 0 0 0 0 0 0 0 
1 0.550313 0.17049 0.018476 0.000464 5e-06 0 0 0 0 0 0 0 0 0 0 0 0 0 0 
1 0.550214 0.171076 0.01871 0.000475 3e-06 0 0 0 0 0 0 0 0 0 0 0 0 0 0 
1 0.550331 0.170454 0.019001 0.000544 3e-06 0 0 0 0 0 0 0 0 0 0 0 0 0 0 
1 0.550054 0.168987 0.018404 0.000503 4e-06 1e-06 0 0 0 0 0 0 0 0 0 0 0 0 0 
1 0.549298 0.169961 0.018693 0.000506 4e-06 0 0 0 0 0 0 0 0 0 0 0 0 0 0 
1 0.549751 0.169701 0.018503 0.000468 5e-06 0 0 0 0 0 0 0 0 0 0 0 0 0 0 
1 0.548916 0.169838 0.018634 0.000537 1e-05 0 0 0 0 0 0 0 0 0 0 0 0 0 0 
1 0.548055 0.168333 0.018052 0.000471 4e-06 0 0 0 0 0 0 0 0 0 0 0 0 0 0 
1 0.551125 0.170792 0.018725 0.000535 5e-06 0 0 0 0 0 0 0 0 0 0 0 0 0 0 
1 0.549317 0.170354 0.018525 0.000429 2e-06 0 0 0 0 0 0 0 0 0 0 0 0 0 0 
1 0.549552 0.168846 0.018194 0.000485 5e-06 0 0 0 0 0 0 0 0 0 0 0 0 0 0 
1 0.551761 0.171263 0.018861 0.000494 2e-06 0 0 0 0 0 0 0 0 0 0 0 0 0 0 
1 0.549403 0.16988 0.018593 0.000451 6e-06 0 0 0 0 0 0 0 0 0 0 0 0 0 0 
1 0.548984 0.169343 0.018463 0.000503 1.1e-05 0 0 0 0 0 0 0 0 0 0 0 0 0 0 
1 0.550093 0.168993 0.018532 0.00051 8e-06 0 0 0 0 0 0 0 0 0 0 0 0 0 0 
1 0.549311 0.169179 0.018342 0.00049 1.5e-05 0 0 0 0 0 0 0 0 0 0 0 0 0 0 
1 0.550237 0.171211 0.019339 0.000564 1.3e-05 0 0 0 0 0 0 0 0 0 0 0 0 0 0 
1 0.551025 0.172447 0.019102 0.00056 1.6e-05 0 0 0 0 0 0 0 0 0 0 0 0 0 0 
1 0.548711 0.169051 0.018246 0.00046 5e-06 0 0 0 0 0 0 0 0 0 0 0 0 0 0 
1 0.551447 0.172202 0.019451 0.000488 6e-06 0 0 0 0 0 0 0 0 0 0 0 0 0 0 
1 0.54983 0.168973 0.018419 0.000449 5e-06 0 0 0 0 0 0 0 0 0 0 0 0 0 0 
1 0.549466 0.169115 0.018336 0.000458 7e-06 1e-06 0 0 0 0 0 0 0 0 0 0 0 0 0 
1 0.549296 0.169469 0.01856 0.00051 1e-06 0 0 0 0 0 0 0 0 0 0 0 0 0 0 
1 0.551479 0.170355 0.018892 0.000496 4e-06 0 0 0 0 0 0 0 0 0 0 0 0 0 0 
1 0.549863 0.169508 0.018465 0.000506 1.3e-05 0 0 0 0 0 0 0 0 0 0 0 0 0 0 
1 0.549465 0.169329 0.018478 0.000447 7e-06 0 0 0 0 0 0 0 0 0 0 0 0 0 0 
1 0.550093 0.170599 0.018761 0.00049 5e-06 0 0 0 0 0 0 0 0 0 0 0 0 0 0 
1 0.550549 0.170995 0.018671 0.000455 3e-06 0 0 0 0 0 0 0 0 0 0 0 0 0 0 
1 0.550741 0.171167 0.018767 0.000537 9e-06 0 0 0 0 0 0 0 0 0 0 0 0 0 0 
1 0.550311 0.170435 0.018481 0.0005 8e-06 1e-06 0 0 0 0 0 0 0 0 0 0 0 0 0 
1 0.549526 0.169131 0.018437 0.000506 4e-06 0 0 0 0 0 0 0 0 0 0 0 0 0 0 
1 0.549934 0.170086 0.018774 0.00052 4e-06 0 0 0 0 0 0 0 0 0 0 0 0 0 0 
1 0.550533 0.170573 0.018856 0.000558 1e-05 0 0 0 0 0 0 0 0 0 0 0 0 0 0 
1 0.549942 0.169766 0.018602 0.000552 1e-05 0 0 0 0 0 0 0 0 0 0 0 0 0 0 
1 0.549921 0.170669 0.018762 0.000542 7e-06 0 0 0 0 0 0 0 0 0 0 0 0 0 0 
1 0.548412 0.168918 0.0184 0.00042 4e-06 0 0 0 0 0 0 0 0 0 0 0 0 0 0 
1 0.551982 0.171843 0.019273 0.00052 6e-06 0 0 0 0 0 0 0 0 0 0 0 0 0 0 
1 0.549773 0.169503 0.018479 0.000522 9e-06 0 0 0 0 0 0 0 0 0 0 0 0 0 0 
1 0.551537 0.171187 0.018967 0.000463 3e-06 0 0 0 0 0 0 0 0 0 0 0 0 0 0 
1 0.550681 0.171101 0.018598 0.000479 1e-06 0 0 0 0 0 0 0 0 0 0 0 0 0 0 
1 0.550496 0.170421 0.018839 0.000505 6e-06 0 0 0 0 0 0 0 0 0 0 0 0 0 0 
1 0.550457 0.170367 0.01896 0.000492 1.2e-05 0 0 0 0 0 0 0 0 0 0 0 0 0 0 
1 0.54872 0.169021 0.018332 0.000451 5e-06 0 0 0 0 0 0 0 0 0 0 0 0 0 0 
1 0.550269 0.170724 0.018999 0.000529 1.4e-05 0 0 0 0 0 0 0 0 0 0 0 0 0 0 
1 0.550044 0.171316 0.018817 0.000452 2e-06 0 0 0 0 0 0 0 0 0 0 0 0 0 0 
1 0.550163 0.170448 0.018682 0.000471 8e-06 0 0 0 0 0 0 0 0 0 0 0 0 0 0 
1 0.549411 0.169567 0.018619 0.0005 2e-06 0 0 0 0 0 0 0 0 0 0 0 0 0 0 
1 0.550806 0.1705 0.018803 0.00053 5e-06 0 0 0 0 0 0 0 0 0 0 0 0 0 0 
1 0.551129 0.172135 0.018844 0.00049 3e-06 0 0 0 0 0 0 0 0 0 0 0 0 0 0 
1 0.549829 0.169557 0.018515 0.00047 3e-06 0 0 0 0 0 0 0 0 0 0 0 0 0 0 
1 0.549769 0.170418 0.018795 0.000575 1.2e-05 0 0 0 0 0 0 0 0 0 0 0 0 0 0 
1 0.549155 0.169795 0.018546 0.000514 8e-06 0 0 0 0 0 0 0 0 0 0 0 0 0 0 
1 0.54852 0.169176 0.018587 0.000469 3e-06 0 0 0 0 0 0 0 0 0 0 0 0 0 0 
1 0.549938 0.169906 0.018704 0.000476 5e-06 0 0 0 0 0 0 0 0 0 0 0 0 0 0 
1 0.55029 0.17081 0.018893 0.000536 1.7e-05 2e-06 0 0 0 0 0 0 0 0 0 0 0 0 0 
1 0.551236 0.170998 0.019157 0.000543 1.4e-05 0 0 0 0 0 0 0 0 0 0 0 0 0 0 
1 0.550953 0.171816 0.01882 0.000509 1e-06 0 0 0 0 0 0 0 0 0 0 0 0 0 0 
1 0.548957 0.169043 0.018258 0.000481 6e-06 0 0 0 0 0 0 0 0 0 0 0 0 0 0 
1 0.550343 0.171311 0.019021 0.000482 4e-06 0 0 0 0 0 0 0 0 0 0 0 0 0 0 
1 0.551025 0.170528 0.018317 0.000526 8e-06 0 0 0 0 0 0 0 0 0 0 0 0 0 0 
1 0.551001 0.170479 0.018598 0.000474 5e-06 0 0 0 0 0 0 0 0 0 0 0 0 0 0 
1 0.549679 0.169919 0.018321 0.000481 2e-06 0 0 0 0 0 0 0 0 0 0 0 0 0 0 
1 0.549698 0.168785 0.018432 0.00047 6e-06 0 0 0 0 0 0 0 0 0 0 0 0 0 0 
1 0.551006 0.171222 0.018956 0.000467 5e-06 0 0 0 0 0 0 0 0 0 0 0 0 0 0 
1 0.551349 0.171074 0.018866 0.000512 5e-06 0 0 0 0 0 0 0 0 0 0 0 0 0 0 
1 0.550236 0.170004 0.018485 0.000464 0 0 0 0 0 0 0 0 0 0 0 0 0 0 0 
1 0.551331 0.171395 0.018793 0.000523 5e-06 0 0 0 0 0 0 0 0 0 0 0 0 0 0 
1 0.550789 0.170274 0.018582 0.00048 3e-06 0 0 0 0 0 0 0 0 0 0 0 0 0 0 
1 0.548951 0.168761 0.018257 0.000506 5e-06 0 0 0 0 0 0 0 0 0 0 0 0 0 0 
1 0.54907 0.168953 0.018412 0.000459 1e-05 1e-06 0 0 0 0 0 0 0 0 0 0 0 0 0 
1 0.550252 0.171116 0.018798 0.000465 5e-06 0 0 0 0 0 0 0 0 0 0 0 0 0 0 
1 0.549953 0.170109 0.018511 0.000504 4e-06 0 0 0 0 0 0 0 0 0 0 0 0 0 0 
1 0.549817 0.170203 0.018535 0.000538 2e-06 0 0 0 0 0 0 0 0 0 0 0 0 0 0 
1 0.551069 0.170263 0.018694 0.000475 9e-06 0 0 0 0 0 0 0 0 0 0 0 0 0 0 
1 0.549954 0.170815 0.019202 0.000486 5e-06 0 0 0 0 0 0 0 0 0 0 0 0 0 0 
1 0.549738 0.170601 0.018942 0.000527 9e-06 0 0 0 0 0 0 0 0 0 0 0 0 0 0 
1 0.550173 0.169899 0.018703 0.000539 3e-06 0 0 0 0 0 0 0 0 0 0 0 0 0 0 
1 0.550486 0.170818 0.018772 0.000543 9e-06 0 0 0 0 0 0 0 0 0 0 0 0 0 0 
1 0.55078 0.169843 0.018359 0.000452 3e-06 0 0 0 0 0 0 0 0 0 0 0 0 0 0 
1 0.550027 0.169663 0.01865 0.000495 3e-06 0 0 0 0 0 0 0 0 0 0 0 0 0 0 
1 0.552122 0.171439 0.018959 0.000512 1.1e-05 0 0 0 0 0 0 0 0 0 0 0 0 0 0 
1 0.550363 0.171494 0.019087 0.0005 1.6e-05 0 0 0 0 0 0 0 0 0 0 0 0 0 0 
1 0.549126 0.169423 0.018744 0.000474 2e-06 0 0 0 0 0 0 0 0 0 0 0 0 0 0 
