1 0.990932 0.973144 0.939803 0.880757 0.784906 0.65164 0.499138 0.355504 0.239954 0.156823 0.099043 0.059744 0.033842 0.017394 0.007623 0.002656 0.000651 0.000124 1.7e-05 
1 0.989952 0.970818 0.934893 0.87072 0.767478 0.625228 0.465138 0.314645 0.197408 0.116998 0.06752 0.038133 0.020866 0.010179 0.003854 0.000913 7.4e-05 1e-06 0 
1 0.988175 0.965573 0.923424 0.850535 0.73455 0.579645 0.41375 0.269377 0.164811 0.097455 0.056699 0.031722 0.017516 0.009203 0.004203 0.001704 0.000535 8e-05 0 
1 0.990912 0.973536 0.940593 0.881688 0.786024 0.651132 0.49304 0.33949 0.209729 0.115745 0.056506 0.024568 0.010262 0.004453 0.001616 0.000366 4.4e-05 4e-06 0 
1 0.988917 0.967822 0.928473 0.860021 0.751055 0.602384 0.433234 0.279001 0.162004 0.085426 0.040686 0.017378 0.006478 0.001978 0.00039 4.6e-05 4e-06 0 0 
1 0.989461 0.968873 0.930048 0.862006 0.754249 0.609248 0.445147 0.29097 0.168715 0.085471 0.038068 0.015719 0.006021 0.002073 0.000608 0.00012 1e-05 0 0 
1 0.99104 0.973812 0.94111 0.884037 0.792332 0.663898 0.517716 0.378292 0.264154 0.179494 0.123647 0.09013 0.067618 0.049119 0.033334 0.021785 0.014366 0.008611 0.004002 
1 0.989709 0.969971 0.932771 0.867306 0.762711 0.619914 0.460553 0.316081 0.204201 0.12629 0.073796 0.041212 0.023233 0.015181 0.011486 0.008481 0.005444 0.002504 0.000679 
1 0.989129 0.968334 0.929875 0.862298 0.75573 0.611615 0.451755 0.30445 0.187368 0.105579 0.055408 0.026736 0.010463 0.002562 0.000268 1.2e-05 0 0 0 
1 0.989314 0.968586 0.929792 0.861258 0.752766 0.607698 0.447565 0.302447 0.191101 0.117083 0.070736 0.041395 0.021853 0.009186 0.002896 0.000579 6.3e-05 0 0 
1 0.986546 0.95986 0.910377 0.825549 0.694962 0.527217 0.352948 0.208579 0.108531 0.048702 0.019276 0.006142 0.001446 0.000181 1.2e-05 -6.93889e-18 -6.93889e-18 0 0 
1 0.987859 0.963987 0.918747 0.841095 0.719011 0.557083 0.381891 0.228914 0.120408 0.055882 0.021889 0.006789 0.001777 0.000477 8e-05 7e-06 0 0 0 
1 0.989261 0.968768 0.930196 0.862433 0.754664 0.608647 0.448292 0.304183 0.194776 0.118168 0.067254 0.035416 0.017125 0.007504 0.002765 0.000757 0.00013 7e-06 0 
1 0.988833 0.967155 0.926341 0.854065 0.739826 0.585787 0.416394 0.263413 0.146328 0.070114 0.02845 0.009626 0.002852 0.000662 7.8e-05 3e-06 0 0 0 
1 0.98986 0.970169 0.933359 0.869555 0.769134 0.635273 0.485545 0.345715 0.230007 0.141116 0.077965 0.038227 0.017115 0.006996 0.002368 0.000605 7.4e-05 7e-06 0 
1 0.98897 0.968097 0.929413 0.862244 0.758164 0.620349 0.467933 0.326368 0.216908 0.143925 0.096555 0.064734 0.041372 0.023297 0.010957 0.004465 0.001653 0.000487 8.7e-05 
1 0.988405 0.966041 0.924333 0.85189 0.740557 0.59367 0.434165 0.291947 0.17961 0.098945 0.046841 0.018991 0.006325 0.001376 0.000187 1.1e-05 0 0 0 
1 0.991023 0.974042 0.942382 0.886896 0.797977 0.674796 0.530913 0.388901 0.270055 0.181334 0.119867 0.077667 0.046272 0.023182 0.009206 0.003011 0.000755 0.000113 9e-06 
1 0.98998 0.97046 0.933732 0.868555 0.763295 0.620616 0.461194 0.315865 0.203292 0.124009 0.0711 0.037569 0.018571 0.008852 0.00385 0.001485 0.000552 0.000181 3.6e-05 
1 0.991304 0.974333 0.942189 0.885626 0.792775 0.660024 0.502512 0.347902 0.220137 0.129204 0.069488 0.033806 0.016036 0.008532 0.004762 0.002188 0.000774 0.000136 6e-06 
1 0.990493 0.972338 0.938668 0.879595 0.786849 0.661525 0.520592 0.385322 0.270004 0.180682 0.114835 0.069814 0.041501 0.02455 0.014039 0.006759 0.002186 0.000411 3.2e-05 
1 0.987668 0.963654 0.918775 0.839938 0.716812 0.554396 0.381374 0.232997 0.128967 0.066579 0.033844 0.017659 0.008684 0.003578 0.001119 0.000218 1.2e-05 0 0 
1 0.987898 0.964643 0.920807 0.844904 0.726114 0.571315 0.4064 0.263269 0.159023 0.089763 0.046281 0.02016 0.006846 0.001873 0.000369 4.6e-05 3e-06 0 0 
1 0.992995 0.978785 0.952471 0.905657 0.829693 0.722113 0.591249 0.45433 0.326844 0.217724 0.132062 0.072854 0.036847 0.016413 0.005972 0.001442 0.000139 4e-06 0 
1 0.988447 0.965947 0.923913 0.849963 0.734725 0.582806 0.420392 0.281055 0.181401 0.115435 0.070712 0.03919 0.019701 0.009497 0.004306 0.00185 0.000657 0.000109 5e-06 
1 0.991551 0.975082 0.943488 0.886998 0.794839 0.66272 0.505775 0.348601 0.215676 0.121444 0.064859 0.034519 0.018972 0.012222 0.008498 0.00564 0.00338 0.00182 0.000728 
1 0.99081 0.972811 0.93988 0.882802 0.794676 0.677075 0.542297 0.405801 0.282331 0.184988 0.116562 0.07368 0.048659 0.034097 0.024428 0.01648 0.009334 0.003872 0.000961 
1 0.990076 0.970871 0.934203 0.870139 0.7673 0.62487 0.464063 0.31329 0.19484 0.112846 0.062875 0.033825 0.017276 0.00803 0.002988 0.000825 0.000166 2.4e-05 0 
1 0.991412 0.974988 0.943763 0.887557 0.795483 0.663746 0.50691 0.354497 0.231793 0.146299 0.090142 0.051823 0.026796 0.012561 0.00576 0.002566 0.000959 0.000195 9e-06 
1 0.989419 0.969286 0.931461 0.864607 0.758561 0.614444 0.449865 0.297781 0.183578 0.10874 0.061539 0.032111 0.015167 0.00613 0.001677 0.000203 1.3e-05 0 0 
1 0.990646 0.972307 0.93744 0.875516 0.7763 0.63963 0.486365 0.346905 0.235704 0.15193 0.092329 0.054115 0.030415 0.016032 0.007543 0.002832 0.000668 6.4e-05 1e-06 
1 0.988586 0.966951 0.926069 0.854182 0.741348 0.59135 0.426613 0.280912 0.171652 0.100937 0.05851 0.032389 0.015863 0.006468 0.001894 0.000289 1.5e-05 3e-06 0 
1 0.990926 0.973915 0.941354 0.883621 0.791293 0.664385 0.516189 0.370342 0.248517 0.158863 0.096615 0.054785 0.028273 0.012959 0.004554 0.001084 0.000116 1e-06 0 
1 0.989389 0.969176 0.931296 0.864712 0.75809 0.614095 0.45749 0.31795 0.210498 0.132701 0.080126 0.047051 0.027507 0.015022 0.006942 0.00224 0.000435 4.5e-05 1e-06 
1 0.98854 0.966635 0.926399 0.8572 0.752337 0.617184 0.47181 0.335871 0.22106 0.133544 0.074258 0.038846 0.019749 0.009188 0.00345 0.00082 0.000104 3e-06 0 
1 0.990595 0.972246 0.938198 0.877623 0.781667 0.6496 0.496694 0.347553 0.223663 0.131747 0.070522 0.034969 0.016252 0.007022 0.002936 0.001028 0.000256 2.2e-05 1e-06 
1 0.992113 0.976741 0.948604 0.897706 0.815591 0.702472 0.572026 0.447655 0.344604 0.264079 0.20253 0.157567 0.127023 0.106699 0.092054 0.079951 0.068742 0.058746 0.049885 
1 0.991246 0.974545 0.9433 0.888075 0.799567 0.677924 0.535802 0.39515 0.271114 0.17502 0.105063 0.058155 0.027965 0.010572 0.002663 0.000367 1.3e-05 0 0 
1 0.99091 0.973577 0.940655 0.882746 0.789683 0.662742 0.524534 0.404094 0.313031 0.244122 0.186408 0.136371 0.092122 0.057068 0.031332 0.015065 0.005875 0.001613 0.000259 
1 0.989673 0.969535 0.931794 0.864783 0.758789 0.614725 0.453706 0.303171 0.185831 0.107272 0.05925 0.031212 0.015032 0.006148 0.00199 0.000485 6.4e-05 2e-06 0 
1 0.991159 0.974327 0.942186 0.884038 0.788008 0.64927 0.48242 0.319151 0.190198 0.104202 0.05465 0.026459 0.011467 0.004451 0.001329 0.000219 1.6e-05 0 0 
1 0.990431 0.971506 0.936184 0.874592 0.777937 0.645815 0.494394 0.347565 0.22712 0.14245 0.088858 0.055517 0.033525 0.018508 0.008236 0.002489 0.0004 2.5e-05 0 
1 0.991159 0.973734 0.940289 0.881876 0.789581 0.66654 0.53154 0.408678 0.307244 0.228343 0.167821 0.120302 0.081444 0.049166 0.025802 0.011872 0.004549 0.001154 0.000132 
1 0.989848 0.969911 0.933126 0.869833 0.771917 0.642077 0.496715 0.357988 0.243894 0.161945 0.110571 0.080008 0.060176 0.043589 0.028683 0.016836 0.008024 0.002769 0.000612 
1 0.99078 0.972949 0.938993 0.879632 0.785847 0.660346 0.521861 0.393353 0.289499 0.211857 0.152076 0.105103 0.068256 0.040748 0.020657 0.007953 0.001905 0.000235 1.4e-05 
1 0.98838 0.966083 0.925161 0.854196 0.745755 0.60544 0.456213 0.323634 0.221816 0.149894 0.098668 0.062715 0.037761 0.021319 0.011242 0.00543 0.002101 0.000472 4e-05 
1 0.99177 0.975873 0.945817 0.892284 0.807253 0.687855 0.549418 0.415746 0.305706 0.224172 0.166932 0.127065 0.097382 0.071118 0.046778 0.026055 0.01153 0.003873 0.000904 
1 0.991997 0.97667 0.947742 0.896787 0.814163 0.697763 0.557287 0.414835 0.291565 0.194481 0.124705 0.079703 0.053189 0.036659 0.024753 0.015563 0.008765 0.004049 0.001234 
1 0.991415 0.974861 0.944234 0.88929 0.800518 0.676016 0.53308 0.398465 0.29281 0.21729 0.163522 0.121767 0.086613 0.056423 0.031941 0.015702 0.007364 0.003699 0.001563 
1 0.989516 0.969265 0.931126 0.864893 0.75955 0.614847 0.448585 0.290567 0.170682 0.091355 0.043525 0.017245 0.005263 0.000901 6.4e-05 -6.93889e-18 0 0 0 
1 0.991501 0.975403 0.94531 0.892466 0.8077 0.689055 0.549696 0.411934 0.29639 0.209767 0.145269 0.093419 0.053937 0.028162 0.012865 0.004926 0.001361 0.00023 2.1e-05 
1 0.992548 0.977753 0.950031 0.901107 0.819446 0.703176 0.561073 0.414896 0.285135 0.182551 0.109341 0.058651 0.026046 0.008687 0.002085 0.000277 2e-05 0 0 
1 0.990483 0.972132 0.937561 0.876399 0.777451 0.640381 0.484896 0.339964 0.224471 0.140286 0.084921 0.050461 0.029639 0.017839 0.011073 0.006139 0.002471 0.000641 6.2e-05 
1 0.992074 0.976805 0.947971 0.895556 0.810261 0.687782 0.54402 0.404593 0.290678 0.208071 0.152071 0.113884 0.085236 0.062008 0.044074 0.030773 0.020675 0.013515 0.008158 
1 0.992884 0.978973 0.952892 0.905866 0.82978 0.722755 0.592952 0.457942 0.334047 0.231698 0.153713 0.099511 0.063446 0.040711 0.026988 0.017673 0.010642 0.005969 0.002992 
1 0.991245 0.974215 0.942265 0.885782 0.794399 0.666421 0.516296 0.367474 0.24204 0.149268 0.086333 0.045588 0.020739 0.007704 0.002111 0.000304 2.3e-05 0 0 
1 0.990816 0.972905 0.940187 0.882637 0.790236 0.662281 0.511518 0.359495 0.230182 0.136454 0.073901 0.035182 0.013463 0.003816 0.000593 3.5e-05 1e-06 0 0 
1 0.989191 0.967962 0.928241 0.858287 0.748846 0.603327 0.444071 0.302689 0.195371 0.121239 0.071704 0.040315 0.021853 0.011164 0.005073 0.001787 0.000396 4.4e-05 1e-06 
1 0.992159 0.976991 0.948307 0.895953 0.811088 0.69019 0.546235 0.40226 0.274686 0.17186 0.099242 0.053328 0.025794 0.009504 0.002317 0.000308 1e-05 1e-06 0 
1 0.989864 0.970246 0.93413 0.868972 0.764532 0.622013 0.461427 0.314513 0.198108 0.114061 0.056977 0.023504 0.007507 0.001692 0.000206 1.5e-05 0 0 0 
1 0.990339 0.971277 0.93526 0.871444 0.77053 0.631466 0.473459 0.325904 0.208074 0.12558 0.073431 0.041969 0.024081 0.013291 0.00692 0.002769 0.000617 5.6e-05 0 
1 0.989371 0.968879 0.930727 0.864344 0.760136 0.622118 0.469754 0.327508 0.211066 0.127006 0.074339 0.044541 0.028171 0.017599 0.009806 0.004647 0.001826 0.000584 8.6e-05 
1 0.990639 0.972448 0.938554 0.878543 0.781788 0.647832 0.493957 0.350176 0.239109 0.160787 0.105312 0.064824 0.036267 0.016911 0.005807 0.001235 0.000149 5e-06 0 
1 0.991352 0.974583 0.942731 0.886449 0.795199 0.668919 0.522031 0.374907 0.246336 0.145236 0.07423 0.032246 0.01178 0.003452 0.000818 8.9e-05 2e-06 0 0 
1 0.988891 0.967316 0.927632 0.859321 0.753241 0.616133 0.470989 0.339378 0.232296 0.151094 0.092447 0.053327 0.030434 0.017993 0.01068 0.005766 0.002344 0.00062 0.000101 
1 0.989 0.967802 0.928275 0.858886 0.748711 0.598811 0.431834 0.280716 0.166932 0.093277 0.051119 0.029567 0.018688 0.012728 0.008564 0.005306 0.00259 0.000823 0.000169 
1 0.989147 0.968351 0.929935 0.861035 0.751471 0.60008 0.428429 0.272921 0.157197 0.082453 0.038128 0.014169 0.003833 0.000651 8e-05 3e-06 -6.245e-17 -6.93889e-18 -6.93889e-18 
1 0.991594 0.975488 0.944976 0.889914 0.799536 0.66793 0.508827 0.354874 0.233768 0.151386 0.097577 0.061447 0.036339 0.019741 0.009615 0.004072 0.001172 0.000204 1.8e-05 
1 0.991686 0.975404 0.94537 0.891224 0.803022 0.677122 0.527183 0.382856 0.266852 0.183525 0.1259 0.083885 0.053671 0.032477 0.018245 0.009119 0.003778 0.001207 0.000212 
1 0.988426 0.965851 0.923867 0.850016 0.733583 0.578082 0.411658 0.269537 0.171548 0.112718 0.076977 0.053417 0.03686 0.025327 0.016534 0.009429 0.004405 0.001543 0.000292 
1 0.991911 0.976405 0.947057 0.89367 0.80549 0.67835 0.525732 0.377712 0.258326 0.174439 0.121442 0.088005 0.065585 0.048863 0.035414 0.025146 0.016979 0.01054 0.005813 
1 0.988624 0.966667 0.925222 0.851985 0.734512 0.574117 0.397594 0.245171 0.141724 0.082328 0.051393 0.034833 0.025417 0.018582 0.012163 0.006349 0.002144 0.000353 2.1e-05 
1 0.988818 0.967506 0.927434 0.857599 0.747007 0.596012 0.425411 0.270236 0.155366 0.086717 0.050394 0.031142 0.020587 0.013378 0.007411 0.003004 0.000652 5.3e-05 4e-06 
1 0.988723 0.966814 0.925963 0.854659 0.742776 0.596503 0.439753 0.305033 0.208053 0.141391 0.093626 0.05711 0.030838 0.01437 0.005803 0.002094 0.000717 0.000191 4.3e-05 
1 0.989341 0.968645 0.929807 0.862172 0.755855 0.614435 0.458629 0.31365 0.198323 0.116 0.062857 0.030508 0.012693 0.004619 0.001283 0.00019 1.4e-05 0 0 
1 0.986705 0.960523 0.911823 0.82575 0.694359 0.522886 0.346458 0.202638 0.10833 0.057003 0.031039 0.016135 0.007293 0.002545 0.000531 3.2e-05 0 0 0 
1 0.99133 0.974355 0.94291 0.886624 0.797228 0.673539 0.53189 0.394882 0.277707 0.187006 0.121461 0.076716 0.047668 0.029363 0.017956 0.010811 0.006025 0.00283 0.000936 
1 0.991072 0.973409 0.94044 0.881871 0.787346 0.654834 0.501501 0.354378 0.23113 0.137356 0.073611 0.033789 0.012443 0.003201 0.000517 6.1e-05 3e-06 0 0 
1 0.991494 0.975356 0.944439 0.889879 0.802607 0.682422 0.544996 0.417499 0.314565 0.237179 0.179412 0.132687 0.094153 0.062305 0.036641 0.017845 0.006508 0.001494 0.000186 
1 0.99021 0.971242 0.935506 0.871656 0.769534 0.629223 0.471903 0.326832 0.212489 0.125319 0.063247 0.025989 0.007928 0.001474 0.000172 1.8e-05 0 0 0 
1 0.988893 0.967534 0.927172 0.856141 0.74438 0.593626 0.427187 0.276228 0.162181 0.091686 0.052537 0.031673 0.020325 0.013762 0.009302 0.005607 0.002757 0.000893 0.000135 
1 0.990732 0.972809 0.93962 0.881168 0.789751 0.665 0.52192 0.383933 0.26745 0.179207 0.118161 0.077103 0.04934 0.028547 0.01296 0.004173 0.000829 9e-05 5e-06 
1 0.99149 0.974999 0.943614 0.888396 0.79902 0.673286 0.524194 0.38007 0.263258 0.178568 0.118019 0.073217 0.040301 0.018836 0.007035 0.002058 0.000458 7.6e-05 2e-06 
1 0.989654 0.969099 0.931424 0.865094 0.76195 0.624657 0.47291 0.332586 0.216695 0.132327 0.076582 0.042588 0.023437 0.01298 0.007493 0.004419 0.00232 0.000767 9.7e-05 
1 0.989613 0.96973 0.932878 0.869089 0.770864 0.63864 0.486949 0.338023 0.214372 0.128832 0.076068 0.043738 0.02356 0.011468 0.004437 0.001148 0.000171 1.6e-05 0 
1 0.989745 0.969942 0.932336 0.867415 0.766458 0.632813 0.488128 0.35897 0.258429 0.185608 0.13346 0.09507 0.068515 0.0524 0.042093 0.03439 0.027936 0.021193 0.014064 
1 0.988906 0.967422 0.927313 0.856804 0.745793 0.59262 0.417667 0.25358 0.131677 0.061763 0.028679 0.014338 0.007025 0.002898 0.000863 0.000151 4e-06 0 0 
1 0.988642 0.966546 0.925831 0.855189 0.745945 0.602481 0.447141 0.305489 0.192905 0.113284 0.060627 0.028946 0.011505 0.003306 0.000584 4.9e-05 4e-06 0 0 
1 0.989409 0.96854 0.929572 0.860754 0.751038 0.599742 0.429845 0.275629 0.159677 0.084457 0.041561 0.020666 0.011062 0.005642 0.002167 0.000625 0.000137 1.4e-05 0 
1 0.990208 0.971008 0.935273 0.870575 0.766566 0.621004 0.453671 0.297459 0.176923 0.094684 0.044258 0.017045 0.005278 0.001251 0.00015 9e-06 0 0 0 
1 0.989152 0.968292 0.929207 0.860448 0.751858 0.605356 0.441102 0.291 0.17687 0.100189 0.053888 0.027692 0.012486 0.004371 0.001076 0.000163 1e-05 0 0 
1 0.990821 0.973029 0.939173 0.878834 0.779843 0.641543 0.479835 0.324814 0.199519 0.113166 0.058451 0.02881 0.013634 0.005867 0.001899 0.000346 2.8e-05 0 0 
1 0.992009 0.976588 0.947659 0.895689 0.810221 0.687246 0.541367 0.401689 0.2873 0.199152 0.130639 0.078218 0.043637 0.02282 0.011261 0.004876 0.001586 0.000292 2.8e-05 
1 0.989684 0.969521 0.931714 0.866403 0.764939 0.629768 0.480229 0.337889 0.221108 0.138393 0.08681 0.054978 0.033457 0.018645 0.009438 0.004169 0.001362 0.000245 9e-06 
1 0.988884 0.967338 0.926734 0.854853 0.739523 0.584387 0.414574 0.265097 0.159703 0.096843 0.061759 0.041275 0.028825 0.020613 0.01495 0.010946 0.007688 0.004855 0.002456 
1 0.99095 0.973533 0.941342 0.884387 0.795624 0.675474 0.537775 0.404554 0.293668 0.211349 0.150575 0.104899 0.070374 0.043342 0.023344 0.010021 0.002936 0.000417 2.1e-05 
1 0.990684 0.972765 0.939396 0.879962 0.784526 0.652585 0.500066 0.351008 0.225321 0.133905 0.075079 0.039543 0.019513 0.008261 0.002521 0.000369 1.2e-05 0 0 
1 0.988299 0.965861 0.923682 0.849291 0.731381 0.573105 0.399198 0.251976 0.15157 0.087914 0.047989 0.024382 0.011176 0.004436 0.001315 0.000294 4.9e-05 2e-06 0 
1 0.986849 0.961318 0.914083 0.833043 0.711371 0.557078 0.398841 0.264514 0.166596 0.098707 0.05193 0.023197 0.008276 0.001915 0.000218 1.5e-05 0 0 0 
1 0.990884 0.97319 0.94013 0.881966 0.788777 0.659484 0.50945 0.362434 0.237758 0.143411 0.080735 0.042681 0.021939 0.011518 0.006243 0.003444 0.001908 0.001079 0.000504 
1 0.989029 0.968229 0.929556 0.861243 0.753872 0.609949 0.448914 0.30305 0.193191 0.12275 0.080402 0.055 0.03827 0.026474 0.018237 0.012705 0.008724 0.00547 0.002715 
1 0.986117 0.959717 0.910609 0.825247 0.693046 0.523408 0.350513 0.2112 0.115879 0.057019 0.024423 0.008557 0.002223 0.000346 2.8e-05 0 0 0 0 
1 0.988893 0.967606 0.927845 0.857738 0.74817 0.601776 0.4442 0.305246 0.20145 0.131285 0.084236 0.052385 0.031011 0.01825 0.011253 0.006555 0.003347 0.001382 0.00043 
1 0.990744 0.972986 0.939259 0.879448 0.783118 0.648671 0.491473 0.33828 0.213542 0.125353 0.067767 0.032307 0.012468 0.003345 0.000574 5.3e-05 0 0 0 
1 0.98821 0.965304 0.922857 0.848689 0.731134 0.572948 0.400309 0.249932 0.141964 0.074326 0.036502 0.017147 0.008062 0.003809 0.001476 0.000346 2.1e-05 0 0 
1 0.988328 0.965134 0.922363 0.845986 0.722691 0.553445 0.363487 0.198234 0.088385 0.033101 0.011089 0.003084 0.000611 6.6e-05 0 0 0 0 0 
1 0.989137 0.968098 0.928574 0.859224 0.751057 0.606713 0.446099 0.298777 0.183847 0.102993 0.051288 0.022972 0.010073 0.004289 0.0014 0.000296 3e-05 0 0 
1 0.991047 0.973845 0.941752 0.886526 0.801498 0.689241 0.565826 0.449577 0.352655 0.275333 0.213408 0.163243 0.122434 0.089127 0.062324 0.042783 0.029915 0.020527 0.012776 
1 0.992441 0.977708 0.950282 0.901764 0.823605 0.713374 0.583042 0.449969 0.33143 0.236847 0.166722 0.116479 0.079005 0.052138 0.034605 0.023818 0.015698 0.00913 0.004388 
1 0.989068 0.967476 0.927322 0.85627 0.742649 0.590539 0.428709 0.292878 0.196465 0.134946 0.09679 0.070655 0.048928 0.030396 0.016945 0.008498 0.003668 0.001181 0.000255 
1 0.991509 0.974717 0.943643 0.889879 0.805635 0.69283 0.56764 0.447231 0.344117 0.264129 0.208159 0.169538 0.14283 0.124491 0.111757 0.101931 0.093227 0.084208 0.074121 
1 0.992469 0.977943 0.950307 0.900249 0.818399 0.700449 0.556907 0.412557 0.290387 0.202972 0.146221 0.10674 0.077135 0.05621 0.041481 0.02861 0.017469 0.008737 0.003342 
1 0.991704 0.97581 0.946306 0.894732 0.813948 0.702673 0.574566 0.448016 0.34 0.256911 0.196242 0.149041 0.111681 0.086305 0.072255 0.064047 0.056199 0.046518 0.035626 
1 0.990232 0.971424 0.936316 0.873799 0.773707 0.636284 0.47972 0.333001 0.217873 0.140825 0.091694 0.056835 0.031277 0.014034 0.005071 0.001284 0.000157 3e-06 0 
1 0.992192 0.977049 0.948553 0.897204 0.814061 0.695023 0.555453 0.417807 0.30217 0.214868 0.150083 0.102741 0.067195 0.04098 0.021793 0.010177 0.004094 0.001223 0.000277 
1 0.990733 0.97283 0.939017 0.879405 0.78481 0.653606 0.503894 0.359163 0.240209 0.150655 0.089543 0.052364 0.032908 0.022322 0.014349 0.007628 0.002782 0.000492 3e-05 
1 0.99158 0.975204 0.944928 0.890874 0.803973 0.681273 0.535488 0.38876 0.263751 0.172328 0.110325 0.068068 0.037894 0.01751 0.006379 0.001523 0.000192 9e-06 0 
1 0.99213 0.976993 0.948922 0.899832 0.823106 0.717856 0.59629 0.47775 0.375943 0.294038 0.229505 0.180238 0.141257 0.108689 0.079835 0.056206 0.037656 0.023608 0.013676 
1 0.989339 0.968945 0.930694 0.861813 0.751347 0.597279 0.422717 0.264733 0.152306 0.087397 0.052585 0.030881 0.016621 0.008243 0.004212 0.001998 0.000744 0.000168 1.7e-05 
1 0.99001 0.970511 0.933881 0.868868 0.765402 0.625355 0.471681 0.332823 0.224681 0.147203 0.093199 0.056131 0.03221 0.01757 0.009389 0.004958 0.002465 0.000961 0.000231 
1 0.988482 0.966089 0.924412 0.851855 0.737405 0.586501 0.421396 0.273847 0.16455 0.092713 0.047769 0.022004 0.008869 0.003063 0.000812 7.4e-05 -6.93889e-18 0 0 
1 0.990512 0.972046 0.937491 0.87689 0.781562 0.652549 0.505366 0.365286 0.247717 0.157483 0.093735 0.052596 0.028045 0.013678 0.00559 0.001873 0.000424 4.1e-05 0 
1 0.990162 0.970649 0.933766 0.867815 0.762295 0.618723 0.457639 0.309019 0.192758 0.111851 0.063295 0.036061 0.020606 0.011604 0.006247 0.002643 0.000781 0.000151 1.7e-05 
1 0.991081 0.973598 0.941183 0.883738 0.790525 0.660362 0.507519 0.35488 0.22232 0.120223 0.053001 0.018105 0.004363 0.000687 5.5e-05 0 0 0 0 
1 0.989147 0.968552 0.929414 0.860803 0.753375 0.609011 0.449145 0.303374 0.187376 0.107367 0.059237 0.033059 0.019178 0.010841 0.005222 0.001907 0.000457 5.3e-05 3e-06 
1 0.987123 0.961651 0.914313 0.831242 0.702748 0.537265 0.364549 0.223585 0.128829 0.075316 0.046613 0.03088 0.020344 0.011964 0.0054 0.001497 0.000203 5e-06 -6.245e-17 
1 0.991043 0.973565 0.941052 0.882324 0.786189 0.651745 0.49354 0.344356 0.224627 0.138951 0.082524 0.045952 0.022494 0.009647 0.003502 0.001013 0.00017 1.3e-05 1e-06 
1 0.989887 0.970226 0.933742 0.869578 0.768378 0.6334 0.486616 0.353881 0.246545 0.164885 0.105035 0.064765 0.041154 0.028184 0.020234 0.014274 0.009552 0.005953 0.003488 
1 0.99139 0.974771 0.942905 0.886832 0.796903 0.671939 0.529355 0.39283 0.278636 0.189096 0.121965 0.073609 0.038913 0.016658 0.005299 0.001144 0.000199 2.9e-05 1e-06 
1 0.98848 0.965939 0.92389 0.84928 0.733558 0.579282 0.40997 0.25651 0.139865 0.065132 0.026836 0.010434 0.003552 0.000908 0.000163 1.7e-05 5e-06 0 0 
