1 0.500041 0.125943 0.00847475 6.6e-05 0 0 0 0 0 0 0 0 0 0 0 0 0 0 0 
1 0.499941 0.125934 0.0082305 5.2e-05 0 0 0 0 0 0 0 0 0 0 0 0 0 0 0 
1 0.499865 0.125788 0.00846275 7.6e-05 0 0 0 0 0 0 0 0 0 0 0 0 0 0 0 
1 0.49987 0.125879 0.00863225 5.35e-05 0 0 0 0 0 0 0 0 0 0 0 0 0 0 0 
1 0.500162 0.125684 0.0083195 5.575e-05 0 0 0 0 0 0 0 0 0 0 0 0 0 0 0 
1 0.500182 0.125672 0.00857425 6.1e-05 0 0 0 0 0 0 0 0 0 0 0 0 0 0 0 
1 0.500576 0.126829 0.0086155 7.125e-05 0 0 0 0 0 0 0 0 0 0 0 0 0 0 0 
1 0.498415 0.124842 0.0083055 5.775e-05 0 0 0 0 0 0 0 0 0 0 0 0 0 0 0 
1 0.500356 0.125385 0.0081285 5.35e-05 0 0 0 0 0 0 0 0 0 0 0 0 0 0 0 
1 0.49994 0.126682 0.00838925 7.1e-05 0 0 0 0 0 0 0 0 0 0 0 0 0 0 0 
1 0.500399 0.12659 0.0084485 5.9e-05 0 0 0 0 0 0 0 0 0 0 0 0 0 0 0 
1 0.500823 0.127068 0.008619 7.725e-05 1.5e-06 0 0 0 0 0 0 0 0 0 0 0 0 0 0 
1 0.499748 0.124999 0.008281 5.875e-05 0 0 0 0 0 0 0 0 0 0 0 0 0 0 0 
1 0.499928 0.125988 0.008333 5.825e-05 0 0 0 0 0 0 0 0 0 0 0 0 0 0 0 
1 0.499145 0.124667 0.00822825 7.05e-05 0 0 0 0 0 0 0 0 0 0 0 0 0 0 0 
1 0.500037 0.126267 0.00833675 6.45e-05 7.5e-07 0 0 0 0 0 0 0 0 0 0 0 0 0 0 
1 0.499429 0.125029 0.00813175 6.55e-05 0 0 0 0 0 0 0 0 0 0 0 0 0 0 0 
1 0.498573 0.124684 0.00821125 5.8e-05 0 0 0 0 0 0 0 0 0 0 0 0 0 0 0 
1 0.501012 0.126864 0.00872525 7.15e-05 0 0 0 0 0 0 0 0 0 0 0 0 0 0 0 
1 0.498447 0.124202 0.00823975 5.7e-05 0 0 0 0 0 0 0 0 0 0 0 0 0 0 0 
1 0.500116 0.125723 0.00821625 5e-05 5e-07 0 0 0 0 0 0 0 0 0 0 0 0 0 0 
1 0.498797 0.125737 0.00867225 7.675e-05 0 0 0 0 0 0 0 0 0 0 0 0 0 0 0 
1 0.501751 0.126873 0.008385 6.2e-05 0 0 0 0 0 0 0 0 0 0 0 0 0 0 0 
1 0.501442 0.127146 0.008559 8.325e-05 1e-06 0 0 0 0 0 0 0 0 0 0 0 0 0 0 
1 0.498907 0.12491 0.0082335 5.225e-05 0 0 0 0 0 0 0 0 0 0 0 0 0 0 0 
1 0.499141 0.125474 0.0082105 5.95e-05 1.5e-06 0 0 0 0 0 0 0 0 0 0 0 0 0 0 
1 0.499091 0.12541 0.008184 4.85e-05 0 0 0 0 0 0 0 0 0 0 0 0 0 0 0 
1 0.499548 0.125863 0.008393 5.425e-05 0 0 0 0 0 0 0 0 0 0 0 0 0 0 0 
1 0.49943 0.125458 0.008428 4.775e-05 0 0 0 0 0 0 0 0 0 0 0 0 0 0 0 
1 0.500636 0.126764 0.008394 6.175e-05 0 0 0 0 0 0 0 0 0 0 0 0 0 0 0 
1 0.499226 0.124655 0.00812325 7.325e-05 7.5e-07 0 0 0 0 0 0 0 0 0 0 0 0 0 0 
1 0.498904 0.125238 0.008273 5e-05 0 0 0 0 0 0 0 0 0 0 0 0 0 0 0 
1 0.500073 0.125845 0.0083365 7.1e-05 0 0 0 0 0 0 0 0 0 0 0 0 0 0 0 
1 0.501009 0.126967 0.0085945 6.525e-05 0 0 0 0 0 0 0 0 0 0 0 0 0 0 0 
1 0.50085 0.126594 0.00873875 8.225e-05 0 0 0 0 0 0 0 0 0 0 0 0 0 0 0 
1 0.500357 0.126234 0.0084495 6.025e-05 1.25e-06 0 0 0 0 0 0 0 0 0 0 0 0 0 0 
1 0.500132 0.12573 0.008291 5.625e-05 0 0 0 0 0 0 0 0 0 0 0 0 0 0 0 
1 0.500602 0.127087 0.0086225 6.6e-05 0 0 0 0 0 0 0 0 0 0 0 0 0 0 0 
1 0.49928 0.12452 0.00813525 5.625e-05 1.25e-06 0 0 0 0 0 0 0 0 0 0 0 0 0 0 
1 0.498764 0.125025 0.00821025 3.95e-05 0 0 0 0 0 0 0 0 0 0 0 0 0 0 0 
1 0.499356 0.125562 0.008254 5.3e-05 0 0 0 0 0 0 0 0 0 0 0 0 0 0 0 
1 0.500272 0.12616 0.00828325 6.675e-05 2.5e-07 0 0 0 0 0 0 0 0 0 0 0 0 0 0 
1 0.499948 0.125975 0.00835725 7.275e-05 0 0 0 0 0 0 0 0 0 0 0 0 0 0 0 
1 0.500024 0.125932 0.008337 7.55e-05 0 0 0 0 0 0 0 0 0 0 0 0 0 0 0 
1 0.500693 0.126701 0.00857975 5.625e-05 0 0 0 0 0 0 0 0 0 0 0 0 0 0 0 
1 0.499148 0.124313 0.00804825 6.425e-05 0 0 0 0 0 0 0 0 0 0 0 0 0 0 0 
1 0.499167 0.125226 0.00829725 5.9e-05 0 0 0 0 0 0 0 0 0 0 0 0 0 0 0 
1 0.500861 0.126407 0.00831425 5.925e-05 0 0 0 0 0 0 0 0 0 0 0 0 0 0 0 
1 0.500189 0.126028 0.00850925 6.375e-05 1.75e-06 0 0 0 0 0 0 0 0 0 0 0 0 0 0 
1 0.500999 0.126203 0.00841525 6.075e-05 7.5e-07 0 0 0 0 0 0 0 0 0 0 0 0 0 0 
1 0.499174 0.125079 0.00833225 5e-05 0 0 0 0 0 0 0 0 0 0 0 0 0 0 0 
1 0.499609 0.125386 0.008224 7.875e-05 0 0 0 0 0 0 0 0 0 0 0 0 0 0 0 
1 0.501578 0.127441 0.008698 6.5e-05 0 0 0 0 0 0 0 0 0 0 0 0 0 0 0 
1 0.49948 0.124727 0.00818125 5.5e-05 0 0 0 0 0 0 0 0 0 0 0 0 0 0 0 
1 0.501785 0.126959 0.008632 7.325e-05 2.25e-06 0 0 0 0 0 0 0 0 0 0 0 0 0 0 
1 0.499125 0.125242 0.0081925 6.45e-05 2.25e-06 0 0 0 0 0 0 0 0 0 0 0 0 0 0 
1 0.499718 0.125963 0.008576 8.15e-05 0 0 0 0 0 0 0 0 0 0 0 0 0 0 0 
1 0.499701 0.126276 0.008418 6.75e-05 0 0 0 0 0 0 0 0 0 0 0 0 0 0 0 
1 0.499758 0.125768 0.0084725 6.2e-05 0 0 0 0 0 0 0 0 0 0 0 0 0 0 0 
1 0.500541 0.125474 0.0083185 6.075e-05 0 0 0 0 0 0 0 0 0 0 0 0 0 0 0 
1 0.501087 0.126566 0.0085455 6.775e-05 0 0 0 0 0 0 0 0 0 0 0 0 0 0 0 
1 0.500195 0.125751 0.0083795 6.175e-05 0 0 0 0 0 0 0 0 0 0 0 0 0 0 0 
1 0.500574 0.126107 0.008416 5.325e-05 0 0 0 0 0 0 0 0 0 0 0 0 0 0 0 
1 0.499462 0.124765 0.0082215 5.175e-05 0 0 0 0 0 0 0 0 0 0 0 0 0 0 0 
1 0.500028 0.125736 0.008286 5.725e-05 0 0 0 0 0 0 0 0 0 0 0 0 0 0 0 
1 0.500561 0.126543 0.0083875 6.625e-05 2.5e-07 0 0 0 0 0 0 0 0 0 0 0 0 0 0 
1 0.499846 0.12589 0.0082915 4.7e-05 0 0 0 0 0 0 0 0 0 0 0 0 0 0 0 
1 0.498942 0.124696 0.00806425 6.4e-05 0 0 0 0 0 0 0 0 0 0 0 0 0 0 0 
1 0.499091 0.125845 0.00846475 6.675e-05 0 0 0 0 0 0 0 0 0 0 0 0 0 0 0 
1 0.500222 0.126226 0.00871775 7.3e-05 0 0 0 0 0 0 0 0 0 0 0 0 0 0 0 
1 0.501411 0.127412 0.0085215 5.325e-05 0 0 0 0 0 0 0 0 0 0 0 0 0 0 0 
1 0.501315 0.127043 0.00846075 6.475e-05 0 0 0 0 0 0 0 0 0 0 0 0 0 0 0 
1 0.502159 0.126998 0.0084315 4.95e-05 0 0 0 0 0 0 0 0 0 0 0 0 0 0 0 
1 0.500964 0.127026 0.008757 5.225e-05 0 0 0 0 0 0 0 0 0 0 0 0 0 0 0 
1 0.500035 0.126202 0.0084855 4.85e-05 0 0 0 0 0 0 0 0 0 0 0 0 0 0 0 
1 0.499926 0.125836 0.008382 6.5e-05 0 0 0 0 0 0 0 0 0 0 0 0 0 0 0 
1 0.501339 0.126119 0.008452 6.925e-05 0 0 0 0 0 0 0 0 0 0 0 0 0 0 0 
1 0.500706 0.126587 0.00853125 7.8e-05 0 0 0 0 0 0 0 0 0 0 0 0 0 0 0 
1 0.500002 0.125102 0.00838525 6.2e-05 2.5e-07 0 0 0 0 0 0 0 0 0 0 0 0 0 0 
1 0.500722 0.125609 0.00832675 5.375e-05 0 0 0 0 0 0 0 0 0 0 0 0 0 0 0 
1 0.500645 0.126374 0.008421 7.15e-05 0 0 0 0 0 0 0 0 0 0 0 0 0 0 0 
1 0.49952 0.124456 0.008093 6.375e-05 0 0 0 0 0 0 0 0 0 0 0 0 0 0 0 
1 0.499007 0.12517 0.00831275 5.425e-05 0 0 0 0 0 0 0 0 0 0 0 0 0 0 0 
1 0.500101 0.125368 0.00825225 5.75e-05 2.5e-07 0 0 0 0 0 0 0 0 0 0 0 0 0 0 
1 0.500605 0.126492 0.00846775 7.575e-05 0 0 0 0 0 0 0 0 0 0 0 0 0 0 0 
1 0.500615 0.125611 0.00831175 5.7e-05 0 0 0 0 0 0 0 0 0 0 0 0 0 0 0 
1 0.500072 0.126034 0.008328 5.175e-05 0 0 0 0 0 0 0 0 0 0 0 0 0 0 0 
1 0.499821 0.125442 0.008456 5.075e-05 0 0 0 0 0 0 0 0 0 0 0 0 0 0 0 
1 0.499542 0.125466 0.008406 6.975e-05 0 0 0 0 0 0 0 0 0 0 0 0 0 0 0 
1 0.500049 0.125561 0.00829975 5.15e-05 0 0 0 0 0 0 0 0 0 0 0 0 0 0 0 
1 0.499713 0.125152 0.00832025 5.75e-05 0 0 0 0 0 0 0 0 0 0 0 0 0 0 0 
1 0.500375 0.125827 0.008406 6.025e-05 0 0 0 0 0 0 0 0 0 0 0 0 0 0 0 
1 0.498698 0.125095 0.00820225 4.475e-05 0 0 0 0 0 0 0 0 0 0 0 0 0 0 0 
1 0.499662 0.125054 0.008287 6.375e-05 5e-07 0 0 0 0 0 0 0 0 0 0 0 0 0 0 
1 0.500534 0.125823 0.0081795 5.775e-05 0 0 0 0 0 0 0 0 0 0 0 0 0 0 0 
1 0.499915 0.125633 0.00828225 6.375e-05 0 0 0 0 0 0 0 0 0 0 0 0 0 0 0 
1 0.500145 0.125947 0.0085075 4.2e-05 0 0 0 0 0 0 0 0 0 0 0 0 0 0 0 
1 0.499898 0.125361 0.00827025 6.125e-05 0 0 0 0 0 0 0 0 0 0 0 0 0 0 0 
1 0.499108 0.12514 0.00829425 6.75e-05 0 0 0 0 0 0 0 0 0 0 0 0 0 0 0 
1 0.500016 0.125482 0.00830925 4.8e-05 0 0 0 0 0 0 0 0 0 0 0 0 0 0 0 
1 0.49901 0.124962 0.00825625 5.7e-05 0 0 0 0 0 0 0 0 0 0 0 0 0 0 0 
1 0.50054 0.125916 0.0083005 5.35e-05 0 0 0 0 0 0 0 0 0 0 0 0 0 0 0 
1 0.500902 0.125974 0.0084055 5.675e-05 0 0 0 0 0 0 0 0 0 0 0 0 0 0 0 
1 0.500957 0.12616 0.0087045 6.85e-05 0 0 0 0 0 0 0 0 0 0 0 0 0 0 0 
1 0.500412 0.125646 0.008 4.225e-05 0 0 0 0 0 0 0 0 0 0 0 0 0 0 0 
1 0.500503 0.126418 0.008452 7.6e-05 0 0 0 0 0 0 0 0 0 0 0 0 0 0 0 
1 0.500383 0.126679 0.0084195 5.25e-05 0 0 0 0 0 0 0 0 0 0 0 0 0 0 0 
1 0.500757 0.126109 0.0086425 8.05e-05 1.75e-06 0 0 0 0 0 0 0 0 0 0 0 0 0 0 
1 0.500215 0.126046 0.0083 5.8e-05 0 0 0 0 0 0 0 0 0 0 0 0 0 0 0 
1 0.500837 0.126393 0.008381 6.875e-05 0 0 0 0 0 0 0 0 0 0 0 0 0 0 0 
1 0.499523 0.125252 0.0083195 7.9e-05 0 0 0 0 0 0 0 0 0 0 0 0 0 0 0 
1 0.498941 0.125474 0.008416 7.4e-05 0 0 0 0 0 0 0 0 0 0 0 0 0 0 0 
1 0.499576 0.12561 0.00839075 6.025e-05 2e-06 0 0 0 0 0 0 0 0 0 0 0 0 0 0 
1 0.501413 0.127555 0.008592 6.7e-05 5e-07 0 0 0 0 0 0 0 0 0 0 0 0 0 0 
1 0.499532 0.125287 0.00827125 7.85e-05 0 0 0 0 0 0 0 0 0 0 0 0 0 0 0 
1 0.499965 0.125796 0.0083115 7.075e-05 2.5e-07 0 0 0 0 0 0 0 0 0 0 0 0 0 0 
1 0.499193 0.125407 0.008429 6.425e-05 0 0 0 0 0 0 0 0 0 0 0 0 0 0 0 
1 0.497553 0.124186 0.00826075 5.775e-05 0 0 0 0 0 0 0 0 0 0 0 0 0 0 0 
1 0.500219 0.126017 0.008289 7.375e-05 2.5e-07 0 0 0 0 0 0 0 0 0 0 0 0 0 0 
1 0.50096 0.12607 0.00858525 7.575e-05 0 0 0 0 0 0 0 0 0 0 0 0 0 0 0 
1 0.499009 0.125121 0.00806225 5.025e-05 0 0 0 0 0 0 0 0 0 0 0 0 0 0 0 
1 0.500882 0.126681 0.0085845 6.1e-05 0 0 0 0 0 0 0 0 0 0 0 0 0 0 0 
1 0.500088 0.126251 0.008355 5.45e-05 0 0 0 0 0 0 0 0 0 0 0 0 0 0 0 
1 0.50069 0.126966 0.00862625 7.05e-05 0 0 0 0 0 0 0 0 0 0 0 0 0 0 0 
1 0.500968 0.126815 0.00868775 8.575e-05 0 0 0 0 0 0 0 0 0 0 0 0 0 0 0 
1 0.499717 0.125574 0.00821325 4.925e-05 0 0 0 0 0 0 0 0 0 0 0 0 0 0 0 
1 0.50091 0.126389 0.00852475 6.825e-05 0 0 0 0 0 0 0 0 0 0 0 0 0 0 0 
1 0.500743 0.126549 0.0085685 6.8e-05 0 0 0 0 0 0 0 0 0 0 0 0 0 0 0 
1 0.500511 0.126264 0.008634 7.675e-05 1.25e-06 0 0 0 0 0 0 0 0 0 0 0 0 0 0 
1 0.500242 0.125588 0.008462 6.95e-05 0 0 0 0 0 0 0 0 0 0 0 0 0 0 0 
1 0.497754 0.124174 0.00786175 5.15e-05 0 0 0 0 0 0 0 0 0 0 0 0 0 0 0 
1 0.500667 0.126272 0.008437 5.3e-05 0 0 0 0 0 0 0 0 0 0 0 0 0 0 0 
1 0.500861 0.126033 0.0083275 5.775e-05 0 0 0 0 0 0 0 0 0 0 0 0 0 0 0 
1 0.497637 0.124418 0.00809 6.325e-05 1.25e-06 0 0 0 0 0 0 0 0 0 0 0 0 0 0 
1 0.499507 0.125595 0.0082985 6.7e-05 0 0 0 0 0 0 0 0 0 0 0 0 0 0 0 
1 0.499521 0.125581 0.00840275 6.65e-05 0 0 0 0 0 0 0 0 0 0 0 0 0 0 0 
1 0.500777 0.12574 0.0085065 7.375e-05 2.5e-07 0 0 0 0 0 0 0 0 0 0 0 0 0 0 
1 0.499732 0.125945 0.00843275 5.45e-05 0 0 0 0 0 0 0 0 0 0 0 0 0 0 0 
1 0.498986 0.124732 0.0081635 4.3e-05 0 0 0 0 0 0 0 0 0 0 0 0 0 0 0 
1 0.500106 0.125913 0.00827875 7.175e-05 1.75e-06 0 0 0 0 0 0 0 0 0 0 0 0 0 0 
1 0.499727 0.125621 0.008288 5.6e-05 0 0 0 0 0 0 0 0 0 0 0 0 0 0 0 
1 0.500024 0.125359 0.00826925 5e-05 0 0 0 0 0 0 0 0 0 0 0 0 0 0 0 
1 0.499956 0.12547 0.0081595 6.025e-05 1e-06 0 0 0 0 0 0 0 0 0 0 0 0 0 0 
1 0.501105 0.126536 0.00842675 7e-05 5e-07 0 0 0 0 0 0 0 0 0 0 0 0 0 0 
1 0.499469 0.125156 0.00831825 5.5e-05 0 0 0 0 0 0 0 0 0 0 0 0 0 0 0 
1 0.499815 0.125662 0.008334 6.45e-05 0 0 0 0 0 0 0 0 0 0 0 0 0 0 0 
1 0.499753 0.125578 0.008359 5.675e-05 0 0 0 0 0 0 0 0 0 0 0 0 0 0 0 
1 0.498599 0.124888 0.008215 5.325e-05 0 0 0 0 0 0 0 0 0 0 0 0 0 0 0 
1 0.499847 0.125503 0.00819175 6.425e-05 0 0 0 0 0 0 0 0 0 0 0 0 0 0 0 
1 0.500571 0.125466 0.008398 5.675e-05 0 0 0 0 0 0 0 0 0 0 0 0 0 0 0 
1 0.501827 0.126975 0.00854325 5.575e-05 0 0 0 0 0 0 0 0 0 0 0 0 0 0 0 
1 0.500294 0.126094 0.008301 5.7e-05 0 0 0 0 0 0 0 0 0 0 0 0 0 0 0 
1 0.500072 0.125854 0.00829025 7.8e-05 0 0 0 0 0 0 0 0 0 0 0 0 0 0 0 
1 0.500954 0.126505 0.00833425 3.975e-05 0 0 0 0 0 0 0 0 0 0 0 0 0 0 0 
1 0.499566 0.12566 0.00832325 5.65e-05 0 0 0 0 0 0 0 0 0 0 0 0 0 0 0 
1 0.500619 0.126553 0.0085235 5.85e-05 0 0 0 0 0 0 0 0 0 0 0 0 0 0 0 
1 0.499163 0.124898 0.00831975 7.225e-05 0 0 0 0 0 0 0 0 0 0 0 0 0 0 0 
1 0.499254 0.125288 0.00806375 4.95e-05 0 0 0 0 0 0 0 0 0 0 0 0 0 0 0 
1 0.499902 0.125851 0.00830325 7.975e-05 0 0 0 0 0 0 0 0 0 0 0 0 0 0 0 
1 0.499531 0.125468 0.0083045 6.7e-05 0 0 0 0 0 0 0 0 0 0 0 0 0 0 0 
1 0.498606 0.125814 0.0085265 6.25e-05 0 0 0 0 0 0 0 0 0 0 0 0 0 0 0 
1 0.499578 0.124913 0.0081785 6.15e-05 0 0 0 0 0 0 0 0 0 0 0 0 0 0 0 
1 0.501446 0.127178 0.008546 5.4e-05 0 0 0 0 0 0 0 0 0 0 0 0 0 0 0 
1 0.500183 0.126182 0.008325 5.075e-05 0 0 0 0 0 0 0 0 0 0 0 0 0 0 0 
1 0.500287 0.126291 0.008229 6.425e-05 0 0 0 0 0 0 0 0 0 0 0 0 0 0 0 
1 0.497682 0.123847 0.00803175 6e-05 0 0 0 0 0 0 0 0 0 0 0 0 0 0 0 
1 0.50012 0.12605 0.0085155 6.125e-05 0 0 0 0 0 0 0 0 0 0 0 0 0 0 0 
1 0.500683 0.126035 0.0086075 6.25e-05 2.5e-07 0 0 0 0 0 0 0 0 0 0 0 0 0 0 
1 0.500711 0.126576 0.00851525 6e-05 0 0 0 0 0 0 0 0 0 0 0 0 0 0 0 
1 0.498317 0.124411 0.008098 4.85e-05 0 0 0 0 0 0 0 0 0 0 0 0 0 0 0 
1 0.497897 0.124918 0.008185 6.2e-05 1e-06 0 0 0 0 0 0 0 0 0 0 0 0 0 0 
1 0.500366 0.126024 0.00832525 7.55e-05 0 0 0 0 0 0 0 0 0 0 0 0 0 0 0 
1 0.500037 0.126044 0.00832825 5.35e-05 0 0 0 0 0 0 0 0 0 0 0 0 0 0 0 
1 0.50065 0.126527 0.008501 5.525e-05 0 0 0 0 0 0 0 0 0 0 0 0 0 0 0 
1 0.499172 0.125862 0.008493 7.3e-05 0 0 0 0 0 0 0 0 0 0 0 0 0 0 0 
1 0.500488 0.12582 0.008214 6.55e-05 0 0 0 0 0 0 0 0 0 0 0 0 0 0 0 
1 0.499507 0.125417 0.0083065 5.975e-05 0 0 0 0 0 0 0 0 0 0 0 0 0 0 0 
1 0.500236 0.125226 0.008219 3.8e-05 0 0 0 0 0 0 0 0 0 0 0 0 0 0 0 
1 0.500395 0.126815 0.00853625 8.8e-05 0 0 0 0 0 0 0 0 0 0 0 0 0 0 0 
1 0.499666 0.125141 0.00819025 5.7e-05 0 0 0 0 0 0 0 0 0 0 0 0 0 0 0 
1 0.499967 0.126295 0.00843075 5.4e-05 0 0 0 0 0 0 0 0 0 0 0 0 0 0 0 
1 0.50013 0.125425 0.007958 4.425e-05 1.5e-06 0 0 0 0 0 0 0 0 0 0 0 0 0 0 
1 0.50036 0.125981 0.008408 7.175e-05 0 0 0 0 0 0 0 0 0 0 0 0 0 0 0 
1 0.500979 0.126801 0.00841625 6.8e-05 0 0 0 0 0 0 0 0 0 0 0 0 0 0 0 
1 0.499301 0.125439 0.00847175 7.125e-05 0 0 0 0 0 0 0 0 0 0 0 0 0 0 0 
1 0.500608 0.126242 0.00837325 7.7e-05 0 0 0 0 0 0 0 0 0 0 0 0 0 0 0 
1 0.499451 0.125647 0.008213 5.475e-05 1.75e-06 0 0 0 0 0 0 0 0 0 0 0 0 0 0 
1 0.500789 0.126451 0.00846175 5.6e-05 0 0 0 0 0 0 0 0 0 0 0 0 0 0 0 
1 0.500242 0.126425 0.0084555 6.075e-05 0 0 0 0 0 0 0 0 0 0 0 0 0 0 0 
1 0.498638 0.12516 0.0082795 5.8e-05 0 0 0 0 0 0 0 0 0 0 0 0 0 0 0 
1 0.500235 0.126004 0.00829125 8.225e-05 0 0 0 0 0 0 0 0 0 0 0 0 0 0 0 
1 0.500555 0.126131 0.0084185 5.8e-05 0 0 0 0 0 0 0 0 0 0 0 0 0 0 0 
1 0.499373 0.124946 0.0082035 4.575e-05 0 0 0 0 0 0 0 0 0 0 0 0 0 0 0 
1 0.499738 0.125852 0.00823125 6.1e-05 0 0 0 0 0 0 0 0 0 0 0 0 0 0 0 
1 0.500859 0.126873 0.008403 7.375e-05 0 0 0 0 0 0 0 0 0 0 0 0 0 0 0 
1 0.49992 0.126595 0.0085255 7.275e-05 0 0 0 0 0 0 0 0 0 0 0 0 0 0 0 
1 0.498801 0.124801 0.00835 6.85e-05 0 0 0 0 0 0 0 0 0 0 0 0 0 0 0 
1 0.501348 0.126823 0.0085065 5.375e-05 0 0 0 0 0 0 0 0 0 0 0 0 0 0 0 
1 0.498737 0.124484 0.00806875 4.025e-05 0 0 0 0 0 0 0 0 0 0 0 0 0 0 0 
1 0.499466 0.125746 0.00864125 7.525e-05 0 0 0 0 0 0 0 0 0 0 0 0 0 0 0 
1 0.500778 0.126015 0.008423 6.15e-05 0 0 0 0 0 0 0 0 0 0 0 0 0 0 0 
1 0.500204 0.125782 0.00837025 6.5e-05 0 0 0 0 0 0 0 0 0 0 0 0 0 0 0 
1 0.49885 0.125358 0.008366 6.525e-05 0 0 0 0 0 0 0 0 0 0 0 0 0 0 0 
1 0.50122 0.126861 0.00841825 5.2e-05 2.5e-07 0 0 0 0 0 0 0 0 0 0 0 0 0 0 
1 0.500702 0.125755 0.0083375 5.225e-05 0 0 0 0 0 0 0 0 0 0 0 0 0 0 0 
1 0.500313 0.125463 0.00845075 6.95e-05 0 0 0 0 0 0 0 0 0 0 0 0 0 0 0 
1 0.501075 0.126997 0.00875225 8.575e-05 0 0 0 0 0 0 0 0 0 0 0 0 0 0 0 
1 0.500023 0.125549 0.0081965 6.625e-05 0 0 0 0 0 0 0 0 0 0 0 0 0 0 0 
1 0.499208 0.125427 0.00841275 5.375e-05 0 0 0 0 0 0 0 0 0 0 0 0 0 0 0 
1 0.499928 0.125612 0.008378 5.975e-05 0 0 0 0 0 0 0 0 0 0 0 0 0 0 0 
1 0.500854 0.126419 0.00833425 8.025e-05 0 0 0 0 0 0 0 0 0 0 0 0 0 0 0 
1 0.498618 0.124766 0.0080665 5.75e-05 0 0 0 0 0 0 0 0 0 0 0 0 0 0 0 
1 0.500559 0.127071 0.00856975 7.375e-05 0 0 0 0 0 0 0 0 0 0 0 0 0 0 0 
1 0.499776 0.125798 0.008242 4.6e-05 0 0 0 0 0 0 0 0 0 0 0 0 0 0 0 
1 0.500705 0.126675 0.00846325 7.55e-05 0 0 0 0 0 0 0 0 0 0 0 0 0 0 0 
1 0.499292 0.12557 0.00838225 5.625e-05 0 0 0 0 0 0 0 0 0 0 0 0 0 0 0 
1 0.500475 0.12658 0.008703 5.55e-05 0 0 0 0 0 0 0 0 0 0 0 0 0 0 0 
1 0.500032 0.126116 0.00848275 5.225e-05 5e-07 0 0 0 0 0 0 0 0 0 0 0 0 0 0 
1 0.499571 0.125351 0.00826025 6.05e-05 0 0 0 0 0 0 0 0 0 0 0 0 0 0 0 
1 0.500261 0.12584 0.008232 5.475e-05 0 0 0 0 0 0 0 0 0 0 0 0 0 0 0 
1 0.500006 0.126676 0.00853675 5.25e-05 0 0 0 0 0 0 0 0 0 0 0 0 0 0 0 
1 0.497529 0.123205 0.00783575 5.5e-05 0 0 0 0 0 0 0 0 0 0 0 0 0 0 0 
1 0.499405 0.125624 0.008408 6e-05 0 0 0 0 0 0 0 0 0 0 0 0 0 0 0 
1 0.499707 0.125981 0.00840775 7e-05 7.5e-07 0 0 0 0 0 0 0 0 0 0 0 0 0 0 
1 0.500972 0.125943 0.00816275 5.125e-05 0 0 0 0 0 0 0 0 0 0 0 0 0 0 0 
1 0.501469 0.126673 0.008521 5.325e-05 0 0 0 0 0 0 0 0 0 0 0 0 0 0 0 
1 0.49979 0.126063 0.00839925 6.7e-05 0 0 0 0 0 0 0 0 0 0 0 0 0 0 0 
1 0.500366 0.125733 0.008388 6.025e-05 0 0 0 0 0 0 0 0 0 0 0 0 0 0 0 
1 0.499142 0.12558 0.008304 7.05e-05 0 0 0 0 0 0 0 0 0 0 0 0 0 0 0 
1 0.500438 0.125958 0.0085375 7.275e-05 0 0 0 0 0 0 0 0 0 0 0 0 0 0 0 
1 0.499256 0.125008 0.00840425 8.025e-05 0 0 0 0 0 0 0 0 0 0 0 0 0 0 0 
1 0.498086 0.124947 0.00824575 7.5e-05 0 0 0 0 0 0 0 0 0 0 0 0 0 0 0 
1 0.498715 0.125098 0.0082955 6.725e-05 2.5e-07 0 0 0 0 0 0 0 0 0 0 0 0 0 0 
1 0.499911 0.126098 0.00850775 5.775e-05 0 0 0 0 0 0 0 0 0 0 0 0 0 0 0 
1 0.498997 0.125848 0.008616 7.425e-05 1e-06 0 0 0 0 0 0 0 0 0 0 0 0 0 0 
1 0.499872 0.124682 0.008146 5.675e-05 0 0 0 0 0 0 0 0 0 0 0 0 0 0 0 
1 0.499298 0.125997 0.00846425 5.2e-05 3e-06 0 0 0 0 0 0 0 0 0 0 0 0 0 0 
1 0.499207 0.125053 0.008454 7.3e-05 2.5e-07 0 0 0 0 0 0 0 0 0 0 0 0 0 0 
1 0.497877 0.124434 0.0081785 6e-05 0 0 0 0 0 0 0 0 0 0 0 0 0 0 0 
1 0.499115 0.125332 0.0081775 5.925e-05 0 0 0 0 0 0 0 0 0 0 0 0 0 0 0 
1 0.499774 0.125876 0.00829825 5.25e-05 2.5e-07 0 0 0 0 0 0 0 0 0 0 0 0 0 0 
1 0.498908 0.125187 0.0080895 6.7e-05 0 0 0 0 0 0 0 0 0 0 0 0 0 0 0 
1 0.500363 0.12626 0.00863825 6.85e-05 0 0 0 0 0 0 0 0 0 0 0 0 0 0 0 
1 0.49924 0.125733 0.0085805 6.85e-05 0 0 0 0 0 0 0 0 0 0 0 0 0 0 0 
1 0.498789 0.125056 0.00816275 5.475e-05 0 0 0 0 0 0 0 0 0 0 0 0 0 0 0 
1 0.499646 0.125934 0.0084735 6.1e-05 0 0 0 0 0 0 0 0 0 0 0 0 0 0 0 
1 0.499888 0.125767 0.008409 6.125e-05 0 0 0 0 0 0 0 0 0 0 0 0 0 0 0 
1 0.500533 0.126069 0.0085235 6.05e-05 0 0 0 0 0 0 0 0 0 0 0 0 0 0 0 
1 0.500398 0.125755 0.00841125 4.9e-05 0 0 0 0 0 0 0 0 0 0 0 0 0 0 0 
1 0.500644 0.126243 0.00842275 8.475e-05 0 0 0 0 0 0 0 0 0 0 0 0 0 0 0 
1 0.500986 0.126959 0.00864075 6.875e-05 0 0 0 0 0 0 0 0 0 0 0 0 0 0 0 
1 0.499099 0.124882 0.008071 4.45e-05 0 0 0 0 0 0 0 0 0 0 0 0 0 0 0 
1 0.500213 0.12516 0.00822925 5.425e-05 0 0 0 0 0 0 0 0 0 0 0 0 0 0 0 
1 0.500365 0.125946 0.00842725 6.575e-05 7.5e-07 0 0 0 0 0 0 0 0 0 0 0 0 0 0 
1 0.500839 0.126452 0.0084605 7.025e-05 0 0 0 0 0 0 0 0 0 0 0 0 0 0 0 
1 0.499397 0.125424 0.0082385 6.875e-05 1e-06 0 0 0 0 0 0 0 0 0 0 0 0 0 0 
1 0.498475 0.124047 0.0080295 6.975e-05 0 0 0 0 0 0 0 0 0 0 0 0 0 0 0 
1 0.49964 0.124815 0.00824525 7.125e-05 1.75e-06 0 0 0 0 0 0 0 0 0 0 0 0 0 0 
1 0.501295 0.126414 0.00848425 5.65e-05 0 0 0 0 0 0 0 0 0 0 0 0 0 0 0 
1 0.49941 0.125967 0.008416 7.6e-05 0 0 0 0 0 0 0 0 0 0 0 0 0 0 0 
1 0.500597 0.126688 0.00870775 6.075e-05 0 0 0 0 0 0 0 0 0 0 0 0 0 0 0 
1 0.500743 0.126507 0.00840925 6.55e-05 0 0 0 0 0 0 0 0 0 0 0 0 0 0 0 
1 0.499597 0.125776 0.00824025 5.7e-05 5e-07 0 0 0 0 0 0 0 0 0 0 0 0 0 0 
1 0.499908 0.125529 0.00832275 5e-05 0 0 0 0 0 0 0 0 0 0 0 0 0 0 0 
1 0.500853 0.126137 0.0083245 6.35e-05 0 0 0 0 0 0 0 0 0 0 0 0 0 0 0 
1 0.500498 0.126707 0.00842725 4.8e-05 0 0 0 0 0 0 0 0 0 0 0 0 0 0 0 
1 0.501022 0.127194 0.00848875 7.975e-05 0 0 0 0 0 0 0 0 0 0 0 0 0 0 0 
1 0.499959 0.125375 0.008196 4.5e-05 0 0 0 0 0 0 0 0 0 0 0 0 0 0 0 
1 0.499945 0.126026 0.00834025 7.225e-05 0 0 0 0 0 0 0 0 0 0 0 0 0 0 0 
1 0.500352 0.125854 0.00827425 5.725e-05 0 0 0 0 0 0 0 0 0 0 0 0 0 0 0 
1 0.499926 0.125894 0.0084775 6.675e-05 0 0 0 0 0 0 0 0 0 0 0 0 0 0 0 
1 0.499006 0.124567 0.00815125 4.55e-05 0 0 0 0 0 0 0 0 0 0 0 0 0 0 0 
1 0.498918 0.125161 0.0083825 6.55e-05 0 0 0 0 0 0 0 0 0 0 0 0 0 0 0 
1 0.499876 0.126006 0.00835075 6.9e-05 0 0 0 0 0 0 0 0 0 0 0 0 0 0 0 
1 0.499683 0.125572 0.00834975 7e-05 0 0 0 0 0 0 0 0 0 0 0 0 0 0 0 
1 0.499657 0.125274 0.0083905 5.825e-05 0 0 0 0 0 0 0 0 0 0 0 0 0 0 0 
1 0.498731 0.125526 0.00840125 5.75e-05 0 0 0 0 0 0 0 0 0 0 0 0 0 0 0 
1 0.500853 0.126228 0.0085 5.45e-05 0 0 0 0 0 0 0 0 0 0 0 0 0 0 0 
1 0.49811 0.125104 0.00819075 4.8e-05 0 0 0 0 0 0 0 0 0 0 0 0 0 0 0 
1 0.498018 0.124766 0.00808675 5.3e-05 0 0 0 0 0 0 0 0 0 0 0 0 0 0 0 
1 0.500074 0.125547 0.00826075 5.8e-05 0 0 0 0 0 0 0 0 0 0 0 0 0 0 0 
1 0.499749 0.125078 0.00817175 4.45e-05 0 0 0 0 0 0 0 0 0 0 0 0 0 0 0 
1 0.499776 0.125961 0.0083765 7.3e-05 0 0 0 0 0 0 0 0 0 0 0 0 0 0 0 
1 0.500316 0.126091 0.00840575 5.35e-05 0 0 0 0 0 0 0 0 0 0 0 0 0 0 0 
1 0.498789 0.124605 0.00833025 5.75e-05 0 0 0 0 0 0 0 0 0 0 0 0 0 0 0 
1 0.498985 0.124495 0.008185 6.3e-05 0 0 0 0 0 0 0 0 0 0 0 0 0 0 0 
1 0.499835 0.125733 0.00843975 5.35e-05 2.5e-07 0 0 0 0 0 0 0 0 0 0 0 0 0 0 
1 0.498372 0.12451 0.00794875 7.6e-05 0 0 0 0 0 0 0 0 0 0 0 0 0 0 0 
1 0.499771 0.125685 0.00841675 5.9e-05 0 0 0 0 0 0 0 0 0 0 0 0 0 0 0 
1 0.500511 0.126176 0.008519 5.275e-05 0 0 0 0 0 0 0 0 0 0 0 0 0 0 0 
1 0.499969 0.125415 0.00814875 7.1e-05 0 0 0 0 0 0 0 0 0 0 0 0 0 0 0 
1 0.500852 0.126336 0.008513 6.6e-05 0 0 0 0 0 0 0 0 0 0 0 0 0 0 0 
1 0.498831 0.125531 0.00832275 7.125e-05 0 0 0 0 0 0 0 0 0 0 0 0 0 0 0 
1 0.500974 0.126736 0.008551 5.375e-05 0 0 0 0 0 0 0 0 0 0 0 0 0 0 0 
1 0.500856 0.126003 0.00839175 6.85e-05 0 0 0 0 0 0 0 0 0 0 0 0 0 0 0 
1 0.499982 0.12614 0.008566 8.75e-05 0 0 0 0 0 0 0 0 0 0 0 0 0 0 0 
1 0.499282 0.125353 0.0083365 8.45e-05 0 0 0 0 0 0 0 0 0 0 0 0 0 0 0 
1 0.498154 0.124835 0.0082115 4.975e-05 0 0 0 0 0 0 0 0 0 0 0 0 0 0 0 
1 0.499663 0.125082 0.00805 5.225e-05 0 0 0 0 0 0 0 0 0 0 0 0 0 0 0 
1 0.499818 0.125857 0.0085935 6.4e-05 0 0 0 0 0 0 0 0 0 0 0 0 0 0 0 
1 0.501082 0.126691 0.0086425 7.6e-05 0 0 0 0 0 0 0 0 0 0 0 0 0 0 0 
1 0.50157 0.126802 0.008763 7.6e-05 0 0 0 0 0 0 0 0 0 0 0 0 0 0 0 
1 0.501555 0.127711 0.00879325 6.525e-05 0 0 0 0 0 0 0 0 0 0 0 0 0 0 0 
1 0.500016 0.126177 0.0085 8.025e-05 0 0 0 0 0 0 0 0 0 0 0 0 0 0 0 
1 0.500766 0.126359 0.00842325 6.4e-05 1.25e-06 0 0 0 0 0 0 0 0 0 0 0 0 0 0 
1 0.500748 0.126095 0.00843925 7.75e-05 1e-06 0 0 0 0 0 0 0 0 0 0 0 0 0 0 
1 0.499799 0.125566 0.0082205 4.45e-05 0 0 0 0 0 0 0 0 0 0 0 0 0 0 0 
1 0.500659 0.126633 0.00863025 6.925e-05 0 0 0 0 0 0 0 0 0 0 0 0 0 0 0 
1 0.500848 0.126517 0.00835 5.725e-05 0 0 0 0 0 0 0 0 0 0 0 0 0 0 0 
1 0.498131 0.12444 0.00796875 5.575e-05 0 0 0 0 0 0 0 0 0 0 0 0 0 0 0 
1 0.501085 0.126158 0.008212 5.825e-05 0 0 0 0 0 0 0 0 0 0 0 0 0 0 0 
1 0.499657 0.125875 0.00829925 5.375e-05 0 0 0 0 0 0 0 0 0 0 0 0 0 0 0 
1 0.501645 0.127151 0.0083965 6.55e-05 0 0 0 0 0 0 0 0 0 0 0 0 0 0 0 
1 0.501196 0.126701 0.00842475 4.7e-05 2.5e-07 0 0 0 0 0 0 0 0 0 0 0 0 0 0 
1 0.498543 0.125047 0.0082995 6.8e-05 0 0 0 0 0 0 0 0 0 0 0 0 0 0 0 
1 0.500123 0.12547 0.0080985 5.35e-05 0 0 0 0 0 0 0 0 0 0 0 0 0 0 0 
1 0.498683 0.124947 0.008259 5.875e-05 2.5e-07 0 0 0 0 0 0 0 0 0 0 0 0 0 0 
1 0.500926 0.126794 0.00848275 4.875e-05 0 0 0 0 0 0 0 0 0 0 0 0 0 0 0 
1 0.499816 0.125525 0.0082655 5.875e-05 0 0 0 0 0 0 0 0 0 0 0 0 0 0 0 
1 0.5002 0.125881 0.008277 6.15e-05 0 0 0 0 0 0 0 0 0 0 0 0 0 0 0 
1 0.501092 0.126416 0.00821675 4.45e-05 0 0 0 0 0 0 0 0 0 0 0 0 0 0 0 
1 0.501726 0.127482 0.008717 7.525e-05 5e-07 0 0 0 0 0 0 0 0 0 0 0 0 0 0 
1 0.499055 0.125127 0.008399 5.65e-05 0 0 0 0 0 0 0 0 0 0 0 0 0 0 0 
1 0.500389 0.126252 0.00845925 7.075e-05 0 0 0 0 0 0 0 0 0 0 0 0 0 0 0 
1 0.500389 0.126242 0.00848625 7.85e-05 0 0 0 0 0 0 0 0 0 0 0 0 0 0 0 
1 0.500354 0.126183 0.008286 5.7e-05 0 0 0 0 0 0 0 0 0 0 0 0 0 0 0 
1 0.500478 0.126937 0.0086605 8.825e-05 1.75e-06 0 0 0 0 0 0 0 0 0 0 0 0 0 0 
1 0.50211 0.127145 0.0085875 7.1e-05 0 0 0 0 0 0 0 0 0 0 0 0 0 0 0 
1 0.499782 0.125578 0.00835775 6.05e-05 0 0 0 0 0 0 0 0 0 0 0 0 0 0 0 
1 0.500267 0.126002 0.0083 6.15e-05 0 0 0 0 0 0 0 0 0 0 0 0 0 0 0 
1 0.499264 0.124743 0.00814175 6.875e-05 0 0 0 0 0 0 0 0 0 0 0 0 0 0 0 
1 0.502168 0.127299 0.00841225 4.95e-05 0 0 0 0 0 0 0 0 0 0 0 0 0 0 0 
1 0.501054 0.127103 0.00854475 6.375e-05 0 0 0 0 0 0 0 0 0 0 0 0 0 0 0 
1 0.501104 0.126623 0.008614 5.925e-05 1.5e-06 0 0 0 0 0 0 0 0 0 0 0 0 0 0 
1 0.500461 0.12585 0.008358 6.35e-05 0 0 0 0 0 0 0 0 0 0 0 0 0 0 0 
1 0.499658 0.125631 0.00832775 6.575e-05 0 0 0 0 0 0 0 0 0 0 0 0 0 0 0 
1 0.500238 0.125851 0.00828875 7.125e-05 0 0 0 0 0 0 0 0 0 0 0 0 0 0 0 
1 0.500036 0.125551 0.0083815 5.925e-05 0 0 0 0 0 0 0 0 0 0 0 0 0 0 0 
1 0.49937 0.125957 0.00845 5.8e-05 0 0 0 0 0 0 0 0 0 0 0 0 0 0 0 
1 0.498761 0.125177 0.00829075 6.325e-05 0 0 0 0 0 0 0 0 0 0 0 0 0 0 0 
1 0.499372 0.125665 0.00855825 7.875e-05 1.25e-06 0 0 0 0 0 0 0 0 0 0 0 0 0 0 
1 0.500128 0.125466 0.00830475 6.55e-05 0 0 0 0 0 0 0 0 0 0 0 0 0 0 0 
1 0.500047 0.125786 0.00836175 5.075e-05 0 0 0 0 0 0 0 0 0 0 0 0 0 0 0 
1 0.499309 0.125652 0.00835425 7.775e-05 0 0 0 0 0 0 0 0 0 0 0 0 0 0 0 
1 0.500363 0.125791 0.0083905 5.875e-05 2.5e-07 0 0 0 0 0 0 0 0 0 0 0 0 0 0 
1 0.499163 0.125515 0.00831075 7.275e-05 0 0 0 0 0 0 0 0 0 0 0 0 0 0 0 
1 0.49784 0.123521 0.00783875 5.025e-05 0 0 0 0 0 0 0 0 0 0 0 0 0 0 0 
1 0.499969 0.12618 0.0084865 6.8e-05 0 0 0 0 0 0 0 0 0 0 0 0 0 0 0 
1 0.500796 0.12662 0.00856525 5.275e-05 0 0 0 0 0 0 0 0 0 0 0 0 0 0 0 
1 0.500729 0.126322 0.0083975 5.7e-05 0 0 0 0 0 0 0 0 0 0 0 0 0 0 0 
1 0.500531 0.125945 0.00837725 6.375e-05 0 0 0 0 0 0 0 0 0 0 0 0 0 0 0 
1 0.498606 0.124921 0.00837475 6.75e-05 0 0 0 0 0 0 0 0 0 0 0 0 0 0 0 
1 0.497967 0.124238 0.00798775 6.225e-05 0 0 0 0 0 0 0 0 0 0 0 0 0 0 0 
1 0.501048 0.126603 0.00833675 5.725e-05 0 0 0 0 0 0 0 0 0 0 0 0 0 0 0 
1 0.499878 0.125587 0.00828275 6.05e-05 0 0 0 0 0 0 0 0 0 0 0 0 0 0 0 
1 0.500535 0.126345 0.00838875 5.375e-05 0 0 0 0 0 0 0 0 0 0 0 0 0 0 0 
1 0.499837 0.125797 0.00853725 5.2e-05 2.5e-07 0 0 0 0 0 0 0 0 0 0 0 0 0 0 
1 0.500781 0.127115 0.0085305 6.3e-05 0 0 0 0 0 0 0 0 0 0 0 0 0 0 0 
1 0.500076 0.125224 0.00823975 5.775e-05 1e-06 0 0 0 0 0 0 0 0 0 0 0 0 0 0 
1 0.499451 0.125905 0.00845925 6.975e-05 1e-06 0 0 0 0 0 0 0 0 0 0 0 0 0 0 
1 0.499337 0.12486 0.00826775 4.95e-05 2.5e-07 0 0 0 0 0 0 0 0 0 0 0 0 0 0 
1 0.50013 0.125469 0.00845075 8.125e-05 0 0 0 0 0 0 0 0 0 0 0 0 0 0 0 
1 0.499659 0.125808 0.008479 7.625e-05 5e-07 0 0 0 0 0 0 0 0 0 0 0 0 0 0 
1 0.499542 0.125046 0.00834375 7.1e-05 0 0 0 0 0 0 0 0 0 0 0 0 0 0 0 
1 0.499504 0.125502 0.0081205 5e-05 0 0 0 0 0 0 0 0 0 0 0 0 0 0 0 
1 0.499761 0.125432 0.00838125 7.225e-05 0 0 0 0 0 0 0 0 0 0 0 0 0 0 0 
1 0.497738 0.124181 0.00801525 6.75e-05 0 0 0 0 0 0 0 0 0 0 0 0 0 0 0 
1 0.50137 0.127065 0.008575 7.125e-05 0 0 0 0 0 0 0 0 0 0 0 0 0 0 0 
1 0.49934 0.125109 0.0082305 5.8e-05 0 0 0 0 0 0 0 0 0 0 0 0 0 0 0 
1 0.498781 0.124771 0.00811325 5.875e-05 5e-07 0 0 0 0 0 0 0 0 0 0 0 0 0 0 
1 0.500375 0.126151 0.00845575 5.525e-05 0 0 0 0 0 0 0 0 0 0 0 0 0 0 0 
1 0.499905 0.125993 0.008473 6.65e-05 0 0 0 0 0 0 0 0 0 0 0 0 0 0 0 
1 0.499652 0.126097 0.00842325 6.15e-05 1.75e-06 0 0 0 0 0 0 0 0 0 0 0 0 0 0 
1 0.499746 0.125482 0.00840225 5.65e-05 0 0 0 0 0 0 0 0 0 0 0 0 0 0 0 
1 0.499229 0.125986 0.0083065 4.825e-05 5e-07 0 0 0 0 0 0 0 0 0 0 0 0 0 0 
1 0.499826 0.125581 0.0083315 5.7e-05 7.5e-07 0 0 0 0 0 0 0 0 0 0 0 0 0 0 
1 0.500852 0.126158 0.00843475 6.525e-05 0 0 0 0 0 0 0 0 0 0 0 0 0 0 0 
1 0.499975 0.125506 0.00822675 6.075e-05 0 0 0 0 0 0 0 0 0 0 0 0 0 0 0 
1 0.500155 0.125362 0.008301 5.85e-05 0 0 0 0 0 0 0 0 0 0 0 0 0 0 0 
1 0.49997 0.12582 0.00828275 5.575e-05 0 0 0 0 0 0 0 0 0 0 0 0 0 0 0 
1 0.499929 0.125505 0.00830225 7.5e-05 0 0 0 0 0 0 0 0 0 0 0 0 0 0 0 
1 0.499705 0.125632 0.008127 7.3e-05 0 0 0 0 0 0 0 0 0 0 0 0 0 0 0 
1 0.500249 0.12613 0.00850025 7.35e-05 2.5e-07 0 0 0 0 0 0 0 0 0 0 0 0 0 0 
1 0.499805 0.126053 0.00830775 5.3e-05 0 0 0 0 0 0 0 0 0 0 0 0 0 0 0 
1 0.500132 0.125653 0.0086605 6.65e-05 0 0 0 0 0 0 0 0 0 0 0 0 0 0 0 
1 0.499893 0.125645 0.00830275 6.2e-05 0 0 0 0 0 0 0 0 0 0 0 0 0 0 0 
1 0.500347 0.1263 0.00841375 7.3e-05 0 0 0 0 0 0 0 0 0 0 0 0 0 0 0 
1 0.500889 0.126055 0.00843475 6.35e-05 0 0 0 0 0 0 0 0 0 0 0 0 0 0 0 
1 0.501027 0.126915 0.008638 4.675e-05 0 0 0 0 0 0 0 0 0 0 0 0 0 0 0 
1 0.50135 0.126542 0.008314 4.85e-05 0 0 0 0 0 0 0 0 0 0 0 0 0 0 0 
1 0.501363 0.126578 0.00850925 5.65e-05 0 0 0 0 0 0 0 0 0 0 0 0 0 0 0 
1 0.501149 0.126423 0.00852225 4.775e-05 2.5e-07 0 0 0 0 0 0 0 0 0 0 0 0 0 0 
1 0.502487 0.128199 0.008834 5.75e-05 0 0 0 0 0 0 0 0 0 0 0 0 0 0 0 
1 0.499413 0.125595 0.00862775 6.425e-05 0 0 0 0 0 0 0 0 0 0 0 0 0 0 0 
1 0.500519 0.126285 0.00837875 5.95e-05 1.5e-06 0 0 0 0 0 0 0 0 0 0 0 0 0 0 
1 0.500304 0.126095 0.0084615 6.425e-05 1.5e-06 0 0 0 0 0 0 0 0 0 0 0 0 0 0 
1 0.500498 0.125451 0.0083785 8.625e-05 0 0 0 0 0 0 0 0 0 0 0 0 0 0 0 
1 0.499505 0.125798 0.00840625 6.475e-05 0 0 0 0 0 0 0 0 0 0 0 0 0 0 0 
1 0.49977 0.125389 0.00828675 6.575e-05 0 0 0 0 0 0 0 0 0 0 0 0 0 0 0 
1 0.499214 0.1254 0.00826525 4.1e-05 0 0 0 0 0 0 0 0 0 0 0 0 0 0 0 
1 0.498161 0.125097 0.00830075 7.425e-05 1.5e-06 0 0 0 0 0 0 0 0 0 0 0 0 0 0 
1 0.500939 0.12589 0.00835025 4.975e-05 0 0 0 0 0 0 0 0 0 0 0 0 0 0 0 
1 0.499451 0.125817 0.00836825 7.8e-05 0 0 0 0 0 0 0 0 0 0 0 0 0 0 0 
1 0.500536 0.126492 0.00862775 6.425e-05 7.5e-07 0 0 0 0 0 0 0 0 0 0 0 0 0 0 
1 0.500281 0.126488 0.00850775 6.15e-05 0 0 0 0 0 0 0 0 0 0 0 0 0 0 0 
1 0.499388 0.124434 0.00799875 5.9e-05 0 0 0 0 0 0 0 0 0 0 0 0 0 0 0 
1 0.498988 0.124916 0.00821775 4.525e-05 0 0 0 0 0 0 0 0 0 0 0 0 0 0 0 
1 0.499565 0.12546 0.00832725 6.175e-05 1e-06 0 0 0 0 0 0 0 0 0 0 0 0 0 0 
1 0.501377 0.126642 0.00849725 6.3e-05 0 0 0 0 0 0 0 0 0 0 0 0 0 0 0 
1 0.500071 0.126321 0.0084855 6.05e-05 2e-06 0 0 0 0 0 0 0 0 0 0 0 0 0 0 
1 0.499413 0.125624 0.008293 5.9e-05 0 0 0 0 0 0 0 0 0 0 0 0 0 0 0 
1 0.500645 0.126467 0.00839775 5.65e-05 0 0 0 0 0 0 0 0 0 0 0 0 0 0 0 
1 0.499801 0.125564 0.0083625 7.65e-05 2e-06 0 0 0 0 0 0 0 0 0 0 0 0 0 0 
1 0.500139 0.125741 0.00845325 6.05e-05 0 0 0 0 0 0 0 0 0 0 0 0 0 0 0 
1 0.500387 0.125828 0.008451 7.825e-05 7.5e-07 0 0 0 0 0 0 0 0 0 0 0 0 0 0 
1 0.499346 0.125101 0.00826225 5.8e-05 7.5e-07 0 0 0 0 0 0 0 0 0 0 0 0 0 0 
1 0.500506 0.126067 0.00836425 5.525e-05 0 0 0 0 0 0 0 0 0 0 0 0 0 0 0 
1 0.501927 0.128217 0.008753 7.725e-05 0 0 0 0 0 0 0 0 0 0 0 0 0 0 0 
1 0.499575 0.125119 0.00827425 5.775e-05 0 0 0 0 0 0 0 0 0 0 0 0 0 0 0 
1 0.500415 0.126004 0.00827725 7.375e-05 0 0 0 0 0 0 0 0 0 0 0 0 0 0 0 
1 0.499732 0.125352 0.00838725 5.975e-05 0 0 0 0 0 0 0 0 0 0 0 0 0 0 0 
1 0.498599 0.125141 0.00850175 7.35e-05 2.5e-07 0 0 0 0 0 0 0 0 0 0 0 0 0 0 
1 0.500452 0.125428 0.00814275 5.55e-05 0 0 0 0 0 0 0 0 0 0 0 0 0 0 0 
1 0.499181 0.125432 0.00836625 6.35e-05 0 0 0 0 0 0 0 0 0 0 0 0 0 0 0 
1 0.49942 0.124811 0.00801225 5.375e-05 0 0 0 0 0 0 0 0 0 0 0 0 0 0 0 
1 0.501132 0.126397 0.0083165 4.625e-05 0 0 0 0 0 0 0 0 0 0 0 0 0 0 0 
1 0.498161 0.124738 0.0082155 4.9e-05 0 0 0 0 0 0 0 0 0 0 0 0 0 0 0 
1 0.500421 0.126424 0.008548 5.4e-05 0 0 0 0 0 0 0 0 0 0 0 0 0 0 0 
1 0.500626 0.126453 0.00854075 5.45e-05 0 0 0 0 0 0 0 0 0 0 0 0 0 0 0 
1 0.499923 0.126139 0.008536 7.6e-05 0 0 0 0 0 0 0 0 0 0 0 0 0 0 0 
1 0.50181 0.126822 0.00853275 7.45e-05 0 0 0 0 0 0 0 0 0 0 0 0 0 0 0 
1 0.497775 0.124388 0.008133 4.3e-05 7.5e-07 0 0 0 0 0 0 0 0 0 0 0 0 0 0 
1 0.501486 0.126625 0.0085475 6.5e-05 0 0 0 0 0 0 0 0 0 0 0 0 0 0 0 
1 0.500592 0.126205 0.0083645 4.95e-05 0 0 0 0 0 0 0 0 0 0 0 0 0 0 0 
1 0.499705 0.125024 0.00819975 7.05e-05 0 0 0 0 0 0 0 0 0 0 0 0 0 0 0 
1 0.500416 0.126317 0.00845425 6.325e-05 0 0 0 0 0 0 0 0 0 0 0 0 0 0 0 
1 0.501161 0.126436 0.00860425 6.8e-05 0 0 0 0 0 0 0 0 0 0 0 0 0 0 0 
1 0.499142 0.125326 0.008454 6.35e-05 0 0 0 0 0 0 0 0 0 0 0 0 0 0 0 
1 0.501414 0.126408 0.0084115 7.3e-05 0 0 0 0 0 0 0 0 0 0 0 0 0 0 0 
1 0.500496 0.126182 0.00865875 5.75e-05 0 0 0 0 0 0 0 0 0 0 0 0 0 0 0 
1 0.500541 0.126419 0.00831125 9.675e-05 0 0 0 0 0 0 0 0 0 0 0 0 0 0 0 
1 0.501861 0.127268 0.008566 5.875e-05 0 0 0 0 0 0 0 0 0 0 0 0 0 0 0 
1 0.498847 0.124887 0.008276 6.85e-05 0 0 0 0 0 0 0 0 0 0 0 0 0 0 0 
1 0.500004 0.126263 0.0082275 6.325e-05 0 0 0 0 0 0 0 0 0 0 0 0 0 0 0 
1 0.500936 0.126992 0.00861375 6.325e-05 0 0 0 0 0 0 0 0 0 0 0 0 0 0 0 
1 0.500709 0.12688 0.00864375 6.45e-05 0 0 0 0 0 0 0 0 0 0 0 0 0 0 0 
1 0.499779 0.125585 0.0083175 4.975e-05 0 0 0 0 0 0 0 0 0 0 0 0 0 0 0 
1 0.501374 0.126657 0.00868925 8.375e-05 5e-07 0 0 0 0 0 0 0 0 0 0 0 0 0 0 
1 0.499799 0.126479 0.0087165 6.5e-05 0 0 0 0 0 0 0 0 0 0 0 0 0 0 0 
1 0.499663 0.125274 0.00821875 6.175e-05 0 0 0 0 0 0 0 0 0 0 0 0 0 0 0 
1 0.500041 0.125592 0.008363 6.4e-05 0 0 0 0 0 0 0 0 0 0 0 0 0 0 0 
1 0.499679 0.125591 0.00832775 7e-05 0 0 0 0 0 0 0 0 0 0 0 0 0 0 0 
1 0.499748 0.126573 0.00851975 5.9e-05 0 0 0 0 0 0 0 0 0 0 0 0 0 0 0 
1 0.499483 0.125073 0.00826975 5.2e-05 0 0 0 0 0 0 0 0 0 0 0 0 0 0 0 
1 0.500108 0.125762 0.00814675 6.425e-05 0 0 0 0 0 0 0 0 0 0 0 0 0 0 0 
1 0.500258 0.126185 0.0084895 5.975e-05 0 0 0 0 0 0 0 0 0 0 0 0 0 0 0 
1 0.500428 0.126237 0.0084535 4.475e-05 0 0 0 0 0 0 0 0 0 0 0 0 0 0 0 
1 0.49892 0.124908 0.00829725 7.3e-05 5e-07 0 0 0 0 0 0 0 0 0 0 0 0 0 0 
1 0.500539 0.125781 0.00826425 5.55e-05 0 0 0 0 0 0 0 0 0 0 0 0 0 0 0 
1 0.500207 0.126268 0.00851975 6.825e-05 0 0 0 0 0 0 0 0 0 0 0 0 0 0 0 
1 0.501666 0.126705 0.0084575 5.575e-05 0 0 0 0 0 0 0 0 0 0 0 0 0 0 0 
1 0.500411 0.126807 0.0086315 6.45e-05 0 0 0 0 0 0 0 0 0 0 0 0 0 0 0 
1 0.500041 0.126648 0.008613 8.6e-05 0 0 0 0 0 0 0 0 0 0 0 0 0 0 0 
1 0.49984 0.126377 0.008532 6.675e-05 0 0 0 0 0 0 0 0 0 0 0 0 0 0 0 
1 0.499529 0.125243 0.00820025 5.875e-05 0 0 0 0 0 0 0 0 0 0 0 0 0 0 0 
1 0.500005 0.126039 0.00839825 5.35e-05 0 0 0 0 0 0 0 0 0 0 0 0 0 0 0 
1 0.499273 0.124669 0.007972 6.025e-05 0 0 0 0 0 0 0 0 0 0 0 0 0 0 0 
1 0.501084 0.126622 0.00854825 7.35e-05 1.25e-06 0 0 0 0 0 0 0 0 0 0 0 0 0 0 
1 0.499494 0.125515 0.008291 5.625e-05 0 0 0 0 0 0 0 0 0 0 0 0 0 0 0 
1 0.502033 0.127599 0.0084445 7.1e-05 1.75e-06 0 0 0 0 0 0 0 0 0 0 0 0 0 0 
1 0.498936 0.125363 0.00800625 4.9e-05 0 0 0 0 0 0 0 0 0 0 0 0 0 0 0 
1 0.500296 0.12635 0.0083325 6.3e-05 0 0 0 0 0 0 0 0 0 0 0 0 0 0 0 
1 0.500719 0.126347 0.00851025 6.9e-05 0 0 0 0 0 0 0 0 0 0 0 0 0 0 0 
1 0.499131 0.125319 0.00828675 4.875e-05 0 0 0 0 0 0 0 0 0 0 0 0 0 0 0 
1 0.499526 0.125817 0.0082885 7.05e-05 0 0 0 0 0 0 0 0 0 0 0 0 0 0 0 
1 0.501054 0.126823 0.0083925 7.25e-05 0 0 0 0 0 0 0 0 0 0 0 0 0 0 0 
1 0.500976 0.126266 0.00840475 5.35e-05 0 0 0 0 0 0 0 0 0 0 0 0 0 0 0 
1 0.499326 0.125639 0.008329 6.875e-05 0 0 0 0 0 0 0 0 0 0 0 0 0 0 0 
1 0.501783 0.127463 0.0086345 5.625e-05 0 0 0 0 0 0 0 0 0 0 0 0 0 0 0 
1 0.502122 0.127421 0.0085895 6.175e-05 0 0 0 0 0 0 0 0 0 0 0 0 0 0 0 
1 0.500113 0.125809 0.00851025 7.175e-05 0 0 0 0 0 0 0 0 0 0 0 0 0 0 0 
1 0.500644 0.126231 0.00844475 6.3e-05 0 0 0 0 0 0 0 0 0 0 0 0 0 0 0 
1 0.499856 0.125721 0.00838675 6.175e-05 0 0 0 0 0 0 0 0 0 0 0 0 0 0 0 
1 0.499496 0.125772 0.008414 7.2e-05 0 0 0 0 0 0 0 0 0 0 0 0 0 0 0 
1 0.499781 0.125426 0.008306 5.925e-05 0 0 0 0 0 0 0 0 0 0 0 0 0 0 0 
1 0.501001 0.125978 0.008424 5.975e-05 2.5e-07 0 0 0 0 0 0 0 0 0 0 0 0 0 0 
1 0.499542 0.12515 0.008232 4.35e-05 0 0 0 0 0 0 0 0 0 0 0 0 0 0 0 
1 0.500813 0.12686 0.0084525 6.475e-05 0 0 0 0 0 0 0 0 0 0 0 0 0 0 0 
1 0.500682 0.125722 0.0084 6.275e-05 0 0 0 0 0 0 0 0 0 0 0 0 0 0 0 
1 0.499496 0.125144 0.0084485 6.125e-05 0 0 0 0 0 0 0 0 0 0 0 0 0 0 0 
1 0.50028 0.125704 0.008081 4.3e-05 0 0 0 0 0 0 0 0 0 0 0 0 0 0 0 
1 0.499156 0.125223 0.00848 5.825e-05 0 0 0 0 0 0 0 0 0 0 0 0 0 0 0 
1 0.499046 0.124601 0.0080655 6.675e-05 0 0 0 0 0 0 0 0 0 0 0 0 0 0 0 
1 0.49864 0.124483 0.008241 5.575e-05 0 0 0 0 0 0 0 0 0 0 0 0 0 0 0 
1 0.500796 0.126683 0.0084735 6.025e-05 0 0 0 0 0 0 0 0 0 0 0 0 0 0 0 
1 0.500899 0.126366 0.008469 6.6e-05 5e-07 0 0 0 0 0 0 0 0 0 0 0 0 0 0 
1 0.499051 0.125191 0.0083085 7e-05 1.5e-06 0 0 0 0 0 0 0 0 0 0 0 0 0 0 
1 0.499682 0.125863 0.0082875 3.525e-05 0 0 0 0 0 0 0 0 0 0 0 0 0 0 0 
1 0.498664 0.125101 0.00815875 5.55e-05 0 0 0 0 0 0 0 0 0 0 0 0 0 0 0 
1 0.499402 0.125213 0.00831425 5.925e-05 0 0 0 0 0 0 0 0 0 0 0 0 0 0 0 
1 0.499486 0.125131 0.008161 4.75e-05 0 0 0 0 0 0 0 0 0 0 0 0 0 0 0 
1 0.500935 0.126248 0.0085035 7.95e-05 0 0 0 0 0 0 0 0 0 0 0 0 0 0 0 
1 0.500143 0.125981 0.00841725 6e-05 0 0 0 0 0 0 0 0 0 0 0 0 0 0 0 
1 0.499829 0.125625 0.00862225 7.675e-05 0 0 0 0 0 0 0 0 0 0 0 0 0 0 0 
1 0.499401 0.125372 0.0084605 6.525e-05 0 0 0 0 0 0 0 0 0 0 0 0 0 0 0 
1 0.499451 0.125459 0.008282 5.6e-05 0 0 0 0 0 0 0 0 0 0 0 0 0 0 0 
1 0.499556 0.126127 0.0083145 4.675e-05 0 0 0 0 0 0 0 0 0 0 0 0 0 0 0 
1 0.502136 0.127185 0.0083505 5.2e-05 0 0 0 0 0 0 0 0 0 0 0 0 0 0 0 
1 0.498977 0.125327 0.00821475 5.55e-05 0 0 0 0 0 0 0 0 0 0 0 0 0 0 0 
1 0.500809 0.126976 0.0086175 5.65e-05 0 0 0 0 0 0 0 0 0 0 0 0 0 0 0 
1 0.50049 0.125905 0.0083275 7.45e-05 0 0 0 0 0 0 0 0 0 0 0 0 0 0 0 
1 0.500254 0.126255 0.008523 6.475e-05 1e-06 0 0 0 0 0 0 0 0 0 0 0 0 0 0 
1 0.499958 0.126068 0.00845875 5.65e-05 0 0 0 0 0 0 0 0 0 0 0 0 0 0 0 
1 0.498597 0.124165 0.00805975 5.075e-05 0 0 0 0 0 0 0 0 0 0 0 0 0 0 0 
1 0.499915 0.125092 0.008056 5.925e-05 2.5e-07 0 0 0 0 0 0 0 0 0 0 0 0 0 0 
1 0.501128 0.127074 0.0085775 6.25e-05 0 0 0 0 0 0 0 0 0 0 0 0 0 0 0 
1 0.500685 0.12652 0.00855625 7.275e-05 0 0 0 0 0 0 0 0 0 0 0 0 0 0 0 
1 0.499422 0.125211 0.0081975 5.475e-05 0 0 0 0 0 0 0 0 0 0 0 0 0 0 0 
1 0.499277 0.124543 0.00806 6.85e-05 0 0 0 0 0 0 0 0 0 0 0 0 0 0 0 
1 0.501563 0.126875 0.00855075 7.975e-05 0 0 0 0 0 0 0 0 0 0 0 0 0 0 0 
1 0.500382 0.126539 0.0085515 6.95e-05 0 0 0 0 0 0 0 0 0 0 0 0 0 0 0 
1 0.50124 0.127265 0.00848525 6.6e-05 0 0 0 0 0 0 0 0 0 0 0 0 0 0 0 
1 0.500687 0.126537 0.00847275 6.525e-05 1e-06 0 0 0 0 0 0 0 0 0 0 0 0 0 0 
1 0.499989 0.126261 0.008411 6.15e-05 2.5e-07 0 0 0 0 0 0 0 0 0 0 0 0 0 0 
1 0.499495 0.125304 0.0083365 5.65e-05 0 0 0 0 0 0 0 0 0 0 0 0 0 0 0 
1 0.499329 0.125695 0.00840775 5.35e-05 0 0 0 0 0 0 0 0 0 0 0 0 0 0 0 
1 0.499202 0.125375 0.00820275 6.825e-05 0 0 0 0 0 0 0 0 0 0 0 0 0 0 0 
1 0.499778 0.125497 0.00828525 6.05e-05 0 0 0 0 0 0 0 0 0 0 0 0 0 0 0 
1 0.49939 0.125867 0.00831975 6.725e-05 0 0 0 0 0 0 0 0 0 0 0 0 0 0 0 
1 0.500482 0.126547 0.008578 6.95e-05 0 0 0 0 0 0 0 0 0 0 0 0 0 0 0 
1 0.500638 0.126331 0.00855825 6.725e-05 0 0 0 0 0 0 0 0 0 0 0 0 0 0 0 
1 0.499295 0.124344 0.00811775 5.225e-05 0 0 0 0 0 0 0 0 0 0 0 0 0 0 0 
1 0.500419 0.126276 0.00832275 6.525e-05 0 0 0 0 0 0 0 0 0 0 0 0 0 0 0 
1 0.498609 0.124628 0.00804375 6.275e-05 0 0 0 0 0 0 0 0 0 0 0 0 0 0 0 
1 0.498721 0.125149 0.0082075 5.35e-05 0 0 0 0 0 0 0 0 0 0 0 0 0 0 0 
1 0.500685 0.126868 0.00851675 7.375e-05 0 0 0 0 0 0 0 0 0 0 0 0 0 0 0 
1 0.498482 0.125035 0.00814725 4.1e-05 0 0 0 0 0 0 0 0 0 0 0 0 0 0 0 
1 0.498392 0.125137 0.008429 3.875e-05 0 0 0 0 0 0 0 0 0 0 0 0 0 0 0 
1 0.500214 0.125761 0.0086115 7.45e-05 7.5e-07 0 0 0 0 0 0 0 0 0 0 0 0 0 0 
1 0.500007 0.12594 0.0081745 5.35e-05 0 0 0 0 0 0 0 0 0 0 0 0 0 0 0 
1 0.500424 0.1268 0.00857275 6.15e-05 0 0 0 0 0 0 0 0 0 0 0 0 0 0 0 
1 0.499516 0.125447 0.0081725 4.375e-05 0 0 0 0 0 0 0 0 0 0 0 0 0 0 0 
1 0.499771 0.125978 0.00840425 6.575e-05 0 0 0 0 0 0 0 0 0 0 0 0 0 0 0 
1 0.499736 0.125541 0.00828075 7e-05 0 0 0 0 0 0 0 0 0 0 0 0 0 0 0 
1 0.500554 0.126377 0.0085745 6.9e-05 0 0 0 0 0 0 0 0 0 0 0 0 0 0 0 
1 0.500515 0.126415 0.0083815 5.325e-05 0 0 0 0 0 0 0 0 0 0 0 0 0 0 0 
1 0.499833 0.125651 0.00838125 6.875e-05 5e-07 0 0 0 0 0 0 0 0 0 0 0 0 0 0 
1 0.500422 0.125835 0.00839675 7.175e-05 0 0 0 0 0 0 0 0 0 0 0 0 0 0 0 
1 0.500535 0.125483 0.00823125 4.575e-05 0 0 0 0 0 0 0 0 0 0 0 0 0 0 0 
1 0.499914 0.126038 0.0084025 5.275e-05 0 0 0 0 0 0 0 0 0 0 0 0 0 0 0 
1 0.500368 0.126106 0.008593 6.3e-05 0 0 0 0 0 0 0 0 0 0 0 0 0 0 0 
1 0.499363 0.125361 0.00809825 6.9e-05 0 0 0 0 0 0 0 0 0 0 0 0 0 0 0 
1 0.500743 0.126034 0.0087225 6.6e-05 0 0 0 0 0 0 0 0 0 0 0 0 0 0 0 
1 0.500347 0.125652 0.008221 4.825e-05 0 0 0 0 0 0 0 0 0 0 0 0 0 0 0 
1 0.499469 0.125865 0.00848175 4.775e-05 0 0 0 0 0 0 0 0 0 0 0 0 0 0 0 
1 0.498379 0.124996 0.0082015 5.45e-05 0 0 0 0 0 0 0 0 0 0 0 0 0 0 0 
1 0.50083 0.126303 0.00842 5.475e-05 1e-06 0 0 0 0 0 0 0 0 0 0 0 0 0 0 
1 0.500732 0.126356 0.008288 7.35e-05 0 0 0 0 0 0 0 0 0 0 0 0 0 0 0 
1 0.499354 0.125535 0.00834725 5.125e-05 0 0 0 0 0 0 0 0 0 0 0 0 0 0 0 
1 0.499665 0.125144 0.00838575 6.275e-05 2.5e-07 0 0 0 0 0 0 0 0 0 0 0 0 0 0 
1 0.49928 0.125332 0.00825475 6.775e-05 0 0 0 0 0 0 0 0 0 0 0 0 0 0 0 
1 0.49921 0.124858 0.00827425 5.825e-05 0 0 0 0 0 0 0 0 0 0 0 0 0 0 0 
1 0.499619 0.125631 0.00863525 5.9e-05 0 0 0 0 0 0 0 0 0 0 0 0 0 0 0 
1 0.499706 0.125931 0.00834475 6.25e-05 0 0 0 0 0 0 0 0 0 0 0 0 0 0 0 
1 0.500139 0.125412 0.00826525 5.525e-05 0 0 0 0 0 0 0 0 0 0 0 0 0 0 0 
1 0.500985 0.126164 0.008471 7.25e-05 0 0 0 0 0 0 0 0 0 0 0 0 0 0 0 
1 0.500589 0.126464 0.0087545 5.675e-05 0 0 0 0 0 0 0 0 0 0 0 0 0 0 0 
1 0.499144 0.12488 0.00814825 6.2e-05 0 0 0 0 0 0 0 0 0 0 0 0 0 0 0 
1 0.500021 0.12589 0.00851175 6.3e-05 0 0 0 0 0 0 0 0 0 0 0 0 0 0 0 
1 0.499032 0.124337 0.00789975 6.6e-05 0 0 0 0 0 0 0 0 0 0 0 0 0 0 0 
1 0.5014 0.126965 0.0083505 5.225e-05 1e-06 0 0 0 0 0 0 0 0 0 0 0 0 0 0 
1 0.49858 0.125255 0.0082515 5.275e-05 0 0 0 0 0 0 0 0 0 0 0 0 0 0 0 
1 0.499552 0.125365 0.00815625 7.375e-05 0 0 0 0 0 0 0 0 0 0 0 0 0 0 0 
1 0.500645 0.126147 0.008341 8.725e-05 0 0 0 0 0 0 0 0 0 0 0 0 0 0 0 
1 0.499731 0.12552 0.00835825 6.525e-05 0 0 0 0 0 0 0 0 0 0 0 0 0 0 0 
1 0.499768 0.125709 0.00823775 7.125e-05 0 0 0 0 0 0 0 0 0 0 0 0 0 0 0 
1 0.499686 0.126132 0.0083815 5.725e-05 0 0 0 0 0 0 0 0 0 0 0 0 0 0 0 
1 0.499632 0.125898 0.0084785 5.975e-05 5e-07 0 0 0 0 0 0 0 0 0 0 0 0 0 0 
1 0.499097 0.125172 0.0083435 5.65e-05 0 0 0 0 0 0 0 0 0 0 0 0 0 0 0 
1 0.49991 0.125965 0.00841375 6.85e-05 0 0 0 0 0 0 0 0 0 0 0 0 0 0 0 
1 0.498055 0.124421 0.008251 6.1e-05 0 0 0 0 0 0 0 0 0 0 0 0 0 0 0 
1 0.499958 0.126287 0.008464 5.625e-05 0 0 0 0 0 0 0 0 0 0 0 0 0 0 0 
1 0.500536 0.126136 0.00824275 6e-05 0 0 0 0 0 0 0 0 0 0 0 0 0 0 0 
1 0.499034 0.124672 0.00802225 8.75e-05 0 0 0 0 0 0 0 0 0 0 0 0 0 0 0 
1 0.500578 0.126192 0.00845625 7.125e-05 0 0 0 0 0 0 0 0 0 0 0 0 0 0 0 
1 0.499685 0.125521 0.00844625 6.55e-05 0 0 0 0 0 0 0 0 0 0 0 0 0 0 0 
1 0.499869 0.125704 0.008111 5.875e-05 1.25e-06 0 0 0 0 0 0 0 0 0 0 0 0 0 0 
1 0.500285 0.125351 0.00813825 4.05e-05 0 0 0 0 0 0 0 0 0 0 0 0 0 0 0 
1 0.498585 0.124215 0.00798125 4.65e-05 1e-06 0 0 0 0 0 0 0 0 0 0 0 0 0 0 
1 0.500153 0.126195 0.00846375 6.85e-05 0 0 0 0 0 0 0 0 0 0 0 0 0 0 0 
1 0.499332 0.125386 0.00827925 8.8e-05 0 0 0 0 0 0 0 0 0 0 0 0 0 0 0 
1 0.500508 0.126324 0.00861275 6.925e-05 2.5e-07 0 0 0 0 0 0 0 0 0 0 0 0 0 0 
1 0.500694 0.126576 0.008545 6.65e-05 0 0 0 0 0 0 0 0 0 0 0 0 0 0 0 
1 0.500127 0.125196 0.0083205 4.85e-05 0 0 0 0 0 0 0 0 0 0 0 0 0 0 0 
1 0.501977 0.128018 0.00874075 8.2e-05 0 0 0 0 0 0 0 0 0 0 0 0 0 0 0 
1 0.500598 0.126226 0.00840275 5.05e-05 0 0 0 0 0 0 0 0 0 0 0 0 0 0 0 
1 0.500295 0.126612 0.00855925 6.05e-05 2.5e-07 0 0 0 0 0 0 0 0 0 0 0 0 0 0 
1 0.500664 0.125879 0.0083655 6.375e-05 0 0 0 0 0 0 0 0 0 0 0 0 0 0 0 
1 0.500574 0.12597 0.008353 4.8e-05 0 0 0 0 0 0 0 0 0 0 0 0 0 0 0 
1 0.49902 0.125321 0.00828525 6.725e-05 0 0 0 0 0 0 0 0 0 0 0 0 0 0 0 
1 0.497878 0.124126 0.0082445 6.325e-05 0 0 0 0 0 0 0 0 0 0 0 0 0 0 0 
1 0.501738 0.127037 0.00860625 5.975e-05 0 0 0 0 0 0 0 0 0 0 0 0 0 0 0 
1 0.500217 0.125009 0.0080355 5.175e-05 0 0 0 0 0 0 0 0 0 0 0 0 0 0 0 
1 0.501382 0.126591 0.008603 6.2e-05 5e-07 0 0 0 0 0 0 0 0 0 0 0 0 0 0 
1 0.501418 0.126198 0.00856975 5.325e-05 0 0 0 0 0 0 0 0 0 0 0 0 0 0 0 
1 0.500589 0.126391 0.00835375 6.4e-05 5e-07 0 0 0 0 0 0 0 0 0 0 0 0 0 0 
