1 0.65194 0.281844 0.0584138 0.003965 0.00010125 1.25e-06 0 0 0 0 0 0 0 0 0 0 0 0 0 
1 0.64977 0.280378 0.0581163 0.004025 0.0001125 2.5e-06 0 0 0 0 0 0 0 0 0 0 0 0 0 
1 0.647649 0.277226 0.0559863 0.003635 8.5e-05 2.5e-06 0 0 0 0 0 0 0 0 0 0 0 0 0 
1 0.650164 0.279249 0.0572563 0.00391 9.75e-05 1.25e-06 0 0 0 0 0 0 0 0 0 0 0 0 0 
1 0.650098 0.280195 0.0573425 0.00392625 9.625e-05 1.25e-06 0 0 0 0 0 0 0 0 0 0 0 0 0 
1 0.651171 0.281526 0.0582288 0.0038925 9.375e-05 5e-06 0 0 0 0 0 0 0 0 0 0 0 0 0 
1 0.649784 0.279909 0.05736 0.003965 0.0001 5e-06 0 0 0 0 0 0 0 0 0 0 0 0 0 
1 0.649349 0.278726 0.057015 0.0038875 7e-05 0 0 0 0 0 0 0 0 0 0 0 0 0 0 
1 0.650026 0.279875 0.0578463 0.00395625 9.75e-05 0 0 0 0 0 0 0 0 0 0 0 0 0 0 
1 0.65111 0.280531 0.05761 0.00393125 9.25e-05 1.25e-06 0 0 0 0 0 0 0 0 0 0 0 0 0 
1 0.65017 0.279051 0.056865 0.00388625 7.625e-05 0 0 0 0 0 0 0 0 0 0 0 0 0 0 
1 0.647734 0.27656 0.0558563 0.0036075 9.125e-05 3.75e-06 0 0 0 0 0 0 0 0 0 0 0 0 0 
1 0.650653 0.281124 0.0575663 0.00380125 7.875e-05 2.5e-06 0 0 0 0 0 0 0 0 0 0 0 0 0 
1 0.650766 0.280328 0.0582938 0.004055 0.0001075 1.25e-06 0 0 0 0 0 0 0 0 0 0 0 0 0 
1 0.64918 0.2792 0.0577013 0.00398 0.00011375 0 0 0 0 0 0 0 0 0 0 0 0 0 0 
1 0.651031 0.28087 0.057885 0.00402625 0.00011875 1.25e-06 0 0 0 0 0 0 0 0 0 0 0 0 0 
1 0.651659 0.2826 0.0586463 0.0039825 0.00010625 2.5e-06 0 0 0 0 0 0 0 0 0 0 0 0 0 
1 0.650479 0.279983 0.0573275 0.0038625 9e-05 0 0 0 0 0 0 0 0 0 0 0 0 0 0 
1 0.650571 0.281275 0.05819 0.00406875 9.5e-05 5e-06 0 0 0 0 0 0 0 0 0 0 0 0 0 
1 0.65061 0.280858 0.05811 0.0041175 9.625e-05 1.25e-06 0 0 0 0 0 0 0 0 0 0 0 0 0 
1 0.650723 0.281606 0.0584288 0.00397 7.625e-05 1.25e-06 0 0 0 0 0 0 0 0 0 0 0 0 0 
1 0.64956 0.279386 0.0567525 0.0037375 6.875e-05 2.5e-06 0 0 0 0 0 0 0 0 0 0 0 0 0 
1 0.649901 0.280594 0.0578663 0.0038425 7.25e-05 1.25e-06 0 0 0 0 0 0 0 0 0 0 0 0 0 
1 0.6485 0.279423 0.0577125 0.00384625 8.75e-05 2.5e-06 0 0 0 0 0 0 0 0 0 0 0 0 0 
1 0.649954 0.279973 0.0572575 0.00387 0.0001 1.25e-06 0 0 0 0 0 0 0 0 0 0 0 0 0 
1 0.647785 0.277064 0.0565825 0.00373125 0.0001025 2.5e-06 0 0 0 0 0 0 0 0 0 0 0 0 0 
1 0.651548 0.282173 0.05826 0.00381875 8.625e-05 2.5e-06 0 0 0 0 0 0 0 0 0 0 0 0 0 
1 0.652278 0.282125 0.0588175 0.00400375 7.25e-05 0 0 0 0 0 0 0 0 0 0 0 0 0 0 
1 0.64958 0.279693 0.0575025 0.0040425 0.0001 2.5e-06 0 0 0 0 0 0 0 0 0 0 0 0 0 
1 0.648973 0.278466 0.0569988 0.0036975 9.5e-05 1.25e-06 0 0 0 0 0 0 0 0 0 0 0 0 0 
1 0.650993 0.280969 0.0583525 0.0040575 0.00011625 1.25e-06 0 0 0 0 0 0 0 0 0 0 0 0 0 
1 0.649146 0.279859 0.0573838 0.00390375 0.0001025 0 0 0 0 0 0 0 0 0 0 0 0 0 0 
1 0.652095 0.282198 0.0591788 0.00425 9.875e-05 1.25e-06 0 0 0 0 0 0 0 0 0 0 0 0 0 
1 0.648606 0.278573 0.0570238 0.0036925 9.5e-05 3.75e-06 0 0 0 0 0 0 0 0 0 0 0 0 0 
1 0.650464 0.281145 0.05819 0.003985 0.0001025 3.75e-06 0 0 0 0 0 0 0 0 0 0 0 0 0 
1 0.652031 0.283483 0.059145 0.0040575 8.25e-05 3.75e-06 1.25e-06 0 0 0 0 0 0 0 0 0 0 0 0 
1 0.649289 0.279245 0.0572125 0.00393375 8.25e-05 1.25e-06 0 0 0 0 0 0 0 0 0 0 0 0 0 
1 0.649196 0.278489 0.0565775 0.00364125 7.25e-05 1.25e-06 0 0 0 0 0 0 0 0 0 0 0 0 0 
1 0.651386 0.282189 0.0581738 0.00378375 9.5e-05 0 0 0 0 0 0 0 0 0 0 0 0 0 0 
1 0.649178 0.279645 0.0574525 0.004065 9.375e-05 0 0 0 0 0 0 0 0 0 0 0 0 0 0 
1 0.649075 0.279055 0.0570688 0.00374125 9.25e-05 0 0 0 0 0 0 0 0 0 0 0 0 0 0 
1 0.651349 0.280826 0.05766 0.00373 9.375e-05 0 0 0 0 0 0 0 0 0 0 0 0 0 0 
1 0.64863 0.278446 0.0569925 0.0037675 0.00012 0 0 0 0 0 0 0 0 0 0 0 0 0 0 
1 0.651879 0.282276 0.0592238 0.00422375 0.00012875 0 0 0 0 0 0 0 0 0 0 0 0 0 0 
1 0.6502 0.279744 0.057365 0.0038725 9.75e-05 1.25e-06 0 0 0 0 0 0 0 0 0 0 0 0 0 
1 0.649074 0.277915 0.0572775 0.0038425 8.375e-05 0 0 0 0 0 0 0 0 0 0 0 0 0 0 
1 0.648914 0.278573 0.0563463 0.003655 8.875e-05 3.75e-06 0 0 0 0 0 0 0 0 0 0 0 0 0 
1 0.651189 0.280973 0.0577038 0.0038725 0.00011875 1.25e-06 0 0 0 0 0 0 0 0 0 0 0 0 0 
1 0.649116 0.278964 0.0571738 0.0038525 9.25e-05 1.25e-06 0 0 0 0 0 0 0 0 0 0 0 0 0 
1 0.650765 0.28104 0.0580925 0.00415375 0.00010625 0 0 0 0 0 0 0 0 0 0 0 0 0 0 
1 0.65107 0.281104 0.0579813 0.0039775 8.875e-05 0 0 0 0 0 0 0 0 0 0 0 0 0 0 
1 0.649001 0.279326 0.0575138 0.0038325 0.00010625 0 0 0 0 0 0 0 0 0 0 0 0 0 0 
1 0.649639 0.279415 0.0573613 0.0040075 0.0001125 1.25e-06 0 0 0 0 0 0 0 0 0 0 0 0 0 
1 0.649533 0.279614 0.0570713 0.0038375 9.75e-05 0 0 0 0 0 0 0 0 0 0 0 0 0 0 
1 0.650494 0.280605 0.0572975 0.0041 8.25e-05 0 0 0 0 0 0 0 0 0 0 0 0 0 0 
1 0.64975 0.279131 0.05702 0.003845 8.625e-05 0 0 0 0 0 0 0 0 0 0 0 0 0 0 
1 0.649908 0.280161 0.058485 0.0040825 0.00010625 1.25e-06 0 0 0 0 0 0 0 0 0 0 0 0 0 
1 0.648899 0.278884 0.0576263 0.003955 8.625e-05 2.5e-06 0 0 0 0 0 0 0 0 0 0 0 0 0 
1 0.649645 0.278651 0.0567013 0.00374 8.75e-05 0 0 0 0 0 0 0 0 0 0 0 0 0 0 
1 0.650464 0.28078 0.0579525 0.00383125 0.0001 3.75e-06 0 0 0 0 0 0 0 0 0 0 0 0 0 
1 0.648969 0.278356 0.0564113 0.00387875 9.75e-05 1.25e-06 0 0 0 0 0 0 0 0 0 0 0 0 0 
1 0.649909 0.28005 0.057605 0.00378875 7.875e-05 0 0 0 0 0 0 0 0 0 0 0 0 0 0 
1 0.650405 0.279466 0.056955 0.00371 8.125e-05 2.5e-06 0 0 0 0 0 0 0 0 0 0 0 0 0 
1 0.651061 0.2806 0.0578013 0.004035 0.00011 1.25e-06 0 0 0 0 0 0 0 0 0 0 0 0 0 
1 0.649655 0.278996 0.05705 0.00385875 0.00011 2.5e-06 0 0 0 0 0 0 0 0 0 0 0 0 0 
1 0.649406 0.279569 0.0572625 0.003995 0.00011125 0 0 0 0 0 0 0 0 0 0 0 0 0 0 
1 0.648339 0.277306 0.0566063 0.003845 8.125e-05 0 0 0 0 0 0 0 0 0 0 0 0 0 0 
1 0.648498 0.278961 0.0572138 0.0038925 0.000125 0 0 0 0 0 0 0 0 0 0 0 0 0 0 
1 0.650519 0.281129 0.0581975 0.00387 9.125e-05 1.25e-06 0 0 0 0 0 0 0 0 0 0 0 0 0 
1 0.651414 0.281745 0.0584513 0.00396875 0.00011875 1.25e-06 0 0 0 0 0 0 0 0 0 0 0 0 0 
1 0.649855 0.279679 0.0574525 0.0038475 7.375e-05 0 0 0 0 0 0 0 0 0 0 0 0 0 0 
1 0.65067 0.281211 0.0578863 0.00390875 0.0001 1.25e-06 0 0 0 0 0 0 0 0 0 0 0 0 0 
1 0.65128 0.281703 0.05859 0.00405375 9.5e-05 1.25e-06 0 0 0 0 0 0 0 0 0 0 0 0 0 
1 0.649715 0.279623 0.0576688 0.00386375 9.375e-05 0 0 0 0 0 0 0 0 0 0 0 0 0 0 
1 0.6492 0.279245 0.0575713 0.00385375 9e-05 0 0 0 0 0 0 0 0 0 0 0 0 0 0 
1 0.650725 0.28134 0.0578338 0.00373875 8.625e-05 1.25e-06 0 0 0 0 0 0 0 0 0 0 0 0 0 
1 0.650545 0.280289 0.0573975 0.00389625 0.0001425 6.25e-06 0 0 0 0 0 0 0 0 0 0 0 0 0 
1 0.649574 0.278865 0.0572675 0.0038825 6.875e-05 1.25e-06 0 0 0 0 0 0 0 0 0 0 0 0 0 
1 0.650118 0.280474 0.0572475 0.003695 9.25e-05 0 0 0 0 0 0 0 0 0 0 0 0 0 0 
1 0.650145 0.279588 0.0568013 0.0036675 8.375e-05 0 0 0 0 0 0 0 0 0 0 0 0 0 0 
1 0.651285 0.281636 0.0578838 0.0039575 9.625e-05 2.5e-06 0 0 0 0 0 0 0 0 0 0 0 0 0 
1 0.651065 0.280276 0.0571163 0.00382125 8.375e-05 3.75e-06 0 0 0 0 0 0 0 0 0 0 0 0 0 
1 0.651389 0.282299 0.0584913 0.00399375 8e-05 1.25e-06 0 0 0 0 0 0 0 0 0 0 0 0 0 
1 0.649819 0.279078 0.0570688 0.00390875 9.25e-05 1.25e-06 0 0 0 0 0 0 0 0 0 0 0 0 0 
1 0.649309 0.279145 0.057365 0.00388625 0.00011375 1.25e-06 0 0 0 0 0 0 0 0 0 0 0 0 0 
1 0.64958 0.280438 0.0577663 0.0039575 0.00010875 3.75e-06 0 0 0 0 0 0 0 0 0 0 0 0 0 
1 0.648356 0.278256 0.0564388 0.00368875 0.0001 2.5e-06 0 0 0 0 0 0 0 0 0 0 0 0 0 
1 0.650153 0.278624 0.0569125 0.00375625 6.75e-05 1.25e-06 0 0 0 0 0 0 0 0 0 0 0 0 0 
1 0.649333 0.278718 0.0570613 0.00382125 8e-05 0 0 0 0 0 0 0 0 0 0 0 0 0 0 
1 0.65023 0.279761 0.0580075 0.0041125 0.00010875 1.25e-06 0 0 0 0 0 0 0 0 0 0 0 0 0 
1 0.650204 0.280416 0.058015 0.0039825 9.875e-05 1.25e-06 0 0 0 0 0 0 0 0 0 0 0 0 0 
1 0.649905 0.278878 0.0573963 0.0038975 0.00010625 8.75e-06 1.25e-06 0 0 0 0 0 0 0 0 0 0 0 0 
1 0.649369 0.279385 0.05747 0.00379625 0.00010125 2.5e-06 0 0 0 0 0 0 0 0 0 0 0 0 0 
1 0.650193 0.280684 0.058555 0.00399375 0.0001 2.5e-06 0 0 0 0 0 0 0 0 0 0 0 0 0 
1 0.648621 0.279248 0.05735 0.00382875 9.625e-05 2.5e-06 0 0 0 0 0 0 0 0 0 0 0 0 0 
1 0.64777 0.277043 0.055595 0.0036625 0.00011625 2.5e-06 0 0 0 0 0 0 0 0 0 0 0 0 0 
1 0.649273 0.27807 0.0566425 0.0037825 9.875e-05 1.25e-06 0 0 0 0 0 0 0 0 0 0 0 0 0 
1 0.649889 0.279258 0.0571325 0.00384875 7.5e-05 1.25e-06 0 0 0 0 0 0 0 0 0 0 0 0 0 
1 0.650519 0.281261 0.0580863 0.00402625 9.125e-05 2.5e-06 0 0 0 0 0 0 0 0 0 0 0 0 0 
1 0.651083 0.280965 0.0577388 0.00400125 0.000115 0 0 0 0 0 0 0 0 0 0 0 0 0 0 
