1 0.750044 0.424912 0.143322 0.019856 0.000794 1.9e-05 0 0 0 0 0 0 0 0 0 0 0 0 0 
1 0.752658 0.431138 0.148924 0.022057 0.001054 1.8e-05 0 0 0 0 0 0 0 0 0 0 0 0 0 
1 0.749553 0.425511 0.144144 0.020333 0.000917 1.6e-05 0 0 0 0 0 0 0 0 0 0 0 0 0 
1 0.748476 0.423105 0.142666 0.020032 0.000948 6e-06 0 0 0 0 0 0 0 0 0 0 0 0 0 
1 0.750289 0.42681 0.145485 0.021287 0.000948 2.7e-05 1e-06 0 0 0 0 0 0 0 0 0 0 0 0 
1 0.750414 0.42606 0.144449 0.020831 0.001025 1.3e-05 0 0 0 0 0 0 0 0 0 0 0 0 0 
1 0.74864 0.423209 0.142338 0.019653 0.000843 1.4e-05 0 0 0 0 0 0 0 0 0 0 0 0 0 
1 0.747992 0.42198 0.141096 0.019638 0.00089 8e-06 0 0 0 0 0 0 0 0 0 0 0 0 0 
1 0.752025 0.429467 0.146868 0.021227 0.001035 3.6e-05 0 0 0 0 0 0 0 0 0 0 0 0 0 
1 0.751896 0.42986 0.147918 0.021905 0.001092 1.8e-05 1e-06 0 0 0 0 0 0 0 0 0 0 0 0 
1 0.749009 0.42445 0.142889 0.02014 0.000879 1.8e-05 1e-06 0 0 0 0 0 0 0 0 0 0 0 0 
1 0.74869 0.424063 0.143196 0.020337 0.00091 1.3e-05 0 0 0 0 0 0 0 0 0 0 0 0 0 
1 0.749161 0.423783 0.142907 0.019958 0.000832 1.3e-05 0 0 0 0 0 0 0 0 0 0 0 0 0 
1 0.751466 0.428517 0.145994 0.020668 0.000909 2.7e-05 4e-06 0 0 0 0 0 0 0 0 0 0 0 0 
1 0.749657 0.426278 0.143566 0.02003 0.000859 1.3e-05 0 0 0 0 0 0 0 0 0 0 0 0 0 
1 0.74916 0.423809 0.142836 0.020054 0.000898 1.1e-05 0 0 0 0 0 0 0 0 0 0 0 0 0 
1 0.749282 0.424967 0.143453 0.020179 0.000876 1.9e-05 0 0 0 0 0 0 0 0 0 0 0 0 0 
1 0.750181 0.425962 0.145128 0.020887 0.000935 1.8e-05 0 0 0 0 0 0 0 0 0 0 0 0 0 
1 0.750714 0.426376 0.14552 0.020864 0.000975 2.3e-05 0 0 0 0 0 0 0 0 0 0 0 0 0 
1 0.749792 0.425907 0.14413 0.020545 0.000969 1.8e-05 0 0 0 0 0 0 0 0 0 0 0 0 0 
1 0.751632 0.429607 0.147205 0.021017 0.001016 1.6e-05 1e-06 0 0 0 0 0 0 0 0 0 0 0 0 
1 0.749693 0.425034 0.144166 0.020629 0.000964 3.1e-05 0 0 0 0 0 0 0 0 0 0 0 0 0 
1 0.749098 0.424642 0.143686 0.020592 0.000947 2.3e-05 0 0 0 0 0 0 0 0 0 0 0 0 0 
1 0.748995 0.424389 0.143269 0.020067 0.000851 6e-06 0 0 0 0 0 0 0 0 0 0 0 0 0 
1 0.74982 0.42593 0.144727 0.020981 0.000949 2.4e-05 0 0 0 0 0 0 0 0 0 0 0 0 0 
1 0.750737 0.427756 0.146883 0.021492 0.000967 2.4e-05 3e-06 0 0 0 0 0 0 0 0 0 0 0 0 
1 0.750655 0.426062 0.144837 0.020786 0.001006 1.9e-05 0 0 0 0 0 0 0 0 0 0 0 0 0 
1 0.748527 0.424096 0.143268 0.020581 0.000885 1.4e-05 0 0 0 0 0 0 0 0 0 0 0 0 0 
1 0.750485 0.427865 0.145319 0.020828 0.001047 1.5e-05 0 0 0 0 0 0 0 0 0 0 0 0 0 
1 0.750254 0.426674 0.144891 0.020755 0.000926 2e-05 0 0 0 0 0 0 0 0 0 0 0 0 0 
1 0.747757 0.42177 0.140813 0.019393 0.000859 1.9e-05 1e-06 0 0 0 0 0 0 0 0 0 0 0 0 
1 0.752249 0.42908 0.147141 0.021379 0.000934 1.3e-05 0 0 0 0 0 0 0 0 0 0 0 0 0 
1 0.749482 0.425484 0.144494 0.02109 0.000983 2.2e-05 0 0 0 0 0 0 0 0 0 0 0 0 0 
1 0.749517 0.42594 0.143916 0.020669 0.000891 3e-05 0 0 0 0 0 0 0 0 0 0 0 0 0 
1 0.751499 0.428471 0.146545 0.020961 0.000925 2.2e-05 1e-06 0 0 0 0 0 0 0 0 0 0 0 0 
1 0.749606 0.425141 0.14297 0.020239 0.000971 1.7e-05 0 0 0 0 0 0 0 0 0 0 0 0 0 
1 0.748846 0.42388 0.142735 0.020074 0.000952 2.2e-05 0 0 0 0 0 0 0 0 0 0 0 0 0 
1 0.753401 0.431792 0.148718 0.02186 0.00106 2.7e-05 2e-06 0 0 0 0 0 0 0 0 0 0 0 0 
1 0.750353 0.427541 0.14458 0.020287 0.000832 2.1e-05 0 0 0 0 0 0 0 0 0 0 0 0 0 
1 0.749354 0.426071 0.144586 0.020601 0.000858 2e-05 0 0 0 0 0 0 0 0 0 0 0 0 0 
1 0.750924 0.427895 0.144697 0.020325 0.000958 2.2e-05 0 0 0 0 0 0 0 0 0 0 0 0 0 
1 0.749504 0.424882 0.143421 0.020098 0.000867 1.8e-05 0 0 0 0 0 0 0 0 0 0 0 0 0 
1 0.74949 0.424533 0.143058 0.020126 0.000816 1.1e-05 0 0 0 0 0 0 0 0 0 0 0 0 0 
1 0.750174 0.425165 0.143896 0.020429 0.000961 2.4e-05 0 0 0 0 0 0 0 0 0 0 0 0 0 
1 0.748744 0.423449 0.142115 0.019678 0.000886 2.3e-05 1e-06 0 0 0 0 0 0 0 0 0 0 0 0 
1 0.749187 0.425196 0.144024 0.020571 0.001042 1.7e-05 0 0 0 0 0 0 0 0 0 0 0 0 0 
1 0.750742 0.427245 0.145671 0.020717 0.001023 1.5e-05 0 0 0 0 0 0 0 0 0 0 0 0 0 
1 0.748764 0.422948 0.142435 0.02004 0.000957 2.8e-05 1e-06 0 0 0 0 0 0 0 0 0 0 0 0 
1 0.748055 0.42308 0.141832 0.019579 0.000784 2e-06 0 0 0 0 0 0 0 0 0 0 0 0 0 
1 0.749675 0.426376 0.144506 0.020576 0.000864 2e-05 0 0 0 0 0 0 0 0 0 0 0 0 0 
1 0.749707 0.425848 0.144021 0.020159 0.000885 9e-06 0 0 0 0 0 0 0 0 0 0 0 0 0 
1 0.752131 0.430379 0.148696 0.021839 0.00101 1.2e-05 0 0 0 0 0 0 0 0 0 0 0 0 0 
1 0.749033 0.424209 0.142717 0.020166 0.000941 3e-05 0 0 0 0 0 0 0 0 0 0 0 0 0 
1 0.750111 0.426694 0.145496 0.020899 0.000953 2.2e-05 0 0 0 0 0 0 0 0 0 0 0 0 0 
1 0.750125 0.427812 0.145877 0.020825 0.000874 1.2e-05 0 0 0 0 0 0 0 0 0 0 0 0 0 
1 0.752181 0.430398 0.147187 0.021137 0.000993 1e-05 0 0 0 0 0 0 0 0 0 0 0 0 0 
1 0.750775 0.427606 0.145922 0.021075 0.000873 2.1e-05 0 0 0 0 0 0 0 0 0 0 0 0 0 
1 0.749496 0.425263 0.143801 0.020386 0.000882 1.3e-05 1e-06 0 0 0 0 0 0 0 0 0 0 0 0 
1 0.750436 0.425641 0.143928 0.020363 0.000851 1.2e-05 0 0 0 0 0 0 0 0 0 0 0 0 0 
1 0.751922 0.43092 0.148073 0.021682 0.001059 1.1e-05 0 0 0 0 0 0 0 0 0 0 0 0 0 
1 0.748874 0.424427 0.141905 0.019975 0.000925 1.6e-05 0 0 0 0 0 0 0 0 0 0 0 0 0 
1 0.750243 0.42683 0.144744 0.020643 0.000917 1.9e-05 0 0 0 0 0 0 0 0 0 0 0 0 0 
1 0.751318 0.428615 0.14631 0.021251 0.000963 1.5e-05 0 0 0 0 0 0 0 0 0 0 0 0 0 
1 0.749995 0.428432 0.145593 0.02085 0.000881 2.1e-05 0 0 0 0 0 0 0 0 0 0 0 0 0 
1 0.751587 0.42848 0.146871 0.02136 0.000959 1.9e-05 0 0 0 0 0 0 0 0 0 0 0 0 0 
1 0.749608 0.427342 0.145877 0.021222 0.001072 1.3e-05 0 0 0 0 0 0 0 0 0 0 0 0 0 
1 0.750601 0.427195 0.145837 0.02114 0.000936 2.5e-05 0 0 0 0 0 0 0 0 0 0 0 0 0 
1 0.749223 0.42534 0.144554 0.020706 0.000911 1.6e-05 0 0 0 0 0 0 0 0 0 0 0 0 0 
1 0.750836 0.428029 0.146222 0.020904 0.001011 1.1e-05 0 0 0 0 0 0 0 0 0 0 0 0 0 
1 0.747292 0.422221 0.141618 0.020086 0.000957 2e-05 0 0 0 0 0 0 0 0 0 0 0 0 0 
1 0.749534 0.426075 0.144178 0.02036 0.0009 1.2e-05 0 0 0 0 0 0 0 0 0 0 0 0 0 
1 0.749942 0.425317 0.143391 0.020229 0.000841 1.9e-05 0 0 0 0 0 0 0 0 0 0 0 0 0 
1 0.750793 0.427866 0.145351 0.021007 0.000903 2.1e-05 0 0 0 0 0 0 0 0 0 0 0 0 0 
1 0.748031 0.422959 0.141972 0.020191 0.000883 1.5e-05 1e-06 0 0 0 0 0 0 0 0 0 0 0 0 
1 0.750678 0.426941 0.144923 0.020708 0.000938 2.9e-05 0 0 0 0 0 0 0 0 0 0 0 0 0 
1 0.749616 0.425075 0.143523 0.020284 0.000906 2.3e-05 0 0 0 0 0 0 0 0 0 0 0 0 0 
1 0.748934 0.424512 0.143224 0.020091 0.000829 1.6e-05 0 0 0 0 0 0 0 0 0 0 0 0 0 
1 0.747685 0.42035 0.139255 0.018909 0.000796 1e-05 0 0 0 0 0 0 0 0 0 0 0 0 0 
1 0.748432 0.424253 0.143398 0.020252 0.000848 1.8e-05 2e-06 0 0 0 0 0 0 0 0 0 0 0 0 
1 0.749299 0.423902 0.142863 0.020206 0.000846 1.6e-05 0 0 0 0 0 0 0 0 0 0 0 0 0 
1 0.749769 0.426166 0.144457 0.020256 0.000872 2.2e-05 0 0 0 0 0 0 0 0 0 0 0 0 0 
1 0.749934 0.426207 0.144685 0.020734 0.00093 1.9e-05 0 0 0 0 0 0 0 0 0 0 0 0 0 
1 0.748534 0.423 0.141457 0.019642 0.000839 1.4e-05 0 0 0 0 0 0 0 0 0 0 0 0 0 
1 0.749622 0.424697 0.143507 0.020384 0.000899 2.2e-05 0 0 0 0 0 0 0 0 0 0 0 0 0 
1 0.749433 0.42605 0.143614 0.020277 0.001036 2.5e-05 1e-06 0 0 0 0 0 0 0 0 0 0 0 0 
1 0.749163 0.425351 0.144188 0.020274 0.000962 1.7e-05 0 0 0 0 0 0 0 0 0 0 0 0 0 
1 0.749098 0.424563 0.143512 0.0206 0.000992 2.2e-05 0 0 0 0 0 0 0 0 0 0 0 0 0 
1 0.751833 0.429496 0.146805 0.021445 0.001028 8e-06 0 0 0 0 0 0 0 0 0 0 0 0 0 
1 0.747822 0.421705 0.141432 0.019606 0.000937 1.5e-05 0 0 0 0 0 0 0 0 0 0 0 0 0 
1 0.750528 0.42597 0.143332 0.01998 0.000896 1.2e-05 0 0 0 0 0 0 0 0 0 0 0 0 0 
1 0.748208 0.423781 0.14252 0.020162 0.000958 1.5e-05 0 0 0 0 0 0 0 0 0 0 0 0 0 
1 0.750375 0.426443 0.14465 0.020615 0.000938 1.5e-05 0 0 0 0 0 0 0 0 0 0 0 0 0 
1 0.749047 0.424014 0.142082 0.019893 0.000899 2.3e-05 1e-06 0 0 0 0 0 0 0 0 0 0 0 0 
1 0.750428 0.427186 0.145931 0.021021 0.000922 1.7e-05 0 0 0 0 0 0 0 0 0 0 0 0 0 
1 0.751107 0.427757 0.145768 0.020645 0.00097 2e-05 0 0 0 0 0 0 0 0 0 0 0 0 0 
1 0.751504 0.428952 0.147044 0.021515 0.001006 2.4e-05 1e-06 0 0 0 0 0 0 0 0 0 0 0 0 
1 0.749862 0.425939 0.14324 0.02034 0.00098 3.1e-05 0 0 0 0 0 0 0 0 0 0 0 0 0 
1 0.749913 0.425959 0.14415 0.020829 0.000952 3.4e-05 0 0 0 0 0 0 0 0 0 0 0 0 0 
1 0.750107 0.426344 0.144636 0.020518 0.000879 1.5e-05 0 0 0 0 0 0 0 0 0 0 0 0 0 
1 0.750022 0.426092 0.144366 0.020399 0.000882 2.5e-05 0 0 0 0 0 0 0 0 0 0 0 0 0 
1 0.750149 0.42633 0.144365 0.020527 0.000854 1.8e-05 0 0 0 0 0 0 0 0 0 0 0 0 0 
1 0.750597 0.428065 0.146351 0.020641 0.000945 1.3e-05 0 0 0 0 0 0 0 0 0 0 0 0 0 
1 0.749347 0.424384 0.143226 0.020599 0.000943 1.5e-05 0 0 0 0 0 0 0 0 0 0 0 0 0 
1 0.749081 0.425227 0.143117 0.020252 0.000826 1.4e-05 1e-06 0 0 0 0 0 0 0 0 0 0 0 0 
1 0.751411 0.427613 0.14506 0.020899 0.000983 1.9e-05 0 0 0 0 0 0 0 0 0 0 0 0 0 
1 0.749155 0.423753 0.14218 0.019939 0.000879 1.9e-05 0 0 0 0 0 0 0 0 0 0 0 0 0 
1 0.750101 0.426271 0.145391 0.020623 0.000956 1.3e-05 0 0 0 0 0 0 0 0 0 0 0 0 0 
1 0.747761 0.421921 0.141149 0.019359 0.000828 1.5e-05 0 0 0 0 0 0 0 0 0 0 0 0 0 
1 0.748051 0.423469 0.143272 0.020359 0.000902 7e-06 0 0 0 0 0 0 0 0 0 0 0 0 0 
1 0.749789 0.42681 0.143847 0.020456 0.000866 1.1e-05 0 0 0 0 0 0 0 0 0 0 0 0 0 
1 0.750033 0.426295 0.144985 0.020786 0.000961 1.5e-05 0 0 0 0 0 0 0 0 0 0 0 0 0 
1 0.75174 0.429775 0.147066 0.02108 0.000947 1.8e-05 0 0 0 0 0 0 0 0 0 0 0 0 0 
1 0.750107 0.425254 0.144523 0.021014 0.001041 1.5e-05 0 0 0 0 0 0 0 0 0 0 0 0 0 
1 0.751401 0.428387 0.146532 0.021549 0.000976 1.8e-05 0 0 0 0 0 0 0 0 0 0 0 0 0 
1 0.75122 0.428007 0.1465 0.021277 0.001032 1.5e-05 0 0 0 0 0 0 0 0 0 0 0 0 0 
1 0.750046 0.426599 0.144311 0.020449 0.000956 1.6e-05 0 0 0 0 0 0 0 0 0 0 0 0 0 
1 0.750084 0.425989 0.143262 0.019925 0.000797 7e-06 0 0 0 0 0 0 0 0 0 0 0 0 0 
1 0.749909 0.426604 0.144936 0.020792 0.001002 1.6e-05 0 0 0 0 0 0 0 0 0 0 0 0 0 
1 0.748821 0.424068 0.142767 0.019982 0.000896 1.5e-05 0 0 0 0 0 0 0 0 0 0 0 0 0 
1 0.749822 0.425495 0.143727 0.020588 0.000921 1.6e-05 0 0 0 0 0 0 0 0 0 0 0 0 0 
1 0.751595 0.42936 0.147021 0.021403 0.001146 1.9e-05 0 0 0 0 0 0 0 0 0 0 0 0 0 
1 0.750079 0.425713 0.144278 0.020577 0.000993 3.1e-05 1e-06 0 0 0 0 0 0 0 0 0 0 0 0 
1 0.749932 0.427508 0.146122 0.021104 0.001001 1.7e-05 0 0 0 0 0 0 0 0 0 0 0 0 0 
1 0.749325 0.426064 0.144357 0.021158 0.000982 2.7e-05 0 0 0 0 0 0 0 0 0 0 0 0 0 
1 0.748788 0.423501 0.142793 0.020094 0.000945 2.4e-05 1e-06 0 0 0 0 0 0 0 0 0 0 0 0 
1 0.748743 0.422892 0.141383 0.019903 0.000856 2.1e-05 0 0 0 0 0 0 0 0 0 0 0 0 0 
1 0.74995 0.426826 0.144855 0.020648 0.000921 1.8e-05 0 0 0 0 0 0 0 0 0 0 0 0 0 
1 0.749992 0.426411 0.144345 0.020323 0.000916 2e-05 0 0 0 0 0 0 0 0 0 0 0 0 0 
1 0.750666 0.42701 0.144414 0.02051 0.000906 1.4e-05 0 0 0 0 0 0 0 0 0 0 0 0 0 
1 0.750101 0.425154 0.142747 0.020242 0.000939 1.4e-05 2e-06 0 0 0 0 0 0 0 0 0 0 0 0 
