1 0.60169 0.23917 0.05251 0.00643 0.000565 2.5e-05 5e-06 0 0 0 0 0 0 0 0 0 0 0 0 
1 0.59925 0.234055 0.051395 0.00641 0.000565 2e-05 0 0 0 0 0 0 0 0 0 0 0 0 0 
1 0.600125 0.235615 0.052515 0.00687 0.00059 6.5e-05 0 0 0 0 0 0 0 0 0 0 0 0 0 
1 0.59884 0.235595 0.05188 0.006335 0.000635 6.5e-05 1e-05 5e-06 0 0 0 0 0 0 0 0 0 0 0 
1 0.59913 0.23501 0.052675 0.006895 0.000705 5e-05 0 0 0 0 0 0 0 0 0 0 0 0 0 
1 0.60034 0.236535 0.05268 0.0068 0.00065 3e-05 5e-06 0 0 0 0 0 0 0 0 0 0 0 0 
1 0.59949 0.23526 0.05137 0.006425 0.000535 2.5e-05 0 0 0 0 0 0 0 0 0 0 0 0 0 
1 0.603845 0.23651 0.05222 0.00691 0.00069 3.5e-05 0 0 0 0 0 0 0 0 0 0 0 0 0 
1 0.599445 0.23696 0.052595 0.006675 0.000605 5e-05 0 0 0 0 0 0 0 0 0 0 0 0 0 
1 0.600215 0.23611 0.051925 0.0065 0.00057 2e-05 5e-06 0 0 0 0 0 0 0 0 0 0 0 0 
1 0.599915 0.235855 0.052035 0.006675 0.00057 3e-05 0 0 0 0 0 0 0 0 0 0 0 0 0 
1 0.59902 0.234465 0.05112 0.006555 0.00056 5e-05 0 0 0 0 0 0 0 0 0 0 0 0 0 
1 0.596875 0.232675 0.05204 0.00662 0.00049 3e-05 0 0 0 0 0 0 0 0 0 0 0 0 0 
1 0.59722 0.23497 0.052615 0.006565 0.00056 2e-05 0 0 0 0 0 0 0 0 0 0 0 0 0 
1 0.60047 0.23453 0.051555 0.006245 0.000545 4.5e-05 0 0 0 0 0 0 0 0 0 0 0 0 0 
1 0.601745 0.23582 0.052545 0.00669 0.00057 3.5e-05 0 0 0 0 0 0 0 0 0 0 0 0 0 
1 0.600235 0.237455 0.053495 0.00686 0.000595 3.5e-05 0 0 0 0 0 0 0 0 0 0 0 0 0 
1 0.59824 0.234855 0.052805 0.00664 0.00063 6e-05 0 0 0 0 0 0 0 0 0 0 0 0 0 
1 0.59762 0.234475 0.051345 0.00684 0.000665 3.5e-05 0 0 0 0 0 0 0 0 0 0 0 0 0 
1 0.59637 0.23421 0.05151 0.00678 0.000585 1e-05 0 0 0 0 0 0 0 0 0 0 0 0 0 
1 0.603545 0.23587 0.052635 0.00693 0.000675 2e-05 0 0 0 0 0 0 0 0 0 0 0 0 0 
1 0.600035 0.23422 0.05107 0.00605 0.00046 4.5e-05 0 0 0 0 0 0 0 0 0 0 0 0 0 
1 0.599595 0.234125 0.052045 0.007195 0.00078 6e-05 1e-05 0 0 0 0 0 0 0 0 0 0 0 0 
1 0.60029 0.235625 0.052375 0.006805 0.00074 6e-05 0 0 0 0 0 0 0 0 0 0 0 0 0 
1 0.599225 0.235965 0.052525 0.006485 0.00055 5e-05 0 0 0 0 0 0 0 0 0 0 0 0 0 
1 0.598305 0.234655 0.050895 0.006715 0.000575 3e-05 0 0 0 0 0 0 0 0 0 0 0 0 0 
1 0.600755 0.23512 0.051665 0.006295 0.000635 7.5e-05 0 0 0 0 0 0 0 0 0 0 0 0 0 
1 0.59982 0.23627 0.052515 0.006685 0.000525 7e-05 0 0 0 0 0 0 0 0 0 0 0 0 0 
1 0.600355 0.23728 0.05258 0.00712 0.000655 2.5e-05 0 0 0 0 0 0 0 0 0 0 0 0 0 
1 0.5995 0.23415 0.052195 0.00686 0.000485 2e-05 0 0 0 0 0 0 0 0 0 0 0 0 0 
1 0.598455 0.234345 0.05246 0.006955 0.00063 3.5e-05 0 0 0 0 0 0 0 0 0 0 0 0 0 
1 0.59967 0.235545 0.052385 0.00694 0.000625 5e-05 0 0 0 0 0 0 0 0 0 0 0 0 0 
1 0.601135 0.23723 0.052475 0.00684 0.00061 2.5e-05 0 0 0 0 0 0 0 0 0 0 0 0 0 
1 0.60123 0.23505 0.05206 0.00701 0.00056 3e-05 5e-06 0 0 0 0 0 0 0 0 0 0 0 0 
1 0.599075 0.23715 0.05309 0.006935 0.00064 6.5e-05 5e-06 0 0 0 0 0 0 0 0 0 0 0 0 
1 0.6001 0.237165 0.052775 0.006785 0.000625 3.5e-05 0 0 0 0 0 0 0 0 0 0 0 0 0 
1 0.60098 0.236135 0.052535 0.006635 0.000595 2.5e-05 0 0 0 0 0 0 0 0 0 0 0 0 0 
1 0.60033 0.235595 0.05203 0.00685 0.000545 3e-05 5e-06 0 0 0 0 0 0 0 0 0 0 0 0 
1 0.599925 0.2351 0.05232 0.00682 0.000565 3.5e-05 0 0 0 0 0 0 0 0 0 0 0 0 0 
1 0.599055 0.234895 0.0515 0.00623 0.00048 2.5e-05 0 0 0 0 0 0 0 0 0 0 0 0 0 
1 0.59785 0.233375 0.051865 0.006605 0.00057 1.5e-05 0 0 0 0 0 0 0 0 0 0 0 0 0 
1 0.60251 0.23495 0.052135 0.00678 0.000555 3.5e-05 0 0 0 0 0 0 0 0 0 0 0 0 0 
1 0.598735 0.234445 0.051965 0.006675 0.000445 4.5e-05 1e-05 0 0 0 0 0 0 0 0 0 0 0 0 
1 0.60022 0.236335 0.051705 0.006885 0.000725 5e-05 0 0 0 0 0 0 0 0 0 0 0 0 0 
1 0.6009 0.2373 0.052965 0.00689 0.000635 4.5e-05 0 0 0 0 0 0 0 0 0 0 0 0 0 
1 0.597995 0.234205 0.051605 0.00617 0.000555 6e-05 0 0 0 0 0 0 0 0 0 0 0 0 0 
1 0.60091 0.236335 0.05252 0.00683 0.000515 4e-05 5e-06 0 0 0 0 0 0 0 0 0 0 0 0 
1 0.598795 0.237235 0.051965 0.006215 0.000475 3e-05 0 0 0 0 0 0 0 0 0 0 0 0 0 
1 0.60243 0.23739 0.05322 0.006785 0.000635 7.5e-05 0 0 0 0 0 0 0 0 0 0 0 0 0 
1 0.598365 0.235255 0.052165 0.006795 0.000605 5e-05 5e-06 0 0 0 0 0 0 0 0 0 0 0 0 
1 0.60004 0.23613 0.05112 0.00654 0.0006 4.5e-05 5e-06 0 0 0 0 0 0 0 0 0 0 0 0 
1 0.60107 0.236625 0.052475 0.00677 0.00059 6e-05 0 0 0 0 0 0 0 0 0 0 0 0 0 
1 0.60066 0.23883 0.0537 0.007505 0.00079 6.5e-05 5e-06 0 0 0 0 0 0 0 0 0 0 0 0 
1 0.59852 0.234375 0.051795 0.006525 0.000585 4.5e-05 5e-06 0 0 0 0 0 0 0 0 0 0 0 0 
1 0.598 0.23444 0.05228 0.006575 0.00052 5.5e-05 1e-05 0 0 0 0 0 0 0 0 0 0 0 0 
1 0.599015 0.23406 0.05112 0.006435 0.00056 4e-05 0 0 0 0 0 0 0 0 0 0 0 0 0 
1 0.596995 0.234045 0.05208 0.006625 0.00058 7.5e-05 0 0 0 0 0 0 0 0 0 0 0 0 0 
1 0.599855 0.236705 0.053215 0.00709 0.000645 8e-05 5e-06 0 0 0 0 0 0 0 0 0 0 0 0 
1 0.597725 0.23379 0.051995 0.00684 0.00064 3e-05 5e-06 0 0 0 0 0 0 0 0 0 0 0 0 
1 0.5977 0.234725 0.05153 0.006305 0.00047 5.5e-05 5e-06 0 0 0 0 0 0 0 0 0 0 0 0 
1 0.596635 0.23248 0.051565 0.006605 0.00061 3.5e-05 0 0 0 0 0 0 0 0 0 0 0 0 0 
1 0.6001 0.23565 0.052135 0.00662 0.00064 4.5e-05 0 0 0 0 0 0 0 0 0 0 0 0 0 
1 0.59972 0.235745 0.052 0.006675 0.000625 3.5e-05 0 0 0 0 0 0 0 0 0 0 0 0 0 
1 0.59894 0.23554 0.051805 0.00665 0.00054 5e-05 5e-06 0 0 0 0 0 0 0 0 0 0 0 0 
1 0.60138 0.2363 0.052425 0.007015 0.00063 2.5e-05 0 0 0 0 0 0 0 0 0 0 0 0 0 
1 0.60056 0.23708 0.05226 0.00661 0.00055 4e-05 0 0 0 0 0 0 0 0 0 0 0 0 0 
1 0.602575 0.235045 0.051775 0.00674 0.000555 3e-05 0 0 0 0 0 0 0 0 0 0 0 0 0 
1 0.598305 0.23343 0.05153 0.00663 0.000585 3e-05 0 0 0 0 0 0 0 0 0 0 0 0 0 
1 0.600375 0.2373 0.052685 0.006825 0.00053 4e-05 1e-05 0 0 0 0 0 0 0 0 0 0 0 0 
1 0.601105 0.235375 0.05187 0.00619 0.00056 4e-05 0 0 0 0 0 0 0 0 0 0 0 0 0 
1 0.603135 0.23879 0.053875 0.007255 0.000675 2.5e-05 0 0 0 0 0 0 0 0 0 0 0 0 0 
1 0.59875 0.234915 0.05215 0.006815 0.00064 4e-05 0 0 0 0 0 0 0 0 0 0 0 0 0 
1 0.599705 0.23621 0.053165 0.00653 0.00056 2.5e-05 0 0 0 0 0 0 0 0 0 0 0 0 0 
1 0.60128 0.237745 0.05279 0.006795 0.0005 3e-05 0 0 0 0 0 0 0 0 0 0 0 0 0 
1 0.597545 0.23428 0.0516 0.0069 0.0006 3.5e-05 0 0 0 0 0 0 0 0 0 0 0 0 0 
1 0.603065 0.236 0.052115 0.00679 0.000575 2.5e-05 5e-06 0 0 0 0 0 0 0 0 0 0 0 0 
1 0.600975 0.237105 0.05261 0.00676 0.00058 4e-05 0 0 0 0 0 0 0 0 0 0 0 0 0 
1 0.602065 0.23782 0.052745 0.0074 0.0007 5.5e-05 5e-06 0 0 0 0 0 0 0 0 0 0 0 0 
1 0.598905 0.234115 0.051455 0.00663 0.000625 5e-05 5e-06 0 0 0 0 0 0 0 0 0 0 0 0 
1 0.6024 0.23903 0.0524 0.006835 0.000575 3.5e-05 5e-06 0 0 0 0 0 0 0 0 0 0 0 0 
1 0.60044 0.23476 0.052405 0.00675 0.000735 3e-05 0 0 0 0 0 0 0 0 0 0 0 0 0 
1 0.60038 0.234905 0.051565 0.00692 0.000645 6.5e-05 1e-05 0 0 0 0 0 0 0 0 0 0 0 0 
1 0.59941 0.23581 0.05186 0.00675 0.000645 2.5e-05 5e-06 0 0 0 0 0 0 0 0 0 0 0 0 
1 0.60168 0.23649 0.052295 0.006695 0.000635 4.5e-05 0 0 0 0 0 0 0 0 0 0 0 0 0 
1 0.598565 0.23534 0.051645 0.006805 0.000605 4.5e-05 0 0 0 0 0 0 0 0 0 0 0 0 0 
1 0.60036 0.237145 0.05304 0.0066 0.00051 4e-05 0 0 0 0 0 0 0 0 0 0 0 0 0 
1 0.59814 0.234695 0.052995 0.00709 0.00055 3e-05 0 0 0 0 0 0 0 0 0 0 0 0 0 
1 0.59871 0.236685 0.052565 0.0067 0.00059 2.5e-05 5e-06 0 0 0 0 0 0 0 0 0 0 0 0 
1 0.60164 0.2388 0.05373 0.00668 0.000545 6.5e-05 1e-05 0 0 0 0 0 0 0 0 0 0 0 0 
1 0.602 0.23683 0.05238 0.006585 0.0006 3.5e-05 0 0 0 0 0 0 0 0 0 0 0 0 0 
1 0.600415 0.235105 0.05277 0.00683 0.00053 4e-05 1e-05 0 0 0 0 0 0 0 0 0 0 0 0 
1 0.602365 0.23676 0.0521 0.00702 0.00056 2.5e-05 0 0 0 0 0 0 0 0 0 0 0 0 0 
1 0.602515 0.239035 0.052945 0.006475 0.000605 7e-05 0 0 0 0 0 0 0 0 0 0 0 0 0 
1 0.59987 0.23736 0.052625 0.00667 0.00052 2e-05 0 0 0 0 0 0 0 0 0 0 0 0 0 
1 0.600425 0.234955 0.05262 0.006585 0.00055 5.5e-05 5e-06 0 0 0 0 0 0 0 0 0 0 0 0 
1 0.599775 0.233585 0.051605 0.00669 0.000595 4e-05 0 0 0 0 0 0 0 0 0 0 0 0 0 
1 0.598265 0.23532 0.052155 0.00642 0.00054 4.5e-05 5e-06 0 0 0 0 0 0 0 0 0 0 0 0 
1 0.600335 0.23546 0.053045 0.006905 0.00061 6.5e-05 5e-06 0 0 0 0 0 0 0 0 0 0 0 0 
1 0.5982 0.234405 0.052425 0.0066 0.00057 2e-05 0 0 0 0 0 0 0 0 0 0 0 0 0 
1 0.599515 0.23607 0.05114 0.0063 0.000505 2.5e-05 0 0 0 0 0 0 0 0 0 0 0 0 0 
1 0.60124 0.237655 0.052585 0.00679 0.000635 4e-05 5e-06 0 0 0 0 0 0 0 0 0 0 0 0 
1 0.601785 0.236675 0.0532 0.006875 0.00054 4.5e-05 0 0 0 0 0 0 0 0 0 0 0 0 0 
1 0.60031 0.23609 0.052535 0.00666 0.000565 3e-05 0 0 0 0 0 0 0 0 0 0 0 0 0 
1 0.600285 0.234975 0.05265 0.00698 0.00063 3.5e-05 1.5e-05 5e-06 0 0 0 0 0 0 0 0 0 0 0 
1 0.601025 0.236225 0.052375 0.006855 0.000555 4e-05 5e-06 0 0 0 0 0 0 0 0 0 0 0 0 
1 0.59995 0.235595 0.05325 0.006985 0.00066 4.5e-05 5e-06 0 0 0 0 0 0 0 0 0 0 0 0 
1 0.600015 0.23645 0.052365 0.00618 0.000525 5.5e-05 5e-06 0 0 0 0 0 0 0 0 0 0 0 0 
1 0.60112 0.23778 0.052825 0.00691 0.00058 2e-05 5e-06 0 0 0 0 0 0 0 0 0 0 0 0 
1 0.60036 0.23635 0.05266 0.00668 0.00062 5e-05 5e-06 0 0 0 0 0 0 0 0 0 0 0 0 
1 0.601265 0.238035 0.05317 0.00706 0.000575 4e-05 0 0 0 0 0 0 0 0 0 0 0 0 0 
1 0.597895 0.23446 0.050365 0.00624 0.00056 2.5e-05 5e-06 0 0 0 0 0 0 0 0 0 0 0 0 
1 0.599825 0.236285 0.053175 0.00687 0.00054 3.5e-05 5e-06 0 0 0 0 0 0 0 0 0 0 0 0 
1 0.598785 0.23624 0.05309 0.00694 0.00056 5.5e-05 5e-06 0 0 0 0 0 0 0 0 0 0 0 0 
1 0.60252 0.235115 0.051265 0.006425 0.000625 3.5e-05 5e-06 0 0 0 0 0 0 0 0 0 0 0 0 
1 0.60046 0.235135 0.05209 0.006855 0.00057 3.5e-05 0 0 0 0 0 0 0 0 0 0 0 0 0 
1 0.600805 0.235385 0.051265 0.0065 0.000505 5e-05 5e-06 0 0 0 0 0 0 0 0 0 0 0 0 
1 0.60244 0.23648 0.05148 0.006325 0.000525 2.5e-05 0 0 0 0 0 0 0 0 0 0 0 0 0 
1 0.60104 0.234275 0.052045 0.00667 0.000515 4.5e-05 0 0 0 0 0 0 0 0 0 0 0 0 0 
1 0.599445 0.235785 0.052665 0.00691 0.00059 3e-05 0 0 0 0 0 0 0 0 0 0 0 0 0 
1 0.600535 0.23639 0.05243 0.006435 0.00053 5e-06 0 0 0 0 0 0 0 0 0 0 0 0 0 
1 0.598245 0.234445 0.05082 0.006605 0.000575 3e-05 0 0 0 0 0 0 0 0 0 0 0 0 0 
1 0.599245 0.236235 0.05164 0.00664 0.000635 6e-05 1e-05 0 0 0 0 0 0 0 0 0 0 0 0 
1 0.598 0.23411 0.051215 0.006515 0.0005 1.5e-05 5e-06 0 0 0 0 0 0 0 0 0 0 0 0 
1 0.600835 0.23778 0.053105 0.00677 0.00058 3e-05 0 0 0 0 0 0 0 0 0 0 0 0 0 
1 0.60242 0.23816 0.053425 0.007145 0.000745 5.5e-05 5e-06 0 0 0 0 0 0 0 0 0 0 0 0 
