0
3 100
1 0.546667 0.223017 0.0721167 0.0197 0.00436667 0.00101667 0.0001 1.66667e-05 0 0 0 0 0 0 0 0 0 0 0 
1 0.553917 0.2254 0.0734 0.0205 0.00486667 0.00106667 0.000233333 0 0 0 0 0 0 0 0 0 0 0 0 
1 0.5502 0.220367 0.0701667 0.0208333 0.0048 0.00123333 0.000233333 3.33333e-05 1.66667e-05 1.66667e-05 0 0 0 0 0 0 0 0 0 
1 0.5503 0.222433 0.07185 0.02065 0.00531667 0.00121667 0.000266667 6.66667e-05 3.33333e-05 0 0 0 0 0 0 0 0 0 0 
1 0.54795 0.224033 0.0741667 0.0204833 0.00505 0.00116667 0.000266667 6.66667e-05 0 0 0 0 0 0 0 0 0 0 0 
1 0.54825 0.22115 0.0700333 0.0193667 0.0049 0.00108333 0.000183333 5e-05 0 0 0 0 0 0 0 0 0 0 0 
1 0.550867 0.2236 0.0738167 0.0205833 0.00548333 0.00115 0.000183333 3.33333e-05 1.66667e-05 0 0 0 0 0 0 0 0 0 0 
1 0.550067 0.22465 0.0708 0.01915 0.00503333 0.00128333 0.000333333 3.33333e-05 3.33333e-05 0 0 0 0 0 0 0 0 0 0 
1 0.547633 0.223517 0.0738 0.0210667 0.00496667 0.00101667 0.000283333 5e-05 1.66667e-05 0 0 0 0 0 0 0 0 0 0 
1 0.546217 0.219717 0.0715167 0.0202 0.00531667 0.00126667 0.0003 5e-05 1.66667e-05 0 0 0 0 0 0 0 0 0 0 
1 0.549983 0.221283 0.07045 0.0188833 0.0046 0.0012 0.0002 3.33333e-05 1.66667e-05 0 0 0 0 0 0 0 0 0 0 
1 0.5483 0.224483 0.0722 0.0195833 0.00478333 0.00126667 0.00035 8.33333e-05 3.33333e-05 1.66667e-05 9.64562e-17 0 0 0 0 0 0 0 0 
1 0.545783 0.2208 0.07045 0.0194 0.0053 0.00126667 0.0003 5e-05 0 0 0 0 0 0 0 0 0 0 0 
1 0.549333 0.22285 0.0734833 0.02135 0.0061 0.00155 0.000383333 3.33333e-05 1.66667e-05 0 0 0 0 0 0 0 0 0 0 
1 0.550617 0.226033 0.07335 0.02005 0.00498333 0.00125 0.000283333 8.33333e-05 0 0 0 0 0 0 0 0 0 0 0 
1 0.549333 0.225333 0.0731 0.0208833 0.00496667 0.00103333 0.0003 5e-05 3.33333e-05 0 0 0 0 0 0 0 0 0 0 
1 0.5525 0.222583 0.07275 0.01975 0.00551667 0.00135 0.000283333 0.0001 0 0 0 0 0 0 0 0 0 0 0 
1 0.548833 0.224083 0.0731667 0.02055 0.0048 0.0011 0.000333333 5e-05 1.66667e-05 0 0 0 0 0 0 0 0 0 0 
1 0.548667 0.223183 0.0738 0.0200167 0.00548333 0.00133333 0.000283333 5e-05 0 0 0 0 0 0 0 0 0 0 0 
1 0.545917 0.2209 0.0705333 0.0199167 0.00513333 0.00125 0.0003 3.33333e-05 0 0 0 0 0 0 0 0 0 0 0 
1 0.546267 0.22405 0.0725833 0.0216 0.00536667 0.00135 0.0003 6.66667e-05 0 0 0 0 0 0 0 0 0 0 0 
1 0.552783 0.224983 0.07115 0.0197 0.00553333 0.00111667 0.000183333 1.66667e-05 0 0 0 0 0 0 0 0 0 0 0 
1 0.550667 0.2252 0.0729833 0.0200167 0.00501667 0.00128333 0.000216667 8.33333e-05 1.66667e-05 0 0 0 0 0 0 0 0 0 0 
1 0.547983 0.223383 0.07205 0.0190333 0.00523333 0.00108333 0.000266667 6.66667e-05 0 0 0 0 0 0 0 0 0 0 0 
1 0.549833 0.221883 0.0706167 0.0198 0.00501667 0.00106667 0.000283333 1.66667e-05 0 0 0 0 0 0 0 0 0 0 0 
1 0.554433 0.226583 0.0729833 0.0211667 0.00566667 0.00143333 0.0003 5e-05 1.66667e-05 0 0 0 0 0 0 0 0 0 0 
1 0.550283 0.222633 0.0717667 0.0209333 0.00521667 0.00131667 0.000333333 8.33333e-05 3.33333e-05 0 0 0 0 0 0 0 0 0 0 
1 0.548183 0.219883 0.0712167 0.0194 0.00461667 0.00108333 0.00025 6.66667e-05 0 0 0 0 0 0 0 0 0 0 0 
1 0.549933 0.223 0.0728167 0.0192 0.0048 0.0009 0.00015 3.33333e-05 1.66667e-05 0 0 0 0 0 0 0 0 0 0 
1 0.554467 0.228517 0.0759 0.0205167 0.00531667 0.00113333 0.000233333 5e-05 1.66667e-05 0 0 0 0 0 0 0 0 0 0 
1 0.548133 0.223133 0.0723833 0.0196667 0.0055 0.0014 0.000333333 8.33333e-05 0 0 0 0 0 0 0 0 0 0 0 
1 0.549317 0.22465 0.07135 0.0193333 0.0048 0.000916667 0.000166667 3.33333e-05 0 0 0 0 0 0 0 0 0 0 0 
1 0.550933 0.223517 0.0723667 0.0212667 0.00561667 0.00128333 0.000166667 1.66667e-05 0 0 0 0 0 0 0 0 0 0 0 
1 0.552467 0.226867 0.0737333 0.0206 0.00515 0.00101667 0.000233333 5e-05 0 0 0 0 0 0 0 0 0 0 0 
1 0.548267 0.22155 0.0719667 0.0199 0.0047 0.00105 0.000233333 6.66667e-05 1.66667e-05 1.66667e-05 0 0 0 0 0 0 0 0 0 
1 0.551067 0.223033 0.0709167 0.0190833 0.00466667 0.00106667 0.000316667 8.33333e-05 0 0 0 0 0 0 0 0 0 0 0 
1 0.5507 0.223183 0.07255 0.0208167 0.00533333 0.00141667 0.000433333 0.00015 6.66667e-05 3.33333e-05 0 0 0 0 0 0 0 0 0 
1 0.54935 0.222117 0.071 0.0197667 0.00466667 0.00108333 0.000233333 6.66667e-05 0 0 0 0 0 0 0 0 0 0 0 
1 0.548 0.223883 0.0722 0.0207 0.00495 0.00108333 0.0002 1.66667e-05 1.66667e-05 0 0 0 0 0 0 0 0 0 0 
1 0.55365 0.226683 0.0723667 0.0203333 0.00556667 0.00126667 0.0003 5e-05 1.66667e-05 0 0 0 0 0 0 0 0 0 0 
1 0.550217 0.221567 0.0716833 0.0201333 0.0053 0.00131667 0.0003 1.66667e-05 0 0 0 0 0 0 0 0 0 0 0 
1 0.5471 0.219567 0.06975 0.0180667 0.00423333 0.00116667 0.000383333 8.33333e-05 1.66667e-05 0 0 0 0 0 0 0 0 0 0 
1 0.550883 0.2224 0.0736 0.02045 0.00525 0.00141667 0.000316667 3.33333e-05 0 0 0 0 0 0 0 0 0 0 0 
1 0.55365 0.2248 0.07265 0.0201833 0.00488333 0.00126667 0.000233333 3.33333e-05 0 0 0 0 0 0 0 0 0 0 0 
1 0.5471 0.222967 0.0729333 0.0199833 0.00518333 0.00111667 0.000366667 8.33333e-05 4.39648e-18 0 0 0 0 0 0 0 0 0 0 
1 0.547133 0.221917 0.0716167 0.0200333 0.00541667 0.00135 0.000383333 0.0001 5e-05 0 0 0 0 0 0 0 0 0 0 
1 0.550867 0.222733 0.0718833 0.0202 0.00531667 0.00126667 0.000433333 0.0001 3.33333e-05 2.4647e-17 0 0 0 0 0 0 0 0 0 
1 0.552483 0.2262 0.0738667 0.02005 0.00426667 0.000883333 0.0002 1.66667e-05 0 0 0 0 0 0 0 0 0 0 0 
1 0.5522 0.22315 0.07165 0.0205833 0.0051 0.000916667 0.0002 0.0001 3.33333e-05 0 0 0 0 0 0 0 0 0 0 
1 0.54885 0.218883 0.0687333 0.01855 0.0042 0.001 0.000216667 1.66667e-05 1.66667e-05 0 0 0 0 0 0 0 0 0 0 
1 0.552167 0.222617 0.0716167 0.0199167 0.00531667 0.00113333 0.0003 6.66667e-05 1.66667e-05 0 0 0 0 0 0 0 0 0 0 
1 0.5513 0.222983 0.0727 0.01995 0.00555 0.0011 0.000266667 0.0001 0 0 0 0 0 0 0 0 0 0 0 
1 0.5503 0.225317 0.0719667 0.0198667 0.00488333 0.00128333 0.00025 0.000116667 1.66667e-05 0 0 0 0 0 0 0 0 0 0 
1 0.54445 0.219333 0.07035 0.0204833 0.00526667 0.00111667 0.0002 1.66667e-05 0 0 0 0 0 0 0 0 0 0 0 
1 0.552367 0.223333 0.0724 0.0196667 0.00495 0.00145 0.000383333 0.000133333 1.66667e-05 1.66667e-05 0 0 0 0 0 0 0 0 0 
1 0.549833 0.22155 0.0699 0.0188333 0.00448333 0.00123333 0.000233333 3.33333e-05 3.33333e-05 0 0 0 0 0 0 0 0 0 0 
1 0.546783 0.22095 0.0707167 0.02045 0.00521667 0.0013 0.000316667 5e-05 0 0 0 0 0 0 0 0 0 0 0 
1 0.55455 0.22615 0.0730667 0.0197 0.00525 0.00128333 0.0003 0.000116667 1.66667e-05 0 0 0 0 0 0 0 0 0 0 
1 0.54755 0.221417 0.06925 0.01945 0.00495 0.00121667 0.000316667 8.33333e-05 3.33333e-05 0 0 0 0 0 0 0 0 0 0 
1 0.553317 0.226483 0.0721333 0.0197167 0.0046 0.00101667 0.000183333 5e-05 0 0 0 0 0 0 0 0 0 0 0 
1 0.55235 0.22485 0.0747667 0.0217833 0.00533333 0.00136667 0.000433333 0.00015 5e-05 0 0 0 0 0 0 0 0 0 0 
1 0.552117 0.222733 0.0720167 0.0208667 0.0054 0.00118333 0.0003 8.33333e-05 3.33333e-05 0 0 0 0 0 0 0 0 0 0 
1 0.5447 0.218667 0.0704833 0.0195 0.00496667 0.00126667 0.000433333 6.66667e-05 3.33333e-05 0 0 0 0 0 0 0 0 0 0 
1 0.5525 0.2237 0.0720833 0.0201167 0.00515 0.00141667 0.000366667 0.000116667 3.33333e-05 0 0 0 0 0 0 0 0 0 0 
1 0.55335 0.2262 0.0715333 0.01965 0.005 0.0011 0.0002 3.33333e-05 1.66667e-05 0 0 0 0 0 0 0 0 0 0 
1 0.5481 0.221717 0.0717167 0.02 0.0048 0.00111667 0.000266667 3.33333e-05 1.66667e-05 0 0 0 0 0 0 0 0 0 0 
1 0.548133 0.223583 0.0718667 0.0205333 0.00515 0.00165 0.000416667 0.000166667 5e-05 0 0 0 0 0 0 0 0 0 0 
1 0.549283 0.220483 0.0700167 0.0184167 0.00453333 0.00108333 0.000166667 1.66667e-05 5.30187e-17 5.30187e-17 0 0 0 0 0 0 0 0 0 
1 0.55 0.223033 0.0713333 0.0206167 0.005 0.00131667 0.00025 8.33333e-05 1.66667e-05 0 0 0 0 0 0 0 0 0 0 
1 0.5494 0.220117 0.0706333 0.0199 0.00495 0.00113333 0.000316667 0.000116667 3.33333e-05 0 0 0 0 0 0 0 0 0 0 
1 0.5512 0.22365 0.072 0.0203 0.0053 0.0013 0.000266667 5e-05 0 0 0 0 0 0 0 0 0 0 0 
1 0.549783 0.22145 0.07175 0.02015 0.00508333 0.00106667 0.000183333 3.33333e-05 0 0 0 0 0 0 0 0 0 0 0 
1 0.549783 0.22115 0.0725667 0.0204 0.00521667 0.00111667 0.000283333 5e-05 3.33333e-05 0 0 0 0 0 0 0 0 0 0 
1 0.554167 0.227183 0.07285 0.0210833 0.00528333 0.00116667 0.000216667 8.33333e-05 1.66667e-05 1.66667e-05 0 0 0 0 0 0 0 0 0 
1 0.54825 0.222 0.0712667 0.01925 0.00481667 0.00103333 0.000233333 5e-05 0 0 0 0 0 0 0 0 0 0 0 
1 0.5537 0.225833 0.0729667 0.0205667 0.00503333 0.00123333 0.000266667 6.66667e-05 1.66667e-05 1.66667e-05 0 0 0 0 0 0 0 0 0 
1 0.549883 0.222017 0.0708667 0.0195833 0.00466667 0.00125 0.00025 5e-05 0 0 0 0 0 0 0 0 0 0 0 
1 0.5468 0.220767 0.07215 0.0193667 0.00465 0.00121667 0.000233333 6.66667e-05 1.66667e-05 0 0 0 0 0 0 0 0 0 0 
1 0.5503 0.225067 0.0718833 0.0193167 0.00461667 0.00103333 0.000233333 5e-05 1.66667e-05 0 0 0 0 0 0 0 0 0 0 
1 0.549017 0.222233 0.0713333 0.0188 0.00471667 0.000983333 0.000133333 3.33333e-05 0 0 0 0 0 0 0 0 0 0 0 
1 0.5493 0.221217 0.07395 0.0199833 0.00528333 0.00131667 0.000333333 8.33333e-05 1.66667e-05 0 0 0 0 0 0 0 0 0 0 
1 0.547667 0.22175 0.0737167 0.0203 0.00541667 0.00123333 0.00025 6.66667e-05 1.66667e-05 0 0 0 0 0 0 0 0 0 0 
1 0.54905 0.22255 0.0732833 0.0208 0.0053 0.00108333 0.000166667 5e-05 1.66667e-05 0 0 0 0 0 0 0 0 0 0 
1 0.55085 0.222633 0.0711167 0.0194667 0.00478333 0.00106667 0.000316667 5e-05 0 0 0 0 0 0 0 0 0 0 0 
1 0.550633 0.2231 0.0720167 0.0204333 0.00551667 0.0012 0.000333333 6.66667e-05 1.66667e-05 0 0 0 0 0 0 0 0 0 0 
1 0.554217 0.225533 0.0726333 0.0198333 0.0051 0.0012 0.000316667 0.000116667 5e-05 0 0 0 0 0 0 0 0 0 0 
1 0.554933 0.2257 0.0732667 0.0202833 0.00528333 0.00106667 0.000233333 6.66667e-05 0 0 0 0 0 0 0 0 0 0 0 
1 0.5463 0.221267 0.0720833 0.0200333 0.00488333 0.00118333 0.00025 3.33333e-05 0 0 0 0 0 0 0 0 0 0 0 
1 0.55335 0.2261 0.0715833 0.0195667 0.00466667 0.00123333 0.0003 0.0001 1.66667e-05 0 0 0 0 0 0 0 0 0 0 
1 0.549 0.22085 0.07095 0.02035 0.00571667 0.00153333 0.000233333 8.33333e-05 3.33333e-05 0 0 0 0 0 0 0 0 0 0 
1 0.551083 0.222033 0.0726 0.0201667 0.005 0.0011 0.000283333 8.33333e-05 3.33333e-05 0 0 0 0 0 0 0 0 0 0 
1 0.5519 0.226683 0.0729833 0.0199667 0.00523333 0.00131667 0.000216667 6.66667e-05 1.66667e-05 0 0 0 0 0 0 0 0 0 0 
1 0.55025 0.223833 0.0737167 0.01985 0.00508333 0.00101667 0.00025 5e-05 3.33333e-05 0 0 0 0 0 0 0 0 0 0 
1 0.548733 0.22485 0.0742667 0.02045 0.00515 0.00115 0.000316667 0.0001 0 0 0 0 0 0 0 0 0 0 0 
1 0.550467 0.221733 0.0737 0.0201333 0.00501667 0.00125 0.000183333 8.33333e-05 0 0 0 0 0 0 0 0 0 0 0 
1 0.548067 0.22115 0.0694667 0.0194833 0.00481667 0.00105 0.000216667 6.66667e-05 0 0 0 0 0 0 0 0 0 0 0 
1 0.55275 0.223667 0.0690167 0.0194167 0.00508333 0.0016 0.000233333 5e-05 0 0 0 0 0 0 0 0 0 0 0 
1 0.551383 0.226683 0.0734333 0.0210833 0.00511667 0.00106667 0.000333333 8.33333e-05 3.33333e-05 1.66667e-05 0 0 0 0 0 0 0 0 0 
1 0.553483 0.224817 0.0721667 0.0197 0.00538333 0.00146667 0.000266667 1.66667e-05 0 0 0 0 0 0 0 0 0 0 0 
1 0.55245 0.224517 0.07365 0.01995 0.00511667 0.00155 0.000383333 0.000116667 5e-05 1.66667e-05 0 0 0 0 0 0 0 0 0 
