1 0.549608 0.172818 0.0210633 0.000785 1.16667e-05 0 0 0 0 0 0 0 0 0 0 0 0 0 0 
1 0.550108 0.173002 0.0211167 0.00084 1.33333e-05 0 0 0 0 0 0 0 0 0 0 0 0 0 0 
1 0.550115 0.172217 0.0204117 0.000796667 1e-05 0 0 0 0 0 0 0 0 0 0 0 0 0 0 
1 0.548613 0.171157 0.0210217 0.000795 1.5e-05 0 0 0 0 0 0 0 0 0 0 0 0 0 0 
0
30 100
1 0.550127 0.172788 0.0208817 0.000821667 1.5e-05 0 0 0 0 0 0 0 0 0 0 0 0 0 0 
1 0.550197 0.1735 0.0211733 0.000911667 2e-05 1.66667e-06 0 0 0 0 0 0 0 0 0 0 0 0 0 
1 0.550657 0.1742 0.0215383 0.000878333 3.33333e-06 0 0 0 0 0 0 0 0 0 0 0 0 0 0 
1 0.550552 0.1738 0.021055 0.000843333 1.16667e-05 0 0 0 0 0 0 0 0 0 0 0 0 0 0 
1 0.55101 0.173578 0.0213467 0.000823333 1.66667e-05 0 0 0 0 0 0 0 0 0 0 0 0 0 0 
1 0.547908 0.170895 0.0202833 0.000825 2e-05 0 0 0 0 0 0 0 0 0 0 0 0 0 0 
1 0.550427 0.173142 0.0211483 0.00086 2.83333e-05 1.66667e-06 0 0 0 0 0 0 0 0 0 0 0 0 0 
1 0.548742 0.171358 0.02047 0.000693333 2e-05 0 0 0 0 0 0 0 0 0 0 0 0 0 0 
1 0.551385 0.173487 0.0211633 0.000801667 1.66667e-05 0 0 0 0 0 0 0 0 0 0 0 0 0 0 
1 0.550442 0.172408 0.0208617 0.000793333 1e-05 0 0 0 0 0 0 0 0 0 0 0 0 0 0 
1 0.550027 0.172438 0.020675 0.000818333 1.5e-05 0 0 0 0 0 0 0 0 0 0 0 0 0 0 
1 0.550972 0.17375 0.021045 0.000755 2.5e-05 1.66667e-06 0 0 0 0 0 0 0 0 0 0 0 0 0 
1 0.549585 0.172842 0.020925 0.000775 2.16667e-05 0 0 0 0 0 0 0 0 0 0 0 0 0 0 
1 0.550948 0.173163 0.0213917 0.000875 2.16667e-05 0 0 0 0 0 0 0 0 0 0 0 0 0 0 
1 0.550103 0.173095 0.0212867 0.00083 1.66667e-05 0 0 0 0 0 0 0 0 0 0 0 0 0 0 
1 0.549992 0.172908 0.02105 0.000815 1e-05 0 0 0 0 0 0 0 0 0 0 0 0 0 0 
1 0.550057 0.172555 0.0206183 0.000773333 8.33333e-06 0 0 0 0 0 0 0 0 0 0 0 0 0 0 
1 0.54916 0.172308 0.0209583 0.000761667 2.5e-05 5e-06 0 0 0 0 0 0 0 0 0 0 0 0 0 
1 0.550375 0.17173 0.020635 0.000803333 2e-05 0 0 0 0 0 0 0 0 0 0 0 0 0 0 
1 0.5502 0.172613 0.0209733 0.00088 1.83333e-05 0 0 0 0 0 0 0 0 0 0 0 0 0 0 
1 0.550945 0.17307 0.0211883 0.000796667 1.83333e-05 0 0 0 0 0 0 0 0 0 0 0 0 0 0 
1 0.548618 0.172432 0.02098 0.000775 1.83333e-05 0 0 0 0 0 0 0 0 0 0 0 0 0 0 
1 0.548582 0.17103 0.0205133 0.000763333 2e-05 0 0 0 0 0 0 0 0 0 0 0 0 0 0 
1 0.550133 0.173242 0.021175 0.000855 1.33333e-05 0 0 0 0 0 0 0 0 0 0 0 0 0 0 
1 0.548318 0.170772 0.0205867 0.00082 1.83333e-05 0 0 0 0 0 0 0 0 0 0 0 0 0 0 
1 0.55163 0.173673 0.0209683 0.000795 1.33333e-05 0 0 0 0 0 0 0 0 0 0 0 0 0 0 
1 0.550365 0.17229 0.0210483 0.000848333 8.33333e-06 0 0 0 0 0 0 0 0 0 0 0 0 0 0 
1 0.54934 0.171267 0.0208417 0.000865 1.5e-05 0 0 0 0 0 0 0 0 0 0 0 0 0 0 
1 0.549668 0.172868 0.021175 0.000841667 2e-05 0 0 0 0 0 0 0 0 0 0 0 0 0 0 
1 0.550685 0.17242 0.020745 0.000725 1e-05 0 0 0 0 0 0 0 0 0 0 0 0 0 0 
1 0.550968 0.174138 0.021255 0.000868333 2.16667e-05 0 0 0 0 0 0 0 0 0 0 0 0 0 0 
1 0.548772 0.17201 0.0210133 0.000826667 1.66667e-05 1.66667e-06 0 0 0 0 0 0 0 0 0 0 0 0 0 
1 0.548583 0.172422 0.0209983 0.000861667 1.16667e-05 0 0 0 0 0 0 0 0 0 0 0 0 0 0 
1 0.550472 0.17323 0.0211417 0.000798333 2e-05 0 0 0 0 0 0 0 0 0 0 0 0 0 0 
1 0.550288 0.173592 0.021345 0.000828333 6.66667e-06 0 0 0 0 0 0 0 0 0 0 0 0 0 0 
1 0.548898 0.172298 0.0209817 0.000786667 1e-05 0 0 0 0 0 0 0 0 0 0 0 0 0 0 
1 0.550347 0.172438 0.0209383 0.000888333 1.5e-05 0 0 0 0 0 0 0 0 0 0 0 0 0 0 
1 0.549897 0.173977 0.0214133 0.000795 1.33333e-05 1.66667e-06 0 0 0 0 0 0 0 0 0 0 0 0 0 
1 0.548187 0.171095 0.020325 0.000731667 1.5e-05 0 0 0 0 0 0 0 0 0 0 0 0 0 0 
1 0.551 0.173115 0.0211467 0.000805 2.66667e-05 0 0 0 0 0 0 0 0 0 0 0 0 0 0 
1 0.54938 0.172443 0.0207867 0.000843333 1.66667e-05 0 0 0 0 0 0 0 0 0 0 0 0 0 0 
1 0.550428 0.172863 0.02073 0.000751667 2e-05 0 0 0 0 0 0 0 0 0 0 0 0 0 0 
1 0.546685 0.170107 0.0203983 0.000778333 1.83333e-05 0 0 0 0 0 0 0 0 0 0 0 0 0 0 
1 0.551295 0.174415 0.0215217 0.000908333 1.66667e-05 0 0 0 0 0 0 0 0 0 0 0 0 0 0 
1 0.551243 0.173978 0.0215433 0.000871667 1.66667e-05 0 0 0 0 0 0 0 0 0 0 0 0 0 0 
1 0.54934 0.171395 0.02098 0.00089 1.5e-05 0 0 0 0 0 0 0 0 0 0 0 0 0 0 
1 0.550023 0.172092 0.0208367 0.000825 1.5e-05 0 0 0 0 0 0 0 0 0 0 0 0 0 0 
1 0.550043 0.172753 0.0210183 0.000826667 2.5e-05 0 0 0 0 0 0 0 0 0 0 0 0 0 0 
1 0.550537 0.173385 0.0214717 0.000881667 1.66667e-05 1.66667e-06 0 0 0 0 0 0 0 0 0 0 0 0 0 
1 0.549973 0.173435 0.02137 0.000873333 3.33333e-05 0 0 0 0 0 0 0 0 0 0 0 0 0 0 
1 0.55 0.172322 0.0212367 0.00088 6.66667e-06 0 0 0 0 0 0 0 0 0 0 0 0 0 0 
1 0.551408 0.17438 0.02148 0.00084 1e-05 0 0 0 0 0 0 0 0 0 0 0 0 0 0 
1 0.551045 0.173057 0.0210917 0.000795 2e-05 0 0 0 0 0 0 0 0 0 0 0 0 0 0 
1 0.550775 0.172895 0.0213433 0.00088 2.16667e-05 0 0 0 0 0 0 0 0 0 0 0 0 0 0 
1 0.54869 0.171937 0.021025 0.000803333 1.66667e-05 0 0 0 0 0 0 0 0 0 0 0 0 0 0 
1 0.550067 0.17227 0.0211417 0.000871667 1.16667e-05 0 0 0 0 0 0 0 0 0 0 0 0 0 0 
1 0.550972 0.17308 0.02122 0.000833333 2e-05 0 0 0 0 0 0 0 0 0 0 0 0 0 0 
1 0.550543 0.17361 0.0215317 0.00083 1.5e-05 0 0 0 0 0 0 0 0 0 0 0 0 0 0 
1 0.549607 0.173012 0.0209633 0.000856667 1e-05 1.66667e-06 0 0 0 0 0 0 0 0 0 0 0 0 0 
1 0.548122 0.171515 0.0209483 0.000821667 1.16667e-05 0 0 0 0 0 0 0 0 0 0 0 0 0 0 
1 0.549407 0.171415 0.021055 0.000798333 2.83333e-05 0 0 0 0 0 0 0 0 0 0 0 0 0 0 
1 0.550207 0.172267 0.0212033 0.000835 1.5e-05 0 0 0 0 0 0 0 0 0 0 0 0 0 0 
1 0.550923 0.173757 0.0210533 0.000815 2e-05 0 0 0 0 0 0 0 0 0 0 0 0 0 0 
1 0.55197 0.174058 0.0211967 0.00083 2.16667e-05 0 0 0 0 0 0 0 0 0 0 0 0 0 0 
1 0.551308 0.174202 0.02124 0.000823333 1.66667e-05 1.66667e-06 0 0 0 0 0 0 0 0 0 0 0 0 0 
1 0.550475 0.173698 0.0214717 0.000968333 3e-05 1.66667e-06 0 0 0 0 0 0 0 0 0 0 0 0 0 
1 0.549222 0.171202 0.0203833 0.000825 1.5e-05 0 0 0 0 0 0 0 0 0 0 0 0 0 0 
1 0.549522 0.17262 0.020895 0.000821667 2e-05 0 0 0 0 0 0 0 0 0 0 0 0 0 0 
1 0.549727 0.172707 0.02074 0.000786667 8.33333e-06 0 0 0 0 0 0 0 0 0 0 0 0 0 0 
1 0.550112 0.172783 0.0211883 0.000885 2.5e-05 0 0 0 0 0 0 0 0 0 0 0 0 0 0 
1 0.550412 0.173385 0.021285 0.00083 1e-05 0 0 0 0 0 0 0 0 0 0 0 0 0 0 
1 0.55031 0.172473 0.020865 0.000801667 1.33333e-05 0 0 0 0 0 0 0 0 0 0 0 0 0 0 
1 0.551367 0.172815 0.0212533 0.000818333 1.5e-05 0 0 0 0 0 0 0 0 0 0 0 0 0 0 
1 0.549952 0.172358 0.0206317 0.000863333 1.83333e-05 0 0 0 0 0 0 0 0 0 0 0 0 0 0 
1 0.550005 0.172122 0.0214233 0.000778333 1.16667e-05 0 0 0 0 0 0 0 0 0 0 0 0 0 0 
1 0.547177 0.170862 0.0204667 0.00075 1.5e-05 0 0 0 0 0 0 0 0 0 0 0 0 0 0 
1 0.550077 0.173177 0.0213917 0.000775 1.83333e-05 0 0 0 0 0 0 0 0 0 0 0 0 0 0 
1 0.550712 0.172182 0.0210567 0.000881667 1.83333e-05 0 0 0 0 0 0 0 0 0 0 0 0 0 0 
1 0.550545 0.174852 0.0214683 0.000831667 1.16667e-05 0 0 0 0 0 0 0 0 0 0 0 0 0 0 
1 0.550657 0.173988 0.0214083 0.000775 2.33333e-05 0 0 0 0 0 0 0 0 0 0 0 0 0 0 
1 0.550902 0.172172 0.02085 0.000778333 1.16667e-05 0 0 0 0 0 0 0 0 0 0 0 0 0 0 
1 0.550783 0.172495 0.0207067 0.000733333 1.5e-05 0 0 0 0 0 0 0 0 0 0 0 0 0 0 
1 0.55069 0.174283 0.0209967 0.000846667 1.16667e-05 0 0 0 0 0 0 0 0 0 0 0 0 0 0 
1 0.549678 0.172305 0.0209433 0.000813333 1.33333e-05 3.33333e-06 0 0 0 0 0 0 0 0 0 0 0 0 0 
1 0.549915 0.172668 0.0208183 0.000813333 1e-05 0 0 0 0 0 0 0 0 0 0 0 0 0 0 
1 0.551168 0.173667 0.02159 0.000878333 1.66667e-05 0 0 0 0 0 0 0 0 0 0 0 0 0 0 
1 0.55042 0.173695 0.0210517 0.000786667 1e-05 0 0 0 0 0 0 0 0 0 0 0 0 0 0 
1 0.549908 0.172743 0.02113 0.000861667 1.66667e-05 0 0 0 0 0 0 0 0 0 0 0 0 0 0 
1 0.549003 0.171108 0.020605 0.000826667 2.5e-05 0 0 0 0 0 0 0 0 0 0 0 0 0 0 
1 0.550058 0.173045 0.020955 0.000788333 2e-05 0 0 0 0 0 0 0 0 0 0 0 0 0 0 
1 0.551598 0.173278 0.021225 0.00079 1.33333e-05 0 0 0 0 0 0 0 0 0 0 0 0 0 0 
1 0.55043 0.17347 0.0213517 0.000861667 2.16667e-05 0 0 0 0 0 0 0 0 0 0 0 0 0 0 
1 0.549533 0.171618 0.0205933 0.000816667 1.5e-05 0 0 0 0 0 0 0 0 0 0 0 0 0 0 
1 0.550703 0.173368 0.0209967 0.000856667 2.5e-05 1.66667e-06 0 0 0 0 0 0 0 0 0 0 0 0 0 
1 0.550438 0.173518 0.0210667 0.000771667 2.16667e-05 0 0 0 0 0 0 0 0 0 0 0 0 0 0 
1 0.550152 0.173743 0.0215033 0.000866667 1.5e-05 0 0 0 0 0 0 0 0 0 0 0 0 0 0 
1 0.551502 0.17404 0.0215283 0.000848333 1.66667e-05 0 0 0 0 0 0 0 0 0 0 0 0 0 0 
1 0.550897 0.173098 0.02106 0.000873333 1.33333e-05 0 0 0 0 0 0 0 0 0 0 0 0 0 0 
1 0.549122 0.171545 0.02017 0.00077 1.66667e-05 0 0 0 0 0 0 0 0 0 0 0 0 0 0 
1 0.548023 0.17118 0.0206267 0.0008 1.66667e-05 0 0 0 0 0 0 0 0 0 0 0 0 0 0 
