1 0.78968 0.611995 0.46216 0.33734 0.23217 0.144385 0.0738975 0.0210125 -0.0133125 -0.0331775 -0.043285 -0.0476025 -0.0491475 -0.0315425 -0.031685 -0.0317425 2.5e-06 0 0 0 0 0 0 0 0 0 0 0 0 
1 0.785642 0.606297 0.455408 0.327918 0.222757 0.134652 0.065065 0.014505 -0.01767 -0.0357475 -0.04425 -0.0479825 -0.0479375 -0.0264425 4e-05 1.5e-05 2.5e-06 0 0 0 0 0 0 0 0 0 0 0 0 
1 0.790107 0.614107 0.465527 0.339513 0.233562 0.14581 0.0749125 0.0220025 -0.0125175 -0.0326575 -0.042515 -0.0470375 -0.0476175 -0.0483075 -0.0485125 3.5e-05 1.75e-05 7.5e-06 2.5e-06 2.5e-06 0 0 0 0 0 0 0 0 0 
1 0.78897 0.612815 0.46416 0.338525 0.233605 0.144815 0.0734975 0.020565 -0.0140325 -0.03335 -0.0430925 -0.047495 -0.0465675 -0.00828 5.5e-05 1.75e-05 1e-05 7.5e-06 2.5e-06 0 0 0 0 0 0 0 0 0 0 
1 0.79119 0.61534 0.467132 0.341578 0.234542 0.14586 0.073685 0.0202675 -0.014055 -0.0333325 -0.043285 -0.0477225 -0.0492325 -0.0244875 -0.02461 1.5e-05 5e-06 2.5e-06 2.5e-06 0 0 0 0 0 0 0 0 0 0 
1 0.787335 0.609327 0.45894 0.33409 0.2285 0.141587 0.07085 0.0187075 -0.0148725 -0.034185 -0.04391 -0.047885 -0.0492675 -0.0473525 3.5e-05 7.5e-06 2.5e-06 0 0 0 0 0 0 0 0 0 0 0 0 
1 0.78935 0.61093 0.461453 0.336743 0.231887 0.144085 0.073075 0.0204425 -0.01444 -0.0341925 -0.043855 -0.0477475 -0.0462725 -0.046785 -0.0469525 -0.04701 -0.0470525 1.5e-05 7.5e-06 5e-06 2.5e-06 0 0 0 0 0 0 0 0 
1 0.79114 0.615547 0.468507 0.344043 0.238257 0.149972 0.0777725 0.02406 -0.0112525 -0.0322375 -0.042675 -0.047225 -0.0489875 -0.0495725 -0.038715 4.5e-05 2.25e-05 1e-05 0 0 0 0 0 0 0 0 0 0 0 
1 0.7887 0.611855 0.462662 0.33701 0.231092 0.14322 0.0723475 0.0203575 -0.0137375 -0.033335 -0.0433025 -0.04756 -0.0490975 6.5e-05 3e-05 1.25e-05 7.5e-06 2.5e-06 2.5e-06 2.5e-06 0 0 0 0 0 0 0 0 0 
1 0.789805 0.611182 0.461708 0.335855 0.230902 0.143182 0.072675 0.0208925 -0.013115 -0.03288 -0.0424275 -0.0469625 -0.048895 -0.0437825 -0.017845 4e-05 7.5e-06 2.5e-06 0 0 0 0 0 0 0 0 0 0 0 
1 0.78821 0.60994 0.459715 0.333463 0.229855 0.142945 0.0724 0.020555 -0.0136375 -0.0331275 -0.042875 -0.04715 -0.047385 -0.0200125 7.5e-05 3e-05 7.5e-06 5e-06 2.5e-06 2.5e-06 0 0 0 0 0 0 0 0 0 
1 0.78997 0.611445 0.460907 0.33669 0.23172 0.143465 0.072765 0.020155 -0.0145375 -0.033845 -0.0432825 -0.0474575 -0.049085 -0.038985 4.25e-05 1.5e-05 7.5e-06 0 0 0 0 0 0 0 0 0 0 0 0 
1 0.789752 0.612565 0.46242 0.33666 0.229742 0.140917 0.0690975 0.017185 -0.0160975 -0.0346925 -0.043875 -0.0478025 -0.04935 -0.0358425 4e-05 1.75e-05 5e-06 0 0 0 0 0 0 0 0 0 0 0 0 
1 0.791967 0.61577 0.467067 0.340983 0.235155 0.14713 0.0758875 0.0228275 -0.0121225 -0.032485 -0.0426875 -0.0473 -0.049135 -0.049745 5.25e-05 3e-05 1.25e-05 5e-06 0 0 0 0 0 0 0 0 0 0 0 
1 0.791345 0.615065 0.466232 0.341313 0.235567 0.147857 0.0764025 0.022385 -0.0124075 -0.0328175 -0.04277 -0.0472825 -0.0453725 -0.0371925 5e-05 3e-05 2e-05 7.5e-06 2.5e-06 2.5e-06 0 0 0 0 0 0 0 0 0 
1 0.787297 0.60945 0.458458 0.331795 0.226085 0.138277 0.067765 0.016385 -0.01683 -0.03531 -0.04418 -0.0481825 -0.0494325 -0.02302 -0.0190825 1.5e-05 1.25e-05 2.5e-06 2.5e-06 2.5e-06 0 0 0 0 0 0 0 0 0 
1 0.78889 0.611442 0.461302 0.334838 0.22833 0.140195 0.069645 0.018095 -0.015285 -0.0341775 -0.043585 -0.0477025 -0.0492325 -0.0487675 3.75e-05 7.5e-06 2.5e-06 0 0 0 0 0 0 0 0 0 0 0 0 
1 0.790017 0.612075 0.46232 0.337165 0.232282 0.143152 0.07283 0.02042 -0.014095 -0.033475 -0.0428675 -0.04735 -0.0414075 -0.0419675 -0.01558 2.25e-05 1.25e-05 2.5e-06 0 0 0 0 0 0 0 0 0 0 0 
1 0.789052 0.610535 0.460445 0.334463 0.22779 0.138897 0.06875 0.01757 -0.0158125 -0.0347525 -0.0436325 -0.0474375 -0.036135 -0.03673 -0.0129675 -0.013025 2e-05 5e-06 5e-06 2.5e-06 0 0 0 0 0 0 0 0 0 
1 0.790565 0.61349 0.463935 0.338268 0.23225 0.143372 0.0713175 0.0187325 -0.0158375 -0.03472 -0.0439925 -0.0478275 -0.0493775 -0.0498525 2e-05 2.5e-06 2.5e-06 0 0 0 0 0 0 0 0 0 0 0 0 
1 0.791355 0.613745 0.465552 0.340295 0.234125 0.145072 0.0737025 0.0212125 -0.0136675 -0.033395 -0.043235 -0.047505 -0.03835 -0.0388725 4.5e-05 1.25e-05 2.5e-06 0 0 0 0 0 0 0 0 0 0 0 0 
1 0.786237 0.608207 0.456732 0.329348 0.223895 0.136162 0.06608 0.0152625 -0.0176125 -0.0358775 -0.044705 -0.048245 -0.049465 -0.0425325 1.75e-05 5e-06 2.5e-06 0 0 0 0 0 0 0 0 0 0 0 0 
1 0.788437 0.610775 0.46203 0.335955 0.230555 0.14287 0.07229 0.020175 -0.014185 -0.0339 -0.0434225 -0.04761 -0.049195 -0.0327675 -0.0050875 1e-05 0 0 0 0 0 0 0 0 0 0 0 0 0 
1 0.788947 0.611235 0.462805 0.337123 0.23123 0.143042 0.0723225 0.019545 -0.01497 -0.0343325 -0.0434275 -0.0476675 -0.046205 -0.046765 4.25e-05 2.5e-05 7.5e-06 5e-06 0 0 0 0 0 0 0 0 0 0 0 
1 0.789562 0.612477 0.4633 0.33745 0.232372 0.144372 0.0732775 0.02092 -0.0135875 -0.0335175 -0.04341 -0.04686 -0.0299125 -0.0258375 -0.0227525 3.25e-05 1.75e-05 1e-05 5e-06 0 0 0 0 0 0 0 0 0 0 
1 0.791805 0.614532 0.465303 0.33981 0.232777 0.143955 0.072295 0.0197275 -0.0144775 -0.0337825 -0.04331 -0.0475225 -0.0491325 -0.048255 -0.0484525 1.25e-05 5e-06 2.5e-06 2.5e-06 0 0 0 0 0 0 0 0 0 0 
1 0.78967 0.612857 0.463665 0.338335 0.23274 0.144762 0.0738675 0.021035 -0.01409 -0.0338325 -0.043695 -0.0477925 -0.04937 -0.0498475 -0.0499575 -0.05 0 0 0 0 0 0 0 0 0 0 0 0 0 
1 0.789277 0.612627 0.463882 0.338073 0.231725 0.143435 0.0720075 0.01943 -0.0148825 -0.0341525 -0.0436225 -0.0477325 -0.0491975 -0.0497475 -0.0499225 1.25e-05 5e-06 0 0 0 0 0 0 0 0 0 0 0 0 
1 0.7887 0.612665 0.463955 0.339518 0.233667 0.145042 0.0738725 0.02092 -0.0143525 -0.0341 -0.043745 -0.047775 -0.0492825 -0.0497475 -0.0263825 -0.026405 1.75e-05 1e-05 5e-06 0 0 0 0 0 0 0 0 0 0 
1 0.789507 0.612775 0.463192 0.337535 0.233282 0.145035 0.07419 0.0208475 -0.013595 -0.0332025 -0.0429075 -0.0472825 -0.0490675 -0.042275 4.75e-05 2.25e-05 2.5e-06 0 0 0 0 0 0 0 0 0 0 0 0 
1 0.788455 0.610785 0.461452 0.335905 0.231345 0.143307 0.0725025 0.0197675 -0.0145925 -0.0339375 -0.04357 -0.04766 -0.0489775 -0.0408875 3e-05 1e-05 5e-06 5e-06 2.5e-06 0 0 0 0 0 0 0 0 0 0 
1 0.790702 0.613455 0.463828 0.33818 0.232497 0.14422 0.073605 0.0209025 -0.01371 -0.0333875 -0.0427775 -0.04703 -0.0464575 -0.04714 -0.0474025 5e-06 0 0 0 0 0 0 0 0 0 0 0 0 0 
1 0.790215 0.611935 0.462602 0.337488 0.230662 0.14187 0.0706375 0.0181175 -0.0158 -0.035045 -0.0441875 -0.04797 -0.0476975 9.75e-05 3.5e-05 2e-05 5e-06 2.5e-06 2.5e-06 0 0 0 0 0 0 0 0 0 0 
1 0.790935 0.612827 0.462845 0.336305 0.230285 0.14232 0.071425 0.0189225 -0.015235 -0.034285 -0.0438025 -0.04524 -0.0404475 -0.02119 -0.0213425 1.75e-05 2.5e-06 0 0 0 0 0 0 0 0 0 0 0 0 
1 0.788585 0.61141 0.462522 0.337523 0.230872 0.143827 0.07292 0.0208725 -0.0132225 -0.033295 -0.04323 -0.0476475 -0.0461625 -0.0403525 4.5e-05 2e-05 1.25e-05 2.5e-06 0 0 0 0 0 0 0 0 0 0 0 
1 0.78766 0.609482 0.459785 0.333408 0.2268 0.138152 0.0675125 0.01557 -0.0174275 -0.036165 -0.0449075 -0.04836 -0.027215 -0.0163375 -0.016415 -0.01644 2.5e-06 0 0 0 0 0 0 0 0 0 0 0 0 
1 0.787615 0.609252 0.459132 0.33188 0.225915 0.13795 0.06744 0.0161625 -0.01668 -0.03521 -0.0440425 -0.04791 -0.04526 -0.0359075 3.25e-05 1.75e-05 1.25e-05 5e-06 0 0 0 0 0 0 0 0 0 0 0 
1 0.790972 0.612732 0.462945 0.336483 0.230225 0.142337 0.07169 0.020075 -0.0140325 -0.0336975 -0.0435075 -0.0476775 -0.0480775 -0.0197975 -0.01991 1.75e-05 1e-05 0 0 0 0 0 0 0 0 0 0 0 0 
1 0.78941 0.612197 0.462833 0.336508 0.230725 0.142407 0.07128 0.01876 -0.015085 -0.0343975 -0.043845 -0.047755 -0.04934 -0.0498375 -0.00199 5e-06 2.5e-06 0 0 0 0 0 0 0 0 0 0 0 0 
1 0.788195 0.611325 0.461305 0.335735 0.229202 0.141687 0.0717975 0.019415 -0.01445 -0.0339325 -0.043665 -0.047685 -0.049245 -0.0498025 2.25e-05 7.5e-06 5e-06 0 0 0 0 0 0 0 0 0 0 0 0 
1 0.79049 0.614502 0.465507 0.33944 0.233917 0.14616 0.0755175 0.0225425 -0.012655 -0.03321 -0.0435525 -0.047825 -0.0494025 -0.0498775 5e-06 0 0 0 0 0 0 0 0 0 0 0 0 0 0 
1 0.78886 0.612157 0.46323 0.337188 0.23068 0.142052 0.07196 0.01939 -0.01461 -0.0340275 -0.043575 -0.0476875 -0.048145 -0.04867 -0.00876 1.25e-05 7.5e-06 0 0 0 0 0 0 0 0 0 0 0 0 
1 0.788112 0.610842 0.460808 0.334583 0.22809 0.139807 0.069245 0.01762 -0.01606 -0.03502 -0.0442375 -0.0480825 -0.0430525 -0.00467 3.25e-05 1.5e-05 7.5e-06 5e-06 2.5e-06 0 0 0 0 0 0 0 0 0 0 
1 0.790785 0.61277 0.464128 0.338138 0.23222 0.143957 0.0733975 0.0209075 -0.0141975 -0.03423 -0.044145 -0.0466475 -0.040835 -0.0412025 2.25e-05 1e-05 0 0 0 0 0 0 0 0 0 0 0 0 0 
1 0.79051 0.614595 0.466317 0.340978 0.234507 0.146255 0.0745125 0.0214875 -0.012595 -0.0326125 -0.0426475 -0.0472425 -0.0451775 -0.010105 6e-05 2.75e-05 1.25e-05 2.5e-06 0 0 0 0 0 0 0 0 0 0 0 
1 0.790312 0.612185 0.462815 0.337353 0.231887 0.143365 0.07239 0.0197775 -0.01508 -0.034415 -0.043675 -0.0476825 -0.049255 -0.04853 -0.0247025 1.5e-05 5e-06 5e-06 5e-06 0 0 0 0 0 0 0 0 0 0 
1 0.7901 0.61345 0.46431 0.338628 0.233092 0.14417 0.07367 0.021395 -0.01303 -0.032515 -0.042555 -0.04693 -0.0484225 -0.0487025 5.75e-05 2.5e-05 7.5e-06 0 0 0 0 0 0 0 0 0 0 0 0 
1 0.790425 0.613702 0.465277 0.339925 0.233142 0.144925 0.074165 0.02125 -0.013905 -0.03346 -0.04331 -0.04728 -0.0488525 -0.0495025 -0.0149225 -0.01502 -0.01507 1e-05 5e-06 2.5e-06 0 0 0 0 0 0 0 0 0 
1 0.78978 0.61357 0.46491 0.33891 0.233027 0.14523 0.07434 0.0213025 -0.0139075 -0.033995 -0.0437875 -0.04769 -0.046875 -0.047425 5e-05 2.5e-05 1.75e-05 1.25e-05 5e-06 5e-06 0 0 0 0 0 0 0 0 0 
1 0.789802 0.613462 0.46334 0.33854 0.232965 0.144762 0.0738575 0.0212575 -0.0135425 -0.0336025 -0.04364 -0.0479325 -0.04946 -0.0226025 2.5e-05 1.5e-05 5e-06 2.5e-06 0 0 0 0 0 0 0 0 0 0 0 
1 0.785757 0.606977 0.457177 0.33093 0.22502 0.136992 0.066865 0.015585 -0.0171375 -0.035375 -0.04398 -0.04779 -0.0492425 -0.0284675 -0.02741 2.5e-06 0 0 0 0 0 0 0 0 0 0 0 0 0 
1 0.789092 0.611775 0.463087 0.338448 0.233145 0.144647 0.07386 0.0209075 -0.013895 -0.0337825 -0.0436775 -0.0477675 -0.045235 -0.0128675 5e-05 2e-05 1e-05 2.5e-06 0 0 0 0 0 0 0 0 0 0 0 
1 0.788775 0.610557 0.46121 0.33548 0.228997 0.14095 0.0701575 0.0186375 -0.01486 -0.03392 -0.0432675 -0.0473375 -0.04497 -0.0220325 4.75e-05 1.25e-05 7.5e-06 2.5e-06 0 0 0 0 0 0 0 0 0 0 0 
1 0.790447 0.612942 0.463963 0.338233 0.231722 0.143295 0.07151 0.018335 -0.015775 -0.0347625 -0.0439425 -0.0479775 -0.0494 -0.049865 2e-05 7.5e-06 2.5e-06 2.5e-06 0 0 0 0 0 0 0 0 0 0 0 
1 0.790167 0.6133 0.464162 0.338625 0.23404 0.145627 0.07448 0.0217675 -0.0123275 -0.0316675 -0.041815 -0.04675 -0.04877 -0.0495825 -0.019825 4e-05 2.5e-05 1e-05 2.5e-06 0 0 0 0 0 0 0 0 0 0 
1 0.79007 0.612462 0.462722 0.33635 0.230202 0.142282 0.07149 0.01917 -0.0152075 -0.0346 -0.0438 -0.0476625 -0.0491175 -0.049715 -0.048065 7.5e-06 0 0 0 0 0 0 0 0 0 0 0 0 0 
1 0.789117 0.612937 0.464495 0.339738 0.234635 0.14706 0.0756475 0.0221725 -0.0131775 -0.0331125 -0.0432675 -0.047535 -0.0492075 -0.04587 3.75e-05 1.5e-05 7.5e-06 0 0 0 0 0 0 0 0 0 0 0 0 
1 0.791185 0.613465 0.463915 0.337635 0.232927 0.144707 0.0736875 0.0212525 -0.01274 -0.032265 -0.0423675 -0.047105 -0.0416175 -0.0190825 -0.0192475 5e-05 2e-05 7.5e-06 7.5e-06 2.5e-06 0 0 0 0 0 0 0 0 0 
1 0.790275 0.61314 0.464782 0.338173 0.231327 0.143085 0.0714875 0.0196725 -0.0145075 -0.0342475 -0.043935 -0.0480575 -0.049495 -0.042345 1.5e-05 5e-06 2.5e-06 0 0 0 0 0 0 0 0 0 0 0 0 
1 0.78672 0.608235 0.45711 0.330445 0.224587 0.13593 0.0648025 0.013765 -0.0184775 -0.03606 -0.0443975 -0.048075 -0.0473375 -0.033445 -0.033585 2.5e-05 7.5e-06 2.5e-06 0 0 0 0 0 0 0 0 0 0 0 
1 0.789342 0.611557 0.460762 0.334125 0.22841 0.14014 0.0694075 0.0175725 -0.01599 -0.0343825 -0.043565 -0.04744 -0.0490775 -0.042165 -0.038035 3.25e-05 2.25e-05 1.75e-05 1e-05 7.5e-06 5e-06 5e-06 2.5e-06 0 0 0 0 0 0 
1 0.788637 0.61069 0.460995 0.33536 0.230185 0.141642 0.0706375 0.0175325 -0.016955 -0.0357325 -0.0444375 -0.0481825 -0.049395 -0.0498 3.25e-05 7.5e-06 7.5e-06 2.5e-06 2.5e-06 0 0 0 0 0 0 0 0 0 0 
1 0.789512 0.61151 0.462193 0.335625 0.229815 0.141685 0.07072 0.0184925 -0.0157 -0.03522 -0.0442525 -0.048025 -0.04941 9.5e-05 4.5e-05 2.25e-05 7.5e-06 5e-06 0 0 0 0 0 0 0 0 0 0 0 
1 0.78751 0.608257 0.459055 0.332568 0.226925 0.139105 0.0691625 0.01788 -0.0154875 -0.0342675 -0.0434575 -0.047535 -0.049115 -0.0497475 3.75e-05 1.5e-05 7.5e-06 7.5e-06 5e-06 2.5e-06 0 0 0 0 0 0 0 0 0 
1 0.78803 0.609807 0.460277 0.334903 0.228832 0.141085 0.0707975 0.018835 -0.0147525 -0.0339925 -0.043455 -0.0475775 -0.0492125 -0.04567 2.75e-05 7.5e-06 7.5e-06 2.5e-06 2.5e-06 2.5e-06 0 0 0 0 0 0 0 0 0 
1 0.78907 0.610862 0.46072 0.33627 0.230032 0.142095 0.0719775 0.0206575 -0.0137175 -0.03362 -0.0430125 -0.0472775 -0.04903 -0.0274775 7.75e-05 2.75e-05 1.25e-05 2.5e-06 2.5e-06 0 0 0 0 0 0 0 0 0 0 
1 0.793077 0.618607 0.471445 0.345958 0.240025 0.151237 0.078725 0.0242225 -0.0110475 -0.03151 -0.0421675 -0.046895 -0.04893 -0.0409525 -0.0411725 1.5e-05 7.5e-06 0 0 0 0 0 0 0 0 0 0 0 0 
1 0.789242 0.60992 0.459628 0.333563 0.226627 0.138705 0.06832 0.0158225 -0.01731 -0.0352925 -0.0441825 -0.04794 -0.0493 -0.04977 -0.04996 -0.049985 0 0 0 0 0 0 0 0 0 0 0 0 0 
1 0.792787 0.616345 0.468222 0.342958 0.237705 0.150355 0.0801075 0.02703 -0.0089575 -0.02967 -0.0409225 -0.0463975 -0.04867 -0.0495225 -0.0484425 -0.04854 1e-05 5e-06 2.5e-06 0 0 0 0 0 0 0 0 0 0 
1 0.788075 0.610025 0.462477 0.335805 0.230212 0.142552 0.07209 0.0201525 -0.0142025 -0.0335025 -0.0432375 -0.04737 -0.0411825 -0.0283325 5.25e-05 1.25e-05 2.5e-06 0 0 0 0 0 0 0 0 0 0 0 0 
1 0.788695 0.610737 0.460442 0.335005 0.229277 0.142392 0.0718525 0.0192425 -0.014555 -0.0343725 -0.04364 -0.04769 -0.049275 0.0001125 3.5e-05 7.5e-06 2.5e-06 0 0 0 0 0 0 0 0 0 0 0 0 
1 0.788305 0.610035 0.460097 0.334063 0.228982 0.141172 0.070925 0.019865 -0.014135 -0.0334575 -0.043215 -0.04749 -0.0491 -0.0406875 5.75e-05 1.5e-05 5e-06 2.5e-06 2.5e-06 0 0 0 0 0 0 0 0 0 0 
1 0.786437 0.60766 0.456777 0.330265 0.224287 0.136625 0.0659925 0.0148675 -0.0180625 -0.0358025 -0.0444225 -0.0479 -0.0492725 -0.04975 -0.021045 2.5e-06 0 0 0 0 0 0 0 0 0 0 0 0 0 
1 0.787707 0.6073 0.456125 0.3283 0.221472 0.13279 0.0629475 0.0131975 -0.0181525 -0.0354525 -0.0438725 -0.0477325 -0.0492225 -0.0397875 -0.03993 -0.03998 1.25e-05 5e-06 0 0 0 0 0 0 0 0 0 0 0 
1 0.790062 0.61207 0.46141 0.334338 0.228062 0.14016 0.06953 0.017515 -0.016295 -0.0349225 -0.04392 -0.0477825 -0.04919 -0.0496825 -0.0348075 -0.015255 2e-05 1.5e-05 1e-05 7.5e-06 0 0 0 0 0 0 0 0 0 
1 0.78938 0.61145 0.462577 0.336925 0.232617 0.144127 0.0733325 0.020485 -0.014275 -0.0338575 -0.0437725 -0.047985 -0.0494275 -0.0498725 3e-05 1.5e-05 1e-05 5e-06 5e-06 2.5e-06 0 0 0 0 0 0 0 0 0 
1 0.788075 0.608357 0.458018 0.332198 0.22584 0.13874 0.0682525 0.0168025 -0.0161575 -0.03493 -0.0439725 -0.0479825 -0.049355 -0.006635 2.25e-05 7.5e-06 5e-06 5e-06 0 0 0 0 0 0 0 0 0 0 0 
1 0.791495 0.615467 0.46718 0.34202 0.236012 0.147392 0.0762625 0.022915 -0.0120975 -0.0323425 -0.0425575 -0.0471675 -0.04893 -0.038095 -0.0234925 -0.02356 2.5e-06 0 0 0 0 0 0 0 0 0 0 0 0 
1 0.786007 0.607857 0.457333 0.331005 0.225125 0.136905 0.066865 0.015595 -0.0176625 -0.0361725 -0.0448475 -0.0482575 -0.04952 -0.02543 1.75e-05 5e-06 0 0 0 0 0 0 0 0 0 0 0 0 0 
1 0.790555 0.615152 0.467247 0.341153 0.235877 0.147282 0.0754375 0.02237 -0.0130925 -0.033615 -0.04338 -0.0476375 -0.04933 7.25e-05 3e-05 2e-05 2.5e-06 0 0 0 0 0 0 0 0 0 0 0 0 
1 0.79001 0.61377 0.463617 0.338363 0.232142 0.14292 0.07253 0.01971 -0.0145325 -0.0334225 -0.042965 -0.0473825 -0.04914 -0.02111 -0.0195 3e-05 7.5e-06 2.5e-06 0 0 0 0 0 0 0 0 0 0 0 
1 0.789722 0.611797 0.46214 0.3378 0.23246 0.1444 0.0739775 0.021295 -0.0135525 -0.033265 -0.043325 -0.047695 -0.0493875 -0.04989 1.25e-05 2.5e-06 2.5e-06 0 0 0 0 0 0 0 0 0 0 0 0 
1 0.79036 0.615325 0.46706 0.341565 0.23647 0.147882 0.07636 0.0230525 -0.0123125 -0.0322 -0.042685 -0.04719 -0.04561 -0.0365525 -0.0367975 -0.0369075 -0.0369475 7.5e-06 0 0 0 0 0 0 0 0 0 0 0 
1 0.791425 0.615405 0.46664 0.341293 0.235107 0.146165 0.0747525 0.0221675 -0.013 -0.0332275 -0.04335 -0.0476625 -0.0493025 -0.0498125 -0.0333575 1.75e-05 7.5e-06 2.5e-06 0 0 0 0 0 0 0 0 0 0 0 
1 0.792467 0.617275 0.468172 0.34262 0.236892 0.147657 0.0761375 0.0222 -0.01343 -0.033485 -0.043495 -0.0477725 -0.0477325 9e-05 2.25e-05 7.5e-06 5e-06 2.5e-06 2.5e-06 0 0 0 0 0 0 0 0 0 0 
1 0.79131 0.616332 0.468205 0.342838 0.236672 0.1478 0.0770325 0.0235325 -0.0120425 -0.0324725 -0.0426 -0.0472475 -0.04614 -0.0246025 5.75e-05 1.5e-05 5e-06 0 0 0 0 0 0 0 0 0 0 0 0 
1 0.78881 0.611255 0.461717 0.33602 0.22955 0.141325 0.070365 0.018595 -0.0156275 -0.0348 -0.04402 -0.0479575 -0.0491125 -0.04953 -0.0496325 7.5e-06 5e-06 2.5e-06 0 0 0 0 0 0 0 0 0 0 0 
1 0.78984 0.6122 0.463075 0.337545 0.232127 0.143642 0.07219 0.019095 -0.015425 -0.034795 -0.044115 -0.046045 -0.037945 0.00011 5e-05 2.25e-05 1.25e-05 5e-06 2.5e-06 0 0 0 0 0 0 0 0 0 0 
1 0.78751 0.609587 0.46037 0.334108 0.228447 0.140807 0.069425 0.0169275 -0.0169475 -0.035565 -0.044545 -0.0480775 -0.0493375 -0.003165 -0.0024925 -0.0025425 -0.0025725 -0.002585 7.5e-06 2.5e-06 0 0 0 0 0 0 0 0 0 
1 0.787632 0.609257 0.460037 0.334128 0.228512 0.140317 0.06882 0.016835 -0.016155 -0.0344325 -0.0433425 -0.047465 -0.0491975 -0.0214175 5.5e-05 2e-05 1e-05 0 0 0 0 0 0 0 0 0 0 0 0 
1 0.787927 0.608517 0.458353 0.332108 0.225557 0.136872 0.0670875 0.01556 -0.017245 -0.0355075 -0.044365 -0.04798 -0.0493475 -0.03343 -0.0335325 1e-05 5e-06 0 0 0 0 0 0 0 0 0 0 0 0 
1 0.790567 0.613765 0.464263 0.338263 0.23237 0.144285 0.0740875 0.021095 -0.01398 -0.0338275 -0.043605 -0.04794 -0.04946 -0.0336675 1.75e-05 7.5e-06 2.5e-06 0 0 0 0 0 0 0 0 0 0 0 0 
1 0.79123 0.61399 0.463767 0.33767 0.232352 0.144277 0.0735275 0.0211625 -0.0128425 -0.0329175 -0.042645 -0.047015 -0.048805 -0.0356225 -0.0359125 -0.0152825 1.75e-05 2.5e-06 2.5e-06 0 0 0 0 0 0 0 0 0 0 
1 0.790095 0.612855 0.463322 0.337885 0.232487 0.144935 0.0743775 0.02177 -0.0129125 -0.032735 -0.04292 -0.047455 -0.049265 6.5e-05 2.5e-05 1.25e-05 7.5e-06 0 0 0 0 0 0 0 0 0 0 0 0 
1 0.790725 0.614427 0.466147 0.338848 0.23329 0.145167 0.0746675 0.0213925 -0.0129975 -0.0325925 -0.04249 -0.04693 -0.04684 -0.0476 -0.04165 1.25e-05 2.5e-06 0 0 0 0 0 0 0 0 0 0 0 0 
1 0.791175 0.615555 0.466743 0.34121 0.235727 0.147005 0.075225 0.0226975 -0.012705 -0.0329175 -0.042895 -0.047275 -0.0490325 -0.0469625 4e-05 1.25e-05 0 0 0 0 0 0 0 0 0 0 0 0 0 
1 0.79145 0.614817 0.465557 0.341373 0.23597 0.147935 0.075885 0.02253 -0.0126825 -0.032735 -0.042615 -0.04683 -0.0463925 -0.0471025 -0.041885 2.25e-05 1e-05 1e-05 0 0 0 0 0 0 0 0 0 0 0 
1 0.789055 0.61178 0.462158 0.336353 0.231595 0.143707 0.0730325 0.019725 -0.0150025 -0.0341375 -0.043705 -0.047895 -0.049295 -0.0107475 -0.0108125 1.75e-05 1e-05 5e-06 2.5e-06 0 0 0 0 0 0 0 0 0 0 
1 0.789532 0.61263 0.462668 0.336423 0.229947 0.141782 0.07035 0.0178875 -0.01606 -0.0350225 -0.04423 -0.0479425 -0.042355 -0.04275 2.5e-05 5e-06 0 0 0 0 0 0 0 0 0 0 0 0 0 
1 0.7909 0.613665 0.464167 0.337483 0.231307 0.14311 0.0725 0.0203325 -0.0136675 -0.0333325 -0.0431725 -0.04746 -0.0323875 -0.032945 4.5e-05 1.75e-05 5e-06 0 0 0 0 0 0 0 0 0 0 0 0 
1 0.78938 0.612042 0.46286 0.336758 0.230002 0.141022 0.069905 0.017605 -0.0167125 -0.0351625 -0.0441525 -0.0479 -0.04935 -0.04145 2.75e-05 7.5e-06 5e-06 0 0 0 0 0 0 0 0 0 0 0 0 
1 0.789967 0.61215 0.462372 0.336928 0.231792 0.14358 0.07233 0.0195925 -0.0148525 -0.034145 -0.043635 -0.0479225 -0.04866 -0.041235 2e-05 7.5e-06 2.5e-06 0 0 0 0 0 0 0 0 0 0 0 0 
1 0.790127 0.614422 0.46471 0.33975 0.233845 0.146542 0.0755825 0.022925 -0.0122075 -0.0322725 -0.0423975 -0.0468775 -0.0488275 -0.0402925 -0.0405175 2.25e-05 1e-05 0 0 0 0 0 0 0 0 0 0 0 0 
1 0.786495 0.608212 0.46068 0.33663 0.23094 0.143665 0.0726625 0.0204425 -0.013975 -0.0330175 -0.042715 -0.04652 -0.048385 0.00012 3.75e-05 2e-05 7.5e-06 5e-06 2.5e-06 2.5e-06 0 0 0 0 0 0 0 0 0 
1 0.790535 0.613752 0.465135 0.339123 0.23288 0.144155 0.0724575 0.019515 -0.0142125 -0.0334825 -0.04317 -0.0474625 -0.04909 -0.0496575 -0.0498925 1e-05 2.5e-06 0 0 0 0 0 0 0 0 0 0 0 0 
1 0.788357 0.610507 0.46097 0.334998 0.230367 0.142415 0.0720775 0.0195525 -0.0152925 -0.03461 -0.0441525 -0.0477975 -0.0493425 -0.0498525 2e-05 7.5e-06 0 0 0 0 0 0 0 0 0 0 0 0 0 
1 0.790715 0.615037 0.46732 0.342518 0.23714 0.14846 0.07664 0.0229175 -0.011995 -0.032565 -0.0430025 -0.047625 -0.04933 -0.0456325 1.5e-05 7.5e-06 5e-06 5e-06 2.5e-06 0 0 0 0 0 0 0 0 0 0 
1 0.787327 0.609485 0.4598 0.333193 0.2278 0.13917 0.0682925 0.0159575 -0.01705 -0.035165 -0.04405 -0.04786 -0.0493025 -0.0497575 -0.0499075 1.25e-05 2.5e-06 0 0 0 0 0 0 0 0 0 0 0 0 
1 0.790552 0.613735 0.46598 0.340423 0.2348 0.146325 0.074635 0.0213875 -0.013665 -0.033695 -0.043325 -0.0475525 -0.049145 -0.04458 5e-05 1.75e-05 7.5e-06 2.5e-06 0 0 0 0 0 0 0 0 0 0 0 
1 0.791005 0.61538 0.466442 0.340938 0.234717 0.145512 0.0743625 0.0218775 -0.0127 -0.0325175 -0.04266 -0.0472525 -0.04731 -0.0254425 -0.0008825 2e-05 7.5e-06 5e-06 0 0 0 0 0 0 0 0 0 0 0 
1 0.78891 0.6123 0.464322 0.337973 0.23295 0.144472 0.0736675 0.021015 -0.0139925 -0.033995 -0.0437875 -0.047875 -0.049335 -0.0420275 -0.0421175 -0.04216 2.5e-06 0 0 0 0 0 0 0 0 0 0 0 0 
1 0.78909 0.611675 0.461078 0.333948 0.228087 0.140482 0.0697025 0.0173025 -0.016125 -0.0345525 -0.0433725 -0.0474525 -0.02957 -0.030135 5.75e-05 2e-05 2.5e-06 0 0 0 0 0 0 0 0 0 0 0 0 
1 0.790317 0.613125 0.464495 0.339078 0.23478 0.14682 0.0755125 0.0224025 -0.013765 -0.0338625 -0.0437975 -0.045105 -0.0464675 9e-05 4.25e-05 1.75e-05 7.5e-06 5e-06 0 0 0 0 0 0 0 0 0 0 0 
1 0.789365 0.61232 0.461745 0.335265 0.229392 0.141047 0.07021 0.0176575 -0.01597 -0.0345025 -0.043715 -0.047565 -0.0491275 -0.0271825 -0.02733 -0.0273825 2e-05 2.5e-06 0 0 0 0 0 0 0 0 0 0 0 
1 0.791452 0.615872 0.468147 0.34332 0.23673 0.148525 0.076715 0.02311 -0.0125725 -0.032935 -0.043125 -0.04749 -0.043235 -0.03359 4.25e-05 2.25e-05 7.5e-06 0 0 0 0 0 0 0 0 0 0 0 0 
1 0.788992 0.612202 0.46304 0.337835 0.232397 0.144087 0.0738825 0.0212225 -0.01375 -0.0334075 -0.0430475 -0.0474325 -0.0431 -0.043275 5.25e-05 7.5e-06 2.5e-06 2.5e-06 0 0 0 0 0 0 0 0 0 0 0 
1 0.788795 0.610682 0.462287 0.336085 0.228917 0.140517 0.06963 0.0167375 -0.0166275 -0.0353525 -0.044285 -0.04805 -0.0493875 -0.02393 2.75e-05 7.5e-06 0 0 0 0 0 0 0 0 0 0 0 0 0 
1 0.788897 0.609857 0.459372 0.333893 0.228332 0.139817 0.068865 0.01737 -0.0162225 -0.0348125 -0.0439475 -0.0480325 -0.0446325 -0.0449975 2e-05 2.5e-06 0 0 0 0 0 0 0 0 0 0 0 0 0 
1 0.78889 0.61103 0.462275 0.337035 0.231247 0.142712 0.07173 0.0193175 -0.0152325 -0.03453 -0.0438325 -0.0479725 -0.0494225 -0.049475 1.5e-05 2.5e-06 0 0 0 0 0 0 0 0 0 0 0 0 0 
1 0.789305 0.6119 0.463063 0.336698 0.23129 0.143072 0.073135 0.02064 -0.0138175 -0.0333725 -0.0431525 -0.047505 -0.0424825 -0.0261725 3.75e-05 1.5e-05 2.5e-06 0 0 0 0 0 0 0 0 0 0 0 0 
1 0.78926 0.611565 0.462457 0.33706 0.231577 0.144105 0.072985 0.0201525 -0.01421 -0.03404 -0.043965 -0.047675 -0.04463 -0.045055 1.5e-05 2.5e-06 2.5e-06 0 0 0 0 0 0 0 0 0 0 0 0 
1 0.78909 0.610677 0.460773 0.335115 0.229082 0.141387 0.07037 0.0172675 -0.01684 -0.0358625 -0.0446875 -0.0483125 -0.0495575 -0.0499 5e-06 0 0 0 0 0 0 0 0 0 0 0 0 0 0 
1 0.789495 0.612442 0.463465 0.337788 0.232817 0.144762 0.0733025 0.0196975 -0.01532 -0.034755 -0.04415 -0.0479175 -0.0449575 -0.00533 -0.0053775 2e-05 1e-05 0 0 0 0 0 0 0 0 0 0 0 0 
1 0.790417 0.613617 0.46447 0.339683 0.233765 0.14621 0.07511 0.0217775 -0.01299 -0.03327 -0.0430475 -0.047555 -0.0491725 -0.0190625 4.5e-05 1.75e-05 1e-05 2.5e-06 2.5e-06 0 0 0 0 0 0 0 0 0 0 
1 0.79124 0.61558 0.46652 0.340305 0.23434 0.145685 0.0740675 0.02063 -0.014745 -0.03439 -0.044 -0.0479 -0.04939 -0.03119 2.5e-05 1.5e-05 5e-06 0 0 0 0 0 0 0 0 0 0 0 0 
1 0.789425 0.611665 0.461763 0.336645 0.23133 0.142702 0.071355 0.01931 -0.015195 -0.0341875 -0.0435425 -0.047765 -0.0441625 -0.0446875 -0.044815 1.5e-05 7.5e-06 2.5e-06 0 0 0 0 0 0 0 0 0 0 0 
1 0.79037 0.613295 0.46355 0.338338 0.23298 0.14474 0.07455 0.0215175 -0.013275 -0.0332475 -0.0432725 -0.04774 -0.049295 -0.0397225 3.5e-05 1.75e-05 1e-05 0 0 0 0 0 0 0 0 0 0 0 0 
1 0.791315 0.61548 0.467265 0.341945 0.236485 0.148247 0.0769425 0.0234725 -0.01287 -0.0334325 -0.04345 -0.0476525 -0.0492525 -0.0266125 3e-05 0 0 0 0 0 0 0 0 0 0 0 0 0 0 
1 0.78872 0.610987 0.461873 0.336213 0.23083 0.1425 0.0709775 0.01889 -0.015165 -0.03457 -0.043905 -0.0478725 -0.0493275 -0.0474825 3e-05 1.75e-05 7.5e-06 2.5e-06 0 0 0 0 0 0 0 0 0 0 0 
1 0.787065 0.608092 0.45786 0.330805 0.22398 0.136155 0.0659625 0.0148675 -0.0178825 -0.03591 -0.0446975 -0.04833 -0.026575 7.25e-05 4e-05 7.5e-06 2.5e-06 2.5e-06 0 0 0 0 0 0 0 0 0 0 0 
1 0.788702 0.611732 0.462573 0.336655 0.231002 0.144105 0.0729475 0.01998 -0.0142125 -0.03382 -0.043565 -0.0477 -0.0492125 -0.037 -0.0371325 1.25e-05 5e-06 0 0 0 0 0 0 0 0 0 0 0 0 
1 0.790702 0.614475 0.464755 0.339733 0.234295 0.145917 0.0738025 0.02088 -0.01464 -0.0341725 -0.0436575 -0.0475075 -0.0489975 -0.0334275 -0.0336725 -0.033765 7.5e-06 5e-06 2.5e-06 0 0 0 0 0 0 0 0 0 0 
1 0.78895 0.611372 0.46223 0.33636 0.231277 0.143645 0.0722525 0.0199375 -0.0145725 -0.0340675 -0.04363 -0.047645 -0.0493125 -0.04122 1.25e-05 0 0 0 0 0 0 0 0 0 0 0 0 0 0 
1 0.789297 0.610925 0.459575 0.333713 0.227167 0.13972 0.06879 0.0167725 -0.0165075 -0.0351325 -0.04407 -0.0478225 -0.04927 -0.0489375 -0.0490775 1.75e-05 1.25e-05 2.5e-06 0 0 0 0 0 0 0 0 0 0 0 
1 0.788972 0.612232 0.462087 0.33626 0.230897 0.14291 0.0724 0.02033 -0.013865 -0.0336375 -0.0434375 -0.0476775 -0.032525 -0.0329625 -0.03311 -0.0331475 7.5e-06 5e-06 2.5e-06 0 0 0 0 0 0 0 0 0 0 
1 0.787945 0.610665 0.46133 0.336088 0.230327 0.143312 0.0723525 0.01968 -0.0144725 -0.03396 -0.0433775 -0.0475625 -0.049305 -0.0498375 -0.04996 2.5e-06 0 0 0 0 0 0 0 0 0 0 0 0 0 
1 0.788627 0.611552 0.462555 0.335795 0.23002 0.141365 0.06964 0.01747 -0.0161425 -0.03487 -0.043995 -0.04792 -0.048695 -0.04344 3.25e-05 1.25e-05 0 0 0 0 0 0 0 0 0 0 0 0 0 
1 0.787347 0.608417 0.458765 0.332613 0.226217 0.138737 0.068465 0.01744 -0.01565 -0.0345025 -0.0437275 -0.047685 -0.0491525 -0.0333075 -0.0232125 1e-05 5e-06 0 0 0 0 0 0 0 0 0 0 0 0 
1 0.79036 0.613882 0.465617 0.339488 0.233305 0.144702 0.0734475 0.0210675 -0.01397 -0.033825 -0.04351 -0.04769 -0.0492925 -0.04983 1.75e-05 7.5e-06 2.5e-06 2.5e-06 0 0 0 0 0 0 0 0 0 0 0 
1 0.78942 0.611207 0.46212 0.33563 0.229767 0.142382 0.0715275 0.0185475 -0.01584 -0.0355675 -0.0444875 -0.04805 -0.0493475 -0.04983 1.5e-05 2.5e-06 0 0 0 0 0 0 0 0 0 0 0 0 0 
1 0.7882 0.61118 0.461275 0.335665 0.231002 0.142917 0.0721825 0.020325 -0.0140175 -0.03402 -0.043845 -0.048075 -0.0494925 -0.04867 1e-05 5e-06 0 0 0 0 0 0 0 0 0 0 0 0 0 
1 0.78973 0.612212 0.46293 0.337203 0.230817 0.144125 0.0730525 0.0207075 -0.014435 -0.034035 -0.0434475 -0.047805 -0.0378425 -0.0380375 2.25e-05 1.25e-05 5e-06 2.5e-06 0 0 0 0 0 0 0 0 0 0 0 
1 0.790265 0.612247 0.46267 0.336528 0.231077 0.14269 0.0722625 0.0198725 -0.0141875 -0.0338525 -0.04351 -0.04772 -0.04938 -0.049785 -0.049925 1e-05 7.5e-06 2.5e-06 0 0 0 0 0 0 0 0 0 0 0 
1 0.787905 0.61117 0.461722 0.335188 0.229097 0.140827 0.0705225 0.0185325 -0.01532 -0.0339575 -0.043285 -0.047415 -0.0490475 -0.0496475 -0.040845 -0.03946 2.25e-05 1e-05 0 0 0 0 0 0 0 0 0 0 0 
1 0.790382 0.614872 0.465347 0.339213 0.232402 0.142795 0.0719175 0.019765 -0.014715 -0.03413 -0.0436275 -0.0478125 -0.04925 -0.0498075 2.25e-05 5e-06 0 0 0 0 0 0 0 0 0 0 0 0 0 
1 0.790625 0.613897 0.464717 0.339213 0.233555 0.145542 0.074045 0.021025 -0.0138175 -0.033765 -0.0432275 -0.0473125 -0.0476675 -0.04828 4e-05 2e-05 5e-06 2.5e-06 0 0 0 0 0 0 0 0 0 0 0 
1 0.78981 0.613102 0.464443 0.339283 0.23409 0.14604 0.07474 0.0216625 -0.01291 -0.0332525 -0.04346 -0.0476125 -0.0481875 -0.0457925 -0.045955 5e-06 0 0 0 0 0 0 0 0 0 0 0 0 0 
1 0.7891 0.61093 0.461183 0.335265 0.228847 0.140905 0.0698775 0.0179125 -0.015755 -0.03455 -0.0437 -0.04779 -0.04937 -0.049855 -0.049975 -0.0499925 0 0 0 0 0 0 0 0 0 0 0 0 0 
1 0.78851 0.610905 0.459998 0.33342 0.22734 0.139115 0.0685275 0.0165775 -0.017135 -0.0354525 -0.0444375 -0.0479525 -0.0469225 -0.0312225 3.75e-05 7.5e-06 0 0 0 0 0 0 0 0 0 0 0 0 0 
1 0.78994 0.613377 0.464555 0.339133 0.233357 0.144645 0.073205 0.020455 -0.01441 -0.0338075 -0.0433 -0.0475325 -0.041185 -0.0241375 -0.024255 -0.0242975 1e-05 2.5e-06 0 0 0 0 0 0 0 0 0 0 0 
1 0.789445 0.612535 0.463605 0.338448 0.23197 0.143765 0.0723125 0.0197325 -0.0146875 -0.03394 -0.043425 -0.0474625 -0.029735 -0.029445 -0.0296425 -0.0297125 -0.0297425 7.5e-06 5e-06 0 0 0 0 0 0 0 0 0 0 
1 0.789627 0.612227 0.462685 0.337998 0.232395 0.14539 0.074955 0.02145 -0.013835 -0.034075 -0.0439475 -0.048055 -0.0447975 -0.01312 -0.00492 1.5e-05 2.5e-06 0 0 0 0 0 0 0 0 0 0 0 0 
1 0.788705 0.611127 0.462442 0.337388 0.231922 0.143275 0.0729975 0.020785 -0.013985 -0.033925 -0.04378 -0.047745 -0.0492925 -0.049815 1.75e-05 2.5e-06 0 0 0 0 0 0 0 0 0 0 0 0 0 
1 0.789355 0.611767 0.462483 0.336518 0.230832 0.142295 0.071605 0.0194925 -0.01473 -0.034275 -0.0436575 -0.0478 -0.049295 0.000145 5.75e-05 1.25e-05 5e-06 2.5e-06 0 0 0 0 0 0 0 0 0 0 0 
1 0.788107 0.610037 0.460685 0.33575 0.230727 0.142665 0.071525 0.01899 -0.0156575 -0.03512 -0.04427 -0.0480425 -0.04461 -0.0082225 3.75e-05 1.5e-05 2.5e-06 2.5e-06 0 0 0 0 0 0 0 0 0 0 0 
1 0.788615 0.612407 0.462867 0.336445 0.23102 0.142647 0.071865 0.01996 -0.01454 -0.033565 -0.04328 -0.047475 -0.0461975 -0.0162625 -0.016355 -0.0164125 -0.016455 2.75e-05 1e-05 2.5e-06 0 0 0 0 0 0 0 0 0 
1 0.789927 0.612777 0.46383 0.33864 0.23402 0.146525 0.075295 0.0213475 -0.0140475 -0.03391 -0.0435725 -0.04784 -0.0462375 -0.0466375 5.25e-05 1e-05 0 0 0 0 0 0 0 0 0 0 0 0 0 
1 0.789265 0.611682 0.462768 0.336763 0.230657 0.141907 0.07076 0.017935 -0.015705 -0.0345875 -0.043825 -0.04785 -0.049355 -0.0498325 -0.04996 -0.05 0 0 0 0 0 0 0 0 0 0 0 0 0 
1 0.788827 0.610315 0.461373 0.33541 0.22975 0.142277 0.07115 0.02002 -0.0133225 -0.0329325 -0.04269 -0.0472025 -0.0490325 -0.034985 -0.01746 2e-05 5e-06 0 0 0 0 0 0 0 0 0 0 0 0 
1 0.789627 0.612552 0.464057 0.339563 0.234295 0.146297 0.075205 0.0227775 -0.0125175 -0.0328775 -0.043135 -0.04757 -0.0492075 -0.0497875 -0.0233475 -0.0233625 2e-05 1.25e-05 5e-06 2.5e-06 2.5e-06 0 0 0 0 0 0 0 0 
1 0.790632 0.61453 0.466513 0.341573 0.236152 0.148055 0.07711 0.0233575 -0.0121625 -0.0328725 -0.0429225 -0.047275 -0.0369025 -0.0343475 5.75e-05 2e-05 5e-06 5e-06 2.5e-06 0 0 0 0 0 0 0 0 0 0 
1 0.790052 0.611762 0.462517 0.337035 0.231235 0.143577 0.0729 0.020155 -0.014025 -0.0337525 -0.043475 -0.047565 -0.0492025 -0.049825 1.25e-05 2.5e-06 0 0 0 0 0 0 0 0 0 0 0 0 0 
1 0.78788 0.608735 0.458318 0.332508 0.226475 0.137712 0.0673775 0.016305 -0.016485 -0.034785 -0.0440125 -0.0477825 -0.0492325 -0.018015 4.25e-05 5e-06 0 0 0 0 0 0 0 0 0 0 0 0 0 
1 0.790812 0.615307 0.466625 0.340875 0.23561 0.146975 0.07605 0.022835 -0.01236 -0.03246 -0.04275 -0.047395 -0.049135 -0.026485 -0.0009975 -0.0010425 7.5e-06 5e-06 0 0 0 0 0 0 0 0 0 0 0 
1 0.789935 0.612372 0.46342 0.338025 0.2333 0.144885 0.0734475 0.020485 -0.014405 -0.0344125 -0.0437875 -0.047845 -0.04799 -0.04849 4.75e-05 1.25e-05 7.5e-06 2.5e-06 0 0 0 0 0 0 0 0 0 0 0 
1 0.79008 0.612672 0.46412 0.338333 0.232752 0.14449 0.07374 0.0211825 -0.0131525 -0.033225 -0.0432175 -0.047485 -0.049255 -0.029675 1.5e-05 0 0 0 0 0 0 0 0 0 0 0 0 0 0 
1 0.78654 0.608187 0.4574 0.3315 0.225422 0.137825 0.067045 0.0147275 -0.0183125 -0.036065 -0.0444925 -0.0479 -0.049275 -0.0497875 -0.03133 2.5e-06 2.5e-06 2.5e-06 0 0 0 0 0 0 0 0 0 0 0 
1 0.789502 0.612847 0.464215 0.338865 0.232872 0.144695 0.0734975 0.0204875 -0.0135825 -0.03324 -0.04278 -0.0472275 -0.04898 -0.0297675 4.25e-05 2.25e-05 7.5e-06 2.5e-06 2.5e-06 2.5e-06 2.5e-06 0 0 0 0 0 0 0 0 
1 0.789142 0.611302 0.461092 0.334638 0.228322 0.139017 0.06811 0.01607 -0.0172225 -0.0354925 -0.0445725 -0.0482425 -0.0494925 7e-05 3e-05 1.5e-05 1.5e-05 2.5e-06 2.5e-06 0 0 0 0 0 0 0 0 0 0 
1 0.789397 0.611687 0.462832 0.336933 0.232065 0.143542 0.0723075 0.0198075 -0.0144175 -0.03377 -0.04323 -0.0475325 -0.0491675 -0.04976 3.25e-05 1.75e-05 0 0 0 0 0 0 0 0 0 0 0 0 0 
1 0.790537 0.613485 0.464223 0.3379 0.23187 0.143917 0.07271 0.01958 -0.01544 -0.03508 -0.0444575 -0.04813 -0.029545 -0.02986 -0.029945 1.5e-05 5e-06 0 0 0 0 0 0 0 0 0 0 0 0 
1 0.787127 0.60947 0.45885 0.333148 0.22735 0.139365 0.0691975 0.016865 -0.0160625 -0.0342875 -0.0430325 -0.04722 -0.0489075 -0.049665 5.5e-05 1e-05 2.5e-06 2.5e-06 0 0 0 0 0 0 0 0 0 0 0 
1 0.788927 0.611635 0.463315 0.338433 0.233085 0.14604 0.07557 0.02243 -0.0128175 -0.032845 -0.042935 -0.047375 -0.0490875 -0.04515 -0.03461 7.5e-06 5e-06 0 0 0 0 0 0 0 0 0 0 0 0 
1 0.790967 0.614392 0.466435 0.340758 0.234945 0.146517 0.074625 0.02131 -0.0138025 -0.0337375 -0.043185 -0.0474525 -0.0491275 -0.0101375 5e-05 2e-05 7.5e-06 5e-06 0 0 0 0 0 0 0 0 0 0 0 
1 0.788495 0.609727 0.459825 0.33356 0.228042 0.140427 0.0700525 0.01869 -0.0147675 -0.0338225 -0.0432475 -0.0472325 -0.0462875 -0.03984 -0.0385725 3.25e-05 1.75e-05 2.5e-06 0 0 0 0 0 0 0 0 0 0 0 
1 0.789505 0.612042 0.462312 0.338218 0.233325 0.145462 0.0749575 0.02231 -0.01264 -0.0327725 -0.0429625 -0.04731 -0.0489925 -0.04378 -0.028255 -0.028315 5e-06 0 0 0 0 0 0 0 0 0 0 0 0 
1 0.789877 0.613702 0.463765 0.337828 0.23106 0.14275 0.0713725 0.018525 -0.015665 -0.034765 -0.04395 -0.0477925 -0.049275 -0.049765 2e-05 1e-05 0 0 0 0 0 0 0 0 0 0 0 0 0 
1 0.790632 0.613352 0.464397 0.338733 0.233642 0.144837 0.074625 0.0219975 -0.01345 -0.03342 -0.043385 -0.047515 -0.049165 -0.03887 -0.0322175 -0.0322625 7.5e-06 0 0 0 0 0 0 0 0 0 0 0 0 
1 0.791317 0.615895 0.467207 0.341898 0.23589 0.14818 0.077135 0.0231725 -0.0119275 -0.032435 -0.0426 -0.04727 -0.0490775 -0.036965 -0.0265325 -0.0265925 1.75e-05 1.25e-05 2.5e-06 0 0 0 0 0 0 0 0 0 0 
1 0.790575 0.613675 0.464742 0.338438 0.233202 0.145112 0.07443 0.02136 -0.0136675 -0.03355 -0.043455 -0.04766 -0.045705 -0.04504 6.75e-05 2.25e-05 5e-06 0 0 0 0 0 0 0 0 0 0 0 0 
1 0.791915 0.61616 0.468267 0.343638 0.237817 0.14877 0.0778925 0.024615 -0.01099 -0.0316525 -0.0423125 -0.047125 -0.0488125 -0.0341475 6.25e-05 3e-05 7.5e-06 5e-06 0 0 0 0 0 0 0 0 0 0 0 
1 0.789425 0.609895 0.459745 0.333788 0.22769 0.139745 0.0689775 0.0172275 -0.01657 -0.0355625 -0.0445625 -0.0481025 -0.0493675 -0.031105 -0.0153275 1.5e-05 2.5e-06 0 0 0 0 0 0 0 0 0 0 0 0 
1 0.790655 0.614047 0.465407 0.340395 0.23516 0.14665 0.0753775 0.022255 -0.01257 -0.032595 -0.0428025 -0.04727 -0.0489425 -0.049595 8.25e-05 4.25e-05 2e-05 2e-05 1.5e-05 1.25e-05 7.5e-06 5e-06 2.5e-06 2.5e-06 0 0 0 0 0 
1 0.790095 0.612105 0.462387 0.336898 0.23068 0.141827 0.0714025 0.0188075 -0.0151825 -0.0340975 -0.043495 -0.0476575 -0.04781 -0.0154775 -0.0155775 2.5e-05 5e-06 2.5e-06 0 0 0 0 0 0 0 0 0 0 0 
1 0.788832 0.610842 0.461745 0.336925 0.23137 0.1423 0.0715975 0.018815 -0.015005 -0.0341825 -0.043425 -0.047615 -0.04914 -0.0497175 -0.049915 2e-05 1.25e-05 2.5e-06 2.5e-06 2.5e-06 2.5e-06 2.5e-06 0 0 0 0 0 0 0 
1 0.789687 0.612552 0.464085 0.340103 0.23412 0.146282 0.075285 0.02198 -0.0132725 -0.0328575 -0.042975 -0.0474025 -0.0483475 -0.0488675 -0.0468875 3e-05 1.75e-05 1e-05 7.5e-06 5e-06 2.5e-06 0 0 0 0 0 0 0 0 
1 0.790957 0.61378 0.465318 0.339195 0.232515 0.143987 0.072855 0.02057 -0.0138825 -0.0339075 -0.0435975 -0.0478525 -0.0489375 0.0001075 4.75e-05 2e-05 7.5e-06 2.5e-06 2.5e-06 0 0 0 0 0 0 0 0 0 0 
1 0.790437 0.61327 0.464367 0.3384 0.231975 0.142955 0.0720575 0.0181975 -0.016055 -0.03575 -0.0445475 -0.0464375 -0.0220075 -0.022335 4e-05 2e-05 5e-06 5e-06 5e-06 0 0 0 0 0 0 0 0 0 0 
1 0.789285 0.61116 0.46126 0.336413 0.231515 0.143907 0.0733725 0.0205275 -0.0139775 -0.0339075 -0.043675 -0.0477225 -0.049215 -0.039795 -0.0399725 1.25e-05 1.25e-05 7.5e-06 0 0 0 0 0 0 0 0 0 0 0 
1 0.790017 0.613 0.464707 0.340088 0.233642 0.145182 0.0732475 0.0198625 -0.0147125 -0.0340825 -0.0438325 -0.0477475 -0.049315 0.0001225 5.75e-05 2e-05 1e-05 0 0 0 0 0 0 0 0 0 0 0 0 
1 0.789477 0.612095 0.463595 0.337018 0.230985 0.142422 0.0717175 0.019375 -0.014525 -0.0342 -0.043655 -0.04773 -0.049195 -0.0496825 -0.00867 4e-05 2.75e-05 1.25e-05 7.5e-06 7.5e-06 2.5e-06 0 0 0 0 0 0 0 0 
1 0.789022 0.611275 0.46124 0.33527 0.229512 0.141227 0.069765 0.0171025 -0.0168325 -0.035285 -0.04435 -0.0479225 -0.0493025 -0.0498425 1.75e-05 7.5e-06 5e-06 0 0 0 0 0 0 0 0 0 0 0 0 
1 0.792655 0.6174 0.470017 0.346218 0.239852 0.151312 0.07982 0.0260625 -0.009775 -0.0305975 -0.0415375 -0.0466775 -0.0488475 -0.0495925 -0.0499125 1e-05 5e-06 2.5e-06 0 0 0 0 0 0 0 0 0 0 0 
1 0.789515 0.611885 0.46396 0.337545 0.232057 0.14372 0.07299 0.0201525 -0.014565 -0.03376 -0.0434325 -0.047555 -0.04919 -0.0092925 4.75e-05 1.75e-05 7.5e-06 0 0 0 0 0 0 0 0 0 0 0 0 
1 0.79174 0.6143 0.466165 0.341363 0.235495 0.147765 0.0769775 0.02402 -0.01174 -0.0323575 -0.042975 -0.047565 -0.0333075 -0.031835 -0.0319925 1e-05 2.5e-06 2.5e-06 0 0 0 0 0 0 0 0 0 0 0 
1 0.78952 0.612572 0.463257 0.33772 0.232105 0.144685 0.0739125 0.021125 -0.013375 -0.0330325 -0.04266 -0.0446025 -0.0391925 -0.03984 -0.040085 3e-05 1.5e-05 7.5e-06 0 0 0 0 0 0 0 0 0 0 0 
1 0.786907 0.608232 0.459385 0.334273 0.228885 0.141782 0.0716325 0.0200975 -0.0133475 -0.0329775 -0.042815 -0.04734 -0.03989 -0.008095 -0.00146 2.25e-05 2.5e-06 0 0 0 0 0 0 0 0 0 0 0 0 
1 0.787777 0.610357 0.460842 0.334883 0.229475 0.141577 0.0705075 0.018055 -0.0158525 -0.03511 -0.0440775 -0.0479475 -0.04942 -0.04985 -0.049955 5e-06 0 0 0 0 0 0 0 0 0 0 0 0 0 
1 0.790082 0.6137 0.46543 0.339785 0.2339 0.1459 0.0737775 0.020255 -0.014645 -0.03422 -0.043745 -0.047735 -0.04926 -0.049765 3.5e-05 1.5e-05 5e-06 0 0 0 0 0 0 0 0 0 0 0 0 
1 0.789132 0.611797 0.462737 0.336953 0.230902 0.14281 0.0718175 0.0194175 -0.0146125 -0.03373 -0.0431225 -0.0473975 -0.046685 -0.0273 -0.007585 7.5e-05 4.25e-05 2.75e-05 1e-05 5e-06 2.5e-06 2.5e-06 0 0 0 0 0 0 0 
1 0.79051 0.612805 0.463815 0.337605 0.231172 0.143137 0.071565 0.0186575 -0.015955 -0.034845 -0.04395 -0.0477575 -0.0492425 -0.0090175 -0.009125 -0.0091725 1.25e-05 5e-06 2.5e-06 2.5e-06 0 0 0 0 0 0 0 0 0 
1 0.790232 0.612497 0.463963 0.33785 0.232425 0.14415 0.0722975 0.0197975 -0.0148225 -0.0344225 -0.0438675 -0.0477975 -0.04927 -0.0339 -0.0247375 4.75e-05 2e-05 1e-05 7.5e-06 7.5e-06 7.5e-06 7.5e-06 2.5e-06 2.5e-06 0 0 0 0 0 
1 0.788727 0.611242 0.46275 0.3371 0.23112 0.14261 0.0713725 0.01874 -0.015405 -0.03497 -0.0440825 -0.0478975 -0.049255 -0.0427375 4.25e-05 2.25e-05 1.25e-05 5e-06 2.5e-06 2.5e-06 0 0 0 0 0 0 0 0 0 
1 0.78937 0.61134 0.461137 0.33511 0.229737 0.142175 0.07087 0.0183 -0.015265 -0.0343 -0.043635 -0.047745 -0.04381 -0.0037925 -0.003895 3e-05 1.75e-05 7.5e-06 7.5e-06 7.5e-06 5e-06 0 0 0 0 0 0 0 0 
1 0.786012 0.605535 0.45389 0.328103 0.22254 0.134992 0.06536 0.01478 -0.017865 -0.0357575 -0.0445125 -0.0480575 -0.0493275 -0.025105 3.25e-05 1.75e-05 5e-06 0 0 0 0 0 0 0 0 0 0 0 0 
1 0.788372 0.612337 0.463575 0.33712 0.231322 0.143157 0.072325 0.0197 -0.0142125 -0.0335225 -0.0430925 -0.047465 -0.04909 -0.049725 -0.0499325 5e-06 0 0 0 0 0 0 0 0 0 0 0 0 0 
1 0.789042 0.612385 0.462895 0.33674 0.231035 0.143047 0.0725 0.019715 -0.0154475 -0.03489 -0.0439875 -0.047875 -0.049285 -0.049805 3.5e-05 1.75e-05 2.5e-06 0 0 0 0 0 0 0 0 0 0 0 0 
1 0.78591 0.607725 0.45785 0.332008 0.226877 0.139912 0.0692175 0.017145 -0.0162675 -0.03494 -0.0440675 -0.047895 -0.049295 -0.037965 2.25e-05 1.25e-05 2.5e-06 2.5e-06 0 0 0 0 0 0 0 0 0 0 0 
1 0.791817 0.615837 0.467375 0.34179 0.236067 0.14749 0.07508 0.0224025 -0.0113625 -0.0315475 -0.0420525 -0.046955 -0.0490425 -0.03943 4.25e-05 1.25e-05 2.5e-06 0 0 0 0 0 0 0 0 0 0 0 0 
1 0.791127 0.615202 0.46712 0.341503 0.23653 0.148085 0.077085 0.023695 -0.0120425 -0.031925 -0.042335 -0.0469675 -0.0490175 -0.04971 2.25e-05 5e-06 2.5e-06 0 0 0 0 0 0 0 0 0 0 0 0 
1 0.791547 0.61475 0.46493 0.33932 0.23298 0.144755 0.0740775 0.02213 -0.0125875 -0.0328725 -0.0428875 -0.0473975 -0.0491575 -0.04975 2.25e-05 1.25e-05 0 0 0 0 0 0 0 0 0 0 0 0 0 
1 0.789007 0.610902 0.460845 0.334348 0.228395 0.139615 0.0684225 0.0157225 -0.017985 -0.0361525 -0.0448475 -0.0482775 -0.049475 -0.02481 3.5e-05 7.5e-06 0 0 0 0 0 0 0 0 0 0 0 0 0 
1 0.788225 0.611687 0.462965 0.337775 0.2317 0.142795 0.0710575 0.0185325 -0.015935 -0.035185 -0.0443825 -0.0480625 -0.0494 -0.0173575 2.5e-05 5e-06 0 0 0 0 0 0 0 0 0 0 0 0 0 
1 0.788892 0.611645 0.462457 0.33626 0.230595 0.141772 0.069785 0.0177475 -0.01631 -0.0348475 -0.043755 -0.0476475 -0.04918 -0.04972 5.25e-05 2.75e-05 2.25e-05 1e-05 2.5e-06 2.5e-06 0 0 0 0 0 0 0 0 0 
1 0.787892 0.608465 0.457717 0.331713 0.22542 0.13744 0.066995 0.0164275 -0.015785 -0.0340825 -0.043445 -0.047535 -0.049195 -0.04978 4e-05 1.5e-05 5e-06 2.5e-06 0 0 0 0 0 0 0 0 0 0 0 
1 0.789132 0.611215 0.4615 0.335853 0.228747 0.141322 0.0701325 0.0180325 -0.016185 -0.03518 -0.0442725 -0.048085 -0.0398925 -0.040255 -0.04036 5e-06 0 0 0 0 0 0 0 0 0 0 0 0 0 
1 0.788927 0.609805 0.460167 0.333843 0.227992 0.139957 0.069315 0.0174325 -0.0160275 -0.0349475 -0.043985 -0.0479175 -0.0475725 -0.0266275 2.25e-05 7.5e-06 2.5e-06 0 0 0 0 0 0 0 0 0 0 0 0 
1 0.789837 0.613795 0.4644 0.33926 0.233285 0.145002 0.0733975 0.0205225 -0.013765 -0.0336325 -0.0433925 -0.047435 -0.0458025 -0.0463625 -0.046555 2.5e-05 7.5e-06 2.5e-06 0 0 0 0 0 0 0 0 0 0 0 
1 0.788282 0.609112 0.459672 0.33395 0.228937 0.140955 0.07073 0.018555 -0.015205 -0.0342125 -0.043575 -0.0475425 -0.0492225 -0.0498025 -0.0499375 -0.049975 7.5e-06 7.5e-06 5e-06 0 0 0 0 0 0 0 0 0 0 
1 0.789812 0.612287 0.461493 0.33538 0.228712 0.140445 0.069375 0.0173825 -0.0161475 -0.0353375 -0.04417 -0.04798 -0.0493175 -0.0321975 5.5e-05 2e-05 1.5e-05 1.25e-05 2.5e-06 2.5e-06 0 0 0 0 0 0 0 0 0 
1 0.78642 0.607567 0.456873 0.33047 0.225022 0.13636 0.06648 0.0159 -0.016465 -0.0348775 -0.043575 -0.0473625 -0.0489675 -0.04954 -0.0429025 -0.0429825 -0.00537 2.5e-05 1.5e-05 1e-05 5e-06 0 0 0 0 0 0 0 0 
1 0.788052 0.607672 0.45847 0.332185 0.226127 0.13781 0.0676075 0.0166175 -0.0169075 -0.0352675 -0.0441475 -0.047855 -0.04863 -0.04911 -0.04574 2.5e-06 2.5e-06 0 0 0 0 0 0 0 0 0 0 0 0 
1 0.790202 0.613547 0.463797 0.338753 0.233537 0.144867 0.0733325 0.020985 -0.0130725 -0.0329425 -0.0428075 -0.0473725 -0.0490875 -0.0492575 3.5e-05 1e-05 5e-06 0 0 0 0 0 0 0 0 0 0 0 0 
1 0.788415 0.61099 0.461785 0.336423 0.230197 0.141325 0.0709975 0.0182225 -0.0165 -0.0353275 -0.0442925 -0.048085 -0.04938 -0.0416225 -0.04173 1.5e-05 5e-06 5e-06 2.5e-06 0 0 0 0 0 0 0 0 0 0 
1 0.78941 0.612175 0.46274 0.336343 0.23106 0.142277 0.0715125 0.0188925 -0.015345 -0.0345275 -0.0437825 -0.0478525 -0.0493175 -0.0498075 -0.04996 -0.0499975 0 0 0 0 0 0 0 0 0 0 0 0 0 
1 0.78712 0.60919 0.458865 0.332933 0.226937 0.1391 0.068955 0.0182525 -0.014865 -0.0339575 -0.0433625 -0.0474925 -0.0490725 -0.0496875 -0.0250275 -0.0250675 -0.0250925 -0.025115 1.5e-05 1e-05 5e-06 0 0 0 0 0 0 0 0 
1 0.789335 0.6127 0.46271 0.33677 0.230517 0.142407 0.0716225 0.018785 -0.015905 -0.035085 -0.04426 -0.0481125 -0.049435 7.5e-05 2.75e-05 7.5e-06 5e-06 2.5e-06 0 0 0 0 0 0 0 0 0 0 0 
1 0.790072 0.612802 0.464277 0.338398 0.233222 0.145082 0.07333 0.02029 -0.0138375 -0.033535 -0.0435375 -0.0477975 -0.049365 -0.0498875 1e-05 1e-05 1e-05 2.5e-06 0 0 0 0 0 0 0 0 0 0 0 
1 0.791887 0.614607 0.465577 0.340315 0.234597 0.145655 0.073605 0.02097 -0.014285 -0.033945 -0.0436 -0.0478925 -0.0493325 -0.0498275 2.5e-05 1.5e-05 7.5e-06 2.5e-06 2.5e-06 0 0 0 0 0 0 0 0 0 0 
1 0.789775 0.613352 0.46449 0.33824 0.232122 0.143655 0.07208 0.0200425 -0.01436 -0.0341025 -0.043945 -0.0479375 -0.0493425 -0.0153975 4.75e-05 1.25e-05 2.5e-06 0 0 0 0 0 0 0 0 0 0 0 0 
1 0.789087 0.609222 0.458545 0.332363 0.226302 0.138517 0.067555 0.01641 -0.0165975 -0.0347725 -0.0438875 -0.0478175 -0.0492175 -0.0497225 -0.049945 7.5e-06 0 0 0 0 0 0 0 0 0 0 0 0 0 
1 0.789912 0.61335 0.463308 0.33777 0.231722 0.143932 0.0743475 0.0216875 -0.012965 -0.03247 -0.042595 -0.0471975 -0.04911 -0.04834 3.5e-05 1.25e-05 5e-06 2.5e-06 2.5e-06 0 0 0 0 0 0 0 0 0 0 
1 0.789955 0.61411 0.465427 0.341205 0.235537 0.147755 0.0762425 0.0230275 -0.0123 -0.0327525 -0.042775 -0.0471225 -0.04881 -0.04946 -0.0101575 -0.01025 -0.010305 1.25e-05 0 0 0 0 0 0 0 0 0 0 0 
1 0.790775 0.612795 0.46406 0.338665 0.233122 0.144372 0.073145 0.02029 -0.01453 -0.033715 -0.0431675 -0.0474175 -0.0486175 -0.0491875 5.75e-05 2e-05 1e-05 0 0 0 0 0 0 0 0 0 0 0 0 
1 0.788515 0.611987 0.462025 0.33598 0.23011 0.141832 0.0712725 0.0187175 -0.0156525 -0.03494 -0.0443875 -0.048055 -0.048905 -0.0493425 3e-05 1.25e-05 5e-06 2.5e-06 0 0 0 0 0 0 0 0 0 0 0 
1 0.788505 0.610182 0.4593 0.332113 0.2251 0.137735 0.0677475 0.0166475 -0.0157975 -0.03364 -0.0426575 -0.0469625 -0.0465825 -0.0472725 -0.017695 -0.0178025 -0.01786 -0.017885 2.5e-06 0 0 0 0 0 0 0 0 0 0 
1 0.791017 0.613297 0.463317 0.337708 0.232482 0.143495 0.07215 0.020125 -0.0145825 -0.03439 -0.0437525 -0.047815 -0.0475925 -0.00652 -0.000555 1.5e-05 5e-06 0 0 0 0 0 0 0 0 0 0 0 0 
1 0.78859 0.61046 0.46105 0.335388 0.229397 0.142382 0.0719825 0.0200625 -0.013945 -0.033805 -0.0433625 -0.0475825 -0.049195 -0.0497425 -0.0411925 5e-06 0 0 0 0 0 0 0 0 0 0 0 0 0 
1 0.78836 0.61053 0.460095 0.334778 0.230002 0.141877 0.0713425 0.0196275 -0.013885 -0.033425 -0.043025 -0.0472825 -0.0299775 -0.019925 5e-05 2.25e-05 1e-05 5e-06 0 0 0 0 0 0 0 0 0 0 0 
1 0.788647 0.61093 0.46126 0.334663 0.228335 0.1402 0.06943 0.017655 -0.01575 -0.03456 -0.044005 -0.047775 -0.032005 -0.0049725 5.25e-05 2.75e-05 7.5e-06 5e-06 2.5e-06 2.5e-06 0 0 0 0 0 0 0 0 0 
1 0.791455 0.614295 0.466302 0.341408 0.235647 0.14682 0.0755175 0.0214 -0.013845 -0.0336425 -0.04337 -0.0475275 -0.0490575 -0.0445325 6.5e-05 3e-05 1.5e-05 2.5e-06 0 0 0 0 0 0 0 0 0 0 0 
1 0.789225 0.61253 0.463437 0.3382 0.232592 0.145032 0.073875 0.020385 -0.014185 -0.033795 -0.0431175 -0.047405 -0.049075 -0.0396475 -0.03945 2.75e-05 1e-05 7.5e-06 2.5e-06 0 0 0 0 0 0 0 0 0 0 
1 0.789267 0.612245 0.463818 0.337858 0.230587 0.142267 0.071695 0.019185 -0.01502 -0.0345675 -0.04395 -0.047865 -0.049355 -0.04983 1.75e-05 2.5e-06 0 0 0 0 0 0 0 0 0 0 0 0 0 
1 0.791427 0.615292 0.46637 0.340438 0.23496 0.147507 0.0760875 0.0233125 -0.0121875 -0.03277 -0.042945 -0.0430175 -0.04001 -0.0172675 -0.0174175 1.75e-05 1.5e-05 5e-06 2.5e-06 2.5e-06 0 0 0 0 0 0 0 0 0 
1 0.789725 0.611937 0.463065 0.338093 0.232582 0.144107 0.07307 0.02045 -0.0141475 -0.0343025 -0.04406 -0.0481025 -0.0494675 -0.0498625 1.25e-05 2.5e-06 0 0 0 0 0 0 0 0 0 0 0 0 0 
1 0.78729 0.609997 0.459885 0.33376 0.227852 0.141012 0.07049 0.018875 -0.0148 -0.0338825 -0.0433925 -0.0474325 -0.048985 -0.0306625 -0.0260975 3e-05 1e-05 0 0 0 0 0 0 0 0 0 0 0 0 
1 0.789795 0.611725 0.462103 0.335105 0.230047 0.14174 0.0710675 0.019385 -0.0151675 -0.034175 -0.0435475 -0.0475925 -0.030685 -0.0311025 -0.0312825 -0.0313575 3.75e-05 2.25e-05 1.75e-05 7.5e-06 5e-06 2.5e-06 0 0 0 0 0 0 0 
1 0.788802 0.61124 0.460505 0.33479 0.228965 0.140475 0.0696875 0.0180125 -0.01558 -0.0343625 -0.0433375 -0.0472625 -0.048825 -0.0281075 -0.0283 3.75e-05 1.5e-05 5e-06 5e-06 0 0 0 0 0 0 0 0 0 0 
1 0.789782 0.613367 0.464232 0.339365 0.233767 0.146105 0.0749275 0.0212025 -0.013785 -0.0335575 -0.043245 -0.0474725 -0.0490275 -0.037045 6.75e-05 3.75e-05 7.5e-06 2.5e-06 0 0 0 0 0 0 0 0 0 0 0 
1 0.789417 0.613652 0.46496 0.33894 0.233302 0.144425 0.0730725 0.0198775 -0.0149825 -0.034345 -0.0436875 -0.04759 -0.0491525 -0.0330275 -0.0331875 -0.033255 1.25e-05 7.5e-06 7.5e-06 0 0 0 0 0 0 0 0 0 0 
1 0.791147 0.61518 0.466342 0.341983 0.236112 0.147802 0.0764025 0.023155 -0.0116525 -0.032205 -0.04262 -0.0470875 -0.0489125 -0.048995 -0.0492825 -0.04937 1.25e-05 2.5e-06 0 0 0 0 0 0 0 0 0 0 0 
1 0.7872 0.608995 0.459243 0.33308 0.228045 0.139495 0.0693025 0.018135 -0.0153075 -0.0344775 -0.04375 -0.0477625 -0.03476 -0.0198575 7e-05 3.25e-05 1.5e-05 5e-06 5e-06 2.5e-06 0 0 0 0 0 0 0 0 0 
1 0.78973 0.611482 0.461975 0.336965 0.231317 0.143002 0.0714175 0.01906 -0.014545 -0.03348 -0.04312 -0.04734 -0.0472425 -0.0257425 -0.0259275 7.5e-06 1.5e-05 7.5e-06 5e-06 0 0 0 0 0 0 0 0 0 0 
1 0.789622 0.613187 0.463782 0.337805 0.2326 0.144075 0.073515 0.0202425 -0.0148325 -0.03435 -0.043835 -0.0479075 -0.04935 -0.01598 3.5e-05 1e-05 2.5e-06 0 0 0 0 0 0 0 0 0 0 0 0 
1 0.790667 0.614255 0.465715 0.34117 0.235975 0.147825 0.0761225 0.0229975 -0.012365 -0.0328225 -0.0428275 -0.0472175 -0.0489425 -0.049645 -0.0469575 3.25e-05 1e-05 2.5e-06 0 0 0 0 0 0 0 0 0 0 0 
1 0.789195 0.612485 0.462878 0.336563 0.229717 0.1412 0.07034 0.0186475 -0.01505 -0.03357 -0.043035 -0.0467125 -0.0409575 -0.0035525 8.5e-05 3.25e-05 1.25e-05 7.5e-06 2.5e-06 0 0 0 0 0 0 0 0 0 0 
1 0.78666 0.608432 0.458967 0.33326 0.227825 0.139675 0.0688175 0.01701 -0.016165 -0.0350575 -0.0442375 -0.0480325 -0.04939 -0.0498425 -0.0389275 2.5e-06 0 0 0 0 0 0 0 0 0 0 0 0 0 
1 0.79075 0.614212 0.465325 0.340183 0.235335 0.146457 0.074955 0.0212375 -0.01399 -0.0336875 -0.0433125 -0.04746 -0.049025 -0.0494675 -0.049745 -0.0498275 2.5e-06 0 0 0 0 0 0 0 0 0 0 0 0 
1 0.789615 0.613142 0.465037 0.340338 0.234925 0.14642 0.07441 0.0204175 -0.01525 -0.0349275 -0.0444225 -0.04815 -0.0494625 -0.026995 -0.0064525 1e-05 2.5e-06 0 0 0 0 0 0 0 0 0 0 0 0 
1 0.790897 0.61476 0.465623 0.34049 0.23445 0.145985 0.073905 0.0211425 -0.0134775 -0.0330475 -0.0429475 -0.047405 -0.04918 -0.00845 5e-05 2.5e-05 1.25e-05 1e-05 5e-06 5e-06 5e-06 0 0 0 0 0 0 0 0 
1 0.789115 0.61097 0.460043 0.332695 0.226647 0.13762 0.0674 0.0157625 -0.0174625 -0.03576 -0.0446225 -0.04823 -0.0495325 -0.049905 2.5e-06 2.5e-06 2.5e-06 0 0 0 0 0 0 0 0 0 0 0 0 
1 0.78906 0.611357 0.461325 0.335813 0.230357 0.1423 0.0723675 0.0209375 -0.013415 -0.03267 -0.04274 -0.04717 -0.0489475 -0.0496375 6.75e-05 4e-05 2e-05 1e-05 7.5e-06 0 0 0 0 0 0 0 0 0 0 
1 0.787025 0.608472 0.45862 0.331913 0.22661 0.139197 0.068105 0.0159575 -0.01773 -0.03634 -0.04465 -0.048185 -0.0494775 5.25e-05 1.75e-05 5e-06 2.5e-06 0 0 0 0 0 0 0 0 0 0 0 0 
1 0.787787 0.606992 0.45703 0.33114 0.224597 0.136795 0.0670025 0.01489 -0.017805 -0.035435 -0.0442175 -0.0480075 -0.0493875 -0.0272 2.25e-05 1e-05 0 0 0 0 0 0 0 0 0 0 0 0 0 
1 0.788047 0.60976 0.45921 0.332913 0.226877 0.139102 0.0693575 0.01742 -0.0163675 -0.0348625 -0.0440725 -0.0479175 -0.0493775 -0.049825 3e-05 1e-05 0 0 0 0 0 0 0 0 0 0 0 0 0 
1 0.790785 0.613032 0.464695 0.338735 0.232115 0.144342 0.0730675 0.0208075 -0.0139075 -0.0337 -0.0433 -0.04766 -0.049365 -0.0014675 4.75e-05 2.75e-05 1.75e-05 1.5e-05 5e-06 2.5e-06 0 0 0 0 0 0 0 0 0 
1 0.790142 0.614332 0.46496 0.33858 0.231977 0.14274 0.0714175 0.0187075 -0.0156525 -0.0345225 -0.04375 -0.047675 -0.0414175 -0.0353025 -0.023005 3e-05 1.5e-05 7.5e-06 2.5e-06 0 0 0 0 0 0 0 0 0 0 
1 0.788477 0.609835 0.461222 0.334518 0.229927 0.141397 0.0709175 0.0188425 -0.0147425 -0.03395 -0.04335 -0.047595 -0.043275 -0.0426725 4.5e-05 2e-05 1e-05 5e-06 0 0 0 0 0 0 0 0 0 0 0 
1 0.789342 0.61283 0.46253 0.336683 0.230677 0.142782 0.0715775 0.018985 -0.01492 -0.0341075 -0.0437475 -0.04783 -0.049305 -0.049775 -0.0499125 7.5e-06 2.5e-06 0 0 0 0 0 0 0 0 0 0 0 0 
1 0.789497 0.612392 0.46337 0.338998 0.232975 0.145397 0.0746675 0.0213475 -0.01364 -0.0335525 -0.0435575 -0.0476175 -0.0491775 -0.0496225 4e-05 1.25e-05 2.5e-06 0 0 0 0 0 0 0 0 0 0 0 0 
1 0.79054 0.614835 0.46599 0.340575 0.236055 0.14799 0.0770675 0.0248525 -0.0102875 -0.0313475 -0.0418825 -0.046785 -0.04255 -0.042845 -0.04314 -0.043245 2.5e-06 2.5e-06 2.5e-06 0 0 0 0 0 0 0 0 0 0 
1 0.788897 0.61247 0.463132 0.337558 0.230885 0.142512 0.0718925 0.019425 -0.015035 -0.0339025 -0.0436875 -0.0476675 -0.0411075 -0.04161 -0.021955 7.5e-06 5e-06 0 0 0 0 0 0 0 0 0 0 0 0 
1 0.78946 0.611992 0.461382 0.33589 0.229975 0.142545 0.07158 0.0189575 -0.01538 -0.034575 -0.0442 -0.04813 -0.0461775 -0.029905 1.75e-05 1e-05 0 0 0 0 0 0 0 0 0 0 0 0 0 
1 0.787577 0.609237 0.45863 0.331813 0.225962 0.137252 0.0675325 0.0162975 -0.0162275 -0.03455 -0.04357 -0.0474825 -0.0489575 -0.04952 -0.0497425 -0.0404175 4e-05 1.25e-05 1e-05 2.5e-06 0 0 0 0 0 0 0 0 0 
1 0.78788 0.610142 0.460177 0.334473 0.228355 0.14011 0.069605 0.01737 -0.0166275 -0.03539 -0.0446325 -0.0482625 -0.039335 -0.0099875 3.5e-05 2e-05 7.5e-06 7.5e-06 2.5e-06 2.5e-06 0 0 0 0 0 0 0 0 0 
1 0.78889 0.6116 0.462415 0.3362 0.230692 0.142965 0.07256 0.0207975 -0.0134325 -0.03315 -0.043055 -0.04742 -0.0221925 -0.0226175 -0.022785 -0.0228775 2.5e-05 1.75e-05 5e-06 0 0 0 0 0 0 0 0 0 0 
1 0.789002 0.61039 0.460138 0.334423 0.228387 0.140995 0.0699975 0.018265 -0.015655 -0.03451 -0.043805 -0.0476925 -0.049285 -0.0497675 4e-05 1.5e-05 7.5e-06 2.5e-06 2.5e-06 0 0 0 0 0 0 0 0 0 0 
1 0.791212 0.616002 0.46886 0.345105 0.240465 0.151972 0.0802775 0.02623 -0.0098325 -0.03092 -0.0417575 -0.046805 -0.048875 -0.0446225 -0.01757 2.5e-05 1.25e-05 2.5e-06 0 0 0 0 0 0 0 0 0 0 0 
1 0.7913 0.615615 0.46678 0.339968 0.233035 0.143847 0.072345 0.01976 -0.014215 -0.0338825 -0.043415 -0.0476075 -0.045965 -0.0464525 -0.0055875 1.75e-05 5e-06 0 0 0 0 0 0 0 0 0 0 0 0 
1 0.792027 0.61597 0.467895 0.343538 0.239112 0.150267 0.0792675 0.02605 -0.0108675 -0.03207 -0.0426725 -0.04719 -0.04908 -0.0496 -0.0331475 -0.0175525 5e-06 2.5e-06 0 0 0 0 0 0 0 0 0 0 0 
1 0.790232 0.613165 0.465455 0.340065 0.234972 0.147577 0.0761375 0.023725 -0.01184 -0.0322525 -0.0427225 -0.0473775 -0.049075 -0.0487175 1.75e-05 1.5e-05 0 0 0 0 0 0 0 0 0 0 0 0 0 
1 0.78893 0.610777 0.462033 0.336195 0.230637 0.14223 0.070985 0.019165 -0.01429 -0.0332025 -0.042795 -0.0471675 -0.0489975 -0.0439725 -0.0441975 1.25e-05 7.5e-06 0 0 0 0 0 0 0 0 0 0 0 0 
1 0.788682 0.610777 0.461312 0.336598 0.230675 0.14297 0.0720875 0.0198775 -0.0139375 -0.0330975 -0.04294 -0.0475225 -0.0493475 -0.049855 -0.0499875 0 0 0 0 0 0 0 0 0 0 0 0 0 0 
1 0.78861 0.611722 0.461662 0.33569 0.231172 0.143252 0.0737925 0.022115 -0.0119925 -0.031835 -0.0419275 -0.04657 -0.0485 -0.04936 -0.0497275 -0.049855 2.5e-05 1e-05 2.5e-06 0 0 0 0 0 0 0 0 0 0 
1 0.79134 0.615615 0.46769 0.342853 0.237522 0.148675 0.07664 0.02329 -0.0112925 -0.03177 -0.04181 -0.04658 -0.047955 -0.0487275 -0.0455275 -0.0007975 -0.00083 2e-05 1e-05 0 0 0 0 0 0 0 0 0 0 
1 0.789465 0.611857 0.46274 0.337785 0.231627 0.144282 0.07298 0.01975 -0.0145 -0.0340725 -0.043405 -0.04752 -0.0472975 -0.0363125 -0.0364575 3.25e-05 1.25e-05 5e-06 0 0 0 0 0 0 0 0 0 0 0 
1 0.789105 0.611957 0.46264 0.336578 0.230975 0.142512 0.07238 0.019925 -0.014135 -0.03365 -0.0430175 -0.0474625 -0.0490775 -0.045585 5.75e-05 2.75e-05 1.75e-05 1.25e-05 7.5e-06 5e-06 2.5e-06 0 0 0 0 0 0 0 0 
1 0.790672 0.614185 0.463837 0.337968 0.231565 0.14291 0.0711775 0.01868 -0.0151925 -0.033895 -0.043545 -0.04764 -0.0489 -0.0152375 -0.0153275 -0.0153775 1e-05 2.5e-06 0 0 0 0 0 0 0 0 0 0 0 
1 0.78698 0.608427 0.458562 0.333393 0.228067 0.139602 0.06905 0.0183975 -0.01433 -0.033145 -0.042365 -0.0467725 -0.0482225 -0.0491025 -0.024155 1.25e-05 5e-06 2.5e-06 0 0 0 0 0 0 0 0 0 0 0 
1 0.788052 0.608472 0.458265 0.332663 0.226892 0.139537 0.0697275 0.0183225 -0.0155575 -0.034395 -0.043705 -0.04762 -0.0456725 -0.0462025 4.25e-05 1.5e-05 7.5e-06 2.5e-06 0 0 0 0 0 0 0 0 0 0 0 
1 0.78825 0.609165 0.459632 0.334185 0.228502 0.140452 0.0701825 0.01785 -0.016365 -0.035115 -0.0440725 -0.0479525 -0.0494475 -0.049875 -0.0499675 0 0 0 0 0 0 0 0 0 0 0 0 0 0 
1 0.790255 0.611625 0.46174 0.335205 0.228985 0.141232 0.0701775 0.0176725 -0.0157275 -0.03476 -0.044125 -0.047415 -0.039435 -0.0033825 5e-05 2.5e-05 1.5e-05 5e-06 5e-06 0 0 0 0 0 0 0 0 0 0 
1 0.785902 0.607797 0.457375 0.330463 0.22439 0.136682 0.0672575 0.015925 -0.0169475 -0.035615 -0.0442575 -0.0480925 -0.0494375 -0.0498575 2.25e-05 1.25e-05 1e-05 7.5e-06 5e-06 2.5e-06 2.5e-06 0 0 0 0 0 0 0 0 
1 0.789535 0.61218 0.463923 0.338528 0.233067 0.145435 0.074315 0.0215175 -0.012395 -0.032355 -0.0425525 -0.0472725 -0.048935 -0.0457 -0.002845 -0.00291 -0.002935 7.5e-06 2.5e-06 0 0 0 0 0 0 0 0 0 0 
1 0.789845 0.613707 0.465265 0.341238 0.23597 0.1476 0.076445 0.023345 -0.0123975 -0.03277 -0.0431475 -0.0474 -0.04905 -0.049615 -0.006415 -0.00649 7.5e-06 2.5e-06 2.5e-06 2.5e-06 0 0 0 0 0 0 0 0 0 
1 0.790672 0.613735 0.464355 0.339475 0.233692 0.145382 0.0743825 0.0216225 -0.0131625 -0.0330625 -0.0431575 -0.0475475 -0.0491975 -0.02592 4.25e-05 2.25e-05 7.5e-06 0 0 0 0 0 0 0 0 0 0 0 0 
1 0.788605 0.611585 0.461855 0.336425 0.231245 0.143187 0.0728875 0.0202275 -0.01388 -0.0337575 -0.04356 -0.047545 -0.0491525 -0.0342875 -0.034445 -0.034495 1e-05 2.5e-06 2.5e-06 2.5e-06 0 0 0 0 0 0 0 0 0 
1 0.788875 0.61095 0.462402 0.33789 0.23275 0.143495 0.073005 0.0205375 -0.0144425 -0.0339225 -0.04361 -0.047555 -0.0491975 -0.04903 4.75e-05 1.75e-05 1e-05 5e-06 2.5e-06 0 0 0 0 0 0 0 0 0 0 
1 0.789007 0.611295 0.46097 0.335453 0.228587 0.14023 0.0699525 0.0181975 -0.0153475 -0.034455 -0.04391 -0.047865 -0.0348875 -0.0111275 -0.01119 4.5e-05 3.25e-05 2.75e-05 1.5e-05 2.5e-06 0 0 0 0 0 0 0 0 0 
1 0.789387 0.611582 0.46108 0.334728 0.229165 0.142105 0.0720075 0.019385 -0.0149175 -0.03424 -0.0435675 -0.047735 -0.048375 -0.042315 -0.0045375 3.5e-05 3e-05 2.25e-05 1.5e-05 1e-05 1e-05 5e-06 2.5e-06 2.5e-06 2.5e-06 0 0 0 0 
1 0.787875 0.609957 0.45999 0.33465 0.22843 0.139892 0.069155 0.01716 -0.0160875 -0.0343375 -0.04325 -0.0473275 -0.036005 -0.036285 -0.0364775 -0.03652 5e-06 0 0 0 0 0 0 0 0 0 0 0 0 
1 0.790757 0.613322 0.463562 0.337578 0.230675 0.142302 0.0710375 0.01842 -0.01628 -0.0353375 -0.04421 -0.0479275 -0.0493425 -0.0259325 2.75e-05 5e-06 5e-06 2.5e-06 0 0 0 0 0 0 0 0 0 0 0 
1 0.788782 0.611087 0.461302 0.335915 0.230115 0.14293 0.072825 0.0208775 -0.0130675 -0.0328 -0.04265 -0.0472125 -0.04904 -0.049685 5.25e-05 3e-05 5e-06 2.5e-06 2.5e-06 0 0 0 0 0 0 0 0 0 0 
1 0.789005 0.611892 0.463825 0.338085 0.23239 0.143517 0.07217 0.0200875 -0.01404 -0.03332 -0.043145 -0.04747 -0.04884 -0.0445575 3.75e-05 1e-05 7.5e-06 0 0 0 0 0 0 0 0 0 0 0 0 
1 0.789087 0.609662 0.460213 0.334038 0.229167 0.14157 0.070625 0.019235 -0.014125 -0.03345 -0.0430675 -0.04323 -0.04325 -0.043905 2e-05 2.5e-06 0 0 0 0 0 0 0 0 0 0 0 0 0 
1 0.791032 0.61443 0.46609 0.34109 0.235352 0.146295 0.07407 0.0216575 -0.0131325 -0.03308 -0.04296 -0.0471075 -0.0489375 -0.04966 -0.028175 4e-05 2e-05 1.75e-05 1.5e-05 1e-05 5e-06 5e-06 2.5e-06 0 0 0 0 0 0 
1 0.791962 0.615407 0.466372 0.340218 0.235045 0.14655 0.0761825 0.02321 -0.0126625 -0.032625 -0.0429425 -0.0474 -0.037145 -0.03368 -0.0338275 2.75e-05 2.25e-05 1.5e-05 1e-05 1e-05 5e-06 2.5e-06 0 0 0 0 0 0 0 
1 0.79019 0.61232 0.462197 0.335645 0.229517 0.140892 0.069575 0.01739 -0.0158575 -0.0345 -0.043875 -0.0478775 -0.04938 -0.0453825 5e-06 0 0 0 0 0 0 0 0 0 0 0 0 0 0 
1 0.790992 0.614635 0.46636 0.340373 0.234465 0.146235 0.074635 0.02138 -0.012905 -0.03247 -0.0422725 -0.046795 -0.0435475 -0.0443575 -0.0212475 -0.0213225 1.5e-05 5e-06 0 0 0 0 0 0 0 0 0 0 0 
1 0.7891 0.610695 0.461673 0.335713 0.229942 0.142125 0.07187 0.0196775 -0.0140875 -0.0333575 -0.042845 -0.04726 -0.0490425 -0.0497 -0.0499075 -0.049965 2.5e-06 0 0 0 0 0 0 0 0 0 0 0 0 
1 0.7879 0.609985 0.46045 0.3332 0.227022 0.139432 0.0687 0.0173725 -0.01583 -0.0343975 -0.0437325 -0.0475875 -0.0491425 -0.0307825 -0.0045225 2.25e-05 5e-06 0 0 0 0 0 0 0 0 0 0 0 0 
1 0.78812 0.609735 0.460535 0.33386 0.228182 0.140852 0.069475 0.0173675 -0.0163225 -0.0349175 -0.04409 -0.0478225 -0.04832 -0.0487625 3.75e-05 1.75e-05 2.5e-06 0 0 0 0 0 0 0 0 0 0 0 0 
1 0.789645 0.610712 0.46042 0.334335 0.228852 0.141412 0.07145 0.019185 -0.0154425 -0.03434 -0.0434975 -0.0475975 -0.0491775 -0.0497675 3e-05 7.5e-06 7.5e-06 5e-06 2.5e-06 2.5e-06 0 0 0 0 0 0 0 0 0 
1 0.7905 0.61342 0.464497 0.339433 0.233405 0.145347 0.07387 0.0210175 -0.01371 -0.03366 -0.043565 -0.0476 -0.049125 -0.0497525 5e-05 2e-05 7.5e-06 5e-06 2.5e-06 2.5e-06 2.5e-06 0 0 0 0 0 0 0 0 
1 0.789565 0.611605 0.462837 0.336903 0.23091 0.143257 0.0720825 0.019085 -0.015205 -0.0345325 -0.0438075 -0.04756 -0.04896 -0.04953 -0.01114 -0.01118 1e-05 7.5e-06 5e-06 0 0 0 0 0 0 0 0 0 0 
1 0.791655 0.61634 0.467415 0.341955 0.235267 0.145387 0.074375 0.0207675 -0.0141425 -0.0341775 -0.0438225 -0.04789 -0.0493375 -0.049775 3.5e-05 1.25e-05 2.5e-06 0 0 0 0 0 0 0 0 0 0 0 0 
1 0.78972 0.610682 0.46095 0.335055 0.228392 0.140242 0.0694975 0.0167075 -0.016635 -0.0360025 -0.0449975 -0.04843 -0.01155 -0.0038425 3.5e-05 5e-06 2.5e-06 0 0 0 0 0 0 0 0 0 0 0 0 
1 0.787432 0.610752 0.461882 0.336188 0.229785 0.14213 0.0711975 0.0187925 -0.0154125 -0.0344475 -0.0438125 -0.0478425 -0.04895 -0.0203375 -0.02043 4e-05 2e-05 1.25e-05 7.5e-06 2.5e-06 2.5e-06 0 0 0 0 0 0 0 0 
1 0.789697 0.613817 0.464765 0.339705 0.233355 0.145405 0.07405 0.020825 -0.0135275 -0.0330825 -0.0430325 -0.047265 -0.049 -0.03822 -0.03839 -0.01186 1.75e-05 0 0 0 0 0 0 0 0 0 0 0 0 
1 0.790067 0.61345 0.464117 0.337425 0.231552 0.14367 0.07262 0.0201525 -0.013845 -0.03346 -0.043345 -0.0477425 -0.04684 -0.0082775 4.75e-05 2.5e-05 5e-06 0 0 0 0 0 0 0 0 0 0 0 0 
1 0.791787 0.616422 0.467492 0.341933 0.235912 0.14702 0.0750225 0.0216025 -0.013155 -0.033025 -0.0428925 -0.0456775 -0.0473525 -0.0457175 -0.0459125 -0.045995 3e-05 1.75e-05 1.75e-05 1.5e-05 1.25e-05 1e-05 5e-06 2.5e-06 0 0 0 0 0 
1 0.79032 0.6131 0.46465 0.33918 0.232815 0.145402 0.07484 0.02145 -0.013575 -0.033295 -0.0433125 -0.0474325 -0.049005 -0.03743 3e-05 1e-05 0 0 0 0 0 0 0 0 0 0 0 0 0 
1 0.78802 0.610205 0.46053 0.334748 0.229002 0.140822 0.06985 0.0179525 -0.0155325 -0.03475 -0.0439925 -0.047895 -0.04931 -0.049775 -0.0121325 1.75e-05 5e-06 0 0 0 0 0 0 0 0 0 0 0 0 
1 0.78878 0.610632 0.460397 0.334313 0.228205 0.13979 0.07015 0.0182875 -0.0155575 -0.034745 -0.044055 -0.04798 -0.0460825 -0.0103625 5.75e-05 2e-05 5e-06 0 0 0 0 0 0 0 0 0 0 0 0 
1 0.789287 0.61174 0.462337 0.33637 0.230325 0.141347 0.07179 0.0195725 -0.014515 -0.0341175 -0.04349 -0.047525 -0.0491025 -0.0208175 5.5e-05 2e-05 2.5e-06 0 0 0 0 0 0 0 0 0 0 0 0 
1 0.791632 0.614195 0.466975 0.342028 0.236347 0.1477 0.07626 0.0229925 -0.01252 -0.032675 -0.0427725 -0.04723 -0.0489075 -0.04965 -0.04831 1.25e-05 0 0 0 0 0 0 0 0 0 0 0 0 0 
1 0.78776 0.610812 0.460815 0.334895 0.228257 0.139795 0.0694825 0.017705 -0.0154025 -0.03393 -0.04334 -0.047525 -0.0492075 -0.0497825 -0.049945 7.5e-06 5e-06 2.5e-06 0 0 0 0 0 0 0 0 0 0 0 
1 0.79103 0.614477 0.46612 0.3403 0.233792 0.14536 0.0739825 0.0203425 -0.01436 -0.03473 -0.044025 -0.047835 -0.037495 -0.037915 6e-05 1.5e-05 0 0 0 0 0 0 0 0 0 0 0 0 0 
1 0.79008 0.61282 0.464615 0.340378 0.235357 0.147057 0.07509 0.02163 -0.0133475 -0.0332475 -0.0431225 -0.0475225 -0.049195 -0.038665 3.75e-05 2e-05 1e-05 2.5e-06 0 0 0 0 0 0 0 0 0 0 0 
1 0.790682 0.61384 0.464303 0.339208 0.233735 0.144827 0.0745325 0.02187 -0.0130325 -0.03291 -0.042615 -0.047135 -0.0489375 -0.04336 -0.0435925 2.75e-05 1e-05 7.5e-06 2.5e-06 2.5e-06 0 0 0 0 0 0 0 0 0 
1 0.785632 0.605885 0.455288 0.329535 0.223537 0.135782 0.06562 0.014135 -0.01899 -0.0367075 -0.04497 -0.0482625 -0.038475 -0.0201875 -0.0202475 -0.02027 1.25e-05 2.5e-06 0 0 0 0 0 0 0 0 0 0 0 
1 0.790552 0.61525 0.467025 0.34178 0.235955 0.147675 0.075785 0.022415 -0.013 -0.03296 -0.0428025 -0.04735 -0.0492075 -0.044765 -0.03898 1.25e-05 7.5e-06 2.5e-06 0 0 0 0 0 0 0 0 0 0 0 
1 0.787725 0.610785 0.460503 0.334218 0.228285 0.140197 0.0698675 0.0178525 -0.0156675 -0.034455 -0.04373 -0.0476125 -0.048455 -0.0010575 -0.0011525 3.5e-05 1.5e-05 5e-06 2.5e-06 2.5e-06 2.5e-06 0 0 0 0 0 0 0 0 
1 0.790367 0.613132 0.46416 0.338743 0.23235 0.144422 0.0736975 0.020375 -0.014345 -0.03378 -0.0433 -0.0473475 -0.0489975 -0.0496325 -0.03767 1.75e-05 1e-05 2.5e-06 0 0 0 0 0 0 0 0 0 0 0 
1 0.789287 0.611612 0.462472 0.337503 0.232007 0.143345 0.0714975 0.0190725 -0.0148875 -0.03418 -0.043895 -0.0479175 -0.04928 -0.0498 -0.049955 2.5e-06 0 0 0 0 0 0 0 0 0 0 0 0 0 
1 0.78701 0.607542 0.457222 0.331305 0.226215 0.137567 0.067115 0.015105 -0.018115 -0.0362475 -0.0448 -0.0482925 -0.049495 -0.0498825 1.25e-05 2.5e-06 0 0 0 0 0 0 0 0 0 0 0 0 0 
1 0.79182 0.617937 0.468985 0.343763 0.238352 0.149717 0.077545 0.0240425 -0.01163 -0.032365 -0.0428 -0.04728 -0.0383375 -0.019675 -0.006975 -0.0070625 -0.0071075 5e-06 0 0 0 0 0 0 0 0 0 0 0 
1 0.787985 0.60978 0.459562 0.33355 0.228725 0.14116 0.0703775 0.018805 -0.0150775 -0.034085 -0.0435225 -0.047625 -0.04913 -0.045115 3.25e-05 1.75e-05 7.5e-06 2.5e-06 2.5e-06 0 0 0 0 0 0 0 0 0 0 
1 0.790037 0.612647 0.46298 0.337585 0.23269 0.145077 0.0738825 0.0213575 -0.0134825 -0.0333425 -0.04295 -0.0474375 -0.0465675 -0.04654 -0.022325 -0.02238 3e-05 2e-05 1.25e-05 2.5e-06 2.5e-06 0 0 0 0 0 0 0 0 
1 0.791002 0.614835 0.466958 0.341395 0.235075 0.14644 0.07505 0.0215025 -0.0136675 -0.03383 -0.0437375 -0.04786 -0.04573 -0.008875 -0.00897 1.5e-05 7.5e-06 2.5e-06 0 0 0 0 0 0 0 0 0 0 0 
1 0.788255 0.610275 0.45966 0.334323 0.227267 0.13911 0.068875 0.017165 -0.0162025 -0.035125 -0.04437 -0.04812 -0.046425 -0.0467875 -0.046905 2e-05 2.5e-06 0 0 0 0 0 0 0 0 0 0 0 0 
1 0.78734 0.60927 0.459022 0.333768 0.226365 0.137955 0.0674825 0.0161875 -0.016775 -0.035065 -0.04409 -0.0477775 -0.049215 -0.013755 5.25e-05 2e-05 7.5e-06 5e-06 2.5e-06 0 0 0 0 0 0 0 0 0 0 
1 0.7889 0.610697 0.460407 0.33409 0.228242 0.139887 0.06925 0.0172525 -0.016185 -0.0354 -0.0445575 -0.048185 -0.0494125 7e-05 2.75e-05 1e-05 2.5e-06 0 0 0 0 0 0 0 0 0 0 0 0 
1 0.789142 0.611735 0.462483 0.337565 0.2324 0.14352 0.07205 0.019395 -0.0149825 -0.03424 -0.04359 -0.04775 -0.0492625 -0.04877 -0.037835 -0.037885 1.5e-05 0 0 0 0 0 0 0 0 0 0 0 0 
1 0.788037 0.60989 0.460925 0.335283 0.228797 0.141207 0.0707175 0.01821 -0.0160625 -0.0350225 -0.0443175 -0.0480575 -0.04746 -0.0479075 -0.0268975 1.25e-05 0 0 0 0 0 0 0 0 0 0 0 0 0 
1 0.789262 0.610852 0.4618 0.335598 0.229942 0.142452 0.07207 0.01951 -0.0144925 -0.0338625 -0.0434875 -0.04666 -0.04834 -0.017325 5.75e-05 2.25e-05 5e-06 0 0 0 0 0 0 0 0 0 0 0 0 
1 0.7909 0.614405 0.46543 0.340123 0.234015 0.145942 0.07441 0.0213125 -0.01357 -0.033365 -0.0432575 -0.0475125 -0.0478575 -0.047515 7.25e-05 5e-05 1.25e-05 2.5e-06 2.5e-06 2.5e-06 0 0 0 0 0 0 0 0 0 
1 0.788737 0.611105 0.461355 0.335758 0.228687 0.140082 0.06969 0.0179925 -0.015405 -0.03435 -0.0437225 -0.0463475 -0.0462 0.000135 5.5e-05 2e-05 5e-06 2.5e-06 2.5e-06 0 0 0 0 0 0 0 0 0 0 
1 0.789547 0.612257 0.463585 0.338748 0.233342 0.146197 0.075475 0.0227575 -0.0130425 -0.03328 -0.0431675 -0.0473725 -0.04898 -0.02843 -0.028655 3.5e-05 1.25e-05 2.5e-06 0 0 0 0 0 0 0 0 0 0 0 
1 0.788972 0.610582 0.462733 0.337118 0.231095 0.142967 0.0724775 0.0202225 -0.0142525 -0.0335725 -0.0431425 -0.0475225 -0.0491375 -0.04974 -0.049925 7.5e-06 0 0 0 0 0 0 0 0 0 0 0 0 0 
1 0.790585 0.614407 0.466003 0.340488 0.233527 0.144487 0.073365 0.021275 -0.0130325 -0.0328275 -0.04277 -0.047185 -0.0490075 -0.04967 4.25e-05 1e-05 2.5e-06 0 0 0 0 0 0 0 0 0 0 0 0 
1 0.79028 0.61293 0.462862 0.33616 0.23085 0.142265 0.0714625 0.0201625 -0.014165 -0.033745 -0.0433125 -0.04738 -0.0490475 -0.043455 3.75e-05 2.5e-05 7.5e-06 0 0 0 0 0 0 0 0 0 0 0 0 
1 0.79061 0.61255 0.463535 0.336925 0.231247 0.14271 0.07129 0.0188325 -0.0146675 -0.03391 -0.0431525 -0.047395 -0.0489 -0.049505 3e-05 1.5e-05 5e-06 0 0 0 0 0 0 0 0 0 0 0 0 
1 0.789357 0.612057 0.463435 0.338495 0.23238 0.144392 0.07297 0.0200725 -0.01485 -0.0340925 -0.0435575 -0.047705 -0.04923 -0.025675 4e-05 2e-05 1e-05 2.5e-06 0 0 0 0 0 0 0 0 0 0 0 
1 0.789895 0.613252 0.464182 0.337768 0.23211 0.143295 0.07261 0.0194075 -0.015165 -0.03452 -0.0438025 -0.0477375 -0.0450125 -0.0355 -0.0356475 -0.0357225 5e-06 2.5e-06 0 0 0 0 0 0 0 0 0 0 0 
1 0.788947 0.612182 0.463222 0.338375 0.233282 0.144955 0.0740975 0.0215475 -0.013015 -0.0329325 -0.04303 -0.0473475 -0.042615 -0.0331275 4e-05 1e-05 2.5e-06 2.5e-06 0 0 0 0 0 0 0 0 0 0 0 
1 0.788835 0.61226 0.462535 0.337018 0.231642 0.14325 0.0720875 0.02018 -0.01405 -0.0339775 -0.0436525 -0.0477375 -0.0492675 -0.047735 -0.0478775 1.25e-05 2.5e-06 0 0 0 0 0 0 0 0 0 0 0 0 
1 0.789932 0.613187 0.463645 0.338363 0.231682 0.143807 0.073205 0.0208925 -0.0138825 -0.0335675 -0.0434175 -0.047695 -0.04927 -0.0219025 -0.0220175 4.25e-05 3.25e-05 2e-05 1e-05 5e-06 0 0 0 0 0 0 0 0 0 
1 0.789637 0.61284 0.46312 0.337465 0.231595 0.14313 0.0718775 0.0186625 -0.01594 -0.0350975 -0.0442675 -0.0480475 -0.0493225 -0.049795 3e-05 1.25e-05 2.5e-06 2.5e-06 0 0 0 0 0 0 0 0 0 0 0 
1 0.788825 0.611522 0.460468 0.335278 0.229317 0.140222 0.06941 0.017145 -0.0169725 -0.0357225 -0.0444675 -0.0480625 -0.049385 -0.0366275 4.25e-05 7.5e-06 0 0 0 0 0 0 0 0 0 0 0 0 0 
1 0.78892 0.611907 0.462322 0.335665 0.229485 0.14116 0.069885 0.01814 -0.0156475 -0.0345925 -0.043705 -0.0475575 -0.049095 -0.04973 4.25e-05 1.75e-05 7.5e-06 2.5e-06 2.5e-06 2.5e-06 2.5e-06 0 0 0 0 0 0 0 0 
1 0.78767 0.609247 0.460322 0.334895 0.22939 0.141235 0.0713075 0.0199575 -0.014435 -0.03354 -0.0432225 -0.047165 -0.0429525 -0.043565 -0.010905 4e-05 1.75e-05 1e-05 0 0 0 0 0 0 0 0 0 0 0 
1 0.789747 0.612732 0.463072 0.338168 0.232012 0.143132 0.07246 0.0198675 -0.0138775 -0.03329 -0.0428 -0.0471575 -0.0491125 -0.0399325 3.75e-05 1e-05 5e-06 2.5e-06 0 0 0 0 0 0 0 0 0 0 0 
1 0.790015 0.613277 0.46567 0.340463 0.23557 0.147217 0.076085 0.02352 -0.0119 -0.03248 -0.042825 -0.0472575 -0.0491575 -0.0184425 4e-05 1.5e-05 1e-05 7.5e-06 2.5e-06 2.5e-06 2.5e-06 0 0 0 0 0 0 0 0 
1 0.789515 0.61187 0.462682 0.337618 0.232147 0.14409 0.0732525 0.0200275 -0.0147825 -0.03452 -0.0439775 -0.047885 -0.0493625 -0.02699 -0.027095 -0.020905 1.25e-05 5e-06 2.5e-06 2.5e-06 2.5e-06 0 0 0 0 0 0 0 0 
1 0.789072 0.61169 0.461185 0.334593 0.228527 0.139247 0.068195 0.0163075 -0.0163075 -0.03443 -0.043645 -0.04767 -0.0466875 -0.0472 2.25e-05 1e-05 2.5e-06 0 0 0 0 0 0 0 0 0 0 0 0 
1 0.789472 0.61331 0.46403 0.338098 0.232052 0.144277 0.0732675 0.02021 -0.0142925 -0.034195 -0.043935 -0.04769 -0.04616 -0.0057025 -0.0058 3.5e-05 1.25e-05 5e-06 2.5e-06 2.5e-06 2.5e-06 0 0 0 0 0 0 0 0 
1 0.79012 0.613637 0.464305 0.339053 0.233567 0.145485 0.0741475 0.02135 -0.013275 -0.0336225 -0.043435 -0.0477325 -0.049305 -0.0230525 3.75e-05 1e-05 2.5e-06 0 0 0 0 0 0 0 0 0 0 0 0 
1 0.788422 0.610445 0.459325 0.33381 0.228895 0.140737 0.0717325 0.0192225 -0.0149 -0.033895 -0.04312 -0.0471675 -0.0488275 -0.0443725 7.5e-05 4.5e-05 2.5e-05 1e-05 5e-06 5e-06 2.5e-06 0 0 0 0 0 0 0 0 
1 0.78918 0.61294 0.46298 0.338183 0.232687 0.14456 0.0733675 0.0208925 -0.01379 -0.03331 -0.0428 -0.0470125 -0.04875 -0.045445 -0.0215025 1.5e-05 7.5e-06 0 0 0 0 0 0 0 0 0 0 0 0 
1 0.787012 0.607142 0.457328 0.331873 0.226552 0.139115 0.0694325 0.0181975 -0.0154275 -0.034505 -0.0434575 -0.047415 -0.04909 -0.034985 6e-05 2e-05 1e-05 5e-06 2.5e-06 2.5e-06 0 0 0 0 0 0 0 0 0 
1 0.788667 0.611195 0.460807 0.335168 0.229132 0.140575 0.0704275 0.01783 -0.015985 -0.0354325 -0.0444725 -0.0481825 -0.0494475 -0.0498675 2.75e-05 1.25e-05 7.5e-06 2.5e-06 0 0 0 0 0 0 0 0 0 0 0 
1 0.78786 0.61162 0.46279 0.336533 0.230302 0.14136 0.07044 0.018545 -0.01485 -0.0340775 -0.0435725 -0.04767 -0.0492175 -0.025685 7e-05 4.5e-05 2.5e-05 1.25e-05 7.5e-06 2.5e-06 0 0 0 0 0 0 0 0 0 
1 0.787855 0.608915 0.458798 0.333163 0.227102 0.1399 0.069785 0.0177925 -0.0157125 -0.0347 -0.0438825 -0.0478025 -0.0491825 -0.0455575 -0.04573 -0.0458 1e-05 1e-05 5e-06 5e-06 2.5e-06 0 0 0 0 0 0 0 0 
1 0.790932 0.614522 0.466052 0.340988 0.235305 0.146702 0.07492 0.0211975 -0.01364 -0.0333825 -0.0435725 -0.0477475 -0.0287825 -0.024095 -0.0242225 1.25e-05 7.5e-06 2.5e-06 2.5e-06 0 0 0 0 0 0 0 0 0 0 
1 0.789477 0.611685 0.462355 0.33685 0.231517 0.142932 0.072225 0.019655 -0.0137975 -0.0334425 -0.04291 -0.04733 -0.0410275 -0.0333075 -0.0252075 2.25e-05 1.25e-05 2.5e-06 0 0 0 0 0 0 0 0 0 0 0 
1 0.790352 0.61413 0.46545 0.340845 0.235097 0.146157 0.0745675 0.02036 -0.0150225 -0.03485 -0.04424 -0.048085 -0.0493525 -0.0357975 5.25e-05 3e-05 7.5e-06 5e-06 2.5e-06 0 0 0 0 0 0 0 0 0 0 
1 0.789522 0.61251 0.464355 0.340258 0.235005 0.147192 0.0762775 0.022465 -0.0129 -0.0334 -0.0435325 -0.0477775 -0.0492975 -0.0498325 2.5e-05 1e-05 2.5e-06 2.5e-06 0 0 0 0 0 0 0 0 0 0 0 
1 0.788052 0.609165 0.457403 0.330985 0.226137 0.138917 0.0693675 0.017695 -0.0157025 -0.0344775 -0.043785 -0.04775 -0.04919 -0.049735 4.5e-05 7.5e-06 2.5e-06 2.5e-06 0 0 0 0 0 0 0 0 0 0 0 
1 0.79035 0.612715 0.463215 0.33717 0.231027 0.142715 0.07146 0.019095 -0.01498 -0.034285 -0.043995 -0.0478175 -0.0493575 -0.04984 -0.049985 0 0 0 0 0 0 0 0 0 0 0 0 0 0 
1 0.790807 0.613997 0.466565 0.341778 0.235485 0.146857 0.0757325 0.0223025 -0.012725 -0.032945 -0.042845 -0.047335 -0.049055 -0.0496675 -0.0493325 5.75e-05 4.25e-05 3e-05 2.5e-05 1.5e-05 1e-05 7.5e-06 5e-06 2.5e-06 2.5e-06 0 0 0 0 
1 0.790102 0.614642 0.466992 0.341538 0.235297 0.14628 0.075375 0.022755 -0.0124675 -0.032545 -0.042895 -0.0474625 -0.04912 -0.008635 -0.0087525 2.75e-05 1.75e-05 5e-06 2.5e-06 2.5e-06 0 0 0 0 0 0 0 0 0 
1 0.788697 0.609632 0.460085 0.33353 0.227337 0.139865 0.0699025 0.01767 -0.016245 -0.0351925 -0.04406 -0.0477175 -0.049055 -0.03406 -0.0342775 -0.0343625 1e-05 0 0 0 0 0 0 0 0 0 0 0 0 
1 0.788242 0.61239 0.46409 0.339605 0.23419 0.146185 0.074015 0.021135 -0.01368 -0.03356 -0.0431425 -0.0474825 -0.0491825 -0.0344025 2.25e-05 2.5e-06 0 0 0 0 0 0 0 0 0 0 0 0 0 
1 0.78929 0.612612 0.46269 0.33656 0.230037 0.142145 0.0715375 0.0193625 -0.01482 -0.034165 -0.0439 -0.0478725 -0.0494125 -0.0498125 2.5e-05 1.25e-05 2.5e-06 0 0 0 0 0 0 0 0 0 0 0 0 
1 0.786487 0.60849 0.45802 0.33194 0.225372 0.137015 0.066445 0.01554 -0.0170475 -0.0354 -0.0440825 -0.0477025 -0.0491675 -0.02805 4.25e-05 1.75e-05 5e-06 0 0 0 0 0 0 0 0 0 0 0 0 
1 0.788957 0.610962 0.460873 0.334848 0.228692 0.14008 0.070055 0.018095 -0.015395 -0.034565 -0.0439075 -0.047985 -0.0493425 -0.0497975 -0.049925 1.25e-05 5e-06 0 0 0 0 0 0 0 0 0 0 0 0 
1 0.787512 0.60907 0.459833 0.335365 0.230222 0.142947 0.0725775 0.0203925 -0.0139125 -0.0331625 -0.0429775 -0.0474575 -0.0492575 -0.04979 -0.0499575 2.5e-06 0 0 0 0 0 0 0 0 0 0 0 0 0 
1 0.788292 0.610675 0.460755 0.33424 0.228345 0.139415 0.06864 0.017335 -0.016025 -0.03483 -0.044035 -0.047885 -0.0370975 9.25e-05 2e-05 7.5e-06 2.5e-06 0 0 0 0 0 0 0 0 0 0 0 0 
1 0.790055 0.613345 0.46482 0.339163 0.23362 0.144 0.0729725 0.0201875 -0.0141325 -0.0338425 -0.0436275 -0.047515 -0.0491525 -0.03798 5.75e-05 2.75e-05 1e-05 5e-06 2.5e-06 0 0 0 0 0 0 0 0 0 0 
1 0.789935 0.614272 0.465888 0.34049 0.2342 0.145922 0.074215 0.0211875 -0.013925 -0.03424 -0.04409 -0.0481475 -0.041315 7e-05 3.5e-05 1.5e-05 7.5e-06 2.5e-06 0 0 0 0 0 0 0 0 0 0 0 
1 0.789715 0.612395 0.463815 0.337828 0.231255 0.142732 0.070935 0.017895 -0.0156225 -0.034865 -0.0439975 -0.04781 -0.0485575 -0.014265 -0.0143975 -0.0144525 2.25e-05 1.5e-05 1e-05 2.5e-06 0 0 0 0 0 0 0 0 0 
1 0.789787 0.613162 0.463085 0.336263 0.22967 0.141172 0.07007 0.0176825 -0.0164175 -0.0353225 -0.044505 -0.048125 -0.046685 -0.0313475 4.5e-05 2.25e-05 5e-06 0 0 0 0 0 0 0 0 0 0 0 0 
1 0.79115 0.614087 0.465138 0.33912 0.232635 0.14333 0.072035 0.018975 -0.0154875 -0.03427 -0.0436225 -0.04756 -0.036125 -0.017955 0.000125 6.25e-05 2.5e-05 1e-05 2.5e-06 0 0 0 0 0 0 0 0 0 0 
1 0.79158 0.615902 0.467905 0.342833 0.238132 0.14974 0.077305 0.0232125 -0.012785 -0.0334725 -0.0434975 -0.0477175 -0.04931 0.0001175 6.5e-05 2.75e-05 1e-05 0 0 0 0 0 0 0 0 0 0 0 0 
1 0.79056 0.614522 0.466045 0.339743 0.23382 0.14538 0.07431 0.0207725 -0.01333 -0.0334225 -0.04321 -0.04758 -0.04481 0.000125 6.75e-05 3e-05 1e-05 2.5e-06 0 0 0 0 0 0 0 0 0 0 0 
1 0.788722 0.611747 0.463025 0.336025 0.23037 0.142127 0.0714475 0.0198025 -0.0141325 -0.033805 -0.043645 -0.04779 -0.04591 9.75e-05 3.5e-05 1.25e-05 7.5e-06 2.5e-06 0 0 0 0 0 0 0 0 0 0 0 
1 0.789675 0.612395 0.462872 0.336748 0.23146 0.143997 0.0730325 0.020005 -0.01452 -0.0341475 -0.0438425 -0.047795 -0.0492975 -0.0402525 -0.0403925 2e-05 1e-05 7.5e-06 0 0 0 0 0 0 0 0 0 0 0 
1 0.790402 0.612535 0.464215 0.339048 0.233147 0.144442 0.073635 0.02099 -0.0131725 -0.03307 -0.042825 -0.04731 -0.0480975 -0.03721 6.5e-05 3.25e-05 2.5e-05 1.75e-05 5e-06 2.5e-06 2.5e-06 2.5e-06 0 0 0 0 0 0 0 
1 0.788537 0.610352 0.46003 0.333525 0.228215 0.139457 0.068195 0.01535 -0.018315 -0.03614 -0.0446375 -0.0480675 -0.0493425 -0.0498625 2.5e-05 1.25e-05 7.5e-06 2.5e-06 2.5e-06 0 0 0 0 0 0 0 0 0 0 
