1 0.949515 0.85838 0.715182 0.524695 0.32534 0.16948 0.076155 0.03039 0.011345 0.0044675 0.00191 0.000745 0.0002725 5.75e-05 5e-06 0 0 0 0 
1 0.949932 0.860902 0.719692 0.530277 0.33535 0.181472 0.08682 0.03738 0.0149925 0.005425 0.00163 0.0004 8e-05 1e-05 0 0 0 0 0 
1 0.9518 0.865757 0.728585 0.544425 0.347957 0.190695 0.09096 0.0400625 0.0169375 0.00693 0.0026075 0.0008075 0.00015 1.5e-05 0 0 0 0 0 
1 0.94966 0.86114 0.718832 0.53101 0.335917 0.181072 0.08442 0.03398 0.01157 0.0031875 0.000505 3.75e-05 5e-06 0 0 0 0 0 0 
1 0.949002 0.85751 0.71322 0.521785 0.32312 0.167635 0.075565 0.0293675 0.00997 0.002935 0.0007775 0.000155 2.25e-05 5e-06 0 0 0 0 0 
1 0.95181 0.864922 0.724655 0.537418 0.341177 0.18604 0.0895775 0.04039 0.0170875 0.006765 0.0026175 0.00098 0.0003975 0.000125 2.5e-05 0 0 0 0 
1 0.950885 0.86396 0.724585 0.538138 0.34026 0.181362 0.081185 0.0323275 0.012315 0.0044775 0.001625 0.000475 7.25e-05 0 0 0 0 0 0 
1 0.949872 0.861185 0.721572 0.53502 0.342915 0.190917 0.09298 0.0413925 0.0180275 0.0082 0.00352 0.00123 0.00034 7.5e-05 7.5e-06 0 0 0 0 
1 0.949377 0.859672 0.717087 0.526923 0.3292 0.17246 0.0788425 0.0326925 0.012845 0.00525 0.002375 0.00124 0.00061 0.00024 7.75e-05 2.5e-05 2.5e-06 0 0 
1 0.952627 0.86741 0.731702 0.545453 0.347538 0.188487 0.088655 0.0370175 0.01299 0.0035925 0.00063 9.25e-05 1.25e-05 0 0 0 0 0 0 
1 0.95098 0.864772 0.728137 0.54381 0.349367 0.19094 0.0923325 0.0405 0.016265 0.0058775 0.0016575 0.0003825 5e-05 0 0 0 0 0 0 
1 0.947462 0.8544 0.706452 0.510203 0.309237 0.154387 0.0663 0.025685 0.0099625 0.0038525 0.00156 0.0004825 0.0001475 3e-05 5e-06 0 0 0 0 
1 0.948467 0.856002 0.711672 0.519905 0.323617 0.17158 0.0792625 0.033065 0.0122375 0.0036825 0.0008425 0.00013 7.5e-06 2.5e-06 0 0 0 0 0 
1 0.948622 0.857437 0.713172 0.521723 0.32549 0.170382 0.0758925 0.0294025 0.0098275 0.00282 0.000675 0.0001025 1.5e-05 0 0 0 0 0 0 
1 0.950727 0.863262 0.722877 0.53647 0.342578 0.188747 0.09188 0.040085 0.0157525 0.0053975 0.0014 0.0002475 1.75e-05 0 0 0 0 0 0 
1 0.95226 0.8664 0.729025 0.54541 0.349315 0.190797 0.0908275 0.0388425 0.01663 0.007515 0.00368 0.00184 0.00085 0.0003125 5.75e-05 0 0 0 0 
1 0.95027 0.863597 0.724615 0.538077 0.340955 0.182205 0.08269 0.0315125 0.0100775 0.002675 0.0007425 0.0001475 1e-05 0 0 0 0 0 0 
1 0.948962 0.858675 0.715212 0.52825 0.33643 0.183975 0.0891975 0.03981 0.0163 0.0062275 0.0022925 0.000875 0.0003775 0.000175 5.5e-05 5e-06 0 0 0 
1 0.951182 0.862175 0.721282 0.534228 0.33763 0.179557 0.082555 0.0356425 0.016 0.008225 0.00448 0.0027075 0.0016125 0.00084 0.0003625 0.0001325 3.75e-05 0 0 
1 0.950675 0.86249 0.72217 0.53532 0.34011 0.186355 0.08953 0.0389825 0.0159925 0.00643 0.0022925 0.0005975 0.0001 5e-06 0 0 0 0 0 
1 0.951572 0.864635 0.726202 0.53986 0.343152 0.18575 0.087675 0.03634 0.0132725 0.004345 0.001345 0.0003325 3.75e-05 7.5e-06 5e-06 0 0 0 0 
1 0.951335 0.864307 0.72605 0.53983 0.343948 0.1866 0.0858875 0.0342325 0.012045 0.0036975 0.0010025 0.00026 2.5e-05 0 0 0 0 0 0 
1 0.949877 0.860742 0.719022 0.530428 0.33464 0.180642 0.085345 0.0372875 0.015225 0.0056875 0.00198 0.000585 0.0001175 2.5e-06 0 0 0 0 0 
1 0.950645 0.862212 0.72161 0.533278 0.335863 0.176355 0.078485 0.0314225 0.012095 0.0047875 0.00187 0.00085 0.000305 0.00011 3.5e-05 0 0 0 0 
1 0.949757 0.86042 0.717 0.527948 0.330458 0.173672 0.0767475 0.02897 0.0086275 0.0018275 0.0002475 2e-05 0 0 0 0 0 0 0 
1 0.950637 0.862747 0.71983 0.532597 0.337423 0.184325 0.089975 0.03972 0.0155425 0.005385 0.0016125 0.0004075 6e-05 2.5e-06 0 0 0 0 0 
1 0.953385 0.868787 0.734085 0.552207 0.357208 0.197345 0.09264 0.037835 0.0135825 0.0046575 0.0013375 0.000275 3.25e-05 7.5e-06 0 0 0 0 0 
1 0.949737 0.860147 0.717735 0.530133 0.336835 0.183252 0.0882225 0.03899 0.0162375 0.0065875 0.002625 0.0008225 0.00014 5e-06 0 0 0 0 0 
1 0.95019 0.860777 0.719497 0.53059 0.335655 0.182847 0.0867575 0.0368725 0.0147525 0.0059225 0.0023475 0.000745 0.000155 5e-06 0 0 0 0 0 
1 0.948362 0.85777 0.712665 0.522913 0.327845 0.17397 0.08069 0.033415 0.0125225 0.0042575 0.001245 0.000285 4e-05 0 0 0 0 0 0 
1 0.948777 0.85727 0.71246 0.519738 0.321565 0.165752 0.072045 0.027125 0.0087175 0.00252 0.000635 0.000125 1.25e-05 2.5e-06 0 0 0 0 0 
1 0.951265 0.86611 0.728675 0.54337 0.348872 0.19115 0.09332 0.04292 0.02014 0.00944 0.004605 0.0022825 0.0010425 0.000425 0.000135 1.25e-05 0 0 0 
1 0.949195 0.858632 0.71531 0.52628 0.330108 0.17523 0.08132 0.0345025 0.013995 0.0056775 0.00244 0.000985 0.0004025 0.0001675 6e-05 1.25e-05 2.5e-06 0 0 
1 0.94898 0.85976 0.71629 0.526075 0.32924 0.172872 0.077605 0.0301475 0.01029 0.0028775 0.0006975 0.0001 5e-06 0 0 0 0 0 0 
1 0.94873 0.858742 0.714747 0.523363 0.324735 0.1702 0.0782975 0.033845 0.014715 0.00624 0.0022525 0.00063 0.000125 2.75e-05 2.5e-06 0 0 0 0 
1 0.951625 0.866825 0.729665 0.54479 0.349785 0.193185 0.0950875 0.04349 0.01968 0.0089625 0.00364 0.0011025 0.000255 3.5e-05 2.5e-06 0 0 0 0 
1 0.95038 0.862547 0.72042 0.530468 0.33148 0.175282 0.081 0.034525 0.0144675 0.00608 0.0023275 0.0008 0.0002 5e-06 0 0 0 0 0 
1 0.949462 0.85945 0.716702 0.529305 0.331018 0.17474 0.0788775 0.0307575 0.0100175 0.0026725 0.0004775 5.5e-05 5e-06 0 0 0 0 0 0 
1 0.950497 0.862555 0.722752 0.535607 0.33887 0.179975 0.0817725 0.0326525 0.0116125 0.0034 0.0006625 8.5e-05 2.5e-06 0 0 0 0 0 0 
1 0.951292 0.863557 0.723525 0.53817 0.344255 0.186915 0.089595 0.0389175 0.0155475 0.00555 0.0016075 0.00043 9e-05 7.5e-06 0 0 0 0 0 
1 0.948697 0.85868 0.71315 0.520933 0.321642 0.165932 0.071845 0.026965 0.008865 0.0024775 0.000585 0.000105 7.5e-06 0 0 0 0 0 0 
1 0.948142 0.855722 0.709117 0.515625 0.317922 0.164865 0.07396 0.0298875 0.01094 0.00379 0.0011375 0.00024 2.25e-05 0 0 0 0 0 0 
1 0.950652 0.861842 0.719115 0.529105 0.330453 0.173562 0.07641 0.02828 0.0094275 0.0030375 0.0009675 0.0002825 4.75e-05 7.5e-06 0 0 0 0 0 
1 0.949167 0.85963 0.7165 0.52658 0.330005 0.17505 0.0808525 0.0340025 0.01334 0.0050025 0.00173 0.0005375 0.0001475 2.75e-05 0 0 0 0 0 
1 0.948395 0.8574 0.713502 0.52324 0.324935 0.172305 0.0783625 0.032295 0.0125225 0.0041875 0.0011575 0.0002325 4.5e-05 5e-06 2.5e-06 0 0 0 0 
1 0.949247 0.859645 0.71733 0.529043 0.33212 0.173617 0.0767525 0.0299125 0.01054 0.0035525 0.0011375 0.0002475 5.25e-05 0 0 0 0 0 0 
1 0.9501 0.861115 0.719005 0.52895 0.32997 0.17399 0.0785875 0.0321825 0.0122325 0.0046975 0.0016 0.0004575 0.000115 1.5e-05 5e-06 0 0 0 0 
1 0.94977 0.860267 0.717385 0.527118 0.329543 0.174465 0.07929 0.0316275 0.0117325 0.003765 0.000925 0.0001775 3e-05 0 0 0 0 0 0 
1 0.952827 0.86823 0.733765 0.553545 0.360945 0.201672 0.096895 0.0404525 0.0145575 0.0048425 0.0012325 0.000255 1.5e-05 0 0 0 0 0 0 
1 0.94922 0.86048 0.719032 0.531738 0.33634 0.180472 0.0822225 0.0327225 0.01167 0.003475 0.0008575 0.000195 4.25e-05 5e-06 0 0 0 0 0 
1 0.954622 0.873857 0.74512 0.568097 0.378353 0.21797 0.110963 0.0514 0.0217775 0.00772 0.0023425 0.0005075 6.5e-05 2.5e-06 0 0 0 0 0 
1 0.95011 0.86096 0.720455 0.531755 0.33924 0.186472 0.0923425 0.0425375 0.01923 0.0091625 0.004255 0.002025 0.000865 0.000315 9e-05 1e-05 5e-06 0 0 
1 0.950565 0.861977 0.720805 0.532263 0.33328 0.173995 0.0765225 0.0296475 0.010575 0.003455 0.0011375 0.0004425 0.000135 2.5e-05 2.5e-06 0 0 0 0 
1 0.950797 0.86079 0.718987 0.53153 0.3351 0.17984 0.0843225 0.0357125 0.01428 0.00563 0.002135 0.000755 0.0002175 5.5e-05 1e-05 0 0 0 0 
1 0.949677 0.859805 0.716552 0.526663 0.32921 0.17444 0.0806125 0.0329975 0.0118 0.0037825 0.0011475 0.0002925 4.5e-05 2.5e-06 0 0 0 0 0 
1 0.94884 0.85827 0.714472 0.523853 0.326283 0.171815 0.07786 0.0315325 0.0116975 0.0045225 0.0019725 0.0008775 0.000325 0.0001 3e-05 2.5e-06 0 0 0 
1 0.95059 0.863477 0.724957 0.537925 0.34093 0.183052 0.085065 0.035165 0.012515 0.0038775 0.0008425 0.000155 3.25e-05 1e-05 0 0 0 0 0 
1 0.947267 0.853365 0.705347 0.511025 0.31312 0.160515 0.071055 0.02893 0.0111325 0.0042575 0.0014675 0.00037 5.5e-05 1e-05 0 0 0 0 0 
1 0.952567 0.86593 0.728945 0.543253 0.347943 0.189197 0.0896625 0.0377275 0.0143425 0.0047475 0.001425 0.0003975 7.5e-05 2.5e-06 0 0 0 0 0 
1 0.951742 0.86567 0.727042 0.540225 0.34177 0.182595 0.083825 0.03411 0.012455 0.00403 0.001235 0.000265 4.5e-05 7.5e-06 0 0 0 0 0 
1 0.950395 0.861975 0.721392 0.534748 0.337882 0.180895 0.0843925 0.0357375 0.0132725 0.0040975 0.001165 0.00027 4e-05 2.5e-06 0 0 0 0 0 
1 0.947887 0.85475 0.706317 0.511523 0.31101 0.156218 0.0644725 0.0223475 0.0068025 0.00176 0.000425 7.5e-05 1.25e-05 0 0 0 0 0 0 
1 0.95185 0.865567 0.72701 0.539515 0.33958 0.17895 0.0792075 0.0293075 0.0089275 0.002275 0.0004875 7.75e-05 1e-05 0 0 0 0 0 0 
1 0.948295 0.855807 0.709277 0.517753 0.323577 0.174132 0.0809275 0.03305 0.012055 0.0041325 0.001495 0.000485 0.0001075 1.5e-05 0 0 0 0 0 
1 0.949735 0.860102 0.716792 0.524585 0.325005 0.168317 0.0747675 0.0292275 0.009395 0.00232 0.0003175 3e-05 5e-06 0 0 0 0 0 0 
1 0.950197 0.861632 0.719337 0.528945 0.330502 0.177162 0.0828125 0.035725 0.01403 0.00499 0.0013975 0.000255 3.5e-05 2.5e-06 0 0 0 0 0 
1 0.951322 0.864065 0.723697 0.536865 0.340038 0.183137 0.0855025 0.0356275 0.0133375 0.0045825 0.001705 0.0006125 0.00026 0.0001 2.25e-05 0 0 0 0 
1 0.953537 0.870635 0.73629 0.553662 0.356245 0.19471 0.091395 0.04032 0.0171025 0.007305 0.0033175 0.0014825 0.000485 8.75e-05 2.5e-06 0 0 0 0 
1 0.952397 0.868922 0.73302 0.549598 0.356318 0.19757 0.0955425 0.041055 0.0157825 0.00556 0.0017325 0.0005225 0.0001375 1.25e-05 0 0 0 0 0 
1 0.948742 0.857482 0.71238 0.52038 0.321995 0.1659 0.0739525 0.0295175 0.01063 0.0036925 0.0011375 0.00027 4.25e-05 7.5e-06 0 0 0 0 0 
1 0.951187 0.864192 0.725402 0.538233 0.341835 0.184022 0.086 0.0352125 0.0130875 0.0040825 0.0010375 0.00012 1.5e-05 2.5e-06 0 0 0 0 0 
1 0.949732 0.86059 0.717375 0.52508 0.32646 0.169897 0.0751425 0.029065 0.010085 0.003015 0.0007425 0.000175 3.25e-05 5e-06 0 0 0 0 0 
1 0.949887 0.861065 0.719107 0.52832 0.329868 0.175875 0.0830125 0.03696 0.01544 0.0063725 0.0023525 0.0006925 0.0001525 3e-05 0 0 0 0 0 
1 0.95076 0.863175 0.723305 0.53412 0.336003 0.17828 0.0821025 0.035015 0.0142025 0.0053725 0.001755 0.0005375 0.0001275 1e-05 0 0 0 0 0 
1 0.950827 0.862992 0.722027 0.534432 0.338445 0.179967 0.0837375 0.0362175 0.0160725 0.0073775 0.0032525 0.001435 0.00053 0.0001375 1.5e-05 2.5e-06 0 0 0 
1 0.94994 0.862007 0.720702 0.53221 0.337138 0.17978 0.0822625 0.03191 0.0102275 0.0024675 0.000425 7e-05 2.5e-06 0 0 0 0 0 0 
1 0.9516 0.86459 0.725082 0.537305 0.338693 0.180365 0.0828825 0.0339825 0.012885 0.0041625 0.0014 0.00047 0.000145 2.25e-05 7.5e-06 0 0 0 0 
1 0.95041 0.863002 0.723072 0.53657 0.34138 0.18531 0.0879275 0.0369875 0.0137975 0.0042325 0.0009875 0.0002025 2.25e-05 0 0 0 0 0 0 
1 0.95142 0.864377 0.725892 0.53993 0.3444 0.188287 0.09037 0.0392825 0.0152375 0.0052525 0.001445 0.00036 4.5e-05 0 0 0 0 0 0 
1 0.949692 0.860665 0.719032 0.530927 0.334847 0.181995 0.08765 0.04035 0.01926 0.0100675 0.005615 0.003265 0.001785 0.00094 0.00039 0.00012 2.25e-05 0 0 
1 0.948555 0.858192 0.713737 0.520635 0.323622 0.172105 0.080265 0.0351025 0.014645 0.0058175 0.002215 0.0007675 0.0001675 2e-05 2.5e-06 0 0 0 0 
1 0.94967 0.860017 0.71724 0.525753 0.328227 0.172627 0.0771625 0.0296125 0.010095 0.0031125 0.000725 0.00011 5e-06 0 0 0 0 0 0 
1 0.947632 0.855937 0.709905 0.51769 0.319447 0.168862 0.0777525 0.0322975 0.0129225 0.005125 0.002125 0.000945 0.0002875 4.5e-05 2.5e-06 0 0 0 0 
1 0.950205 0.8609 0.718617 0.526905 0.329148 0.17584 0.082095 0.035015 0.0135325 0.00454 0.0013325 0.00028 6.25e-05 5e-06 0 0 0 0 0 
1 0.948912 0.85635 0.71044 0.520053 0.326705 0.17772 0.0867575 0.0390425 0.016285 0.0062225 0.002175 0.00066 0.0001575 3e-05 0 0 0 0 0 
1 0.951075 0.864755 0.72566 0.539747 0.343365 0.186032 0.0868 0.035335 0.013205 0.005205 0.0023975 0.0008825 0.000215 3.5e-05 7.5e-06 0 0 0 0 
1 0.950505 0.861925 0.721287 0.532238 0.333038 0.175345 0.07857 0.0305475 0.009975 0.002675 0.000685 0.0001825 2.75e-05 7.5e-06 0 0 0 0 0 
1 0.950407 0.8623 0.721832 0.532708 0.334593 0.174677 0.0778125 0.0298625 0.0104025 0.0031725 0.00095 0.000345 0.0001175 4e-05 5e-06 0 0 0 0 
1 0.949112 0.85961 0.717585 0.528803 0.334102 0.181135 0.085425 0.03543 0.013025 0.004395 0.0015475 0.000615 0.0002325 5e-05 2.5e-06 2.5e-06 0 0 0 
1 0.950245 0.861252 0.720347 0.532698 0.339982 0.186327 0.09018 0.0400525 0.016595 0.0067875 0.002935 0.0012325 0.000455 0.0001075 1.5e-05 0 0 0 0 
1 0.95031 0.861277 0.718462 0.529635 0.33567 0.182147 0.0883775 0.0401425 0.018295 0.0082725 0.00423 0.0022025 0.0009475 0.000325 6.75e-05 5e-06 0 0 0 
1 0.949562 0.858937 0.715342 0.524835 0.327395 0.17285 0.0804575 0.0339275 0.01376 0.0051975 0.0017175 0.00045 8e-05 5e-06 0 0 0 0 0 
1 0.948127 0.856515 0.710812 0.516128 0.316662 0.163015 0.07198 0.0279225 0.009975 0.00298 0.0007 0.0001125 1e-05 5e-06 0 0 0 0 0 
1 0.950395 0.862107 0.721387 0.532035 0.333947 0.175652 0.07657 0.027045 0.0078875 0.0016925 0.000235 2.75e-05 0 0 0 0 0 0 0 
1 0.951075 0.864685 0.725565 0.540638 0.34359 0.185315 0.087215 0.03681 0.014 0.004635 0.0012825 0.0002125 2.25e-05 0 0 0 0 0 0 
1 0.950122 0.860747 0.719275 0.5314 0.337053 0.179962 0.081665 0.03376 0.013665 0.0060875 0.0028975 0.00149 0.0008125 0.0004225 0.00014 3.25e-05 5e-06 0 0 
1 0.951617 0.866465 0.730757 0.549748 0.35777 0.200595 0.09762 0.0420225 0.016075 0.0058075 0.00243 0.00127 0.00067 0.0002825 5.75e-05 7.5e-06 0 0 0 
1 0.952395 0.868105 0.731755 0.548358 0.35401 0.195107 0.0942725 0.04262 0.0185425 0.0086325 0.0042175 0.001945 0.00081 0.000295 9e-05 2.25e-05 5e-06 0 0 
1 0.948705 0.858032 0.714197 0.524053 0.327957 0.173522 0.078645 0.0322125 0.0124125 0.0048 0.00186 0.0006775 0.0002225 2.25e-05 5e-06 0 0 0 0 
1 0.951115 0.864357 0.725192 0.537663 0.338697 0.179397 0.08211 0.03407 0.0136225 0.0049375 0.0015725 0.00033 3.25e-05 0 0 0 0 0 0 
1 0.949052 0.858827 0.71539 0.524025 0.325977 0.170232 0.0759375 0.02955 0.0100925 0.0033125 0.00116 0.000365 0.000105 2.75e-05 7.5e-06 0 0 0 0 
1 0.948922 0.858327 0.713372 0.52451 0.329515 0.175382 0.08273 0.0361025 0.0162125 0.00766 0.0038475 0.0018325 0.0007025 0.0002325 5e-05 2.5e-06 0 0 0 
1 0.947752 0.855137 0.708502 0.516533 0.319627 0.167207 0.077 0.0331525 0.0139 0.005705 0.0024375 0.001025 0.0003725 9.25e-05 1e-05 0 0 0 0 
1 0.95029 0.861407 0.719957 0.53201 0.337655 0.182975 0.0878275 0.03836 0.0151625 0.0051875 0.001305 0.0002 1.75e-05 7.5e-06 0 0 0 0 0 
1 0.952387 0.867055 0.729432 0.543418 0.3478 0.189715 0.088535 0.03682 0.01304 0.00398 0.0009325 0.0001625 2.5e-05 5e-06 0 0 0 0 0 
1 0.95265 0.868417 0.732492 0.550695 0.358388 0.204052 0.104135 0.049745 0.0232975 0.0109875 0.005075 0.0024025 0.0010225 0.0003475 9.25e-05 7.5e-06 0 0 0 
1 0.95196 0.865035 0.727522 0.54095 0.344158 0.18546 0.0859125 0.035035 0.01237 0.0037075 0.00073 8e-05 1e-05 2.5e-06 0 0 0 0 0 
1 0.949945 0.860552 0.718467 0.52946 0.33475 0.180532 0.0861125 0.038275 0.01642 0.0071375 0.0032175 0.001515 0.0006875 0.0003175 8.75e-05 1e-05 0 0 0 
1 0.948902 0.85734 0.714047 0.521935 0.325073 0.168637 0.076425 0.0315075 0.01189 0.0038375 0.0009075 0.0001375 5e-06 0 0 0 0 0 0 
1 0.949897 0.86007 0.717345 0.526763 0.332492 0.1795 0.085715 0.0379225 0.01558 0.0061575 0.002335 0.0007575 0.00032 0.0001225 4.75e-05 1e-05 2.5e-06 0 0 
1 0.949197 0.859115 0.716397 0.528065 0.332795 0.177425 0.082345 0.0334975 0.012135 0.00448 0.0018125 0.000745 0.000215 4.75e-05 0 0 0 0 0 
1 0.949417 0.86025 0.718505 0.529713 0.332785 0.17848 0.0829925 0.03468 0.0132225 0.004455 0.00128 0.0002825 4.5e-05 2.5e-06 2.5e-06 0 0 0 0 
1 0.949792 0.861205 0.71811 0.527505 0.328202 0.171617 0.0767925 0.0309475 0.0117325 0.0037775 0.0009225 0.000185 1.75e-05 0 0 0 0 0 0 
1 0.950635 0.862545 0.722955 0.533673 0.334697 0.175485 0.0778775 0.030755 0.011425 0.00427 0.001455 0.0003925 6e-05 1e-05 0 0 0 0 0 
1 0.948595 0.856882 0.710882 0.51738 0.319275 0.166467 0.0728875 0.0271675 0.0082675 0.001945 0.0002925 2.75e-05 7.5e-06 2.5e-06 0 0 0 0 0 
1 0.95233 0.866862 0.72923 0.54257 0.342505 0.180075 0.0801575 0.0307675 0.01068 0.00325 0.0009225 0.0001525 5e-06 0 0 0 0 0 0 
1 0.94923 0.859127 0.713867 0.52313 0.326117 0.17007 0.07434 0.0273975 0.0087825 0.0024575 0.0006175 0.0002025 5.25e-05 1.25e-05 0 0 0 0 0 
1 0.9474 0.854307 0.70439 0.508463 0.309987 0.156365 0.066175 0.023455 0.0064625 0.00121 0.000165 1.5e-05 0 0 0 0 0 0 0 
1 0.949975 0.86129 0.72016 0.530238 0.334247 0.178817 0.08375 0.036415 0.015875 0.0071125 0.0037325 0.0021125 0.0010775 0.0003825 6.75e-05 2.5e-06 0 0 0 
1 0.951252 0.86555 0.726245 0.53938 0.345415 0.188945 0.0901025 0.037665 0.01427 0.0051425 0.0020775 0.00089 0.0004025 0.0001275 2.25e-05 0 0 0 0 
1 0.95159 0.86493 0.725247 0.538033 0.340522 0.181347 0.0840375 0.0357425 0.01448 0.0058025 0.00227 0.0009425 0.00026 3.5e-05 5e-06 0 0 0 0 
1 0.950485 0.863117 0.72176 0.53394 0.339765 0.184995 0.0880925 0.0383125 0.0149675 0.005155 0.0015375 0.000465 0.0001025 1.25e-05 2.5e-06 0 0 0 0 
1 0.95038 0.862732 0.721255 0.531763 0.330292 0.17097 0.0748575 0.0285475 0.0098275 0.0030975 0.0007975 0.0001325 7.5e-06 2.5e-06 0 0 0 0 0 
1 0.948667 0.85907 0.717192 0.528395 0.330747 0.175697 0.0828125 0.03587 0.0145925 0.0054425 0.0017575 0.0005575 0.0001525 3e-05 7.5e-06 0 0 0 0 
1 0.950587 0.863105 0.722555 0.53602 0.340785 0.18348 0.0860075 0.0361125 0.0140325 0.00575 0.00281 0.001585 0.0008275 0.00037 8.5e-05 5e-06 0 0 0 
1 0.94878 0.85828 0.714335 0.523188 0.32504 0.17123 0.078635 0.0323475 0.0124375 0.00459 0.00161 0.00052 7.75e-05 2.5e-06 0 0 0 0 0 
1 0.949137 0.85976 0.715795 0.52455 0.325858 0.169822 0.076045 0.0303375 0.010375 0.0030775 0.0007625 8.25e-05 2.5e-06 2.5e-06 0 0 0 0 0 
1 0.950387 0.861527 0.720225 0.53316 0.335573 0.17812 0.079975 0.03065 0.01056 0.0036275 0.0015275 0.000795 0.00042 0.000195 8e-05 3.5e-05 1e-05 0 0 
1 0.953355 0.871095 0.737865 0.556925 0.362632 0.20348 0.097465 0.040705 0.0144375 0.004345 0.001045 0.0002075 1.75e-05 0 0 0 0 0 0 
1 0.947807 0.85547 0.709107 0.51595 0.315397 0.161022 0.069065 0.025305 0.00815 0.0022775 0.0004925 6.5e-05 2.5e-06 1.38778e-17 0 0 0 0 0 
1 0.950715 0.863 0.720975 0.532727 0.336692 0.180792 0.08669 0.038405 0.0157825 0.0062975 0.002515 0.0009025 0.000205 4e-05 0 0 0 0 0 
1 0.95177 0.865375 0.727942 0.54444 0.35015 0.1923 0.0923425 0.03925 0.01467 0.00449 0.0010575 0.000175 1e-05 0 0 0 0 0 0 
1 0.948645 0.85602 0.71049 0.51646 0.318062 0.163922 0.0728425 0.0284925 0.0102525 0.0035925 0.0012975 0.0004425 0.0001275 2e-05 2.5e-06 0 0 0 0 
1 0.948972 0.858685 0.716472 0.527795 0.333315 0.181002 0.0865125 0.0370925 0.0142025 0.00464 0.001245 0.0003825 0.0001025 1e-05 0 0 0 0 0 
1 0.949192 0.858172 0.712415 0.52064 0.32197 0.166935 0.0747675 0.02957 0.009715 0.0027075 0.0006775 9e-05 1e-05 0 0 0 0 0 0 
1 0.949112 0.85916 0.716112 0.5275 0.33279 0.178812 0.0867425 0.04002 0.018095 0.008275 0.00402 0.001905 0.00094 0.0004525 0.00014 1e-05 5e-06 0 0 
1 0.948957 0.859045 0.714365 0.522393 0.322963 0.165915 0.070715 0.0255675 0.007855 0.0018825 0.00038 3.75e-05 2.5e-06 0 0 0 0 0 0 
1 0.948945 0.85874 0.714235 0.524962 0.32944 0.176172 0.082885 0.03594 0.0146725 0.0060525 0.002885 0.00156 0.000775 0.000365 0.00012 3e-05 5e-06 0 0 
1 0.949345 0.859035 0.715725 0.526843 0.3313 0.177662 0.08385 0.035395 0.0139325 0.004825 0.001375 0.0003375 5.5e-05 7.5e-06 0 0 0 0 0 
1 0.949427 0.859102 0.716212 0.52615 0.328647 0.173835 0.08079 0.0336525 0.0136225 0.0052375 0.0018375 0.0006175 0.0001625 4.25e-05 7.5e-06 2.5e-06 0 0 0 
1 0.953877 0.870497 0.735882 0.554787 0.360898 0.200747 0.0974475 0.0417925 0.01674 0.00632 0.0023575 0.0008425 0.000235 4e-05 0 0 0 0 0 
1 0.950602 0.86251 0.722097 0.533765 0.338127 0.18265 0.085535 0.0347725 0.0123325 0.00361 0.000955 0.00023 4.75e-05 2.5e-06 0 0 0 0 0 
1 0.950365 0.862522 0.721195 0.535672 0.342947 0.190212 0.09493 0.04304 0.0184975 0.0078325 0.00367 0.0020375 0.0010675 0.000475 0.00019 5.5e-05 1.25e-05 0 0 
1 0.9487 0.8568 0.711145 0.519953 0.32291 0.169142 0.076575 0.0325475 0.013715 0.0063225 0.00352 0.00198 0.0008825 0.0003 5.25e-05 1.5e-05 2.5e-06 0 0 
1 0.949167 0.85824 0.714052 0.520908 0.321558 0.168245 0.075475 0.030705 0.011645 0.003615 0.00087 0.0001225 7.5e-06 0 0 0 0 0 0 
1 0.951375 0.863375 0.723487 0.536033 0.338082 0.179347 0.0815075 0.032135 0.010355 0.0027125 0.0005925 0.000115 2.75e-05 5e-06 0 0 0 0 0 
1 0.95005 0.860017 0.717497 0.52939 0.3329 0.178082 0.0831225 0.0347 0.013215 0.004615 0.001285 0.000265 1.75e-05 0 0 0 0 0 0 
1 0.948895 0.858785 0.714767 0.522528 0.326192 0.171892 0.0774475 0.03089 0.011545 0.0039325 0.00117 0.0002825 4.5e-05 5e-06 0 0 0 0 0 
1 0.951275 0.864767 0.726452 0.541857 0.347312 0.190095 0.0906375 0.0388425 0.01487 0.0051 0.0014275 0.00037 9.75e-05 3.25e-05 2.5e-06 0 0 0 0 
1 0.951495 0.86488 0.727102 0.543188 0.350738 0.196115 0.09684 0.04233 0.01679 0.00581 0.001685 0.0003625 4e-05 0 0 0 0 0 0 
