1 0.89781 0.74661 0.5662 0.39274 0.25589 0.15815 0.09612 0.05632 0.03254 0.01874 0.01083 0.00628 0.00384 0.00224 0.00146 0.00082 0.00057 0.00036 0.00018 
1 0.90033 0.75132 0.57564 0.40843 0.27258 0.17388 0.10726 0.06565 0.0398 0.02377 0.01435 0.00855 0.00542 0.00343 0.00223 0.00147 0.00094 0.00065 0.00041 
1 0.89717 0.74878 0.56999 0.40238 0.26574 0.16547 0.1005 0.05966 0.03592 0.02141 0.01261 0.00692 0.00387 0.00228 0.00123 0.00069 0.00047 0.00037 0.00017 
1 0.8981 0.75074 0.57213 0.40423 0.26819 0.16972 0.10339 0.06332 0.03922 0.02404 0.01487 0.00915 0.00519 0.00321 0.00195 0.00108 0.00056 0.00033 0.00019 
1 0.90028 0.75232 0.57597 0.40565 0.26689 0.16764 0.10227 0.06082 0.03513 0.02034 0.01186 0.00664 0.0037 0.00193 0.00099 0.00045 0.00024 0.00013 4e-05 
1 0.90197 0.75618 0.58368 0.41545 0.27897 0.17854 0.11256 0.06919 0.0414 0.02492 0.01495 0.00857 0.00477 0.00271 0.00144 0.00086 0.00039 0.00023 0.00011 
1 0.89872 0.74686 0.56358 0.3896 0.25261 0.15456 0.09095 0.05256 0.02982 0.01684 0.00949 0.00535 0.00319 0.00167 0.00098 0.00057 0.00045 0.00035 0.0003 
1 0.90002 0.7522 0.57591 0.40295 0.26791 0.17035 0.10374 0.06253 0.03807 0.02326 0.01395 0.00847 0.00537 0.00336 0.00202 0.00142 0.00095 0.00056 0.0003 
1 0.90042 0.755 0.58212 0.41338 0.27698 0.17967 0.11257 0.07032 0.04334 0.02689 0.01706 0.01094 0.00726 0.00491 0.00318 0.00184 0.00122 0.00073 0.00033 
1 0.89942 0.75059 0.57554 0.40566 0.26831 0.17008 0.10482 0.06381 0.03864 0.02288 0.01393 0.00877 0.00575 0.00386 0.00287 0.00211 0.00168 0.00124 0.00085 
1 0.90237 0.75526 0.57901 0.4101 0.27207 0.17392 0.10771 0.0663 0.03958 0.02342 0.01388 0.00832 0.00502 0.00296 0.0018 0.00102 0.00058 0.00033 0.0002 
1 0.90004 0.75023 0.57436 0.40465 0.26611 0.16713 0.10227 0.06288 0.03663 0.02175 0.01297 0.00759 0.00448 0.00283 0.00197 0.00157 0.00118 0.00092 0.00075 
1 0.89953 0.75054 0.57174 0.40345 0.26663 0.16796 0.10343 0.06237 0.03672 0.02182 0.0124 0.00718 0.00433 0.00294 0.00203 0.00136 0.00095 0.00059 0.00029 
1 0.9009 0.75298 0.57529 0.40449 0.26883 0.16948 0.10261 0.06096 0.03571 0.01988 0.01083 0.00592 0.00313 0.00143 0.00064 0.00024 0.0001 4e-05 1e-05 
1 0.89528 0.74228 0.5641 0.39396 0.25621 0.15939 0.09443 0.05474 0.03043 0.01703 0.00946 0.00548 0.00333 0.00188 0.00111 0.00056 0.00035 0.00021 9e-05 
1 0.89901 0.74937 0.57159 0.40073 0.26358 0.16755 0.10431 0.06244 0.03716 0.02154 0.01243 0.00688 0.00359 0.00173 0.00093 0.00047 0.00021 0.00011 5e-05 
1 0.89857 0.74993 0.57492 0.40616 0.26863 0.17175 0.1058 0.06329 0.03649 0.01977 0.01141 0.0062 0.00362 0.00205 0.00109 0.00063 0.00031 0.00016 5e-05 
1 0.8988 0.74741 0.57028 0.40273 0.26666 0.17118 0.10627 0.06549 0.03954 0.02352 0.01442 0.00869 0.00527 0.00329 0.00198 0.00108 0.00068 0.00037 0.00015 
1 0.89847 0.74974 0.57261 0.40555 0.27089 0.17292 0.10612 0.06328 0.03805 0.02247 0.01284 0.00754 0.00446 0.00275 0.00176 0.00112 0.00073 0.00037 0.00019 
1 0.89901 0.75023 0.57412 0.40323 0.26638 0.16863 0.10392 0.06307 0.03848 0.02358 0.0149 0.00991 0.00632 0.00403 0.00247 0.0015 0.00086 0.00045 0.00023 
1 0.90044 0.7543 0.57993 0.40997 0.27177 0.17213 0.10408 0.06224 0.03619 0.0208 0.01143 0.00582 0.00316 0.00155 0.00082 0.00038 0.0002 6e-05 4e-05 
1 0.89924 0.75117 0.5761 0.40768 0.27038 0.17233 0.10602 0.06331 0.03736 0.02199 0.01296 0.00744 0.00408 0.00222 0.00118 0.00073 0.00039 0.0002 6e-05 
1 0.89847 0.75074 0.57253 0.40088 0.26368 0.16279 0.09891 0.05872 0.03428 0.02003 0.01185 0.00711 0.00404 0.00233 0.00148 0.00078 0.00046 0.00024 0.00015 
1 0.8989 0.74689 0.56748 0.39788 0.26087 0.16424 0.10089 0.06115 0.03664 0.0221 0.01358 0.00862 0.00527 0.00355 0.00215 0.00139 0.00073 0.00032 0.00018 
1 0.89839 0.7502 0.57521 0.40629 0.269 0.17157 0.10787 0.0665 0.04052 0.02491 0.01503 0.00922 0.00533 0.00318 0.00171 0.00092 0.00051 0.00028 0.00012 
1 0.89855 0.74716 0.57183 0.40337 0.26595 0.16754 0.10211 0.06066 0.03588 0.02104 0.01253 0.00736 0.00443 0.00262 0.00166 0.00097 0.00052 0.00023 9e-05 
1 0.89949 0.75116 0.57774 0.41153 0.2744 0.17745 0.11195 0.06985 0.04308 0.02675 0.01691 0.01081 0.00681 0.00441 0.00281 0.00182 0.00101 0.0006 0.00042 
1 0.90023 0.75191 0.57347 0.40602 0.26901 0.172 0.10625 0.0646 0.0381 0.02277 0.01324 0.00761 0.00401 0.0021 0.00091 0.00031 0.00013 2e-05 0 
1 0.89965 0.75104 0.57557 0.40774 0.27051 0.17325 0.10739 0.06679 0.04047 0.02439 0.01488 0.00936 0.00552 0.00332 0.00194 0.00122 0.00068 0.00039 0.00019 
1 0.90049 0.75384 0.57842 0.41144 0.27207 0.17077 0.10473 0.06283 0.03667 0.02215 0.01398 0.00867 0.00581 0.00363 0.00225 0.00127 0.00075 0.0004 0.00029 
1 0.90041 0.75366 0.57908 0.41147 0.27587 0.17626 0.11108 0.06858 0.04276 0.02603 0.01602 0.00978 0.00622 0.00383 0.00244 0.00145 0.00095 0.00048 0.00022 
1 0.89791 0.75 0.57263 0.40356 0.26503 0.16825 0.10405 0.06338 0.03826 0.02314 0.01337 0.00825 0.00518 0.00358 0.00222 0.00147 0.00083 0.00054 0.0004 
1 0.89971 0.74895 0.57319 0.40515 0.26814 0.1721 0.10743 0.06618 0.04122 0.02539 0.01647 0.01062 0.00703 0.00477 0.00339 0.00248 0.0017 0.00106 0.00062 
1 0.90258 0.7569 0.58616 0.42156 0.28437 0.18688 0.121 0.0773 0.04994 0.03301 0.02206 0.01423 0.00896 0.00579 0.00348 0.00215 0.00145 0.00088 0.00049 
1 0.90112 0.75622 0.58228 0.41238 0.27477 0.17637 0.10901 0.06651 0.04064 0.02435 0.01515 0.00887 0.00514 0.00289 0.00157 0.00085 0.00038 0.00012 6e-05 
1 0.8978 0.748 0.57278 0.40177 0.26508 0.16629 0.10101 0.06159 0.03584 0.02061 0.01181 0.00718 0.00418 0.00255 0.00166 0.00101 0.00069 0.00038 0.00025 
1 0.90058 0.75597 0.57818 0.408 0.26928 0.17053 0.10388 0.06163 0.03762 0.02244 0.01395 0.00854 0.00587 0.00392 0.00282 0.00199 0.00152 0.00114 0.00084 
1 0.90216 0.75305 0.57774 0.41204 0.27466 0.17421 0.10679 0.06336 0.03728 0.02236 0.01326 0.00811 0.00463 0.00292 0.00189 0.00138 0.0011 0.00088 0.00069 
1 0.89503 0.74619 0.57048 0.40127 0.26563 0.1662 0.10261 0.06268 0.03745 0.02222 0.01374 0.00858 0.00543 0.00315 0.00201 0.00123 0.00083 0.00052 0.00033 
1 0.89964 0.75167 0.57698 0.40889 0.27435 0.17756 0.11169 0.06987 0.04356 0.02766 0.01751 0.01099 0.00727 0.00472 0.00302 0.00207 0.00114 0.00061 0.00034 
1 0.8985 0.74984 0.57241 0.4032 0.26763 0.1719 0.10711 0.06574 0.03977 0.02357 0.01436 0.00882 0.00529 0.00336 0.00228 0.00137 0.00088 0.00052 0.00031 
1 0.89741 0.74579 0.56645 0.39697 0.25914 0.16125 0.09868 0.05864 0.03397 0.01985 0.01121 0.00592 0.00288 0.00132 0.00053 0.00021 3e-05 1e-05 0 
1 0.9017 0.75369 0.57842 0.40899 0.27068 0.17194 0.10766 0.06616 0.04013 0.02455 0.01515 0.0091 0.00525 0.00305 0.00181 0.00114 0.00063 0.00045 0.00021 
1 0.89855 0.75114 0.57339 0.40373 0.26656 0.16654 0.1013 0.06069 0.03595 0.02114 0.01222 0.0071 0.00426 0.00245 0.00155 0.00101 0.00076 0.00061 0.00046 
1 0.89977 0.7515 0.57337 0.40245 0.26558 0.16762 0.1034 0.06135 0.03731 0.02267 0.0138 0.00854 0.005 0.00282 0.00151 0.00094 0.00051 0.00021 9e-05 
1 0.89889 0.75301 0.57996 0.41264 0.27567 0.17686 0.11103 0.06812 0.04204 0.02642 0.01606 0.00996 0.00619 0.00391 0.00229 0.00135 0.00088 0.00069 0.00059 
1 0.89881 0.74996 0.57184 0.39919 0.26134 0.16318 0.09941 0.06021 0.03562 0.02201 0.01288 0.00777 0.00487 0.00277 0.0017 0.00102 0.00064 0.00038 0.00025 
1 0.89661 0.74675 0.56937 0.39863 0.25959 0.16166 0.09749 0.0575 0.03375 0.0194 0.01154 0.00679 0.00427 0.00256 0.00162 0.00099 0.00063 0.0004 0.00026 
1 0.90002 0.7538 0.57637 0.40872 0.27142 0.17341 0.1071 0.06623 0.04002 0.02438 0.01456 0.00874 0.00561 0.00355 0.00214 0.00125 0.00065 0.00025 9e-05 
1 0.9006 0.75527 0.5783 0.40875 0.27176 0.17279 0.10691 0.0657 0.03968 0.02427 0.01507 0.00926 0.00543 0.00362 0.00224 0.00131 0.00079 0.0004 0.00016 
1 0.90013 0.75691 0.58421 0.41643 0.28032 0.18012 0.11415 0.0721 0.04508 0.0281 0.01809 0.01163 0.00774 0.00545 0.00412 0.00303 0.002 0.00131 0.00075 
1 0.90212 0.75713 0.58478 0.41629 0.27864 0.1798 0.1101 0.06694 0.04089 0.02462 0.01433 0.00862 0.00535 0.00374 0.00245 0.00173 0.00119 0.00081 0.00049 
1 0.89762 0.74968 0.56961 0.40042 0.26408 0.16735 0.10381 0.06331 0.03889 0.02434 0.01542 0.0101 0.00657 0.0044 0.0029 0.00204 0.00132 0.00076 0.00048 
1 0.90306 0.75695 0.58098 0.41245 0.27532 0.17746 0.10988 0.06634 0.03951 0.02316 0.01349 0.00744 0.00357 0.00191 0.00084 0.00029 9e-05 3e-05 1e-05 
1 0.89953 0.75043 0.57168 0.40171 0.26056 0.16184 0.09823 0.05893 0.03495 0.02095 0.01237 0.00722 0.00417 0.00233 0.00146 0.00087 0.00061 0.00035 0.00021 
1 0.89522 0.74403 0.56669 0.39537 0.2597 0.16372 0.09957 0.06075 0.03626 0.02088 0.01204 0.00667 0.00397 0.00232 0.00137 0.00087 0.00057 0.00036 0.00019 
1 0.90012 0.75029 0.57366 0.40487 0.26715 0.16978 0.10383 0.06187 0.03554 0.02083 0.01226 0.00739 0.00473 0.00281 0.00142 0.00072 0.00041 0.00024 0.00014 
1 0.90155 0.75714 0.58144 0.41264 0.27335 0.17514 0.11129 0.06926 0.04346 0.02759 0.01775 0.01151 0.00767 0.00525 0.0034 0.00221 0.00143 0.00091 0.00063 
1 0.897 0.74906 0.57162 0.40426 0.26675 0.16905 0.10471 0.06294 0.03672 0.02129 0.01254 0.00742 0.00403 0.00243 0.00147 0.0008 0.00042 0.00023 0.00011 
1 0.90053 0.75243 0.57793 0.40865 0.27198 0.17537 0.11031 0.06857 0.04276 0.02582 0.01547 0.00926 0.00605 0.00367 0.0025 0.00171 0.00115 0.00085 0.00051 
1 0.90093 0.75255 0.57942 0.41202 0.27602 0.17653 0.10989 0.06685 0.04057 0.02389 0.01388 0.008 0.00463 0.00269 0.00151 0.00082 0.00047 0.0002 0.00012 
1 0.90135 0.7525 0.57164 0.40114 0.26452 0.16646 0.10107 0.05872 0.03433 0.02044 0.01223 0.00731 0.00451 0.0028 0.00182 0.00113 0.00073 0.00046 0.00038 
1 0.90036 0.75453 0.57886 0.40941 0.27287 0.17357 0.10709 0.06481 0.03931 0.02389 0.01495 0.00876 0.0049 0.00271 0.00136 0.00069 0.00043 0.00023 0.00014 
1 0.89976 0.74933 0.57158 0.40088 0.26562 0.16915 0.10482 0.06469 0.03985 0.02523 0.01631 0.01029 0.00684 0.00463 0.00296 0.00179 0.0012 0.00071 0.00041 
1 0.89926 0.7488 0.57078 0.40023 0.26206 0.16562 0.10275 0.06343 0.03995 0.02405 0.01497 0.00877 0.00524 0.00293 0.0016 0.00077 0.00027 7e-05 1e-05 
1 0.90399 0.76023 0.58482 0.41759 0.27915 0.17863 0.11084 0.06687 0.04053 0.02471 0.01494 0.00917 0.00562 0.0034 0.00193 0.00104 0.00043 0.0002 0.00011 
1 0.90032 0.75136 0.574 0.40293 0.2651 0.16557 0.09902 0.05842 0.03382 0.01957 0.01167 0.00674 0.00403 0.00208 0.00099 0.00034 0.00012 2e-05 1e-05 
1 0.89967 0.75026 0.57271 0.40115 0.26498 0.16788 0.10362 0.06289 0.03824 0.02355 0.01449 0.0086 0.00539 0.00356 0.00239 0.0017 0.0012 0.00089 0.00069 
1 0.89961 0.74965 0.57426 0.40564 0.26765 0.1692 0.10489 0.06372 0.03774 0.02244 0.01275 0.0075 0.00489 0.00332 0.00264 0.00204 0.0016 0.00137 0.00114 
1 0.90165 0.75424 0.58007 0.41234 0.27438 0.17558 0.10948 0.06705 0.0413 0.02516 0.01575 0.00964 0.00571 0.00356 0.00248 0.00158 0.00094 0.00047 0.00016 
1 0.90123 0.75277 0.57809 0.40827 0.27024 0.17053 0.10526 0.06378 0.03799 0.02268 0.01299 0.00731 0.00378 0.00189 0.00104 0.00065 0.00031 0.00013 3e-05 
1 0.89985 0.7512 0.57632 0.40979 0.27264 0.1741 0.10995 0.0676 0.041 0.02495 0.01453 0.00869 0.00524 0.00327 0.00193 0.00126 0.00085 0.00059 0.00032 
1 0.89629 0.74567 0.56714 0.39837 0.26018 0.16179 0.09642 0.05559 0.03125 0.01763 0.00995 0.00542 0.00282 0.00147 0.00064 0.00022 5e-05 2e-05 0 
1 0.90241 0.75587 0.58171 0.41289 0.27785 0.17662 0.10976 0.06576 0.03882 0.02325 0.01385 0.00798 0.00422 0.00214 0.00107 0.00042 0.00017 6e-05 2e-05 
1 0.89897 0.75215 0.57677 0.40968 0.27384 0.17506 0.10943 0.06669 0.03987 0.02343 0.01312 0.00731 0.00405 0.00207 0.00112 0.00056 0.00021 5e-05 2e-05 
1 0.89961 0.75216 0.57772 0.40723 0.27075 0.17138 0.10621 0.06338 0.03737 0.02218 0.01334 0.00818 0.00531 0.00341 0.00217 0.00144 0.00089 0.0005 0.00023 
1 0.89967 0.75103 0.57559 0.40561 0.27006 0.1709 0.10471 0.0631 0.03822 0.02294 0.01339 0.00753 0.00432 0.00224 0.00111 0.00053 0.00022 6e-05 2e-05 
1 0.90213 0.75847 0.58755 0.42417 0.28936 0.18978 0.12098 0.07706 0.04842 0.02987 0.01889 0.01227 0.00828 0.0055 0.00362 0.00212 0.00138 0.00079 0.00037 
1 0.90064 0.7502 0.57267 0.40146 0.2631 0.16514 0.10166 0.0618 0.03727 0.02162 0.01275 0.00697 0.00361 0.00191 0.00089 0.00043 0.00018 5e-05 1e-05 
1 0.90068 0.75332 0.57624 0.40563 0.26514 0.16561 0.10041 0.05991 0.03574 0.01988 0.01103 0.00613 0.00311 0.00143 0.00065 0.00016 3e-05 1e-05 0 
1 0.90136 0.75243 0.57397 0.40329 0.26779 0.17067 0.10446 0.06311 0.03743 0.02207 0.01241 0.00691 0.00367 0.00186 0.00097 0.00049 0.00022 0.00011 6e-05 
1 0.9004 0.75245 0.57581 0.40829 0.26997 0.17142 0.10663 0.06572 0.04048 0.02365 0.01336 0.00773 0.00407 0.00209 0.00104 0.00042 0.00017 0.00012 3e-05 
1 0.90007 0.75263 0.57667 0.41096 0.27547 0.17676 0.1099 0.06643 0.03866 0.02296 0.01341 0.00751 0.00411 0.00215 0.00107 0.0005 0.00035 0.00019 0.00013 
1 0.90131 0.75707 0.58246 0.41437 0.27271 0.17057 0.1037 0.06255 0.03707 0.02219 0.01284 0.00732 0.00447 0.00263 0.00152 0.00086 0.00042 0.00018 6e-05 
1 0.90282 0.75716 0.58401 0.41629 0.27913 0.18045 0.11453 0.07055 0.04259 0.02537 0.01521 0.00871 0.00518 0.00318 0.00201 0.00132 0.00099 0.00076 0.00058 
1 0.89901 0.75212 0.57622 0.4054 0.27165 0.17525 0.11123 0.06956 0.04218 0.02597 0.01621 0.00961 0.00563 0.00318 0.00192 0.00117 0.00071 0.00037 0.00016 
1 0.89754 0.74768 0.57054 0.40099 0.26445 0.16807 0.10346 0.06311 0.03815 0.02313 0.01429 0.00861 0.00505 0.00324 0.00224 0.00146 0.00098 0.00063 0.00042 
1 0.90117 0.75403 0.57732 0.41001 0.27265 0.17439 0.10926 0.0689 0.04363 0.02836 0.01821 0.01172 0.00774 0.0049 0.00328 0.00212 0.0012 0.0007 0.00034 
1 0.89853 0.75158 0.57525 0.40567 0.26786 0.16894 0.10426 0.06323 0.03628 0.02133 0.01234 0.00725 0.00469 0.00293 0.00173 0.00104 0.00057 0.00026 0.00012 
1 0.89772 0.74828 0.57007 0.40152 0.2656 0.1673 0.10397 0.0628 0.03794 0.02213 0.01307 0.00718 0.00415 0.00262 0.00178 0.00119 0.00088 0.00047 0.00028 
1 0.89861 0.74834 0.5661 0.39543 0.25951 0.16191 0.09782 0.05798 0.03426 0.02013 0.01152 0.00648 0.00376 0.00228 0.00133 0.00087 0.0006 0.00041 0.00029 
1 0.90168 0.75556 0.58136 0.41241 0.27531 0.17795 0.11011 0.06718 0.0408 0.02358 0.01404 0.00795 0.00423 0.00227 0.00108 0.00064 0.00034 0.00019 0.00012 
1 0.89784 0.74785 0.56803 0.39849 0.26027 0.16385 0.09915 0.05866 0.03417 0.01951 0.01116 0.00624 0.00358 0.00219 0.00142 0.00092 0.00069 0.00042 0.00028 
1 0.90158 0.75576 0.58109 0.41354 0.27537 0.17533 0.10845 0.06564 0.03836 0.02089 0.01127 0.00579 0.00297 0.0016 0.00087 0.00033 5e-05 2e-05 2e-05 
1 0.8966 0.74653 0.57138 0.40239 0.26508 0.16704 0.10155 0.06074 0.03473 0.01976 0.01093 0.00598 0.00291 0.00164 0.00098 0.00061 0.00042 0.00022 7e-05 
1 0.89953 0.75313 0.57748 0.40887 0.27254 0.17503 0.10843 0.06575 0.03963 0.02384 0.01394 0.00817 0.00464 0.00261 0.00153 0.00078 0.00043 0.00024 0.0001 
1 0.89866 0.75059 0.57386 0.40229 0.26196 0.16115 0.09554 0.05572 0.03216 0.01862 0.011 0.00644 0.00414 0.00256 0.00166 0.00096 0.00055 0.00037 0.00021 
1 0.89907 0.75262 0.57726 0.40731 0.27084 0.17041 0.10412 0.06397 0.03906 0.02294 0.01289 0.00714 0.00439 0.0026 0.00157 0.00103 0.00071 0.00049 0.00037 
1 0.90066 0.75404 0.5794 0.40889 0.27184 0.17223 0.10633 0.06405 0.03819 0.0228 0.01389 0.00849 0.00532 0.00314 0.00186 0.00117 0.00078 0.00051 0.00032 
1 0.90024 0.75036 0.57474 0.40571 0.26757 0.16843 0.10162 0.0601 0.03392 0.01889 0.01096 0.00627 0.00351 0.00207 0.00108 0.00054 0.00023 0.00011 5e-05 
1 0.8986 0.74967 0.57301 0.40426 0.26495 0.16402 0.09763 0.05749 0.0327 0.0184 0.01064 0.00618 0.00377 0.00216 0.00106 0.00051 0.00021 9e-05 7e-05 
1 0.89592 0.74546 0.56967 0.40111 0.26554 0.16843 0.10623 0.06552 0.0399 0.02439 0.01566 0.01019 0.00687 0.00466 0.00306 0.00223 0.00164 0.00128 0.00103 
1 0.89924 0.74938 0.57302 0.40199 0.26824 0.17079 0.10671 0.06394 0.03778 0.0215 0.01177 0.00617 0.00285 0.00118 0.00055 0.00025 0.00011 3e-05 1e-05 
1 0.89993 0.75164 0.57541 0.40552 0.26884 0.16908 0.10294 0.06155 0.03654 0.02213 0.01332 0.00788 0.00479 0.00288 0.0016 0.00079 0.00037 0.00018 6e-05 
1 0.8997 0.75196 0.57442 0.40494 0.26877 0.17281 0.10768 0.06731 0.04166 0.02579 0.0153 0.00902 0.0049 0.00254 0.00108 0.00045 8e-05 1e-05 0 
1 0.90082 0.75452 0.58022 0.41019 0.27298 0.17258 0.10546 0.06396 0.03866 0.02311 0.014 0.00862 0.00513 0.00297 0.00184 0.00114 0.00081 0.00051 0.00035 
1 0.90096 0.75584 0.58069 0.41249 0.27494 0.17418 0.10708 0.06494 0.03966 0.02383 0.01392 0.00798 0.0045 0.00246 0.00135 0.00065 0.00032 8e-05 3e-05 
1 0.89896 0.74768 0.56843 0.39854 0.26 0.1608 0.09815 0.05736 0.03346 0.01989 0.01136 0.00628 0.00349 0.00215 0.00127 0.00066 0.00037 0.00016 9e-05 
1 0.90139 0.75505 0.5794 0.41205 0.27492 0.1761 0.10929 0.0673 0.04016 0.02362 0.01459 0.00914 0.00604 0.00405 0.00268 0.00174 0.00116 0.0007 0.0004 
1 0.90069 0.75303 0.5759 0.40504 0.2689 0.16921 0.10354 0.06328 0.03884 0.02292 0.0132 0.0077 0.00459 0.00276 0.00146 0.00073 0.00035 0.00022 0.00011 
1 0.90064 0.75433 0.58026 0.41242 0.2726 0.17221 0.10576 0.06345 0.0383 0.02287 0.01337 0.00807 0.00467 0.00245 0.00149 0.00091 0.00048 0.0002 0.00012 
1 0.8981 0.74838 0.57257 0.40326 0.26645 0.1691 0.10383 0.06261 0.03787 0.02253 0.01277 0.00735 0.00409 0.00218 0.00145 0.00093 0.00056 0.00037 0.00022 
1 0.89867 0.74888 0.56666 0.39852 0.26272 0.16683 0.10181 0.06096 0.036 0.02044 0.01126 0.00631 0.00372 0.00221 0.00114 0.00073 0.00046 0.00031 0.00016 
1 0.9041 0.75869 0.58462 0.41973 0.2821 0.18237 0.11631 0.07303 0.04512 0.02774 0.01621 0.00938 0.00527 0.00292 0.00161 0.00077 0.00038 0.00014 4e-05 
1 0.89973 0.75075 0.57419 0.40191 0.26288 0.16348 0.09768 0.05735 0.03201 0.01863 0.01042 0.00535 0.00272 0.00136 0.0007 0.00023 8e-05 3e-05 1e-05 
1 0.90153 0.75513 0.57953 0.41011 0.27226 0.17019 0.10373 0.06145 0.0355 0.02008 0.01111 0.00607 0.00339 0.00166 0.00087 0.00041 0.00018 0.0001 4e-05 
1 0.89991 0.75159 0.57586 0.40778 0.27081 0.17202 0.10534 0.06318 0.0387 0.0231 0.01388 0.00816 0.0049 0.00328 0.00229 0.00155 0.00111 0.00088 0.00065 
1 0.90051 0.75218 0.57934 0.41321 0.27506 0.17561 0.11056 0.06761 0.04074 0.02401 0.01394 0.00788 0.00449 0.00239 0.00129 0.00075 0.00032 0.00015 9e-05 
1 0.89803 0.74912 0.57239 0.40474 0.26831 0.17151 0.10579 0.06387 0.03828 0.02341 0.01417 0.0091 0.00555 0.00356 0.00213 0.00136 0.00072 0.00033 0.0002 
1 0.89814 0.74815 0.57032 0.39951 0.26462 0.16765 0.1038 0.06337 0.03873 0.02382 0.01502 0.00963 0.00638 0.00427 0.00287 0.00167 0.00102 0.00072 0.0005 
