1 0.849125 0.614097 0.325264 0.0962125 0.010458 0.0002515 5e-07 0 0 0 0 0 0 0 0 0 0 0 0 
1 0.850926 0.618368 0.331415 0.100744 0.0119395 0.0004015 7.5e-06 5e-07 0 0 0 0 0 0 0 0 0 0 0 
1 0.848246 0.611676 0.323143 0.095341 0.010454 0.00032 4e-06 0 0 0 0 0 0 0 0 0 0 0 0 
1 0.850005 0.61662 0.328557 0.0992105 0.0115465 0.0004065 1.2e-05 0 0 0 0 0 0 0 0 0 0 0 0 
1 0.848044 0.611846 0.322861 0.0955465 0.010379 0.0002825 9e-06 1.5e-06 0 0 0 0 0 0 0 0 0 0 0 
1 0.8501 0.617298 0.329155 0.0986975 0.01109 0.000284 5e-07 0 0 0 0 0 0 0 0 0 0 0 0 
1 0.849697 0.613936 0.325196 0.095621 0.010152 0.000284 3e-06 0 0 0 0 0 0 0 0 0 0 0 0 
1 0.848783 0.612774 0.323646 0.096347 0.0107965 0.000314 3e-06 0 0 0 0 0 0 0 0 0 0 0 0 
1 0.850646 0.618246 0.330034 0.100222 0.011964 0.000357 1e-06 0 0 0 0 0 0 0 0 0 0 0 0 
1 0.850373 0.616354 0.328454 0.099537 0.011608 0.000338 2e-06 0 0 0 0 0 0 0 0 0 0 0 0 
1 0.851176 0.618851 0.330895 0.10027 0.011327 0.000284 5e-07 0 0 0 0 0 0 0 0 0 0 0 0 
1 0.851109 0.617163 0.329121 0.0991845 0.01141 0.0003275 2e-06 0 0 0 0 0 0 0 0 0 0 0 0 
1 0.849256 0.613847 0.323565 0.0947255 0.010017 0.0002265 1.5e-06 0 0 0 0 0 0 0 0 0 0 0 0 
1 0.849655 0.616317 0.329778 0.0996465 0.011175 0.0003375 4e-06 0 0 0 0 0 0 0 0 0 0 0 0 
1 0.848493 0.612344 0.321605 0.093346 0.0097205 0.00022 3.5e-06 0 0 0 0 0 0 0 0 0 0 0 0 
1 0.850936 0.61739 0.329924 0.100153 0.0118965 0.0004395 2e-06 0 0 0 0 0 0 0 0 0 0 0 0 
1 0.849293 0.61437 0.326073 0.0970085 0.0107595 0.000279 3.5e-06 0 0 0 0 0 0 0 0 0 0 0 0 
1 0.850622 0.61772 0.330216 0.099888 0.011463 0.0003705 8.5e-06 0 0 0 0 0 0 0 0 0 0 0 0 
1 0.850705 0.616876 0.328983 0.099131 0.0116025 0.0003785 5e-07 0 0 0 0 0 0 0 0 0 0 0 0 
1 0.848226 0.612308 0.324083 0.096809 0.010867 0.000342 3.5e-06 0 0 0 0 0 0 0 0 0 0 0 0 
1 0.848575 0.611765 0.322955 0.095249 0.0105865 0.000335 7.5e-06 0 0 0 0 0 0 0 0 0 0 0 0 
1 0.852753 0.622557 0.33598 0.10318 0.0121265 0.0003435 8e-06 0 0 0 0 0 0 0 0 0 0 0 0 
1 0.851103 0.618641 0.331295 0.100365 0.0112075 0.000314 5.5e-06 0 0 0 0 0 0 0 0 0 0 0 0 
1 0.851451 0.618381 0.330743 0.0998015 0.011207 0.0003085 1e-06 0 0 0 0 0 0 0 0 0 0 0 0 
1 0.851463 0.617845 0.329841 0.099741 0.011566 0.0003655 6.5e-06 0 0 0 0 0 0 0 0 0 0 0 0 
1 0.85158 0.619396 0.331578 0.0996775 0.0112445 0.000316 1.5e-06 0 0 0 0 0 0 0 0 0 0 0 0 
1 0.848324 0.61171 0.322238 0.0949565 0.0105615 0.000322 1.5e-06 0 0 0 0 0 0 0 0 0 0 0 0 
1 0.851119 0.619168 0.332125 0.099957 0.0114115 0.0003285 1e-06 0 0 0 0 0 0 0 0 0 0 0 0 
1 0.849075 0.613662 0.324394 0.0955125 0.010097 0.0002405 1e-06 0 0 0 0 0 0 0 0 0 0 0 0 
1 0.850928 0.618021 0.330683 0.100474 0.0117505 0.000363 7e-06 0 0 0 0 0 0 0 0 0 0 0 0 
1 0.848215 0.612209 0.323688 0.0961005 0.0109675 0.0003255 6e-06 0 0 0 0 0 0 0 0 0 0 0 0 
1 0.849756 0.61523 0.325978 0.096786 0.010471 0.000263 5e-07 0 0 0 0 0 0 0 0 0 0 0 0 
1 0.850331 0.616006 0.32684 0.0974475 0.010923 0.000314 4.5e-06 0 0 0 0 0 0 0 0 0 0 0 0 
1 0.851838 0.618897 0.331231 0.0995095 0.0114065 0.000348 4e-06 0 0 0 0 0 0 0 0 0 0 0 0 
1 0.84924 0.614096 0.325745 0.0970565 0.0109865 0.000344 4.5e-06 0 0 0 0 0 0 0 0 0 0 0 0 
1 0.850215 0.615875 0.327922 0.097806 0.0108895 0.0003365 4.5e-06 1.5e-06 0 0 0 0 0 0 0 0 0 0 0 
1 0.848033 0.612164 0.324172 0.0957285 0.0105085 0.000307 2e-06 0 0 0 0 0 0 0 0 0 0 0 0 
1 0.850555 0.616937 0.328817 0.0987525 0.0111455 0.00029 2e-06 0 0 0 0 0 0 0 0 0 0 0 0 
1 0.852041 0.619635 0.332292 0.100965 0.0115 0.000367 6e-06 0 0 0 0 0 0 0 0 0 0 0 0 
1 0.848636 0.612218 0.323829 0.095859 0.0105225 0.0003195 5e-06 0 0 0 0 0 0 0 0 0 0 0 0 
1 0.849473 0.615622 0.326633 0.098467 0.0112735 0.0003305 2.5e-06 0 0 0 0 0 0 0 0 0 0 0 0 
1 0.847454 0.61077 0.321589 0.094012 0.010018 0.0002395 3.5e-06 0 0 0 0 0 0 0 0 0 0 0 0 
1 0.85187 0.619716 0.332431 0.100698 0.0114815 0.0003355 2.5e-06 0 0 0 0 0 0 0 0 0 0 0 0 
1 0.849282 0.615844 0.327801 0.098975 0.011624 0.000376 6.5e-06 0 0 0 0 0 0 0 0 0 0 0 0 
1 0.85062 0.617645 0.329137 0.099249 0.0110935 0.0003545 4.5e-06 0 0 0 0 0 0 0 0 0 0 0 0 
1 0.851033 0.618228 0.330536 0.100057 0.0113385 0.000377 5.5e-06 0 0 0 0 0 0 0 0 0 0 0 0 
1 0.849426 0.614665 0.326645 0.0977415 0.011274 0.000327 5e-07 0 0 0 0 0 0 0 0 0 0 0 0 
1 0.849929 0.615263 0.327296 0.0988945 0.0113705 0.000338 4.5e-06 0 0 0 0 0 0 0 0 0 0 0 0 
1 0.848225 0.612932 0.323786 0.0951425 0.0105125 0.000313 5.5e-06 0 0 0 0 0 0 0 0 0 0 0 0 
1 0.851719 0.619901 0.333049 0.101219 0.011656 0.000355 3e-06 0 0 0 0 0 0 0 0 0 0 0 0 
1 0.851662 0.6188 0.330966 0.100426 0.0119535 0.00035 4.5e-06 0 0 0 0 0 0 0 0 0 0 0 0 
1 0.848533 0.612807 0.325455 0.0974155 0.010848 0.0003035 5e-06 0 0 0 0 0 0 0 0 0 0 0 0 
1 0.851063 0.618536 0.330084 0.0989005 0.011063 0.000321 4.5e-06 0 0 0 0 0 0 0 0 0 0 0 0 
1 0.850212 0.616529 0.328984 0.0992795 0.011256 0.0003465 3.5e-06 0 0 0 0 0 0 0 0 0 0 0 0 
1 0.849923 0.615592 0.326952 0.0977065 0.010847 0.0002855 5.5e-06 0 0 0 0 0 0 0 0 0 0 0 0 
1 0.850478 0.616817 0.327534 0.0985245 0.0111915 0.0003335 4e-06 0 0 0 0 0 0 0 0 0 0 0 0 
1 0.850138 0.616101 0.32864 0.099313 0.011304 0.00031 6.5e-06 0 0 0 0 0 0 0 0 0 0 0 0 
1 0.849435 0.614948 0.327214 0.097638 0.01112 0.000352 5.5e-06 0 0 0 0 0 0 0 0 0 0 0 0 
1 0.849559 0.615194 0.327289 0.097478 0.010754 0.000293 0 0 0 0 0 0 0 0 0 0 0 0 0 
1 0.852553 0.622152 0.334604 0.102254 0.011724 0.000348 5e-06 0 0 0 0 0 0 0 0 0 0 0 0 
1 0.850025 0.616463 0.328604 0.09887 0.011163 0.0003205 2.5e-06 0 0 0 0 0 0 0 0 0 0 0 0 
1 0.850993 0.617458 0.329327 0.098949 0.011153 0.0003425 1.5e-06 0 0 0 0 0 0 0 0 0 0 0 0 
1 0.848827 0.613584 0.324058 0.0957005 0.010645 0.0002895 5e-06 0 0 0 0 0 0 0 0 0 0 0 0 
1 0.847494 0.610243 0.320573 0.09339 0.010049 0.000282 0 0 0 0 0 0 0 0 0 0 0 0 0 
1 0.852406 0.620791 0.333525 0.101406 0.011849 0.0003215 4.5e-06 0 0 0 0 0 0 0 0 0 0 0 0 
1 0.848431 0.612539 0.323292 0.0958245 0.010688 0.000298 1e-06 0 0 0 0 0 0 0 0 0 0 0 0 
1 0.85033 0.616556 0.328194 0.0985375 0.0110625 0.0003665 1e-05 0 0 0 0 0 0 0 0 0 0 0 0 
1 0.851338 0.619365 0.3322 0.100717 0.011752 0.0003945 4.5e-06 0 0 0 0 0 0 0 0 0 0 0 0 
1 0.850984 0.619134 0.331909 0.100318 0.011465 0.0003245 4e-06 0 0 0 0 0 0 0 0 0 0 0 0 
1 0.849885 0.61493 0.325796 0.0968635 0.0108275 0.000282 1.5e-06 0 0 0 0 0 0 0 0 0 0 0 0 
1 0.850549 0.617096 0.328455 0.0976905 0.0107715 0.0003275 3.5e-06 0 0 0 0 0 0 0 0 0 0 0 0 
1 0.848899 0.613203 0.324272 0.0967145 0.0110505 0.000344 4.5e-06 0 0 0 0 0 0 0 0 0 0 0 0 
1 0.849636 0.614074 0.324762 0.096449 0.010814 0.000369 3e-06 0 0 0 0 0 0 0 0 0 0 0 0 
1 0.850765 0.616527 0.327991 0.099139 0.0113705 0.000383 5e-07 0 0 0 0 0 0 0 0 0 0 0 0 
1 0.851764 0.618174 0.329799 0.0992155 0.0113285 0.0003155 2.5e-06 0 0 0 0 0 0 0 0 0 0 0 0 
1 0.849217 0.614083 0.325067 0.0962535 0.01058 0.0003105 5e-07 0 0 0 0 0 0 0 0 0 0 0 0 
1 0.850674 0.616047 0.326957 0.0972155 0.0108355 0.000386 6.5e-06 0 0 0 0 0 0 0 0 0 0 0 0 
1 0.852816 0.6224 0.335894 0.103398 0.012344 0.0003975 2e-06 0 0 0 0 0 0 0 0 0 0 0 0 
1 0.849359 0.614553 0.325908 0.0969015 0.010791 0.0003005 3.5e-06 0 0 0 0 0 0 0 0 0 0 0 0 
1 0.850712 0.617487 0.329958 0.0994745 0.01129 0.00031 4.5e-06 0 0 0 0 0 0 0 0 0 0 0 0 
1 0.849925 0.615756 0.326981 0.097753 0.010778 0.0003025 3.5e-06 0 0 0 0 0 0 0 0 0 0 0 0 
1 0.851956 0.619875 0.331911 0.100332 0.011558 0.000363 5e-07 0 0 0 0 0 0 0 0 0 0 0 0 
1 0.850581 0.617519 0.330184 0.100134 0.0115755 0.000332 7e-06 0 0 0 0 0 0 0 0 0 0 0 0 
1 0.847316 0.609575 0.321058 0.0943295 0.0104445 0.0003715 1.5e-06 0 0 0 0 0 0 0 0 0 0 0 0 
1 0.849657 0.615399 0.327351 0.09856 0.0114265 0.000383 1.5e-06 0 0 0 0 0 0 0 0 0 0 0 0 
1 0.850887 0.617954 0.330875 0.100206 0.011645 0.0003835 3.5e-06 0 0 0 0 0 0 0 0 0 0 0 0 
1 0.849422 0.614576 0.325081 0.095851 0.01057 0.000334 2e-06 0 0 0 0 0 0 0 0 0 0 0 0 
1 0.848858 0.613858 0.325433 0.097049 0.010855 0.0003305 1.5e-06 0 0 0 0 0 0 0 0 0 0 0 0 
1 0.851754 0.619701 0.333489 0.102185 0.0120005 0.000405 4.5e-06 0 0 0 0 0 0 0 0 0 0 0 0 
1 0.850235 0.617235 0.328954 0.0991255 0.0112285 0.0003135 4.5e-06 0 0 0 0 0 0 0 0 0 0 0 0 
1 0.846953 0.608966 0.318974 0.0930695 0.0102185 0.0002865 4e-06 5e-07 0 0 0 0 0 0 0 0 0 0 0 
1 0.851813 0.621206 0.335278 0.10277 0.012323 0.0003715 5e-06 0 0 0 0 0 0 0 0 0 0 0 0 
1 0.850432 0.617129 0.329928 0.099607 0.011637 0.0003755 6e-06 0 0 0 0 0 0 0 0 0 0 0 0 
1 0.850108 0.616553 0.328684 0.099301 0.011554 0.000389 7.5e-06 0 0 0 0 0 0 0 0 0 0 0 0 
1 0.851776 0.620679 0.333305 0.101971 0.011976 0.0003545 4e-06 0 0 0 0 0 0 0 0 0 0 0 0 
1 0.849553 0.614042 0.325551 0.0972835 0.01118 0.000403 4e-06 0 0 0 0 0 0 0 0 0 0 0 0 
1 0.849074 0.614729 0.326208 0.09743 0.010893 0.000342 6.5e-06 0 0 0 0 0 0 0 0 0 0 0 0 
1 0.850736 0.617915 0.330834 0.100627 0.011795 0.0004005 1.2e-05 0 0 0 0 0 0 0 0 0 0 0 0 
1 0.850971 0.617547 0.329367 0.099266 0.011517 0.0003985 6.5e-06 0 0 0 0 0 0 0 0 0 0 0 0 
1 0.851265 0.618602 0.330654 0.100634 0.011456 0.000291 3.5e-06 0 0 0 0 0 0 0 0 0 0 0 0 
1 0.851506 0.619622 0.332202 0.101189 0.011602 0.000314 1.1e-05 5e-07 0 0 0 0 0 0 0 0 0 0 0 
1 0.847911 0.612963 0.324989 0.096948 0.0105315 0.000302 8.5e-06 0 0 0 0 0 0 0 0 0 0 0 0 
1 0.849287 0.615757 0.32743 0.0975215 0.011044 0.000389 4.5e-06 0 0 0 0 0 0 0 0 0 0 0 0 
1 0.849117 0.613527 0.323828 0.094614 0.009971 0.0002765 5e-06 0 0 0 0 0 0 0 0 0 0 0 0 
1 0.850122 0.615847 0.327245 0.097904 0.011158 0.000377 5.5e-06 0 0 0 0 0 0 0 0 0 0 0 0 
1 0.84946 0.614126 0.325105 0.0963835 0.0107175 0.0003235 1e-06 0 0 0 0 0 0 0 0 0 0 0 0 
1 0.849422 0.615412 0.328323 0.0997965 0.011368 0.0003475 1e-06 0 0 0 0 0 0 0 0 0 0 0 0 
1 0.849372 0.614579 0.326208 0.09698 0.010808 0.000306 0 0 0 0 0 0 0 0 0 0 0 0 0 
1 0.849544 0.613282 0.324233 0.0965735 0.010738 0.000305 3e-06 0 0 0 0 0 0 0 0 0 0 0 0 
1 0.851433 0.618127 0.330774 0.0998415 0.011596 0.000361 4e-06 0 0 0 0 0 0 0 0 0 0 0 0 
1 0.850365 0.616562 0.328417 0.098895 0.011366 0.000435 3e-06 0 0 0 0 0 0 0 0 0 0 0 0 
1 0.848355 0.612289 0.32285 0.0949135 0.0104295 0.0002865 3.5e-06 0 0 0 0 0 0 0 0 0 0 0 0 
1 0.85042 0.616896 0.328516 0.099286 0.0111515 0.0003005 3.5e-06 0 0 0 0 0 0 0 0 0 0 0 0 
1 0.848623 0.612504 0.323072 0.094805 0.0103525 0.000265 0 0 0 0 0 0 0 0 0 0 0 0 0 
1 0.850692 0.61717 0.32972 0.09912 0.0114515 0.0003675 4.5e-06 0 0 0 0 0 0 0 0 0 0 0 0 
1 0.849757 0.615228 0.327017 0.0976735 0.0108875 0.0002945 2.5e-06 0 0 0 0 0 0 0 0 0 0 0 0 
1 0.848522 0.611835 0.32231 0.094805 0.010494 0.000345 3.5e-06 0 0 0 0 0 0 0 0 0 0 0 0 
1 0.850588 0.616087 0.327848 0.0979945 0.0109285 0.0002555 2e-06 0 0 0 0 0 0 0 0 0 0 0 0 
1 0.850291 0.615978 0.328465 0.097793 0.0107385 0.00029 2e-06 0 0 0 0 0 0 0 0 0 0 0 0 
1 0.850535 0.616918 0.328848 0.0992385 0.011253 0.000362 1.5e-06 0 0 0 0 0 0 0 0 0 0 0 0 
1 0.848704 0.613872 0.32533 0.096405 0.010934 0.000288 1.5e-06 0 0 0 0 0 0 0 0 0 0 0 0 
1 0.849708 0.615632 0.327452 0.097887 0.011109 0.0003315 0 0 0 0 0 0 0 0 0 0 0 0 0 
1 0.849639 0.61473 0.326178 0.0962805 0.0105405 0.0002945 5e-07 0 0 0 0 0 0 0 0 0 0 0 0 
1 0.849228 0.614709 0.324653 0.095962 0.0106145 0.0003045 2e-06 0 0 0 0 0 0 0 0 0 0 0 0 
1 0.850897 0.617669 0.329473 0.099216 0.0113915 0.000393 3.5e-06 0 0 0 0 0 0 0 0 0 0 0 0 
1 0.847412 0.610717 0.32031 0.093513 0.010194 0.0003055 3e-06 0 0 0 0 0 0 0 0 0 0 0 0 
1 0.849507 0.614697 0.325945 0.0968765 0.010798 0.0003195 5.5e-06 0 0 0 0 0 0 0 0 0 0 0 0 
1 0.848047 0.612139 0.322702 0.094924 0.0106355 0.000325 1e-06 0 0 0 0 0 0 0 0 0 0 0 0 
1 0.848885 0.614621 0.32687 0.097218 0.0107595 0.0003155 2e-06 0 0 0 0 0 0 0 0 0 0 0 0 
1 0.850712 0.616519 0.328505 0.098478 0.0107355 0.0002685 4.5e-06 0 0 0 0 0 0 0 0 0 0 0 0 
1 0.848023 0.61066 0.321688 0.0951805 0.010656 0.000308 2.5e-06 0 0 0 0 0 0 0 0 0 0 0 0 
1 0.85097 0.617789 0.328997 0.098586 0.0111165 0.0002875 0 0 0 0 0 0 0 0 0 0 0 0 0 
1 0.849424 0.613812 0.325434 0.0970445 0.0112215 0.000369 5e-07 0 0 0 0 0 0 0 0 0 0 0 0 
1 0.849395 0.614809 0.326146 0.097339 0.0106825 0.0002805 3e-06 0 0 0 0 0 0 0 0 0 0 0 0 
1 0.851523 0.617885 0.329718 0.098259 0.011052 0.000291 0 0 0 0 0 0 0 0 0 0 0 0 0 
1 0.84991 0.615893 0.328312 0.09911 0.0110705 0.0002915 3.5e-06 0 0 0 0 0 0 0 0 0 0 0 0 
1 0.852162 0.620857 0.333773 0.101193 0.0118825 0.000349 3.5e-06 0 0 0 0 0 0 0 0 0 0 0 0 
1 0.850256 0.615271 0.327013 0.0977045 0.010961 0.0003225 0 0 0 0 0 0 0 0 0 0 0 0 0 
1 0.850187 0.618247 0.33118 0.100457 0.011524 0.0003535 1e-06 0 0 0 0 0 0 0 0 0 0 0 0 
1 0.851961 0.621029 0.334161 0.101906 0.0116435 0.000327 5e-07 0 0 0 0 0 0 0 0 0 0 0 0 
1 0.852069 0.620465 0.333328 0.101509 0.011901 0.0003955 1.5e-06 0 0 0 0 0 0 0 0 0 0 0 0 
1 0.849246 0.615232 0.326448 0.0977885 0.0111395 0.000326 1e-06 0 0 0 0 0 0 0 0 0 0 0 0 
1 0.851632 0.619241 0.332458 0.101818 0.011856 0.000369 3e-06 0 0 0 0 0 0 0 0 0 0 0 0 
1 0.851981 0.620293 0.332798 0.101582 0.0118795 0.0003395 1.5e-06 0 0 0 0 0 0 0 0 0 0 0 0 
1 0.849893 0.615217 0.326733 0.097181 0.0109325 0.0003445 9.5e-06 4.5e-06 0 0 0 0 0 0 0 0 0 0 0 
1 0.850013 0.615255 0.326077 0.0969785 0.0107515 0.0002935 3.5e-06 0 0 0 0 0 0 0 0 0 0 0 0 
1 0.84967 0.614906 0.32547 0.096507 0.0106675 0.0002685 2e-06 0 0 0 0 0 0 0 0 0 0 0 0 
1 0.849847 0.615161 0.326026 0.096965 0.010863 0.0003365 3.5e-06 0 0 0 0 0 0 0 0 0 0 0 0 
1 0.849206 0.613858 0.324523 0.0958995 0.010663 0.000342 1.45e-05 0 0 0 0 0 0 0 0 0 0 0 0 
1 0.850284 0.616523 0.328793 0.0994995 0.011361 0.0002745 2e-06 0 0 0 0 0 0 0 0 0 0 0 0 
1 0.848697 0.612915 0.323335 0.094496 0.010204 0.000275 1.5e-06 0 0 0 0 0 0 0 0 0 0 0 0 
1 0.851063 0.618282 0.329808 0.098824 0.011082 0.000329 1e-06 0 0 0 0 0 0 0 0 0 0 0 0 
1 0.849157 0.614617 0.326588 0.097489 0.0108335 0.0002625 4.5e-06 0 0 0 0 0 0 0 0 0 0 0 0 
1 0.851588 0.61984 0.333341 0.10159 0.0116385 0.000343 1e-06 0 0 0 0 0 0 0 0 0 0 0 0 
1 0.847782 0.610735 0.320755 0.094199 0.010471 0.00029 4e-06 0 0 0 0 0 0 0 0 0 0 0 0 
1 0.84984 0.615734 0.327985 0.098506 0.0111655 0.0003965 3e-06 0 0 0 0 0 0 0 0 0 0 0 0 
1 0.851359 0.619492 0.332895 0.10162 0.011695 0.000319 3.5e-06 0 0 0 0 0 0 0 0 0 0 0 0 
1 0.848175 0.610991 0.320753 0.093581 0.0096145 0.0002575 5e-06 0 0 0 0 0 0 0 0 0 0 0 0 
1 0.849402 0.612985 0.32355 0.095669 0.010879 0.000371 1e-06 0 0 0 0 0 0 0 0 0 0 0 0 
1 0.850481 0.616528 0.327995 0.0975925 0.010628 0.0002635 2.5e-06 0 0 0 0 0 0 0 0 0 0 0 0 
1 0.851118 0.61856 0.330823 0.100247 0.011543 0.0003365 2.5e-06 0 0 0 0 0 0 0 0 0 0 0 0 
1 0.849202 0.613647 0.325294 0.0962705 0.0106545 0.000275 4e-06 0 0 0 0 0 0 0 0 0 0 0 0 
1 0.852441 0.620979 0.334496 0.102982 0.012164 0.00037 7e-06 0 0 0 0 0 0 0 0 0 0 0 0 
1 0.848308 0.612447 0.323095 0.09577 0.010701 0.000336 4.5e-06 0 0 0 0 0 0 0 0 0 0 0 0 
1 0.848811 0.613574 0.3255 0.0976825 0.011008 0.0003325 7e-06 0 0 0 0 0 0 0 0 0 0 0 0 
1 0.84973 0.61584 0.32664 0.09731 0.010757 0.000309 1e-06 0 0 0 0 0 0 0 0 0 0 0 0 
1 0.851632 0.618275 0.330018 0.0995675 0.011657 0.0004355 2e-06 0 0 0 0 0 0 0 0 0 0 0 0 
1 0.850608 0.617468 0.329139 0.09991 0.011695 0.000351 1e-06 0 0 0 0 0 0 0 0 0 0 0 0 
1 0.8506 0.616558 0.327837 0.0978275 0.0111025 0.0003135 3.5e-06 0 0 0 0 0 0 0 0 0 0 0 0 
1 0.852337 0.620248 0.332401 0.09996 0.011475 0.0003055 5.5e-06 0 0 0 0 0 0 0 0 0 0 0 0 
1 0.849006 0.613445 0.32558 0.0975255 0.0109915 0.00036 7.5e-06 0 0 0 0 0 0 0 0 0 0 0 0 
1 0.84984 0.615969 0.328445 0.0985125 0.0112495 0.0003335 0 0 0 0 0 0 0 0 0 0 0 0 0 
1 0.84996 0.615815 0.328027 0.098847 0.011264 0.0003825 3.5e-06 0 0 0 0 0 0 0 0 0 0 0 0 
1 0.852242 0.619955 0.332364 0.100796 0.0118085 0.000369 9.5e-06 0 0 0 0 0 0 0 0 0 0 0 0 
1 0.848305 0.612636 0.323847 0.095828 0.0107245 0.0003485 1e-06 0 0 0 0 0 0 0 0 0 0 0 0 
1 0.849915 0.615251 0.326887 0.0975735 0.0111455 0.0003525 8e-06 0 0 0 0 0 0 0 0 0 0 0 0 
1 0.848401 0.612274 0.322461 0.0946285 0.010124 0.000297 3.5e-06 0 0 0 0 0 0 0 0 0 0 0 0 
1 0.849653 0.615761 0.327754 0.0979865 0.0112795 0.0003795 1.25e-05 0 0 0 0 0 0 0 0 0 0 0 0 
1 0.849231 0.614008 0.325307 0.096151 0.0105215 0.0002875 5.5e-06 0 0 0 0 0 0 0 0 0 0 0 0 
1 0.849699 0.614691 0.327146 0.098261 0.011162 0.000297 1e-06 0 0 0 0 0 0 0 0 0 0 0 0 
1 0.849332 0.614287 0.324687 0.0962065 0.01078 0.000363 2e-06 0 0 0 0 0 0 0 0 0 0 0 0 
1 0.84894 0.6136 0.324404 0.0964185 0.01083 0.000295 1e-06 0 0 0 0 0 0 0 0 0 0 0 0 
1 0.849647 0.61517 0.326249 0.0969135 0.010556 0.000291 1.5e-06 0 0 0 0 0 0 0 0 0 0 0 0 
1 0.849951 0.616294 0.327985 0.0977385 0.010869 0.000374 3.5e-06 0 0 0 0 0 0 0 0 0 0 0 0 
1 0.849408 0.61421 0.325197 0.096705 0.0106715 0.000304 2e-06 0 0 0 0 0 0 0 0 0 0 0 0 
1 0.849503 0.614798 0.325927 0.096976 0.010823 0.0003335 6.5e-06 0 0 0 0 0 0 0 0 0 0 0 0 
1 0.850199 0.617013 0.329184 0.0993905 0.011357 0.000332 2.5e-06 0 0 0 0 0 0 0 0 0 0 0 0 
1 0.850391 0.616897 0.328535 0.098784 0.0114395 0.0003605 6e-06 0 0 0 0 0 0 0 0 0 0 0 0 
1 0.851217 0.618468 0.330597 0.100023 0.0114165 0.0003825 2.5e-06 0 0 0 0 0 0 0 0 0 0 0 0 
1 0.852218 0.621182 0.335532 0.103145 0.011819 0.000388 6e-06 0 0 0 0 0 0 0 0 0 0 0 0 
1 0.850561 0.616422 0.328477 0.0993055 0.0116245 0.0003915 4.5e-06 0 0 0 0 0 0 0 0 0 0 0 0 
1 0.847362 0.610215 0.321314 0.0954005 0.010947 0.000323 2.5e-06 0 0 0 0 0 0 0 0 0 0 0 0 
1 0.849755 0.61424 0.325924 0.0976915 0.0107925 0.0003035 3e-06 0 0 0 0 0 0 0 0 0 0 0 0 
1 0.846811 0.608861 0.319604 0.0937415 0.010097 0.0002395 5e-07 0 0 0 0 0 0 0 0 0 0 0 0 
1 0.850897 0.618374 0.330387 0.099569 0.011352 0.000344 4.5e-06 0 0 0 0 0 0 0 0 0 0 0 0 
1 0.850708 0.617866 0.330222 0.0992265 0.011401 0.00032 4e-06 0 0 0 0 0 0 0 0 0 0 0 0 
1 0.84989 0.615004 0.32674 0.097514 0.0107255 0.000296 5.5e-06 0 0 0 0 0 0 0 0 0 0 0 0 
1 0.849268 0.613884 0.32509 0.096882 0.010686 0.0002855 2e-06 0 0 0 0 0 0 0 0 0 0 0 0 
1 0.848359 0.612155 0.324029 0.095563 0.010709 0.000295 5e-07 0 0 0 0 0 0 0 0 0 0 0 0 
1 0.848531 0.612064 0.323245 0.0950055 0.0105055 0.0003105 4e-06 0 0 0 0 0 0 0 0 0 0 0 0 
1 0.849755 0.615238 0.327472 0.0982165 0.0111835 0.000312 6e-06 0 0 0 0 0 0 0 0 0 0 0 0 
1 0.851624 0.619105 0.332548 0.101283 0.0115655 0.0003435 2.5e-06 0 0 0 0 0 0 0 0 0 0 0 0 
1 0.850967 0.617522 0.328957 0.098485 0.011267 0.000306 1e-06 0 0 0 0 0 0 0 0 0 0 0 0 
1 0.849311 0.614529 0.32622 0.097435 0.0109575 0.000333 2e-06 0 0 0 0 0 0 0 0 0 0 0 0 
1 0.848959 0.612713 0.32337 0.0958635 0.0107835 0.0003255 2e-06 0 0 0 0 0 0 0 0 0 0 0 0 
