1 0.80208 0.53403 0.272625 0.102815 0.02924 0.00691 0.00134 0.000265 3.5e-05 5e-06 0 0 0 0 0 0 0 0 0 
1 0.799335 0.52816 0.265255 0.09556 0.025215 0.004845 0.00076 0.000155 3.5e-05 1e-05 0 0 0 0 0 0 0 0 0 
1 0.798905 0.528325 0.26481 0.095085 0.024965 0.004865 0.00077 0.000145 2e-05 5e-06 0 0 0 0 0 0 0 0 0 
1 0.80148 0.53093 0.2684 0.097555 0.026365 0.00573 0.001075 0.000185 2.5e-05 5e-06 0 0 0 0 0 0 0 0 0 
1 0.800625 0.5316 0.2688 0.10015 0.02831 0.006325 0.001195 0.000185 2.5e-05 5e-06 0 0 0 0 0 0 0 0 0 
1 0.797105 0.52534 0.26257 0.096525 0.02576 0.00562 0.00113 0.000115 1.5e-05 0 0 0 0 0 0 0 0 0 0 
1 0.80161 0.5338 0.27047 0.101125 0.02727 0.006015 0.00117 0.00021 3e-05 1e-05 0 0 0 0 0 0 0 0 0 
1 0.80067 0.5313 0.266945 0.096555 0.02528 0.005045 0.00077 9e-05 1e-05 5e-06 0 0 0 0 0 0 0 0 0 
1 0.79936 0.53272 0.268855 0.098025 0.02596 0.0053 0.000835 8.5e-05 0 0 0 0 0 0 0 0 0 0 0 
1 0.800195 0.528705 0.26574 0.09739 0.025895 0.005 0.000855 7.5e-05 5e-06 0 0 0 0 0 0 0 0 0 0 
1 0.799035 0.52984 0.265705 0.0957 0.024895 0.00491 0.0008 0.00011 1.5e-05 0 0 0 0 0 0 0 0 0 0 
1 0.800595 0.53051 0.266075 0.09714 0.025905 0.005395 0.00085 0.000125 5e-06 0 0 0 0 0 0 0 0 0 0 
1 0.79916 0.530945 0.27008 0.099745 0.02747 0.006235 0.00134 0.000255 3.5e-05 5e-06 0 0 0 0 0 0 0 0 0 
1 0.80158 0.53268 0.270345 0.09979 0.02734 0.00593 0.001195 0.000245 4.5e-05 5e-06 0 0 0 0 0 0 0 0 0 
1 0.80157 0.533415 0.271495 0.099765 0.026925 0.00553 0.001045 0.00021 5.5e-05 1e-05 5e-06 0 0 0 0 0 0 0 0 
1 0.799175 0.532425 0.270015 0.09955 0.027235 0.006015 0.001155 0.00019 3e-05 1e-05 0 0 0 0 0 0 0 0 0 
1 0.79653 0.52642 0.260655 0.093045 0.024955 0.005125 0.000895 0.000115 2e-05 5e-06 0 0 0 0 0 0 0 0 0 
1 0.800905 0.53181 0.270885 0.099655 0.026745 0.00567 0.00095 0.000125 5e-06 0 0 0 0 0 0 0 0 0 0 
1 0.79835 0.5302 0.26656 0.096585 0.0257 0.005235 0.00087 0.000125 4e-05 1.5e-05 0 0 0 0 0 0 0 0 0 
1 0.799705 0.529225 0.26529 0.09625 0.02566 0.00533 0.001065 0.000215 5e-05 0 0 0 0 0 0 0 0 0 0 
1 0.80002 0.530765 0.26755 0.09681 0.02585 0.00539 0.000985 0.000165 2e-05 0 0 0 0 0 0 0 0 0 0 
1 0.79956 0.52918 0.265965 0.09626 0.026195 0.00558 0.001085 0.000185 1e-05 0 0 0 0 0 0 0 0 0 0 
1 0.800595 0.532595 0.267985 0.09873 0.026715 0.00583 0.001085 0.00018 1.5e-05 0 0 0 0 0 0 0 0 0 0 
1 0.8 0.529 0.264845 0.095315 0.025415 0.005355 0.000925 0.00013 3e-05 5e-06 0 0 0 0 0 0 0 0 0 
1 0.79747 0.528945 0.26419 0.096975 0.02594 0.00582 0.001275 0.00026 3e-05 5e-06 0 0 0 0 0 0 0 0 0 
1 0.79742 0.52779 0.263955 0.09527 0.025075 0.00517 0.000865 9.5e-05 5e-06 5e-06 0 0 0 0 0 0 0 0 0 
1 0.80048 0.53263 0.268755 0.097465 0.026205 0.00554 0.001085 0.000215 4e-05 5e-06 0 0 0 0 0 0 0 0 0 
1 0.797365 0.52943 0.26643 0.09652 0.025525 0.005415 0.000815 0.000105 5e-06 0 0 0 0 0 0 0 0 0 0 
1 0.799945 0.532895 0.270945 0.100005 0.02702 0.005825 0.001005 0.000125 2.5e-05 5e-06 0 0 0 0 0 0 0 0 0 
1 0.80051 0.53068 0.268205 0.097605 0.02603 0.005315 0.00088 0.000135 1.5e-05 0 0 0 0 0 0 0 0 0 0 
1 0.80086 0.53226 0.268875 0.098465 0.02622 0.00516 0.000885 0.000135 1.5e-05 0 0 0 0 0 0 0 0 0 0 
1 0.800575 0.5322 0.268005 0.100055 0.026915 0.00552 0.00095 0.000155 2e-05 5e-06 0 0 0 0 0 0 0 0 0 
1 0.801145 0.53396 0.27143 0.099905 0.026195 0.00547 0.00078 7.5e-05 5e-06 0 0 0 0 0 0 0 0 0 0 
1 0.80156 0.53079 0.267265 0.0962 0.025625 0.005235 0.000915 0.00015 1.5e-05 5e-06 0 0 0 0 0 0 0 0 0 
1 0.797715 0.52636 0.264245 0.09668 0.02644 0.00567 0.001155 0.000205 3.5e-05 0 0 0 0 0 0 0 0 0 0 
1 0.80026 0.531935 0.269765 0.098775 0.026975 0.005805 0.00109 0.000195 1.5e-05 0 0 0 0 0 0 0 0 0 0 
1 0.80112 0.53223 0.266645 0.096725 0.02629 0.00565 0.00107 0.00014 1e-05 0 0 0 0 0 0 0 0 0 0 
1 0.800905 0.53164 0.268925 0.09865 0.025955 0.005305 0.00087 9.5e-05 5e-06 0 0 0 0 0 0 0 0 0 0 
1 0.80067 0.532245 0.26781 0.097735 0.026075 0.005835 0.001155 0.00024 5e-05 2e-05 0 0 0 0 0 0 0 0 0 
1 0.801195 0.534005 0.27 0.099865 0.027695 0.005845 0.00097 0.00012 3e-05 5e-06 5e-06 0 0 0 0 0 0 0 0 
1 0.799195 0.53306 0.2684 0.09841 0.026725 0.005705 0.000825 0.000105 2e-05 0 0 0 0 0 0 0 0 0 0 
1 0.80004 0.53075 0.268735 0.09756 0.02543 0.00533 0.00075 0.000115 5e-06 0 0 0 0 0 0 0 0 0 0 
1 0.79859 0.530355 0.267125 0.097995 0.027855 0.00598 0.000935 0.00012 3e-05 5e-06 0 0 0 0 0 0 0 0 0 
1 0.799275 0.53173 0.268435 0.09901 0.026495 0.00565 0.00119 0.00023 6e-05 2.5e-05 5e-06 0 0 0 0 0 0 0 0 
1 0.80005 0.53097 0.265545 0.09546 0.02533 0.00516 0.001 0.000165 3e-05 5e-06 0 0 0 0 0 0 0 0 0 
1 0.799065 0.530165 0.265895 0.09633 0.02575 0.00527 0.000865 0.00018 3e-05 0 0 0 0 0 0 0 0 0 0 
1 0.79884 0.528535 0.26486 0.0958 0.02541 0.00556 0.000985 0.000175 2e-05 0 0 0 0 0 0 0 0 0 0 
1 0.79833 0.52925 0.265845 0.096435 0.02564 0.0054 0.001115 0.000185 4.5e-05 1.5e-05 1e-05 0 0 0 0 0 0 0 0 
1 0.79811 0.52871 0.26509 0.09603 0.025645 0.00549 0.00084 8e-05 5e-06 0 0 0 0 0 0 0 0 0 0 
1 0.80119 0.53336 0.269245 0.098695 0.026595 0.005285 0.00094 0.00016 1.5e-05 0 0 0 0 0 0 0 0 0 0 
1 0.80135 0.532565 0.26878 0.099 0.027345 0.005945 0.001155 0.000195 3e-05 0 0 0 0 0 0 0 0 0 0 
1 0.801175 0.53304 0.272025 0.10255 0.028435 0.00622 0.001025 0.000165 1.5e-05 0 0 0 0 0 0 0 0 0 0 
1 0.80248 0.533105 0.26799 0.09799 0.027085 0.006215 0.001205 0.000195 2e-05 0 0 0 0 0 0 0 0 0 0 
1 0.80005 0.531655 0.26654 0.0971 0.025955 0.00539 0.00086 9e-05 2e-05 5e-06 0 0 0 0 0 0 0 0 0 
1 0.799825 0.532815 0.269865 0.09946 0.02735 0.00576 0.00101 0.00019 3e-05 0 0 0 0 0 0 0 0 0 0 
1 0.800975 0.531165 0.26844 0.09831 0.027015 0.006215 0.00115 0.00021 2.5e-05 0 0 0 0 0 0 0 0 0 0 
1 0.800355 0.53308 0.272805 0.10051 0.02714 0.006005 0.001075 0.000125 1.5e-05 0 0 0 0 0 0 0 0 0 0 
1 0.797905 0.527955 0.26632 0.097705 0.02706 0.00567 0.00093 0.00012 1e-05 0 0 0 0 0 0 0 0 0 0 
1 0.79799 0.529615 0.265575 0.096595 0.025865 0.005775 0.0011 0.00016 2e-05 0 0 0 0 0 0 0 0 0 0 
1 0.801365 0.5322 0.270395 0.100415 0.02746 0.00567 0.000975 9.5e-05 2.5e-05 5e-06 0 0 0 0 0 0 0 0 0 
1 0.7996 0.530105 0.267045 0.097615 0.02668 0.005905 0.00124 0.00022 1.5e-05 5e-06 0 0 0 0 0 0 0 0 0 
1 0.801345 0.53187 0.2684 0.0983 0.02652 0.005715 0.001025 0.00019 3.5e-05 0 0 0 0 0 0 0 0 0 0 
1 0.80014 0.529855 0.26679 0.097695 0.026675 0.00567 0.001085 0.000165 5e-06 0 0 0 0 0 0 0 0 0 0 
1 0.80135 0.53333 0.270035 0.099075 0.02698 0.005515 0.001025 0.000145 3e-05 0 0 0 0 0 0 0 0 0 0 
1 0.79942 0.53147 0.269945 0.09871 0.02625 0.005455 0.000955 0.000115 5e-06 0 0 0 0 0 0 0 0 0 0 
1 0.79575 0.52308 0.26043 0.094865 0.025855 0.00511 0.00077 0.0001 0 0 0 0 0 0 0 0 0 0 0 
1 0.802335 0.533525 0.27122 0.100755 0.027445 0.00568 0.00092 0.00013 3e-05 0 0 0 0 0 0 0 0 0 0 
1 0.79999 0.52738 0.264305 0.09561 0.025515 0.0053 0.000965 0.00012 3e-05 5e-06 0 0 0 0 0 0 0 0 0 
1 0.801575 0.53758 0.275415 0.10252 0.02936 0.006785 0.001275 0.00019 2e-05 0 0 0 0 0 0 0 0 0 0 
1 0.800195 0.529675 0.26611 0.098705 0.026485 0.00536 0.000895 8e-05 0 0 0 0 0 0 0 0 0 0 0 
1 0.797015 0.52427 0.25955 0.09339 0.024615 0.00502 0.000725 0.0001 1e-05 0 0 0 0 0 0 0 0 0 0 
1 0.800735 0.530335 0.268065 0.10057 0.028085 0.005985 0.00093 0.000145 1e-05 0 0 0 0 0 0 0 0 0 0 
1 0.79964 0.53139 0.268655 0.10001 0.028095 0.00624 0.001165 0.00018 5.5e-05 5e-06 0 0 0 0 0 0 0 0 0 
1 0.799775 0.529805 0.26858 0.098415 0.02653 0.005665 0.00106 0.00016 3e-05 0 0 0 0 0 0 0 0 0 0 
1 0.79781 0.52824 0.263025 0.095335 0.02591 0.00533 0.00095 0.000125 0 0 0 0 0 0 0 0 0 0 0 
1 0.80084 0.532735 0.268655 0.097835 0.02681 0.00568 0.00117 0.000165 5e-05 1.5e-05 5e-06 5e-06 0 0 0 0 0 0 0 
1 0.800815 0.53357 0.26857 0.0985 0.02718 0.00617 0.00115 0.00023 6.5e-05 1e-05 0 0 0 0 0 0 0 0 0 
1 0.79808 0.52786 0.264845 0.09602 0.025635 0.00527 0.001065 0.00016 1.5e-05 5e-06 0 0 0 0 0 0 0 0 0 
1 0.80002 0.53118 0.267035 0.098445 0.02695 0.005685 0.00107 0.00018 5e-06 0 0 0 0 0 0 0 0 0 0 
1 0.80186 0.535155 0.272615 0.10121 0.027345 0.00552 0.001035 0.00015 3.5e-05 0 0 0 0 0 0 0 0 0 0 
1 0.800655 0.534135 0.26993 0.10025 0.027745 0.00578 0.00107 0.00022 2.5e-05 0 0 0 0 0 0 0 0 0 0 
1 0.8015 0.533215 0.268465 0.098915 0.026295 0.005175 0.000735 0.000115 1e-05 0 0 0 0 0 0 0 0 0 0 
1 0.79643 0.526105 0.26319 0.093885 0.025295 0.00506 0.00084 0.000105 5e-06 0 0 0 0 0 0 0 0 0 0 
1 0.800415 0.528975 0.26546 0.095515 0.024995 0.0053 0.000835 0.00012 1e-05 0 0 0 0 0 0 0 0 0 0 
1 0.7999 0.53022 0.267285 0.097825 0.02649 0.00562 0.00108 0.000175 2.5e-05 0 0 0 0 0 0 0 0 0 0 
1 0.798085 0.527475 0.26492 0.09746 0.02619 0.005405 0.00091 0.00012 5e-06 0 0 0 0 0 0 0 0 0 0 
1 0.79675 0.52656 0.261515 0.094445 0.02505 0.005185 0.00087 0.000115 2e-05 5e-06 0 0 0 0 0 0 0 0 0 
1 0.80028 0.529615 0.26795 0.097885 0.02666 0.00568 0.000955 0.00014 2.5e-05 0 0 0 0 0 0 0 0 0 0 
1 0.79838 0.528315 0.26589 0.0972 0.026075 0.005665 0.00101 0.000175 1e-05 0 0 0 0 0 0 0 0 0 0 
1 0.798705 0.530545 0.26778 0.09803 0.0274 0.005675 0.000955 0.00016 2e-05 1e-05 0 0 0 0 0 0 0 0 0 
1 0.799595 0.528935 0.265055 0.09749 0.027105 0.00577 0.001 0.00014 5e-06 0 0 0 0 0 0 0 0 0 0 
1 0.802305 0.53417 0.26966 0.10052 0.02761 0.006225 0.00123 0.00023 1.5e-05 5e-06 0 0 0 0 0 0 0 0 0 
1 0.80067 0.531015 0.267155 0.09746 0.02683 0.00575 0.00108 0.00013 1.5e-05 0 0 0 0 0 0 0 0 0 0 
1 0.799145 0.53175 0.26918 0.099215 0.026705 0.00568 0.00104 0.000215 5e-05 1e-05 0 0 0 0 0 0 0 0 0 
1 0.80057 0.535285 0.270295 0.100975 0.027825 0.00658 0.001425 0.00036 0.000145 3.5e-05 1e-05 0 0 0 0 0 0 0 0 
1 0.803205 0.534815 0.27135 0.10006 0.0275 0.005805 0.00092 0.00014 1e-05 0 0 0 0 0 0 0 0 0 0 
1 0.799465 0.528295 0.264605 0.095795 0.025425 0.00509 0.00084 9.5e-05 1e-05 0 0 0 0 0 0 0 0 0 0 
1 0.800455 0.52905 0.26675 0.095545 0.025705 0.00576 0.00116 0.00018 1.5e-05 0 0 0 0 0 0 0 0 0 0 
1 0.798075 0.529125 0.26628 0.09692 0.026075 0.005285 0.000815 7.5e-05 1e-05 0 0 0 0 0 0 0 0 0 0 
1 0.80024 0.53149 0.268105 0.09677 0.025395 0.00544 0.00092 0.0002 3.5e-05 0 0 0 0 0 0 0 0 0 0 
1 0.80169 0.53366 0.26937 0.099225 0.027485 0.00627 0.00115 0.00017 1e-05 0 0 0 0 0 0 0 0 0 0 
1 0.8013 0.53308 0.267895 0.098105 0.026365 0.00631 0.001215 0.00021 1.5e-05 5e-06 0 0 0 0 0 0 0 0 0 
1 0.79801 0.527985 0.264985 0.09596 0.025835 0.00545 0.00097 0.000125 2e-05 5e-06 0 0 0 0 0 0 0 0 0 
1 0.80002 0.531975 0.26798 0.097535 0.027005 0.005785 0.00105 0.000175 2e-05 0 0 0 0 0 0 0 0 0 0 
1 0.79991 0.53067 0.269195 0.099875 0.028135 0.006215 0.00104 0.000145 1e-05 0 0 0 0 0 0 0 0 0 0 
1 0.79843 0.527975 0.266615 0.096855 0.02558 0.005535 0.00101 0.00018 4e-05 0 0 0 0 0 0 0 0 0 0 
1 0.79953 0.5293 0.26444 0.096065 0.025305 0.005365 0.0009 0.00013 1e-05 0 0 0 0 0 0 0 0 0 0 
1 0.798595 0.530135 0.266125 0.096835 0.025485 0.00501 0.000845 0.000185 1e-05 0 0 0 0 0 0 0 0 0 0 
1 0.801915 0.533515 0.273375 0.102715 0.03 0.007135 0.001435 0.000295 5.5e-05 0 0 0 0 0 0 0 0 0 0 
1 0.80065 0.53236 0.26872 0.09944 0.028315 0.00651 0.001455 0.00036 3.5e-05 0 0 0 0 0 0 0 0 0 0 
1 0.80181 0.5348 0.27145 0.10101 0.02816 0.006005 0.000925 0.000145 1.5e-05 0 0 0 0 0 0 0 0 0 0 
1 0.799825 0.53064 0.26588 0.095335 0.025295 0.004865 0.000815 0.000125 1e-05 0 0 0 0 0 0 0 0 0 0 
1 0.798895 0.53007 0.26625 0.09608 0.025265 0.00529 0.00091 0.00015 2e-05 1e-05 0 0 0 0 0 0 0 0 0 
1 0.801255 0.532755 0.26938 0.09931 0.027025 0.00561 0.00084 7.5e-05 1.5e-05 0 0 0 0 0 0 0 0 0 0 
1 0.801215 0.53189 0.27033 0.10125 0.02795 0.006185 0.001005 9.5e-05 3e-05 0 0 0 0 0 0 0 0 0 0 
1 0.79958 0.52883 0.26505 0.0965 0.025955 0.005475 0.000865 0.0001 1e-05 0 0 0 0 0 0 0 0 0 0 
1 0.797915 0.529915 0.265665 0.096055 0.023995 0.004595 0.00073 0.000105 5e-06 0 0 0 0 0 0 0 0 0 0 
1 0.79987 0.52911 0.26673 0.098055 0.02613 0.005125 0.000975 0.000105 2e-05 0 0 0 0 0 0 0 0 0 0 
1 0.79745 0.52676 0.262745 0.094625 0.025455 0.00521 0.000785 5e-05 1e-05 5e-06 0 0 0 0 0 0 0 0 0 
1 0.799775 0.53056 0.26677 0.09652 0.025695 0.00517 0.00095 0.00015 1.5e-05 1.5e-05 5e-06 0 0 0 0 0 0 0 0 
1 0.800085 0.52925 0.266185 0.095665 0.025325 0.00518 0.000995 0.00011 5e-06 0 0 0 0 0 0 0 0 0 0 
1 0.79764 0.52593 0.2649 0.096665 0.02676 0.005735 0.001025 0.000175 3.5e-05 0 0 0 0 0 0 0 0 0 0 
1 0.801095 0.53164 0.270145 0.099025 0.027055 0.005875 0.000895 9e-05 5e-06 0 0 0 0 0 0 0 0 0 0 
1 0.80097 0.53326 0.27006 0.099205 0.02737 0.005375 0.000725 0.00011 1e-05 0 0 0 0 0 0 0 0 0 0 
1 0.80099 0.531805 0.270745 0.100085 0.027605 0.00569 0.000975 0.000155 2e-05 0 0 0 0 0 0 0 0 0 0 
1 0.799605 0.530325 0.26668 0.097835 0.026775 0.00571 0.00112 0.000175 3e-05 0 0 0 0 0 0 0 0 0 0 
1 0.801525 0.535595 0.27318 0.10174 0.02801 0.00598 0.00094 0.000155 2.5e-05 5e-06 0 0 0 0 0 0 0 0 0 
1 0.798695 0.52947 0.264205 0.095365 0.025125 0.00481 0.000675 0.0001 2e-05 0 0 0 0 0 0 0 0 0 0 
1 0.797035 0.528355 0.26552 0.096205 0.0255 0.00501 0.000695 8e-05 1e-05 0 0 0 0 0 0 0 0 0 0 
1 0.798895 0.53125 0.266855 0.0965 0.025565 0.004845 0.000765 0.00013 1e-05 0 0 0 0 0 0 0 0 0 0 
1 0.80162 0.532285 0.269335 0.09884 0.02751 0.00623 0.001185 0.000255 5.5e-05 5e-06 0 0 0 0 0 0 0 0 0 
1 0.80284 0.53809 0.275305 0.10363 0.02905 0.006365 0.00115 0.00019 2.5e-05 0 0 0 0 0 0 0 0 0 0 
1 0.798865 0.52857 0.26407 0.09439 0.02478 0.005055 0.00085 0.00013 2e-05 0 0 0 0 0 0 0 0 0 0 
1 0.79824 0.52728 0.263105 0.094775 0.02519 0.004985 0.000895 0.00018 1e-05 5e-06 0 0 0 0 0 0 0 0 0 
1 0.8004 0.529405 0.266965 0.0994 0.02741 0.00574 0.00105 0.000175 2e-05 0 0 0 0 0 0 0 0 0 0 
1 0.80101 0.53189 0.26903 0.099555 0.0275 0.00623 0.001125 0.000125 1e-05 0 0 0 0 0 0 0 0 0 0 
1 0.801015 0.53038 0.266225 0.09679 0.026335 0.005965 0.001205 0.00027 5e-05 5e-06 0 0 0 0 0 0 0 0 0 
1 0.7986 0.528585 0.264775 0.09491 0.02526 0.005215 0.00089 9e-05 2e-05 0 0 0 0 0 0 0 0 0 0 
1 0.79671 0.525775 0.263885 0.09577 0.025535 0.005205 0.00094 0.00015 1.5e-05 0 0 0 0 0 0 0 0 0 0 
1 0.798725 0.529435 0.266325 0.095655 0.0253 0.005315 0.000795 7.5e-05 5e-06 0 0 0 0 0 0 0 0 0 0 
1 0.79866 0.53013 0.26628 0.09775 0.02677 0.00589 0.00099 0.000115 2e-05 0 0 0 0 0 0 0 0 0 0 
1 0.800555 0.529625 0.26599 0.096695 0.02569 0.005165 0.000955 0.00012 2.5e-05 1e-05 5e-06 0 0 0 0 0 0 0 0 
1 0.799195 0.529205 0.267655 0.096975 0.026105 0.00534 0.001015 0.000175 3e-05 0 0 0 0 0 0 0 0 0 0 
1 0.79754 0.52742 0.265145 0.095435 0.025 0.004605 0.00063 7e-05 5e-06 0 0 0 0 0 0 0 0 0 0 
1 0.80024 0.531875 0.26983 0.09955 0.027405 0.005765 0.000995 0.000115 1e-05 0 0 0 0 0 0 0 0 0 0 
1 0.79918 0.530755 0.26596 0.095655 0.025295 0.005385 0.00091 7.5e-05 1.34781e-17 0 0 0 0 0 0 0 0 0 0 
1 0.801905 0.534715 0.27274 0.10156 0.02782 0.00586 0.000875 9.5e-05 5e-06 0 0 0 0 0 0 0 0 0 0 
1 0.80075 0.5302 0.267195 0.098545 0.026845 0.00557 0.001 0.000115 0 0 0 0 0 0 0 0 0 0 0 
1 0.79773 0.52653 0.262845 0.093995 0.02446 0.005115 0.00079 0.00011 1.5e-05 5e-06 0 0 0 0 0 0 0 0 0 
1 0.80102 0.53332 0.271025 0.100765 0.02765 0.006125 0.001165 0.000165 1e-05 0 0 0 0 0 0 0 0 0 0 
