1 0.647425 0.29332 0.080505 0.013305 0.00155 0.00015 1e-05 0 0 0 0 0 0 0 0 0 0 0 0 
1 0.64922 0.29438 0.081815 0.014005 0.00155 0.000135 5e-06 0 0 0 0 0 0 0 0 0 0 0 0 
1 0.6473 0.29214 0.07879 0.01279 0.001395 0.0001 5e-06 0 0 0 0 0 0 0 0 0 0 0 0 
1 0.649795 0.29508 0.081485 0.01372 0.00155 0.00011 1e-05 0 0 0 0 0 0 0 0 0 0 0 0 
1 0.64969 0.2951 0.083065 0.013975 0.00158 0.000135 2.5e-05 0 0 0 0 0 0 0 0 0 0 0 0 
1 0.6493 0.295155 0.082425 0.0135 0.00152 0.00012 1.5e-05 0 0 0 0 0 0 0 0 0 0 0 0 
1 0.649195 0.294255 0.08089 0.01323 0.00154 0.00013 0 0 0 0 0 0 0 0 0 0 0 0 0 
1 0.652615 0.297515 0.0828 0.01386 0.00159 0.000155 5e-06 5e-06 0 0 0 0 0 0 0 0 0 0 0 
1 0.64949 0.29435 0.08174 0.01407 0.00157 0.000145 1e-05 0 0 0 0 0 0 0 0 0 0 0 0 
1 0.65034 0.29582 0.08155 0.01364 0.001545 0.000125 2e-05 0 0 0 0 0 0 0 0 0 0 0 0 
1 0.64688 0.29368 0.081435 0.0137 0.00144 0.00013 5e-06 0 0 0 0 0 0 0 0 0 0 0 0 
1 0.65136 0.296205 0.08278 0.013615 0.00163 0.00012 1.5e-05 0 0 0 0 0 0 0 0 0 0 0 0 
1 0.65169 0.29562 0.082425 0.013625 0.001535 0.000135 5e-06 0 0 0 0 0 0 0 0 0 0 0 0 
1 0.65347 0.299015 0.083305 0.01396 0.001625 0.000185 1e-05 0 0 0 0 0 0 0 0 0 0 0 0 
1 0.64893 0.29354 0.08127 0.013385 0.001475 0.000105 1e-05 5e-06 0 0 0 0 0 0 0 0 0 0 0 
1 0.65091 0.29704 0.083035 0.013605 0.00167 0.000105 1e-05 5e-06 0 0 0 0 0 0 0 0 0 0 0 
1 0.649545 0.29391 0.0819 0.013825 0.00165 0.000145 3.5e-05 5e-06 0 0 0 0 0 0 0 0 0 0 0 
1 0.648365 0.294945 0.08139 0.01367 0.00146 0.00019 2e-05 5e-06 0 0 0 0 0 0 0 0 0 0 0 
1 0.648995 0.295535 0.08132 0.01293 0.00137 0.000125 1e-05 0 0 0 0 0 0 0 0 0 0 0 0 
1 0.647745 0.292525 0.080045 0.01301 0.001545 0.000115 2e-05 5e-06 0 0 0 0 0 0 0 0 0 0 0 
1 0.650155 0.2961 0.081325 0.013285 0.00165 0.000115 5e-06 0 0 0 0 0 0 0 0 0 0 0 0 
1 0.648115 0.294735 0.080965 0.013165 0.00145 0.0001 1.5e-05 0 0 0 0 0 0 0 0 0 0 0 0 
1 0.651885 0.29586 0.0814 0.01365 0.001545 0.00011 1e-05 0 0 0 0 0 0 0 0 0 0 0 0 
1 0.64992 0.296595 0.08152 0.0137 0.001535 0.00012 1.5e-05 0 0 0 0 0 0 0 0 0 0 0 0 
1 0.648985 0.293165 0.08191 0.01355 0.00146 0.00014 5e-06 0 0 0 0 0 0 0 0 0 0 0 0 
1 0.652515 0.29636 0.081175 0.0133 0.00147 0.000145 1.5e-05 5e-06 0 0 0 0 0 0 0 0 0 0 0 
1 0.649975 0.294775 0.08203 0.0134 0.001485 0.000145 2e-05 0 0 0 0 0 0 0 0 0 0 0 0 
1 0.65099 0.297015 0.082875 0.01407 0.00182 0.00018 5e-06 0 0 0 0 0 0 0 0 0 0 0 0 
1 0.64888 0.2942 0.081095 0.01376 0.001535 0.000155 1.5e-05 0 0 0 0 0 0 0 0 0 0 0 0 
1 0.65066 0.296765 0.080695 0.01339 0.001425 0.00012 0 0 0 0 0 0 0 0 0 0 0 0 0 
1 0.64928 0.29526 0.08117 0.01309 0.001365 0.000115 5e-06 0 0 0 0 0 0 0 0 0 0 0 0 
1 0.65031 0.29535 0.082285 0.013635 0.00147 0.000155 5e-06 0 0 0 0 0 0 0 0 0 0 0 0 
1 0.649515 0.29609 0.082545 0.01326 0.00145 0.00014 5e-06 0 0 0 0 0 0 0 0 0 0 0 0 
1 0.6496 0.29422 0.080645 0.013935 0.00165 0.000185 1.5e-05 0 0 0 0 0 0 0 0 0 0 0 0 
1 0.651455 0.296675 0.082885 0.01383 0.00167 0.000145 5e-06 0 0 0 0 0 0 0 0 0 0 0 0 
1 0.64975 0.29362 0.080495 0.0133 0.00154 0.00019 5e-06 0 0 0 0 0 0 0 0 0 0 0 0 
1 0.64808 0.29291 0.081535 0.013775 0.001605 0.000155 0 0 0 0 0 0 0 0 0 0 0 0 0 
1 0.650835 0.29743 0.08238 0.013655 0.001485 0.000175 5e-06 0 0 0 0 0 0 0 0 0 0 0 0 
1 0.65001 0.29824 0.08307 0.013815 0.001615 0.000145 1e-05 0 0 0 0 0 0 0 0 0 0 0 0 
1 0.651725 0.298755 0.08305 0.01376 0.001415 0.000125 1e-05 0 0 0 0 0 0 0 0 0 0 0 0 
1 0.652875 0.29752 0.08433 0.014345 0.00163 0.00017 2e-05 0 0 0 0 0 0 0 0 0 0 0 0 
1 0.647385 0.290885 0.07865 0.01276 0.001375 0.000135 5e-06 0 0 0 0 0 0 0 0 0 0 0 0 
1 0.65132 0.296385 0.08135 0.013365 0.0015 0.000125 0 0 0 0 0 0 0 0 0 0 0 0 0 
1 0.649735 0.294845 0.08094 0.012875 0.00138 8e-05 5e-06 0 0 0 0 0 0 0 0 0 0 0 0 
1 0.647265 0.29434 0.0823 0.01377 0.00156 0.00017 5e-06 0 0 0 0 0 0 0 0 0 0 0 0 
1 0.64979 0.293195 0.08139 0.013795 0.00157 0.00012 0 0 0 0 0 0 0 0 0 0 0 0 0 
1 0.65056 0.297875 0.08191 0.01364 0.001455 0.00015 1e-05 0 0 0 0 0 0 0 0 0 0 0 0 
1 0.64809 0.29288 0.079925 0.013005 0.00153 0.000115 2.41904e-17 0 0 0 0 0 0 0 0 0 0 0 0 
1 0.64983 0.294475 0.0812 0.013135 0.00138 9.5e-05 5e-06 0 0 0 0 0 0 0 0 0 0 0 0 
1 0.650605 0.295975 0.08072 0.013545 0.001195 0.000125 5e-06 0 0 0 0 0 0 0 0 0 0 0 0 
1 0.653105 0.297725 0.082485 0.013705 0.001595 0.000155 5e-06 0 0 0 0 0 0 0 0 0 0 0 0 
1 0.647815 0.29278 0.08073 0.012715 0.001385 8e-05 1e-05 0 0 0 0 0 0 0 0 0 0 0 0 
1 0.64929 0.2942 0.081465 0.01333 0.00153 0.00016 2e-05 0 0 0 0 0 0 0 0 0 0 0 0 
1 0.64801 0.29316 0.07976 0.0131 0.00142 0.00013 2e-05 5e-06 0 0 0 0 0 0 0 0 0 0 0 
1 0.652245 0.297105 0.08167 0.013065 0.001415 0.000115 1e-05 0 0 0 0 0 0 0 0 0 0 0 0 
1 0.64876 0.29215 0.079675 0.012975 0.00144 0.000105 0 0 0 0 0 0 0 0 0 0 0 0 0 
1 0.651295 0.29653 0.083095 0.0139 0.001705 0.000165 1e-05 0 0 0 0 0 0 0 0 0 0 0 0 
1 0.653215 0.29897 0.08309 0.014035 0.001565 0.000135 5e-06 0 0 0 0 0 0 0 0 0 0 0 0 
1 0.64964 0.29439 0.080855 0.01307 0.001495 0.00016 1.5e-05 0 0 0 0 0 0 0 0 0 0 0 0 
1 0.65088 0.29577 0.082115 0.013595 0.00144 0.000155 1e-05 0 0 0 0 0 0 0 0 0 0 0 0 
1 0.6489 0.29339 0.080295 0.01313 0.00141 0.0001 2.5e-05 0 0 0 0 0 0 0 0 0 0 0 0 
1 0.65119 0.29614 0.081615 0.013445 0.00164 0.000175 1.5e-05 0 0 0 0 0 0 0 0 0 0 0 0 
1 0.649205 0.291225 0.07794 0.012675 0.0014 0.00014 0 0 0 0 0 0 0 0 0 0 0 0 0 
1 0.65281 0.298565 0.08325 0.013735 0.00143 0.000115 0 0 0 0 0 0 0 0 0 0 0 0 0 
1 0.65076 0.296805 0.082705 0.013485 0.001645 0.00015 0 0 0 0 0 0 0 0 0 0 0 0 0 
1 0.64876 0.295015 0.08262 0.01371 0.001635 0.00013 5e-06 0 0 0 0 0 0 0 0 0 0 0 0 
1 0.6489 0.294115 0.08131 0.013445 0.00158 9e-05 0 0 0 0 0 0 0 0 0 0 0 0 0 
1 0.65007 0.29515 0.08108 0.013735 0.00156 0.000105 0 0 0 0 0 0 0 0 0 0 0 0 0 
1 0.651225 0.297255 0.08269 0.01424 0.00168 0.00015 1e-05 0 0 0 0 0 0 0 0 0 0 0 0 
1 0.65178 0.296525 0.08108 0.013595 0.001415 0.00012 5e-06 0 0 0 0 0 0 0 0 0 0 0 0 
1 0.64877 0.29454 0.08017 0.01291 0.0013 0.00013 5e-06 0 0 0 0 0 0 0 0 0 0 0 0 
1 0.653095 0.29651 0.081885 0.01358 0.0014 0.000155 5e-06 0 0 0 0 0 0 0 0 0 0 0 0 
1 0.64779 0.290765 0.07971 0.012945 0.001355 0.0001 5e-06 0 0 0 0 0 0 0 0 0 0 0 0 
1 0.650065 0.295755 0.081745 0.01351 0.00153 0.000125 5e-06 5e-06 0 0 0 0 0 0 0 0 0 0 0 
1 0.64998 0.294555 0.081695 0.01359 0.001585 0.000175 1e-05 0 0 0 0 0 0 0 0 0 0 0 0 
1 0.648945 0.292805 0.08024 0.013065 0.0013 0.00013 1e-05 0 0 0 0 0 0 0 0 0 0 0 0 
1 0.651495 0.295075 0.081115 0.013485 0.001585 0.00015 0 0 0 0 0 0 0 0 0 0 0 0 0 
1 0.649195 0.2945 0.082005 0.013855 0.001535 0.000115 5e-06 0 0 0 0 0 0 0 0 0 0 0 0 
1 0.64958 0.293445 0.08076 0.01277 0.00139 0.000135 5e-06 5e-06 0 0 0 0 0 0 0 0 0 0 0 
1 0.65116 0.295505 0.081325 0.01326 0.0015 0.000115 0 0 0 0 0 0 0 0 0 0 0 0 0 
1 0.649225 0.29466 0.080945 0.013645 0.0014 0.00013 5e-06 0 0 0 0 0 0 0 0 0 0 0 0 
1 0.64825 0.295145 0.080985 0.013835 0.00169 0.00016 0 0 0 0 0 0 0 0 0 0 0 0 0 
1 0.64959 0.293995 0.082995 0.0142 0.001595 0.00012 5e-06 0 0 0 0 0 0 0 0 0 0 0 0 
1 0.65295 0.297865 0.083375 0.01324 0.001575 0.00016 1.5e-05 0 0 0 0 0 0 0 0 0 0 0 0 
1 0.65044 0.295115 0.080845 0.013485 0.00156 0.000145 1.5e-05 5e-06 0 0 0 0 0 0 0 0 0 0 0 
1 0.65209 0.29603 0.08207 0.013685 0.00131 9e-05 0 0 0 0 0 0 0 0 0 0 0 0 0 
1 0.651785 0.296585 0.083625 0.01391 0.00145 0.000115 1.5e-05 0 0 0 0 0 0 0 0 0 0 0 0 
1 0.64963 0.29448 0.08137 0.013365 0.00151 0.000145 1.5e-05 0 0 0 0 0 0 0 0 0 0 0 0 
1 0.6505 0.296105 0.081215 0.013675 0.001545 0.00012 5e-06 0 0 0 0 0 0 0 0 0 0 0 0 
1 0.65032 0.295485 0.08099 0.01339 0.00164 0.000145 1e-05 0 0 0 0 0 0 0 0 0 0 0 0 
1 0.651125 0.298105 0.08231 0.013375 0.00149 0.000135 5e-06 0 0 0 0 0 0 0 0 0 0 0 0 
1 0.64939 0.29584 0.08199 0.013715 0.001575 0.00016 2e-05 0 0 0 0 0 0 0 0 0 0 0 0 
1 0.64922 0.294865 0.08083 0.01338 0.001565 0.000155 2.5e-05 1e-05 0 0 0 0 0 0 0 0 0 0 0 
1 0.650835 0.297645 0.08177 0.01347 0.00153 0.000145 1.5e-05 0 0 0 0 0 0 0 0 0 0 0 0 
1 0.649315 0.29493 0.08176 0.01372 0.001755 0.000135 5e-06 0 0 0 0 0 0 0 0 0 0 0 0 
1 0.64925 0.293065 0.079535 0.012945 0.001325 9.5e-05 1e-05 0 0 0 0 0 0 0 0 0 0 0 0 
1 0.65145 0.29735 0.082975 0.013435 0.001585 0.000135 0 0 0 0 0 0 0 0 0 0 0 0 0 
1 0.647685 0.293395 0.080135 0.01318 0.0015 8e-05 0 0 0 0 0 0 0 0 0 0 0 0 0 
1 0.651945 0.296825 0.082025 0.0137 0.00142 0.000125 1e-05 0 0 0 0 0 0 0 0 0 0 0 0 
1 0.651335 0.29629 0.081835 0.01356 0.001595 0.00014 1.5e-05 5e-06 0 0 0 0 0 0 0 0 0 0 0 
