1 0.95147 0.87581 0.77199 0.65473 0.53784 0.43086 0.34025 0.2675 0.20792 0.16052 0.12327 0.09479 0.07113 0.05366 0.04022 0.03035 0.02345 0.01805 0.01424 
1 0.95008 0.8675 0.75913 0.63559 0.51475 0.40463 0.31265 0.23907 0.18156 0.1369 0.10349 0.07581 0.05611 0.04181 0.03059 0.02237 0.01644 0.01237 0.00891 
1 0.95233 0.87575 0.77279 0.6549 0.53845 0.43425 0.34481 0.27294 0.21435 0.16756 0.13115 0.10261 0.08021 0.06241 0.0478 0.03699 0.0289 0.02248 0.01725 
1 0.95089 0.87224 0.76642 0.64911 0.53012 0.42539 0.33708 0.26629 0.21127 0.16743 0.13346 0.10641 0.08452 0.06761 0.05401 0.04295 0.0345 0.02745 0.02159 
1 0.94946 0.86825 0.7606 0.6408 0.52214 0.41546 0.32612 0.25332 0.19698 0.15133 0.11669 0.08903 0.06889 0.05261 0.0406 0.03193 0.02492 0.01949 0.01513 
1 0.95232 0.8757 0.77328 0.65576 0.53828 0.4339 0.34687 0.27537 0.21838 0.17318 0.13834 0.10979 0.08801 0.07066 0.05627 0.0449 0.0354 0.02713 0.02031 
1 0.95131 0.87432 0.7706 0.65325 0.53675 0.43244 0.34191 0.26964 0.21011 0.16342 0.12724 0.09936 0.07743 0.06082 0.04858 0.03862 0.03106 0.02437 0.01923 
1 0.94971 0.87156 0.76806 0.64851 0.53291 0.42813 0.33921 0.26659 0.20642 0.15967 0.12339 0.09443 0.07153 0.0542 0.04132 0.03202 0.02508 0.01957 0.01468 
1 0.94874 0.86898 0.76312 0.64121 0.52237 0.41429 0.32426 0.25192 0.19549 0.15232 0.11955 0.09466 0.07509 0.05943 0.047 0.03696 0.02911 0.0227 0.01812 
1 0.94707 0.86324 0.75096 0.62502 0.50425 0.39612 0.30864 0.2391 0.18397 0.13964 0.1048 0.07756 0.0581 0.04392 0.03348 0.02604 0.02044 0.0158 0.01221 
1 0.94998 0.87157 0.7657 0.64783 0.53118 0.42703 0.34035 0.26545 0.20653 0.15972 0.12418 0.09658 0.07455 0.05704 0.04441 0.03395 0.02575 0.01952 0.01447 
1 0.94724 0.86464 0.75445 0.62996 0.50992 0.4017 0.31205 0.23826 0.1808 0.1375 0.10474 0.07981 0.06163 0.04791 0.03714 0.02899 0.02174 0.01619 0.01202 
1 0.95041 0.87211 0.7682 0.64933 0.53345 0.42978 0.34103 0.26835 0.21012 0.16435 0.12755 0.09873 0.07611 0.05801 0.04402 0.0325 0.0241 0.01767 0.01267 
1 0.95097 0.87318 0.77002 0.65038 0.53113 0.42183 0.3319 0.25755 0.19967 0.15393 0.11738 0.08946 0.06826 0.05141 0.0387 0.02877 0.021 0.01555 0.01105 
1 0.95055 0.87169 0.76561 0.64383 0.52425 0.41611 0.32714 0.25432 0.19662 0.15097 0.11527 0.08801 0.06658 0.0493 0.03632 0.02648 0.01929 0.01393 0.01041 
1 0.94905 0.86841 0.76268 0.64114 0.52358 0.4176 0.32711 0.25418 0.19455 0.14847 0.11242 0.08547 0.06439 0.04854 0.03625 0.02653 0.01985 0.01452 0.01117 
1 0.9499 0.86925 0.76027 0.63342 0.5088 0.39811 0.30679 0.23236 0.1758 0.13229 0.09865 0.07329 0.05437 0.04161 0.03169 0.02429 0.01853 0.01405 0.01032 
1 0.94877 0.86797 0.76028 0.63852 0.52175 0.41664 0.32939 0.25689 0.1989 0.15346 0.11881 0.09102 0.07097 0.05512 0.0426 0.03316 0.02564 0.02003 0.01539 
1 0.94881 0.86718 0.75771 0.63704 0.51921 0.41308 0.32311 0.25165 0.19585 0.15219 0.11805 0.09183 0.07184 0.05558 0.04285 0.03236 0.02454 0.01881 0.01433 
1 0.94843 0.86595 0.75674 0.6345 0.51447 0.40798 0.31799 0.24488 0.18701 0.14189 0.10785 0.08164 0.06191 0.04598 0.03408 0.02468 0.01774 0.01262 0.00899 
1 0.94852 0.86756 0.75996 0.63813 0.51944 0.41245 0.32497 0.25272 0.19704 0.15412 0.11989 0.09408 0.07422 0.05767 0.04519 0.03511 0.02706 0.02082 0.01605 
1 0.94812 0.86697 0.75836 0.63465 0.51392 0.40511 0.3134 0.24082 0.1821 0.13678 0.10175 0.07556 0.05628 0.0418 0.031 0.02349 0.01736 0.01228 0.00865 
1 0.95158 0.87465 0.77097 0.65369 0.53551 0.42783 0.33479 0.2594 0.19907 0.15169 0.1159 0.08876 0.06836 0.05284 0.04065 0.03074 0.02273 0.01669 0.01209 
1 0.94928 0.86716 0.7588 0.63675 0.5183 0.41223 0.32244 0.24961 0.19168 0.14542 0.11094 0.08427 0.06366 0.04754 0.03521 0.02664 0.02019 0.01566 0.01187 
1 0.94987 0.87164 0.76471 0.64437 0.52537 0.41817 0.32722 0.25549 0.19889 0.15441 0.11962 0.09401 0.07498 0.05984 0.04806 0.03853 0.03102 0.02479 0.02006 
1 0.95069 0.86999 0.76222 0.6415 0.52354 0.418 0.3284 0.25622 0.19818 0.1516 0.11722 0.0909 0.0705 0.0555 0.04405 0.03451 0.02733 0.0222 0.01803 
1 0.94885 0.87054 0.76409 0.64231 0.5256 0.41715 0.32589 0.25234 0.19485 0.14971 0.11545 0.08974 0.06989 0.05398 0.04111 0.03126 0.02362 0.01749 0.01241 
1 0.94771 0.86668 0.76049 0.63806 0.51765 0.41047 0.32093 0.24872 0.1921 0.14867 0.11413 0.08822 0.06886 0.0528 0.03971 0.02989 0.02203 0.01606 0.01155 
1 0.94859 0.86789 0.7599 0.6391 0.51978 0.41561 0.32619 0.25524 0.199 0.15513 0.12031 0.09369 0.0723 0.05575 0.0424 0.03267 0.02554 0.01968 0.01572 
1 0.94768 0.86552 0.75715 0.63686 0.51977 0.41497 0.32496 0.24982 0.19036 0.14484 0.10964 0.08238 0.06084 0.04478 0.03333 0.02474 0.01878 0.01418 0.01072 
1 0.95049 0.87347 0.76906 0.65136 0.53391 0.42758 0.33669 0.26199 0.20269 0.155 0.11675 0.0886 0.06629 0.05063 0.03858 0.02984 0.02235 0.01698 0.01302 
1 0.95279 0.87634 0.77308 0.65788 0.54602 0.44396 0.35515 0.28299 0.22274 0.174 0.13574 0.10647 0.08346 0.06615 0.05257 0.04308 0.03477 0.028 0.02307 
1 0.94992 0.86809 0.76236 0.64358 0.52572 0.4197 0.33102 0.25894 0.20121 0.15614 0.12019 0.09271 0.07243 0.05632 0.04314 0.03337 0.02517 0.01872 0.01382 
1 0.94933 0.86885 0.764 0.64357 0.52357 0.41638 0.32722 0.2555 0.19896 0.15389 0.11795 0.09046 0.06947 0.0531 0.04052 0.0306 0.02305 0.01741 0.01325 
1 0.95007 0.87167 0.76422 0.64588 0.52887 0.42173 0.33054 0.25718 0.19979 0.15524 0.12089 0.09392 0.07328 0.05781 0.04518 0.03551 0.02768 0.02197 0.01715 
1 0.9514 0.87476 0.77113 0.65257 0.5353 0.4314 0.34459 0.27409 0.21659 0.17246 0.13713 0.11079 0.08833 0.07033 0.05703 0.04509 0.03526 0.02782 0.02118 
1 0.95174 0.87504 0.77297 0.65599 0.54231 0.43594 0.34735 0.2726 0.214 0.16669 0.1301 0.10145 0.07891 0.06086 0.04693 0.0373 0.02933 0.02321 0.01858 
1 0.94901 0.86894 0.7601 0.63829 0.51814 0.40975 0.31868 0.24439 0.18482 0.13875 0.10307 0.07647 0.05659 0.04251 0.03155 0.02364 0.01808 0.01408 0.01139 
1 0.95106 0.87107 0.76598 0.64541 0.52655 0.4199 0.33322 0.26163 0.20284 0.15731 0.12247 0.09542 0.07285 0.05547 0.04303 0.03338 0.0263 0.02065 0.01613 
1 0.95142 0.8748 0.77221 0.65621 0.53919 0.43499 0.34565 0.2732 0.21626 0.16906 0.13285 0.10413 0.0819 0.06378 0.05024 0.03991 0.03152 0.02474 0.01945 
1 0.94908 0.86789 0.76158 0.64446 0.52686 0.42194 0.33143 0.25907 0.20265 0.15851 0.1225 0.0935 0.07146 0.0546 0.042 0.03218 0.02355 0.01704 0.0124 
1 0.95279 0.8759 0.77374 0.6567 0.53869 0.43369 0.34487 0.2713 0.21291 0.16525 0.12719 0.09841 0.07708 0.06087 0.04809 0.03837 0.03022 0.02385 0.01873 
1 0.94822 0.86476 0.75257 0.62652 0.50261 0.39312 0.30358 0.23179 0.17689 0.13431 0.10201 0.07716 0.05828 0.04337 0.03201 0.02335 0.01637 0.01132 0.00789 
1 0.95298 0.87623 0.77487 0.6564 0.53744 0.43103 0.34086 0.26592 0.20589 0.16026 0.12387 0.09638 0.07512 0.05794 0.04422 0.0344 0.02671 0.02028 0.01571 
1 0.94998 0.86969 0.76201 0.64064 0.52202 0.41542 0.32557 0.25398 0.19824 0.15505 0.1206 0.09402 0.07313 0.05631 0.04297 0.03297 0.02538 0.01962 0.01553 
1 0.95084 0.87338 0.76813 0.64981 0.53219 0.42713 0.33904 0.26707 0.20987 0.16525 0.13114 0.10411 0.08249 0.06612 0.05243 0.04119 0.03271 0.02533 0.0192 
1 0.95144 0.87162 0.76553 0.64519 0.5273 0.42086 0.32971 0.25508 0.19836 0.15336 0.11807 0.09099 0.07035 0.05455 0.04167 0.03218 0.02415 0.01772 0.01356 
1 0.94839 0.86932 0.76219 0.64238 0.52222 0.4174 0.32832 0.25673 0.19882 0.15436 0.11987 0.09138 0.0702 0.05376 0.04085 0.03132 0.02373 0.01742 0.01298 
1 0.95209 0.87578 0.77322 0.65602 0.53773 0.43336 0.34358 0.26946 0.2091 0.16068 0.12356 0.09478 0.07253 0.05606 0.04263 0.03227 0.02477 0.01883 0.01418 
1 0.95094 0.87032 0.76405 0.64065 0.51855 0.41095 0.32043 0.24616 0.18908 0.14414 0.10986 0.08337 0.06282 0.04879 0.03671 0.02767 0.0206 0.01525 0.01153 
1 0.95087 0.87451 0.77002 0.65141 0.5365 0.4333 0.34603 0.27367 0.21349 0.16755 0.13101 0.10207 0.07917 0.06155 0.04728 0.03586 0.0274 0.02068 0.01563 
1 0.94697 0.86235 0.74899 0.62364 0.49925 0.39111 0.30366 0.23377 0.17856 0.13586 0.10359 0.07875 0.06052 0.04437 0.03309 0.02481 0.01876 0.01443 0.01072 
1 0.95068 0.87195 0.76748 0.64844 0.52883 0.42384 0.33591 0.26519 0.20936 0.16515 0.12979 0.10216 0.07962 0.06258 0.04981 0.0389 0.03027 0.02355 0.01843 
1 0.94935 0.87037 0.76267 0.64168 0.52186 0.41717 0.32735 0.25427 0.19684 0.15235 0.11754 0.09097 0.07004 0.05363 0.04135 0.03187 0.02464 0.01902 0.01479 
1 0.94717 0.861 0.75076 0.62568 0.50524 0.39828 0.30852 0.23743 0.1797 0.13489 0.10084 0.0746 0.05469 0.04148 0.03093 0.02302 0.01716 0.01305 0.00971 
1 0.95166 0.87165 0.76836 0.64895 0.53024 0.42483 0.33692 0.26636 0.21079 0.16686 0.13228 0.10587 0.08454 0.06737 0.05263 0.04156 0.03197 0.02531 0.01932 
1 0.95042 0.86976 0.76239 0.64164 0.52476 0.4195 0.32826 0.25413 0.1951 0.14895 0.11278 0.08491 0.06498 0.04923 0.0374 0.02817 0.02129 0.01606 0.01218 
1 0.94976 0.87003 0.76204 0.64017 0.52092 0.4167 0.32881 0.25682 0.19847 0.15411 0.11889 0.09191 0.07007 0.05362 0.04095 0.03187 0.02458 0.01894 0.01503 
1 0.95004 0.87092 0.76639 0.65159 0.53771 0.4356 0.34677 0.27437 0.21493 0.16721 0.13001 0.10023 0.07858 0.0611 0.0477 0.03692 0.02922 0.02324 0.01851 
1 0.94978 0.86909 0.76399 0.64367 0.5258 0.41961 0.32904 0.25532 0.19662 0.14985 0.11357 0.08514 0.06309 0.0458 0.03349 0.02435 0.01792 0.01318 0.00972 
1 0.94862 0.8659 0.75722 0.63482 0.5171 0.41046 0.32137 0.24907 0.19352 0.14993 0.11643 0.09104 0.07114 0.05502 0.04275 0.03232 0.02506 0.01865 0.01412 
1 0.94877 0.86636 0.75685 0.6352 0.51267 0.4079 0.31858 0.24665 0.18927 0.1461 0.11345 0.08733 0.06803 0.05325 0.04184 0.03334 0.02635 0.02093 0.01608 
1 0.94947 0.86816 0.75919 0.63413 0.51214 0.40475 0.31431 0.2401 0.1836 0.13902 0.10551 0.08076 0.06104 0.04529 0.03359 0.02532 0.01878 0.01405 0.01071 
1 0.95301 0.87778 0.77518 0.66037 0.54598 0.44118 0.3521 0.27872 0.21902 0.17098 0.13408 0.10474 0.08246 0.06502 0.05105 0.04011 0.0317 0.02518 0.01964 
1 0.95126 0.86861 0.76058 0.64006 0.5232 0.41898 0.33252 0.26242 0.20899 0.16659 0.13238 0.10451 0.08225 0.06442 0.04881 0.03669 0.0271 0.01954 0.01413 
1 0.95016 0.87201 0.76603 0.64751 0.52936 0.42203 0.33286 0.25965 0.20012 0.15507 0.11962 0.09209 0.07054 0.05475 0.04198 0.03183 0.02367 0.01748 0.01345 
1 0.94948 0.87137 0.76502 0.64619 0.52982 0.4264 0.33962 0.2682 0.20954 0.16385 0.1277 0.09984 0.0781 0.06099 0.04794 0.03785 0.02957 0.02328 0.01836 
1 0.94922 0.86725 0.75819 0.63757 0.51627 0.40963 0.31965 0.24669 0.18848 0.14281 0.10696 0.07904 0.05832 0.04346 0.03217 0.02326 0.0166 0.01163 0.0082 
1 0.94932 0.86763 0.75831 0.63615 0.51621 0.40844 0.31647 0.2434 0.18597 0.14123 0.10894 0.08322 0.06396 0.04998 0.03882 0.03059 0.02373 0.0185 0.0143 
1 0.94775 0.86665 0.75927 0.63829 0.51902 0.41266 0.32529 0.25414 0.19697 0.15318 0.11839 0.09121 0.06965 0.05274 0.03935 0.02947 0.0222 0.01646 0.01218 
1 0.94964 0.86934 0.76045 0.63895 0.52122 0.41569 0.32628 0.25417 0.19862 0.15559 0.12228 0.09517 0.07452 0.05767 0.04387 0.03396 0.02669 0.02091 0.01655 
1 0.95091 0.87295 0.76698 0.64754 0.52998 0.42651 0.3403 0.26885 0.21132 0.16719 0.13216 0.10538 0.08362 0.06611 0.05254 0.041 0.03172 0.02412 0.01824 
1 0.94909 0.86772 0.75852 0.63517 0.51579 0.40648 0.31799 0.24569 0.18912 0.1464 0.11328 0.08672 0.06658 0.05101 0.03908 0.02959 0.02233 0.0165 0.01223 
1 0.95038 0.87086 0.76448 0.64442 0.52471 0.4172 0.32842 0.25561 0.19787 0.15297 0.11863 0.09247 0.07218 0.05619 0.04372 0.03409 0.02684 0.02075 0.0156 
1 0.9508 0.87215 0.76431 0.64297 0.52162 0.41462 0.32492 0.25162 0.19421 0.14889 0.11255 0.08396 0.06246 0.04645 0.03346 0.02363 0.01659 0.0122 0.00845 
1 0.94972 0.86912 0.76218 0.64234 0.52281 0.41577 0.32709 0.25573 0.19738 0.15244 0.11724 0.08965 0.06829 0.05131 0.03805 0.02852 0.02162 0.01656 0.01295 
1 0.94957 0.86961 0.76306 0.64146 0.52329 0.41674 0.32833 0.256 0.20002 0.15482 0.12064 0.09291 0.06983 0.05395 0.04128 0.03113 0.02351 0.01768 0.01351 
1 0.94988 0.86786 0.75851 0.63576 0.51496 0.40889 0.32012 0.2486 0.19242 0.14723 0.11427 0.08721 0.06639 0.05019 0.03785 0.02897 0.02248 0.01699 0.01273 
1 0.95023 0.86886 0.75773 0.63594 0.51523 0.40845 0.3189 0.24625 0.18931 0.14698 0.11339 0.08752 0.06733 0.04986 0.03759 0.02805 0.02056 0.01543 0.01153 
1 0.95144 0.87499 0.7705 0.65457 0.53962 0.43468 0.34507 0.27179 0.21141 0.16254 0.12371 0.09412 0.07014 0.05258 0.03937 0.0295 0.02165 0.01657 0.01253 
1 0.94974 0.86876 0.76055 0.63671 0.51524 0.40914 0.31825 0.24653 0.19021 0.14813 0.1147 0.08958 0.07049 0.05513 0.04294 0.034 0.0268 0.02108 0.01618 
1 0.95118 0.87452 0.76967 0.6508 0.53372 0.42954 0.34285 0.26803 0.20833 0.15986 0.12216 0.09234 0.06907 0.05136 0.03756 0.02751 0.01939 0.01371 0.00943 
1 0.95011 0.87025 0.76112 0.63983 0.51849 0.41128 0.32182 0.24936 0.19358 0.14826 0.11367 0.08711 0.0667 0.05091 0.03842 0.02848 0.02051 0.01498 0.0104 
1 0.95131 0.87481 0.77172 0.65538 0.53845 0.43375 0.34583 0.27417 0.21617 0.16916 0.1336 0.10509 0.08323 0.06634 0.05207 0.04193 0.03376 0.02697 0.02212 
1 0.95066 0.87294 0.76856 0.65119 0.53542 0.43053 0.34254 0.2703 0.21338 0.16794 0.13255 0.10526 0.08329 0.06638 0.05362 0.04344 0.03538 0.02869 0.02311 
1 0.95189 0.87574 0.76965 0.65204 0.53374 0.4266 0.33408 0.26018 0.20361 0.15991 0.12584 0.09866 0.07891 0.0633 0.0516 0.04291 0.03644 0.03064 0.02597 
1 0.94967 0.87233 0.76794 0.64927 0.53417 0.43005 0.342 0.26648 0.20812 0.16193 0.12644 0.09914 0.07673 0.05914 0.04498 0.03429 0.02558 0.01932 0.01463 
1 0.95017 0.86933 0.76074 0.63914 0.52202 0.41534 0.32481 0.25175 0.19391 0.14844 0.11288 0.08573 0.06471 0.04824 0.03577 0.02582 0.01893 0.01377 0.00979 
1 0.94839 0.86721 0.75946 0.63781 0.51881 0.41295 0.3257 0.25529 0.19902 0.15415 0.11937 0.0924 0.07076 0.05479 0.04234 0.03277 0.02527 0.01942 0.01467 
1 0.95032 0.87022 0.76233 0.64227 0.52528 0.41783 0.32766 0.25515 0.19721 0.15241 0.11627 0.08819 0.06661 0.04925 0.03631 0.02642 0.01904 0.01358 0.00912 
1 0.95105 0.87104 0.76473 0.64468 0.52563 0.41818 0.32748 0.25419 0.19635 0.15172 0.11788 0.09324 0.0743 0.05987 0.04839 0.03917 0.03156 0.02543 0.02018 
1 0.95164 0.87436 0.7697 0.65279 0.53725 0.4322 0.34517 0.27573 0.21997 0.17637 0.14075 0.11244 0.08924 0.07035 0.05573 0.04361 0.03451 0.02671 0.02003 
1 0.95173 0.87608 0.7721 0.65368 0.53438 0.42829 0.34041 0.26779 0.2098 0.1634 0.12571 0.09681 0.07509 0.0577 0.04354 0.03221 0.0236 0.01703 0.01223 
1 0.94967 0.86961 0.76374 0.64334 0.52512 0.41773 0.32821 0.25709 0.20113 0.15838 0.12507 0.09988 0.0797 0.06414 0.05183 0.0416 0.03446 0.02798 0.02289 
1 0.95048 0.87229 0.76774 0.64682 0.52924 0.42396 0.33569 0.26355 0.20521 0.15737 0.12034 0.09129 0.06915 0.05234 0.04007 0.0304 0.02274 0.01695 0.013 
1 0.94779 0.86628 0.75903 0.63878 0.5236 0.42148 0.33601 0.26627 0.21018 0.16567 0.13058 0.10164 0.07827 0.05996 0.0458 0.03502 0.02671 0.02044 0.01537 
1 0.95208 0.87412 0.76942 0.64994 0.52719 0.41985 0.32757 0.25331 0.19379 0.14779 0.11085 0.08191 0.06037 0.0438 0.03153 0.02194 0.01455 0.00965 0.00591 
1 0.94826 0.86767 0.75912 0.63926 0.52199 0.41464 0.32716 0.25482 0.19759 0.15286 0.11806 0.09057 0.07023 0.05383 0.04138 0.03127 0.02353 0.01747 0.01296 
1 0.94819 0.86593 0.75603 0.63307 0.51469 0.40745 0.32042 0.24997 0.19493 0.15119 0.11821 0.0917 0.07187 0.05602 0.04321 0.03289 0.02542 0.01945 0.01548 
1 0.9504 0.87219 0.76722 0.64574 0.52637 0.41828 0.326 0.25277 0.19411 0.14862 0.11343 0.08626 0.06514 0.04853 0.03562 0.02509 0.01787 0.01224 0.00816 
1 0.94896 0.86937 0.76353 0.64128 0.52437 0.41613 0.32554 0.25364 0.1962 0.15043 0.11445 0.08685 0.06554 0.04836 0.03598 0.02656 0.01944 0.01394 0.00965 
1 0.94987 0.87062 0.76219 0.6404 0.52023 0.41214 0.32107 0.24755 0.18957 0.14472 0.11081 0.08549 0.066 0.05004 0.03726 0.028 0.02082 0.01531 0.01134 
1 0.95058 0.87442 0.77064 0.65376 0.53871 0.43421 0.34759 0.27637 0.21881 0.17178 0.13588 0.10705 0.0831 0.06465 0.05024 0.0384 0.02962 0.02252 0.01716 
1 0.94797 0.86475 0.75237 0.629 0.50736 0.39908 0.30948 0.23803 0.1807 0.1378 0.1045 0.07866 0.05904 0.04465 0.03374 0.02527 0.01867 0.01406 0.01061 
1 0.95081 0.8698 0.76255 0.64179 0.52497 0.41794 0.32808 0.25585 0.19839 0.15348 0.12078 0.0949 0.0754 0.05985 0.04634 0.0361 0.02823 0.02173 0.01641 
1 0.95212 0.87519 0.77033 0.65278 0.53654 0.43356 0.34708 0.27706 0.22079 0.17692 0.14034 0.11245 0.08901 0.07075 0.05542 0.04394 0.03476 0.027 0.02064 
1 0.95195 0.87504 0.77153 0.65559 0.53992 0.43447 0.34442 0.27204 0.21397 0.16682 0.13006 0.10239 0.08002 0.06246 0.04861 0.03773 0.02966 0.02342 0.01867 
1 0.95107 0.87466 0.76956 0.6522 0.53549 0.43344 0.34709 0.27593 0.22006 0.1744 0.13881 0.11081 0.08814 0.07013 0.05574 0.04429 0.03487 0.02766 0.02218 
1 0.94871 0.86821 0.75789 0.63608 0.51569 0.40844 0.31876 0.24875 0.19288 0.14938 0.11494 0.08744 0.06675 0.05113 0.03895 0.02977 0.02234 0.01659 0.01209 
1 0.95095 0.87237 0.76682 0.64705 0.52738 0.42127 0.33015 0.25569 0.19555 0.15 0.11436 0.08705 0.06641 0.0507 0.03849 0.02963 0.02243 0.01687 0.01244 
1 0.95197 0.8774 0.77544 0.6577 0.53909 0.43188 0.34432 0.27212 0.21597 0.17062 0.13518 0.10698 0.08457 0.06753 0.05422 0.04444 0.03676 0.03024 0.02547 
1 0.95079 0.87334 0.76978 0.65485 0.54058 0.43605 0.34732 0.27424 0.2144 0.16785 0.13043 0.102 0.07993 0.0613 0.04691 0.03559 0.02687 0.01992 0.01491 
1 0.95137 0.87227 0.76496 0.64434 0.52489 0.41804 0.32591 0.25166 0.19432 0.15078 0.11714 0.09072 0.07049 0.0544 0.04176 0.032 0.02413 0.01815 0.0136 
1 0.94871 0.86795 0.75971 0.6392 0.51972 0.4143 0.32499 0.25518 0.19883 0.15449 0.12023 0.09377 0.07328 0.05787 0.04483 0.03497 0.02721 0.02166 0.01739 
1 0.94867 0.86721 0.75783 0.63398 0.51059 0.40051 0.30828 0.23369 0.17846 0.13509 0.10213 0.0763 0.05653 0.04129 0.02966 0.02124 0.01482 0.0105 0.00736 
1 0.95057 0.86982 0.76185 0.64105 0.52342 0.41809 0.32801 0.25421 0.19619 0.15086 0.11589 0.08765 0.0666 0.04976 0.03647 0.02716 0.02002 0.01474 0.01085 
1 0.95029 0.8714 0.76796 0.64961 0.53112 0.42572 0.33778 0.26787 0.21112 0.16715 0.13114 0.10338 0.08069 0.06327 0.0501 0.03947 0.03005 0.02339 0.01787 
1 0.94922 0.86759 0.76166 0.64007 0.5216 0.41808 0.33004 0.25911 0.20465 0.16139 0.12714 0.09993 0.07734 0.06022 0.0465 0.03561 0.02711 0.02073 0.01563 
1 0.95397 0.87822 0.7775 0.66254 0.54719 0.44505 0.35744 0.28498 0.22638 0.17941 0.14181 0.11131 0.08702 0.06695 0.05196 0.04034 0.03128 0.02389 0.0182 
1 0.95302 0.87901 0.78033 0.66804 0.55641 0.45305 0.36601 0.29468 0.23697 0.19029 0.15271 0.12303 0.09855 0.07869 0.06256 0.04853 0.03717 0.02787 0.02112 
1 0.95078 0.87503 0.76909 0.64939 0.5312 0.42594 0.33835 0.27016 0.2158 0.17261 0.13765 0.11185 0.09116 0.07425 0.06067 0.05013 0.04167 0.03533 0.02977 
1 0.95056 0.87256 0.76751 0.64937 0.53091 0.42566 0.33483 0.25985 0.20099 0.15545 0.12114 0.09548 0.0749 0.05921 0.04613 0.03652 0.02835 0.02195 0.01685 
1 0.95023 0.86737 0.75865 0.63759 0.51998 0.4138 0.32396 0.25202 0.19617 0.15305 0.11927 0.09321 0.07355 0.05829 0.04613 0.03591 0.02781 0.0222 0.01747 
1 0.95267 0.8724 0.76795 0.6486 0.52785 0.42404 0.33313 0.2611 0.20557 0.1608 0.1254 0.09776 0.07581 0.05847 0.04506 0.03485 0.02718 0.0214 0.01712 
1 0.95141 0.87367 0.76923 0.64901 0.53129 0.42522 0.33542 0.26162 0.20467 0.15826 0.12243 0.09368 0.07176 0.05422 0.04114 0.03094 0.0227 0.01653 0.01219 
