1 0.99014 0.971965 0.939327 0.88625 0.808157 0.711795 0.606272 0.503737 0.41303 0.336232 0.272307 0.220227 0.17552 0.13633 0.10429 0.079055 0.0597875 0.044075 0.031415 
1 0.991927 0.976677 0.94961 0.905357 0.841202 0.76245 0.676045 0.590322 0.509417 0.43607 0.369617 0.309617 0.25688 0.212032 0.174812 0.146297 0.12459 0.108072 0.0950925 
1 0.991217 0.975245 0.946365 0.898345 0.829892 0.742082 0.645575 0.546522 0.451497 0.363355 0.28661 0.222055 0.168655 0.125448 0.0904675 0.06244 0.0421825 0.028565 0.0196175 
1 0.989942 0.97134 0.93751 0.883745 0.807437 0.715832 0.619497 0.527725 0.44799 0.3811 0.323012 0.273897 0.23092 0.19286 0.158675 0.128852 0.104335 0.0852225 0.0700525 
1 0.990092 0.971012 0.936975 0.881665 0.80284 0.705775 0.601507 0.500962 0.411757 0.334562 0.269447 0.215045 0.169677 0.13267 0.104123 0.08156 0.063315 0.0490525 0.0377675 
1 0.990767 0.973172 0.941642 0.890687 0.818725 0.728482 0.63048 0.531612 0.437092 0.34926 0.272455 0.207215 0.152467 0.107918 0.0737875 0.0496125 0.033815 0.0229275 0.01483 
1 0.99188 0.976645 0.949642 0.905955 0.842482 0.763812 0.675422 0.586715 0.504772 0.433597 0.37406 0.324955 0.28305 0.246747 0.212882 0.182937 0.15813 0.136862 0.118027 
1 0.989337 0.969692 0.934265 0.878195 0.80101 0.706637 0.607672 0.51361 0.430367 0.35873 0.297162 0.243922 0.198505 0.159805 0.12636 0.0990475 0.077485 0.0601425 0.0449675 
1 0.987992 0.964812 0.923922 0.85952 0.771135 0.667825 0.56166 0.461427 0.374885 0.299955 0.23942 0.19178 0.155785 0.128018 0.105188 0.0853775 0.06899 0.0560975 0.0461475 
1 0.99093 0.97332 0.941477 0.890162 0.81637 0.724135 0.62224 0.522672 0.433425 0.356737 0.292077 0.238082 0.192667 0.153685 0.12172 0.0961175 0.0767375 0.0609725 0.047435 
1 0.989592 0.969502 0.93357 0.87528 0.79297 0.69144 0.584277 0.48238 0.393105 0.318475 0.258812 0.209457 0.169182 0.136337 0.1092 0.0867775 0.0691675 0.05637 0.0471425 
1 0.99009 0.97138 0.938062 0.884937 0.809592 0.717982 0.62076 0.528732 0.447242 0.377577 0.316587 0.26459 0.221107 0.18595 0.158205 0.13564 0.11694 0.10018 0.0848825 
1 0.990437 0.97269 0.941047 0.889132 0.81463 0.72152 0.618735 0.518302 0.428187 0.35129 0.285702 0.230795 0.18689 0.1507 0.12187 0.099115 0.082075 0.068575 0.056725 
1 0.989277 0.968832 0.93269 0.87428 0.79224 0.692512 0.58456 0.483285 0.395972 0.324955 0.269362 0.22519 0.190697 0.161265 0.135562 0.112475 0.091405 0.0718175 0.0537375 
1 0.990045 0.971095 0.9376 0.884635 0.811112 0.722577 0.631352 0.542742 0.461097 0.389995 0.329275 0.27989 0.23979 0.205375 0.175087 0.147457 0.122352 0.10049 0.0827525 
1 0.991387 0.974505 0.944687 0.896095 0.824562 0.737852 0.645787 0.557565 0.477555 0.40556 0.340997 0.284135 0.23556 0.19479 0.162982 0.137165 0.116877 0.101337 0.0889975 
1 0.989337 0.969027 0.932772 0.875075 0.79249 0.693725 0.59103 0.496427 0.413475 0.343687 0.285062 0.236117 0.194985 0.159222 0.128303 0.101155 0.0769075 0.0569775 0.041885 
1 0.990452 0.972487 0.94043 0.886795 0.809995 0.71404 0.611265 0.512917 0.42732 0.354222 0.291987 0.238792 0.192947 0.15347 0.121023 0.096 0.0762825 0.0603 0.0477 
1 0.99072 0.972922 0.94065 0.887237 0.810407 0.716815 0.615377 0.516757 0.42635 0.347487 0.282595 0.229082 0.18545 0.149687 0.119642 0.0943525 0.073395 0.0571225 0.044825 
1 0.991902 0.976542 0.948505 0.90352 0.83846 0.75759 0.668037 0.579005 0.493925 0.416722 0.347722 0.288227 0.238037 0.196615 0.162737 0.133992 0.111085 0.09332 0.0791475 
1 0.9906 0.973032 0.942187 0.89119 0.81762 0.72719 0.628555 0.531845 0.442795 0.36448 0.297937 0.241375 0.19337 0.15349 0.122297 0.09846 0.08021 0.0668575 0.056 
1 0.989947 0.970907 0.937227 0.88263 0.806815 0.713937 0.615775 0.521802 0.437515 0.365585 0.305032 0.25488 0.21306 0.17788 0.147352 0.120705 0.0966425 0.07424 0.0543425 
1 0.988285 0.965917 0.92536 0.861195 0.769452 0.659525 0.545005 0.43805 0.344557 0.264717 0.200102 0.150692 0.11229 0.0825825 0.05856 0.0396725 0.0253925 0.014925 0.0074975 
1 0.991015 0.97433 0.943832 0.893145 0.820397 0.730845 0.63528 0.544625 0.464272 0.395135 0.338382 0.292455 0.25421 0.221292 0.190667 0.162795 0.136145 0.111148 0.088765 
1 0.988062 0.96585 0.925915 0.862647 0.775092 0.670865 0.564537 0.466025 0.380022 0.30668 0.245037 0.194037 0.151022 0.116585 0.0871025 0.062705 0.0445525 0.03179 0.023815 
1 0.991455 0.9754 0.946902 0.901142 0.83408 0.74989 0.660337 0.57404 0.494627 0.425395 0.365707 0.312382 0.264225 0.220095 0.18054 0.145707 0.11398 0.08523 0.0625275 
1 0.989347 0.9692 0.933362 0.877585 0.79929 0.706995 0.608512 0.514207 0.42963 0.356542 0.294415 0.24378 0.204547 0.1751 0.152052 0.131963 0.114545 0.098615 0.0853925 
1 0.991495 0.975225 0.945902 0.898405 0.830375 0.74725 0.65794 0.569125 0.487305 0.412872 0.345747 0.284417 0.228885 0.18027 0.139355 0.107742 0.0843725 0.06685 0.053855 
1 0.989787 0.97006 0.934467 0.876262 0.795215 0.695195 0.587815 0.482532 0.386137 0.303435 0.232605 0.173062 0.124515 0.08766 0.061815 0.0444525 0.032025 0.02318 0.0173875 
1 0.989615 0.97036 0.93602 0.879647 0.80037 0.70152 0.594662 0.490767 0.398467 0.319355 0.254995 0.20392 0.16285 0.13005 0.104057 0.08181 0.0623175 0.0465425 0.034235 
1 0.990057 0.971582 0.936987 0.87926 0.79499 0.689575 0.577522 0.47027 0.375595 0.29573 0.231057 0.17885 0.136492 0.103043 0.07655 0.0551725 0.03841 0.0264875 0.0180475 
1 0.991612 0.975532 0.945592 0.896837 0.82804 0.744447 0.653062 0.562387 0.4781 0.402917 0.338005 0.283957 0.238917 0.200322 0.16599 0.136197 0.110327 0.08857 0.070175 
1 0.99097 0.973732 0.942202 0.890415 0.815317 0.719735 0.612432 0.504555 0.40364 0.316222 0.243795 0.18806 0.146957 0.116552 0.092575 0.07316 0.05766 0.0460625 0.03616 
1 0.986462 0.961462 0.917817 0.848985 0.754567 0.643542 0.528675 0.423582 0.337125 0.26809 0.212595 0.168997 0.135292 0.11025 0.091865 0.077995 0.067015 0.0591025 0.0525125 
1 0.99033 0.971967 0.939527 0.887862 0.81482 0.724502 0.627195 0.530875 0.441555 0.361862 0.295205 0.240022 0.195852 0.160747 0.133232 0.110365 0.0926725 0.0792975 0.0679 
1 0.989402 0.968975 0.931712 0.870792 0.783512 0.675312 0.559832 0.450825 0.353717 0.270675 0.201265 0.14493 0.1023 0.0697875 0.0465725 0.030695 0.020795 0.0138275 0.00891 
1 0.990585 0.972187 0.93976 0.887692 0.814752 0.726467 0.63148 0.5403 0.458215 0.38631 0.326167 0.27788 0.238775 0.20679 0.180177 0.158047 0.139177 0.122625 0.105802 
1 0.989045 0.96769 0.9299 0.86924 0.784967 0.684997 0.578597 0.474365 0.379572 0.295577 0.224987 0.167345 0.121453 0.086045 0.059345 0.0403075 0.0276675 0.01864 0.01193 
1 0.989687 0.970327 0.935325 0.879282 0.800587 0.705402 0.608052 0.515897 0.4341 0.363102 0.302547 0.24811 0.19998 0.156885 0.11937 0.0888175 0.0644475 0.0455675 0.030885 
1 0.991097 0.97335 0.942367 0.891987 0.819617 0.730095 0.63407 0.541802 0.462572 0.396512 0.341062 0.295027 0.255802 0.221137 0.18965 0.162562 0.137447 0.114723 0.09387 
1 0.988627 0.9676 0.929817 0.86872 0.783285 0.68273 0.57606 0.472277 0.377477 0.293957 0.22423 0.16933 0.12804 0.0980775 0.076695 0.0607675 0.0485175 0.03906 0.0311225 
1 0.99085 0.972985 0.94147 0.88964 0.815447 0.72308 0.624007 0.524485 0.429755 0.341955 0.264045 0.198975 0.148072 0.107733 0.075695 0.05067 0.0319375 0.0179375 0.0093925 
1 0.990952 0.973857 0.943267 0.89263 0.818365 0.725712 0.622422 0.521832 0.4309 0.354945 0.292962 0.24395 0.203782 0.172092 0.146087 0.12437 0.105748 0.0890325 0.0739375 
1 0.989555 0.970092 0.935182 0.879725 0.802735 0.708992 0.607367 0.506562 0.412767 0.32979 0.25821 0.199787 0.153885 0.118125 0.0911125 0.07047 0.054265 0.040625 0.0297325 
1 0.98882 0.967972 0.93032 0.870257 0.78629 0.687432 0.586962 0.492355 0.409825 0.340012 0.283287 0.238722 0.20264 0.174205 0.15214 0.133205 0.115365 0.098055 0.0825725 
1 0.99216 0.977157 0.95041 0.90583 0.841627 0.760242 0.66987 0.578292 0.490575 0.409957 0.339367 0.280807 0.233515 0.195802 0.16511 0.140857 0.121352 0.105655 0.0919775 
1 0.988357 0.966082 0.927612 0.867865 0.78465 0.685137 0.581552 0.483022 0.397597 0.328622 0.274562 0.231715 0.197565 0.16983 0.14685 0.126607 0.108222 0.0916275 0.075775 
1 0.98933 0.968975 0.933745 0.876985 0.79646 0.698902 0.59171 0.486627 0.39141 0.309425 0.239885 0.184055 0.141282 0.108108 0.0819125 0.06091 0.04424 0.03097 0.0210325 
1 0.99209 0.97739 0.95116 0.90819 0.847625 0.770495 0.685345 0.597692 0.514935 0.439907 0.373127 0.313602 0.26145 0.216907 0.17895 0.147802 0.1215 0.0997775 0.0807375 
1 0.992025 0.976542 0.94946 0.904147 0.837177 0.753642 0.660722 0.56997 0.488067 0.416797 0.356432 0.305105 0.262152 0.22523 0.192925 0.164487 0.138292 0.114497 0.0931525 
1 0.990177 0.97169 0.938067 0.88417 0.808557 0.717572 0.62372 0.537142 0.46258 0.4 0.350135 0.308872 0.2755 0.248907 0.227202 0.208052 0.19114 0.175427 0.16044 
1 0.990212 0.97161 0.938912 0.885882 0.811242 0.719552 0.623122 0.53082 0.44804 0.377167 0.318287 0.269622 0.230765 0.198617 0.171917 0.150225 0.131042 0.113275 0.0950125 
1 0.98861 0.967037 0.927877 0.866065 0.777905 0.673202 0.564967 0.46551 0.378407 0.306715 0.247817 0.201067 0.163632 0.134462 0.111815 0.0941525 0.0794075 0.066635 0.055865 
1 0.986582 0.962152 0.918545 0.8504 0.757545 0.64891 0.53961 0.440435 0.356265 0.2875 0.232947 0.189692 0.156205 0.129142 0.106823 0.0876725 0.070335 0.055825 0.0439875 
1 0.988872 0.968202 0.93122 0.87312 0.791772 0.692085 0.584615 0.480075 0.386017 0.305772 0.239332 0.186465 0.14502 0.111553 0.0850275 0.06354 0.0459325 0.0318125 0.0214375 
1 0.989122 0.968012 0.930987 0.87152 0.791285 0.698537 0.605082 0.52119 0.449445 0.389065 0.338152 0.293377 0.253662 0.21788 0.185547 0.158355 0.135927 0.11788 0.101853 
1 0.990772 0.972967 0.940892 0.888697 0.811692 0.71311 0.60254 0.493125 0.395895 0.31574 0.251982 0.201632 0.161862 0.129218 0.103293 0.0827475 0.066545 0.05375 0.0437675 
1 0.990035 0.971387 0.93762 0.882822 0.80506 0.711205 0.612455 0.519897 0.436612 0.36442 0.303232 0.251307 0.207702 0.17099 0.139945 0.11408 0.0915575 0.072685 0.0553975 
1 0.988062 0.966052 0.926475 0.862747 0.772472 0.663512 0.54872 0.434987 0.3326 0.247507 0.179605 0.126795 0.08693 0.0573325 0.036645 0.022685 0.0136175 0.008065 0.00448 
1 0.988912 0.967242 0.92876 0.865612 0.775292 0.665835 0.55313 0.45161 0.368605 0.301395 0.247372 0.203717 0.16766 0.139155 0.115888 0.0966875 0.07958 0.06395 0.0499575 
1 0.987862 0.964547 0.923557 0.858115 0.76819 0.661305 0.552035 0.451125 0.36527 0.2957 0.240662 0.195535 0.156907 0.124043 0.0953925 0.0713025 0.0509625 0.0339325 0.020025 
1 0.991195 0.974702 0.94499 0.898417 0.831632 0.75107 0.663957 0.57638 0.49089 0.411902 0.341577 0.27908 0.224022 0.174547 0.130288 0.092765 0.062635 0.0401625 0.02424 
1 0.988877 0.968632 0.931652 0.873127 0.791035 0.695077 0.597865 0.509467 0.433962 0.373077 0.323055 0.28087 0.243882 0.209657 0.17776 0.148505 0.12126 0.09884 0.0804525 
1 0.987432 0.9636 0.921282 0.854712 0.763067 0.657247 0.55049 0.452657 0.36562 0.290767 0.229925 0.180547 0.142315 0.111495 0.08668 0.06586 0.049015 0.03627 0.0267875 
1 0.990242 0.972765 0.941235 0.890847 0.819985 0.734715 0.64438 0.55555 0.471675 0.39418 0.326502 0.269152 0.219267 0.175047 0.135715 0.102193 0.0756375 0.0561525 0.04305 
1 0.99029 0.971755 0.938357 0.884022 0.805902 0.70993 0.604517 0.500292 0.40256 0.315732 0.242282 0.183257 0.137585 0.101685 0.07404 0.0530375 0.0379925 0.0269825 0.0184025 
1 0.990305 0.972355 0.939987 0.88768 0.812862 0.71887 0.61668 0.517442 0.42882 0.35299 0.292197 0.243365 0.205017 0.176125 0.154415 0.13838 0.125485 0.11483 0.104237 
1 0.989095 0.968497 0.932295 0.875782 0.798962 0.707587 0.611537 0.520105 0.43901 0.371742 0.316492 0.27139 0.23159 0.195712 0.162392 0.133687 0.109737 0.0895925 0.072985 
1 0.989475 0.97032 0.935007 0.877155 0.794375 0.692887 0.58287 0.477345 0.3847 0.308022 0.248142 0.201627 0.164877 0.135752 0.112247 0.093235 0.07734 0.06521 0.05612 
1 0.991602 0.975287 0.94569 0.898227 0.826522 0.735407 0.632632 0.529905 0.436265 0.355585 0.288097 0.23302 0.18806 0.15117 0.11997 0.0938125 0.070615 0.05033 0.0340475 
1 0.989217 0.968925 0.932425 0.872002 0.784587 0.677967 0.563425 0.453187 0.35658 0.277665 0.21648 0.169585 0.134382 0.107845 0.08777 0.07176 0.058165 0.0465825 0.0360625 
1 0.988657 0.96684 0.927825 0.866155 0.780497 0.681037 0.579272 0.483582 0.397697 0.323252 0.260917 0.208407 0.163305 0.126615 0.097095 0.073225 0.0542925 0.0401 0.0302475 
1 0.988367 0.967122 0.929105 0.86731 0.780295 0.675375 0.564545 0.460707 0.36735 0.286795 0.218332 0.161962 0.11701 0.08182 0.057125 0.0404975 0.0290575 0.020895 0.0149475 
1 0.990377 0.972232 0.939567 0.88647 0.810627 0.717047 0.61523 0.512972 0.417447 0.333727 0.26331 0.209045 0.166157 0.134892 0.11052 0.0904475 0.0734575 0.059005 0.0469925 
1 0.9913 0.975975 0.948795 0.90386 0.839252 0.757557 0.668467 0.578942 0.494445 0.41868 0.353305 0.297872 0.25154 0.211747 0.177562 0.147655 0.122333 0.101253 0.0834925 
1 0.9902 0.971537 0.937927 0.883277 0.806392 0.713632 0.61577 0.52133 0.433712 0.356337 0.290975 0.236285 0.191547 0.154557 0.124795 0.102018 0.08495 0.07223 0.0624475 
1 0.989892 0.970637 0.935667 0.877397 0.79251 0.685632 0.567382 0.45392 0.353737 0.271282 0.206227 0.155347 0.116643 0.088415 0.06739 0.0515175 0.0391225 0.0293575 0.0215675 
1 0.987297 0.96393 0.921457 0.853532 0.757127 0.64006 0.51986 0.411195 0.31839 0.240965 0.17757 0.126313 0.08537 0.0551175 0.0349375 0.0224425 0.0140775 0.00859 0.0047175 
1 0.991102 0.97436 0.94445 0.896277 0.82672 0.741032 0.64952 0.558485 0.47611 0.406257 0.347682 0.29821 0.25565 0.217762 0.18314 0.151287 0.122825 0.09896 0.078195 
1 0.99084 0.97364 0.942762 0.89191 0.81758 0.724142 0.620202 0.517675 0.42305 0.33908 0.266262 0.20372 0.151527 0.109395 0.0769925 0.053245 0.036065 0.024285 0.0161775 
1 0.98941 0.969532 0.93415 0.877787 0.799455 0.704692 0.607275 0.516045 0.434507 0.36386 0.302345 0.248477 0.201757 0.160795 0.12629 0.09685 0.07215 0.05344 0.03973 
1 0.987312 0.962907 0.920267 0.85238 0.75874 0.648692 0.53592 0.433677 0.346512 0.273912 0.212502 0.161345 0.120108 0.08729 0.060775 0.04025 0.0247675 0.013995 0.007635 
1 0.98929 0.96879 0.932025 0.871687 0.786377 0.682852 0.57304 0.467872 0.37412 0.294377 0.228985 0.177902 0.137585 0.105968 0.080835 0.0608075 0.0446225 0.0317 0.0212825 
1 0.990702 0.973417 0.942002 0.889635 0.81447 0.719657 0.617395 0.517095 0.424725 0.342577 0.273622 0.218225 0.174177 0.139675 0.110913 0.0873075 0.0664775 0.048915 0.034185 
1 0.98855 0.96659 0.929127 0.869457 0.788185 0.694767 0.600425 0.514327 0.436652 0.36658 0.306255 0.255205 0.21261 0.178377 0.15086 0.129212 0.111782 0.0972275 0.0840025 
1 0.989477 0.969097 0.933097 0.875485 0.796117 0.70034 0.599772 0.506097 0.422325 0.350592 0.286577 0.230527 0.181357 0.140007 0.105467 0.0777925 0.05531 0.03837 0.0260175 
1 0.988962 0.967695 0.92974 0.868667 0.783205 0.68016 0.57272 0.47463 0.392635 0.326287 0.272912 0.230485 0.194002 0.161392 0.131842 0.106623 0.084195 0.0653625 0.0497625 
1 0.991312 0.97456 0.945617 0.89713 0.826605 0.739465 0.64461 0.551615 0.464207 0.386602 0.318325 0.257897 0.205005 0.161252 0.126675 0.09945 0.079025 0.0630075 0.05045 
1 0.986177 0.960832 0.91576 0.843387 0.742007 0.623387 0.502995 0.395382 0.30532 0.23567 0.182502 0.141133 0.108218 0.08249 0.0618225 0.04475 0.03217 0.0235325 0.01693 
1 0.991442 0.974882 0.944785 0.89578 0.825025 0.73489 0.63238 0.530227 0.439035 0.362477 0.299962 0.247432 0.201447 0.16208 0.128775 0.101268 0.0793225 0.061645 0.0472175 
1 0.988662 0.967577 0.930077 0.86998 0.787245 0.690387 0.59158 0.499377 0.41474 0.341932 0.280452 0.228385 0.186527 0.154645 0.12974 0.110442 0.09464 0.0806575 0.0671625 
1 0.988935 0.96754 0.929782 0.867792 0.77836 0.667645 0.54954 0.43952 0.34503 0.270167 0.214267 0.172377 0.141437 0.11763 0.0998075 0.0861 0.074295 0.064155 0.0546925 
1 0.990192 0.972202 0.939412 0.88634 0.810747 0.717662 0.618877 0.523327 0.43597 0.360567 0.295245 0.240467 0.19615 0.160772 0.133262 0.111017 0.0918 0.075115 0.0616975 
1 0.991972 0.976492 0.948262 0.902447 0.835902 0.7508 0.656027 0.558355 0.465137 0.381167 0.30951 0.251882 0.206272 0.169862 0.139842 0.11338 0.0898325 0.07019 0.054145 
1 0.988912 0.967925 0.930525 0.86919 0.781855 0.673237 0.554312 0.436897 0.331745 0.245575 0.180842 0.134257 0.09956 0.072375 0.050625 0.0348575 0.0237275 0.01566 0.010215 
1 0.99206 0.977217 0.950722 0.906775 0.842385 0.761967 0.67439 0.587682 0.507922 0.437522 0.374227 0.318212 0.269855 0.22922 0.196092 0.169057 0.144727 0.122062 0.100318 
1 0.9897 0.97128 0.937805 0.884672 0.809525 0.71913 0.623267 0.53079 0.445687 0.366692 0.294527 0.231145 0.179297 0.138752 0.107038 0.0821625 0.06277 0.0476825 0.0357525 
1 0.991185 0.974252 0.944532 0.89435 0.82144 0.730765 0.63315 0.538852 0.45234 0.378142 0.31489 0.261137 0.215975 0.176942 0.144387 0.117143 0.095465 0.0777725 0.06329 
1 0.990665 0.973427 0.941775 0.890585 0.817897 0.728357 0.630092 0.53272 0.443602 0.365335 0.296892 0.238825 0.190145 0.150267 0.118153 0.0904925 0.0667825 0.0461875 0.0296825 
1 0.991605 0.976145 0.947172 0.8998 0.832142 0.748735 0.65946 0.57137 0.488707 0.41412 0.35002 0.295337 0.24807 0.207907 0.172675 0.14355 0.118752 0.09891 0.0825225 
1 0.991562 0.975385 0.946457 0.899765 0.832715 0.750895 0.66196 0.577657 0.502602 0.437912 0.38553 0.343497 0.310052 0.28349 0.260287 0.238752 0.21706 0.195305 0.17264 
1 0.992675 0.978657 0.95312 0.911212 0.849462 0.769995 0.678872 0.58688 0.49926 0.419527 0.348557 0.288115 0.23864 0.198377 0.164995 0.136738 0.110993 0.0893 0.0706925 
1 0.989647 0.96935 0.934082 0.874905 0.790595 0.6859 0.575667 0.474012 0.387315 0.316197 0.258627 0.210745 0.171002 0.137377 0.109093 0.08508 0.0653525 0.05092 0.0400075 
1 0.99021 0.971805 0.939017 0.885405 0.80894 0.715852 0.6188 0.526017 0.443002 0.37033 0.306882 0.25131 0.20242 0.160567 0.127532 0.10241 0.0842925 0.0697625 0.05745 
1 0.987805 0.964485 0.922492 0.856397 0.764202 0.654665 0.54323 0.441847 0.356137 0.287045 0.232677 0.1894 0.153495 0.123413 0.0991875 0.079155 0.0625175 0.0496125 0.0398975 
1 0.987437 0.96345 0.92043 0.851575 0.75516 0.640482 0.522085 0.413977 0.320875 0.245935 0.18691 0.14184 0.10678 0.0812325 0.0619 0.048345 0.0392275 0.0328725 0.0274575 
1 0.990507 0.972945 0.941812 0.891665 0.819972 0.730587 0.632062 0.53482 0.44458 0.363572 0.293312 0.233132 0.181447 0.13839 0.104655 0.08037 0.062035 0.0472075 0.0350225 
1 0.98956 0.969682 0.935262 0.879365 0.80185 0.709867 0.613847 0.522435 0.44033 0.368267 0.306445 0.253002 0.204812 0.160965 0.121443 0.08767 0.06331 0.0450575 0.0325475 
1 0.988847 0.968332 0.931262 0.870955 0.785697 0.682372 0.573382 0.474032 0.389945 0.321655 0.265957 0.219485 0.181262 0.15027 0.125612 0.105302 0.0879875 0.072405 0.0588525 
1 0.98948 0.969732 0.934802 0.878417 0.799762 0.706522 0.610152 0.51851 0.436112 0.363875 0.302627 0.251062 0.208885 0.175035 0.14698 0.123147 0.10222 0.0843425 0.0680775 
1 0.991055 0.974177 0.944562 0.89476 0.822592 0.73308 0.63559 0.53908 0.45094 0.373732 0.305532 0.248395 0.200117 0.16088 0.128613 0.102338 0.080225 0.0610275 0.045125 
1 0.990442 0.971952 0.938272 0.884082 0.807167 0.7139 0.61418 0.517512 0.430937 0.356065 0.294667 0.243157 0.200942 0.167022 0.138835 0.11533 0.09561 0.0779275 0.0618975 
1 0.990847 0.973327 0.942512 0.890937 0.81871 0.731377 0.639682 0.551347 0.469607 0.398007 0.337055 0.288052 0.248542 0.217467 0.192895 0.173892 0.158885 0.14553 0.13194 
1 0.98818 0.96604 0.927217 0.86569 0.781267 0.678565 0.569785 0.46691 0.377825 0.306537 0.252177 0.212702 0.18266 0.157102 0.134335 0.113617 0.0940975 0.0766375 0.06199 
1 0.990682 0.973157 0.942017 0.892427 0.820985 0.735505 0.645195 0.558815 0.481067 0.411195 0.352172 0.305 0.265787 0.232417 0.20256 0.175032 0.149835 0.12593 0.103932 
1 0.988455 0.966492 0.929372 0.869402 0.788742 0.695065 0.597905 0.504812 0.42096 0.34501 0.278567 0.223125 0.17576 0.13684 0.104615 0.0795375 0.0599575 0.04599 0.0357325 
