1 0.9362 0.874 0.8207 0.76815 0.71655 0.6713 0.624 0.58365 0.5416 0.50105 0.46375 0.42825 0.39605 0.364 0.3305 0.3021 0.2736 0.2468 0.2204 
1 0.93825 0.87545 0.81485 0.76075 0.7109 0.6641 0.61845 0.57595 0.53465 0.49395 0.4558 0.41965 0.3848 0.35225 0.32095 0.2913 0.2631 0.23595 0.20975 
1 0.9374 0.87965 0.8219 0.7654 0.71465 0.66465 0.62165 0.58085 0.5405 0.5001 0.4663 0.43005 0.39625 0.3629 0.33305 0.3032 0.27385 0.24565 0.21675 
1 0.9377 0.87975 0.8205 0.76535 0.71475 0.66465 0.6189 0.57405 0.53135 0.4911 0.45465 0.41935 0.3838 0.35245 0.32345 0.2955 0.26745 0.2406 0.21645 
1 0.9374 0.8765 0.81855 0.76235 0.71045 0.66335 0.61415 0.57195 0.53105 0.4906 0.4565 0.42135 0.3872 0.35595 0.3254 0.295 0.26685 0.2398 0.2159 
1 0.9344 0.87595 0.8181 0.7656 0.71455 0.6656 0.62075 0.57655 0.5329 0.49215 0.4567 0.42055 0.3872 0.3549 0.32425 0.2945 0.26885 0.2405 0.2149 
1 0.9356 0.8733 0.8164 0.7628 0.7094 0.66135 0.61465 0.5724 0.53185 0.4934 0.45605 0.42185 0.3885 0.3556 0.32635 0.29765 0.2687 0.2437 0.21735 
1 0.9349 0.8737 0.81525 0.7603 0.7106 0.6629 0.61445 0.56935 0.53045 0.4913 0.4528 0.41765 0.38535 0.35205 0.3213 0.292 0.2648 0.2391 0.21585 
1 0.9377 0.87585 0.8179 0.7637 0.71505 0.6687 0.62275 0.57755 0.53435 0.4943 0.45445 0.41935 0.38455 0.35125 0.3229 0.29355 0.26605 0.24045 0.2152 
1 0.9394 0.8801 0.8256 0.7703 0.7193 0.668 0.6223 0.57905 0.53635 0.49515 0.4559 0.41865 0.38515 0.3533 0.32175 0.2943 0.26575 0.23745 0.21435 
1 0.93605 0.8783 0.81935 0.7639 0.7129 0.6642 0.6173 0.5727 0.5288 0.48995 0.4507 0.415 0.38075 0.3461 0.3162 0.28775 0.25845 0.23455 0.2101 
1 0.93335 0.8736 0.81615 0.7617 0.70655 0.65655 0.60915 0.5661 0.5224 0.4823 0.4462 0.4096 0.37695 0.34595 0.31755 0.29045 0.2626 0.23615 0.21465 
1 0.93665 0.87845 0.82315 0.7694 0.7168 0.66875 0.62495 0.58095 0.53695 0.49755 0.46 0.4243 0.39245 0.36075 0.32955 0.2995 0.2726 0.2464 0.22245 
1 0.9398 0.88535 0.82905 0.7792 0.72765 0.6805 0.63445 0.5887 0.54955 0.5086 0.4722 0.43645 0.40145 0.36675 0.33525 0.3046 0.27725 0.25145 0.226 
1 0.9377 0.8798 0.82225 0.76645 0.71285 0.66415 0.61775 0.5716 0.5303 0.49255 0.45355 0.41635 0.3843 0.34875 0.3203 0.2913 0.26415 0.2393 0.21495 
1 0.9346 0.8764 0.821 0.76755 0.7144 0.6695 0.62395 0.5803 0.5379 0.4998 0.46065 0.4256 0.3892 0.357 0.32695 0.29885 0.2714 0.24455 0.21735 
1 0.93915 0.8814 0.8259 0.77395 0.72045 0.67265 0.62775 0.58475 0.5444 0.503 0.4653 0.43095 0.3965 0.365 0.33495 0.30375 0.2758 0.2503 0.22585 
1 0.9366 0.87285 0.815 0.7632 0.70955 0.65865 0.614 0.56985 0.5272 0.4856 0.4475 0.41265 0.38055 0.3494 0.31915 0.2912 0.26475 0.2384 0.21595 
1 0.9363 0.87605 0.82 0.7676 0.71715 0.6664 0.6197 0.57555 0.5359 0.4952 0.45675 0.4216 0.38845 0.3562 0.32635 0.2959 0.26795 0.24085 0.21645 
1 0.94025 0.88205 0.82605 0.777 0.72515 0.67765 0.63175 0.5895 0.5462 0.5056 0.4715 0.435 0.4007 0.3705 0.33805 0.3087 0.28355 0.25645 0.2322 
1 0.9413 0.88065 0.82555 0.7715 0.7213 0.6747 0.62785 0.5818 0.5382 0.49855 0.46005 0.42345 0.3878 0.35565 0.3236 0.29565 0.26825 0.24435 0.22195 
1 0.93545 0.87615 0.81715 0.76325 0.7102 0.6609 0.6176 0.57345 0.53345 0.4957 0.4562 0.4211 0.38735 0.35375 0.32215 0.29405 0.26815 0.24245 0.2181 
1 0.9353 0.8742 0.8191 0.76475 0.7154 0.6676 0.6222 0.5785 0.53815 0.49675 0.461 0.4241 0.3908 0.35835 0.32905 0.2975 0.2704 0.2422 0.2196 
1 0.9369 0.87875 0.82135 0.76625 0.71375 0.66545 0.62 0.578 0.5354 0.4951 0.45625 0.4231 0.38765 0.35675 0.32545 0.2969 0.2648 0.23885 0.2138 
1 0.93865 0.8782 0.82325 0.7698 0.71705 0.66965 0.622 0.5805 0.5377 0.5001 0.4618 0.42515 0.38795 0.3556 0.3225 0.29565 0.2664 0.24195 0.21585 
1 0.9354 0.87555 0.81945 0.76585 0.71175 0.66255 0.61635 0.57245 0.53125 0.4892 0.4512 0.418 0.38625 0.35325 0.32345 0.2959 0.2679 0.2419 0.2166 
1 0.93545 0.87 0.81265 0.7593 0.7092 0.6602 0.6146 0.57165 0.5307 0.4913 0.45485 0.4197 0.387 0.3535 0.3271 0.2977 0.27095 0.2431 0.2184 
1 0.9383 0.87975 0.82445 0.7721 0.7202 0.67145 0.6256 0.58145 0.54095 0.50195 0.4631 0.428 0.39245 0.36125 0.32785 0.30035 0.2699 0.2426 0.21725 
1 0.9384 0.88075 0.82265 0.76915 0.7179 0.6696 0.6244 0.58265 0.5403 0.5032 0.46435 0.42855 0.3954 0.36515 0.33345 0.3043 0.27645 0.25125 0.22655 
1 0.9389 0.8802 0.8264 0.7728 0.7219 0.67675 0.63235 0.5885 0.54815 0.50715 0.46805 0.43205 0.3967 0.36495 0.33385 0.3048 0.2761 0.2481 0.22165 
1 0.9394 0.88045 0.8252 0.76995 0.71655 0.66765 0.621 0.5778 0.5362 0.49865 0.4611 0.4237 0.3896 0.3581 0.3289 0.2986 0.2701 0.24225 0.2167 
1 0.93385 0.87925 0.824 0.7691 0.7172 0.6651 0.6212 0.57795 0.53655 0.4943 0.4558 0.42315 0.38985 0.3581 0.3284 0.30085 0.27375 0.24735 0.22165 
1 0.94005 0.8829 0.8261 0.775 0.72465 0.67455 0.62885 0.58485 0.54475 0.5068 0.4689 0.43595 0.39845 0.36605 0.33425 0.30385 0.27555 0.2513 0.2255 
1 0.93765 0.87945 0.82375 0.77125 0.72 0.6721 0.62955 0.58625 0.5447 0.5044 0.4687 0.43435 0.4008 0.36825 0.337 0.30785 0.28005 0.2526 0.22645 
1 0.9397 0.8781 0.81875 0.76305 0.71285 0.66335 0.61275 0.5688 0.5261 0.4871 0.4503 0.4132 0.38015 0.3502 0.3182 0.2915 0.2636 0.2379 0.21305 
1 0.9388 0.8787 0.8215 0.7678 0.716 0.6682 0.62185 0.5764 0.5342 0.49365 0.4589 0.42185 0.39155 0.3576 0.32645 0.296 0.27095 0.24195 0.21945 
1 0.9349 0.8743 0.818 0.76465 0.71395 0.6662 0.6203 0.57915 0.5375 0.50045 0.46225 0.4278 0.392 0.35995 0.3264 0.29815 0.2698 0.245 0.21885 
1 0.9347 0.87465 0.8177 0.76335 0.70915 0.6596 0.6135 0.56635 0.5249 0.48795 0.44885 0.415 0.38155 0.3507 0.32055 0.2931 0.2646 0.2386 0.21515 
1 0.9388 0.87905 0.8232 0.76505 0.71255 0.6642 0.6168 0.56965 0.5306 0.48995 0.454 0.4181 0.3848 0.35125 0.32035 0.28895 0.2626 0.23625 0.2124 
1 0.9384 0.88 0.8227 0.76765 0.71835 0.66695 0.62335 0.5816 0.5423 0.50285 0.4663 0.43015 0.3973 0.3633 0.33175 0.30265 0.27715 0.25115 0.22655 
1 0.9361 0.87745 0.8198 0.7663 0.71495 0.6692 0.6227 0.5799 0.5345 0.49555 0.457 0.42005 0.3869 0.35375 0.32295 0.29425 0.26715 0.241 0.2157 
1 0.93845 0.87795 0.8244 0.77105 0.71765 0.667 0.61995 0.5763 0.5366 0.49635 0.4581 0.4215 0.38905 0.35515 0.32565 0.29775 0.2699 0.24385 0.21885 
1 0.9384 0.8777 0.8212 0.76575 0.7154 0.6643 0.61935 0.57325 0.53205 0.48995 0.4549 0.4199 0.3879 0.3514 0.32045 0.28955 0.2657 0.2397 0.21505 
1 0.94115 0.882 0.8287 0.7734 0.72 0.67325 0.6258 0.5819 0.53645 0.5001 0.46175 0.42675 0.3918 0.3613 0.3306 0.3012 0.2729 0.2469 0.21875 
1 0.9425 0.8836 0.82725 0.7747 0.72145 0.67245 0.62425 0.58165 0.539 0.499 0.46135 0.4262 0.39265 0.35915 0.32865 0.3021 0.27195 0.24725 0.22005 
1 0.9418 0.8821 0.82305 0.7712 0.71785 0.66885 0.6232 0.5802 0.5401 0.4977 0.4569 0.4218 0.38635 0.3538 0.324 0.2971 0.27085 0.24335 0.2185 
1 0.9377 0.8781 0.82 0.7647 0.71505 0.66455 0.6194 0.57675 0.53265 0.49455 0.457 0.42205 0.3896 0.35895 0.32785 0.29865 0.26875 0.24185 0.2149 
1 0.93575 0.8768 0.8159 0.75945 0.70685 0.65825 0.61395 0.56815 0.5257 0.48595 0.44915 0.41435 0.38075 0.3465 0.31835 0.28935 0.2633 0.2355 0.2091 
1 0.93755 0.8782 0.82 0.76635 0.71645 0.66895 0.624 0.58025 0.53955 0.5009 0.46195 0.427 0.3904 0.35975 0.3285 0.2991 0.2696 0.245 0.2189 
1 0.9371 0.87885 0.8243 0.7717 0.72125 0.66985 0.6264 0.58025 0.53805 0.4972 0.46135 0.42735 0.39375 0.36125 0.33045 0.3004 0.2726 0.2459 0.21835 
1 0.93905 0.8786 0.8244 0.7743 0.72495 0.67685 0.6305 0.5863 0.5443 0.50605 0.4665 0.43175 0.39555 0.36455 0.3351 0.30575 0.2776 0.25175 0.2264 
1 0.9383 0.8788 0.82555 0.77 0.7198 0.67105 0.6241 0.58175 0.5401 0.50295 0.46765 0.4313 0.3976 0.36415 0.332 0.3017 0.27225 0.24625 0.2201 
1 0.936 0.87955 0.8254 0.7698 0.71915 0.67065 0.6226 0.57895 0.535 0.49485 0.4579 0.4206 0.38735 0.35225 0.3237 0.29505 0.26645 0.23715 0.21335 
1 0.9354 0.87505 0.8166 0.7618 0.71245 0.66205 0.6176 0.57305 0.5331 0.4904 0.45185 0.41415 0.38175 0.3477 0.31835 0.28805 0.25865 0.2333 0.2113 
1 0.93395 0.87165 0.81695 0.7604 0.709 0.6607 0.61435 0.56965 0.5287 0.48775 0.45145 0.4153 0.38295 0.35035 0.319 0.289 0.26395 0.23795 0.21255 
1 0.93765 0.87655 0.82275 0.76715 0.7186 0.6674 0.6214 0.5785 0.5367 0.4971 0.46195 0.4265 0.393 0.3624 0.333 0.30325 0.27565 0.24965 0.2241 
1 0.9357 0.8752 0.8192 0.76665 0.71685 0.66855 0.62265 0.57815 0.536 0.49715 0.46045 0.42255 0.38835 0.35465 0.3237 0.2955 0.267 0.2394 0.21445 
1 0.93705 0.87695 0.82255 0.7676 0.7184 0.67115 0.6255 0.5818 0.5399 0.4984 0.4603 0.42625 0.38975 0.35885 0.3258 0.29745 0.26835 0.242 0.2176 
1 0.93885 0.8805 0.82215 0.76995 0.72015 0.67215 0.6274 0.5828 0.53925 0.50075 0.4636 0.42705 0.39265 0.35975 0.3301 0.2998 0.27195 0.2477 0.2206 
1 0.93535 0.87635 0.82215 0.76735 0.71335 0.66335 0.61835 0.57175 0.53105 0.49025 0.4545 0.418 0.38495 0.3522 0.325 0.29495 0.2665 0.23965 0.21565 
1 0.93945 0.88255 0.82975 0.7727 0.72205 0.67445 0.62845 0.58575 0.54545 0.5087 0.4717 0.43735 0.40255 0.3667 0.3345 0.30545 0.2798 0.2521 0.22815 
1 0.93785 0.87815 0.82245 0.77155 0.72105 0.67115 0.6241 0.58355 0.5424 0.5044 0.467 0.43255 0.396 0.3655 0.33435 0.3068 0.27845 0.25205 0.22555 
1 0.9378 0.8779 0.8221 0.7667 0.7161 0.66765 0.62165 0.57785 0.5376 0.4966 0.45895 0.42395 0.38895 0.3561 0.32625 0.2947 0.26625 0.24045 0.21455 
1 0.9361 0.87975 0.8247 0.7702 0.719 0.67195 0.6255 0.5797 0.5372 0.49835 0.46135 0.4261 0.39045 0.35935 0.32785 0.29765 0.26815 0.2412 0.2146 
1 0.93535 0.8772 0.81995 0.7666 0.71785 0.6699 0.6216 0.57695 0.5338 0.49505 0.4564 0.4207 0.38645 0.35275 0.32335 0.294 0.26435 0.23815 0.21365 
1 0.94225 0.8848 0.82935 0.7785 0.7287 0.6798 0.6341 0.59065 0.54585 0.505 0.46785 0.43235 0.39805 0.36495 0.334 0.3058 0.27655 0.24995 0.22325 
1 0.93845 0.87925 0.82105 0.77035 0.7183 0.6692 0.62285 0.57605 0.53515 0.4954 0.45615 0.4214 0.39035 0.3569 0.32785 0.29905 0.27115 0.2455 0.22215 
1 0.9371 0.8797 0.82305 0.77155 0.71925 0.67275 0.62785 0.5835 0.54065 0.50235 0.4648 0.42955 0.3985 0.3669 0.33815 0.3068 0.27765 0.2492 0.22415 
1 0.93505 0.8729 0.81875 0.76555 0.716 0.6643 0.6202 0.5754 0.5339 0.49325 0.45565 0.41935 0.38615 0.349 0.31785 0.2894 0.2609 0.23325 0.20785 
1 0.94155 0.8805 0.8253 0.7689 0.71885 0.6698 0.62245 0.5767 0.5338 0.4948 0.45675 0.4227 0.3876 0.356 0.32415 0.2938 0.26755 0.2401 0.21525 
1 0.9386 0.879 0.82225 0.76785 0.7183 0.6711 0.6254 0.5845 0.53995 0.4998 0.46275 0.42805 0.3954 0.36315 0.33255 0.3033 0.27505 0.2482 0.2205 
1 0.9382 0.87785 0.82295 0.77245 0.7181 0.673 0.6283 0.58625 0.54305 0.5031 0.4664 0.4292 0.393 0.3612 0.3324 0.3051 0.27765 0.25065 0.2254 
1 0.9404 0.87885 0.8235 0.77145 0.72215 0.67555 0.63175 0.58615 0.54345 0.50445 0.4668 0.4304 0.3956 0.3626 0.3298 0.3012 0.2734 0.24625 0.22055 
1 0.9375 0.8758 0.8165 0.76375 0.7108 0.6641 0.61465 0.57075 0.5273 0.4864 0.4467 0.41045 0.37245 0.34065 0.3089 0.28315 0.2564 0.23135 0.20695 
1 0.9372 0.876 0.81945 0.76565 0.7125 0.66595 0.6195 0.574 0.53105 0.49075 0.45365 0.41745 0.38515 0.3544 0.32195 0.29205 0.26375 0.237 0.21435 
1 0.9363 0.8734 0.8174 0.7615 0.7117 0.6612 0.61385 0.57135 0.53225 0.4932 0.45585 0.41965 0.3836 0.35355 0.3226 0.29475 0.26535 0.2391 0.21335 
1 0.938 0.8769 0.81985 0.76655 0.71765 0.66875 0.62465 0.58025 0.53835 0.4991 0.4621 0.4263 0.3928 0.3624 0.3292 0.30015 0.27065 0.2441 0.2186 
1 0.93595 0.8795 0.8243 0.76965 0.7196 0.6725 0.62485 0.5802 0.5406 0.49925 0.46005 0.4218 0.3884 0.3561 0.32375 0.294 0.2663 0.24215 0.2179 
1 0.93565 0.87605 0.82015 0.7651 0.7143 0.66505 0.6181 0.57655 0.5337 0.4945 0.4569 0.42005 0.38565 0.35745 0.3263 0.2992 0.27095 0.2449 0.21945 
1 0.93685 0.8785 0.82135 0.76865 0.7175 0.6693 0.62315 0.58125 0.5377 0.49925 0.4613 0.4262 0.3909 0.3584 0.32745 0.2988 0.2687 0.24435 0.221 
1 0.93555 0.8766 0.81955 0.76545 0.71505 0.6677 0.62 0.5762 0.535 0.4941 0.4561 0.4211 0.3868 0.35595 0.32435 0.2989 0.26865 0.24515 0.2182 
1 0.93945 0.87765 0.81885 0.7651 0.7183 0.66915 0.6211 0.5799 0.53555 0.4991 0.45905 0.42635 0.39015 0.35775 0.32485 0.29825 0.2707 0.2443 0.219 
1 0.93825 0.87875 0.8191 0.7679 0.71775 0.67025 0.62255 0.5781 0.53675 0.4972 0.45955 0.42365 0.3878 0.3553 0.325 0.2963 0.2683 0.2457 0.21715 
1 0.9383 0.87785 0.8213 0.76685 0.7171 0.67125 0.62755 0.58505 0.54235 0.50265 0.4636 0.4269 0.3919 0.35835 0.3266 0.29755 0.27135 0.2451 0.21845 
1 0.9348 0.87125 0.81315 0.75705 0.7046 0.65595 0.61025 0.56605 0.5268 0.48695 0.44875 0.41425 0.38095 0.34755 0.3163 0.28595 0.2579 0.2307 0.20655 
1 0.9362 0.87535 0.81675 0.7611 0.71175 0.66185 0.6142 0.5711 0.52865 0.4868 0.45 0.413 0.38165 0.35075 0.3223 0.2917 0.2663 0.23965 0.2135 
1 0.93645 0.8749 0.81835 0.7645 0.714 0.6654 0.62095 0.58025 0.5372 0.49835 0.4607 0.4248 0.39225 0.35825 0.3281 0.2981 0.2695 0.2395 0.2161 
1 0.93775 0.87425 0.8148 0.761 0.7075 0.6575 0.61335 0.57165 0.53065 0.48895 0.45205 0.415 0.3834 0.35215 0.32335 0.293 0.2666 0.24075 0.2176 
1 0.9351 0.87355 0.81615 0.76125 0.70915 0.65815 0.61365 0.56705 0.5247 0.4852 0.44745 0.411 0.37715 0.3451 0.31335 0.286 0.25945 0.23505 0.21135 
1 0.93685 0.8785 0.82065 0.7681 0.71545 0.6697 0.62315 0.581 0.54055 0.50325 0.46445 0.4281 0.3952 0.3617 0.33255 0.3051 0.2765 0.25085 0.22435 
1 0.9364 0.87465 0.8183 0.76515 0.7157 0.6669 0.6195 0.5741 0.5326 0.4924 0.45275 0.41875 0.38545 0.3519 0.3227 0.2971 0.26855 0.24255 0.21655 
1 0.93885 0.8785 0.82535 0.77205 0.72175 0.675 0.63105 0.5836 0.54065 0.49835 0.46325 0.4255 0.39435 0.36115 0.32935 0.29695 0.2699 0.24215 0.2179 
1 0.93705 0.8801 0.8241 0.77135 0.7213 0.6747 0.63015 0.586 0.54675 0.50925 0.47195 0.4336 0.4004 0.3665 0.33545 0.3056 0.2787 0.2511 0.22635 
1 0.9384 0.87915 0.8233 0.77215 0.71835 0.66935 0.62265 0.5783 0.53635 0.49815 0.4595 0.42165 0.38915 0.3578 0.3276 0.29805 0.27035 0.2438 0.21915 
1 0.9361 0.872 0.81685 0.76235 0.71005 0.6605 0.6138 0.571 0.52955 0.48755 0.44945 0.41255 0.37875 0.3456 0.31335 0.2859 0.2611 0.2351 0.2114 
1 0.94035 0.8797 0.8261 0.77445 0.7235 0.6747 0.62705 0.58465 0.5435 0.5028 0.4642 0.42795 0.39345 0.3618 0.33225 0.30395 0.27695 0.24775 0.2242 
1 0.9385 0.87765 0.8224 0.76695 0.71985 0.6715 0.625 0.57845 0.5357 0.49705 0.4621 0.4255 0.3929 0.36115 0.33135 0.3026 0.2748 0.24795 0.22225 
1 0.93715 0.87935 0.82505 0.77245 0.72225 0.67325 0.6266 0.58345 0.54345 0.50265 0.46495 0.42955 0.3955 0.3613 0.3294 0.299 0.2701 0.2431 0.21885 
1 0.93475 0.8734 0.81755 0.7627 0.71285 0.66465 0.61875 0.57525 0.53355 0.4959 0.45905 0.4241 0.3894 0.35765 0.3267 0.29815 0.27025 0.24485 0.2179 
1 0.93905 0.8813 0.82565 0.768 0.71635 0.6666 0.6224 0.5787 0.5366 0.49475 0.45845 0.4217 0.38825 0.3557 0.32625 0.297 0.2703 0.24185 0.21795 
1 0.93655 0.8767 0.8203 0.7661 0.71555 0.66965 0.62255 0.5778 0.53615 0.4959 0.45675 0.4225 0.38655 0.3554 0.32385 0.29375 0.26405 0.2401 0.2153 
