1 0.95019 0.860041 0.709998 0.501455 0.279485 0.115421 0.0359988 0.009435 0.0028 0.00081125 0.00017375 1.875e-05 0 0 0 0 0 0 0 
1 0.94904 0.857445 0.70538 0.493167 0.269161 0.105196 0.0281438 0.00502 0.000555 2.875e-05 0 0 0 0 0 0 0 0 0 
1 0.951249 0.863052 0.716675 0.512195 0.289851 0.123334 0.038815 0.00954875 0.00207375 0.00038125 3.75e-05 0 0 0 0 0 0 0 0 
1 0.951129 0.861119 0.712115 0.503969 0.280288 0.113954 0.0329688 0.007155 0.00108375 0.00010375 3.75e-06 0 0 0 0 0 0 0 0 
1 0.949926 0.859267 0.710354 0.503321 0.281895 0.115235 0.03364 0.007565 0.00142875 0.0001525 1.25e-06 0 0 0 0 0 0 0 0 
1 0.950553 0.860872 0.711491 0.501965 0.278955 0.113706 0.0335063 0.0071875 0.0010675 8.625e-05 3.75e-06 0 0 0 0 0 0 0 0 
1 0.94886 0.855551 0.702021 0.48838 0.263041 0.100256 0.0255475 0.00420375 0.00044125 2.375e-05 0 0 0 0 0 0 0 0 0 
1 0.949021 0.857322 0.705781 0.494847 0.27161 0.109157 0.030615 0.00607375 0.00080125 3.625e-05 1.25e-06 0 0 0 0 0 0 0 0 
1 0.951389 0.862915 0.716851 0.512836 0.291443 0.123969 0.0388813 0.00975625 0.00179875 0.00023 1.125e-05 0 0 0 0 0 0 0 0 
1 0.949496 0.85755 0.707444 0.496205 0.272251 0.108019 0.0302688 0.005785 0.000635 3.875e-05 0 0 0 0 0 0 0 0 0 
1 0.95043 0.861421 0.713004 0.503412 0.277455 0.109742 0.0292225 0.00498875 0.00061 3e-05 6.93889e-18 6.93889e-18 0 0 0 0 0 0 0 
1 0.950194 0.859711 0.709926 0.499807 0.277368 0.113995 0.035055 0.00862 0.00188625 0.0003075 3.5e-05 0 0 0 0 0 0 0 0 
1 0.949646 0.858395 0.708609 0.498216 0.273763 0.109295 0.03138 0.00684 0.0011775 0.00012 6.25e-06 0 0 0 0 0 0 0 0 
1 0.948709 0.855504 0.70289 0.490342 0.267599 0.10692 0.0320775 0.0080175 0.001875 0.00038125 5.25e-05 5e-06 0 0 0 0 0 0 0 
1 0.94895 0.856924 0.705559 0.495711 0.274395 0.111475 0.03233 0.00674875 0.00103 7.125e-05 3.75e-06 0 0 0 0 0 0 0 0 
1 0.950563 0.861027 0.713655 0.507245 0.288348 0.124647 0.041605 0.0113112 0.00249875 0.0003775 5.25e-05 1.25e-06 0 0 0 0 0 0 0 
1 0.948829 0.855901 0.701315 0.486006 0.258435 0.0962137 0.0242725 0.00416125 0.0006425 0.00013 1.375e-05 1.25e-06 0 0 0 0 0 0 0 
1 0.949049 0.856335 0.703816 0.491996 0.267386 0.105707 0.02945 0.0059675 0.00075875 6.125e-05 0 0 0 0 0 0 0 0 0 
1 0.950063 0.8598 0.710386 0.501984 0.277391 0.111066 0.031005 0.00582125 0.00080625 8.75e-05 3.75e-06 0 0 0 0 0 0 0 0 
1 0.948541 0.85494 0.702464 0.491474 0.268238 0.105301 0.0282513 0.00500625 0.000535 3.5e-05 1.25e-06 0 0 0 0 0 0 0 0 
1 0.949283 0.85661 0.704762 0.496035 0.274506 0.112822 0.0334325 0.00726125 0.0010675 8.625e-05 2.5e-06 1.25e-06 0 0 0 0 0 0 0 
1 0.94928 0.857004 0.704735 0.492782 0.270318 0.109862 0.0340775 0.00878 0.0018675 0.0002375 1.5e-05 1.25e-06 0 0 0 0 0 0 0 
1 0.949174 0.856636 0.704404 0.494446 0.273414 0.110487 0.0318363 0.00617625 0.00074375 4.375e-05 0 0 0 0 0 0 0 0 0 
1 0.951373 0.863091 0.716281 0.51047 0.286173 0.118222 0.0359013 0.008935 0.00183 0.00019625 7.5e-06 0 0 0 0 0 0 0 0 
1 0.949891 0.85889 0.70826 0.496715 0.27048 0.105085 0.0281588 0.00521625 0.000625 5e-05 0 0 0 0 0 0 0 0 0 
1 0.950948 0.861687 0.714254 0.506957 0.283171 0.116175 0.0346788 0.007755 0.00136625 0.00016875 1.875e-05 0 0 0 0 0 0 0 0 
1 0.950269 0.859607 0.709305 0.499171 0.274454 0.109667 0.03215 0.00785875 0.00225125 0.00080375 0.0001975 2.375e-05 6.25e-06 0 0 0 0 0 0 
1 0.949036 0.857656 0.707716 0.497632 0.273878 0.10951 0.03003 0.0059375 0.00093875 0.0001 1.5e-05 1.25e-06 0 0 0 0 0 0 0 
1 0.950328 0.859451 0.709556 0.500787 0.27595 0.109716 0.0306175 0.00604125 0.00097125 0.00015 2.25e-05 0 0 0 0 0 0 0 0 
1 0.949628 0.85751 0.705839 0.496582 0.274745 0.112764 0.0338313 0.007155 0.00097375 3.875e-05 0 0 0 0 0 0 0 0 0 
1 0.951539 0.863735 0.715409 0.507164 0.280445 0.110797 0.0312438 0.0067 0.001225 0.00024 2.625e-05 0 0 0 0 0 0 0 0 
1 0.950569 0.861229 0.712859 0.50448 0.280268 0.113735 0.0340038 0.0078525 0.00125125 8.75e-05 5e-06 0 0 0 0 0 0 0 0 
1 0.949145 0.857554 0.706286 0.494122 0.269058 0.10503 0.0286688 0.00577875 0.00090875 0.00018 4.25e-05 3.75e-06 0 0 0 0 0 0 0 
1 0.947363 0.851795 0.695794 0.483542 0.26157 0.103735 0.02923 0.00589125 0.00071625 3.5e-05 0 0 0 0 0 0 0 0 0 
1 0.948515 0.854849 0.700261 0.486815 0.263996 0.103382 0.0285613 0.0056125 0.00080625 7.25e-05 5e-06 0 0 0 0 0 0 0 0 
1 0.950569 0.86098 0.711544 0.500902 0.275523 0.10891 0.0295075 0.0054775 0.00061 4.25e-05 5e-06 0 0 0 0 0 0 0 0 
1 0.950633 0.861625 0.713851 0.507989 0.287521 0.122096 0.0386563 0.0098025 0.00214 0.0004175 7e-05 7.5e-06 0 0 0 0 0 0 0 
1 0.949073 0.857761 0.705658 0.493949 0.2681 0.102246 0.0265225 0.00497375 0.0007825 9.375e-05 8.75e-06 0 0 0 0 0 0 0 0 
1 0.948354 0.855029 0.70171 0.490774 0.27052 0.10955 0.0315413 0.00663625 0.00107625 0.00014875 1.125e-05 0 0 0 0 0 0 0 0 
1 0.948495 0.856009 0.701853 0.488471 0.264074 0.103784 0.02898 0.00597375 0.000955 0.00010125 8.75e-06 0 0 0 0 0 0 0 0 
1 0.949038 0.857065 0.705177 0.494972 0.273704 0.109887 0.0316788 0.00662125 0.00106 0.00011125 1.25e-06 0 0 0 0 0 0 0 0 
1 0.950596 0.860119 0.709341 0.498377 0.274814 0.110382 0.0321288 0.00665 0.00111875 0.00014625 1.25e-05 6.25e-06 0 0 0 0 0 0 0 
1 0.948698 0.855737 0.70284 0.49063 0.267401 0.105721 0.029895 0.0057575 0.00063375 3.875e-05 3.75e-06 1.25e-06 0 0 0 0 0 0 0 
1 0.94937 0.857765 0.706931 0.497392 0.276593 0.114035 0.035495 0.008945 0.00197 0.0004325 7.125e-05 2.5e-06 0 0 0 0 0 0 0 
1 0.949615 0.858154 0.707491 0.498682 0.276819 0.113604 0.03313 0.00731625 0.001325 0.00021625 1.125e-05 0 0 0 0 0 0 0 0 
1 0.951644 0.864051 0.717765 0.512894 0.293583 0.129162 0.0454413 0.0138488 0.00405 0.00096375 0.00014375 6.25e-06 0 0 0 0 0 0 0 
1 0.95239 0.86572 0.72118 0.516616 0.29397 0.124769 0.0389788 0.00917 0.00162875 0.00019125 2.25e-05 3.75e-06 0 0 0 0 0 0 0 
1 0.950699 0.860927 0.713015 0.506321 0.283724 0.116931 0.0350138 0.00752625 0.0011325 9e-05 1.25e-06 0 0 0 0 0 0 0 0 
1 0.950629 0.860169 0.712056 0.505347 0.283986 0.117446 0.0355213 0.008485 0.0017525 0.00030625 4.375e-05 0 0 0 0 0 0 0 0 
1 0.951394 0.863204 0.71817 0.512607 0.289211 0.120467 0.036785 0.00941 0.0021475 0.000385 3.5e-05 1.25e-06 0 0 0 0 0 0 0 
1 0.947343 0.851905 0.696253 0.481901 0.259221 0.10114 0.0292775 0.0074225 0.00195875 0.00047875 7e-05 8.75e-06 0 0 0 0 0 0 0 
1 0.94998 0.85878 0.708168 0.498396 0.275236 0.11021 0.0300713 0.0057475 0.0008125 8.375e-05 1.25e-06 0 0 0 0 0 0 0 0 
1 0.952399 0.865764 0.721775 0.519636 0.30107 0.134914 0.0478113 0.0148325 0.00424125 0.001195 0.00026625 3.375e-05 0 0 0 0 0 0 0 
1 0.952409 0.865742 0.721159 0.51736 0.294146 0.125825 0.0404338 0.01049 0.00216875 0.0002825 1.5e-05 0 0 0 0 0 0 0 0 
1 0.950276 0.859612 0.710095 0.503096 0.281386 0.117359 0.0367563 0.008845 0.00145875 0.00015 2.5e-06 0 0 0 0 0 0 0 0 
1 0.949503 0.85786 0.708058 0.4985 0.277136 0.116737 0.0398438 0.012505 0.00379125 0.00091 0.000135 1e-05 0 0 0 0 0 0 0 
1 0.950685 0.860786 0.713603 0.506812 0.284413 0.118682 0.0368275 0.00891375 0.00154375 0.00016875 0 0 0 0 0 0 0 0 0 
1 0.949034 0.857084 0.704274 0.491255 0.266948 0.104177 0.02838 0.0054 0.00074625 4.875e-05 0 0 0 0 0 0 0 0 0 
1 0.95055 0.860165 0.711808 0.503449 0.279896 0.113596 0.03268 0.00641625 0.00072375 3.625e-05 1.25e-06 0 0 0 0 0 0 0 0 
1 0.949079 0.857366 0.706371 0.49707 0.272383 0.108844 0.0313075 0.00671 0.00127625 0.00019 1.125e-05 0 0 0 0 0 0 0 0 
1 0.950453 0.860466 0.710449 0.50214 0.279074 0.112815 0.0325425 0.00681875 0.00104625 0.00010875 6.25e-06 0 0 0 0 0 0 0 0 
1 0.953258 0.868582 0.726991 0.525346 0.302611 0.129611 0.0407913 0.00981 0.00194875 0.0002725 2.375e-05 1.25e-06 0 0 0 0 0 0 0 
1 0.947915 0.854499 0.701181 0.490534 0.26822 0.108215 0.0318938 0.0068025 0.0009625 8.25e-05 2.5e-06 0 0 0 0 0 0 0 0 
1 0.95115 0.862094 0.714279 0.507286 0.284194 0.117579 0.0347238 0.0077975 0.001385 0.00016 3.75e-06 0 0 0 0 0 0 0 0 
1 0.95218 0.863889 0.717276 0.509937 0.284053 0.115194 0.0337113 0.00742 0.00131625 0.00016625 8.75e-06 0 0 0 0 0 0 0 0 
1 0.950316 0.860971 0.713915 0.507491 0.285363 0.11967 0.0380925 0.0100913 0.002405 0.00047375 3.625e-05 2.5e-06 0 0 0 0 0 0 0 
1 0.951125 0.862959 0.714906 0.50768 0.284361 0.116172 0.033315 0.0064225 0.00073 4.75e-05 6.93889e-18 0 0 0 0 0 0 0 0 
1 0.950314 0.860729 0.71176 0.502367 0.278285 0.111925 0.0319825 0.00665875 0.001255 0.00011625 2.5e-06 0 0 0 0 0 0 0 0 
1 0.951154 0.862356 0.714599 0.508685 0.287151 0.12088 0.0374263 0.0083725 0.00130125 8.75e-05 1.25e-06 0 0 0 0 0 0 0 0 
1 0.950174 0.860292 0.711651 0.502396 0.27877 0.114127 0.0341725 0.00804625 0.0016275 0.00029 2.25e-05 0 0 0 0 0 0 0 0 
1 0.951393 0.861282 0.713369 0.506682 0.285911 0.120321 0.0378138 0.00963125 0.00216 0.00039875 3.5e-05 1.25e-06 0 0 0 0 0 0 0 
1 0.949241 0.856162 0.703314 0.490985 0.267185 0.105784 0.0294013 0.00561125 0.00068375 5.75e-05 2.5e-06 0 0 0 0 0 0 0 0 
1 0.950911 0.86148 0.713586 0.504849 0.28114 0.11598 0.0354338 0.0087675 0.00193375 0.00032875 4.125e-05 2.5e-06 0 0 0 0 0 0 0 
1 0.948801 0.856385 0.7051 0.495424 0.272715 0.10996 0.0321063 0.00706375 0.0012175 0.00010375 0 0 0 0 0 0 0 0 0 
1 0.950983 0.862636 0.717088 0.510649 0.287414 0.119242 0.0360238 0.0083975 0.00163625 0.00028 3.375e-05 1.25e-06 0 0 0 0 0 0 0 
1 0.952734 0.865242 0.719826 0.516095 0.29439 0.123694 0.037525 0.00850625 0.00160625 0.00026625 2.875e-05 0 0 0 0 0 0 0 0 
1 0.949736 0.858625 0.70964 0.501662 0.280638 0.118959 0.038225 0.010745 0.00277875 0.0005125 4.25e-05 0 0 0 0 0 0 0 0 
1 0.951091 0.861742 0.713598 0.507306 0.284416 0.117744 0.03538 0.0079625 0.00133 0.00016875 1.5e-05 0 0 0 0 0 0 0 0 
1 0.949736 0.858434 0.707815 0.497325 0.272784 0.109082 0.0306875 0.00573875 0.0006425 2.125e-05 0 0 0 0 0 0 0 0 0 
1 0.949031 0.857195 0.706366 0.496289 0.27366 0.110566 0.0325413 0.00719625 0.00120375 0.00014 3.75e-06 0 0 0 0 0 0 0 0 
1 0.94928 0.857969 0.706801 0.497472 0.274383 0.112334 0.034235 0.00815 0.00156875 0.00018625 1e-05 0 0 0 0 0 0 0 0 
1 0.948595 0.855319 0.702424 0.491995 0.272013 0.11351 0.0358188 0.00820125 0.00127875 0.00012375 3.75e-06 0 0 0 0 0 0 0 0 
1 0.950195 0.859345 0.709618 0.501082 0.279448 0.11467 0.0332488 0.00692875 0.00107625 7.125e-05 1.25e-06 0 0 0 0 0 0 0 0 
1 0.952578 0.866116 0.721904 0.517594 0.295435 0.125727 0.0396175 0.00865625 0.00110875 9e-05 1.25e-06 0 0 0 0 0 0 0 0 
1 0.95078 0.860585 0.711324 0.503634 0.282241 0.118839 0.0376688 0.00991375 0.00258125 0.0005775 7.75e-05 6.25e-06 0 0 0 0 0 0 0 
1 0.952001 0.86425 0.718115 0.513766 0.294334 0.126596 0.0412038 0.0112225 0.003045 0.00075875 0.00010375 3.75e-06 0 0 0 0 0 0 0 
1 0.952105 0.864122 0.718819 0.5154 0.295191 0.127626 0.0423288 0.012565 0.0037475 0.001185 0.0003225 5.25e-05 5e-06 0 0 0 0 0 0 
1 0.948159 0.853891 0.698643 0.48391 0.259966 0.101106 0.0279263 0.005525 0.00081125 8.75e-05 6.25e-06 1.25e-06 0 0 0 0 0 0 0 
1 0.951001 0.861891 0.714085 0.507296 0.285018 0.11878 0.0364475 0.00922 0.00232125 0.0005525 9e-05 1.25e-05 0 0 0 0 0 0 0 
1 0.950845 0.860602 0.710923 0.500694 0.275266 0.109764 0.0303113 0.00569 0.00065 3e-05 2.5e-06 0 0 0 0 0 0 0 0 
1 0.949291 0.857649 0.706499 0.49738 0.277301 0.115311 0.0350475 0.0077625 0.0012625 0.000105 5e-06 0 0 0 0 0 0 0 0 
1 0.950064 0.859457 0.708659 0.497669 0.27211 0.106182 0.0274625 0.00424 0.000265 7.5e-06 0 0 0 0 0 0 0 0 0 
1 0.951881 0.864946 0.719559 0.514675 0.291256 0.123057 0.0378038 0.00835875 0.0012375 8.875e-05 5e-06 0 0 0 0 0 0 0 0 
1 0.949815 0.859067 0.708745 0.498246 0.274138 0.108894 0.0306413 0.00591375 0.00070875 6.5e-05 3.75e-06 0 0 0 0 0 0 0 0 
1 0.949653 0.85773 0.707223 0.495009 0.269819 0.10654 0.03053 0.006315 0.00090375 7.125e-05 1.25e-06 0 0 0 0 0 0 0 0 
1 0.948108 0.854891 0.700846 0.487349 0.263505 0.102191 0.02701 0.00484875 0.00051875 3.875e-05 3.75e-06 0 0 0 0 0 0 0 0 
1 0.949176 0.858179 0.707459 0.499065 0.278264 0.114564 0.0335275 0.00662125 0.000835 4.5e-05 1.25e-06 0 0 0 0 0 0 0 0 
1 0.950739 0.861697 0.712816 0.504305 0.280501 0.115119 0.0350775 0.0088925 0.00194625 0.00031625 2.875e-05 0 0 0 0 0 0 0 0 
1 0.949149 0.855332 0.703165 0.491887 0.270178 0.11182 0.0357963 0.0093625 0.00191625 0.00029 2.5e-05 0 0 0 0 0 0 0 0 
1 0.949159 0.857182 0.705406 0.493536 0.267306 0.103365 0.0269575 0.00486625 0.0006075 6.75e-05 2.5e-06 0 0 0 0 0 0 0 0 
