1 0.899032 0.732597 0.507008 0.272747 0.10671 0.0300425 0.0063825 0.00114 0.000235 4.5e-05 5e-06 2.5e-06 0 0 0 0 0 0 0 
1 0.900857 0.736807 0.512495 0.278372 0.11148 0.0327 0.0071075 0.00101 7.25e-05 0 0 0 0 0 0 0 0 0 0 
1 0.90135 0.738482 0.51323 0.279087 0.112645 0.034165 0.008195 0.0018375 0.0002375 3e-05 0 0 0 0 0 0 0 0 0 
1 0.89953 0.733795 0.506438 0.272957 0.107245 0.03048 0.0063775 0.0010625 0.0001275 1.25e-05 0 0 0 0 0 0 0 0 0 
1 0.901467 0.738942 0.51267 0.277592 0.110785 0.032735 0.0073925 0.00135 0.000185 7.5e-06 0 0 0 0 0 0 0 0 0 
1 0.90091 0.739285 0.513083 0.279005 0.11097 0.031575 0.006275 0.0008875 9.5e-05 0 0 0 0 0 0 0 0 0 0 
1 0.90001 0.73689 0.50985 0.273315 0.106158 0.0290225 0.005885 0.0010325 0.00011 1.25e-05 0 0 0 0 0 0 0 0 0 
1 0.89963 0.735205 0.507078 0.271522 0.106405 0.03043 0.006515 0.0011225 0.0001775 1.25e-05 0 0 0 0 0 0 0 0 0 
1 0.898797 0.731707 0.50285 0.268855 0.106958 0.0316875 0.007395 0.0013975 0.0001775 2.25e-05 0 0 0 0 0 0 0 0 0 
1 0.900237 0.736767 0.510508 0.276417 0.110043 0.0318325 0.0069125 0.001115 0.00016 1.25e-05 0 0 0 0 0 0 0 0 0 
1 0.89973 0.734287 0.505358 0.268482 0.103488 0.0280925 0.005605 0.0008675 8.5e-05 7.5e-06 0 0 0 0 0 0 0 0 0 
1 0.90056 0.735935 0.507095 0.27324 0.109673 0.0334225 0.007945 0.00145 0.0001475 1.25e-05 5e-06 0 0 0 0 0 0 0 0 
1 0.899482 0.732645 0.504048 0.268802 0.10591 0.03077 0.00717 0.00141 0.0001825 1.5e-05 0 0 0 0 0 0 0 0 0 
1 0.89963 0.73425 0.506835 0.272715 0.107565 0.0312525 0.0072975 0.0011425 0.00015 1.25e-05 0 0 0 0 0 0 0 0 0 
1 0.89773 0.729312 0.500485 0.267097 0.104218 0.030405 0.007695 0.00193 0.0005575 0.0001375 2.75e-05 0 0 0 0 0 0 0 0 
1 0.898312 0.731787 0.503273 0.26873 0.104928 0.0297725 0.00611 0.00096 0.00011 7.5e-06 0 0 0 0 0 0 0 0 0 
1 0.89841 0.732042 0.504983 0.271225 0.10702 0.0307575 0.006755 0.0010625 0.0001325 1.25e-05 0 0 0 0 0 0 0 0 0 
1 0.899597 0.734365 0.50706 0.271807 0.107023 0.02994 0.0063525 0.0009925 8.25e-05 1e-05 0 0 0 0 0 0 0 0 0 
1 0.899632 0.734642 0.508328 0.273942 0.107995 0.0306025 0.0064775 0.001025 0.0001 7.5e-06 0 0 0 0 0 0 0 0 0 
1 0.899842 0.73484 0.507495 0.273797 0.107088 0.0302825 0.00604 0.0008875 0.000105 5e-06 0 0 0 0 0 0 0 0 0 
1 0.898637 0.731857 0.502873 0.266215 0.102835 0.0280925 0.005485 0.00078 7.5e-05 7.5e-06 0 0 0 0 0 0 0 0 0 
1 0.900285 0.736695 0.510795 0.274997 0.10928 0.0313025 0.00678 0.00119 0.0001775 1.75e-05 0 0 0 0 0 0 0 0 0 
1 0.901395 0.737845 0.51348 0.278155 0.111903 0.0334575 0.0077725 0.001635 0.0002825 5.5e-05 5e-06 0 0 0 0 0 0 0 0 
1 0.903322 0.742737 0.518365 0.282885 0.113068 0.0328125 0.00676 0.0010775 0.0001325 1.75e-05 0 0 0 0 0 0 0 0 0 
1 0.89889 0.732122 0.50407 0.268287 0.104755 0.02947 0.006105 0.0009925 0.0001175 1.25e-05 2.5e-06 0 0 0 0 0 0 0 0 
1 0.900217 0.735177 0.507455 0.272742 0.10659 0.0306225 0.00627 0.001015 0.0001275 5e-06 2.5e-06 0 0 0 0 0 0 0 0 
1 0.90002 0.735822 0.509928 0.27575 0.109045 0.03181 0.007245 0.0015975 0.0004375 0.0001025 1.75e-05 0 0 0 0 0 0 0 0 
1 0.901252 0.737762 0.509945 0.273825 0.105473 0.0287375 0.00578 0.001045 0.000155 2.25e-05 0 0 0 0 0 0 0 0 0 
1 0.900517 0.737257 0.512093 0.278125 0.110915 0.0318775 0.00687 0.0010875 0.0001475 1.75e-05 0 0 0 0 0 0 0 0 0 
1 0.8989 0.732122 0.504203 0.2684 0.103465 0.0287475 0.0061375 0.0010275 0.0001125 1.75e-05 0 0 0 0 0 0 0 0 0 
1 0.902 0.740677 0.51812 0.284615 0.115053 0.0348075 0.00796 0.00164 0.00033 5e-05 5e-06 0 0 0 0 0 0 0 0 
1 0.89997 0.734215 0.508063 0.273612 0.106965 0.02997 0.0062925 0.00098 0.00011 1.25e-05 0 0 0 0 0 0 0 0 0 
1 0.89999 0.737302 0.510883 0.274725 0.10732 0.0305625 0.00643 0.0011025 0.00017 7.5e-06 0 0 0 0 0 0 0 0 0 
1 0.90055 0.737775 0.51293 0.279702 0.1122 0.03307 0.0073575 0.001195 0.0001625 2.5e-05 0 0 0 0 0 0 0 0 0 
1 0.902182 0.741035 0.517918 0.283867 0.113893 0.033435 0.00766 0.001425 0.0001975 2e-05 2.5e-06 0 0 0 0 0 0 0 0 
1 0.90267 0.741382 0.518328 0.283847 0.113993 0.033095 0.0070075 0.0011425 0.0001425 2.25e-05 5e-06 0 0 0 0 0 0 0 0 
1 0.90146 0.737865 0.511753 0.277825 0.111535 0.0322175 0.0066375 0.00115 0.0001075 1.5e-05 0 0 0 0 0 0 0 0 0 
1 0.8996 0.734605 0.507945 0.274375 0.109315 0.0319975 0.0072175 0.001425 0.0001575 7.5e-06 0 0 0 0 0 0 0 0 0 
1 0.899742 0.7341 0.5061 0.270875 0.106035 0.0302425 0.0066475 0.0011775 0.0002475 4e-05 7.5e-06 0 0 0 0 0 0 0 0 
1 0.898987 0.733075 0.504615 0.270267 0.106643 0.030725 0.0065925 0.00102 9.25e-05 2.5e-06 0 0 0 0 0 0 0 0 0 
1 0.898947 0.731922 0.50301 0.268617 0.10321 0.0285 0.005745 0.00096 0.0001475 1.5e-05 0 0 0 0 0 0 0 0 0 
1 0.899907 0.734945 0.507838 0.274495 0.109163 0.0317525 0.0073425 0.001485 0.000255 2.25e-05 0 0 0 0 0 0 0 0 0 
1 0.901102 0.737842 0.51296 0.277397 0.11074 0.0323925 0.007385 0.001445 0.0002925 5.5e-05 5e-06 0 0 0 0 0 0 0 0 
1 0.900795 0.73767 0.511918 0.27675 0.10972 0.0313875 0.00666 0.0011825 0.0001 1e-05 0 0 0 0 0 0 0 0 0 
1 0.901542 0.739665 0.516105 0.28153 0.113343 0.03434 0.00874 0.00202 0.0004225 9e-05 5e-06 0 0 0 0 0 0 0 0 
1 0.898472 0.73299 0.504668 0.269165 0.104778 0.0304425 0.0071475 0.0014575 0.00025 3.25e-05 2.5e-06 0 0 0 0 0 0 0 0 
1 0.90191 0.740587 0.516988 0.28361 0.11502 0.03482 0.0079125 0.00141 0.0002025 2.5e-06 0 0 0 0 0 0 0 0 0 
1 0.902942 0.742222 0.518303 0.282842 0.113415 0.033565 0.0080475 0.0016 0.0002975 4e-05 5e-06 0 0 0 0 0 0 0 0 
1 0.89677 0.728042 0.49752 0.262247 0.10086 0.02886 0.0068025 0.0014425 0.0002575 1.25e-05 0 0 0 0 0 0 0 0 0 
1 0.901302 0.73847 0.512608 0.27914 0.111803 0.0333925 0.00792 0.0016375 0.000255 2.5e-05 0 0 0 0 0 0 0 0 0 
1 0.899522 0.734652 0.506808 0.271542 0.108468 0.032945 0.00817 0.0016175 0.00025 3.25e-05 0 0 0 0 0 0 0 0 0 
1 0.900322 0.737172 0.511328 0.27434 0.10702 0.02993 0.00618 0.0011075 0.0001875 2.75e-05 2.5e-06 0 0 0 0 0 0 0 0 
1 0.902515 0.741427 0.516948 0.281177 0.112748 0.0319375 0.006425 0.001005 0.000135 2.25e-05 5e-06 0 0 0 0 0 0 0 0 
1 0.90105 0.73804 0.512018 0.276427 0.109283 0.0322175 0.0073525 0.001405 0.0002375 2.75e-05 0 0 0 0 0 0 0 0 0 
1 0.899447 0.73322 0.504908 0.27042 0.105803 0.0308825 0.00713 0.0013 0.0002 1.25e-05 0 0 0 0 0 0 0 0 0 
1 0.899445 0.73419 0.507258 0.275065 0.11174 0.0339 0.008415 0.00159 0.0002125 2e-05 0 0 0 0 0 0 0 0 0 
1 0.901515 0.738942 0.51634 0.282075 0.114243 0.03406 0.0076175 0.00127 0.00016 1e-05 0 0 0 0 0 0 0 0 0 
1 0.900947 0.737692 0.514073 0.28002 0.113228 0.033465 0.0078175 0.001545 0.0002525 1.75e-05 0 0 0 0 0 0 0 0 0 
1 0.899692 0.735545 0.508955 0.27463 0.107903 0.02986 0.0058475 0.000785 5.75e-05 5e-06 2.5e-06 0 0 0 0 0 0 0 0 
1 0.898842 0.732047 0.50186 0.265777 0.10284 0.0287025 0.0060825 0.0009675 0.0001275 1.5e-05 0 0 0 0 0 0 0 0 0 
1 0.89964 0.732917 0.504858 0.271142 0.107678 0.0315375 0.00734 0.0014425 0.00023 2.5e-05 0 0 0 0 0 0 0 0 0 
1 0.90157 0.739115 0.513778 0.279262 0.111548 0.032405 0.00702 0.00113 0.00014 5e-06 0 0 0 0 0 0 0 0 0 
1 0.899632 0.735397 0.509068 0.275572 0.10959 0.0323675 0.007175 0.0013175 0.000175 1.5e-05 0 0 0 0 0 0 0 0 0 
1 0.900335 0.736242 0.510615 0.27555 0.108948 0.0313425 0.0067875 0.00107 0.0001425 1.25e-05 0 0 0 0 0 0 0 0 0 
1 0.899245 0.733922 0.50677 0.273895 0.10967 0.03271 0.00755 0.0014 0.0001575 1.75e-05 0 0 0 0 0 0 0 0 0 
1 0.900065 0.735675 0.509455 0.272087 0.10552 0.0290875 0.005585 0.0007325 6.5e-05 1.25e-05 0 0 0 0 0 0 0 0 0 
1 0.900245 0.7352 0.508903 0.275305 0.10963 0.031655 0.00729 0.0013475 0.000205 2.75e-05 0 0 0 0 0 0 0 0 0 
1 0.901185 0.738947 0.514335 0.279435 0.11272 0.034135 0.0085675 0.001975 0.0004925 8.5e-05 2.5e-06 0 0 0 0 0 0 0 0 
1 0.900435 0.737502 0.51246 0.278265 0.111245 0.032445 0.0071775 0.001225 0.00025 4.25e-05 0 0 0 0 0 0 0 0 0 
1 0.89798 0.73089 0.501925 0.266452 0.100485 0.02738 0.0058975 0.001055 0.000125 2e-05 0 0 0 0 0 0 0 0 0 
1 0.9016 0.73946 0.51539 0.279035 0.11145 0.0324425 0.0070525 0.00105 9.5e-05 2.5e-06 0 0 0 0 0 0 0 0 0 
1 0.899677 0.732972 0.504675 0.27114 0.10647 0.03046 0.006525 0.0010775 0.000135 1.25e-05 5e-06 0 0 0 0 0 0 0 0 
1 0.901525 0.738637 0.51235 0.277685 0.111135 0.0316325 0.006355 0.00096 0.00014 7.5e-06 0 0 0 0 0 0 0 0 0 
1 0.899622 0.73366 0.50667 0.272857 0.106728 0.0294925 0.00575 0.0007675 8.25e-05 2.5e-06 0 0 0 0 0 0 0 0 0 
1 0.900855 0.738235 0.513085 0.278917 0.111535 0.0326775 0.0073175 0.00113 0.00015 5e-06 2.5e-06 0 0 0 0 0 0 0 0 
1 0.899437 0.73303 0.50466 0.26975 0.105635 0.0298 0.006535 0.0013175 0.0001975 4e-05 1.25e-05 0 0 0 0 0 0 0 0 
1 0.899955 0.733812 0.506405 0.269637 0.104455 0.0285375 0.00532 0.000705 8e-05 5e-06 0 0 0 0 0 0 0 0 0 
1 0.90082 0.736455 0.510468 0.274585 0.10636 0.02901 0.00538 0.0006325 5.75e-05 1e-05 0 0 0 0 0 0 0 0 0 
1 0.899387 0.734022 0.50636 0.27284 0.107828 0.0318475 0.0073975 0.0016225 0.0002925 3.5e-05 2.5e-06 0 0 0 0 0 0 0 0 
1 0.899045 0.733267 0.505658 0.268877 0.10487 0.029335 0.006255 0.0011275 0.000195 3.75e-05 5e-06 0 0 0 0 0 0 0 0 
1 0.902985 0.741837 0.517073 0.280797 0.11267 0.03316 0.007465 0.001215 0.000115 0 0 0 0 0 0 0 0 0 0 
1 0.89944 0.733247 0.505468 0.269512 0.103358 0.02791 0.0053325 0.0008325 0.000115 1.5e-05 0 0 0 0 0 0 0 0 0 
1 0.901192 0.738382 0.511758 0.27918 0.111863 0.03289 0.0072175 0.0012175 0.0001975 2.25e-05 0 0 0 0 0 0 0 0 0 
1 0.900442 0.73756 0.513583 0.277422 0.110723 0.0321025 0.0073875 0.0015225 0.000255 3e-05 0 0 0 0 0 0 0 0 0 
1 0.899657 0.73462 0.506135 0.270185 0.105773 0.029905 0.0062975 0.00103 0.0001575 2.75e-05 0 0 0 0 0 0 0 0 0 
1 0.90221 0.74113 0.519203 0.285615 0.115735 0.0343125 0.00805 0.00167 0.00028 3.5e-05 2.5e-06 0 0 0 0 0 0 0 0 
1 0.8998 0.73448 0.50853 0.277415 0.113018 0.03464 0.0081825 0.0015575 0.0002425 1e-05 2.5e-06 0 0 0 0 0 0 0 0 
1 0.899777 0.73477 0.507933 0.274807 0.109318 0.031545 0.0069825 0.0012875 0.00016 5e-06 0 0 0 0 0 0 0 0 0 
1 0.899847 0.735332 0.509223 0.272472 0.10623 0.0295025 0.0058025 0.0009475 8e-05 2.5e-06 0 0 0 0 0 0 0 0 0 
1 0.899575 0.733945 0.50881 0.271682 0.104798 0.0287725 0.005815 0.00093 0.0001025 0 0 0 0 0 0 0 0 0 0 
1 0.899292 0.733917 0.5072 0.271445 0.10619 0.0297225 0.00618 0.0009575 6.5e-05 7.5e-06 0 0 0 0 0 0 0 0 0 
1 0.9008 0.736617 0.510045 0.273345 0.106335 0.0289925 0.0055575 0.0006525 3.5e-05 2.5e-06 0 0 0 0 0 0 0 0 0 
1 0.899537 0.734742 0.507083 0.274207 0.11003 0.0322725 0.00739 0.0013425 0.0001975 3e-05 2.5e-06 0 0 0 0 0 0 0 0 
1 0.90024 0.734652 0.509308 0.276367 0.110148 0.032145 0.0071175 0.001135 0.0001425 2.5e-06 0 0 0 0 0 0 0 0 0 
1 0.900045 0.73632 0.50975 0.274975 0.109538 0.032505 0.0072125 0.0011525 8.25e-05 5e-06 0 0 0 0 0 0 0 0 0 
1 0.900232 0.736425 0.510995 0.276662 0.11196 0.034345 0.00834 0.0020325 0.0005575 0.0001825 2.25e-05 5e-06 0 0 0 0 0 0 0 
1 0.90208 0.73839 0.51253 0.276842 0.112408 0.0342825 0.0085225 0.00161 0.000255 2e-05 0 0 0 0 0 0 0 0 0 
1 0.89896 0.733612 0.506128 0.27106 0.10697 0.03055 0.0065825 0.0010425 9.5e-05 5e-06 0 0 0 0 0 0 0 0 0 
1 0.90052 0.735122 0.507288 0.27262 0.107453 0.03119 0.006765 0.001035 0.0001125 5e-06 0 0 0 0 0 0 0 0 0 
1 0.900337 0.73653 0.50879 0.274862 0.109568 0.032425 0.0073525 0.001385 0.0002475 4.5e-05 5e-06 0 0 0 0 0 0 0 0 
1 0.899027 0.732662 0.505258 0.270175 0.104258 0.0283975 0.0058825 0.001005 0.0001575 1.75e-05 0 0 0 0 0 0 0 0 0 
1 0.89874 0.732112 0.504798 0.269085 0.10493 0.0291 0.006085 0.001005 0.0001875 3.25e-05 0 0 0 0 0 0 0 0 0 
1 0.898337 0.732027 0.50401 0.270602 0.107723 0.0322725 0.007565 0.0014125 0.0001725 2e-05 0 0 0 0 0 0 0 0 0 
1 0.899007 0.734207 0.507883 0.27407 0.10936 0.03237 0.0077525 0.001505 0.000215 1.75e-05 0 0 0 0 0 0 0 0 0 
1 0.89922 0.735115 0.508175 0.27449 0.106698 0.0294275 0.0061025 0.0009925 0.000165 1.5e-05 0 0 0 0 0 0 0 0 0 
1 0.899162 0.73388 0.506183 0.270317 0.104805 0.0302475 0.0070025 0.00163 0.0003475 5.25e-05 5e-06 0 0 0 0 0 0 0 0 
1 0.898865 0.73238 0.504393 0.26987 0.107083 0.03225 0.0077525 0.00146 0.0001775 1.75e-05 5e-06 0 0 0 0 0 0 0 0 
1 0.89734 0.729697 0.500245 0.264782 0.10184 0.028 0.005555 0.00092 0.0001325 1.5e-05 0 0 0 0 0 0 0 0 0 
1 0.901317 0.737912 0.512813 0.27652 0.107938 0.0299375 0.00609 0.0008625 7.25e-05 2.5e-06 0 0 0 0 0 0 0 0 0 
1 0.901467 0.737595 0.511858 0.278315 0.112693 0.03424 0.00842 0.001745 0.00032 2.5e-05 0 0 0 0 0 0 0 0 0 
1 0.900235 0.735882 0.508125 0.272052 0.105173 0.028125 0.00502 0.00057 3.25e-05 5e-06 0 0 0 0 0 0 0 0 0 
1 0.90034 0.735332 0.508363 0.272717 0.106298 0.0300075 0.006655 0.001255 0.0001875 1.5e-05 2.5e-06 0 0 0 0 0 0 0 0 
1 0.89934 0.735867 0.510033 0.276457 0.109865 0.03137 0.00674 0.0011625 0.0001375 7.5e-06 0 0 0 0 0 0 0 0 0 
1 0.898962 0.732127 0.50272 0.267585 0.1029 0.0282375 0.0058775 0.0011375 0.00016 2.25e-05 0 0 0 0 0 0 0 0 0 
1 0.902347 0.739877 0.515288 0.278745 0.111148 0.03236 0.0073875 0.0013725 0.00023 5e-05 2.5e-06 0 0 0 0 0 0 0 0 
1 0.900107 0.7364 0.51001 0.275935 0.110578 0.03284 0.00742 0.0014275 0.0002825 6e-05 5e-06 0 0 0 0 0 0 0 0 
1 0.899937 0.734307 0.507958 0.27392 0.108808 0.03115 0.0065575 0.000955 0.0001125 5e-06 0 0 0 0 0 0 0 0 0 
1 0.902012 0.740645 0.51605 0.28254 0.114878 0.0348575 0.008175 0.0015075 0.00027 1.75e-05 5e-06 0 0 0 0 0 0 0 0 
1 0.90069 0.737317 0.51158 0.276245 0.10823 0.0300575 0.006325 0.000925 7.5e-05 2.5e-06 0 0 0 0 0 0 0 0 0 
1 0.899345 0.73427 0.507703 0.273722 0.107533 0.0311125 0.0066025 0.0012925 0.0001475 1e-05 0 0 0 0 0 0 0 0 0 
1 0.9002 0.736432 0.510598 0.275235 0.109333 0.0305825 0.0061575 0.0008925 0.00011 1.5e-05 0 0 0 0 0 0 0 0 0 
1 0.899972 0.73465 0.509308 0.277292 0.11224 0.033495 0.0074275 0.001425 0.00025 2e-05 0 0 0 0 0 0 0 0 0 
1 0.898322 0.731737 0.501713 0.268177 0.106455 0.0323075 0.0079025 0.0015575 0.00025 4.25e-05 2.5e-06 2.5e-06 0 0 0 0 0 0 0 
1 0.899602 0.733292 0.505118 0.271697 0.10698 0.0306325 0.006695 0.0011375 0.0001725 1.5e-05 2.5e-06 0 0 0 0 0 0 0 0 
1 0.89822 0.731472 0.502915 0.267782 0.103168 0.028915 0.0063925 0.00101 0.0001175 2.5e-06 0 0 0 0 0 0 0 0 0 
1 0.8991 0.734892 0.509145 0.2742 0.107575 0.0305925 0.0065725 0.0012525 0.0002525 4.75e-05 0 0 0 0 0 0 0 0 0 
1 0.90121 0.739175 0.513803 0.278527 0.110263 0.0321675 0.0074075 0.001335 0.0002125 2e-05 0 0 0 0 0 0 0 0 0 
1 0.900447 0.734952 0.50864 0.274387 0.108675 0.031315 0.00699 0.00147 0.0003675 8.25e-05 0 0 0 0 0 0 0 0 0 
1 0.90015 0.73574 0.508858 0.273235 0.107375 0.0305725 0.00643 0.001165 0.0002375 5.5e-05 5e-06 0 0 0 0 0 0 0 0 
1 0.89923 0.733412 0.50602 0.270952 0.105723 0.03052 0.0068 0.0013175 0.00029 6.25e-05 7.5e-06 2.5e-06 0 0 0 0 0 0 0 
1 0.901125 0.73713 0.511223 0.278247 0.10985 0.0313 0.0068775 0.001375 0.0002825 2.5e-05 0 0 0 0 0 0 0 0 0 
1 0.902632 0.74094 0.519048 0.286632 0.11925 0.03742 0.0094425 0.0019925 0.000305 4.5e-05 1e-05 0 0 0 0 0 0 0 0 
1 0.900207 0.735725 0.511023 0.276115 0.11001 0.0327475 0.0081875 0.0018325 0.00039 7e-05 7.5e-06 0 0 0 0 0 0 0 0 
1 0.901925 0.740612 0.517145 0.284395 0.116618 0.0354675 0.0080175 0.0015175 0.0002125 1.5e-05 5e-06 0 0 0 0 0 0 0 0 
1 0.900865 0.737085 0.509795 0.275485 0.108288 0.03025 0.006145 0.0009075 0.00012 1e-05 2.5e-06 0 0 0 0 0 0 0 0 
1 0.902527 0.740077 0.51492 0.280742 0.114173 0.03502 0.0084975 0.0017 0.000265 3e-05 0 0 0 0 0 0 0 0 0 
1 0.89984 0.73375 0.506223 0.271727 0.107123 0.03154 0.0072475 0.00132 0.000175 1.5e-05 0 0 0 0 0 0 0 0 0 
1 0.901787 0.738975 0.513278 0.278312 0.110883 0.032275 0.0070375 0.0012175 0.00019 7.5e-06 0 0 0 0 0 0 0 0 0 
1 0.900242 0.736437 0.509483 0.27428 0.108178 0.0307975 0.0065625 0.00107 0.00011 1.25e-05 0 0 0 0 0 0 0 0 0 
1 0.898985 0.731185 0.502263 0.26691 0.101518 0.0277825 0.0055475 0.00081 8.5e-05 7.5e-06 0 0 0 0 0 0 0 0 0 
1 0.900067 0.73632 0.509593 0.276335 0.11002 0.0312425 0.006625 0.0012025 0.0001825 3e-05 2.5e-06 0 0 0 0 0 0 0 0 
1 0.899512 0.733937 0.505438 0.270937 0.106193 0.0305425 0.0069075 0.0014275 0.00029 5.75e-05 2.5e-06 0 0 0 0 0 0 0 0 
1 0.899197 0.73429 0.507255 0.272517 0.107405 0.031235 0.0069125 0.0012275 0.0001725 7.5e-06 0 0 0 0 0 0 0 0 0 
1 0.899345 0.733997 0.507318 0.272855 0.10776 0.031355 0.007365 0.0016075 0.0003 1e-05 0 0 0 0 0 0 0 0 0 
1 0.900162 0.734327 0.50768 0.271277 0.105013 0.029485 0.00577 0.000795 5.75e-05 5e-06 0 0 0 0 0 0 0 0 0 
1 0.899487 0.734267 0.505105 0.2687 0.103743 0.0284475 0.00559 0.0007675 8.75e-05 1e-05 0 0 0 0 0 0 0 0 0 
1 0.900085 0.736705 0.510348 0.275267 0.10873 0.0317325 0.0070675 0.001295 0.0001525 1.25e-05 0 0 0 0 0 0 0 0 0 
1 0.899962 0.735227 0.508133 0.275347 0.110625 0.03274 0.0073325 0.001345 0.00024 3.75e-05 2.5e-06 0 0 0 0 0 0 0 0 
1 0.8994 0.734652 0.505945 0.27232 0.10757 0.0307575 0.0067825 0.00137 0.000185 2e-05 0 0 0 0 0 0 0 0 0 
1 0.90162 0.738852 0.513795 0.279915 0.113333 0.0335925 0.007535 0.001335 0.0001525 1e-05 0 0 0 0 0 0 0 0 0 
1 0.899942 0.736777 0.510765 0.276715 0.109025 0.0317775 0.00752 0.00137 0.000205 1.5e-05 0 0 0 0 0 0 0 0 0 
1 0.898325 0.730055 0.502808 0.267842 0.10387 0.029035 0.00631 0.001095 0.0001475 7.5e-06 0 0 0 0 0 0 0 0 0 
1 0.896892 0.72978 0.500503 0.266097 0.10305 0.029005 0.00598 0.0009775 0.00014 7.5e-06 0 0 0 0 0 0 0 0 0 
1 0.899435 0.733867 0.506505 0.270872 0.1056 0.0300275 0.0064825 0.001015 0.000135 5e-06 0 0 0 0 0 0 0 0 0 
1 0.900632 0.736772 0.511453 0.278762 0.1132 0.0344975 0.0086825 0.00221 0.0008725 0.0003825 0.0001575 2.75e-05 0 0 0 0 0 0 0 
1 0.899777 0.736095 0.51095 0.278187 0.11247 0.03451 0.0081 0.0015525 0.0002325 2e-05 0 0 0 0 0 0 0 0 0 
1 0.902672 0.74177 0.517633 0.280485 0.110565 0.0309925 0.0062275 0.000935 8e-05 5e-06 0 0 0 0 0 0 0 0 0 
1 0.901432 0.738292 0.515388 0.280582 0.11326 0.03399 0.008205 0.0016175 0.0002675 3e-05 0 0 0 0 0 0 0 0 0 
1 0.8969 0.72788 0.49937 0.26373 0.100275 0.02644 0.00502 0.00073 7.75e-05 5e-06 0 0 0 0 0 0 0 0 0 
1 0.897905 0.732175 0.50289 0.26907 0.105798 0.0303025 0.006855 0.0013725 0.00023 4.25e-05 0 0 0 0 0 0 0 0 0 
1 0.904687 0.745695 0.524128 0.289077 0.119175 0.0375225 0.0093775 0.001875 0.00026 2.5e-05 2.5e-06 0 0 0 0 0 0 0 0 
1 0.90251 0.74009 0.515995 0.28006 0.112408 0.0335075 0.0076575 0.001565 0.000375 7.25e-05 1.25e-05 0 0 0 0 0 0 0 0 
1 0.898195 0.732055 0.504018 0.271127 0.108743 0.0327525 0.0080925 0.0018375 0.0003675 4.25e-05 5e-06 0 0 0 0 0 0 0 0 
1 0.902195 0.73992 0.514668 0.279127 0.112205 0.033585 0.0078175 0.0014025 0.0002225 2.25e-05 2.5e-06 0 0 0 0 0 0 0 0 
1 0.90006 0.735397 0.5086 0.273067 0.107628 0.03089 0.00685 0.0011725 0.000145 2.5e-06 0 0 0 0 0 0 0 0 0 
1 0.8996 0.734667 0.50782 0.273417 0.10808 0.031325 0.0072825 0.00149 0.0002425 2e-05 0 0 0 0 0 0 0 0 0 
1 0.896952 0.728677 0.49766 0.261637 0.0997575 0.0265125 0.0050575 0.0006275 5e-05 0 0 0 0 0 0 0 0 0 0 
1 0.898132 0.731932 0.503898 0.270092 0.1055 0.02939 0.0060625 0.00099 0.00012 1e-05 0 0 0 0 0 0 0 0 0 
1 0.90196 0.739485 0.51597 0.28082 0.112925 0.033285 0.0076225 0.001345 0.00022 2e-05 0 0 0 0 0 0 0 0 0 
1 0.89866 0.731295 0.50225 0.267057 0.103475 0.029875 0.00693 0.001335 0.0002175 3.5e-05 0 0 0 0 0 0 0 0 0 
1 0.89826 0.731157 0.502228 0.268195 0.102868 0.0285925 0.005945 0.0010375 0.0001275 5e-06 0 0 0 0 0 0 0 0 0 
1 0.89985 0.737007 0.511023 0.277815 0.110715 0.0337875 0.008255 0.00174 0.0003625 5.25e-05 1.75e-05 5e-06 0 0 0 0 0 0 0 
1 0.9019 0.740625 0.51801 0.287047 0.118485 0.0364075 0.008385 0.0014775 0.0002 2.5e-05 0 0 0 0 0 0 0 0 0 
1 0.899235 0.732732 0.504373 0.267115 0.10244 0.028805 0.00665 0.0017025 0.00069 0.00029 9.75e-05 1e-05 0 0 0 0 0 0 0 
1 0.902572 0.741182 0.517758 0.283112 0.113025 0.0330275 0.0079325 0.00181 0.0004775 0.00012 2.25e-05 0 0 0 0 0 0 0 0 
1 0.897142 0.728995 0.499973 0.264855 0.103018 0.0299125 0.0065075 0.0010825 0.0001475 1.25e-05 0 0 0 0 0 0 0 0 0 
1 0.898752 0.73157 0.50428 0.269732 0.10718 0.0315725 0.00744 0.001235 0.000155 1e-05 0 0 0 0 0 0 0 0 0 
1 0.898427 0.731622 0.50124 0.266472 0.103663 0.0294375 0.0064575 0.0012175 0.0002125 3e-05 2.5e-06 0 0 0 0 0 0 0 0 
1 0.900352 0.73688 0.511105 0.277165 0.111393 0.0344875 0.009385 0.002975 0.001065 0.0003925 8.5e-05 1.5e-05 2.5e-06 0 0 0 0 0 0 
1 0.901272 0.738017 0.513288 0.279627 0.114073 0.03497 0.0081475 0.001535 0.0002275 2.5e-05 2.5e-06 0 0 0 0 0 0 0 0 
1 0.898712 0.730942 0.49996 0.263372 0.100488 0.02749 0.005275 0.0007525 6e-05 5e-06 0 0 0 0 0 0 0 0 0 
1 0.90186 0.74046 0.516985 0.284712 0.118208 0.0374775 0.00978 0.002425 0.0004675 5e-05 5e-06 0 0 0 0 0 0 0 0 
1 0.897352 0.72944 0.49949 0.265057 0.101483 0.0280225 0.00582 0.0010475 0.0002275 2.5e-05 0 0 0 0 0 0 0 0 0 
1 0.89874 0.72913 0.49789 0.261237 0.09855 0.0263725 0.0051425 0.00086 0.00011 7.5e-06 0 0 0 0 0 0 0 0 0 
1 0.901212 0.73906 0.51427 0.279547 0.112088 0.0336575 0.0081975 0.0017525 0.000395 8.25e-05 7.5e-06 0 0 0 0 0 0 0 0 
1 0.899232 0.733682 0.506065 0.273655 0.108978 0.0314575 0.006845 0.001165 0.000125 0 0 0 0 0 0 0 0 0 0 
1 0.903265 0.74225 0.517435 0.28207 0.112658 0.03317 0.0074875 0.00145 0.00021 2.25e-05 0 0 0 0 0 0 0 0 0 
1 0.899545 0.733157 0.504423 0.270822 0.105623 0.0298375 0.006865 0.001465 0.0004475 0.000165 6e-05 2.5e-06 0 0 0 0 0 0 0 
1 0.900582 0.737075 0.510288 0.275365 0.108333 0.0315025 0.0067875 0.0009725 8.5e-05 2.5e-06 0 0 0 0 0 0 0 0 0 
1 0.901495 0.739752 0.514555 0.281285 0.113138 0.033905 0.0079475 0.0014 0.0001225 7.5e-06 0 0 0 0 0 0 0 0 0 
1 0.899417 0.73411 0.507645 0.27301 0.108375 0.0319675 0.007955 0.0016625 0.0002475 2.75e-05 2.5e-06 0 0 0 0 0 0 0 0 
1 0.900785 0.738025 0.51264 0.279 0.111323 0.03214 0.0072675 0.0016175 0.000405 5.25e-05 5e-06 0 0 0 0 0 0 0 0 
1 0.90086 0.73728 0.513018 0.27991 0.113288 0.03433 0.0084475 0.001815 0.0003525 5.5e-05 0 0 0 0 0 0 0 0 0 
1 0.899732 0.733915 0.506595 0.271475 0.105928 0.0303775 0.0067675 0.00118 0.00018 2e-05 5e-06 0 0 0 0 0 0 0 0 
1 0.899212 0.732612 0.505548 0.270322 0.10578 0.02978 0.0061925 0.00102 0.0001475 5e-06 0 0 0 0 0 0 0 0 0 
1 0.9 0.734122 0.508243 0.273152 0.10831 0.031815 0.0072575 0.0014175 0.0002125 1e-05 0 0 0 0 0 0 0 0 0 
1 0.902157 0.74077 0.517075 0.28157 0.114173 0.03376 0.00796 0.0015875 0.0002475 4.25e-05 5e-06 0 0 0 0 0 0 0 0 
1 0.901762 0.739202 0.512108 0.277957 0.11132 0.03285 0.00706 0.001275 0.000135 1.25e-05 0 0 0 0 0 0 0 0 0 
1 0.901832 0.737565 0.51199 0.277712 0.111553 0.0325125 0.00704 0.0010975 0.0001075 0 0 0 0 0 0 0 0 0 0 
1 0.898255 0.73103 0.50286 0.269257 0.10698 0.0316075 0.0077325 0.001785 0.0005175 0.0001325 1.5e-05 0 0 0 0 0 0 0 0 
1 0.90026 0.734515 0.509263 0.27476 0.108805 0.03085 0.0064575 0.0011375 0.00012 2.5e-05 0 0 0 0 0 0 0 0 0 
1 0.89695 0.727737 0.498345 0.263672 0.10068 0.026985 0.00514 0.0005675 2e-05 0 0 0 0 0 0 0 0 0 0 
1 0.9016 0.738545 0.514103 0.279087 0.111825 0.0326175 0.00706 0.0010925 0.00011 7.5e-06 0 0 0 0 0 0 0 0 0 
1 0.900415 0.736662 0.509458 0.273057 0.106343 0.02986 0.0065 0.0011525 0.0001575 1.25e-05 0 0 0 0 0 0 0 0 0 
1 0.898372 0.731827 0.50274 0.268215 0.10542 0.0297375 0.0063775 0.0010175 0.0001225 1.25e-05 0 0 0 0 0 0 0 0 0 
1 0.902107 0.740662 0.516788 0.283235 0.114898 0.035 0.0090125 0.00217 0.0004725 9.5e-05 2.5e-06 0 0 0 0 0 0 0 0 
1 0.899392 0.73249 0.50395 0.268747 0.105303 0.03052 0.006955 0.0011375 0.0001325 1.75e-05 2.5e-06 0 0 0 0 0 0 0 0 
1 0.896602 0.728827 0.499675 0.265667 0.102003 0.028035 0.0059875 0.001165 0.0001675 1.75e-05 0 0 0 0 0 0 0 0 0 
1 0.899772 0.73378 0.506868 0.27212 0.10719 0.0311825 0.00683 0.0011475 0.0001075 1.25e-05 0 0 0 0 0 0 0 0 0 
1 0.901367 0.737005 0.51191 0.276747 0.111208 0.0325425 0.007345 0.0012975 0.0001275 1.5e-05 0 0 0 0 0 0 0 0 0 
1 0.899775 0.734197 0.506713 0.271185 0.10513 0.028545 0.0053825 0.000785 8.75e-05 1.25e-05 0 0 0 0 0 0 0 0 0 
1 0.901392 0.73674 0.511235 0.275082 0.106508 0.02963 0.00645 0.0015775 0.00043 0.0001325 7.5e-06 0 0 0 0 0 0 0 0 
1 0.900842 0.735955 0.50865 0.272247 0.10742 0.030725 0.006715 0.001095 0.00012 7.5e-06 0 0 0 0 0 0 0 0 0 
1 0.902127 0.739722 0.514445 0.27929 0.110218 0.0317375 0.0072975 0.0012575 0.0001725 3.25e-05 5e-06 0 0 0 0 0 0 0 0 
1 0.89809 0.730695 0.5008 0.266525 0.103758 0.0301325 0.0068975 0.00127 0.0001525 1e-05 0 0 0 0 0 0 0 0 0 
1 0.900177 0.734717 0.509685 0.275922 0.10944 0.032065 0.007365 0.0015975 0.00037 6.25e-05 2.5e-06 0 0 0 0 0 0 0 0 
1 0.898667 0.732612 0.505695 0.272802 0.10754 0.0313775 0.00729 0.00142 0.0002575 2.25e-05 5e-06 0 0 0 0 0 0 0 0 
1 0.900497 0.735005 0.508883 0.273775 0.108665 0.0320575 0.0084475 0.002545 0.0009625 0.000355 9e-05 1.75e-05 0 0 0 0 0 0 0 
1 0.898005 0.730842 0.500178 0.262397 0.0990675 0.0264175 0.005205 0.0006425 4e-05 2.5e-06 1.38778e-17 0 0 0 0 0 0 0 0 
1 0.900985 0.737355 0.509685 0.274907 0.108085 0.0310425 0.0072975 0.0019725 0.00069 0.0003025 8.75e-05 1.75e-05 2.5e-06 0 0 0 0 0 0 
1 0.898025 0.730295 0.50098 0.26474 0.101178 0.0285625 0.0063425 0.0012 0.0001825 1.25e-05 0 0 0 0 0 0 0 0 0 
1 0.901847 0.73915 0.515325 0.280557 0.112125 0.032435 0.007025 0.0013125 0.00017 7.5e-06 0 0 0 0 0 0 0 0 0 
1 0.902047 0.73936 0.515033 0.278987 0.112205 0.0326575 0.007075 0.001205 0.00019 1.5e-05 0 0 0 0 0 0 0 0 0 
1 0.899707 0.734722 0.50852 0.273707 0.106763 0.02967 0.006045 0.00088 0.0001 1.25e-05 0 0 0 0 0 0 0 0 0 
1 0.900417 0.737762 0.511965 0.27894 0.113355 0.0343725 0.00847 0.00183 0.00032 3e-05 2.5e-06 0 0 0 0 0 0 0 0 
1 0.897827 0.729352 0.499068 0.264732 0.101965 0.028505 0.0063175 0.001225 0.0002725 7.25e-05 1e-05 2.5e-06 0 0 0 0 0 0 0 
1 0.895937 0.725287 0.492628 0.255535 0.095595 0.025675 0.0049375 0.00064 6e-05 7.5e-06 0 0 0 0 0 0 0 0 0 
1 0.899645 0.734175 0.506993 0.271762 0.106528 0.03072 0.00668 0.00123 0.0002 1.75e-05 0 0 0 0 0 0 0 0 0 
1 0.902917 0.743522 0.520028 0.286815 0.116318 0.036455 0.01015 0.0029125 0.000865 0.0002275 4e-05 5e-06 0 0 0 0 0 0 0 
1 0.90125 0.739172 0.513958 0.279587 0.111405 0.0320725 0.00679 0.0011175 0.0001425 1e-05 0 0 0 0 0 0 0 0 0 
1 0.900995 0.738567 0.512738 0.278352 0.11143 0.032765 0.00765 0.001435 0.0002625 4.75e-05 2.5e-06 0 0 0 0 0 0 0 0 
1 0.89852 0.731277 0.502415 0.268777 0.105863 0.0305225 0.00643 0.001295 0.0002925 6.75e-05 1.25e-05 2.5e-06 0 0 0 0 0 0 0 
1 0.89959 0.734192 0.505778 0.2716 0.105598 0.030875 0.00739 0.0015225 0.00028 1.25e-05 0 0 0 0 0 0 0 0 0 
1 0.902552 0.74214 0.518728 0.284425 0.114883 0.0344475 0.0082825 0.0016625 0.000255 5.5e-05 0 0 0 0 0 0 0 0 0 
1 0.897007 0.727457 0.496263 0.260995 0.0989775 0.0271725 0.005515 0.00082 9.25e-05 0 0 0 0 0 0 0 0 0 0 
1 0.898072 0.729347 0.497478 0.262347 0.09995 0.028095 0.0063075 0.0013325 0.00022 3e-05 0 0 0 0 0 0 0 0 0 
1 0.901685 0.7394 0.515885 0.28261 0.116023 0.0363275 0.0094725 0.0022975 0.00058 0.0001675 2e-05 2.5e-06 2.5e-06 0 0 0 0 0 0 
1 0.899355 0.734355 0.508238 0.274287 0.10943 0.03311 0.007495 0.0013025 0.000155 1e-05 0 0 0 0 0 0 0 0 0 
1 0.898452 0.731572 0.502028 0.266047 0.103128 0.0284625 0.00579 0.000915 0.0001225 1.75e-05 0 0 0 0 0 0 0 0 0 
1 0.899495 0.73446 0.506753 0.27281 0.109148 0.0333575 0.00841 0.0017675 0.000335 5.25e-05 5e-06 0 0 0 0 0 0 0 0 
1 0.900812 0.737032 0.510928 0.27539 0.109748 0.0326325 0.00808 0.0015725 0.0002625 2.5e-05 2.5e-06 0 0 0 0 0 0 0 0 
1 0.900527 0.73735 0.511983 0.276935 0.110345 0.0316375 0.0066975 0.0011975 0.0002175 5.5e-05 1.25e-05 5e-06 0 0 0 0 0 0 0 
1 0.900772 0.735485 0.508748 0.2751 0.109188 0.0314575 0.0067375 0.001 0.000105 5e-06 0 0 0 0 0 0 0 0 0 
1 0.900985 0.73683 0.511705 0.276987 0.109318 0.0313675 0.00685 0.0012975 0.000265 3.25e-05 0 0 0 0 0 0 0 0 0 
1 0.898745 0.729987 0.49982 0.263702 0.099985 0.026665 0.0054425 0.0009725 0.0001975 2.5e-05 5e-06 0 0 0 0 0 0 0 0 
1 0.902135 0.739267 0.514603 0.277065 0.109138 0.0306425 0.0062525 0.001035 0.0001675 1.5e-05 2.5e-06 0 0 0 0 0 0 0 0 
1 0.900577 0.735522 0.509273 0.276175 0.111425 0.033435 0.00761 0.00139 0.0002075 3e-05 2.5e-06 0 0 0 0 0 0 0 0 
1 0.899597 0.733015 0.504253 0.269335 0.10607 0.0314525 0.007545 0.00156 0.0003425 5.75e-05 1.25e-05 0 0 0 0 0 0 0 0 
1 0.90227 0.74166 0.518708 0.285435 0.115028 0.034125 0.0072825 0.0011275 0.000155 1.25e-05 0 0 0 0 0 0 0 0 0 
1 0.89852 0.729377 0.498763 0.262382 0.099645 0.0257575 0.0043475 0.000635 6e-05 5e-06 0 0 0 0 0 0 0 0 0 
1 0.900307 0.735017 0.509158 0.27646 0.11109 0.0333675 0.0077275 0.00156 0.0002525 3.25e-05 7.5e-06 0 0 0 0 0 0 0 0 
1 0.898537 0.73136 0.502013 0.268587 0.105558 0.030655 0.0068225 0.001155 0.000125 2.5e-06 0 0 0 0 0 0 0 0 0 
1 0.898772 0.733585 0.50584 0.270785 0.10651 0.02986 0.006415 0.0009475 6.75e-05 0 0 0 0 0 0 0 0 0 0 
1 0.897432 0.73027 0.50128 0.266727 0.103753 0.0293625 0.0061275 0.000925 8e-05 2.5e-06 0 0 0 0 0 0 0 0 0 
1 0.897907 0.729832 0.502473 0.26735 0.102883 0.0278825 0.005365 0.0006475 6e-05 1e-05 2.5e-06 0 0 0 0 0 0 0 0 
1 0.900365 0.735822 0.509538 0.27595 0.109935 0.032055 0.0072025 0.0012675 0.00013 5e-06 2.5e-06 0 0 0 0 0 0 0 0 
1 0.900165 0.736492 0.511128 0.277787 0.110805 0.0324575 0.00743 0.001255 0.0001825 7.5e-06 0 0 0 0 0 0 0 0 0 
1 0.900927 0.738405 0.51388 0.279275 0.110545 0.0314125 0.00662 0.00104 9.25e-05 2.5e-06 0 0 0 0 0 0 0 0 0 
1 0.899672 0.734067 0.50621 0.270767 0.105083 0.0289875 0.0061575 0.0009675 0.0001425 1e-05 5e-06 0 0 0 0 0 0 0 0 
1 0.900567 0.73745 0.510758 0.276065 0.110925 0.0322725 0.00701 0.0011775 0.0001325 5e-06 0 0 0 0 0 0 0 0 0 
1 0.901957 0.739855 0.51637 0.282177 0.115405 0.03451 0.0079475 0.0016675 0.0003775 8.25e-05 2e-05 2.5e-06 0 0 0 0 0 0 0 
1 0.899427 0.734115 0.50626 0.270342 0.105338 0.0297425 0.0060275 0.0009025 5.25e-05 2.5e-06 0 0 0 0 0 0 0 0 0 
1 0.900497 0.73658 0.509518 0.274335 0.108605 0.0319575 0.0070825 0.00133 0.00021 3.75e-05 0 0 0 0 0 0 0 0 0 
1 0.901247 0.739307 0.514733 0.278577 0.110018 0.03198 0.00738 0.00143 0.0002475 5e-05 5e-06 0 0 0 0 0 0 0 0 
1 0.899085 0.734362 0.50817 0.273712 0.106903 0.0302775 0.0063025 0.000985 0.0001225 0 0 0 0 0 0 0 0 0 0 
1 0.9018 0.740167 0.51567 0.28034 0.111393 0.0329075 0.00783 0.001725 0.000425 0.0001325 1.5e-05 0 0 0 0 0 0 0 0 
1 0.901655 0.739065 0.514775 0.281747 0.114078 0.03423 0.0077275 0.0012425 0.0001375 1.25e-05 0 0 0 0 0 0 0 0 0 
1 0.898432 0.734122 0.506783 0.270975 0.106158 0.02979 0.0068075 0.00154 0.0004 6.75e-05 5e-06 0 0 0 0 0 0 0 0 
1 0.899332 0.73471 0.506408 0.272205 0.107893 0.031905 0.00717 0.0013025 0.0002075 2e-05 5e-06 0 0 0 0 0 0 0 0 
1 0.899537 0.734665 0.510095 0.27683 0.110723 0.0319875 0.007065 0.001105 0.00016 1.5e-05 2.5e-06 0 0 0 0 0 0 0 0 
1 0.9009 0.736457 0.511218 0.278167 0.11205 0.0335175 0.0071175 0.00106 7.5e-05 5e-06 0 0 0 0 0 0 0 0 0 
1 0.899192 0.733365 0.50688 0.270917 0.105598 0.0297275 0.00608 0.00089 8e-05 5e-06 0 0 0 0 0 0 0 0 0 
1 0.900447 0.73629 0.510445 0.27614 0.110105 0.03228 0.00677 0.0011225 0.0001375 1e-05 0 0 0 0 0 0 0 0 0 
1 0.899417 0.735037 0.50914 0.274517 0.108445 0.0307675 0.00645 0.0012625 0.0002425 4.25e-05 2.5e-06 0 0 0 0 0 0 0 0 
1 0.898122 0.731477 0.503925 0.268635 0.10468 0.0295975 0.00611 0.0009925 0.0001675 2.5e-05 0 0 0 0 0 0 0 0 0 
1 0.899775 0.733805 0.50548 0.269137 0.103038 0.0278075 0.005345 0.000785 7.75e-05 2.5e-06 0 0 0 0 0 0 0 0 0 
1 0.898162 0.73017 0.499133 0.264252 0.102533 0.0288075 0.006355 0.0012125 0.0002275 2.5e-05 2.5e-06 0 0 0 0 0 0 0 0 
1 0.89812 0.730442 0.499503 0.265517 0.102523 0.0278625 0.005435 0.000805 7.25e-05 7.5e-06 0 0 0 0 0 0 0 0 0 
1 0.900392 0.736667 0.511095 0.277692 0.11156 0.033455 0.007775 0.00139 0.0002 2.5e-05 0 0 0 0 0 0 0 0 0 
1 0.902082 0.739322 0.514495 0.279455 0.112685 0.0343025 0.0083525 0.0017625 0.0002775 4.5e-05 2.5e-06 0 0 0 0 0 0 0 0 
1 0.898832 0.73282 0.506515 0.271455 0.107423 0.0315075 0.00695 0.0011625 0.0001325 1.75e-05 2.5e-06 0 0 0 0 0 0 0 0 
1 0.901065 0.73783 0.513975 0.279012 0.110663 0.031675 0.00681 0.0010775 0.0001625 2.5e-05 0 0 0 0 0 0 0 0 0 
1 0.900425 0.735612 0.5079 0.271185 0.104548 0.0292725 0.005955 0.000985 0.0001325 7.5e-06 0 0 0 0 0 0 0 0 0 
1 0.900525 0.735457 0.509315 0.274585 0.1077 0.03061 0.0064325 0.0009125 7.5e-05 5e-06 0 0 0 0 0 0 0 0 0 
1 0.899857 0.736162 0.510798 0.276605 0.109943 0.0313275 0.0067775 0.0010825 0.0001275 1e-05 0 0 0 0 0 0 0 0 0 
1 0.900482 0.735912 0.510928 0.276867 0.110335 0.03218 0.00689 0.0011325 0.000145 5e-06 2.5e-06 0 0 0 0 0 0 0 0 
1 0.90013 0.735195 0.507808 0.27316 0.106708 0.02967 0.0059125 0.0008075 9e-05 2.5e-06 0 0 0 0 0 0 0 0 0 
1 0.900975 0.736455 0.511 0.276117 0.108253 0.0304225 0.0061425 0.0009725 0.00014 2.25e-05 2.5e-06 0 0 0 0 0 0 0 0 
1 0.904005 0.743307 0.521388 0.288085 0.118103 0.0347325 0.0074175 0.001115 0.0001425 2.5e-06 0 0 0 0 0 0 0 0 0 
1 0.899585 0.734777 0.510118 0.275275 0.11072 0.033415 0.0080875 0.00151 0.0002125 3.5e-05 5e-06 0 0 0 0 0 0 0 0 
1 0.900562 0.737145 0.51196 0.277342 0.110725 0.031925 0.00696 0.0012725 0.000175 2e-05 0 0 0 0 0 0 0 0 0 
1 0.900942 0.737675 0.5127 0.279942 0.114168 0.03481 0.008285 0.0015675 0.00027 3.5e-05 1.38778e-17 0 0 0 0 0 0 0 0 
1 0.899692 0.734487 0.506943 0.272647 0.106458 0.0309725 0.0071475 0.00164 0.000315 5e-05 2.5e-06 0 0 0 0 0 0 0 0 
1 0.900847 0.737665 0.512468 0.278742 0.113958 0.035915 0.0094825 0.002215 0.0004775 8e-05 1.25e-05 2.5e-06 0 0 0 0 0 0 0 
1 0.899507 0.733525 0.50554 0.27152 0.10625 0.02977 0.0061025 0.0009275 0.0001425 2.75e-05 5e-06 0 0 0 0 0 0 0 0 
1 0.90003 0.734622 0.508643 0.273182 0.107105 0.030995 0.00684 0.0012675 0.00017 2e-05 0 0 0 0 0 0 0 0 0 
1 0.90199 0.739417 0.513058 0.277205 0.109328 0.0318925 0.007605 0.0015825 0.00027 3.25e-05 2.5e-06 0 0 0 0 0 0 0 0 
1 0.90203 0.740932 0.518708 0.28449 0.114983 0.0341775 0.0078 0.00146 0.0002575 2.5e-05 0 0 0 0 0 0 0 0 0 
1 0.90092 0.73644 0.508775 0.272905 0.106718 0.03067 0.0066675 0.001235 0.0001575 9.44383e-19 0 0 0 0 0 0 0 0 0 
1 0.901795 0.740207 0.515738 0.282522 0.114808 0.034885 0.008525 0.00154 0.000215 1.5e-05 0 0 0 0 0 0 0 0 0 
1 0.901747 0.73778 0.51289 0.27691 0.109338 0.03079 0.0063025 0.00098 0.0001325 1.5e-05 2.5e-06 0 0 0 0 0 0 0 0 
1 0.899607 0.735815 0.50841 0.269837 0.103613 0.027995 0.005625 0.00093 0.0001125 0 0 0 0 0 0 0 0 0 0 
1 0.90296 0.742347 0.520705 0.286457 0.115293 0.03391 0.008125 0.002075 0.0007125 0.00027 7e-05 7.5e-06 0 0 0 0 0 0 0 
1 0.900167 0.736047 0.508855 0.273792 0.106038 0.0286125 0.0056725 0.0008225 0.0001175 2.5e-06 0 0 0 0 0 0 0 0 0 
1 0.899847 0.735392 0.50699 0.271672 0.106778 0.02974 0.0059125 0.0010025 0.0002075 1.25e-05 2.5e-06 0 0 0 0 0 0 0 0 
1 0.89987 0.734955 0.506828 0.27153 0.105863 0.0298575 0.0060375 0.0009075 6.75e-05 0 0 0 0 0 0 0 0 0 0 
1 0.899195 0.733485 0.50501 0.273872 0.108188 0.0304425 0.00593 0.0007325 8.5e-05 1.25e-05 0 0 0 0 0 0 0 0 0 
1 0.898792 0.73059 0.502363 0.26793 0.105443 0.0299675 0.0066475 0.0011075 0.0001575 1.75e-05 1.38778e-17 0 0 0 0 0 0 0 0 
1 0.89927 0.733357 0.504638 0.270535 0.106133 0.030535 0.006595 0.0010525 0.00011 1.5e-05 0 0 0 0 0 0 0 0 0 
1 0.901082 0.739205 0.513485 0.278587 0.111788 0.0328875 0.00719 0.001275 0.0001475 7.5e-06 0 0 0 0 0 0 0 0 0 
1 0.898952 0.73344 0.504578 0.268285 0.10395 0.0289275 0.00629 0.00136 0.0003375 8e-05 1.5e-05 0 0 0 0 0 0 0 0 
1 0.90166 0.73766 0.511455 0.276285 0.109253 0.03154 0.0067625 0.0010625 0.0001175 1.25e-05 0 0 0 0 0 0 0 0 0 
1 0.89967 0.733267 0.506038 0.271167 0.107238 0.0312275 0.00756 0.0016375 0.0003375 3.75e-05 2.5e-06 0 0 0 0 0 0 0 0 
1 0.901355 0.738592 0.51232 0.277765 0.11013 0.0313875 0.00628 0.00084 7.5e-05 5e-06 0 0 0 0 0 0 0 0 0 
1 0.901157 0.73787 0.51223 0.275592 0.1072 0.0290925 0.00593 0.000835 6.75e-05 0 0 0 0 0 0 0 0 0 0 
1 0.900062 0.735772 0.510218 0.274737 0.109295 0.03274 0.0078375 0.00147 0.0001975 5e-06 0 0 0 0 0 0 0 0 0 
1 0.900262 0.73603 0.510318 0.275987 0.11072 0.0331025 0.00776 0.00141 0.00021 2.5e-05 0 0 0 0 0 0 0 0 0 
1 0.900572 0.736347 0.508888 0.274112 0.10918 0.0316725 0.00741 0.00151 0.0003525 7e-05 1.25e-05 0 0 0 0 0 0 0 0 
1 0.900147 0.735522 0.5097 0.276792 0.111093 0.0337675 0.007995 0.00163 0.000285 3.5e-05 2.5e-06 0 0 0 0 0 0 0 0 
1 0.898402 0.731705 0.502883 0.268487 0.104175 0.0292875 0.0060025 0.000925 0.00012 1.25e-05 0 0 0 0 0 0 0 0 0 
1 0.900782 0.735937 0.5095 0.27459 0.10729 0.03008 0.00632 0.00103 0.0001225 5e-06 0 0 0 0 0 0 0 0 0 
1 0.898045 0.731972 0.504105 0.270167 0.106215 0.0300525 0.006575 0.00126 0.000215 1.75e-05 2.5e-06 0 0 0 0 0 0 0 0 
1 0.900337 0.73657 0.510438 0.27449 0.10792 0.0302 0.006135 0.0007925 6.75e-05 7.5e-06 0 0 0 0 0 0 0 0 0 
1 0.900355 0.73452 0.506413 0.269572 0.103635 0.028095 0.0059325 0.0011825 0.0001775 1.25e-05 0 0 0 0 0 0 0 0 0 
1 0.897972 0.732417 0.503888 0.26949 0.10552 0.02987 0.0066325 0.00127 0.0002625 5.5e-05 1e-05 0 0 0 0 0 0 0 0 
1 0.900432 0.73591 0.50911 0.275045 0.10747 0.03032 0.0063375 0.0009125 8e-05 2.5e-06 0 0 0 0 0 0 0 0 0 
1 0.903892 0.744497 0.521893 0.287982 0.117075 0.03535 0.0083875 0.0017125 0.0002825 3.5e-05 5e-06 0 0 0 0 0 0 0 0 
1 0.902725 0.740245 0.516203 0.278962 0.109235 0.0303425 0.0061725 0.0008975 8.25e-05 7.5e-06 0 0 0 0 0 0 0 0 0 
1 0.900902 0.738785 0.51447 0.28231 0.11557 0.0361225 0.008645 0.0016925 0.00029 3.75e-05 0 0 0 0 0 0 0 0 0 
1 0.901482 0.738067 0.51221 0.275635 0.107543 0.0300875 0.00638 0.0010125 9.5e-05 7.5e-06 0 0 0 0 0 0 0 0 0 
1 0.8998 0.733657 0.50466 0.269435 0.10422 0.029065 0.0061725 0.0009875 0.0001275 2.25e-05 0 0 0 0 0 0 0 0 0 
1 0.90245 0.741352 0.518703 0.28609 0.116823 0.0343475 0.0078875 0.0012975 0.00019 2.5e-06 0 0 0 0 0 0 0 0 0 
1 0.901282 0.739382 0.514453 0.28105 0.11395 0.0346725 0.0081225 0.00139 0.0001625 1.25e-05 0 0 0 0 0 0 0 0 0 
1 0.900765 0.736157 0.510678 0.274917 0.107723 0.03091 0.00696 0.001305 0.00022 2.5e-05 2.5e-06 0 0 0 0 0 0 0 0 
1 0.899112 0.732385 0.503978 0.26965 0.10546 0.0297725 0.0067125 0.00132 0.0002775 8.75e-05 1.25e-05 2.5e-06 0 0 0 0 0 0 0 
1 0.897245 0.729455 0.498745 0.263567 0.101393 0.0282975 0.00593 0.000995 0.00013 1.75e-05 0 0 0 0 0 0 0 0 0 
1 0.900085 0.735265 0.508995 0.274882 0.110808 0.0339325 0.0079 0.00154 0.0002075 2.75e-05 0 0 0 0 0 0 0 0 0 
1 0.899367 0.73357 0.505135 0.268895 0.104303 0.0295325 0.0058075 0.00075 8.25e-05 1e-05 0 0 0 0 0 0 0 0 0 
1 0.898137 0.72798 0.496343 0.260052 0.09818 0.0264275 0.0051675 0.00078 9e-05 7.5e-06 0 0 0 0 0 0 0 0 0 
1 0.900197 0.735887 0.510048 0.27731 0.11148 0.03347 0.0079175 0.0015725 0.0002325 1.75e-05 0 0 0 0 0 0 0 0 0 
1 0.896742 0.72646 0.494265 0.258062 0.095215 0.024775 0.0048025 0.0006975 7.5e-05 5e-06 0 0 0 0 0 0 0 0 0 
1 0.901605 0.738062 0.514738 0.28127 0.113733 0.0331425 0.0074625 0.001445 0.00016 1.5e-05 0 0 0 0 0 0 0 0 0 
1 0.898702 0.732285 0.50336 0.268042 0.103893 0.0284875 0.005715 0.0008175 7.5e-05 2.5e-06 0 0 0 0 0 0 0 0 0 
1 0.902277 0.74004 0.513853 0.27878 0.111133 0.0326 0.007225 0.001245 0.0002025 1.5e-05 0 0 0 0 0 0 0 0 0 
1 0.9005 0.73705 0.513018 0.278615 0.112353 0.0332275 0.0072025 0.0010875 0.0001375 1e-05 0 0 0 0 0 0 0 0 0 
1 0.900845 0.735935 0.510493 0.275822 0.108315 0.030805 0.0067875 0.00133 0.0002125 1.25e-05 0 0 0 0 0 0 0 0 0 
1 0.901587 0.738347 0.51275 0.2783 0.1118 0.03312 0.00794 0.00153 0.0002125 1.75e-05 0 0 0 0 0 0 0 0 0 
1 0.899502 0.734842 0.508098 0.273955 0.1073 0.0296875 0.0058775 0.0008825 0.0001275 7.5e-06 5e-06 2.5e-06 0 0 0 0 0 0 0 
1 0.899777 0.734435 0.50533 0.271382 0.107313 0.03118 0.0072575 0.001515 0.0002675 2.5e-05 0 0 0 0 0 0 0 0 0 
1 0.898792 0.733655 0.50532 0.269357 0.104098 0.02831 0.00565 0.00102 0.000155 1.25e-05 0 0 0 0 0 0 0 0 0 
1 0.90028 0.73847 0.514183 0.280742 0.113673 0.0345525 0.0083525 0.00161 0.000225 1.75e-05 0 0 0 0 0 0 0 0 0 
1 0.898757 0.731772 0.503145 0.268572 0.104598 0.0291625 0.0062925 0.0011025 0.0001625 1.5e-05 0 0 0 0 0 0 0 0 0 
1 0.90081 0.737235 0.51232 0.277185 0.11084 0.0334525 0.00798 0.0016075 0.0002825 3.5e-05 7.5e-06 0 0 0 0 0 0 0 0 
1 0.902092 0.741127 0.517668 0.283747 0.113483 0.0333975 0.008125 0.00194 0.000475 9.5e-05 2e-05 0 0 0 0 0 0 0 0 
1 0.897617 0.729925 0.502343 0.268287 0.103345 0.02858 0.00603 0.000965 0.000115 5e-06 0 0 0 0 0 0 0 0 0 
1 0.898117 0.73113 0.503138 0.269445 0.10596 0.0303075 0.0068525 0.001205 0.0001525 1.75e-05 0 0 0 0 0 0 0 0 0 
1 0.899762 0.733355 0.50601 0.2727 0.109045 0.0324825 0.0073425 0.0013475 0.000155 2.5e-06 0 0 0 0 0 0 0 0 0 
1 0.90079 0.73623 0.509845 0.275017 0.10849 0.0309175 0.0066275 0.0013025 0.0001725 1.75e-05 0 0 0 0 0 0 0 0 0 
1 0.901465 0.73657 0.50979 0.275187 0.108353 0.031 0.0066275 0.0010875 0.0001575 1.75e-05 0 0 0 0 0 0 0 0 0 
1 0.899385 0.734702 0.508865 0.272635 0.106778 0.0296125 0.00652 0.0010375 0.00013 0 0 0 0 0 0 0 0 0 0 
1 0.901587 0.73809 0.511975 0.277045 0.110668 0.0327125 0.0076575 0.0015 0.000195 2.75e-05 5e-06 0 0 0 0 0 0 0 0 
1 0.89788 0.730995 0.503183 0.27003 0.106088 0.0304875 0.0065225 0.0010225 0.00012 5e-06 0 0 0 0 0 0 0 0 0 
1 0.900715 0.737597 0.512583 0.278107 0.113205 0.03467 0.00852 0.0016125 0.00024 2.5e-05 7.5e-06 0 0 0 0 0 0 0 0 
1 0.898502 0.732802 0.506778 0.27105 0.106023 0.0295525 0.0061275 0.0010125 0.0001075 2e-05 5e-06 0 0 0 0 0 0 0 0 
1 0.900007 0.737102 0.512253 0.27813 0.111548 0.03308 0.007815 0.0016275 0.000325 4.5e-05 2.5e-06 0 0 0 0 0 0 0 0 
1 0.89677 0.728327 0.49828 0.26281 0.10007 0.0270925 0.005625 0.000915 0.000135 7.5e-06 0 0 0 0 0 0 0 0 0 
1 0.899702 0.733702 0.5066 0.26987 0.103465 0.02746 0.005085 0.0006775 7e-05 1e-05 0 0 0 0 0 0 0 0 0 
1 0.900217 0.737932 0.51367 0.280625 0.11335 0.0346 0.0081425 0.0015275 0.000165 1e-05 0 0 0 0 0 0 0 0 0 
1 0.899262 0.733327 0.50607 0.272705 0.107595 0.0309275 0.0067 0.0010125 0.000125 1.25e-05 0 0 0 0 0 0 0 0 0 
1 0.901627 0.73924 0.514248 0.28012 0.114033 0.0346675 0.0081975 0.00161 0.000285 3e-05 2.5e-06 0 0 0 0 0 0 0 0 
1 0.90094 0.737127 0.512165 0.277535 0.11183 0.0338225 0.0079375 0.00149 0.000225 1.75e-05 2.5e-06 0 0 0 0 0 0 0 0 
1 0.900092 0.736147 0.508953 0.273117 0.106965 0.030165 0.00655 0.0011775 0.0001675 1.75e-05 1e-05 2.5e-06 0 0 0 0 0 0 0 
1 0.900857 0.73686 0.509978 0.27513 0.10837 0.0315975 0.00738 0.0014225 0.0001925 1e-05 2.5e-06 0 0 0 0 0 0 0 0 
1 0.900955 0.737927 0.51175 0.27553 0.109203 0.0322275 0.0071125 0.0012375 0.00017 1e-05 0 0 0 0 0 0 0 0 0 
1 0.898095 0.731732 0.503858 0.268767 0.10534 0.029995 0.0065675 0.00116 0.0001775 1.25e-05 0 0 0 0 0 0 0 0 0 
1 0.900835 0.73729 0.513158 0.278435 0.11042 0.031875 0.00731 0.001565 0.0004025 0.0001175 2.25e-05 0 0 0 0 0 0 0 0 
1 0.900717 0.735935 0.509213 0.275302 0.109758 0.0313675 0.006735 0.0011575 0.0002025 3.25e-05 2.5e-06 0 0 0 0 0 0 0 0 
1 0.902365 0.739332 0.51517 0.281612 0.113538 0.0339525 0.0081125 0.0017475 0.000355 6.25e-05 1.5e-05 5e-06 0 0 0 0 0 0 0 
1 0.899352 0.732665 0.504965 0.268807 0.103945 0.029135 0.0059575 0.0009075 9.5e-05 1.5e-05 0 0 0 0 0 0 0 0 0 
1 0.90118 0.737162 0.511425 0.277417 0.11197 0.0346725 0.0088225 0.001915 0.0003975 3e-05 0 0 0 0 0 0 0 0 0 
1 0.89927 0.731747 0.503103 0.266212 0.102538 0.0281325 0.0056875 0.000785 5.75e-05 2.5e-06 0 0 0 0 0 0 0 0 0 
1 0.899762 0.734847 0.508235 0.273175 0.10754 0.02973 0.0059975 0.00099 0.000145 1e-05 0 0 0 0 0 0 0 0 0 
1 0.897417 0.72957 0.499093 0.263137 0.100013 0.027175 0.0053425 0.000765 9.25e-05 1e-05 0 0 0 0 0 0 0 0 0 
1 0.90331 0.742102 0.51632 0.282422 0.11354 0.033495 0.0072575 0.001315 0.000215 1.5e-05 0 0 0 0 0 0 0 0 0 
1 0.90127 0.738792 0.512405 0.275537 0.10689 0.0302625 0.006925 0.00135 0.0001975 1.75e-05 0 0 0 0 0 0 0 0 0 
1 0.898365 0.733232 0.505223 0.268752 0.10232 0.027235 0.00524 0.0007525 9e-05 1.25e-05 0 0 0 0 0 0 0 0 0 
1 0.900512 0.735197 0.50953 0.275442 0.109285 0.03212 0.0073125 0.0014875 0.0003 3.5e-05 0 0 0 0 0 0 0 0 0 
1 0.901197 0.737817 0.513328 0.27889 0.111645 0.0327575 0.0068425 0.00114 0.0001725 1.5e-05 0 0 0 0 0 0 0 0 0 
1 0.89729 0.728735 0.498405 0.263255 0.101855 0.02919 0.006535 0.0012575 0.0001675 1e-05 0 0 0 0 0 0 0 0 0 
1 0.900427 0.737085 0.510853 0.275035 0.106758 0.02985 0.0062075 0.0009275 0.000115 2e-05 2.5e-06 0 0 0 0 0 0 0 0 
1 0.89963 0.735895 0.51029 0.275385 0.108823 0.0306975 0.00676 0.001065 0.00011 1e-05 0 0 0 0 0 0 0 0 0 
1 0.899852 0.734825 0.507625 0.271347 0.10726 0.03103 0.00692 0.0012975 0.0002525 2.75e-05 0 0 0 0 0 0 0 0 0 
1 0.898437 0.732042 0.503645 0.268072 0.103778 0.0289425 0.006255 0.00102 0.0001025 7.5e-06 2.5e-06 0 0 0 0 0 0 0 0 
1 0.899677 0.733842 0.505118 0.268882 0.104068 0.0286825 0.00589 0.000925 9.25e-05 2.5e-06 0 0 0 0 0 0 0 0 0 
1 0.90012 0.73455 0.508815 0.27267 0.106515 0.0303125 0.0066925 0.0012925 0.0002225 3e-05 0 0 0 0 0 0 0 0 0 
1 0.899545 0.733907 0.505198 0.269445 0.105133 0.0303 0.0067025 0.0013725 0.0002 1.25e-05 0 0 0 0 0 0 0 0 0 
1 0.899632 0.734552 0.50805 0.270717 0.104888 0.0289325 0.00571 0.0008175 6.75e-05 2.5e-06 0 0 0 0 0 0 0 0 0 
1 0.900877 0.737825 0.512955 0.277695 0.110695 0.0310525 0.0063175 0.00099 0.00014 2.5e-05 2.5e-06 0 0 0 0 0 0 0 0 
1 0.900752 0.737407 0.512255 0.279345 0.111905 0.032725 0.0069875 0.0011525 0.0001225 2.5e-06 0 0 0 0 0 0 0 0 0 
1 0.89876 0.73195 0.503243 0.267332 0.103735 0.029375 0.00663 0.001355 0.000235 2.5e-05 0 0 0 0 0 0 0 0 0 
