1 0.599731 0.217285 0.0302425 0.000855 4.5e-06 0 0 0 0 0 0 0 0 0 0 0 0 0 0 
1 0.6021 0.219968 0.0311535 0.0009145 9.5e-06 0 0 0 0 0 0 0 0 0 0 0 0 0 0 
1 0.599326 0.216571 0.0300785 0.000832 4e-06 0 0 0 0 0 0 0 0 0 0 0 0 0 0 
1 0.599299 0.217003 0.030098 0.0008665 1.35e-05 2e-06 0 0 0 0 0 0 0 0 0 0 0 0 0 
1 0.597777 0.216089 0.029879 0.0007975 4.5e-06 0 0 0 0 0 0 0 0 0 0 0 0 0 0 
1 0.600224 0.218821 0.0310345 0.000878 1.05e-05 0 0 0 0 0 0 0 0 0 0 0 0 0 0 
1 0.60036 0.218006 0.0304045 0.000883 5e-06 0 0 0 0 0 0 0 0 0 0 0 0 0 0 
1 0.600243 0.218097 0.030067 0.00082 5e-06 0 0 0 0 0 0 0 0 0 0 0 0 0 0 
1 0.60061 0.21823 0.0306825 0.000907 5.5e-06 0 0 0 0 0 0 0 0 0 0 0 0 0 0 
1 0.599485 0.217134 0.0300345 0.000862 8e-06 0 0 0 0 0 0 0 0 0 0 0 0 0 0 
1 0.600795 0.219289 0.030669 0.000826 4.5e-06 0 0 0 0 0 0 0 0 0 0 0 0 0 0 
1 0.60155 0.220813 0.031522 0.00096 7e-06 0 0 0 0 0 0 0 0 0 0 0 0 0 0 
1 0.601787 0.220531 0.0314535 0.0008485 1e-05 0 0 0 0 0 0 0 0 0 0 0 0 0 0 
1 0.599149 0.216521 0.0298255 0.000775 2.5e-06 0 0 0 0 0 0 0 0 0 0 0 0 0 0 
1 0.599783 0.218102 0.0305825 0.0008075 6.5e-06 0 0 0 0 0 0 0 0 0 0 0 0 0 0 
1 0.599573 0.217534 0.030298 0.0008135 1.5e-06 0 0 0 0 0 0 0 0 0 0 0 0 0 0 
1 0.600237 0.217901 0.0303985 0.000856 6e-06 0 0 0 0 0 0 0 0 0 0 0 0 0 0 
1 0.600497 0.218402 0.030168 0.000813 2e-06 0 0 0 0 0 0 0 0 0 0 0 0 0 0 
1 0.598869 0.216723 0.0303905 0.0009055 6.5e-06 0 0 0 0 0 0 0 0 0 0 0 0 0 0 
1 0.600205 0.218947 0.030702 0.0008175 5.5e-06 0 0 0 0 0 0 0 0 0 0 0 0 0 0 
1 0.600609 0.218339 0.030255 0.00086 2.5e-06 0 0 0 0 0 0 0 0 0 0 0 0 0 0 
1 0.599941 0.218722 0.0305485 0.0008665 4e-06 0 0 0 0 0 0 0 0 0 0 0 0 0 0 
1 0.600335 0.217732 0.030146 0.0008665 1.25e-05 0 0 0 0 0 0 0 0 0 0 0 0 0 0 
1 0.600315 0.217957 0.030728 0.000861 8.5e-06 0 0 0 0 0 0 0 0 0 0 0 0 0 0 
1 0.599359 0.216395 0.0296515 0.000768 5e-07 0 0 0 0 0 0 0 0 0 0 0 0 0 0 
1 0.600418 0.218242 0.0307305 0.000935 6.5e-06 0 0 0 0 0 0 0 0 0 0 0 0 0 0 
1 0.599358 0.217968 0.0302045 0.000876 6e-06 0 0 0 0 0 0 0 0 0 0 0 0 0 0 
1 0.59938 0.217393 0.030569 0.0008635 6.5e-06 0 0 0 0 0 0 0 0 0 0 0 0 0 0 
1 0.599307 0.217562 0.030126 0.0008385 1.5e-06 0 0 0 0 0 0 0 0 0 0 0 0 0 0 
1 0.599268 0.217255 0.0304085 0.0009065 5e-06 0 0 0 0 0 0 0 0 0 0 0 0 0 0 
1 0.599431 0.216979 0.03038 0.0008875 8.5e-06 0 0 0 0 0 0 0 0 0 0 0 0 0 0 
1 0.59964 0.217882 0.030289 0.000885 4.5e-06 0 0 0 0 0 0 0 0 0 0 0 0 0 0 
1 0.598292 0.216419 0.0300485 0.0008305 7e-06 0 0 0 0 0 0 0 0 0 0 0 0 0 0 
1 0.601048 0.21784 0.0305845 0.000914 8e-06 5e-07 0 0 0 0 0 0 0 0 0 0 0 0 0 
1 0.600325 0.218051 0.0302405 0.0008585 5.5e-06 0 0 0 0 0 0 0 0 0 0 0 0 0 0 
1 0.600105 0.216881 0.0297525 0.000813 1.2e-05 0 0 0 0 0 0 0 0 0 0 0 0 0 0 
1 0.600492 0.218344 0.030869 0.000894 1e-05 0 0 0 0 0 0 0 0 0 0 0 0 0 0 
1 0.601636 0.219699 0.0307825 0.000914 5.5e-06 0 0 0 0 0 0 0 0 0 0 0 0 0 0 
1 0.600309 0.217677 0.0307075 0.000876 9e-06 0 0 0 0 0 0 0 0 0 0 0 0 0 0 
1 0.601182 0.220166 0.031731 0.000912 1.25e-05 0 0 0 0 0 0 0 0 0 0 0 0 0 0 
1 0.599991 0.218271 0.0310825 0.000947 6e-06 0 0 0 0 0 0 0 0 0 0 0 0 0 0 
1 0.599656 0.217612 0.0306615 0.000865 5e-06 0 0 0 0 0 0 0 0 0 0 0 0 0 0 
1 0.599651 0.217442 0.030437 0.0009155 1.55e-05 0 0 0 0 0 0 0 0 0 0 0 0 0 0 
1 0.598734 0.216778 0.0298315 0.0008795 9e-06 0 0 0 0 0 0 0 0 0 0 0 0 0 0 
1 0.598423 0.215785 0.0297975 0.0008335 2e-06 0 0 0 0 0 0 0 0 0 0 0 0 0 0 
1 0.60074 0.219217 0.0308535 0.000896 3e-06 0 0 0 0 0 0 0 0 0 0 0 0 0 0 
1 0.602182 0.219941 0.031257 0.000905 4e-06 0 0 0 0 0 0 0 0 0 0 0 0 0 0 
1 0.60033 0.217643 0.0303395 0.0007855 6.5e-06 0 0 0 0 0 0 0 0 0 0 0 0 0 0 
1 0.60008 0.217897 0.0306455 0.000931 1.4e-05 0 0 0 0 0 0 0 0 0 0 0 0 0 0 
1 0.601443 0.220551 0.031447 0.0009515 6.5e-06 0 0 0 0 0 0 0 0 0 0 0 0 0 0 
1 0.597849 0.215372 0.0292315 0.000747 6e-06 0 0 0 0 0 0 0 0 0 0 0 0 0 0 
1 0.599667 0.217552 0.0304795 0.0008815 8e-06 0 0 0 0 0 0 0 0 0 0 0 0 0 0 
1 0.601098 0.219423 0.030792 0.0008375 3e-06 0 0 0 0 0 0 0 0 0 0 0 0 0 0 
1 0.600597 0.218541 0.030682 0.000831 2.5e-06 0 0 0 0 0 0 0 0 0 0 0 0 0 0 
1 0.59828 0.216346 0.0295635 0.000776 7e-06 0 0 0 0 0 0 0 0 0 0 0 0 0 0 
1 0.599946 0.217828 0.030501 0.0008125 1.35e-05 0 0 0 0 0 0 0 0 0 0 0 0 0 0 
1 0.598412 0.216932 0.03028 0.000844 1.5e-05 0 0 0 0 0 0 0 0 0 0 0 0 0 0 
1 0.599246 0.217139 0.0304825 0.000849 4e-06 0 0 0 0 0 0 0 0 0 0 0 0 0 0 
1 0.601121 0.219547 0.0307145 0.0008135 1.05e-05 0 0 0 0 0 0 0 0 0 0 0 0 0 0 
1 0.600506 0.218067 0.0305265 0.000874 4.5e-06 0 0 0 0 0 0 0 0 0 0 0 0 0 0 
1 0.60153 0.219641 0.030917 0.0008635 9e-06 0 0 0 0 0 0 0 0 0 0 0 0 0 0 
1 0.601685 0.22039 0.031309 0.000855 7e-06 0 0 0 0 0 0 0 0 0 0 0 0 0 0 
1 0.598109 0.216834 0.0300745 0.0008885 3.5e-06 0 0 0 0 0 0 0 0 0 0 0 0 0 0 
1 0.59986 0.218336 0.030839 0.000951 1.1e-05 0 0 0 0 0 0 0 0 0 0 0 0 0 0 
1 0.602045 0.219521 0.030867 0.0008295 5.5e-06 0 0 0 0 0 0 0 0 0 0 0 0 0 0 
1 0.601106 0.219061 0.0307435 0.0008885 8.5e-06 0 0 0 0 0 0 0 0 0 0 0 0 0 0 
1 0.601095 0.219255 0.030708 0.000888 4e-06 0 0 0 0 0 0 0 0 0 0 0 0 0 0 
1 0.600646 0.218524 0.0305035 0.000921 7.5e-06 0 0 0 0 0 0 0 0 0 0 0 0 0 0 
1 0.600326 0.217797 0.0304405 0.000849 7e-06 0 0 0 0 0 0 0 0 0 0 0 0 0 0 
1 0.600423 0.218866 0.0312045 0.000928 1.15e-05 0 0 0 0 0 0 0 0 0 0 0 0 0 0 
1 0.600121 0.218545 0.0307865 0.000802 1e-06 0 0 0 0 0 0 0 0 0 0 0 0 0 0 
1 0.599629 0.217415 0.0301555 0.0007505 7.5e-06 0 0 0 0 0 0 0 0 0 0 0 0 0 0 
1 0.601686 0.219794 0.0310665 0.0008705 8e-06 0 0 0 0 0 0 0 0 0 0 0 0 0 0 
1 0.599572 0.217145 0.030078 0.000905 5e-06 0 0 0 0 0 0 0 0 0 0 0 0 0 0 
1 0.600358 0.218854 0.030828 0.0008705 5.5e-06 0 0 0 0 0 0 0 0 0 0 0 0 0 0 
1 0.601066 0.218537 0.0306055 0.000823 8e-06 0 0 0 0 0 0 0 0 0 0 0 0 0 0 
1 0.599114 0.217422 0.030204 0.000827 3.5e-06 0 0 0 0 0 0 0 0 0 0 0 0 0 0 
1 0.598551 0.216564 0.030005 0.000847 4e-06 0 0 0 0 0 0 0 0 0 0 0 0 0 0 
1 0.59969 0.217092 0.0300395 0.0008525 3.5e-06 0 0 0 0 0 0 0 0 0 0 0 0 0 0 
1 0.601172 0.21904 0.030311 0.0008335 5.5e-06 0 0 0 0 0 0 0 0 0 0 0 0 0 0 
1 0.599992 0.218491 0.030734 0.000939 1.15e-05 0 0 0 0 0 0 0 0 0 0 0 0 0 0 
1 0.599674 0.218229 0.030297 0.000835 3e-06 0 0 0 0 0 0 0 0 0 0 0 0 0 0 
1 0.599482 0.21742 0.0302365 0.000927 7e-06 0 0 0 0 0 0 0 0 0 0 0 0 0 0 
1 0.600896 0.219139 0.030808 0.0008425 7.5e-06 0 0 0 0 0 0 0 0 0 0 0 0 0 0 
1 0.598271 0.216526 0.03024 0.0008665 1.15e-05 0 0 0 0 0 0 0 0 0 0 0 0 0 0 
1 0.599308 0.21814 0.0307395 0.0008675 7.5e-06 2e-06 0 0 0 0 0 0 0 0 0 0 0 0 0 
1 0.599714 0.21697 0.030039 0.0008205 1e-05 0 0 0 0 0 0 0 0 0 0 0 0 0 0 
1 0.600658 0.219072 0.0308555 0.000907 4e-06 0 0 0 0 0 0 0 0 0 0 0 0 0 0 
1 0.598992 0.216518 0.029998 0.0007685 6e-06 0 0 0 0 0 0 0 0 0 0 0 0 0 0 
1 0.600746 0.218603 0.0304425 0.0008195 6e-06 0 0 0 0 0 0 0 0 0 0 0 0 0 0 
1 0.598723 0.216516 0.0300605 0.000868 1.2e-05 0 0 0 0 0 0 0 0 0 0 0 0 0 0 
1 0.600058 0.219377 0.03112 0.0009185 1e-05 0 0 0 0 0 0 0 0 0 0 0 0 0 0 
1 0.599883 0.217988 0.030201 0.000802 3e-06 0 0 0 0 0 0 0 0 0 0 0 0 0 0 
1 0.600684 0.21905 0.0309475 0.000962 1e-05 0 0 0 0 0 0 0 0 0 0 0 0 0 0 
1 0.598584 0.216175 0.029744 0.000816 3e-06 0 0 0 0 0 0 0 0 0 0 0 0 0 0 
1 0.599322 0.21709 0.03001 0.000875 7e-06 0 0 0 0 0 0 0 0 0 0 0 0 0 0 
1 0.600029 0.219086 0.030691 0.000906 7e-06 0 0 0 0 0 0 0 0 0 0 0 0 0 0 
1 0.60001 0.218001 0.030208 0.0008735 9.5e-06 0 0 0 0 0 0 0 0 0 0 0 0 0 0 
1 0.60018 0.218029 0.0305445 0.000895 4e-06 0 0 0 0 0 0 0 0 0 0 0 0 0 0 
1 0.600625 0.219009 0.0311565 0.0008815 7e-06 0 0 0 0 0 0 0 0 0 0 0 0 0 0 
1 0.599413 0.218187 0.030565 0.0008995 5.5e-06 0 0 0 0 0 0 0 0 0 0 0 0 0 0 
1 0.599907 0.217609 0.030618 0.0009105 5.5e-06 0 0 0 0 0 0 0 0 0 0 0 0 0 0 
1 0.599283 0.218019 0.0302425 0.000909 1.95e-05 0 0 0 0 0 0 0 0 0 0 0 0 0 0 
1 0.599967 0.218059 0.0310055 0.0008695 7e-06 0 0 0 0 0 0 0 0 0 0 0 0 0 0 
1 0.602863 0.220276 0.0311405 0.0008155 5.5e-06 0 0 0 0 0 0 0 0 0 0 0 0 0 0 
1 0.599514 0.217404 0.030199 0.0008435 1.15e-05 0 0 0 0 0 0 0 0 0 0 0 0 0 0 
1 0.599759 0.218249 0.030669 0.0008545 9.5e-06 0 0 0 0 0 0 0 0 0 0 0 0 0 0 
1 0.597579 0.214428 0.029056 0.000793 6.5e-06 0 0 0 0 0 0 0 0 0 0 0 0 0 0 
1 0.599119 0.217427 0.0304715 0.0008275 4e-06 0 0 0 0 0 0 0 0 0 0 0 0 0 0 
1 0.59894 0.216566 0.029806 0.0008255 2e-06 0 0 0 0 0 0 0 0 0 0 0 0 0 0 
1 0.600493 0.218557 0.0304375 0.000924 6.5e-06 2.5e-06 0 0 0 0 0 0 0 0 0 0 0 0 0 
1 0.600072 0.217068 0.029997 0.000794 7.5e-06 0 0 0 0 0 0 0 0 0 0 0 0 0 0 
1 0.598183 0.216195 0.0296015 0.000854 5e-07 0 0 0 0 0 0 0 0 0 0 0 0 0 0 
1 0.600671 0.218449 0.030681 0.0008685 5e-06 0 0 0 0 0 0 0 0 0 0 0 0 0 0 
1 0.601112 0.217708 0.030052 0.000935 8e-06 0 0 0 0 0 0 0 0 0 0 0 0 0 0 
1 0.59927 0.217064 0.029876 0.0008445 7e-06 0 0 0 0 0 0 0 0 0 0 0 0 0 0 
1 0.599245 0.216572 0.0301145 0.0008915 4e-06 0 0 0 0 0 0 0 0 0 0 0 0 0 0 
1 0.599386 0.217238 0.0305755 0.0009375 5.5e-06 0 0 0 0 0 0 0 0 0 0 0 0 0 0 
1 0.599978 0.217052 0.030065 0.0008345 6e-06 0 0 0 0 0 0 0 0 0 0 0 0 0 0 
1 0.600373 0.218816 0.0305495 0.000913 8.5e-06 0 0 0 0 0 0 0 0 0 0 0 0 0 0 
1 0.599789 0.218679 0.0305175 0.000822 5e-06 0 0 0 0 0 0 0 0 0 0 0 0 0 0 
1 0.598509 0.216346 0.029514 0.000746 5e-06 0 0 0 0 0 0 0 0 0 0 0 0 0 0 
1 0.601379 0.219693 0.030919 0.0008755 1.6e-05 0 0 0 0 0 0 0 0 0 0 0 0 0 0 
1 0.60094 0.218591 0.0308695 0.00087 9e-06 0 0 0 0 0 0 0 0 0 0 0 0 0 0 
1 0.599175 0.21698 0.03011 0.0009415 5e-06 0 0 0 0 0 0 0 0 0 0 0 0 0 0 
1 0.600579 0.219187 0.0308915 0.0009525 6e-06 0 0 0 0 0 0 0 0 0 0 0 0 0 0 
1 0.600015 0.218141 0.0307965 0.00088 1e-05 0 0 0 0 0 0 0 0 0 0 0 0 0 0 
1 0.600554 0.219083 0.0310355 0.0009425 1.1e-05 0 0 0 0 0 0 0 0 0 0 0 0 0 0 
1 0.601489 0.219632 0.0310005 0.0008385 2.5e-06 0 0 0 0 0 0 0 0 0 0 0 0 0 0 
1 0.601355 0.219581 0.03114 0.000825 5e-06 0 0 0 0 0 0 0 0 0 0 0 0 0 0 
1 0.59973 0.217365 0.0302815 0.0008635 1e-05 0 0 0 0 0 0 0 0 0 0 0 0 0 0 
1 0.597257 0.214702 0.0293985 0.0007715 7.5e-06 0 0 0 0 0 0 0 0 0 0 0 0 0 0 
1 0.600842 0.218344 0.0304255 0.000892 8e-06 0 0 0 0 0 0 0 0 0 0 0 0 0 0 
1 0.599543 0.217166 0.030237 0.000771 5e-06 0 0 0 0 0 0 0 0 0 0 0 0 0 0 
1 0.600063 0.219647 0.031001 0.0008675 8.5e-06 0 0 0 0 0 0 0 0 0 0 0 0 0 0 
1 0.600179 0.218694 0.030803 0.000863 6e-06 0 0 0 0 0 0 0 0 0 0 0 0 0 0 
1 0.599457 0.217224 0.030111 0.0007985 6.5e-06 0 0 0 0 0 0 0 0 0 0 0 0 0 0 
1 0.598568 0.216316 0.0299715 0.0008475 4.5e-06 0 0 0 0 0 0 0 0 0 0 0 0 0 0 
1 0.599922 0.218834 0.030588 0.0009025 1.8e-05 0 0 0 0 0 0 0 0 0 0 0 0 0 0 
1 0.600074 0.218445 0.0305905 0.0008715 6.5e-06 0 0 0 0 0 0 0 0 0 0 0 0 0 0 
1 0.600857 0.218598 0.0305835 0.0008975 5.5e-06 0 0 0 0 0 0 0 0 0 0 0 0 0 0 
1 0.598224 0.215523 0.029982 0.0008395 1.1e-05 0 0 0 0 0 0 0 0 0 0 0 0 0 0 
1 0.600905 0.219645 0.0312465 0.0009135 8.5e-06 0 0 0 0 0 0 0 0 0 0 0 0 0 0 
1 0.599022 0.216669 0.029853 0.0008475 4e-06 0 0 0 0 0 0 0 0 0 0 0 0 0 0 
1 0.59951 0.218209 0.030717 0.0008885 6e-06 0 0 0 0 0 0 0 0 0 0 0 0 0 0 
1 0.599607 0.217361 0.030039 0.0008765 1e-05 0 0 0 0 0 0 0 0 0 0 0 0 0 0 
1 0.600948 0.218929 0.030811 0.0008665 4.5e-06 0 0 0 0 0 0 0 0 0 0 0 0 0 0 
1 0.599291 0.217996 0.0304935 0.000862 1.4e-05 0 0 0 0 0 0 0 0 0 0 0 0 0 0 
1 0.600005 0.21729 0.0300005 0.000798 2.5e-06 0 0 0 0 0 0 0 0 0 0 0 0 0 0 
1 0.599565 0.217511 0.030773 0.000938 5e-06 0 0 0 0 0 0 0 0 0 0 0 0 0 0 
1 0.59962 0.217664 0.030787 0.000839 8e-06 5e-07 0 0 0 0 0 0 0 0 0 0 0 0 0 
1 0.599656 0.218469 0.030637 0.0008085 8.5e-06 0 0 0 0 0 0 0 0 0 0 0 0 0 0 
1 0.599289 0.218057 0.030753 0.000869 6e-06 0 0 0 0 0 0 0 0 0 0 0 0 0 0 
1 0.59996 0.21878 0.030748 0.0008425 8.5e-06 0 0 0 0 0 0 0 0 0 0 0 0 0 0 
1 0.600133 0.217884 0.0306575 0.0008485 2.5e-06 0 0 0 0 0 0 0 0 0 0 0 0 0 0 
1 0.599386 0.217593 0.030211 0.000771 9e-06 0 0 0 0 0 0 0 0 0 0 0 0 0 0 
1 0.600788 0.219131 0.030607 0.0009205 8.5e-06 0 0 0 0 0 0 0 0 0 0 0 0 0 0 
1 0.600017 0.218388 0.0307445 0.000865 1e-05 0 0 0 0 0 0 0 0 0 0 0 0 0 0 
1 0.599211 0.217064 0.0303455 0.0008625 1.15e-05 0 0 0 0 0 0 0 0 0 0 0 0 0 0 
1 0.600935 0.219379 0.0306385 0.0009045 1.35e-05 0 0 0 0 0 0 0 0 0 0 0 0 0 0 
1 0.5993 0.216943 0.0300105 0.000784 3.5e-06 0 0 0 0 0 0 0 0 0 0 0 0 0 0 
1 0.600847 0.21859 0.0308425 0.0008395 7e-06 0 0 0 0 0 0 0 0 0 0 0 0 0 0 
1 0.599077 0.21705 0.030073 0.000797 7.5e-06 0 0 0 0 0 0 0 0 0 0 0 0 0 0 
1 0.602217 0.220726 0.0313345 0.000851 5e-06 0 0 0 0 0 0 0 0 0 0 0 0 0 0 
1 0.599559 0.217582 0.030229 0.0007645 5e-06 0 0 0 0 0 0 0 0 0 0 0 0 0 0 
1 0.600423 0.217774 0.030303 0.0008355 7.5e-06 0 0 0 0 0 0 0 0 0 0 0 0 0 0 
1 0.599326 0.217121 0.030058 0.0007905 7.5e-06 0 0 0 0 0 0 0 0 0 0 0 0 0 0 
1 0.598678 0.21595 0.0298055 0.0007865 2e-06 0 0 0 0 0 0 0 0 0 0 0 0 0 0 
1 0.600508 0.218739 0.030599 0.0007845 3.5e-06 0 0 0 0 0 0 0 0 0 0 0 0 0 0 
1 0.600063 0.217788 0.0303025 0.0008895 5.5e-06 0 0 0 0 0 0 0 0 0 0 0 0 0 0 
1 0.600882 0.218456 0.030725 0.000848 9.5e-06 0 0 0 0 0 0 0 0 0 0 0 0 0 0 
1 0.599926 0.218268 0.030757 0.000871 1.4e-05 0 0 0 0 0 0 0 0 0 0 0 0 0 0 
1 0.600429 0.219188 0.031155 0.000878 6.5e-06 0 0 0 0 0 0 0 0 0 0 0 0 0 0 
1 0.6003 0.218901 0.0307655 0.000907 1.1e-05 0 0 0 0 0 0 0 0 0 0 0 0 0 0 
1 0.601876 0.220802 0.0315355 0.0009125 1e-05 0 0 0 0 0 0 0 0 0 0 0 0 0 0 
1 0.60054 0.21924 0.031156 0.0009815 9.5e-06 0 0 0 0 0 0 0 0 0 0 0 0 0 0 
1 0.598961 0.21734 0.0300525 0.0008585 3.5e-06 0 0 0 0 0 0 0 0 0 0 0 0 0 0 
1 0.599076 0.217264 0.030509 0.0008255 2e-06 0 0 0 0 0 0 0 0 0 0 0 0 0 0 
1 0.599126 0.217238 0.030014 0.0007955 1.5e-06 0 0 0 0 0 0 0 0 0 0 0 0 0 0 
1 0.599777 0.218074 0.0305755 0.000948 3.5e-06 0 0 0 0 0 0 0 0 0 0 0 0 0 0 
1 0.59942 0.21723 0.030418 0.000885 5e-07 0 0 0 0 0 0 0 0 0 0 0 0 0 0 
1 0.602435 0.220879 0.031423 0.000916 6.5e-06 0 0 0 0 0 0 0 0 0 0 0 0 0 0 
1 0.599695 0.21836 0.0307655 0.0008735 3.5e-06 0 0 0 0 0 0 0 0 0 0 0 0 0 0 
1 0.600352 0.217823 0.03071 0.0008545 7e-06 1e-06 0 0 0 0 0 0 0 0 0 0 0 0 0 
1 0.599128 0.217238 0.030122 0.000829 3.5e-06 0 0 0 0 0 0 0 0 0 0 0 0 0 0 
1 0.599945 0.218647 0.0309675 0.0008615 8.5e-06 0 0 0 0 0 0 0 0 0 0 0 0 0 0 
1 0.599434 0.217829 0.030439 0.00085 1.5e-06 0 0 0 0 0 0 0 0 0 0 0 0 0 0 
1 0.602245 0.220822 0.0316685 0.000939 8e-06 1e-06 0 0 0 0 0 0 0 0 0 0 0 0 0 
1 0.600456 0.21876 0.0309545 0.0008945 3e-06 0 0 0 0 0 0 0 0 0 0 0 0 0 0 
1 0.599497 0.216821 0.029908 0.0007585 3e-06 0 0 0 0 0 0 0 0 0 0 0 0 0 0 
1 0.599817 0.217929 0.030218 0.0007965 4e-06 0 0 0 0 0 0 0 0 0 0 0 0 0 0 
1 0.60073 0.21943 0.030965 0.000947 6e-06 0 0 0 0 0 0 0 0 0 0 0 0 0 0 
1 0.599148 0.217109 0.030182 0.0008265 6.5e-06 0 0 0 0 0 0 0 0 0 0 0 0 0 0 
1 0.59831 0.216344 0.0298625 0.0007785 3.5e-06 0 0 0 0 0 0 0 0 0 0 0 0 0 0 
1 0.600578 0.218776 0.030798 0.0008845 1e-05 0 0 0 0 0 0 0 0 0 0 0 0 0 0 
1 0.599502 0.218525 0.030956 0.000914 8e-06 5e-07 0 0 0 0 0 0 0 0 0 0 0 0 0 
1 0.599424 0.217535 0.03036 0.0008185 4e-06 0 0 0 0 0 0 0 0 0 0 0 0 0 0 
1 0.600843 0.217787 0.0302125 0.00086 9.5e-06 0 0 0 0 0 0 0 0 0 0 0 0 0 0 
1 0.599802 0.217728 0.0306405 0.000908 5e-06 0 0 0 0 0 0 0 0 0 0 0 0 0 0 
1 0.600432 0.219084 0.030835 0.000892 5e-06 0 0 0 0 0 0 0 0 0 0 0 0 0 0 
1 0.600196 0.218006 0.030606 0.000847 7.5e-06 0 0 0 0 0 0 0 0 0 0 0 0 0 0 
1 0.60109 0.219585 0.03075 0.000822 9e-06 0 0 0 0 0 0 0 0 0 0 0 0 0 0 
1 0.600929 0.21978 0.031253 0.0009145 7e-06 0 0 0 0 0 0 0 0 0 0 0 0 0 0 
1 0.599635 0.216793 0.0302285 0.0008195 2.5e-06 0 0 0 0 0 0 0 0 0 0 0 0 0 0 
1 0.600727 0.218224 0.030392 0.00084 2.5e-06 5e-07 0 0 0 0 0 0 0 0 0 0 0 0 0 
1 0.599342 0.216735 0.029977 0.0007735 2e-05 0 0 0 0 0 0 0 0 0 0 0 0 0 0 
