1 0.800363 0.512839 0.210671 0.0357373 0.00104298 1.455e-06 0 0 0 0 0 0 0 0 0 0 0 0 0 
1 0.800023 0.512205 0.210216 0.0355772 0.00106318 2.1975e-06 0 0 0 0 0 0 0 0 0 0 0 0 0 
1 0.800216 0.51254 0.210493 0.0357125 0.00107642 1.485e-06 0 0 0 0 0 0 0 0 0 0 0 0 0 
1 0.800096 0.512253 0.21003 0.0356424 0.0010661 1.04e-06 0 0 0 0 0 0 0 0 0 0 0 0 0 
1 0.800016 0.512797 0.211091 0.0358803 0.00106747 1.5575e-06 0 0 0 0 0 0 0 0 0 0 0 0 0 
1 0.799775 0.511622 0.209466 0.0352492 0.00100746 6.125e-07 0 0 0 0 0 0 0 0 0 0 0 0 0 
1 0.800692 0.513631 0.211838 0.0362614 0.00108339 1.7025e-06 0 0 0 0 0 0 0 0 0 0 0 0 0 
1 0.799868 0.511822 0.209556 0.0352895 0.00104905 1.7125e-06 0 0 0 0 0 0 0 0 0 0 0 0 0 
1 0.800474 0.512987 0.21062 0.0357266 0.00106511 1.0125e-06 0 0 0 0 0 0 0 0 0 0 0 0 0 
1 0.799769 0.511695 0.210048 0.035643 0.00104741 1.5925e-06 0 0 0 0 0 0 0 0 0 0 0 0 0 
1 0.800101 0.512294 0.210152 0.0354858 0.00104556 1.055e-06 0 0 0 0 0 0 0 0 0 0 0 0 0 
1 0.799712 0.511736 0.209991 0.0355421 0.00102471 1.32e-06 0 0 0 0 0 0 0 0 0 0 0 0 0 
1 0.799658 0.511326 0.209279 0.0352617 0.00103912 1.2075e-06 0 0 0 0 0 0 0 0 0 0 0 0 0 
1 0.799987 0.512286 0.210412 0.0356828 0.00104508 1.1075e-06 0 0 0 0 0 0 0 0 0 0 0 0 0 
1 0.800659 0.513536 0.211295 0.0359018 0.00105415 1.29e-06 0 0 0 0 0 0 0 0 0 0 0 0 0 
1 0.799811 0.511656 0.209791 0.0355229 0.00105773 1.1175e-06 0 0 0 0 0 0 0 0 0 0 0 0 0 
1 0.800823 0.513777 0.211793 0.0360466 0.00106773 2.2775e-06 0 0 0 0 0 0 0 0 0 0 0 0 0 
1 0.80033 0.512492 0.210525 0.0357363 0.00108321 1.465e-06 0 0 0 0 0 0 0 0 0 0 0 0 0 
1 0.800492 0.513087 0.210825 0.0357775 0.0010292 1.515e-06 0 0 0 0 0 0 0 0 0 0 0 0 0 
1 0.799629 0.511175 0.20897 0.0350554 0.00101158 1.2625e-06 0 0 0 0 0 0 0 0 0 0 0 0 0 
1 0.799543 0.510962 0.208847 0.0350131 0.000999005 1.09e-06 0 0 0 0 0 0 0 0 0 0 0 0 0 
1 0.800364 0.512897 0.210853 0.0357752 0.00104709 1.635e-06 0 0 0 0 0 0 0 0 0 0 0 0 0 
1 0.799615 0.511647 0.209587 0.0353667 0.00103014 1.41e-06 0 0 0 0 0 0 0 0 0 0 0 0 0 
1 0.79987 0.512151 0.210161 0.0355053 0.00104076 1.415e-06 0 0 0 0 0 0 0 0 0 0 0 0 0 
1 0.800121 0.512498 0.210366 0.0355961 0.00104028 1.6575e-06 0 0 0 0 0 0 0 0 0 0 0 0 0 
1 0.799841 0.511895 0.209815 0.0354817 0.00101948 1.5425e-06 0 0 0 0 0 0 0 0 0 0 0 0 0 
1 0.800098 0.51235 0.210313 0.0356511 0.00106848 1.445e-06 0 0 0 0 0 0 0 0 0 0 0 0 0 
1 0.79926 0.510859 0.208883 0.0351609 0.00103296 1.9975e-06 0 0 0 0 0 0 0 0 0 0 0 0 0 
1 0.800109 0.512428 0.210269 0.0355603 0.00102238 2.5325e-06 0 0 0 0 0 0 0 0 0 0 0 0 0 
1 0.799987 0.512216 0.209955 0.0354604 0.00102298 1.27e-06 0 0 0 0 0 0 0 0 0 0 0 0 0 
1 0.800183 0.512265 0.210192 0.0354429 0.00102966 1.745e-06 0 0 0 0 0 0 0 0 0 0 0 0 0 
1 0.799722 0.511438 0.209377 0.0352857 0.00103625 1.615e-06 0 0 0 0 0 0 0 0 0 0 0 0 0 
1 0.800617 0.513112 0.210924 0.0358617 0.00105354 1.235e-06 0 0 0 0 0 0 0 0 0 0 0 0 0 
1 0.799403 0.511056 0.208981 0.0352428 0.00102027 7.575e-07 0 0 0 0 0 0 0 0 0 0 0 0 0 
1 0.800178 0.512308 0.210279 0.035596 0.00107263 2.1625e-06 0 0 0 0 0 0 0 0 0 0 0 0 0 
1 0.800351 0.512885 0.210684 0.0357057 0.00103212 1.0325e-06 0 0 0 0 0 0 0 0 0 0 0 0 0 
1 0.800111 0.512237 0.210034 0.0355233 0.00102349 1.405e-06 0 0 0 0 0 0 0 0 0 0 0 0 0 
1 0.801067 0.514146 0.211946 0.0362918 0.00108815 1.4625e-06 0 0 0 0 0 0 0 0 0 0 0 0 0 
1 0.799763 0.511383 0.209325 0.0351607 0.00100463 8.5e-07 0 0 0 0 0 0 0 0 0 0 0 0 0 
1 0.799745 0.511393 0.209002 0.0351252 0.00104396 1.0475e-06 0 0 0 0 0 0 0 0 0 0 0 0 0 
1 0.800084 0.51206 0.209999 0.0355122 0.00103548 2.2925e-06 0 0 0 0 0 0 0 0 0 0 0 0 0 
1 0.800515 0.513019 0.210945 0.0359093 0.00106406 1.0575e-06 0 0 0 0 0 0 0 0 0 0 0 0 0 
1 0.800256 0.512779 0.210896 0.0358167 0.00106359 9.65e-07 0 0 0 0 0 0 0 0 0 0 0 0 0 
1 0.799955 0.512147 0.210139 0.0356097 0.00106413 1.5525e-06 0 0 0 0 0 0 0 0 0 0 0 0 0 
1 0.799573 0.511068 0.208649 0.0347935 0.00100186 9.35e-07 0 0 0 0 0 0 0 0 0 0 0 0 0 
1 0.800236 0.512438 0.210406 0.0356632 0.0010649 2.495e-06 0 0 0 0 0 0 0 0 0 0 0 0 0 
1 0.800533 0.513168 0.211004 0.0358273 0.00106834 1.45e-06 0 0 0 0 0 0 0 0 0 0 0 0 0 
1 0.799668 0.511431 0.209334 0.0352274 0.00102781 1.0725e-06 0 0 0 0 0 0 0 0 0 0 0 0 0 
1 0.800278 0.51285 0.210636 0.0357847 0.00105679 1.185e-06 0 0 0 0 0 0 0 0 0 0 0 0 0 
1 0.799377 0.511014 0.20895 0.0351495 0.00103929 1.1525e-06 0 0 0 0 0 0 0 0 0 0 0 0 0 
1 0.800227 0.512576 0.210496 0.0356223 0.00106375 7.35e-07 0 0 0 0 0 0 0 0 0 0 0 0 0 
1 0.800343 0.512409 0.210104 0.0355422 0.00104517 1.7475e-06 0 0 0 0 0 0 0 0 0 0 0 0 0 
1 0.799123 0.51052 0.208411 0.0348507 0.00102711 7.45e-07 0 0 0 0 0 0 0 0 0 0 0 0 0 
1 0.800122 0.512349 0.210277 0.0355573 0.00101824 1.285e-06 0 0 0 0 0 0 0 0 0 0 0 0 0 
1 0.800202 0.512725 0.210516 0.0357075 0.00105118 1.415e-06 0 0 0 0 0 0 0 0 0 0 0 0 0 
1 0.799592 0.511023 0.208951 0.0351369 0.000985407 1.47e-06 0 0 0 0 0 0 0 0 0 0 0 0 0 
1 0.799405 0.510906 0.20882 0.0350433 0.00103363 1.9325e-06 0 0 0 0 0 0 0 0 0 0 0 0 0 
1 0.799811 0.511705 0.209776 0.0354178 0.00102393 4.65e-07 0 0 0 0 0 0 0 0 0 0 0 0 0 
1 0.800681 0.51359 0.211317 0.0359855 0.00108868 2.2625e-06 0 0 0 0 0 0 0 0 0 0 0 0 0 
1 0.800391 0.512723 0.210523 0.0356768 0.00104932 4e-07 0 0 0 0 0 0 0 0 0 0 0 0 0 
1 0.800084 0.512109 0.210034 0.0354268 0.00102893 8.7e-07 0 0 0 0 0 0 0 0 0 0 0 0 0 
1 0.800277 0.512699 0.210462 0.0356285 0.001077 2.175e-06 0 0 0 0 0 0 0 0 0 0 0 0 0 
1 0.799754 0.511756 0.209534 0.0353153 0.00104834 1.97e-06 0 0 0 0 0 0 0 0 0 0 0 0 0 
1 0.799718 0.511827 0.209955 0.0354388 0.00102978 1.2275e-06 0 0 0 0 0 0 0 0 0 0 0 0 0 
1 0.800001 0.512186 0.210165 0.035582 0.00105577 8.425e-07 0 0 0 0 0 0 0 0 0 0 0 0 0 
1 0.799676 0.511396 0.209577 0.0352685 0.00102849 8.95e-07 0 0 0 0 0 0 0 0 0 0 0 0 0 
1 0.799714 0.511428 0.209522 0.0351929 0.00101262 7.275e-07 0 0 0 0 0 0 0 0 0 0 0 0 0 
1 0.799812 0.511713 0.209739 0.0353852 0.00101296 1.7925e-06 0 0 0 0 0 0 0 0 0 0 0 0 0 
1 0.80032 0.512805 0.210862 0.0357939 0.00104742 6.9e-07 0 0 0 0 0 0 0 0 0 0 0 0 0 
1 0.799644 0.511351 0.209319 0.0353133 0.00105351 2.0325e-06 0 0 0 0 0 0 0 0 0 0 0 0 0 
1 0.800038 0.512255 0.210246 0.035609 0.00105981 1.195e-06 0 0 0 0 0 0 0 0 0 0 0 0 0 
1 0.800019 0.512056 0.20989 0.0355303 0.00104835 9e-07 0 0 0 0 0 0 0 0 0 0 0 0 0 
1 0.799814 0.511785 0.209849 0.0355261 0.00104794 1.9225e-06 0 0 0 0 0 0 0 0 0 0 0 0 0 
1 0.799435 0.511374 0.209344 0.0353108 0.00105006 1.2225e-06 0 0 0 0 0 0 0 0 0 0 0 0 0 
1 0.800274 0.51262 0.210555 0.0356733 0.00103681 1.515e-06 0 0 0 0 0 0 0 0 0 0 0 0 0 
1 0.800451 0.512723 0.210534 0.0355809 0.00106133 1.9475e-06 0 0 0 0 0 0 0 0 0 0 0 0 0 
1 0.800133 0.512412 0.210445 0.0355949 0.00106261 1.675e-06 0 0 0 0 0 0 0 0 0 0 0 0 0 
1 0.800301 0.512452 0.210487 0.0357093 0.00107146 1.8675e-06 0 0 0 0 0 0 0 0 0 0 0 0 0 
1 0.800068 0.511966 0.209849 0.0354098 0.00101639 1.195e-06 0 0 0 0 0 0 0 0 0 0 0 0 0 
1 0.80009 0.512098 0.209914 0.0354834 0.00103894 9.975e-07 0 0 0 0 0 0 0 0 0 0 0 0 0 
1 0.800513 0.513224 0.211039 0.0359028 0.00105206 1.285e-06 0 0 0 0 0 0 0 0 0 0 0 0 0 
1 0.799219 0.510727 0.208626 0.0350252 0.00102806 1.555e-06 0 0 0 0 0 0 0 0 0 0 0 0 0 
1 0.799695 0.511523 0.209334 0.0352377 0.0010178 1.425e-06 0 0 0 0 0 0 0 0 0 0 0 0 0 
1 0.799888 0.511823 0.209735 0.0354896 0.001032 6.925e-07 0 0 0 0 0 0 0 0 0 0 0 0 0 
1 0.800477 0.513327 0.211383 0.0359625 0.00106071 2.2675e-06 0 0 0 0 0 0 0 0 0 0 0 0 0 
1 0.800709 0.513418 0.211652 0.0360702 0.00106072 1.08e-06 0 0 0 0 0 0 0 0 0 0 0 0 0 
1 0.799626 0.511263 0.209068 0.0350546 0.00101924 1.5875e-06 0 0 0 0 0 0 0 0 0 0 0 0 0 
1 0.800275 0.512711 0.210922 0.0358599 0.00105837 1.3725e-06 0 0 0 0 0 0 0 0 0 0 0 0 0 
1 0.799889 0.511754 0.209572 0.0353735 0.00102723 1.775e-06 4.5e-08 0 0 0 0 0 0 0 0 0 0 0 0 
1 0.800142 0.512188 0.210235 0.0356204 0.00103304 9.425e-07 0 0 0 0 0 0 0 0 0 0 0 0 0 
1 0.799917 0.51188 0.209835 0.0355219 0.00104314 2.075e-06 0 0 0 0 0 0 0 0 0 0 0 0 0 
1 0.80112 0.514225 0.211981 0.0362956 0.00110675 1.0425e-06 0 0 0 0 0 0 0 0 0 0 0 0 0 
1 0.800384 0.512874 0.21068 0.0357735 0.00103883 1.6975e-06 0 0 0 0 0 0 0 0 0 0 0 0 0 
1 0.799218 0.510904 0.208915 0.0352115 0.0010014 1.09e-06 0 0 0 0 0 0 0 0 0 0 0 0 0 
1 0.799888 0.512092 0.210137 0.0355911 0.00103174 1.375e-06 0 0 0 0 0 0 0 0 0 0 0 0 0 
1 0.799912 0.511936 0.209877 0.0354242 0.00104655 1.1875e-06 0 0 0 0 0 0 0 0 0 0 0 0 0 
1 0.799684 0.511145 0.208929 0.0351161 0.0010155 8.4e-07 0 0 0 0 0 0 0 0 0 0 0 0 0 
1 0.800125 0.512623 0.210339 0.0356047 0.0010189 5.775e-07 0 0 0 0 0 0 0 0 0 0 0 0 0 
1 0.800243 0.512741 0.21058 0.0357568 0.00105895 2.12e-06 0 0 0 0 0 0 0 0 0 0 0 0 0 
1 0.799997 0.511672 0.209461 0.0352712 0.00101799 1.495e-06 0 0 0 0 0 0 0 0 0 0 0 0 0 
1 0.799906 0.511662 0.209593 0.0352706 0.00103751 2.0325e-06 0 0 0 0 0 0 0 0 0 0 0 0 0 
1 0.80007 0.512149 0.210027 0.0355216 0.00103339 2.585e-06 0 0 0 0 0 0 0 0 0 0 0 0 0 
1 0.799965 0.512085 0.21019 0.0356624 0.00103753 1.09e-06 0 0 0 0 0 0 0 0 0 0 0 0 0 
1 0.800301 0.512797 0.21073 0.035763 0.00105339 1.075e-06 0 0 0 0 0 0 0 0 0 0 0 0 0 
1 0.800708 0.513522 0.211618 0.0361896 0.00107947 1.38e-06 0 0 0 0 0 0 0 0 0 0 0 0 0 
1 0.800252 0.512611 0.210704 0.0358789 0.00107601 1.2425e-06 0 0 0 0 0 0 0 0 0 0 0 0 0 
1 0.800181 0.512444 0.210356 0.0356866 0.00106681 1.2475e-06 0 0 0 0 0 0 0 0 0 0 0 0 0 
1 0.800031 0.5121 0.209967 0.0353119 0.0010396 1.45e-06 0 0 0 0 0 0 0 0 0 0 0 0 0 
1 0.799866 0.511782 0.209893 0.0355129 0.00103007 1.265e-06 0 0 0 0 0 0 0 0 0 0 0 0 0 
1 0.800098 0.512313 0.210215 0.0355408 0.00105544 1.1325e-06 0 0 0 0 0 0 0 0 0 0 0 0 0 
1 0.799885 0.511856 0.210098 0.03556 0.00106007 1.185e-06 0 0 0 0 0 0 0 0 0 0 0 0 0 
1 0.79996 0.511892 0.21005 0.0356003 0.00105323 8.125e-07 0 0 0 0 0 0 0 0 0 0 0 0 0 
1 0.799852 0.511727 0.2095 0.0353583 0.00102716 2.1725e-06 0 0 0 0 0 0 0 0 0 0 0 0 0 
1 0.800079 0.512061 0.20991 0.0353703 0.00102789 1.37e-06 0 0 0 0 0 0 0 0 0 0 0 0 0 
1 0.800537 0.513255 0.211087 0.035897 0.00106401 1.6175e-06 0 0 0 0 0 0 0 0 0 0 0 0 0 
1 0.799987 0.512121 0.210121 0.03552 0.00102189 1.53e-06 0 0 0 0 0 0 0 0 0 0 0 0 0 
1 0.799635 0.511007 0.20898 0.03518 0.00103532 2.4325e-06 0 0 0 0 0 0 0 0 0 0 0 0 0 
1 0.800508 0.512313 0.20997 0.0354298 0.00101985 2.8e-07 0 0 0 0 0 0 0 0 0 0 0 0 0 
1 0.799667 0.511387 0.209382 0.0353276 0.00103826 6.625e-07 0 0 0 0 0 0 0 0 0 0 0 0 0 
1 0.799806 0.51173 0.209486 0.035309 0.00100918 1.31e-06 0 0 0 0 0 0 0 0 0 0 0 0 0 
1 0.800037 0.512122 0.210126 0.0354718 0.00104734 1.54e-06 0 0 0 0 0 0 0 0 0 0 0 0 0 
1 0.800623 0.513305 0.211005 0.035814 0.00106569 1.75e-06 0 0 0 0 0 0 0 0 0 0 0 0 0 
1 0.80024 0.512575 0.210717 0.0357242 0.00107313 2.015e-06 0 0 0 0 0 0 0 0 0 0 0 0 0 
1 0.800208 0.512715 0.210795 0.0358647 0.00109468 8.55e-07 0 0 0 0 0 0 0 0 0 0 0 0 0 
1 0.799556 0.511328 0.209248 0.0351197 0.00103159 1.4925e-06 0 0 0 0 0 0 0 0 0 0 0 0 0 
1 0.80041 0.512583 0.21034 0.0356566 0.00107659 1.9225e-06 0 0 0 0 0 0 0 0 0 0 0 0 0 
1 0.799366 0.510793 0.208515 0.0348473 0.00100734 8.675e-07 0 0 0 0 0 0 0 0 0 0 0 0 0 
1 0.799846 0.511967 0.209942 0.0355053 0.00105206 1.8075e-06 0 0 0 0 0 0 0 0 0 0 0 0 0 
1 0.800361 0.512956 0.210787 0.0357306 0.00106115 1.175e-06 0 0 0 0 0 0 0 0 0 0 0 0 0 
1 0.800167 0.512352 0.210247 0.0355657 0.00104637 1.5275e-06 0 0 0 0 0 0 0 0 0 0 0 0 0 
1 0.799907 0.511787 0.209896 0.0355428 0.00105365 1.8125e-06 0 0 0 0 0 0 0 0 0 0 0 0 0 
1 0.79972 0.511681 0.209661 0.0354094 0.00104944 1.9625e-06 0 0 0 0 0 0 0 0 0 0 0 0 0 
1 0.799694 0.511766 0.20998 0.0356418 0.00105069 1.6175e-06 0 0 0 0 0 0 0 0 0 0 0 0 0 
1 0.799892 0.511852 0.209891 0.0354308 0.00104429 7.825e-07 0 0 0 0 0 0 0 0 0 0 0 0 0 
1 0.799887 0.511908 0.210059 0.0356619 0.00105976 1.9425e-06 0 0 0 0 0 0 0 0 0 0 0 0 0 
1 0.799841 0.511831 0.209974 0.0356295 0.00105734 1.6425e-06 0 0 0 0 0 0 0 0 0 0 0 0 0 
1 0.80003 0.512059 0.209856 0.0355569 0.00105688 1.06e-06 0 0 0 0 0 0 0 0 0 0 0 0 0 
1 0.799404 0.510977 0.209216 0.0352776 0.00101458 8.65e-07 0 0 0 0 0 0 0 0 0 0 0 0 0 
1 0.79986 0.511743 0.209677 0.0354276 0.00105026 1.1175e-06 0 0 0 0 0 0 0 0 0 0 0 0 0 
1 0.799734 0.511602 0.20965 0.0352831 0.00104124 1.1125e-06 0 0 0 0 0 0 0 0 0 0 0 0 0 
1 0.799771 0.511563 0.209594 0.0353692 0.00104635 1.94e-06 0 0 0 0 0 0 0 0 0 0 0 0 0 
1 0.800319 0.512653 0.210672 0.0357057 0.00107008 1.27e-06 0 0 0 0 0 0 0 0 0 0 0 0 0 
1 0.800013 0.511848 0.209646 0.0354581 0.00107402 1.485e-06 0 0 0 0 0 0 0 0 0 0 0 0 0 
1 0.800357 0.512649 0.210731 0.035889 0.00108942 1.415e-06 0 0 0 0 0 0 0 0 0 0 0 0 0 
1 0.800334 0.512297 0.209883 0.0354037 0.00103689 1.2225e-06 0 0 0 0 0 0 0 0 0 0 0 0 0 
1 0.800041 0.512413 0.210337 0.035627 0.0010731 8.775e-07 0 0 0 0 0 0 0 0 0 0 0 0 0 
1 0.799857 0.51196 0.209897 0.0353535 0.00105677 1.3275e-06 0 0 0 0 0 0 0 0 0 0 0 0 0 
1 0.800642 0.51312 0.21081 0.0357886 0.00107979 2.6675e-06 0 0 0 0 0 0 0 0 0 0 0 0 0 
1 0.800113 0.512101 0.209893 0.0354481 0.00105022 1.4275e-06 0 0 0 0 0 0 0 0 0 0 0 0 0 
1 0.800352 0.512723 0.210884 0.0357547 0.00106908 2.0175e-06 0 0 0 0 0 0 0 0 0 0 0 0 0 
1 0.799742 0.511456 0.209373 0.0351543 0.00102828 1.1625e-06 0 0 0 0 0 0 0 0 0 0 0 0 0 
1 0.800219 0.512316 0.210359 0.0356545 0.00105102 1.04e-06 0 0 0 0 0 0 0 0 0 0 0 0 0 
1 0.800351 0.512513 0.210367 0.0356905 0.0010535 1.765e-06 0 0 0 0 0 0 0 0 0 0 0 0 0 
1 0.800712 0.513573 0.21172 0.0362245 0.00107502 1.5775e-06 0 0 0 0 0 0 0 0 0 0 0 0 0 
1 0.79996 0.512011 0.209834 0.0353607 0.00103357 1.595e-06 0 0 0 0 0 0 0 0 0 0 0 0 0 
1 0.800617 0.513063 0.21098 0.0357973 0.00106058 1.0675e-06 0 0 0 0 0 0 0 0 0 0 0 0 0 
1 0.799744 0.511767 0.209924 0.0355266 0.00103889 1.445e-06 0 0 0 0 0 0 0 0 0 0 0 0 0 
1 0.800158 0.512087 0.210056 0.0354557 0.00103419 1.4125e-06 0 0 0 0 0 0 0 0 0 0 0 0 0 
1 0.80033 0.512803 0.210499 0.0356197 0.00105009 1.3475e-06 0 0 0 0 0 0 0 0 0 0 0 0 0 
1 0.800012 0.512131 0.210306 0.0356581 0.00105385 8e-07 0 0 0 0 0 0 0 0 0 0 0 0 0 
1 0.799968 0.512092 0.20997 0.0354348 0.00102839 1.0075e-06 0 0 0 0 0 0 0 0 0 0 0 0 0 
1 0.80027 0.512633 0.210747 0.0357963 0.00105162 1.15e-06 0 0 0 0 0 0 0 0 0 0 0 0 0 
1 0.800022 0.51235 0.21046 0.0357302 0.00103472 1.12e-06 0 0 0 0 0 0 0 0 0 0 0 0 0 
1 0.800978 0.514223 0.212206 0.0363196 0.00109383 1.775e-06 0 0 0 0 0 0 0 0 0 0 0 0 0 
1 0.800042 0.512108 0.209887 0.0353857 0.00104273 1.7575e-06 0 0 0 0 0 0 0 0 0 0 0 0 0 
1 0.800043 0.512047 0.209735 0.0352044 0.00101059 1.4075e-06 0 0 0 0 0 0 0 0 0 0 0 0 0 
1 0.800056 0.51217 0.210071 0.0354619 0.00102587 2.285e-06 0 0 0 0 0 0 0 0 0 0 0 0 0 
1 0.799813 0.511666 0.209663 0.0354947 0.00103609 1.4825e-06 0 0 0 0 0 0 0 0 0 0 0 0 0 
1 0.799915 0.51211 0.209939 0.0354042 0.00104011 2.305e-06 0 0 0 0 0 0 0 0 0 0 0 0 0 
1 0.7998 0.511568 0.209827 0.0354832 0.00100072 9.575e-07 0 0 0 0 0 0 0 0 0 0 0 0 0 
1 0.800441 0.513174 0.2111 0.035884 0.00106297 1.225e-06 0 0 0 0 0 0 0 0 0 0 0 0 0 
1 0.799763 0.511411 0.209308 0.0352749 0.00105578 9.875e-07 0 0 0 0 0 0 0 0 0 0 0 0 0 
1 0.799833 0.511584 0.209341 0.0351441 0.00101678 1.565e-06 0 0 0 0 0 0 0 0 0 0 0 0 0 
1 0.79993 0.511757 0.209548 0.0353186 0.00102951 1.1925e-06 0 0 0 0 0 0 0 0 0 0 0 0 0 
1 0.799994 0.511982 0.209888 0.0353829 0.00102763 9.1e-07 0 0 0 0 0 0 0 0 0 0 0 0 0 
1 0.799855 0.511681 0.209866 0.0353676 0.00103734 1.0275e-06 0 0 0 0 0 0 0 0 0 0 0 0 0 
1 0.800331 0.512792 0.210569 0.0356344 0.00106736 1.5125e-06 0 0 0 0 0 0 0 0 0 0 0 0 0 
1 0.799811 0.511714 0.209777 0.0355448 0.00104416 1.9475e-06 0 0 0 0 0 0 0 0 0 0 0 0 0 
1 0.800169 0.512662 0.210491 0.0356699 0.00107634 2.3225e-06 0 0 0 0 0 0 0 0 0 0 0 0 0 
1 0.799997 0.512144 0.210219 0.0355596 0.00103805 1.3e-06 0 0 0 0 0 0 0 0 0 0 0 0 0 
1 0.800205 0.51248 0.210506 0.0356733 0.0010593 9.375e-07 0 0 0 0 0 0 0 0 0 0 0 0 0 
1 0.800099 0.512326 0.210179 0.035567 0.00107751 1.0825e-06 0 0 0 0 0 0 0 0 0 0 0 0 0 
1 0.800201 0.512153 0.209985 0.0354345 0.00101719 7.725e-07 0 0 0 0 0 0 0 0 0 0 0 0 0 
1 0.800444 0.512699 0.210288 0.0355572 0.00106462 2.3575e-06 0 0 0 0 0 0 0 0 0 0 0 0 0 
1 0.801025 0.513908 0.211757 0.0361237 0.0010707 8.5e-07 0 0 0 0 0 0 0 0 0 0 0 0 0 
1 0.800147 0.512354 0.210443 0.0357959 0.0010529 1.87e-06 0 0 0 0 0 0 0 0 0 0 0 0 0 
1 0.799668 0.511441 0.209519 0.0353711 0.00103554 1.7675e-06 0 0 0 0 0 0 0 0 0 0 0 0 0 
1 0.799533 0.510918 0.208754 0.0350457 0.00103546 6.15e-07 0 0 0 0 0 0 0 0 0 0 0 0 0 
1 0.800565 0.513243 0.21125 0.0359587 0.00109743 2.0575e-06 0 0 0 0 0 0 0 0 0 0 0 0 0 
1 0.800412 0.512923 0.210963 0.0357949 0.00104335 6.375e-07 0 0 0 0 0 0 0 0 0 0 0 0 0 
1 0.800597 0.513445 0.211378 0.0361147 0.00109275 2.865e-06 0 0 0 0 0 0 0 0 0 0 0 0 0 
1 0.799163 0.51063 0.208542 0.0350096 0.00102143 1.445e-06 0 0 0 0 0 0 0 0 0 0 0 0 0 
1 0.80009 0.512577 0.210801 0.0358104 0.00107055 8.675e-07 0 0 0 0 0 0 0 0 0 0 0 0 0 
1 0.799746 0.511199 0.209081 0.0351408 0.00102819 8.65e-07 0 0 0 0 0 0 0 0 0 0 0 0 0 
1 0.800517 0.512954 0.21065 0.0357012 0.00105302 1.725e-06 0 0 0 0 0 0 0 0 0 0 0 0 0 
1 0.799226 0.510369 0.208615 0.0350608 0.00101871 2.1375e-06 0 0 0 0 0 0 0 0 0 0 0 0 0 
1 0.800337 0.512774 0.21077 0.0358218 0.00107767 1.2825e-06 0 0 0 0 0 0 0 0 0 0 0 0 0 
1 0.800023 0.512125 0.210192 0.0355666 0.00105121 1.9725e-06 0 0 0 0 0 0 0 0 0 0 0 0 0 
1 0.800269 0.512346 0.209887 0.035391 0.00105925 7.875e-07 0 0 0 0 0 0 0 0 0 0 0 0 0 
1 0.799975 0.512125 0.210065 0.0354715 0.00104287 6.025e-07 0 0 0 0 0 0 0 0 0 0 0 0 0 
1 0.799836 0.511727 0.209732 0.0353691 0.00105038 2.1975e-06 0 0 0 0 0 0 0 0 0 0 0 0 0 
1 0.800149 0.512465 0.210545 0.0357576 0.00103942 9e-07 0 0 0 0 0 0 0 0 0 0 0 0 0 
1 0.799493 0.51124 0.209146 0.0351981 0.00101708 1.4625e-06 0 0 0 0 0 0 0 0 0 0 0 0 0 
1 0.799448 0.511055 0.209167 0.0352265 0.00104589 1.445e-06 0 0 0 0 0 0 0 0 0 0 0 0 0 
1 0.799638 0.511774 0.209855 0.0355124 0.00106544 1.685e-06 0 0 0 0 0 0 0 0 0 0 0 0 0 
1 0.799893 0.511656 0.209278 0.0351721 0.00105235 7.475e-07 0 0 0 0 0 0 0 0 0 0 0 0 0 
1 0.80016 0.512247 0.210234 0.0355877 0.00108008 1.35e-06 0 0 0 0 0 0 0 0 0 0 0 0 0 
1 0.800322 0.512647 0.210436 0.035538 0.00104075 7.5e-07 0 0 0 0 0 0 0 0 0 0 0 0 0 
1 0.799401 0.511079 0.209313 0.0352196 0.00103062 1.54e-06 0 0 0 0 0 0 0 0 0 0 0 0 0 
1 0.799756 0.511461 0.20947 0.0352885 0.0010201 1.0075e-06 0 0 0 0 0 0 0 0 0 0 0 0 0 
1 0.800169 0.512267 0.20981 0.0352283 0.000989897 1.9375e-06 0 0 0 0 0 0 0 0 0 0 0 0 0 
1 0.799517 0.510976 0.20884 0.0350351 0.000995047 1.0575e-06 0 0 0 0 0 0 0 0 0 0 0 0 0 
1 0.800255 0.512783 0.210449 0.0355046 0.00104046 2.1375e-06 0 0 0 0 0 0 0 0 0 0 0 0 0 
1 0.799446 0.511295 0.209183 0.0351901 0.00101742 1.1975e-06 0 0 0 0 0 0 0 0 0 0 0 0 0 
1 0.79993 0.512076 0.210159 0.0354559 0.00104725 1.5825e-06 0 0 0 0 0 0 0 0 0 0 0 0 0 
1 0.799201 0.510746 0.208441 0.0349483 0.00101148 1.345e-06 2.125e-07 0 0 0 0 0 0 0 0 0 0 0 0 
1 0.799593 0.511392 0.209436 0.0353094 0.0010366 1.7425e-06 0 0 0 0 0 0 0 0 0 0 0 0 0 
1 0.799862 0.511912 0.210096 0.0354431 0.00105384 1.005e-06 0 0 0 0 0 0 0 0 0 0 0 0 0 
1 0.799673 0.511484 0.209628 0.0355139 0.00104889 1.885e-06 0 0 0 0 0 0 0 0 0 0 0 0 0 
1 0.800022 0.51185 0.209746 0.0352919 0.00103427 1.2075e-06 0 0 0 0 0 0 0 0 0 0 0 0 0 
1 0.800073 0.512266 0.210237 0.0356828 0.00106008 1.5225e-06 0 0 0 0 0 0 0 0 0 0 0 0 0 
1 0.800042 0.512377 0.210452 0.0356904 0.00106353 2.5675e-06 0 0 0 0 0 0 0 0 0 0 0 0 0 
1 0.799903 0.51176 0.209633 0.0353412 0.00103826 1.4525e-06 0 0 0 0 0 0 0 0 0 0 0 0 0 
1 0.800118 0.512212 0.21007 0.0354872 0.00102556 2.115e-06 0 0 0 0 0 0 0 0 0 0 0 0 0 
1 0.800044 0.511906 0.209989 0.035629 0.00106197 1.3275e-06 0 0 0 0 0 0 0 0 0 0 0 0 0 
1 0.800433 0.512834 0.2108 0.0357398 0.00103628 1.345e-06 0 0 0 0 0 0 0 0 0 0 0 0 0 
1 0.799915 0.51224 0.210263 0.0355291 0.00105469 1.0775e-06 0 0 0 0 0 0 0 0 0 0 0 0 0 
1 0.800504 0.513005 0.210566 0.0355882 0.00104288 1.68e-06 0 0 0 0 0 0 0 0 0 0 0 0 0 
1 0.799412 0.510961 0.209242 0.0353307 0.00102691 1.11e-06 0 0 0 0 0 0 0 0 0 0 0 0 0 
1 0.800335 0.512584 0.210594 0.035766 0.0010725 1.6125e-06 0 0 0 0 0 0 0 0 0 0 0 0 0 
1 0.799783 0.511654 0.209535 0.035358 0.00106133 1.86e-06 0 0 0 0 0 0 0 0 0 0 0 0 0 
1 0.800342 0.512632 0.210552 0.035731 0.00104868 8.3e-07 0 0 0 0 0 0 0 0 0 0 0 0 0 
1 0.799847 0.511988 0.210147 0.0355992 0.0010489 2.3425e-06 0 0 0 0 0 0 0 0 0 0 0 0 0 
1 0.800015 0.512087 0.209781 0.0354116 0.00105748 1.74e-06 0 0 0 0 0 0 0 0 0 0 0 0 0 
1 0.799974 0.512077 0.209856 0.035412 0.00104573 1.66e-06 0 0 0 0 0 0 0 0 0 0 0 0 0 
1 0.799426 0.510733 0.208508 0.0349165 0.000996625 1.1375e-06 0 0 0 0 0 0 0 0 0 0 0 0 0 
1 0.799349 0.511 0.209047 0.0351504 0.00103247 4.975e-07 0 0 0 0 0 0 0 0 0 0 0 0 0 
1 0.799546 0.511264 0.209288 0.0354093 0.00104695 1.185e-06 0 0 0 0 0 0 0 0 0 0 0 0 0 
1 0.800553 0.513287 0.211495 0.0359799 0.00107463 1.16e-06 0 0 0 0 0 0 0 0 0 0 0 0 0 
1 0.799655 0.511542 0.209623 0.0354191 0.00103026 1.3025e-06 0 0 0 0 0 0 0 0 0 0 0 0 0 
1 0.799481 0.511063 0.209114 0.0351997 0.00102305 2.1075e-06 0 0 0 0 0 0 0 0 0 0 0 0 0 
1 0.799837 0.511838 0.209807 0.0352801 0.00103448 1.66e-06 0 0 0 0 0 0 0 0 0 0 0 0 0 
1 0.799702 0.511835 0.20966 0.0354565 0.00103912 1.235e-06 0 0 0 0 0 0 0 0 0 0 0 0 0 
1 0.800732 0.513686 0.211537 0.0360636 0.00106942 7.85e-07 0 0 0 0 0 0 0 0 0 0 0 0 0 
1 0.799575 0.510852 0.208986 0.0351393 0.0010191 2.3925e-06 0 0 0 0 0 0 0 0 0 0 0 0 0 
1 0.800275 0.512675 0.210675 0.0357331 0.00106063 1.44e-06 0 0 0 0 0 0 0 0 0 0 0 0 0 
1 0.799768 0.51176 0.209506 0.0353139 0.00104765 1.8025e-06 0 0 0 0 0 0 0 0 0 0 0 0 0 
1 0.799428 0.511028 0.209058 0.0351867 0.00102677 1.205e-06 0 0 0 0 0 0 0 0 0 0 0 0 0 
1 0.80007 0.512206 0.210165 0.0354243 0.0010302 2.375e-06 0 0 0 0 0 0 0 0 0 0 0 0 0 
1 0.80015 0.512719 0.210609 0.0355335 0.00103008 1.54e-06 0 0 0 0 0 0 0 0 0 0 0 0 0 
1 0.799522 0.511178 0.209148 0.0351425 0.00102547 9.725e-07 0 0 0 0 0 0 0 0 0 0 0 0 0 
1 0.799977 0.512347 0.210376 0.0355983 0.00104694 9.4e-07 0 0 0 0 0 0 0 0 0 0 0 0 0 
1 0.80019 0.512609 0.210705 0.0357517 0.00104531 9.275e-07 0 0 0 0 0 0 0 0 0 0 0 0 0 
1 0.799877 0.512175 0.209967 0.0354727 0.00104647 1.13e-06 0 0 0 0 0 0 0 0 0 0 0 0 0 
1 0.799843 0.511805 0.209677 0.0354533 0.00103455 4.625e-07 0 0 0 0 0 0 0 0 0 0 0 0 0 
1 0.80007 0.512271 0.210221 0.0356035 0.00107315 2.125e-06 0 0 0 0 0 0 0 0 0 0 0 0 0 
1 0.799588 0.511533 0.209222 0.0350209 0.00099559 1.8025e-06 0 0 0 0 0 0 0 0 0 0 0 0 0 
1 0.800055 0.512007 0.209653 0.0353902 0.00104628 1.0775e-06 0 0 0 0 0 0 0 0 0 0 0 0 0 
1 0.799939 0.511881 0.20966 0.0353444 0.00104283 9.575e-07 0 0 0 0 0 0 0 0 0 0 0 0 0 
1 0.799586 0.511391 0.209504 0.0353891 0.0010534 1.915e-06 0 0 0 0 0 0 0 0 0 0 0 0 0 
1 0.800832 0.513982 0.211768 0.0361361 0.00108144 9.6e-07 0 0 0 0 0 0 0 0 0 0 0 0 0 
1 0.799406 0.511047 0.209138 0.0351677 0.00101901 1.0775e-06 0 0 0 0 0 0 0 0 0 0 0 0 0 
1 0.800418 0.512879 0.210817 0.035867 0.00107687 1.07e-06 0 0 0 0 0 0 0 0 0 0 0 0 0 
1 0.799953 0.512004 0.209765 0.0353781 0.00103333 3.95e-07 0 0 0 0 0 0 0 0 0 0 0 0 0 
1 0.799491 0.511131 0.208964 0.0351023 0.000974527 7.525e-07 0 0 0 0 0 0 0 0 0 0 0 0 0 
1 0.800511 0.51308 0.211038 0.035806 0.00103718 7.425e-07 0 0 0 0 0 0 0 0 0 0 0 0 0 
1 0.800373 0.512747 0.210842 0.0357292 0.00106511 1.2825e-06 0 0 0 0 0 0 0 0 0 0 0 0 0 
1 0.799814 0.51195 0.209873 0.0353396 0.00104747 1.9125e-06 0 0 0 0 0 0 0 0 0 0 0 0 0 
1 0.799885 0.511928 0.209752 0.0355135 0.00105891 1.265e-06 0 0 0 0 0 0 0 0 0 0 0 0 0 
1 0.799126 0.510468 0.208578 0.0349499 0.00102913 1.04e-06 0 0 0 0 0 0 0 0 0 0 0 0 0 
1 0.800564 0.513441 0.21136 0.0359958 0.00107409 1.205e-06 0 0 0 0 0 0 0 0 0 0 0 0 0 
1 0.800119 0.512365 0.210171 0.0353818 0.00102727 1.035e-06 0 0 0 0 0 0 0 0 0 0 0 0 0 
1 0.800144 0.512107 0.209741 0.0353114 0.0010347 8.5e-07 0 0 0 0 0 0 0 0 0 0 0 0 0 
1 0.800521 0.513431 0.211521 0.0360149 0.00107428 1.4875e-06 0 0 0 0 0 0 0 0 0 0 0 0 0 
1 0.800481 0.513181 0.210943 0.0358386 0.0010538 1.0825e-06 0 0 0 0 0 0 0 0 0 0 0 0 0 
1 0.799868 0.512167 0.210023 0.0356728 0.00106159 1.26e-06 0 0 0 0 0 0 0 0 0 0 0 0 0 
1 0.800425 0.512657 0.210636 0.0357925 0.00107912 3.025e-07 0 0 0 0 0 0 0 0 0 0 0 0 0 
1 0.800003 0.512025 0.209971 0.0354167 0.00103188 1.155e-06 0 0 0 0 0 0 0 0 0 0 0 0 0 
1 0.800235 0.512657 0.210843 0.0358409 0.00106327 2.0325e-06 0 0 0 0 0 0 0 0 0 0 0 0 0 
1 0.799963 0.512215 0.210077 0.0353636 0.00101167 1.445e-06 0 0 0 0 0 0 0 0 0 0 0 0 0 
1 0.80008 0.512307 0.210193 0.0355639 0.00102625 1.275e-06 0 0 0 0 0 0 0 0 0 0 0 0 0 
1 0.79972 0.511833 0.210085 0.0357331 0.0010996 1.41e-06 0 0 0 0 0 0 0 0 0 0 0 0 0 
1 0.799878 0.511643 0.209555 0.0354322 0.0010417 7.525e-07 0 0 0 0 0 0 0 0 0 0 0 0 0 
1 0.800152 0.512282 0.210164 0.0354907 0.00103712 2.08e-06 0 0 0 0 0 0 0 0 0 0 0 0 0 
1 0.80009 0.51226 0.210197 0.0355225 0.00105752 1.6e-06 0 0 0 0 0 0 0 0 0 0 0 0 0 
1 0.799304 0.510473 0.208589 0.0350852 0.00105259 1.7425e-06 0 0 0 0 0 0 0 0 0 0 0 0 0 
1 0.799466 0.511197 0.209174 0.0351718 0.00102637 8.225e-07 0 0 0 0 0 0 0 0 0 0 0 0 0 
1 0.800403 0.512767 0.210628 0.0356808 0.00105328 1.39e-06 0 0 0 0 0 0 0 0 0 0 0 0 0 
1 0.800576 0.513145 0.210831 0.0358442 0.0010677 1.3325e-06 0 0 0 0 0 0 0 0 0 0 0 0 0 
1 0.800643 0.51366 0.211554 0.036121 0.00110071 2.32e-06 0 0 0 0 0 0 0 0 0 0 0 0 0 
1 0.799919 0.512 0.209993 0.0353861 0.00103527 1.09e-06 0 0 0 0 0 0 0 0 0 0 0 0 0 
1 0.8 0.512183 0.210289 0.0356696 0.00106469 1.1575e-06 0 0 0 0 0 0 0 0 0 0 0 0 0 
1 0.800201 0.512332 0.210184 0.0356391 0.00104937 1.1325e-06 0 0 0 0 0 0 0 0 0 0 0 0 0 
1 0.799779 0.511691 0.209857 0.0354416 0.00103783 1.95e-06 0 0 0 0 0 0 0 0 0 0 0 0 0 
1 0.800479 0.512885 0.210641 0.0357514 0.00106449 1.27e-06 0 0 0 0 0 0 0 0 0 0 0 0 0 
1 0.799971 0.512264 0.21008 0.0354096 0.00102736 1.1775e-06 0 0 0 0 0 0 0 0 0 0 0 0 0 
1 0.799895 0.511754 0.209633 0.0352883 0.00102363 1.605e-06 0 0 0 0 0 0 0 0 0 0 0 0 0 
1 0.799281 0.510839 0.208756 0.0350297 0.000985812 1.305e-06 0 0 0 0 0 0 0 0 0 0 0 0 0 
1 0.801006 0.513904 0.211499 0.0359359 0.00104713 9.775e-07 0 0 0 0 0 0 0 0 0 0 0 0 0 
1 0.80033 0.512782 0.21109 0.0359036 0.00107883 1.2225e-06 0 0 0 0 0 0 0 0 0 0 0 0 0 
1 0.799954 0.512236 0.210148 0.0354035 0.00103626 7e-07 0 0 0 0 0 0 0 0 0 0 0 0 0 
1 0.800413 0.513082 0.210963 0.0359276 0.00107177 1.955e-06 0 0 0 0 0 0 0 0 0 0 0 0 0 
1 0.800163 0.512306 0.210361 0.0356838 0.00105255 1.61e-06 0 0 0 0 0 0 0 0 0 0 0 0 0 
1 0.799489 0.511143 0.20907 0.0351802 0.00102443 1.0975e-06 0 0 0 0 0 0 0 0 0 0 0 0 0 
1 0.800062 0.512386 0.210213 0.0354438 0.00106236 1.79e-06 0 0 0 0 0 0 0 0 0 0 0 0 0 
1 0.799384 0.510608 0.208208 0.0347445 0.00099436 1.405e-06 0 0 0 0 0 0 0 0 0 0 0 0 0 
1 0.799807 0.511493 0.209249 0.0351582 0.0010122 1.0475e-06 0 0 0 0 0 0 0 0 0 0 0 0 0 
1 0.800178 0.512437 0.210539 0.0357667 0.0010647 1.0125e-06 0 0 0 0 0 0 0 0 0 0 0 0 0 
1 0.800396 0.512901 0.210491 0.035549 0.00102263 7.95e-07 0 0 0 0 0 0 0 0 0 0 0 0 0 
1 0.799559 0.51111 0.209122 0.0351678 0.0010429 6.225e-07 0 0 0 0 0 0 0 0 0 0 0 0 0 
1 0.80008 0.512178 0.210169 0.0354312 0.00105964 2.1225e-06 0 0 0 0 0 0 0 0 0 0 0 0 0 
1 0.800163 0.512473 0.210492 0.0356917 0.00105678 1.3125e-06 0 0 0 0 0 0 0 0 0 0 0 0 0 
1 0.800554 0.513005 0.210533 0.0357037 0.00106011 8.825e-07 0 0 0 0 0 0 0 0 0 0 0 0 0 
1 0.800109 0.512367 0.21031 0.0356522 0.00102496 9.35e-07 0 0 0 0 0 0 0 0 0 0 0 0 0 
1 0.800092 0.512041 0.209892 0.0355552 0.00104387 1.2e-06 0 0 0 0 0 0 0 0 0 0 0 0 0 
1 0.800457 0.512945 0.210925 0.0357487 0.00103658 1.6425e-06 0 0 0 0 0 0 0 0 0 0 0 0 0 
1 0.800518 0.513136 0.211156 0.0358885 0.00107749 1.0175e-06 0 0 0 0 0 0 0 0 0 0 0 0 0 
1 0.800408 0.512812 0.21081 0.0358941 0.0010659 9.725e-07 0 0 0 0 0 0 0 0 0 0 0 0 0 
1 0.800782 0.513482 0.211297 0.0358509 0.00106515 1.9925e-06 0 0 0 0 0 0 0 0 0 0 0 0 0 
1 0.800336 0.512885 0.210729 0.0357691 0.00105864 2.795e-06 0 0 0 0 0 0 0 0 0 0 0 0 0 
1 0.800669 0.513323 0.211122 0.0359704 0.00105689 1.3075e-06 0 0 0 0 0 0 0 0 0 0 0 0 0 
1 0.799982 0.512333 0.210299 0.0354686 0.00103046 1.3825e-06 0 0 0 0 0 0 0 0 0 0 0 0 0 
1 0.79986 0.511769 0.209888 0.0354722 0.00103649 1.2875e-06 0 0 0 0 0 0 0 0 0 0 0 0 0 
1 0.800003 0.512419 0.210487 0.0357192 0.00106623 1.4025e-06 0 0 0 0 0 0 0 0 0 0 0 0 0 
1 0.800368 0.512775 0.210417 0.0354627 0.00103927 1.72e-06 0 0 0 0 0 0 0 0 0 0 0 0 0 
1 0.799886 0.511728 0.209404 0.0353405 0.00101021 4.825e-07 0 0 0 0 0 0 0 0 0 0 0 0 0 
1 0.799823 0.511866 0.209781 0.0354411 0.00103406 1.5725e-06 0 0 0 0 0 0 0 0 0 0 0 0 0 
1 0.799427 0.511108 0.20906 0.0352087 0.000996725 1.815e-06 0 0 0 0 0 0 0 0 0 0 0 0 0 
1 0.800615 0.513396 0.211261 0.0359294 0.00107121 1.4775e-06 0 0 0 0 0 0 0 0 0 0 0 0 0 
1 0.799223 0.511063 0.209057 0.0352459 0.00105916 1.9725e-06 0 0 0 0 0 0 0 0 0 0 0 0 0 
1 0.800134 0.512562 0.210496 0.0357712 0.00105302 1.49e-06 0 0 0 0 0 0 0 0 0 0 0 0 0 
1 0.800844 0.513883 0.212059 0.0362889 0.00111272 2.26e-06 0 0 0 0 0 0 0 0 0 0 0 0 0 
1 0.799795 0.511741 0.209715 0.0354258 0.00103796 1.335e-06 0 0 0 0 0 0 0 0 0 0 0 0 0 
1 0.799786 0.51148 0.20937 0.0352421 0.00101868 8.8e-07 0 0 0 0 0 0 0 0 0 0 0 0 0 
1 0.799714 0.511311 0.209117 0.0351426 0.00099644 2.095e-06 0 0 0 0 0 0 0 0 0 0 0 0 0 
1 0.7997 0.511744 0.209743 0.0355106 0.00106038 1.345e-06 0 0 0 0 0 0 0 0 0 0 0 0 0 
1 0.799957 0.511678 0.209614 0.0354472 0.00102368 1.92e-06 0 0 0 0 0 0 0 0 0 0 0 0 0 
1 0.799494 0.510861 0.208968 0.0350901 0.00101627 2.07e-06 0 0 0 0 0 0 0 0 0 0 0 0 0 
1 0.800716 0.513635 0.211581 0.0359885 0.00109017 9.225e-07 0 0 0 0 0 0 0 0 0 0 0 0 0 
1 0.799684 0.511438 0.209296 0.0352185 0.00103155 6.05e-07 0 0 0 0 0 0 0 0 0 0 0 0 0 
1 0.800476 0.51337 0.211142 0.0358881 0.00106162 1.3425e-06 0 0 0 0 0 0 0 0 0 0 0 0 0 
1 0.799857 0.511842 0.209777 0.0354033 0.00105153 2.0075e-06 0 0 0 0 0 0 0 0 0 0 0 0 0 
1 0.800071 0.512304 0.209963 0.0356021 0.0010686 8.25e-07 0 0 0 0 0 0 0 0 0 0 0 0 0 
1 0.800246 0.512297 0.209985 0.0355036 0.00102966 1.3725e-06 0 0 0 0 0 0 0 0 0 0 0 0 0 
1 0.800849 0.513858 0.211883 0.0361454 0.00110021 1.625e-06 0 0 0 0 0 0 0 0 0 0 0 0 0 
1 0.79937 0.510996 0.208979 0.0351371 0.00100643 1.4025e-06 0 0 0 0 0 0 0 0 0 0 0 0 0 
1 0.800181 0.512281 0.210408 0.0356935 0.00103647 1.6825e-06 0 0 0 0 0 0 0 0 0 0 0 0 0 
1 0.79995 0.511847 0.209819 0.0354921 0.00106022 4.825e-07 0 0 0 0 0 0 0 0 0 0 0 0 0 
1 0.799857 0.511692 0.209729 0.0353405 0.00103512 1.81e-06 0 0 0 0 0 0 0 0 0 0 0 0 0 
1 0.799675 0.511412 0.209567 0.0353239 0.00101865 1.1625e-06 0 0 0 0 0 0 0 0 0 0 0 0 0 
1 0.80077 0.513322 0.211011 0.0358656 0.00105454 3.925e-07 0 0 0 0 0 0 0 0 0 0 0 0 0 
1 0.800357 0.512683 0.210422 0.0355487 0.00103557 1.095e-06 0 0 0 0 0 0 0 0 0 0 0 0 0 
1 0.79973 0.511865 0.209964 0.0355142 0.00102481 8.025e-07 0 0 0 0 0 0 0 0 0 0 0 0 0 
1 0.798778 0.50987 0.208063 0.0347773 0.000981152 1.3925e-06 0 0 0 0 0 0 0 0 0 0 0 0 0 
1 0.800366 0.512815 0.2108 0.035701 0.00104909 2.925e-07 0 0 0 0 0 0 0 0 0 0 0 0 0 
1 0.799832 0.511845 0.209656 0.0352 0.00101298 1.8475e-06 0 0 0 0 0 0 0 0 0 0 0 0 0 
1 0.799455 0.510829 0.208694 0.0350646 0.00103298 9.275e-07 0 0 0 0 0 0 0 0 0 0 0 0 0 
1 0.800103 0.512423 0.210306 0.0356651 0.00104075 1.28e-06 0 0 0 0 0 0 0 0 0 0 0 0 0 
1 0.800221 0.512583 0.210494 0.03565 0.00103064 1.6875e-06 0 0 0 0 0 0 0 0 0 0 0 0 0 
1 0.800504 0.513106 0.210784 0.0357342 0.00103773 2.005e-06 0 0 0 0 0 0 0 0 0 0 0 0 0 
1 0.800277 0.512535 0.21061 0.0356494 0.00103817 1.34e-06 0 0 0 0 0 0 0 0 0 0 0 0 0 
1 0.800388 0.512876 0.210993 0.0359414 0.00108443 1.53e-06 0 0 0 0 0 0 0 0 0 0 0 0 0 
1 0.800162 0.512659 0.210563 0.0356126 0.00102497 1.4125e-06 0 0 0 0 0 0 0 0 0 0 0 0 0 
1 0.799356 0.510755 0.208722 0.0352002 0.00102269 9.725e-07 0 0 0 0 0 0 0 0 0 0 0 0 0 
1 0.800257 0.512376 0.210364 0.0355757 0.001031 1.6875e-06 0 0 0 0 0 0 0 0 0 0 0 0 0 
1 0.799979 0.512324 0.210402 0.0356026 0.00103449 2.3275e-06 0 0 0 0 0 0 0 0 0 0 0 0 0 
1 0.800109 0.512352 0.210299 0.0357586 0.0010782 1.34e-06 0 0 0 0 0 0 0 0 0 0 0 0 0 
1 0.799592 0.511417 0.209574 0.0353281 0.0010397 2.0175e-06 0 0 0 0 0 0 0 0 0 0 0 0 0 
1 0.799987 0.512034 0.209935 0.0354849 0.00102202 1.205e-06 0 0 0 0 0 0 0 0 0 0 0 0 0 
1 0.800379 0.512902 0.210821 0.0357504 0.00103463 9.525e-07 0 0 0 0 0 0 0 0 0 0 0 0 0 
1 0.79968 0.511526 0.209699 0.0353151 0.00104463 1.835e-06 0 0 0 0 0 0 0 0 0 0 0 0 0 
1 0.800027 0.512281 0.210023 0.0354543 0.0010294 1.955e-06 0 0 0 0 0 0 0 0 0 0 0 0 0 
1 0.800179 0.512605 0.210489 0.035631 0.00106503 8.75e-07 0 0 0 0 0 0 0 0 0 0 0 0 0 
1 0.799708 0.511452 0.209451 0.0352417 0.00103137 9.85e-07 0 0 0 0 0 0 0 0 0 0 0 0 0 
1 0.800144 0.512359 0.210102 0.0355789 0.00103387 2.525e-06 0 0 0 0 0 0 0 0 0 0 0 0 0 
1 0.799321 0.510668 0.20872 0.0350428 0.00100057 1.74e-06 0 0 0 0 0 0 0 0 0 0 0 0 0 
1 0.800745 0.513133 0.210874 0.0356697 0.00105163 1.0175e-06 0 0 0 0 0 0 0 0 0 0 0 0 0 
1 0.799882 0.512017 0.210081 0.0355206 0.00102307 9.1e-07 0 0 0 0 0 0 0 0 0 0 0 0 0 
1 0.80028 0.512595 0.210737 0.0357782 0.00106215 1.195e-06 0 0 0 0 0 0 0 0 0 0 0 0 0 
1 0.799432 0.511038 0.208887 0.0351152 0.00100586 8.65e-07 0 0 0 0 0 0 0 0 0 0 0 0 0 
1 0.800014 0.512297 0.210158 0.0355827 0.00104526 1.1275e-06 0 0 0 0 0 0 0 0 0 0 0 0 0 
1 0.800024 0.512155 0.210167 0.035505 0.00104829 1.1775e-06 0 0 0 0 0 0 0 0 0 0 0 0 0 
1 0.80069 0.513344 0.211196 0.0358566 0.00106389 1.3675e-06 0 0 0 0 0 0 0 0 0 0 0 0 0 
1 0.799637 0.511743 0.209919 0.0354555 0.00103702 1.005e-06 0 0 0 0 0 0 0 0 0 0 0 0 0 
1 0.80006 0.512282 0.210294 0.0356 0.0010298 1.58e-06 0 0 0 0 0 0 0 0 0 0 0 0 0 
1 0.799858 0.511853 0.209804 0.035322 0.00102053 1.83e-06 0 0 0 0 0 0 0 0 0 0 0 0 0 
1 0.799664 0.511358 0.209267 0.0351882 0.0010321 1.48e-06 0 0 0 0 0 0 0 0 0 0 0 0 0 
1 0.800319 0.512925 0.210679 0.0357778 0.00107428 2.485e-06 0 0 0 0 0 0 0 0 0 0 0 0 0 
1 0.799666 0.51162 0.209879 0.0356195 0.00105153 8.75e-07 0 0 0 0 0 0 0 0 0 0 0 0 0 
1 0.800122 0.512346 0.210162 0.0355749 0.00109483 1.565e-06 0 0 0 0 0 0 0 0 0 0 0 0 0 
1 0.799437 0.511039 0.209037 0.0351469 0.00103063 5.2e-07 0 0 0 0 0 0 0 0 0 0 0 0 0 
1 0.800848 0.513564 0.211523 0.0360568 0.00109159 1.86e-06 0 0 0 0 0 0 0 0 0 0 0 0 0 
1 0.799562 0.51149 0.209729 0.035322 0.00102587 1.435e-06 0 0 0 0 0 0 0 0 0 0 0 0 0 
1 0.800668 0.513388 0.211332 0.035921 0.00108261 1.56e-06 0 0 0 0 0 0 0 0 0 0 0 0 0 
1 0.799708 0.51172 0.209666 0.0353544 0.0010131 1.72e-06 0 0 0 0 0 0 0 0 0 0 0 0 0 
1 0.799715 0.511417 0.209177 0.035074 0.00101422 7.125e-07 0 0 0 0 0 0 0 0 0 0 0 0 0 
1 0.799792 0.511649 0.209518 0.0352454 0.00102573 8.775e-07 0 0 0 0 0 0 0 0 0 0 0 0 0 
1 0.800239 0.512403 0.21012 0.0354564 0.00102948 1.595e-06 0 0 0 0 0 0 0 0 0 0 0 0 0 
1 0.800101 0.51231 0.210139 0.0355773 0.00104537 1.165e-06 0 0 0 0 0 0 0 0 0 0 0 0 0 
1 0.800202 0.512536 0.210319 0.0356269 0.00105384 8.15e-07 0 0 0 0 0 0 0 0 0 0 0 0 0 
1 0.800196 0.51205 0.210206 0.0355926 0.00106009 1.5975e-06 0 0 0 0 0 0 0 0 0 0 0 0 0 
1 0.7995 0.511038 0.209034 0.0350226 0.00100964 9.4e-07 0 0 0 0 0 0 0 0 0 0 0 0 0 
1 0.800385 0.512705 0.210604 0.0357238 0.00103891 1.1425e-06 0 0 0 0 0 0 0 0 0 0 0 0 0 
1 0.800305 0.512831 0.210774 0.0356949 0.00107102 1.2725e-06 0 0 0 0 0 0 0 0 0 0 0 0 0 
1 0.800438 0.513126 0.211244 0.0360654 0.00108263 1.16e-06 0 0 0 0 0 0 0 0 0 0 0 0 0 
1 0.800097 0.511901 0.209616 0.0354043 0.0010459 1.6375e-06 0 0 0 0 0 0 0 0 0 0 0 0 0 
1 0.79927 0.510627 0.208503 0.0349345 0.00100775 8.225e-07 0 0 0 0 0 0 0 0 0 0 0 0 0 
1 0.800051 0.512376 0.210213 0.0355934 0.0010213 1.8175e-06 0 0 0 0 0 0 0 0 0 0 0 0 0 
1 0.799814 0.511701 0.209555 0.0352576 0.00103358 8.15e-07 0 0 0 0 0 0 0 0 0 0 0 0 0 
1 0.800094 0.512188 0.210344 0.0356418 0.00103811 1.49e-06 0 0 0 0 0 0 0 0 0 0 0 0 0 
1 0.800219 0.512459 0.210473 0.0356636 0.00105868 1.57e-06 0 0 0 0 0 0 0 0 0 0 0 0 0 
1 0.800139 0.512306 0.209971 0.0354231 0.00104463 1.405e-06 0 0 0 0 0 0 0 0 0 0 0 0 0 
1 0.799891 0.511751 0.209678 0.035385 0.00105174 1.2725e-06 0 0 0 0 0 0 0 0 0 0 0 0 0 
1 0.800044 0.511986 0.209946 0.0353749 0.00103748 1.6825e-06 0 0 0 0 0 0 0 0 0 0 0 0 0 
1 0.800081 0.511964 0.209564 0.0352912 0.00104563 1.1825e-06 0 0 0 0 0 0 0 0 0 0 0 0 0 
1 0.800142 0.512354 0.210226 0.0356591 0.00105458 1.6275e-06 0 0 0 0 0 0 0 0 0 0 0 0 0 
1 0.800084 0.51193 0.209736 0.0354995 0.00102803 8.075e-07 0 0 0 0 0 0 0 0 0 0 0 0 0 
1 0.799189 0.510781 0.208796 0.0351298 0.00100994 5.725e-07 0 0 0 0 0 0 0 0 0 0 0 0 0 
1 0.799697 0.51164 0.209771 0.035463 0.00102372 1.445e-06 0 0 0 0 0 0 0 0 0 0 0 0 0 
1 0.799354 0.511205 0.209252 0.0352159 0.00101721 2.4275e-06 0 0 0 0 0 0 0 0 0 0 0 0 0 
1 0.800194 0.512139 0.210319 0.0356528 0.00105612 9.35e-07 0 0 0 0 0 0 0 0 0 0 0 0 0 
1 0.800539 0.513018 0.210527 0.0354959 0.00105802 7.55e-07 0 0 0 0 0 0 0 0 0 0 0 0 0 
1 0.800204 0.51237 0.210144 0.0356821 0.00104536 1.7575e-06 0 0 0 0 0 0 0 0 0 0 0 0 0 
1 0.800299 0.512801 0.210565 0.0357405 0.00105901 9.425e-07 0 0 0 0 0 0 0 0 0 0 0 0 0 
1 0.799335 0.51092 0.208891 0.0350936 0.00102266 1.1375e-06 0 0 0 0 0 0 0 0 0 0 0 0 0 
1 0.799817 0.511645 0.209528 0.0353094 0.00102883 6.275e-07 0 0 0 0 0 0 0 0 0 0 0 0 0 
1 0.799899 0.511625 0.209502 0.035254 0.00104763 1.815e-06 0 0 0 0 0 0 0 0 0 0 0 0 0 
1 0.799954 0.512172 0.210113 0.0355819 0.00105258 9.15e-07 0 0 0 0 0 0 0 0 0 0 0 0 0 
1 0.800069 0.512502 0.210692 0.0357007 0.0010443 2.035e-06 0 0 0 0 0 0 0 0 0 0 0 0 0 
1 0.800133 0.512514 0.21074 0.0358852 0.00105066 2.105e-06 0 0 0 0 0 0 0 0 0 0 0 0 0 
1 0.800832 0.513939 0.211938 0.0363583 0.00110758 9e-07 0 0 0 0 0 0 0 0 0 0 0 0 0 
1 0.799944 0.51191 0.20975 0.0353346 0.00103655 2.205e-06 0 0 0 0 0 0 0 0 0 0 0 0 0 
1 0.800163 0.512341 0.210435 0.0356963 0.00105638 7.65e-07 0 0 0 0 0 0 0 0 0 0 0 0 0 
1 0.800857 0.513788 0.211625 0.0361134 0.00107264 8.15e-07 0 0 0 0 0 0 0 0 0 0 0 0 0 
1 0.800817 0.513805 0.211738 0.0362265 0.00108883 6.2e-07 0 0 0 0 0 0 0 0 0 0 0 0 0 
1 0.800321 0.512597 0.210535 0.0356905 0.00105345 8.15e-07 0 0 0 0 0 0 0 0 0 0 0 0 0 
1 0.800953 0.514065 0.211771 0.0361097 0.00109828 1.575e-06 0 0 0 0 0 0 0 0 0 0 0 0 0 
1 0.800058 0.512289 0.210332 0.035579 0.00103415 1.5375e-06 0 0 0 0 0 0 0 0 0 0 0 0 0 
1 0.799935 0.511866 0.209586 0.0355016 0.00104172 1.2525e-06 0 0 0 0 0 0 0 0 0 0 0 0 0 
1 0.799316 0.510694 0.20861 0.0350653 0.00101801 1.2525e-06 0 0 0 0 0 0 0 0 0 0 0 0 0 
1 0.800219 0.512755 0.210789 0.0358766 0.00103376 1.7625e-06 0 0 0 0 0 0 0 0 0 0 0 0 0 
1 0.800185 0.512465 0.210429 0.0357547 0.00108096 1.23e-06 0 0 0 0 0 0 0 0 0 0 0 0 0 
1 0.799585 0.511082 0.208976 0.035091 0.00102924 1.1275e-06 0 0 0 0 0 0 0 0 0 0 0 0 0 
1 0.800044 0.512683 0.210788 0.0356402 0.0010164 1.24e-06 0 0 0 0 0 0 0 0 0 0 0 0 0 
1 0.799462 0.510868 0.209021 0.035178 0.00101351 1.4275e-06 0 0 0 0 0 0 0 0 0 0 0 0 0 
1 0.800034 0.512305 0.210362 0.0356605 0.00106778 2.2025e-06 0 0 0 0 0 0 0 0 0 0 0 0 0 
1 0.799759 0.511701 0.209889 0.0355993 0.00105781 1.3375e-06 0 0 0 0 0 0 0 0 0 0 0 0 0 
1 0.799974 0.512043 0.210153 0.0355711 0.00104483 2.1275e-06 0 0 0 0 0 0 0 0 0 0 0 0 0 
1 0.799884 0.512186 0.210116 0.0354694 0.00102422 7.4e-07 0 0 0 0 0 0 0 0 0 0 0 0 0 
1 0.799854 0.511674 0.209629 0.0355069 0.00104914 1.2775e-06 0 0 0 0 0 0 0 0 0 0 0 0 0 
1 0.800543 0.512931 0.210828 0.0357594 0.00105451 2.675e-06 0 0 0 0 0 0 0 0 0 0 0 0 0 
1 0.800556 0.513252 0.211171 0.0358483 0.00105422 1.83e-06 0 0 0 0 0 0 0 0 0 0 0 0 0 
1 0.799247 0.510534 0.208681 0.0350806 0.00101343 1.3825e-06 0 0 0 0 0 0 0 0 0 0 0 0 0 
1 0.799995 0.512235 0.210218 0.0356204 0.00102385 9.825e-07 0 0 0 0 0 0 0 0 0 0 0 0 0 
1 0.80052 0.512904 0.210842 0.0358109 0.00107305 1.1625e-06 0 0 0 0 0 0 0 0 0 0 0 0 0 
1 0.800275 0.512896 0.210884 0.0358478 0.00106361 1.8925e-06 0 0 0 0 0 0 0 0 0 0 0 0 0 
1 0.799966 0.511927 0.209827 0.0353979 0.00100723 5.375e-07 0 0 0 0 0 0 0 0 0 0 0 0 0 
1 0.799974 0.512141 0.210061 0.0355413 0.00103427 1.2575e-06 0 0 0 0 0 0 0 0 0 0 0 0 0 
1 0.799872 0.511731 0.209722 0.0353177 0.0010314 1.1775e-06 0 0 0 0 0 0 0 0 0 0 0 0 0 
1 0.799972 0.512022 0.20995 0.035483 0.00103066 2.1425e-06 0 0 0 0 0 0 0 0 0 0 0 0 0 
1 0.80024 0.512391 0.210326 0.0357387 0.0010664 1.5425e-06 0 0 0 0 0 0 0 0 0 0 0 0 0 
1 0.799557 0.511043 0.208904 0.0351665 0.00101555 1.425e-06 0 0 0 0 0 0 0 0 0 0 0 0 0 
1 0.79948 0.510986 0.209057 0.0351392 0.00103981 1.76e-06 0 0 0 0 0 0 0 0 0 0 0 0 0 
1 0.799677 0.511204 0.209129 0.0352288 0.00102573 1.5775e-06 0 0 0 0 0 0 0 0 0 0 0 0 0 
1 0.800255 0.512469 0.210305 0.0355742 0.00105447 8.525e-07 0 0 0 0 0 0 0 0 0 0 0 0 0 
1 0.799289 0.510735 0.208728 0.03504 0.00104106 1.305e-06 0 0 0 0 0 0 0 0 0 0 0 0 0 
1 0.800455 0.513272 0.211118 0.0358799 0.0010812 1.415e-06 0 0 0 0 0 0 0 0 0 0 0 0 0 
1 0.799886 0.512207 0.210195 0.035545 0.00104682 1.0325e-06 0 0 0 0 0 0 0 0 0 0 0 0 0 
1 0.800676 0.513163 0.21121 0.0359474 0.0010723 9.025e-07 0 0 0 0 0 0 0 0 0 0 0 0 0 
1 0.80024 0.512696 0.210581 0.0356644 0.00105572 1.8175e-06 0 0 0 0 0 0 0 0 0 0 0 0 0 
1 0.800004 0.511729 0.209697 0.035424 0.00104489 1.685e-06 0 0 0 0 0 0 0 0 0 0 0 0 0 
1 0.79976 0.511791 0.209809 0.0354407 0.00103303 1.3825e-06 0 0 0 0 0 0 0 0 0 0 0 0 0 
1 0.80028 0.512939 0.210994 0.0357324 0.00106761 6.675e-07 0 0 0 0 0 0 0 0 0 0 0 0 0 
1 0.799893 0.511785 0.209571 0.0353048 0.00101343 1.985e-06 0 0 0 0 0 0 0 0 0 0 0 0 0 
1 0.800279 0.512563 0.210594 0.0357144 0.00105725 1.7225e-06 0 0 0 0 0 0 0 0 0 0 0 0 0 
1 0.800158 0.512366 0.210487 0.035838 0.00107916 1.175e-06 0 0 0 0 0 0 0 0 0 0 0 0 0 
1 0.799097 0.510438 0.20832 0.0349091 0.00101946 8.575e-07 0 0 0 0 0 0 0 0 0 0 0 0 0 
1 0.800505 0.513133 0.21111 0.0359196 0.0010625 9.975e-07 0 0 0 0 0 0 0 0 0 0 0 0 0 
1 0.79991 0.511765 0.209406 0.0352318 0.00100187 7.95e-07 0 0 0 0 0 0 0 0 0 0 0 0 0 
1 0.799668 0.511473 0.209174 0.0350768 0.00102234 6.95e-07 0 0 0 0 0 0 0 0 0 0 0 0 0 
1 0.800042 0.512488 0.210614 0.035794 0.00108073 1.26e-06 0 0 0 0 0 0 0 0 0 0 0 0 0 
1 0.799896 0.511811 0.209958 0.0355823 0.00105647 1.2025e-06 0 0 0 0 0 0 0 0 0 0 0 0 0 
1 0.800362 0.512913 0.210907 0.0357801 0.00106394 1.72e-06 0 0 0 0 0 0 0 0 0 0 0 0 0 
1 0.80043 0.512828 0.210815 0.0356843 0.00103099 1.35e-06 0 0 0 0 0 0 0 0 0 0 0 0 0 
1 0.799404 0.510753 0.208777 0.0350527 0.00101171 1.525e-06 0 0 0 0 0 0 0 0 0 0 0 0 0 
1 0.800175 0.512417 0.210229 0.0354205 0.00104879 1.115e-06 0 0 0 0 0 0 0 0 0 0 0 0 0 
1 0.800243 0.512724 0.210536 0.0356673 0.00104208 2.365e-06 0 0 0 0 0 0 0 0 0 0 0 0 0 
1 0.799988 0.512195 0.210123 0.0354956 0.0010328 1.7975e-06 0 0 0 0 0 0 0 0 0 0 0 0 0 
1 0.800302 0.513143 0.211183 0.0358263 0.00105833 1.03e-06 0 0 0 0 0 0 0 0 0 0 0 0 0 
1 0.800359 0.51251 0.210551 0.0357272 0.00104123 1.245e-06 0 0 0 0 0 0 0 0 0 0 0 0 0 
1 0.799952 0.512022 0.210047 0.0354697 0.00103458 2.4125e-06 0 0 0 0 0 0 0 0 0 0 0 0 0 
1 0.80023 0.512421 0.210464 0.0356689 0.00106774 1.31e-06 0 0 0 0 0 0 0 0 0 0 0 0 0 
1 0.800242 0.512857 0.210722 0.0357334 0.00107983 1.56e-06 0 0 0 0 0 0 0 0 0 0 0 0 0 
1 0.799769 0.511489 0.209264 0.0351566 0.00101276 1.1975e-06 0 0 0 0 0 0 0 0 0 0 0 0 0 
1 0.800258 0.512542 0.21049 0.0356804 0.00103266 1.9e-06 0 0 0 0 0 0 0 0 0 0 0 0 0 
1 0.800118 0.512233 0.210086 0.0355475 0.00106046 1.005e-06 0 0 0 0 0 0 0 0 0 0 0 0 0 
1 0.800151 0.511982 0.209924 0.0355872 0.00104238 2.0375e-06 0 0 0 0 0 0 0 0 0 0 0 0 0 
1 0.800158 0.512289 0.210133 0.0353776 0.00102726 9.825e-07 0 0 0 0 0 0 0 0 0 0 0 0 0 
1 0.800308 0.51298 0.210928 0.0358428 0.00104054 1.375e-06 0 0 0 0 0 0 0 0 0 0 0 0 0 
1 0.800511 0.513063 0.210922 0.0357372 0.00106463 5.9e-07 0 0 0 0 0 0 0 0 0 0 0 0 0 
1 0.800096 0.512359 0.210372 0.0355615 0.00105957 1.4025e-06 0 0 0 0 0 0 0 0 0 0 0 0 0 
1 0.800345 0.512747 0.210516 0.0356858 0.0010804 1.4475e-06 0 0 0 0 0 0 0 0 0 0 0 0 0 
1 0.80034 0.512625 0.210766 0.0357141 0.0010646 1.1875e-06 0 0 0 0 0 0 0 0 0 0 0 0 0 
1 0.799507 0.511256 0.20913 0.0351484 0.000993255 1.555e-06 0 0 0 0 0 0 0 0 0 0 0 0 0 
1 0.799921 0.512241 0.21061 0.0357264 0.00106164 1.0275e-06 5.5e-08 0 0 0 0 0 0 0 0 0 0 0 0 
1 0.799669 0.511303 0.209062 0.0351055 0.00102865 1.78e-06 0 0 0 0 0 0 0 0 0 0 0 0 0 
1 0.80009 0.512414 0.210437 0.0357063 0.00109694 8.4e-07 0 0 0 0 0 0 0 0 0 0 0 0 0 
1 0.799096 0.509901 0.207687 0.0346041 0.00100824 6.475e-07 0 0 0 0 0 0 0 0 0 0 0 0 0 
1 0.799895 0.51197 0.209742 0.0352856 0.00103955 1.69e-06 0 0 0 0 0 0 0 0 0 0 0 0 0 
1 0.799911 0.511981 0.209921 0.0355035 0.00104128 1.35e-06 0 0 0 0 0 0 0 0 0 0 0 0 0 
1 0.799831 0.511608 0.209326 0.0352606 0.00102847 1.1025e-06 0 0 0 0 0 0 0 0 0 0 0 0 0 
1 0.799509 0.510972 0.20917 0.0352925 0.00102678 7.775e-07 0 0 0 0 0 0 0 0 0 0 0 0 0 
1 0.799808 0.511775 0.20964 0.035363 0.00102365 1.085e-06 0 0 0 0 0 0 0 0 0 0 0 0 0 
1 0.800111 0.512318 0.210016 0.0353792 0.00102006 1.44e-06 0 0 0 0 0 0 0 0 0 0 0 0 0 
1 0.800235 0.512336 0.210243 0.0355221 0.00103242 8.3e-07 0 0 0 0 0 0 0 0 0 0 0 0 0 
1 0.800548 0.513325 0.211232 0.0359144 0.00108212 1.0225e-06 0 0 0 0 0 0 0 0 0 0 0 0 0 
1 0.799826 0.511424 0.209543 0.0353178 0.00102631 1.605e-06 0 0 0 0 0 0 0 0 0 0 0 0 0 
1 0.800252 0.512808 0.210693 0.0358315 0.00106292 2.105e-06 0 0 0 0 0 0 0 0 0 0 0 0 0 
1 0.800528 0.513175 0.210822 0.0357842 0.00104307 7.425e-07 0 0 0 0 0 0 0 0 0 0 0 0 0 
1 0.800449 0.51274 0.210634 0.0356433 0.00104404 2.915e-06 0 0 0 0 0 0 0 0 0 0 0 0 0 
1 0.799488 0.511368 0.209344 0.035264 0.00103104 7.625e-07 0 0 0 0 0 0 0 0 0 0 0 0 0 
1 0.799535 0.511159 0.209256 0.0351634 0.00100661 2.2575e-06 0 0 0 0 0 0 0 0 0 0 0 0 0 
1 0.799624 0.511654 0.20979 0.0354531 0.0010494 1.1625e-06 0 0 0 0 0 0 0 0 0 0 0 0 0 
1 0.800236 0.512654 0.210539 0.035627 0.00105763 1.5725e-06 0 0 0 0 0 0 0 0 0 0 0 0 0 
1 0.799878 0.512017 0.210101 0.0355159 0.0010325 1.4525e-06 0 0 0 0 0 0 0 0 0 0 0 0 0 
1 0.799767 0.511677 0.209757 0.0353576 0.00102827 1.1075e-06 0 0 0 0 0 0 0 0 0 0 0 0 0 
1 0.800365 0.513197 0.21141 0.0358924 0.00107412 1.8225e-06 0 0 0 0 0 0 0 0 0 0 0 0 0 
1 0.799387 0.510782 0.208764 0.0349091 0.000978067 1.35e-06 0 0 0 0 0 0 0 0 0 0 0 0 0 
1 0.800118 0.512228 0.209966 0.0354187 0.00105695 9.25e-07 0 0 0 0 0 0 0 0 0 0 0 0 0 
1 0.800055 0.511947 0.209905 0.0355036 0.00104002 1.33e-06 0 0 0 0 0 0 0 0 0 0 0 0 0 
1 0.79992 0.511748 0.209649 0.0354946 0.00106041 2.025e-06 0 0 0 0 0 0 0 0 0 0 0 0 0 
1 0.798978 0.509836 0.207994 0.0346868 0.000990377 2.115e-06 0 0 0 0 0 0 0 0 0 0 0 0 0 
1 0.799401 0.510894 0.209045 0.0352381 0.00101928 1.5575e-06 0 0 0 0 0 0 0 0 0 0 0 0 0 
1 0.800497 0.512777 0.210466 0.0357428 0.00105057 1.3375e-06 0 0 0 0 0 0 0 0 0 0 0 0 0 
1 0.799994 0.512022 0.20998 0.0354294 0.00102804 1.9775e-06 0 0 0 0 0 0 0 0 0 0 0 0 0 
1 0.80045 0.512942 0.210887 0.0357586 0.00105031 1.93e-06 0 0 0 0 0 0 0 0 0 0 0 0 0 
1 0.799831 0.511556 0.209398 0.0354474 0.00104692 1.1175e-06 0 0 0 0 0 0 0 0 0 0 0 0 0 
1 0.800164 0.512422 0.210504 0.0356163 0.00103333 7.325e-07 0 0 0 0 0 0 0 0 0 0 0 0 0 
1 0.79989 0.511812 0.209695 0.035327 0.00102193 3.975e-07 0 0 0 0 0 0 0 0 0 0 0 0 0 
1 0.799667 0.511509 0.209689 0.035422 0.0010316 1.26e-06 0 0 0 0 0 0 0 0 0 0 0 0 0 
1 0.800409 0.512769 0.210592 0.035757 0.00105589 1.515e-06 0 0 0 0 0 0 0 0 0 0 0 0 0 
1 0.800308 0.51254 0.210435 0.0356003 0.0010539 1.8325e-06 0 0 0 0 0 0 0 0 0 0 0 0 0 
1 0.799874 0.511598 0.209687 0.0353536 0.00105294 1.225e-06 0 0 0 0 0 0 0 0 0 0 0 0 0 
1 0.80037 0.51264 0.210278 0.0355723 0.00105611 1.8075e-06 0 0 0 0 0 0 0 0 0 0 0 0 0 
1 0.79981 0.511567 0.20955 0.0352227 0.00101839 1.02e-06 0 0 0 0 0 0 0 0 0 0 0 0 0 
1 0.799819 0.511702 0.209486 0.0352209 0.00104946 2.15e-06 0 0 0 0 0 0 0 0 0 0 0 0 0 
1 0.799682 0.511454 0.209393 0.0352132 0.00103721 1.2375e-06 0 0 0 0 0 0 0 0 0 0 0 0 0 
1 0.800504 0.512917 0.210631 0.0359081 0.00108203 1.71e-06 0 0 0 0 0 0 0 0 0 0 0 0 0 
1 0.799523 0.51136 0.209498 0.0353628 0.00103857 7.8e-07 0 0 0 0 0 0 0 0 0 0 0 0 0 
1 0.800148 0.512342 0.2105 0.0357345 0.00105037 1.05e-06 0 0 0 0 0 0 0 0 0 0 0 0 0 
1 0.799966 0.511737 0.209585 0.0351944 0.00101865 1.59e-06 0 0 0 0 0 0 0 0 0 0 0 0 0 
1 0.79996 0.512179 0.210036 0.0354883 0.00103083 9.875e-07 0 0 0 0 0 0 0 0 0 0 0 0 0 
1 0.799433 0.511075 0.209001 0.0350556 0.00100594 1.2225e-06 0 0 0 0 0 0 0 0 0 0 0 0 0 
1 0.800033 0.511756 0.209563 0.0352834 0.00104174 5.65e-07 0 0 0 0 0 0 0 0 0 0 0 0 0 
1 0.800062 0.512436 0.210138 0.0355201 0.00103158 1.7725e-06 0 0 0 0 0 0 0 0 0 0 0 0 0 
1 0.800397 0.51293 0.210795 0.0357505 0.0010591 1.475e-06 0 0 0 0 0 0 0 0 0 0 0 0 0 
1 0.799679 0.511441 0.209707 0.0354798 0.0010648 1.3975e-06 0 0 0 0 0 0 0 0 0 0 0 0 0 
1 0.800179 0.512622 0.210506 0.035688 0.00106612 1.5375e-06 0 0 0 0 0 0 0 0 0 0 0 0 0 
1 0.799572 0.511519 0.209796 0.0354541 0.00106491 2.7575e-06 0 0 0 0 0 0 0 0 0 0 0 0 0 
1 0.801093 0.513944 0.211891 0.0362944 0.00107357 1.345e-06 0 0 0 0 0 0 0 0 0 0 0 0 0 
1 0.799504 0.511169 0.209157 0.0350027 0.00100794 2.1125e-06 0 0 0 0 0 0 0 0 0 0 0 0 0 
1 0.79988 0.511887 0.209718 0.0353557 0.00103303 1.3925e-06 0 0 0 0 0 0 0 0 0 0 0 0 0 
1 0.799692 0.511253 0.209135 0.0351819 0.00103553 1.68e-06 0 0 0 0 0 0 0 0 0 0 0 0 0 
1 0.800002 0.512019 0.210129 0.0355646 0.0010325 5e-07 0 0 0 0 0 0 0 0 0 0 0 0 0 
1 0.800158 0.512256 0.209804 0.0354025 0.00103946 1.7075e-06 0 0 0 0 0 0 0 0 0 0 0 0 0 
1 0.800177 0.512437 0.210073 0.0355169 0.0010537 1.75e-06 0 0 0 0 0 0 0 0 0 0 0 0 0 
1 0.800418 0.512875 0.210734 0.0355935 0.00106793 1.4025e-06 0 0 0 0 0 0 0 0 0 0 0 0 0 
1 0.800548 0.513446 0.21148 0.0360084 0.00106611 1.7175e-06 0 0 0 0 0 0 0 0 0 0 0 0 0 
1 0.799608 0.511524 0.209518 0.0352862 0.00101483 1.665e-06 0 0 0 0 0 0 0 0 0 0 0 0 0 
1 0.799693 0.511456 0.20934 0.0353568 0.00104813 2.04e-06 0 0 0 0 0 0 0 0 0 0 0 0 0 
1 0.8001 0.5125 0.210256 0.0356196 0.00105818 2.0575e-06 0 0 0 0 0 0 0 0 0 0 0 0 0 
1 0.800407 0.512871 0.210896 0.0358748 0.00108256 1.505e-06 0 0 0 0 0 0 0 0 0 0 0 0 0 
1 0.800298 0.512642 0.210659 0.0356492 0.00103145 1.5625e-06 0 0 0 0 0 0 0 0 0 0 0 0 0 
1 0.799538 0.510887 0.208848 0.0350429 0.00101823 1.3525e-06 0 0 0 0 0 0 0 0 0 0 0 0 0 
1 0.799753 0.511581 0.20978 0.0353672 0.00102567 8.5e-07 0 0 0 0 0 0 0 0 0 0 0 0 0 
1 0.800275 0.512852 0.210638 0.0357161 0.00104598 1.835e-06 0 0 0 0 0 0 0 0 0 0 0 0 0 
1 0.800013 0.512246 0.210011 0.0355495 0.00104331 1.8075e-06 0 0 0 0 0 0 0 0 0 0 0 0 0 
1 0.799886 0.511778 0.209638 0.0353608 0.00104198 1.1225e-06 0 0 0 0 0 0 0 0 0 0 0 0 0 
1 0.799901 0.511652 0.209483 0.0352893 0.0010325 1.11e-06 0 0 0 0 0 0 0 0 0 0 0 0 0 
1 0.799892 0.511757 0.209517 0.0354883 0.00104116 1.05e-06 0 0 0 0 0 0 0 0 0 0 0 0 0 
1 0.799823 0.511766 0.209606 0.0353311 0.00103213 1.2225e-06 0 0 0 0 0 0 0 0 0 0 0 0 0 
1 0.799974 0.511964 0.209872 0.0354152 0.00102884 6.275e-07 0 0 0 0 0 0 0 0 0 0 0 0 0 
1 0.800363 0.512891 0.210435 0.0357387 0.00105249 2.11e-06 0 0 0 0 0 0 0 0 0 0 0 0 0 
1 0.799415 0.510987 0.208758 0.0349775 0.00101106 1.695e-06 0 0 0 0 0 0 0 0 0 0 0 0 0 
1 0.799694 0.511434 0.209128 0.0350442 0.00104443 1.2325e-06 0 0 0 0 0 0 0 0 0 0 0 0 0 
1 0.800387 0.512895 0.210601 0.0355818 0.00106751 1.6275e-06 0 0 0 0 0 0 0 0 0 0 0 0 0 
1 0.800615 0.51303 0.210804 0.0358944 0.00106527 8.175e-07 0 0 0 0 0 0 0 0 0 0 0 0 0 
1 0.799467 0.511111 0.209369 0.0352277 0.00101068 1.96e-06 0 0 0 0 0 0 0 0 0 0 0 0 0 
1 0.799757 0.511263 0.209116 0.0350326 0.00104922 1.7075e-06 0 0 0 0 0 0 0 0 0 0 0 0 0 
1 0.799761 0.511624 0.209863 0.0356099 0.00106785 2.4525e-06 0 0 0 0 0 0 0 0 0 0 0 0 0 
1 0.799673 0.511384 0.209649 0.0354943 0.00105261 9.15e-07 0 0 0 0 0 0 0 0 0 0 0 0 0 
1 0.800748 0.513848 0.211929 0.0361983 0.00106018 9.025e-07 0 0 0 0 0 0 0 0 0 0 0 0 0 
1 0.799996 0.511985 0.210016 0.0354668 0.00104656 1.9875e-06 0 0 0 0 0 0 0 0 0 0 0 0 0 
1 0.799516 0.511263 0.209203 0.0351636 0.0010338 3.4e-07 0 0 0 0 0 0 0 0 0 0 0 0 0 
1 0.79982 0.511579 0.209579 0.0354593 0.00104483 1.345e-06 0 0 0 0 0 0 0 0 0 0 0 0 0 
1 0.799635 0.511081 0.208771 0.035068 0.00101829 1.1675e-06 0 0 0 0 0 0 0 0 0 0 0 0 0 
1 0.800362 0.513252 0.211222 0.0359079 0.00106056 1.7975e-06 0 0 0 0 0 0 0 0 0 0 0 0 0 
1 0.799919 0.512191 0.210311 0.0356646 0.00106418 1.265e-06 0 0 0 0 0 0 0 0 0 0 0 0 0 
1 0.799563 0.510963 0.208695 0.0350144 0.00102817 1.1675e-06 0 0 0 0 0 0 0 0 0 0 0 0 0 
1 0.80014 0.512084 0.209845 0.0354566 0.00103551 1.2775e-06 0 0 0 0 0 0 0 0 0 0 0 0 0 
1 0.799778 0.511782 0.209886 0.0354223 0.00101284 9.975e-07 0 0 0 0 0 0 0 0 0 0 0 0 0 
1 0.799415 0.511219 0.209442 0.0353426 0.00104444 2.415e-06 0 0 0 0 0 0 0 0 0 0 0 0 0 
1 0.799775 0.51156 0.209635 0.0353053 0.001048 1.45e-06 0 0 0 0 0 0 0 0 0 0 0 0 0 
1 0.799721 0.511741 0.209681 0.0354259 0.00106046 8e-07 0 0 0 0 0 0 0 0 0 0 0 0 0 
1 0.799987 0.511928 0.209802 0.0355243 0.00105026 1.65e-06 0 0 0 0 0 0 0 0 0 0 0 0 0 
1 0.79984 0.511651 0.209515 0.0353756 0.00104331 1.8425e-06 0 0 0 0 0 0 0 0 0 0 0 0 0 
1 0.800169 0.512495 0.210614 0.0357948 0.0010509 1.435e-06 0 0 0 0 0 0 0 0 0 0 0 0 0 
1 0.800052 0.511992 0.209789 0.0353118 0.00104 8.175e-07 0 0 0 0 0 0 0 0 0 0 0 0 0 
1 0.799844 0.511565 0.209255 0.0351839 0.00102845 1.915e-06 0 0 0 0 0 0 0 0 0 0 0 0 0 
1 0.799593 0.511252 0.209309 0.0351845 0.00101935 1.28e-06 0 0 0 0 0 0 0 0 0 0 0 0 0 
1 0.800233 0.512491 0.210616 0.0357385 0.00106194 1.39e-06 0 0 0 0 0 0 0 0 0 0 0 0 0 
1 0.799818 0.511744 0.209912 0.0355319 0.00104506 9.175e-07 0 0 0 0 0 0 0 0 0 0 0 0 0 
1 0.799078 0.510207 0.208205 0.0348071 0.00100836 1.3725e-06 0 0 0 0 0 0 0 0 0 0 0 0 0 
1 0.799809 0.511884 0.210054 0.0355417 0.00103712 7.075e-07 0 0 0 0 0 0 0 0 0 0 0 0 0 
1 0.800834 0.513788 0.211612 0.0360498 0.00109658 1.6825e-06 0 0 0 0 0 0 0 0 0 0 0 0 0 
1 0.800313 0.512683 0.210511 0.0356088 0.00103018 1.2425e-06 0 0 0 0 0 0 0 0 0 0 0 0 0 
1 0.800292 0.512886 0.210825 0.0358692 0.00106878 1.555e-06 0 0 0 0 0 0 0 0 0 0 0 0 0 
1 0.800565 0.513093 0.211173 0.0359553 0.00107458 1.74e-06 0 0 0 0 0 0 0 0 0 0 0 0 0 
1 0.800634 0.513415 0.211181 0.0359054 0.00104512 1.1325e-06 0 0 0 0 0 0 0 0 0 0 0 0 0 
1 0.799722 0.511295 0.208877 0.0350913 0.0010363 1.305e-06 0 0 0 0 0 0 0 0 0 0 0 0 0 
1 0.800318 0.512853 0.210617 0.0356501 0.00102149 9.425e-07 0 0 0 0 0 0 0 0 0 0 0 0 0 
1 0.800077 0.512323 0.210008 0.035417 0.00100754 1.03e-06 0 0 0 0 0 0 0 0 0 0 0 0 0 
1 0.800163 0.512087 0.209852 0.0353355 0.00102395 1.3225e-06 0 0 0 0 0 0 0 0 0 0 0 0 0 
1 0.799578 0.510961 0.20863 0.0350042 0.00101605 1.24e-06 0 0 0 0 0 0 0 0 0 0 0 0 0 
1 0.799634 0.511322 0.209385 0.0353014 0.00104021 9.025e-07 0 0 0 0 0 0 0 0 0 0 0 0 0 
1 0.799869 0.511877 0.210052 0.035538 0.00103663 1.37e-06 0 0 0 0 0 0 0 0 0 0 0 0 0 
1 0.800219 0.512282 0.209902 0.0354186 0.00101764 1.1725e-06 0 0 0 0 0 0 0 0 0 0 0 0 0 
1 0.799589 0.511223 0.209442 0.0353055 0.00104237 1.7875e-06 0 0 0 0 0 0 0 0 0 0 0 0 0 
1 0.799976 0.511815 0.209992 0.03539 0.00103234 1.2775e-06 0 0 0 0 0 0 0 0 0 0 0 0 0 
1 0.799358 0.510931 0.208871 0.0351641 0.0010288 7.525e-07 0 0 0 0 0 0 0 0 0 0 0 0 0 
1 0.800348 0.512756 0.210659 0.0358074 0.00107786 1.465e-06 0 0 0 0 0 0 0 0 0 0 0 0 0 
1 0.799683 0.511587 0.209348 0.0351957 0.00100465 2.9525e-06 0 0 0 0 0 0 0 0 0 0 0 0 0 
1 0.80084 0.513613 0.211678 0.0361108 0.00106398 1.565e-06 0 0 0 0 0 0 0 0 0 0 0 0 0 
1 0.799676 0.511623 0.209713 0.0353443 0.00104171 2.055e-06 0 0 0 0 0 0 0 0 0 0 0 0 0 
1 0.799872 0.511634 0.209626 0.0353142 0.00101725 1.6325e-06 0 0 0 0 0 0 0 0 0 0 0 0 0 
1 0.800162 0.512233 0.209848 0.0354505 0.000997555 2.295e-06 0 0 0 0 0 0 0 0 0 0 0 0 0 
1 0.79968 0.51139 0.209443 0.0352976 0.0010637 1.0225e-06 0 0 0 0 0 0 0 0 0 0 0 0 0 
1 0.800238 0.512648 0.21046 0.0356787 0.00105822 1.3875e-06 0 0 0 0 0 0 0 0 0 0 0 0 0 
1 0.800565 0.513197 0.2112 0.035853 0.00106208 8.55e-07 0 0 0 0 0 0 0 0 0 0 0 0 0 
1 0.800517 0.5129 0.210773 0.0357391 0.00106132 6.625e-07 0 0 0 0 0 0 0 0 0 0 0 0 0 
1 0.801099 0.514312 0.212154 0.0363054 0.0011167 8.6e-07 0 0 0 0 0 0 0 0 0 0 0 0 0 
1 0.799937 0.511889 0.209548 0.0352159 0.00104668 1.0275e-06 0 0 0 0 0 0 0 0 0 0 0 0 0 
1 0.800467 0.512893 0.210435 0.0355966 0.00104226 1.6875e-06 0 0 0 0 0 0 0 0 0 0 0 0 0 
1 0.800111 0.512207 0.209985 0.0355464 0.00101166 9.375e-07 0 0 0 0 0 0 0 0 0 0 0 0 0 
1 0.799767 0.511951 0.210179 0.035656 0.00106237 2.985e-06 0 0 0 0 0 0 0 0 0 0 0 0 0 
1 0.800208 0.51234 0.209757 0.0351962 0.00102917 2.2825e-06 0 0 0 0 0 0 0 0 0 0 0 0 0 
1 0.80033 0.512767 0.210664 0.0357121 0.00108001 2.0125e-06 0 0 0 0 0 0 0 0 0 0 0 0 0 
1 0.799409 0.511128 0.209607 0.0353508 0.0010249 1.3675e-06 0 0 0 0 0 0 0 0 0 0 0 0 0 
1 0.800972 0.513756 0.211563 0.0360643 0.00105396 1.13e-06 0 0 0 0 0 0 0 0 0 0 0 0 0 
1 0.799988 0.512264 0.210296 0.0355701 0.00106044 1.7375e-06 0 0 0 0 0 0 0 0 0 0 0 0 0 
1 0.799299 0.510521 0.208639 0.0350529 0.00103053 5.2e-07 0 0 0 0 0 0 0 0 0 0 0 0 0 
1 0.799747 0.511575 0.209388 0.0352855 0.0010375 7.925e-07 0 0 0 0 0 0 0 0 0 0 0 0 0 
1 0.799842 0.511569 0.209511 0.0353495 0.00100825 1.84e-06 0 0 0 0 0 0 0 0 0 0 0 0 0 
1 0.799629 0.511358 0.209312 0.0352253 0.00101254 1.595e-06 0 0 0 0 0 0 0 0 0 0 0 0 0 
1 0.799804 0.511415 0.209143 0.0351715 0.00104811 1.6975e-06 0 0 0 0 0 0 0 0 0 0 0 0 0 
1 0.800019 0.512184 0.210201 0.0356881 0.00102896 1.72e-06 0 0 0 0 0 0 0 0 0 0 0 0 0 
1 0.80012 0.512331 0.209963 0.0354204 0.0010564 1.0875e-06 0 0 0 0 0 0 0 0 0 0 0 0 0 
1 0.799874 0.511661 0.209637 0.035318 0.00104841 1.19e-06 0 0 0 0 0 0 0 0 0 0 0 0 0 
1 0.800321 0.512483 0.209943 0.0354496 0.00104895 1.9325e-06 0 0 0 0 0 0 0 0 0 0 0 0 0 
1 0.800243 0.512592 0.210443 0.0356514 0.00106369 1.7075e-06 0 0 0 0 0 0 0 0 0 0 0 0 0 
1 0.800129 0.512459 0.21025 0.0354792 0.00103805 1.4725e-06 0 0 0 0 0 0 0 0 0 0 0 0 0 
1 0.800312 0.512506 0.210196 0.0354548 0.00103527 8.1e-07 0 0 0 0 0 0 0 0 0 0 0 0 0 
1 0.799615 0.511348 0.209394 0.0352586 0.0010574 1.1325e-06 0 0 0 0 0 0 0 0 0 0 0 0 0 
1 0.800011 0.511934 0.20994 0.0355476 0.00102667 7.625e-07 0 0 0 0 0 0 0 0 0 0 0 0 0 
1 0.799587 0.511266 0.209135 0.0351248 0.00102557 2.5925e-06 0 0 0 0 0 0 0 0 0 0 0 0 0 
1 0.8006 0.513132 0.210903 0.0358363 0.00108535 2.36e-06 0 0 0 0 0 0 0 0 0 0 0 0 0 
1 0.799495 0.511156 0.209064 0.035062 0.00100613 9.725e-07 0 0 0 0 0 0 0 0 0 0 0 0 0 
1 0.800473 0.513152 0.210974 0.0359278 0.00106949 2.2025e-06 0 0 0 0 0 0 0 0 0 0 0 0 0 
1 0.800427 0.512793 0.210825 0.0358099 0.0010727 1.165e-06 0 0 0 0 0 0 0 0 0 0 0 0 0 
1 0.800249 0.512775 0.210484 0.0356447 0.001052 9.375e-07 0 0 0 0 0 0 0 0 0 0 0 0 0 
1 0.800022 0.512115 0.210013 0.0354334 0.00102315 1.71e-06 0 0 0 0 0 0 0 0 0 0 0 0 0 
1 0.799822 0.511534 0.209387 0.0351856 0.00104333 7.475e-07 0 0 0 0 0 0 0 0 0 0 0 0 0 
1 0.799806 0.51146 0.209368 0.0352385 0.00103925 1.295e-06 0 0 0 0 0 0 0 0 0 0 0 0 0 
1 0.800022 0.51261 0.210735 0.0356975 0.00106728 2.025e-06 0 0 0 0 0 0 0 0 0 0 0 0 0 
1 0.800594 0.513185 0.211093 0.035929 0.00106507 4.8e-07 0 0 0 0 0 0 0 0 0 0 0 0 0 
1 0.799929 0.512002 0.209517 0.0353085 0.00104579 5.825e-07 0 0 0 0 0 0 0 0 0 0 0 0 0 
1 0.800526 0.513047 0.210908 0.0359035 0.0010558 6.925e-07 0 0 0 0 0 0 0 0 0 0 0 0 0 
1 0.800638 0.513006 0.2109 0.0357246 0.00104763 1.515e-06 0 0 0 0 0 0 0 0 0 0 0 0 0 
1 0.799892 0.511716 0.209451 0.0353318 0.0010492 1.89e-06 0 0 0 0 0 0 0 0 0 0 0 0 0 
1 0.799789 0.511796 0.209882 0.0355851 0.00104088 1.535e-06 0 0 0 0 0 0 0 0 0 0 0 0 0 
1 0.799929 0.511985 0.210006 0.0355567 0.0010496 1.265e-06 0 0 0 0 0 0 0 0 0 0 0 0 0 
1 0.800038 0.512346 0.21009 0.0355206 0.00104582 1.6925e-06 0 0 0 0 0 0 0 0 0 0 0 0 0 
1 0.800384 0.512781 0.210724 0.0356268 0.00103327 2.8e-06 0 0 0 0 0 0 0 0 0 0 0 0 0 
1 0.800072 0.512285 0.210072 0.0354656 0.0010319 1.175e-06 0 0 0 0 0 0 0 0 0 0 0 0 0 
1 0.800064 0.51197 0.209694 0.0352898 0.00104126 2.42e-06 0 0 0 0 0 0 0 0 0 0 0 0 0 
1 0.800668 0.513305 0.210965 0.0358011 0.00106064 1.41e-06 0 0 0 0 0 0 0 0 0 0 0 0 0 
1 0.799478 0.511135 0.208798 0.0350473 0.00102168 1.215e-06 0 0 0 0 0 0 0 0 0 0 0 0 0 
1 0.798867 0.510054 0.208359 0.0349168 0.00101496 7.1e-07 0 0 0 0 0 0 0 0 0 0 0 0 0 
1 0.799889 0.511795 0.20949 0.0353346 0.00103506 2.285e-06 0 0 0 0 0 0 0 0 0 0 0 0 0 
1 0.799835 0.512254 0.210337 0.0356469 0.0010366 1.3025e-06 0 0 0 0 0 0 0 0 0 0 0 0 0 
1 0.799834 0.511857 0.209564 0.0354337 0.00102087 9.3e-07 0 0 0 0 0 0 0 0 0 0 0 0 0 
1 0.801047 0.514099 0.21189 0.0361077 0.00105718 9.6e-07 0 0 0 0 0 0 0 0 0 0 0 0 0 
1 0.800295 0.512696 0.210645 0.0356785 0.00105802 1.7875e-06 0 0 0 0 0 0 0 0 0 0 0 0 0 
1 0.799642 0.511343 0.209178 0.0352259 0.00103381 1.355e-06 0 0 0 0 0 0 0 0 0 0 0 0 0 
1 0.799099 0.510451 0.20836 0.0349028 0.000997927 9.125e-07 0 0 0 0 0 0 0 0 0 0 0 0 0 
1 0.799866 0.511659 0.209688 0.0354299 0.00104665 1.4975e-06 0 0 0 0 0 0 0 0 0 0 0 0 0 
1 0.800102 0.512424 0.210358 0.0356379 0.00103108 1.565e-06 0 0 0 0 0 0 0 0 0 0 0 0 0 
1 0.799014 0.510122 0.208229 0.0349505 0.000984597 1.0725e-06 0 0 0 0 0 0 0 0 0 0 0 0 0 
1 0.800144 0.512343 0.210327 0.0355823 0.0010371 1.31e-06 0 0 0 0 0 0 0 0 0 0 0 0 0 
1 0.799338 0.511001 0.209178 0.0352133 0.00103233 1.635e-06 0 0 0 0 0 0 0 0 0 0 0 0 0 
1 0.799564 0.51118 0.208883 0.0349953 0.00101032 1.05e-06 0 0 0 0 0 0 0 0 0 0 0 0 0 
1 0.799542 0.511438 0.20944 0.0352509 0.00102867 1.4975e-06 0 0 0 0 0 0 0 0 0 0 0 0 0 
1 0.799783 0.511699 0.209528 0.0352733 0.00102626 1.99e-06 0 0 0 0 0 0 0 0 0 0 0 0 0 
1 0.800563 0.513066 0.211017 0.0357033 0.00105452 1.9875e-06 0 0 0 0 0 0 0 0 0 0 0 0 0 
1 0.799379 0.510742 0.208889 0.0351268 0.00101371 8.425e-07 0 0 0 0 0 0 0 0 0 0 0 0 0 
1 0.800166 0.51266 0.210789 0.0356851 0.00103253 1.365e-06 0 0 0 0 0 0 0 0 0 0 0 0 0 
1 0.79979 0.511523 0.209583 0.0353681 0.00104601 1.47e-06 0 0 0 0 0 0 0 0 0 0 0 0 0 
1 0.79954 0.511214 0.209114 0.0352172 0.00103382 1.155e-06 0 0 0 0 0 0 0 0 0 0 0 0 0 
1 0.800272 0.512466 0.210335 0.03566 0.00105868 2.73e-06 0 0 0 0 0 0 0 0 0 0 0 0 0 
1 0.799838 0.511823 0.209627 0.0352923 0.000999317 8.55e-07 0 0 0 0 0 0 0 0 0 0 0 0 0 
1 0.800222 0.512786 0.21091 0.0360387 0.00109276 1.1575e-06 0 0 0 0 0 0 0 0 0 0 0 0 0 
1 0.799761 0.511307 0.209073 0.0352164 0.00100865 1.05e-06 0 0 0 0 0 0 0 0 0 0 0 0 0 
1 0.800112 0.512498 0.210581 0.0356773 0.00107081 1.6675e-06 0 0 0 0 0 0 0 0 0 0 0 0 0 
1 0.800079 0.512248 0.209968 0.0353562 0.00102579 8.2e-07 0 0 0 0 0 0 0 0 0 0 0 0 0 
1 0.799979 0.512026 0.210216 0.035631 0.00105842 5.9e-07 0 0 0 0 0 0 0 0 0 0 0 0 0 
1 0.800154 0.512463 0.210532 0.0357275 0.00108789 1.46e-06 0 0 0 0 0 0 0 0 0 0 0 0 0 
1 0.800372 0.512909 0.210844 0.0357548 0.0010325 2.2525e-06 0 0 0 0 0 0 0 0 0 0 0 0 0 
1 0.800594 0.513433 0.211411 0.0360328 0.00106 1.1825e-06 0 0 0 0 0 0 0 0 0 0 0 0 0 
1 0.799785 0.511295 0.209097 0.0352098 0.00103806 1.5125e-06 0 0 0 0 0 0 0 0 0 0 0 0 0 
1 0.800112 0.512373 0.210353 0.0356514 0.00103789 6.5e-07 0 0 0 0 0 0 0 0 0 0 0 0 0 
1 0.800012 0.512107 0.210083 0.0354984 0.00104974 7.6e-07 0 0 0 0 0 0 0 0 0 0 0 0 0 
1 0.800252 0.512512 0.210364 0.0355546 0.00105085 1.165e-06 0 0 0 0 0 0 0 0 0 0 0 0 0 
1 0.800151 0.512413 0.210054 0.0354144 0.00102968 2.265e-06 0 0 0 0 0 0 0 0 0 0 0 0 0 
1 0.799838 0.511456 0.209676 0.0354008 0.00103712 1.795e-06 0 0 0 0 0 0 0 0 0 0 0 0 0 
1 0.799388 0.510853 0.208727 0.0350624 0.00102747 1.7e-06 0 0 0 0 0 0 0 0 0 0 0 0 0 
1 0.799942 0.512056 0.210073 0.0355727 0.00106547 1.9075e-06 0 0 0 0 0 0 0 0 0 0 0 0 0 
1 0.799617 0.511708 0.209776 0.0354892 0.00105174 1.3425e-06 0 0 0 0 0 0 0 0 0 0 0 0 0 
1 0.800086 0.512232 0.210143 0.035581 0.00104389 7.8e-07 0 0 0 0 0 0 0 0 0 0 0 0 0 
1 0.80024 0.512341 0.210087 0.0353474 0.00102228 1.885e-06 0 0 0 0 0 0 0 0 0 0 0 0 0 
1 0.799803 0.5117 0.209539 0.0352934 0.00102664 1.8475e-06 0 0 0 0 0 0 0 0 0 0 0 0 0 
1 0.800257 0.512372 0.210179 0.0355007 0.0010422 1.2275e-06 0 0 0 0 0 0 0 0 0 0 0 0 0 
1 0.800378 0.512865 0.211043 0.0358203 0.00107222 1.6825e-06 0 0 0 0 0 0 0 0 0 0 0 0 0 
1 0.799909 0.512328 0.210215 0.0356758 0.00107059 1.695e-06 0 0 0 0 0 0 0 0 0 0 0 0 0 
1 0.799333 0.510744 0.208787 0.0349877 0.00097855 1.3575e-06 0 0 0 0 0 0 0 0 0 0 0 0 0 
1 0.799986 0.512179 0.210237 0.0356363 0.00106376 1.175e-06 0 0 0 0 0 0 0 0 0 0 0 0 0 
1 0.800318 0.51265 0.210654 0.0356956 0.00103138 1.5925e-06 0 0 0 0 0 0 0 0 0 0 0 0 0 
1 0.79982 0.511579 0.209589 0.0353472 0.00101163 9.95e-07 0 0 0 0 0 0 0 0 0 0 0 0 0 
1 0.800208 0.512844 0.210814 0.0357874 0.00106168 2.3725e-06 0 0 0 0 0 0 0 0 0 0 0 0 0 
1 0.800173 0.51268 0.210409 0.0355868 0.00105373 1.4225e-06 0 0 0 0 0 0 0 0 0 0 0 0 0 
1 0.799871 0.511725 0.209734 0.0353042 0.00105372 1.2325e-06 0 0 0 0 0 0 0 0 0 0 0 0 0 
1 0.799838 0.511668 0.209498 0.035429 0.00106718 1.5725e-06 0 0 0 0 0 0 0 0 0 0 0 0 0 
1 0.799718 0.511492 0.209636 0.0352785 0.00103324 1.18e-06 0 0 0 0 0 0 0 0 0 0 0 0 0 
1 0.799424 0.510656 0.20838 0.0349295 0.00102487 1.4225e-06 0 0 0 0 0 0 0 0 0 0 0 0 0 
1 0.800623 0.513249 0.211037 0.0357383 0.00103652 3.105e-06 0 0 0 0 0 0 0 0 0 0 0 0 0 
1 0.799851 0.511516 0.209557 0.0352937 0.00102144 6.925e-07 0 0 0 0 0 0 0 0 0 0 0 0 0 
1 0.799984 0.512026 0.209945 0.0354158 0.00103035 1.905e-06 0 0 0 0 0 0 0 0 0 0 0 0 0 
1 0.79969 0.511634 0.209525 0.0352979 0.00104548 1.185e-06 0 0 0 0 0 0 0 0 0 0 0 0 0 
1 0.799752 0.511523 0.209517 0.0352873 0.00104291 1.7275e-06 0 0 0 0 0 0 0 0 0 0 0 0 0 
1 0.799962 0.512015 0.209937 0.0354571 0.00105544 1.015e-06 0 0 0 0 0 0 0 0 0 0 0 0 0 
1 0.799862 0.511832 0.210024 0.0354603 0.00105756 2.4675e-06 0 0 0 0 0 0 0 0 0 0 0 0 0 
1 0.800531 0.51306 0.211119 0.0358682 0.00107541 1.4175e-06 0 0 0 0 0 0 0 0 0 0 0 0 0 
1 0.800038 0.512177 0.210201 0.0354568 0.00103586 9.7e-07 0 0 0 0 0 0 0 0 0 0 0 0 0 
1 0.800127 0.512294 0.210346 0.0356634 0.00104774 1.86e-06 0 0 0 0 0 0 0 0 0 0 0 0 0 
1 0.800541 0.513615 0.211569 0.03603 0.00107031 1.2775e-06 0 0 0 0 0 0 0 0 0 0 0 0 0 
1 0.799446 0.511241 0.209393 0.0352515 0.00102562 2.3975e-06 0 0 0 0 0 0 0 0 0 0 0 0 0 
1 0.800243 0.512794 0.210963 0.0358692 0.00105286 1.1075e-06 0 0 0 0 0 0 0 0 0 0 0 0 0 
1 0.80018 0.51233 0.210089 0.0354398 0.00104178 2.1825e-06 0 0 0 0 0 0 0 0 0 0 0 0 0 
1 0.800461 0.512941 0.210729 0.035713 0.00104777 1.715e-06 0 0 0 0 0 0 0 0 0 0 0 0 0 
1 0.800729 0.513576 0.211492 0.0360137 0.00106756 1.6175e-06 0 0 0 0 0 0 0 0 0 0 0 0 0 
1 0.799796 0.511962 0.209983 0.0355119 0.00105023 1.875e-06 0 0 0 0 0 0 0 0 0 0 0 0 0 
1 0.799794 0.511556 0.20934 0.0352911 0.00103735 1.35e-06 0 0 0 0 0 0 0 0 0 0 0 0 0 
1 0.800505 0.512839 0.210813 0.035734 0.00106503 1.9e-06 0 0 0 0 0 0 0 0 0 0 0 0 0 
1 0.79979 0.511792 0.209748 0.0354938 0.00104446 1.04e-06 0 0 0 0 0 0 0 0 0 0 0 0 0 
1 0.800293 0.512664 0.210646 0.0357196 0.00107034 1.5225e-06 0 0 0 0 0 0 0 0 0 0 0 0 0 
1 0.799843 0.512016 0.210077 0.0355499 0.0010563 1.2075e-06 0 0 0 0 0 0 0 0 0 0 0 0 0 
1 0.800007 0.511887 0.209902 0.035451 0.00103866 1.91e-06 0 0 0 0 0 0 0 0 0 0 0 0 0 
1 0.7995 0.510987 0.208898 0.0351116 0.00100922 1.585e-06 0 0 0 0 0 0 0 0 0 0 0 0 0 
1 0.80081 0.513618 0.211329 0.0360492 0.00107463 1.2375e-06 0 0 0 0 0 0 0 0 0 0 0 0 0 
1 0.799727 0.511802 0.209785 0.0355441 0.00106044 2.475e-06 0 0 0 0 0 0 0 0 0 0 0 0 0 
1 0.800032 0.512053 0.21007 0.0356391 0.00106339 1.7925e-06 0 0 0 0 0 0 0 0 0 0 0 0 0 
1 0.79946 0.510441 0.208155 0.034825 0.00099559 1.3275e-06 0 0 0 0 0 0 0 0 0 0 0 0 0 
1 0.799734 0.511525 0.20963 0.0353364 0.00102631 1.4475e-06 0 0 0 0 0 0 0 0 0 0 0 0 0 
1 0.799893 0.512143 0.21025 0.0357262 0.00105489 1.72e-06 0 0 0 0 0 0 0 0 0 0 0 0 0 
1 0.799793 0.511794 0.209717 0.0353413 0.00104585 1.5825e-06 0 0 0 0 0 0 0 0 0 0 0 0 0 
1 0.800039 0.511885 0.209498 0.0353107 0.00105314 1.14e-06 0 0 0 0 0 0 0 0 0 0 0 0 0 
1 0.799728 0.511646 0.209637 0.035277 0.00103634 1.85e-06 0 0 0 0 0 0 0 0 0 0 0 0 0 
1 0.799996 0.511892 0.209589 0.0353592 0.00104581 1.1875e-06 0 0 0 0 0 0 0 0 0 0 0 0 0 
1 0.800312 0.512906 0.210841 0.0357984 0.00107598 1.685e-06 0 0 0 0 0 0 0 0 0 0 0 0 0 
1 0.799763 0.511921 0.210025 0.0356269 0.00103953 1.07e-06 0 0 0 0 0 0 0 0 0 0 0 0 0 
1 0.799372 0.510718 0.2085 0.0349296 0.00100639 7.1e-07 0 0 0 0 0 0 0 0 0 0 0 0 0 
1 0.799961 0.512249 0.210191 0.0356311 0.00105327 1.7725e-06 0 0 0 0 0 0 0 0 0 0 0 0 0 
1 0.800708 0.513614 0.211478 0.0360452 0.00106228 1e-06 0 0 0 0 0 0 0 0 0 0 0 0 0 
1 0.799968 0.511782 0.209851 0.0353015 0.00103324 1.365e-06 0 0 0 0 0 0 0 0 0 0 0 0 0 
1 0.800431 0.512749 0.210588 0.035719 0.00105376 7.8e-07 0 0 0 0 0 0 0 0 0 0 0 0 0 
1 0.799774 0.51172 0.209876 0.0354057 0.001036 5.5e-07 0 0 0 0 0 0 0 0 0 0 0 0 0 
1 0.800088 0.512573 0.210406 0.0357098 0.00105489 1.2725e-06 0 0 0 0 0 0 0 0 0 0 0 0 0 
1 0.799896 0.511956 0.209887 0.0354771 0.00103969 1.615e-06 0 0 0 0 0 0 0 0 0 0 0 0 0 
1 0.799876 0.512087 0.210279 0.0356294 0.00105118 1.06e-06 0 0 0 0 0 0 0 0 0 0 0 0 0 
1 0.800179 0.51264 0.210631 0.0356952 0.00104817 1.2475e-06 0 0 0 0 0 0 0 0 0 0 0 0 0 
1 0.800067 0.512029 0.20993 0.035358 0.00105269 1.2975e-06 0 0 0 0 0 0 0 0 0 0 0 0 0 
1 0.800288 0.512507 0.210365 0.0356192 0.00104745 1.4675e-06 0 0 0 0 0 0 0 0 0 0 0 0 0 
1 0.800509 0.513096 0.210921 0.03573 0.00104801 2.1725e-06 0 0 0 0 0 0 0 0 0 0 0 0 0 
1 0.800293 0.512406 0.210067 0.0355 0.00104349 8e-07 0 0 0 0 0 0 0 0 0 0 0 0 0 
1 0.800127 0.511989 0.209801 0.0353455 0.00103285 1.065e-06 0 0 0 0 0 0 0 0 0 0 0 0 0 
1 0.79907 0.510057 0.207704 0.0346871 0.000998715 2.2e-06 0 0 0 0 0 0 0 0 0 0 0 0 0 
1 0.799331 0.510892 0.208991 0.0351547 0.00102394 7.85e-07 0 0 0 0 0 0 0 0 0 0 0 0 0 
1 0.799491 0.511088 0.209057 0.0351274 0.00101813 1.045e-06 0 0 0 0 0 0 0 0 0 0 0 0 0 
1 0.800731 0.513779 0.211827 0.0362473 0.00108826 1.7e-06 0 0 0 0 0 0 0 0 0 0 0 0 0 
1 0.800112 0.512243 0.210211 0.0357795 0.0010561 8.3e-07 0 0 0 0 0 0 0 0 0 0 0 0 0 
1 0.799997 0.511954 0.209723 0.0352494 0.0010112 1.835e-06 0 0 0 0 0 0 0 0 0 0 0 0 0 
1 0.799914 0.512136 0.21 0.0354987 0.00104203 3.075e-07 0 0 0 0 0 0 0 0 0 0 0 0 0 
1 0.799634 0.510942 0.208732 0.0350389 0.00101048 1.84e-06 0 0 0 0 0 0 0 0 0 0 0 0 0 
1 0.800215 0.512356 0.210131 0.0354206 0.00103133 1.7475e-06 0 0 0 0 0 0 0 0 0 0 0 0 0 
1 0.800008 0.511936 0.209596 0.0351811 0.0010098 4.225e-07 0 0 0 0 0 0 0 0 0 0 0 0 0 
1 0.799747 0.511943 0.209986 0.0355901 0.00105752 6.7e-07 0 0 0 0 0 0 0 0 0 0 0 0 0 
1 0.80008 0.512296 0.210152 0.0354496 0.00103443 9.8e-07 0 0 0 0 0 0 0 0 0 0 0 0 0 
1 0.800034 0.512135 0.210082 0.0355617 0.00106416 1.9925e-06 0 0 0 0 0 0 0 0 0 0 0 0 0 
1 0.800764 0.513417 0.211257 0.0358998 0.00108569 1.27e-06 0 0 0 0 0 0 0 0 0 0 0 0 0 
1 0.79993 0.511979 0.209951 0.0354641 0.00104324 6.7e-07 0 0 0 0 0 0 0 0 0 0 0 0 0 
1 0.800345 0.512928 0.210841 0.0358202 0.00105541 2.05e-06 0 0 0 0 0 0 0 0 0 0 0 0 0 
1 0.799673 0.511806 0.209481 0.0352033 0.00100977 1.16e-06 0 0 0 0 0 0 0 0 0 0 0 0 0 
1 0.800062 0.511983 0.209852 0.0354797 0.00103537 1.6675e-06 0 0 0 0 0 0 0 0 0 0 0 0 0 
1 0.799809 0.511653 0.209783 0.0354104 0.00104921 1.04e-06 0 0 0 0 0 0 0 0 0 0 0 0 0 
1 0.79996 0.512648 0.210635 0.035695 0.00104677 8.2e-07 0 0 0 0 0 0 0 0 0 0 0 0 0 
1 0.800077 0.512301 0.21013 0.0355522 0.00103807 1.57e-06 0 0 0 0 0 0 0 0 0 0 0 0 0 
1 0.800244 0.512283 0.21013 0.0354705 0.00103088 9.675e-07 0 0 0 0 0 0 0 0 0 0 0 0 0 
1 0.800331 0.512645 0.210859 0.0359084 0.00107417 2.6325e-06 0 0 0 0 0 0 0 0 0 0 0 0 0 
1 0.799674 0.51141 0.209665 0.035443 0.00101934 1.275e-06 0 0 0 0 0 0 0 0 0 0 0 0 0 
1 0.800167 0.512477 0.210238 0.0355284 0.00104706 1.1275e-06 0 0 0 0 0 0 0 0 0 0 0 0 0 
1 0.799648 0.511481 0.209467 0.0352688 0.00104374 2.0525e-06 0 0 0 0 0 0 0 0 0 0 0 0 0 
1 0.800192 0.512598 0.210838 0.0359179 0.0010855 1.1e-06 0 0 0 0 0 0 0 0 0 0 0 0 0 
1 0.799658 0.511455 0.20943 0.035315 0.00103378 1.28e-06 0 0 0 0 0 0 0 0 0 0 0 0 0 
1 0.799786 0.51174 0.210038 0.035611 0.00105861 7.875e-07 0 0 0 0 0 0 0 0 0 0 0 0 0 
1 0.800113 0.512233 0.210068 0.0353934 0.00100444 1.485e-06 0 0 0 0 0 0 0 0 0 0 0 0 0 
1 0.800545 0.51286 0.210837 0.035886 0.0010639 1.03e-06 0 0 0 0 0 0 0 0 0 0 0 0 0 
1 0.800229 0.512587 0.210443 0.0355909 0.00103104 1.62e-06 0 0 0 0 0 0 0 0 0 0 0 0 0 
1 0.799963 0.512091 0.209952 0.0354467 0.00102892 4.7e-07 0 0 0 0 0 0 0 0 0 0 0 0 0 
1 0.799542 0.51123 0.209016 0.0351649 0.00102304 1.44e-06 0 0 0 0 0 0 0 0 0 0 0 0 0 
1 0.800227 0.512442 0.21005 0.0354936 0.00104517 1.4475e-06 0 0 0 0 0 0 0 0 0 0 0 0 0 
1 0.799761 0.511326 0.209103 0.0351103 0.00103854 8.325e-07 0 0 0 0 0 0 0 0 0 0 0 0 0 
1 0.800498 0.513036 0.210864 0.0357773 0.00108043 1.8275e-06 0 0 0 0 0 0 0 0 0 0 0 0 0 
1 0.799808 0.511707 0.209643 0.0354153 0.00103736 3.335e-06 0 0 0 0 0 0 0 0 0 0 0 0 0 
1 0.800043 0.512405 0.210188 0.035547 0.00103313 5.55e-07 0 0 0 0 0 0 0 0 0 0 0 0 0 
1 0.799164 0.510477 0.208348 0.0348484 0.00101369 1.915e-06 0 0 0 0 0 0 0 0 0 0 0 0 0 
1 0.799775 0.511391 0.209212 0.0352871 0.00102624 1.295e-06 0 0 0 0 0 0 0 0 0 0 0 0 0 
1 0.799988 0.512386 0.210288 0.0355601 0.00104654 8.875e-07 0 0 0 0 0 0 0 0 0 0 0 0 0 
1 0.800453 0.512807 0.210792 0.0356787 0.00105591 1.4825e-06 0 0 0 0 0 0 0 0 0 0 0 0 0 
1 0.80038 0.51296 0.21089 0.0358225 0.00107305 1.1225e-06 0 0 0 0 0 0 0 0 0 0 0 0 0 
1 0.80017 0.512358 0.210489 0.0356114 0.00106484 1.6275e-06 0 0 0 0 0 0 0 0 0 0 0 0 0 
1 0.800471 0.512902 0.21086 0.0357064 0.0010622 2.25e-06 0 0 0 0 0 0 0 0 0 0 0 0 0 
1 0.799916 0.511975 0.209766 0.0354046 0.00104027 9.575e-07 0 0 0 0 0 0 0 0 0 0 0 0 0 
1 0.799717 0.511412 0.209297 0.035226 0.00104278 1.8525e-06 0 0 0 0 0 0 0 0 0 0 0 0 0 
1 0.800345 0.512776 0.210665 0.0356791 0.00105234 2.4525e-06 0 0 0 0 0 0 0 0 0 0 0 0 0 
1 0.799997 0.512255 0.210338 0.0355576 0.00102276 1.6025e-06 0 0 0 0 0 0 0 0 0 0 0 0 0 
1 0.79987 0.511886 0.209922 0.0355272 0.00103971 6.275e-07 0 0 0 0 0 0 0 0 0 0 0 0 0 
1 0.799634 0.511305 0.209074 0.0351293 0.00100655 9.875e-07 0 0 0 0 0 0 0 0 0 0 0 0 0 
1 0.800687 0.513518 0.211497 0.0361295 0.00110318 1.7175e-06 0 0 0 0 0 0 0 0 0 0 0 0 0 
1 0.800069 0.51233 0.210576 0.0358039 0.0010864 1.285e-06 0 0 0 0 0 0 0 0 0 0 0 0 0 
1 0.799836 0.512004 0.210221 0.0355495 0.00106143 1.21e-06 0 0 0 0 0 0 0 0 0 0 0 0 0 
1 0.799837 0.511901 0.210042 0.0354522 0.00103891 1.215e-06 0 0 0 0 0 0 0 0 0 0 0 0 0 
1 0.799714 0.511592 0.209697 0.0355036 0.00106744 1.79e-06 0 0 0 0 0 0 0 0 0 0 0 0 0 
1 0.800775 0.513973 0.212132 0.0363206 0.00109851 1.455e-06 0 0 0 0 0 0 0 0 0 0 0 0 0 
1 0.798883 0.51006 0.20825 0.0348748 0.00104446 2.6e-07 0 0 0 0 0 0 0 0 0 0 0 0 0 
1 0.799595 0.511444 0.209596 0.0353612 0.00103294 7.05e-07 0 0 0 0 0 0 0 0 0 0 0 0 0 
1 0.799005 0.510214 0.208019 0.0347422 0.001001 1.495e-06 0 0 0 0 0 0 0 0 0 0 0 0 0 
1 0.800129 0.51245 0.210265 0.0355867 0.0010499 1.2525e-06 0 0 0 0 0 0 0 0 0 0 0 0 0 
1 0.799976 0.512002 0.209938 0.0355101 0.0010443 1.515e-06 0 0 0 0 0 0 0 0 0 0 0 0 0 
1 0.799442 0.510971 0.208993 0.0352814 0.00105387 1.1225e-06 0 0 0 0 0 0 0 0 0 0 0 0 0 
1 0.799513 0.511205 0.209299 0.0352854 0.00103752 1.54e-06 0 0 0 0 0 0 0 0 0 0 0 0 0 
1 0.80006 0.512277 0.210194 0.0356893 0.00105305 1.3125e-06 0 0 0 0 0 0 0 0 0 0 0 0 0 
1 0.799963 0.511859 0.20988 0.0355 0.00106238 1.3625e-06 0 0 0 0 0 0 0 0 0 0 0 0 0 
1 0.799566 0.511255 0.209286 0.0352819 0.00105421 1.7125e-06 0 0 0 0 0 0 0 0 0 0 0 0 0 
1 0.800727 0.513451 0.211025 0.0358276 0.00106433 1.695e-06 0 0 0 0 0 0 0 0 0 0 0 0 0 
1 0.800328 0.512991 0.21108 0.0359441 0.00106901 1.76e-06 0 0 0 0 0 0 0 0 0 0 0 0 0 
1 0.799429 0.510827 0.208823 0.034911 0.00098038 1.245e-06 0 0 0 0 0 0 0 0 0 0 0 0 0 
1 0.800171 0.512371 0.210252 0.0355313 0.00102904 9.375e-07 0 0 0 0 0 0 0 0 0 0 0 0 0 
1 0.799556 0.511524 0.209429 0.0352167 0.000989982 1.2725e-06 0 0 0 0 0 0 0 0 0 0 0 0 0 
1 0.79992 0.512437 0.210537 0.0356721 0.00105721 9.7e-07 0 0 0 0 0 0 0 0 0 0 0 0 0 
1 0.800072 0.512254 0.210216 0.0355771 0.00105228 1.3175e-06 0 0 0 0 0 0 0 0 0 0 0 0 0 
1 0.799711 0.511847 0.209857 0.0355597 0.00105148 2.2325e-06 0 0 0 0 0 0 0 0 0 0 0 0 0 
1 0.800023 0.512217 0.21009 0.0355739 0.00104854 9.175e-07 0 0 0 0 0 0 0 0 0 0 0 0 0 
1 0.800084 0.511963 0.209899 0.035504 0.00104266 1.2975e-06 0 0 0 0 0 0 0 0 0 0 0 0 0 
1 0.7998 0.511801 0.209792 0.0354655 0.00104734 1.8225e-06 0 0 0 0 0 0 0 0 0 0 0 0 0 
1 0.799531 0.51088 0.208679 0.0347804 0.000998935 1.82e-06 0 0 0 0 0 0 0 0 0 0 0 0 0 
1 0.800691 0.513369 0.211078 0.0358471 0.00106019 1.795e-06 0 0 0 0 0 0 0 0 0 0 0 0 0 
1 0.800063 0.512458 0.210626 0.0357382 0.00107139 1.33e-06 0 0 0 0 0 0 0 0 0 0 0 0 0 
1 0.799429 0.510766 0.208869 0.0350961 0.00102581 2.69e-06 0 0 0 0 0 0 0 0 0 0 0 0 0 
1 0.800199 0.512471 0.210385 0.0356563 0.00103398 1.595e-06 0 0 0 0 0 0 0 0 0 0 0 0 0 
1 0.800045 0.511957 0.209921 0.0353474 0.00104363 1.985e-06 0 0 0 0 0 0 0 0 0 0 0 0 0 
1 0.79952 0.510826 0.208878 0.0350503 0.00102049 6.5e-07 0 0 0 0 0 0 0 0 0 0 0 0 0 
1 0.799945 0.511854 0.20989 0.0355257 0.0010416 6.05e-07 0 0 0 0 0 0 0 0 0 0 0 0 0 
1 0.800199 0.512382 0.210233 0.0355987 0.00104583 1.245e-06 0 0 0 0 0 0 0 0 0 0 0 0 0 
1 0.799346 0.51062 0.208457 0.0349339 0.00100471 1.03e-06 0 0 0 0 0 0 0 0 0 0 0 0 0 
1 0.799735 0.511797 0.209939 0.0355032 0.00105838 1.735e-06 0 0 0 0 0 0 0 0 0 0 0 0 0 
1 0.800049 0.512026 0.209985 0.035441 0.0010336 8.2e-07 0 0 0 0 0 0 0 0 0 0 0 0 0 
1 0.799612 0.511324 0.209414 0.035265 0.00105687 6.1e-07 0 0 0 0 0 0 0 0 0 0 0 0 0 
1 0.800573 0.512879 0.210487 0.0355306 0.00105685 9.825e-07 0 0 0 0 0 0 0 0 0 0 0 0 0 
1 0.800295 0.512627 0.210641 0.0356787 0.00107263 1.5525e-06 0 0 0 0 0 0 0 0 0 0 0 0 0 
1 0.800122 0.51231 0.210113 0.0354809 0.00106885 1.87e-06 0 0 0 0 0 0 0 0 0 0 0 0 0 
1 0.800084 0.512331 0.210181 0.0356058 0.00105124 7.55e-07 0 0 0 0 0 0 0 0 0 0 0 0 0 
1 0.800621 0.513183 0.211132 0.0358908 0.00108687 2.525e-06 0 0 0 0 0 0 0 0 0 0 0 0 0 
1 0.799857 0.511848 0.20997 0.0356157 0.00102804 1.875e-06 0 0 0 0 0 0 0 0 0 0 0 0 0 
1 0.800182 0.51236 0.210372 0.0356626 0.00106558 1.6875e-06 0 0 0 0 0 0 0 0 0 0 0 0 0 
1 0.799856 0.511727 0.209684 0.0354426 0.00103087 8.15e-07 0 0 0 0 0 0 0 0 0 0 0 0 0 
1 0.80069 0.51355 0.211406 0.0361012 0.00106858 1.23e-06 1.575e-07 0 0 0 0 0 0 0 0 0 0 0 0 
1 0.800058 0.512036 0.209658 0.0353405 0.00102052 9.375e-07 0 0 0 0 0 0 0 0 0 0 0 0 0 
1 0.800027 0.512003 0.209973 0.0354846 0.00104846 1.9575e-06 0 0 0 0 0 0 0 0 0 0 0 0 0 
1 0.799887 0.511927 0.209656 0.0353676 0.00101297 7.725e-07 0 0 0 0 0 0 0 0 0 0 0 0 0 
1 0.79976 0.511512 0.20956 0.0354587 0.0010284 8.275e-07 0 0 0 0 0 0 0 0 0 0 0 0 0 
1 0.800755 0.513311 0.211079 0.035792 0.00107316 1.42e-06 0 0 0 0 0 0 0 0 0 0 0 0 0 
