1 0.98901 0.969545 0.936785 0.88843 0.827275 0.758515 0.6879 0.61984 0.55482 0.493425 0.436815 0.38425 0.33597 0.29201 0.252765 0.21916 0.188295 0.160345 0.134885 
1 0.99067 0.974005 0.946735 0.907195 0.857035 0.80115 0.741405 0.68156 0.622305 0.56557 0.509005 0.45523 0.40427 0.356185 0.31143 0.27074 0.23351 0.199925 0.170055 
1 0.988815 0.968825 0.935755 0.888175 0.82818 0.762365 0.694395 0.631535 0.572855 0.517695 0.468905 0.423605 0.38258 0.344165 0.308485 0.27451 0.242685 0.213245 0.1869 
1 0.99114 0.97561 0.950605 0.9125 0.86328 0.805595 0.743595 0.678855 0.61328 0.552405 0.495245 0.442565 0.393455 0.348025 0.30688 0.27109 0.23814 0.209065 0.182255 
1 0.99221 0.97758 0.953585 0.91811 0.870755 0.81447 0.75409 0.690965 0.627665 0.567145 0.51031 0.455825 0.40483 0.357555 0.31556 0.275855 0.2394 0.2073 0.17784 
1 0.98973 0.9702 0.937875 0.89144 0.83045 0.760745 0.687535 0.61678 0.55021 0.48633 0.427055 0.372625 0.32425 0.28258 0.246145 0.21484 0.186915 0.162705 0.14173 
1 0.98931 0.969835 0.93776 0.89075 0.83129 0.76451 0.695565 0.62674 0.55973 0.49525 0.437395 0.38509 0.337595 0.29446 0.255335 0.220135 0.18857 0.160545 0.13585 
1 0.990755 0.97352 0.94442 0.900335 0.845 0.78331 0.717665 0.653355 0.591495 0.53413 0.481655 0.43378 0.38893 0.34502 0.304925 0.26752 0.232775 0.202405 0.17352 
1 0.989395 0.97001 0.938675 0.892945 0.83566 0.771275 0.706095 0.64291 0.58181 0.52511 0.471095 0.42183 0.376225 0.335665 0.299575 0.265935 0.233995 0.203385 0.174565 
1 0.98884 0.968345 0.934685 0.885775 0.823455 0.753945 0.683035 0.61617 0.55467 0.49892 0.447855 0.400525 0.35587 0.313175 0.27508 0.24033 0.209635 0.18056 0.15407 
1 0.989535 0.969045 0.93622 0.88824 0.82558 0.755215 0.681075 0.61022 0.54357 0.481585 0.42716 0.377045 0.33228 0.292585 0.25708 0.22638 0.19948 0.176285 0.15461 
1 0.98935 0.970475 0.938695 0.89253 0.83228 0.763635 0.69271 0.622745 0.5578 0.49796 0.443765 0.393095 0.347245 0.3062 0.268275 0.235115 0.20559 0.17967 0.155955 
1 0.98784 0.96601 0.93024 0.87768 0.811925 0.738915 0.664725 0.591785 0.52389 0.45929 0.401075 0.349885 0.30539 0.26536 0.22977 0.1989 0.17169 0.14748 0.125495 
1 0.988655 0.968205 0.934755 0.88577 0.823785 0.75287 0.67704 0.601755 0.530405 0.464275 0.4034 0.34756 0.298995 0.25705 0.21983 0.18727 0.15958 0.1352 0.11417 
1 0.989415 0.97058 0.938965 0.892105 0.8324 0.766755 0.69941 0.6343 0.572125 0.515015 0.46245 0.414795 0.37016 0.330415 0.29423 0.26096 0.230745 0.20258 0.176665 
1 0.988765 0.969655 0.937505 0.892515 0.834645 0.77144 0.70933 0.64897 0.592265 0.54052 0.495055 0.45386 0.416165 0.38056 0.346975 0.31475 0.28408 0.2539 0.223845 
1 0.98809 0.967375 0.9319 0.880435 0.816505 0.744595 0.669985 0.599335 0.53235 0.470975 0.416085 0.36741 0.324355 0.28524 0.250305 0.219495 0.1926 0.169385 0.148255 
1 0.990095 0.971775 0.9421 0.8962 0.838885 0.77374 0.70669 0.64266 0.580965 0.522845 0.46812 0.417185 0.372275 0.334275 0.301245 0.27118 0.243625 0.21626 0.189745 
1 0.989185 0.969635 0.93657 0.889445 0.830635 0.76386 0.69531 0.62629 0.56197 0.503245 0.45037 0.40134 0.35717 0.316235 0.277415 0.241495 0.208055 0.176925 0.14816 
1 0.98931 0.96983 0.93868 0.89309 0.83484 0.769595 0.70304 0.63883 0.578565 0.52203 0.471315 0.425015 0.38223 0.3441 0.30849 0.275855 0.24518 0.21593 0.18861 
1 0.98987 0.971235 0.93993 0.894135 0.835485 0.768395 0.699765 0.631455 0.566445 0.508085 0.45689 0.41086 0.36834 0.32877 0.291875 0.25645 0.222385 0.190185 0.16007 
1 0.9897 0.97172 0.941615 0.89708 0.840065 0.778005 0.71465 0.65183 0.59225 0.53663 0.48327 0.433445 0.38529 0.33943 0.2963 0.256645 0.221225 0.189545 0.162205 
1 0.988235 0.96698 0.93114 0.879465 0.814965 0.74285 0.66871 0.59779 0.529905 0.469245 0.415665 0.36867 0.32701 0.289955 0.2555 0.225135 0.19751 0.173095 0.150725 
1 0.989465 0.97009 0.937775 0.889985 0.825995 0.752885 0.673895 0.59736 0.52577 0.45987 0.398725 0.344245 0.295895 0.253265 0.216545 0.184925 0.157905 0.13407 0.11372 
1 0.99054 0.973535 0.9452 0.903905 0.851945 0.79473 0.735025 0.67619 0.61897 0.56495 0.51257 0.46293 0.415955 0.372785 0.3334 0.297005 0.264385 0.23549 0.208295 
1 0.99048 0.972835 0.943555 0.90111 0.84604 0.78354 0.7161 0.648795 0.585795 0.52827 0.47537 0.42849 0.38609 0.346905 0.31097 0.275355 0.241805 0.209845 0.179785 
1 0.987305 0.964725 0.928005 0.875865 0.810435 0.73908 0.665655 0.59364 0.524995 0.46102 0.40303 0.352765 0.30876 0.27022 0.23672 0.20833 0.18284 0.159855 0.13807 
1 0.99071 0.97282 0.943185 0.899395 0.84351 0.78007 0.713735 0.65115 0.59309 0.54071 0.495 0.451985 0.41171 0.371545 0.334615 0.299055 0.26551 0.23521 0.2066 
1 0.98934 0.969705 0.937685 0.89042 0.83173 0.76414 0.69451 0.626235 0.562235 0.50325 0.44698 0.39654 0.35028 0.30935 0.274255 0.24239 0.214075 0.187615 0.16422 
1 0.98988 0.972055 0.94214 0.89842 0.84222 0.777955 0.70974 0.64215 0.57712 0.516215 0.46136 0.409165 0.36142 0.31708 0.27611 0.23758 0.20327 0.17198 0.14388 
1 0.986895 0.964235 0.926295 0.87046 0.80056 0.724445 0.646765 0.574135 0.508075 0.449355 0.39694 0.35293 0.31406 0.281155 0.251435 0.224275 0.19915 0.175035 0.152445 
1 0.988535 0.9682 0.93374 0.88401 0.822645 0.7542 0.68226 0.61303 0.546715 0.483855 0.424625 0.36964 0.319335 0.273 0.2307 0.19259 0.159205 0.130395 0.10621 
1 0.99014 0.972995 0.94383 0.900215 0.84379 0.778055 0.70769 0.638105 0.571745 0.50979 0.45358 0.401705 0.35404 0.311895 0.272625 0.23492 0.200155 0.168805 0.140065 
1 0.99228 0.977715 0.95485 0.92104 0.87451 0.820875 0.76171 0.70011 0.638885 0.58128 0.526905 0.4777 0.43087 0.38664 0.34634 0.30907 0.27377 0.24088 0.210385 
1 0.988135 0.966545 0.93034 0.87798 0.811885 0.738305 0.664595 0.59341 0.52844 0.47023 0.41922 0.374305 0.33325 0.29654 0.262955 0.233185 0.20601 0.180235 0.156525 
1 0.98887 0.969385 0.936975 0.88939 0.828225 0.759695 0.68875 0.619675 0.554315 0.492345 0.435525 0.384795 0.340155 0.2993 0.26172 0.22595 0.192515 0.16171 0.13365 
1 0.988475 0.967565 0.93282 0.88267 0.820895 0.75161 0.68038 0.61164 0.54637 0.4861 0.43103 0.379605 0.331835 0.286315 0.245165 0.207985 0.17591 0.14726 0.122405 
1 0.991145 0.974585 0.946325 0.905805 0.850625 0.78671 0.71926 0.653255 0.59023 0.531545 0.47763 0.42754 0.381805 0.33921 0.29888 0.26063 0.22636 0.19443 0.16667 
1 0.987395 0.965025 0.92799 0.8748 0.8086 0.736405 0.661925 0.58993 0.519645 0.454385 0.39565 0.34336 0.296865 0.257945 0.224 0.19453 0.168925 0.146085 0.12613 
1 0.987935 0.965495 0.92697 0.872105 0.802945 0.726745 0.6504 0.578875 0.51329 0.45446 0.399705 0.35036 0.305045 0.26394 0.227935 0.195735 0.16607 0.13901 0.114255 
1 0.990285 0.97147 0.941535 0.898325 0.84325 0.78139 0.71747 0.6519 0.58697 0.526425 0.471775 0.421995 0.376055 0.332855 0.292515 0.255115 0.22108 0.190245 0.161855 
1 0.98807 0.96673 0.930695 0.87922 0.816135 0.74825 0.68104 0.61706 0.558385 0.50574 0.456405 0.410435 0.366385 0.324985 0.28651 0.253625 0.2241 0.196595 0.170835 
1 0.989545 0.970995 0.94049 0.896715 0.84006 0.776645 0.71138 0.64966 0.59165 0.53956 0.48952 0.44383 0.401305 0.36277 0.32812 0.295855 0.265575 0.235445 0.2061 
1 0.98948 0.970475 0.93855 0.89157 0.831395 0.76238 0.69013 0.61943 0.55301 0.491675 0.435255 0.382235 0.33329 0.28845 0.248935 0.212805 0.181005 0.15271 0.127055 
1 0.98828 0.96771 0.934495 0.884565 0.82109 0.74707 0.66716 0.5878 0.51268 0.444945 0.385595 0.33536 0.29216 0.256395 0.225315 0.19718 0.170895 0.14586 0.123555 
1 0.98818 0.966475 0.92988 0.8784 0.812755 0.740075 0.66788 0.601005 0.5415 0.48874 0.43974 0.39576 0.35475 0.31535 0.278615 0.24507 0.213245 0.18341 0.155405 
1 0.989875 0.97076 0.938415 0.89139 0.83161 0.76397 0.692595 0.622875 0.558785 0.500445 0.446185 0.39768 0.352385 0.309785 0.27124 0.236545 0.20554 0.179695 0.15716 
1 0.988555 0.968175 0.934205 0.884525 0.82129 0.749955 0.678745 0.61027 0.548395 0.49263 0.44124 0.39347 0.34886 0.308065 0.27144 0.23748 0.20618 0.177675 0.15176 
1 0.99025 0.972775 0.94317 0.899585 0.84427 0.78103 0.71453 0.648025 0.586595 0.528815 0.47464 0.42337 0.376275 0.332625 0.292295 0.25485 0.221775 0.19165 0.165655 
1 0.98769 0.96534 0.928245 0.874035 0.80512 0.728325 0.651195 0.58032 0.5161 0.45907 0.408265 0.36247 0.32084 0.282575 0.245635 0.21242 0.183505 0.157295 0.13502 
1 0.989205 0.96996 0.937895 0.891265 0.83295 0.76616 0.697165 0.63024 0.565575 0.504895 0.449895 0.39829 0.35065 0.30767 0.267155 0.231285 0.198025 0.16779 0.141555 
1 0.98942 0.97178 0.941665 0.89697 0.84032 0.77733 0.711105 0.6464 0.58568 0.528685 0.47638 0.42709 0.381275 0.3391 0.29837 0.259945 0.2247 0.19252 0.163345 
1 0.987425 0.965495 0.92759 0.873445 0.805605 0.7282 0.649765 0.57426 0.504255 0.441405 0.38496 0.33384 0.28881 0.248815 0.214395 0.18571 0.161685 0.139715 0.121125 
1 0.98867 0.968065 0.93372 0.88318 0.81903 0.747215 0.67422 0.60252 0.536815 0.476035 0.422625 0.37483 0.331185 0.292365 0.257135 0.22507 0.194375 0.165855 0.14074 
1 0.989455 0.9696 0.93753 0.89058 0.83121 0.76417 0.697195 0.63201 0.57095 0.51296 0.46014 0.41229 0.3689 0.329645 0.293085 0.2584 0.225975 0.19638 0.16838 
1 0.99067 0.97441 0.94656 0.90532 0.85251 0.79342 0.731265 0.669695 0.61014 0.55534 0.50305 0.453505 0.406615 0.362855 0.322635 0.284235 0.24977 0.219095 0.189695 
1 0.98956 0.970475 0.93852 0.891665 0.83119 0.76235 0.69362 0.627535 0.566335 0.509415 0.457895 0.41006 0.367435 0.32851 0.29324 0.26114 0.23018 0.20144 0.175455 
1 0.99002 0.97249 0.943585 0.901305 0.84713 0.7833 0.715625 0.64889 0.584605 0.524795 0.47084 0.419975 0.374085 0.33301 0.295495 0.260665 0.22829 0.198905 0.172125 
1 0.98991 0.97119 0.94121 0.895115 0.835865 0.766615 0.694815 0.62299 0.554545 0.491375 0.434505 0.38308 0.338845 0.29786 0.260295 0.22489 0.191345 0.16099 0.13401 
1 0.988885 0.969285 0.93595 0.888035 0.828555 0.764555 0.698635 0.635495 0.574775 0.51589 0.460025 0.408645 0.36224 0.32116 0.28238 0.24536 0.212335 0.180525 0.151685 
1 0.98827 0.967275 0.93177 0.879085 0.80962 0.73074 0.648895 0.570725 0.497625 0.43106 0.37161 0.31735 0.270175 0.22988 0.19483 0.16511 0.138565 0.116865 0.09815 
1 0.988595 0.968095 0.935405 0.888405 0.830445 0.766625 0.70306 0.64119 0.583815 0.5318 0.483695 0.44029 0.399285 0.361245 0.325245 0.291695 0.26056 0.231135 0.203425 
1 0.987985 0.96595 0.92948 0.87858 0.813175 0.742515 0.67058 0.601815 0.538215 0.48154 0.431315 0.384805 0.344725 0.308595 0.27556 0.2448 0.21745 0.192315 0.169555 
1 0.989625 0.971665 0.9421 0.897855 0.842175 0.776755 0.709855 0.64389 0.582295 0.52862 0.47949 0.434245 0.39122 0.350115 0.31058 0.273245 0.23955 0.20876 0.18062 
1 0.989915 0.971855 0.94078 0.896465 0.84019 0.77622 0.70992 0.644305 0.58161 0.52301 0.468955 0.41955 0.374385 0.3343 0.297485 0.26396 0.232465 0.20338 0.176515 
1 0.98895 0.969575 0.937645 0.88983 0.8299 0.763785 0.694295 0.627765 0.56641 0.51187 0.46222 0.4181 0.37666 0.33751 0.301075 0.266575 0.234495 0.20516 0.1784 
1 0.9896 0.970335 0.938325 0.891445 0.832025 0.76638 0.699375 0.634895 0.57382 0.516 0.461665 0.411365 0.364715 0.32195 0.28265 0.24653 0.213245 0.18419 0.159715 
1 0.98991 0.97181 0.94139 0.897415 0.84146 0.777075 0.70859 0.63873 0.57159 0.50839 0.451405 0.397205 0.34693 0.30199 0.261245 0.22465 0.19113 0.161075 0.133975 
1 0.98841 0.966845 0.931005 0.879795 0.81563 0.744065 0.671115 0.59964 0.53306 0.47284 0.418355 0.369825 0.327145 0.289855 0.254305 0.22071 0.189355 0.160895 0.13479 
1 0.98896 0.968375 0.93528 0.887195 0.825575 0.75589 0.68329 0.612445 0.548285 0.49094 0.439485 0.394775 0.35323 0.315245 0.278935 0.24434 0.211945 0.18243 0.15556 
1 0.988985 0.9681 0.93402 0.8856 0.82312 0.751775 0.67818 0.609 0.54349 0.48428 0.43019 0.381275 0.336725 0.296155 0.258165 0.225375 0.195805 0.169835 0.146555 
1 0.99023 0.972525 0.94265 0.898875 0.841675 0.77728 0.710865 0.645465 0.58357 0.527125 0.47458 0.425465 0.38134 0.340995 0.304245 0.27117 0.24126 0.21325 0.1869 
1 0.988195 0.967335 0.93126 0.879115 0.811775 0.73686 0.66063 0.587615 0.519665 0.457805 0.4024 0.354395 0.3113 0.27314 0.24032 0.210455 0.18299 0.15742 0.13439 
1 0.98925 0.969905 0.93763 0.89056 0.830455 0.76107 0.69008 0.62055 0.55485 0.49445 0.438935 0.389805 0.34549 0.30751 0.27216 0.239 0.208595 0.179375 0.152195 
1 0.98773 0.965985 0.93026 0.87795 0.812525 0.740015 0.667755 0.59822 0.53262 0.4719 0.4165 0.36879 0.325505 0.28683 0.251705 0.220735 0.19253 0.16714 0.144035 
1 0.98829 0.967715 0.93277 0.88268 0.820785 0.751385 0.681355 0.61335 0.548195 0.486815 0.42824 0.37486 0.32595 0.28236 0.244765 0.211055 0.182555 0.155895 0.132985 
1 0.989375 0.96952 0.93721 0.89031 0.829135 0.759775 0.688385 0.6178 0.55099 0.490045 0.43655 0.39013 0.34966 0.314335 0.281915 0.251155 0.22239 0.1962 0.171195 
1 0.9907 0.974025 0.94586 0.90501 0.85142 0.789965 0.723675 0.65798 0.593705 0.53268 0.47388 0.41997 0.37029 0.32521 0.2843 0.24722 0.213505 0.182895 0.155835 
1 0.9904 0.973045 0.94339 0.898785 0.840945 0.774815 0.70524 0.63626 0.57018 0.50693 0.448645 0.394845 0.346945 0.304065 0.265065 0.228755 0.19573 0.165985 0.139555 
1 0.98819 0.967255 0.932655 0.881995 0.81742 0.74585 0.671355 0.59835 0.52859 0.465425 0.407765 0.359015 0.3161 0.28023 0.250085 0.224545 0.20177 0.181765 0.16342 
1 0.99055 0.973285 0.94364 0.900195 0.842705 0.776325 0.70637 0.63763 0.571135 0.509725 0.45323 0.40086 0.35377 0.31063 0.271785 0.23734 0.206545 0.179265 0.15418 
1 0.989435 0.97042 0.939585 0.89466 0.83699 0.77178 0.704535 0.63776 0.57456 0.515 0.460005 0.409005 0.36125 0.31884 0.279345 0.24457 0.214065 0.185905 0.160095 
1 0.988265 0.966815 0.93075 0.87963 0.813645 0.742345 0.6701 0.6018 0.53737 0.478635 0.42552 0.37742 0.33325 0.292345 0.254085 0.219675 0.18721 0.159085 0.13476 
1 0.98593 0.9608 0.920075 0.8609 0.787685 0.7087 0.63045 0.556985 0.4903 0.430375 0.37693 0.329275 0.28629 0.24751 0.212075 0.180635 0.152995 0.13022 0.10994 
1 0.990335 0.97294 0.943105 0.90044 0.845365 0.78261 0.715095 0.64899 0.5874 0.53079 0.47806 0.4282 0.3824 0.341545 0.30385 0.27083 0.24004 0.21127 0.18492 
1 0.989575 0.969915 0.938245 0.891255 0.831185 0.76271 0.6899 0.61822 0.55248 0.49213 0.43743 0.388055 0.34448 0.306075 0.270875 0.238705 0.20914 0.182165 0.15712 
1 0.988645 0.96725 0.93195 0.880335 0.81443 0.74049 0.66326 0.58976 0.5221 0.46292 0.41081 0.364455 0.323145 0.285545 0.250335 0.21831 0.18769 0.15963 0.1339 
1 0.98911 0.969665 0.93834 0.89418 0.83972 0.77904 0.717 0.656055 0.595635 0.5394 0.488265 0.43984 0.39557 0.355635 0.3197 0.28605 0.25371 0.22388 0.196175 
1 0.98922 0.970275 0.937105 0.889995 0.829755 0.76284 0.69325 0.628305 0.567665 0.51125 0.460275 0.41336 0.371715 0.334725 0.301705 0.27192 0.24337 0.21738 0.1917 
1 0.98827 0.966975 0.932885 0.88482 0.825365 0.762125 0.699545 0.64111 0.587165 0.538925 0.4912 0.4453 0.39955 0.356375 0.31615 0.279705 0.24647 0.21639 0.18888 
1 0.9878 0.96576 0.92914 0.877105 0.81004 0.734335 0.65624 0.581875 0.513035 0.450835 0.39654 0.346575 0.302775 0.26279 0.227715 0.19674 0.16951 0.144605 0.122035 
1 0.989905 0.971515 0.940555 0.895005 0.83711 0.77172 0.70276 0.632385 0.56394 0.50083 0.441845 0.388735 0.342375 0.301485 0.2657 0.23323 0.204785 0.178735 0.15307 
1 0.988785 0.968125 0.93478 0.8859 0.823485 0.75173 0.681965 0.613505 0.5503 0.49151 0.44064 0.39553 0.353905 0.314035 0.27681 0.242415 0.210165 0.180765 0.154635 
1 0.98973 0.97083 0.93855 0.8922 0.832375 0.76428 0.692825 0.62401 0.560775 0.5028 0.449915 0.40344 0.360355 0.31972 0.28116 0.244635 0.210685 0.178765 0.14854 
1 0.98893 0.969415 0.93706 0.88958 0.82974 0.761955 0.691395 0.62258 0.55697 0.493735 0.43711 0.38504 0.33926 0.297715 0.261495 0.22904 0.199965 0.17398 0.14987 
1 0.990015 0.97191 0.94185 0.89802 0.843215 0.783135 0.720135 0.65873 0.599065 0.54095 0.485635 0.434475 0.38521 0.3384 0.295805 0.255535 0.219705 0.18845 0.16125 
1 0.988185 0.965595 0.92821 0.87371 0.80412 0.727985 0.64911 0.572565 0.502565 0.440255 0.385625 0.337825 0.296675 0.26018 0.22787 0.19905 0.17232 0.14793 0.126245 
1 0.985595 0.95952 0.915955 0.855665 0.78265 0.701815 0.62285 0.54795 0.47854 0.41495 0.359035 0.30894 0.265565 0.228885 0.19776 0.17123 0.14892 0.129155 0.11068 
1 0.98859 0.96874 0.9364 0.888705 0.829045 0.760215 0.69 0.623105 0.56024 0.503805 0.45278 0.40585 0.364695 0.327785 0.29411 0.263055 0.234095 0.207825 0.182945 
1 0.98934 0.969735 0.936895 0.88918 0.82791 0.7586 0.686285 0.614225 0.54612 0.48313 0.424505 0.37079 0.32132 0.27579 0.233515 0.195765 0.162175 0.13284 0.10755 
1 0.988655 0.968185 0.93438 0.885225 0.82235 0.75065 0.67706 0.605375 0.5387 0.47582 0.41656 0.361935 0.310895 0.26682 0.22936 0.197515 0.171045 0.147555 0.126705 
1 0.990305 0.97279 0.94375 0.90062 0.84574 0.78289 0.718035 0.655365 0.59742 0.54076 0.48891 0.441075 0.395115 0.35281 0.31294 0.27466 0.23879 0.205135 0.173765 
1 0.986545 0.962355 0.922005 0.8637 0.788905 0.706735 0.621135 0.540895 0.46709 0.400925 0.34159 0.288575 0.243515 0.20694 0.176335 0.1503 0.12917 0.110545 0.094855 
1 0.990605 0.973145 0.94449 0.903415 0.85178 0.793245 0.73359 0.676325 0.621745 0.56942 0.519625 0.472375 0.428025 0.38538 0.344355 0.30591 0.270475 0.23746 0.207705 
1 0.990675 0.973595 0.945075 0.902455 0.848025 0.786875 0.722785 0.65993 0.6011 0.546765 0.4974 0.451935 0.40863 0.368325 0.33127 0.29696 0.265095 0.234805 0.20662 
1 0.98874 0.96765 0.93279 0.88152 0.81588 0.742865 0.666885 0.59404 0.52727 0.46524 0.408845 0.35838 0.31409 0.27546 0.24178 0.21135 0.183825 0.15987 0.137935 
1 0.990445 0.97275 0.94353 0.899705 0.842995 0.77739 0.70914 0.64101 0.576335 0.514575 0.45761 0.404845 0.357215 0.312925 0.27135 0.232925 0.197685 0.166565 0.13992 
1 0.989475 0.97003 0.937955 0.892315 0.833605 0.768745 0.700205 0.63504 0.574815 0.52177 0.47425 0.43169 0.392755 0.3555 0.32056 0.28653 0.25367 0.223135 0.19535 
1 0.98869 0.96803 0.93471 0.887485 0.8273 0.760865 0.69183 0.625425 0.562335 0.501535 0.442695 0.386605 0.335125 0.29042 0.25169 0.21808 0.18925 0.164025 0.14129 
1 0.98729 0.96498 0.927825 0.874555 0.80703 0.731385 0.65549 0.5833 0.514735 0.450855 0.390995 0.33607 0.287825 0.24546 0.207585 0.174775 0.1462 0.12003 0.09665 
1 0.99011 0.97205 0.94147 0.897915 0.84208 0.779545 0.716345 0.65526 0.598205 0.54482 0.496695 0.451145 0.40781 0.36621 0.328405 0.294035 0.261885 0.231215 0.202055 
1 0.989955 0.971825 0.94161 0.89839 0.84381 0.781435 0.71858 0.65633 0.5954 0.537695 0.482715 0.430355 0.3819 0.337615 0.29664 0.259825 0.22623 0.19698 0.170175 
1 0.989945 0.972245 0.943425 0.901105 0.848085 0.786695 0.72147 0.65523 0.59133 0.532645 0.478035 0.429105 0.385375 0.34714 0.31318 0.282175 0.25272 0.224025 0.196325 
1 0.989045 0.96882 0.935575 0.8856 0.822805 0.75338 0.681635 0.613185 0.54666 0.48531 0.42815 0.377695 0.33286 0.291735 0.254 0.219935 0.18889 0.162125 0.13816 
