1 0.700726 0.345344 0.0844475 0.0056045 3.825e-05 5e-07 0 0 0 0 0 0 0 0 0 0 0 0 0 
1 0.699608 0.343346 0.0839572 0.00537275 2.8e-05 0 0 0 0 0 0 0 0 0 0 0 0 0 0 
1 0.699351 0.343787 0.0846512 0.0057385 4.275e-05 0 0 0 0 0 0 0 0 0 0 0 0 0 0 
1 0.698196 0.341275 0.0831842 0.005447 5.2e-05 0 0 0 0 0 0 0 0 0 0 0 0 0 0 
1 0.70002 0.344079 0.0843747 0.00560675 5.5e-05 0 0 0 0 0 0 0 0 0 0 0 0 0 0 
1 0.700131 0.344077 0.08441 0.00557825 3.925e-05 2.5e-07 0 0 0 0 0 0 0 0 0 0 0 0 0 
1 0.699278 0.343201 0.0840057 0.00555325 4.525e-05 0 0 0 0 0 0 0 0 0 0 0 0 0 0 
1 0.69966 0.343201 0.0842847 0.00575575 5.475e-05 0 0 0 0 0 0 0 0 0 0 0 0 0 0 
1 0.699623 0.34395 0.0849965 0.005533 5.325e-05 5e-07 0 0 0 0 0 0 0 0 0 0 0 0 0 
1 0.697864 0.34116 0.0829935 0.00551375 5.4e-05 0 0 0 0 0 0 0 0 0 0 0 0 0 0 
1 0.700274 0.343957 0.0845215 0.00569575 5.4e-05 2e-06 0 0 0 0 0 0 0 0 0 0 0 0 0 
1 0.700725 0.345006 0.0847302 0.00561725 5.4e-05 0 0 0 0 0 0 0 0 0 0 0 0 0 0 
1 0.700351 0.345407 0.0854002 0.005769 5.025e-05 0 0 0 0 0 0 0 0 0 0 0 0 0 0 
1 0.699737 0.343368 0.0846587 0.005578 3.8e-05 0 0 0 0 0 0 0 0 0 0 0 0 0 0 
1 0.700151 0.343984 0.0840345 0.0054 5.975e-05 0 0 0 0 0 0 0 0 0 0 0 0 0 0 
1 0.700991 0.345371 0.085075 0.0057475 5.075e-05 0 0 0 0 0 0 0 0 0 0 0 0 0 0 
1 0.700062 0.343664 0.0841607 0.00563225 5.125e-05 0 0 0 0 0 0 0 0 0 0 0 0 0 0 
1 0.699598 0.343416 0.0841435 0.005487 4.775e-05 0 0 0 0 0 0 0 0 0 0 0 0 0 0 
1 0.700226 0.343506 0.0842145 0.0056235 3.675e-05 0 0 0 0 0 0 0 0 0 0 0 0 0 0 
1 0.700397 0.34505 0.0853957 0.00576625 5.525e-05 7.5e-07 0 0 0 0 0 0 0 0 0 0 0 0 0 
1 0.700139 0.344529 0.0846382 0.0057005 5.15e-05 0 0 0 0 0 0 0 0 0 0 0 0 0 0 
1 0.698736 0.342083 0.0839667 0.00551075 4.025e-05 0 0 0 0 0 0 0 0 0 0 0 0 0 0 
1 0.701187 0.345876 0.08554 0.005801 5.375e-05 0 0 0 0 0 0 0 0 0 0 0 0 0 0 
1 0.70023 0.344071 0.0839715 0.005611 3.4e-05 0 0 0 0 0 0 0 0 0 0 0 0 0 0 
1 0.698651 0.342286 0.083971 0.005531 6.125e-05 0 0 0 0 0 0 0 0 0 0 0 0 0 0 
1 0.698355 0.34155 0.083369 0.00540875 3.8e-05 0 0 0 0 0 0 0 0 0 0 0 0 0 0 
1 0.699725 0.344712 0.0851945 0.00570525 5.275e-05 0 0 0 0 0 0 0 0 0 0 0 0 0 0 
1 0.700116 0.344037 0.0839837 0.005653 4.775e-05 0 0 0 0 0 0 0 0 0 0 0 0 0 0 
1 0.698585 0.342132 0.083038 0.00536625 6.075e-05 2.5e-07 0 0 0 0 0 0 0 0 0 0 0 0 0 
1 0.701149 0.346913 0.086573 0.0057615 3.775e-05 0 0 0 0 0 0 0 0 0 0 0 0 0 0 
1 0.701005 0.345028 0.0856765 0.0058605 6.75e-05 2e-06 0 0 0 0 0 0 0 0 0 0 0 0 0 
1 0.701906 0.348007 0.0869742 0.00599125 4.9e-05 0 0 0 0 0 0 0 0 0 0 0 0 0 0 
1 0.699204 0.342897 0.084548 0.005619 4.525e-05 2.5e-07 0 0 0 0 0 0 0 0 0 0 0 0 0 
1 0.698659 0.342118 0.0834767 0.005291 5.125e-05 0 0 0 0 0 0 0 0 0 0 0 0 0 0 
1 0.699677 0.343368 0.083496 0.0053725 4.525e-05 0 0 0 0 0 0 0 0 0 0 0 0 0 0 
1 0.697749 0.341374 0.083421 0.005463 4.8e-05 0 0 0 0 0 0 0 0 0 0 0 0 0 0 
1 0.700293 0.344479 0.085397 0.00564625 5.8e-05 0 0 0 0 0 0 0 0 0 0 0 0 0 0 
1 0.700611 0.344655 0.0852785 0.0058845 6.675e-05 0 0 0 0 0 0 0 0 0 0 0 0 0 0 
1 0.6972 0.340631 0.0833155 0.00546225 4.675e-05 0 0 0 0 0 0 0 0 0 0 0 0 0 0 
1 0.699708 0.344589 0.0851392 0.005642 4.925e-05 0 0 0 0 0 0 0 0 0 0 0 0 0 0 
1 0.698702 0.342536 0.0834042 0.00536775 5.175e-05 2.5e-06 0 0 0 0 0 0 0 0 0 0 0 0 0 
1 0.699241 0.343873 0.0845582 0.00554525 4.775e-05 0 0 0 0 0 0 0 0 0 0 0 0 0 0 
1 0.698938 0.34277 0.0843365 0.00540725 4.6e-05 1e-06 0 0 0 0 0 0 0 0 0 0 0 0 0 
1 0.69913 0.342714 0.0838287 0.0056005 5.05e-05 0 0 0 0 0 0 0 0 0 0 0 0 0 0 
1 0.699398 0.343689 0.0841965 0.00559 4.425e-05 0 0 0 0 0 0 0 0 0 0 0 0 0 0 
1 0.699911 0.343615 0.0842735 0.005607 4.325e-05 0 0 0 0 0 0 0 0 0 0 0 0 0 0 
1 0.698768 0.342584 0.0836315 0.005579 6.25e-05 0 0 0 0 0 0 0 0 0 0 0 0 0 0 
1 0.700052 0.344406 0.0852727 0.0056465 6.2e-05 0 0 0 0 0 0 0 0 0 0 0 0 0 0 
1 0.70016 0.344786 0.084938 0.00579475 5.625e-05 0 0 0 0 0 0 0 0 0 0 0 0 0 0 
1 0.700794 0.343881 0.0846817 0.0058475 4.6e-05 0 0 0 0 0 0 0 0 0 0 0 0 0 0 
1 0.699309 0.342713 0.0836247 0.0055595 5.45e-05 0 0 0 0 0 0 0 0 0 0 0 0 0 0 
1 0.697707 0.339352 0.0818725 0.0050335 2.75e-05 0 0 0 0 0 0 0 0 0 0 0 0 0 0 
1 0.701509 0.345991 0.085497 0.0057055 5.25e-05 0 0 0 0 0 0 0 0 0 0 0 0 0 0 
1 0.699109 0.342515 0.0841022 0.0054665 5.55e-05 2.5e-07 0 0 0 0 0 0 0 0 0 0 0 0 0 
1 0.699164 0.342555 0.0837547 0.00547725 6.9e-05 0 0 0 0 0 0 0 0 0 0 0 0 0 0 
1 0.700052 0.34463 0.0846612 0.00587275 5.5e-05 0 0 0 0 0 0 0 0 0 0 0 0 0 0 
1 0.70027 0.34571 0.0858827 0.00582525 5.925e-05 0 0 0 0 0 0 0 0 0 0 0 0 0 0 
1 0.700369 0.344993 0.08508 0.00564275 4e-05 0 0 0 0 0 0 0 0 0 0 0 0 0 0 
1 0.701943 0.347393 0.0867595 0.00591175 4.4e-05 0 0 0 0 0 0 0 0 0 0 0 0 0 0 
1 0.700622 0.345661 0.0854802 0.0057545 4.95e-05 0 0 0 0 0 0 0 0 0 0 0 0 0 0 
1 0.698753 0.342162 0.083496 0.0055475 5.5e-05 0 0 0 0 0 0 0 0 0 0 0 0 0 0 
1 0.69936 0.343283 0.084009 0.00554775 3.625e-05 0 0 0 0 0 0 0 0 0 0 0 0 0 0 
1 0.70145 0.346283 0.0862905 0.00594175 6.275e-05 0 0 0 0 0 0 0 0 0 0 0 0 0 0 
1 0.697924 0.340575 0.0826005 0.00525275 4.5e-05 0 0 0 0 0 0 0 0 0 0 0 0 0 0 
1 0.700716 0.344899 0.0850847 0.00563 5.15e-05 0 0 0 0 0 0 0 0 0 0 0 0 0 0 
1 0.699227 0.342689 0.0839377 0.00549225 6.3e-05 2.75e-06 0 0 0 0 0 0 0 0 0 0 0 0 0 
1 0.697289 0.340497 0.0830367 0.00560075 5.425e-05 0 0 0 0 0 0 0 0 0 0 0 0 0 0 
1 0.699878 0.343221 0.083911 0.00561425 6.1e-05 2.5e-07 0 0 0 0 0 0 0 0 0 0 0 0 0 
1 0.69863 0.341968 0.0834262 0.0053185 3.575e-05 0 0 0 0 0 0 0 0 0 0 0 0 0 0 
1 0.699894 0.343591 0.084579 0.005599 3.9e-05 0 0 0 0 0 0 0 0 0 0 0 0 0 0 
1 0.699636 0.343737 0.084416 0.00560425 3.85e-05 0 0 0 0 0 0 0 0 0 0 0 0 0 0 
1 0.700438 0.343853 0.0842505 0.005592 5.175e-05 1e-06 0 0 0 0 0 0 0 0 0 0 0 0 0 
1 0.700578 0.344542 0.0846617 0.00574375 5.6e-05 0 0 0 0 0 0 0 0 0 0 0 0 0 0 
1 0.700721 0.344619 0.0841262 0.00559325 6.4e-05 0 0 0 0 0 0 0 0 0 0 0 0 0 0 
1 0.700227 0.344447 0.0848947 0.00572625 4.75e-05 0 0 0 0 0 0 0 0 0 0 0 0 0 0 
1 0.69857 0.341439 0.0825382 0.0053335 4.625e-05 0 0 0 0 0 0 0 0 0 0 0 0 0 0 
1 0.701463 0.346192 0.0859617 0.005866 4.375e-05 0 0 0 0 0 0 0 0 0 0 0 0 0 0 
1 0.700841 0.345097 0.0850895 0.00566075 4.875e-05 0 0 0 0 0 0 0 0 0 0 0 0 0 0 
1 0.69843 0.341635 0.0828422 0.0053505 4.75e-05 1.25e-06 0 0 0 0 0 0 0 0 0 0 0 0 0 
1 0.698114 0.341385 0.0828792 0.0053535 4.25e-05 0 0 0 0 0 0 0 0 0 0 0 0 0 0 
1 0.69917 0.343395 0.084096 0.005751 4.925e-05 0 0 0 0 0 0 0 0 0 0 0 0 0 0 
1 0.700776 0.345747 0.0862435 0.0058535 5.725e-05 0 0 0 0 0 0 0 0 0 0 0 0 0 0 
1 0.697167 0.339975 0.0821417 0.00530675 3.625e-05 0 0 0 0 0 0 0 0 0 0 0 0 0 0 
1 0.697986 0.341413 0.0834395 0.005471 4.8e-05 0 0 0 0 0 0 0 0 0 0 0 0 0 0 
1 0.702454 0.346177 0.0858602 0.0058965 5.2e-05 5e-07 0 0 0 0 0 0 0 0 0 0 0 0 0 
1 0.700469 0.346174 0.086107 0.00577425 5.3e-05 0 0 0 0 0 0 0 0 0 0 0 0 0 0 
1 0.699982 0.343919 0.0839665 0.005579 6.925e-05 0 0 0 0 0 0 0 0 0 0 0 0 0 0 
1 0.699746 0.343784 0.084102 0.0057115 5.4e-05 0 0 0 0 0 0 0 0 0 0 0 0 0 0 
1 0.698976 0.342355 0.0831532 0.00548175 2.725e-05 0 0 0 0 0 0 0 0 0 0 0 0 0 0 
1 0.701162 0.345548 0.085231 0.00583775 5.825e-05 1.25e-06 0 0 0 0 0 0 0 0 0 0 0 0 0 
1 0.701597 0.346457 0.0863072 0.0060215 5.75e-05 0 0 0 0 0 0 0 0 0 0 0 0 0 0 
1 0.700489 0.344617 0.084738 0.0056945 5.025e-05 0 0 0 0 0 0 0 0 0 0 0 0 0 0 
1 0.698263 0.34055 0.0824037 0.00517 3.725e-05 0 0 0 0 0 0 0 0 0 0 0 0 0 0 
1 0.70013 0.344221 0.085015 0.00577875 3.7e-05 5e-07 0 0 0 0 0 0 0 0 0 0 0 0 0 
1 0.7 0.34381 0.0847537 0.0056645 4.275e-05 0 0 0 0 0 0 0 0 0 0 0 0 0 0 
1 0.699317 0.342281 0.0836992 0.00552375 5.2e-05 2.5e-07 0 0 0 0 0 0 0 0 0 0 0 0 0 
1 0.700088 0.344363 0.0853777 0.00549925 5.8e-05 0 0 0 0 0 0 0 0 0 0 0 0 0 0 
1 0.699152 0.342699 0.0838565 0.005548 4.25e-05 0 0 0 0 0 0 0 0 0 0 0 0 0 0 
1 0.7003 0.345115 0.085572 0.0058215 6.075e-05 0 0 0 0 0 0 0 0 0 0 0 0 0 0 
1 0.699944 0.342956 0.084042 0.005653 6.6e-05 0 0 0 0 0 0 0 0 0 0 0 0 0 0 
1 0.700036 0.344244 0.0846892 0.005722 3.9e-05 0 0 0 0 0 0 0 0 0 0 0 0 0 0 
1 0.699907 0.342876 0.0838255 0.00549425 3.45e-05 0 0 0 0 0 0 0 0 0 0 0 0 0 0 
1 0.700552 0.345136 0.0848502 0.0055115 4.675e-05 0 0 0 0 0 0 0 0 0 0 0 0 0 0 
1 0.700095 0.343501 0.0842362 0.00551725 3.5e-05 0 0 0 0 0 0 0 0 0 0 0 0 0 0 
1 0.701205 0.346327 0.0855305 0.005957 7.1e-05 0 0 0 0 0 0 0 0 0 0 0 0 0 0 
1 0.699778 0.344316 0.084575 0.005492 6.575e-05 1.25e-06 0 0 0 0 0 0 0 0 0 0 0 0 0 
1 0.700655 0.345316 0.0853335 0.0057825 4.8e-05 0 0 0 0 0 0 0 0 0 0 0 0 0 0 
1 0.70105 0.345329 0.0856242 0.00584125 5.675e-05 0 0 0 0 0 0 0 0 0 0 0 0 0 0 
1 0.698906 0.342556 0.0835995 0.005426 3.675e-05 0 0 0 0 0 0 0 0 0 0 0 0 0 0 
1 0.699125 0.34193 0.0832667 0.0053465 4.65e-05 0 0 0 0 0 0 0 0 0 0 0 0 0 0 
1 0.701161 0.346471 0.0854065 0.00573075 6.2e-05 0 0 0 0 0 0 0 0 0 0 0 0 0 0 
1 0.701506 0.346712 0.0860302 0.005688 6.6e-05 0 0 0 0 0 0 0 0 0 0 0 0 0 0 
1 0.700798 0.345543 0.085791 0.00580625 4.725e-05 0 0 0 0 0 0 0 0 0 0 0 0 0 0 
1 0.699043 0.342516 0.0835077 0.00533375 5.325e-05 2.25e-06 0 0 0 0 0 0 0 0 0 0 0 0 0 
1 0.701852 0.347086 0.0870402 0.00592475 7.025e-05 0 0 0 0 0 0 0 0 0 0 0 0 0 0 
1 0.69997 0.343463 0.0839727 0.00551225 6.55e-05 0 0 0 0 0 0 0 0 0 0 0 0 0 0 
1 0.701264 0.345519 0.085388 0.00595475 5.875e-05 0 0 0 0 0 0 0 0 0 0 0 0 0 0 
1 0.700105 0.344994 0.0847332 0.00571025 5.125e-05 0 0 0 0 0 0 0 0 0 0 0 0 0 0 
1 0.700984 0.345725 0.0854145 0.0058175 5.525e-05 0 0 0 0 0 0 0 0 0 0 0 0 0 0 
1 0.698251 0.341495 0.0828857 0.0053665 2.675e-05 0 0 0 0 0 0 0 0 0 0 0 0 0 0 
1 0.699054 0.342387 0.0832645 0.0054965 6.075e-05 7.5e-07 0 0 0 0 0 0 0 0 0 0 0 0 0 
1 0.699506 0.344171 0.0850175 0.0057015 6.325e-05 0 0 0 0 0 0 0 0 0 0 0 0 0 0 
1 0.700224 0.343692 0.083966 0.0055815 4.3e-05 0 0 0 0 0 0 0 0 0 0 0 0 0 0 
1 0.701371 0.346128 0.0856172 0.00586775 5.825e-05 0 0 0 0 0 0 0 0 0 0 0 0 0 0 
1 0.699501 0.343525 0.084248 0.005723 4.175e-05 0 0 0 0 0 0 0 0 0 0 0 0 0 0 
1 0.699919 0.344333 0.0849925 0.00570325 5.025e-05 0 0 0 0 0 0 0 0 0 0 0 0 0 0 
1 0.700216 0.344038 0.084237 0.005517 7.725e-05 0 0 0 0 0 0 0 0 0 0 0 0 0 0 
1 0.700182 0.34391 0.083896 0.005441 4.325e-05 0 0 0 0 0 0 0 0 0 0 0 0 0 0 
1 0.702943 0.347815 0.0866375 0.00594525 4.9e-05 0 0 0 0 0 0 0 0 0 0 0 0 0 0 
1 0.700619 0.345517 0.085536 0.00592875 5.65e-05 0 0 0 0 0 0 0 0 0 0 0 0 0 0 
1 0.700743 0.345447 0.0854355 0.00580075 5.675e-05 0 0 0 0 0 0 0 0 0 0 0 0 0 0 
1 0.701514 0.347448 0.0869197 0.006079 5.05e-05 0 0 0 0 0 0 0 0 0 0 0 0 0 0 
1 0.699849 0.344138 0.0843807 0.0055245 3.175e-05 0 0 0 0 0 0 0 0 0 0 0 0 0 0 
1 0.699287 0.34295 0.0837935 0.0053455 4.85e-05 0 0 0 0 0 0 0 0 0 0 0 0 0 0 
1 0.700081 0.34471 0.0852562 0.00561 4.7e-05 0 0 0 0 0 0 0 0 0 0 0 0 0 0 
1 0.702069 0.346524 0.0859432 0.0057655 4.075e-05 0 0 0 0 0 0 0 0 0 0 0 0 0 0 
1 0.701283 0.345823 0.0855305 0.00557275 5e-05 0 0 0 0 0 0 0 0 0 0 0 0 0 0 
1 0.699834 0.34385 0.0844017 0.00550225 4.75e-05 0 0 0 0 0 0 0 0 0 0 0 0 0 0 
1 0.699624 0.343385 0.0844765 0.00575725 5.25e-05 0 0 0 0 0 0 0 0 0 0 0 0 0 0 
1 0.699747 0.344527 0.0851675 0.00569125 6.65e-05 0 0 0 0 0 0 0 0 0 0 0 0 0 0 
1 0.698409 0.341852 0.083546 0.00550175 5.2e-05 0 0 0 0 0 0 0 0 0 0 0 0 0 0 
1 0.701192 0.346241 0.0858437 0.00583475 6.3e-05 2.5e-07 0 0 0 0 0 0 0 0 0 0 0 0 0 
1 0.700656 0.344346 0.084458 0.00572525 5.025e-05 0 0 0 0 0 0 0 0 0 0 0 0 0 0 
1 0.698832 0.341999 0.0829287 0.00546475 6.55e-05 0 0 0 0 0 0 0 0 0 0 0 0 0 0 
1 0.700238 0.343698 0.0844542 0.00549775 4.55e-05 2.5e-07 0 0 0 0 0 0 0 0 0 0 0 0 0 
1 0.697261 0.340629 0.082811 0.005377 4.875e-05 0 0 0 0 0 0 0 0 0 0 0 0 0 0 
1 0.700549 0.345457 0.0853187 0.00569775 5.125e-05 0 0 0 0 0 0 0 0 0 0 0 0 0 0 
1 0.699542 0.344054 0.0850062 0.0056255 4.975e-05 0 0 0 0 0 0 0 0 0 0 0 0 0 0 
1 0.69833 0.341728 0.0832935 0.0055245 4.25e-05 0 0 0 0 0 0 0 0 0 0 0 0 0 0 
1 0.699596 0.34287 0.0839077 0.0054635 4.175e-05 0 0 0 0 0 0 0 0 0 0 0 0 0 0 
1 0.698978 0.342626 0.0839032 0.005403 4.125e-05 0 0 0 0 0 0 0 0 0 0 0 0 0 0 
1 0.700803 0.345086 0.0852947 0.00574775 5.2e-05 0 0 0 0 0 0 0 0 0 0 0 0 0 0 
1 0.698785 0.342014 0.0833792 0.0054 3.825e-05 0 0 0 0 0 0 0 0 0 0 0 0 0 0 
1 0.701708 0.346815 0.0861352 0.00577275 5.6e-05 0 0 0 0 0 0 0 0 0 0 0 0 0 0 
1 0.700177 0.345044 0.0852947 0.0057955 5.7e-05 0 0 0 0 0 0 0 0 0 0 0 0 0 0 
1 0.69759 0.339919 0.0830817 0.005228 4.45e-05 0 0 0 0 0 0 0 0 0 0 0 0 0 0 
1 0.700518 0.344475 0.0848317 0.00585625 5e-05 0 0 0 0 0 0 0 0 0 0 0 0 0 0 
1 0.7001 0.344436 0.084599 0.00571825 4.8e-05 0 0 0 0 0 0 0 0 0 0 0 0 0 0 
1 0.697871 0.341823 0.0834892 0.0054715 5.225e-05 3.75e-06 0 0 0 0 0 0 0 0 0 0 0 0 0 
1 0.700692 0.345149 0.0847595 0.00563125 5.8e-05 0 0 0 0 0 0 0 0 0 0 0 0 0 0 
1 0.699934 0.344006 0.0840817 0.0055 4.65e-05 0 0 0 0 0 0 0 0 0 0 0 0 0 0 
1 0.699161 0.342856 0.083461 0.005301 4.625e-05 0 0 0 0 0 0 0 0 0 0 0 0 0 0 
1 0.697873 0.340569 0.0829057 0.00549675 4.35e-05 1.25e-06 0 0 0 0 0 0 0 0 0 0 0 0 0 
1 0.700284 0.344617 0.0843425 0.00567175 5.125e-05 0 0 0 0 0 0 0 0 0 0 0 0 0 0 
1 0.700586 0.344509 0.0842517 0.00557275 4.975e-05 0 0 0 0 0 0 0 0 0 0 0 0 0 0 
1 0.702044 0.347516 0.0865377 0.00577475 6.15e-05 0 0 0 0 0 0 0 0 0 0 0 0 0 0 
1 0.700454 0.344642 0.085138 0.005701 4.25e-05 0 0 0 0 0 0 0 0 0 0 0 0 0 0 
1 0.699163 0.34309 0.0833875 0.00549625 5.6e-05 0 0 0 0 0 0 0 0 0 0 0 0 0 0 
1 0.6978 0.339472 0.0818497 0.00516775 5.05e-05 0 0 0 0 0 0 0 0 0 0 0 0 0 0 
1 0.700038 0.343609 0.084455 0.00561725 4.9e-05 1.25e-06 0 0 0 0 0 0 0 0 0 0 0 0 0 
1 0.69956 0.343506 0.0842925 0.00550825 5.675e-05 0 0 0 0 0 0 0 0 0 0 0 0 0 0 
1 0.700066 0.344533 0.0848515 0.00556175 6.225e-05 0 0 0 0 0 0 0 0 0 0 0 0 0 0 
1 0.699647 0.343281 0.0842062 0.005526 4.8e-05 0 0 0 0 0 0 0 0 0 0 0 0 0 0 
1 0.700907 0.345305 0.0850527 0.00570275 4.625e-05 0 0 0 0 0 0 0 0 0 0 0 0 0 0 
1 0.700488 0.345752 0.085941 0.00578325 5.55e-05 0 0 0 0 0 0 0 0 0 0 0 0 0 0 
1 0.699438 0.343481 0.083961 0.0056205 4.775e-05 0 0 0 0 0 0 0 0 0 0 0 0 0 0 
1 0.699185 0.343321 0.0846675 0.00569225 7.3e-05 0 0 0 0 0 0 0 0 0 0 0 0 0 0 
1 0.700688 0.345765 0.08545 0.00567025 5.7e-05 0 0 0 0 0 0 0 0 0 0 0 0 0 0 
1 0.700839 0.345515 0.0851357 0.00578 3.875e-05 1.75e-06 0 0 0 0 0 0 0 0 0 0 0 0 0 
1 0.702061 0.34779 0.0864582 0.00586425 5.925e-05 0 0 0 0 0 0 0 0 0 0 0 0 0 0 
1 0.700018 0.344656 0.0856385 0.00562525 5.225e-05 0 0 0 0 0 0 0 0 0 0 0 0 0 0 
1 0.699992 0.344361 0.0848185 0.00573275 7.3e-05 0 0 0 0 0 0 0 0 0 0 0 0 0 0 
1 0.699864 0.343382 0.0840377 0.00565825 4.425e-05 0 0 0 0 0 0 0 0 0 0 0 0 0 0 
1 0.698436 0.34205 0.0836775 0.005524 4.75e-05 0 0 0 0 0 0 0 0 0 0 0 0 0 0 
1 0.70168 0.346468 0.0858037 0.00579475 5.3e-05 0 0 0 0 0 0 0 0 0 0 0 0 0 0 
1 0.697729 0.341172 0.0827895 0.00563475 7.35e-05 5e-07 0 0 0 0 0 0 0 0 0 0 0 0 0 
1 0.700586 0.343807 0.084262 0.00554 5.675e-05 0 0 0 0 0 0 0 0 0 0 0 0 0 0 
1 0.700704 0.345655 0.0855637 0.00584925 5.925e-05 0 0 0 0 0 0 0 0 0 0 0 0 0 0 
1 0.698937 0.342266 0.083145 0.0053755 4.025e-05 0 0 0 0 0 0 0 0 0 0 0 0 0 0 
1 0.700265 0.34465 0.0847625 0.00567175 4.9e-05 0 0 0 0 0 0 0 0 0 0 0 0 0 0 
1 0.699469 0.3442 0.0845565 0.005441 4.3e-05 0 0 0 0 0 0 0 0 0 0 0 0 0 0 
1 0.700476 0.345291 0.085029 0.0056305 5.9e-05 0 0 0 0 0 0 0 0 0 0 0 0 0 0 
1 0.699867 0.343895 0.0846837 0.00585875 4.975e-05 0 0 0 0 0 0 0 0 0 0 0 0 0 0 
1 0.700752 0.344771 0.0846487 0.00549825 5.875e-05 5e-07 0 0 0 0 0 0 0 0 0 0 0 0 0 
1 0.700944 0.345956 0.0859205 0.00572875 5.65e-05 0 0 0 0 0 0 0 0 0 0 0 0 0 0 
1 0.698325 0.342524 0.0834655 0.005513 4.85e-05 0 0 0 0 0 0 0 0 0 0 0 0 0 0 
1 0.70196 0.347584 0.0861532 0.00586125 5e-05 0 0 0 0 0 0 0 0 0 0 0 0 0 0 
1 0.702014 0.348031 0.0866035 0.00583225 5.4e-05 0 0 0 0 0 0 0 0 0 0 0 0 0 0 
1 0.698035 0.341976 0.0834415 0.005591 4.2e-05 0 0 0 0 0 0 0 0 0 0 0 0 0 0 
1 0.700755 0.344985 0.0853047 0.00559925 4.8e-05 0 0 0 0 0 0 0 0 0 0 0 0 0 0 
1 0.700349 0.344073 0.084655 0.0056805 4.7e-05 0 0 0 0 0 0 0 0 0 0 0 0 0 0 
1 0.699623 0.344003 0.0848135 0.0057065 7.275e-05 2.5e-07 0 0 0 0 0 0 0 0 0 0 0 0 0 
1 0.699104 0.342135 0.0828857 0.005302 4.45e-05 0 0 0 0 0 0 0 0 0 0 0 0 0 0 
1 0.698845 0.342619 0.0838635 0.0055955 2.9e-05 0 0 0 0 0 0 0 0 0 0 0 0 0 0 
1 0.699838 0.343125 0.0842827 0.00565025 6.05e-05 0 0 0 0 0 0 0 0 0 0 0 0 0 0 
1 0.700656 0.345343 0.0858677 0.00593675 4.425e-05 0 0 0 0 0 0 0 0 0 0 0 0 0 0 
1 0.699518 0.343023 0.084056 0.00554775 3.65e-05 0 0 0 0 0 0 0 0 0 0 0 0 0 0 
1 0.698685 0.341387 0.0835717 0.00552375 4.35e-05 0 0 0 0 0 0 0 0 0 0 0 0 0 0 
1 0.700996 0.346088 0.0858072 0.00588375 6.325e-05 0 0 0 0 0 0 0 0 0 0 0 0 0 0 
1 0.700565 0.345379 0.0851372 0.00568425 5.35e-05 0 0 0 0 0 0 0 0 0 0 0 0 0 0 
1 0.700903 0.345122 0.085198 0.00564275 4.45e-05 0 0 0 0 0 0 0 0 0 0 0 0 0 0 
1 0.701448 0.347555 0.0861042 0.005809 4.225e-05 0 0 0 0 0 0 0 0 0 0 0 0 0 0 
1 0.700206 0.343839 0.0844122 0.00551225 6.225e-05 0 0 0 0 0 0 0 0 0 0 0 0 0 0 
1 0.700933 0.34573 0.08563 0.00570625 6.025e-05 0 0 0 0 0 0 0 0 0 0 0 0 0 0 
1 0.698866 0.341915 0.0832342 0.00542975 4.5e-05 2.75e-06 0 0 0 0 0 0 0 0 0 0 0 0 0 
1 0.700649 0.345673 0.084565 0.005597 5.2e-05 0 0 0 0 0 0 0 0 0 0 0 0 0 0 
1 0.699801 0.344003 0.0846195 0.005657 4.75e-05 0 0 0 0 0 0 0 0 0 0 0 0 0 0 
1 0.701628 0.347036 0.0867345 0.00598375 6.175e-05 0 0 0 0 0 0 0 0 0 0 0 0 0 0 
1 0.699973 0.344527 0.0847167 0.00558175 3.95e-05 0 0 0 0 0 0 0 0 0 0 0 0 0 0 
1 0.70002 0.343345 0.0840715 0.0055725 5.85e-05 0 0 0 0 0 0 0 0 0 0 0 0 0 0 
1 0.699643 0.343358 0.0840462 0.00553275 4.125e-05 0 0 0 0 0 0 0 0 0 0 0 0 0 0 
1 0.700124 0.344354 0.083975 0.0055655 5.9e-05 0 0 0 0 0 0 0 0 0 0 0 0 0 0 
1 0.701723 0.347207 0.0868592 0.00607775 8.275e-05 7.5e-07 0 0 0 0 0 0 0 0 0 0 0 0 0 
1 0.697454 0.34024 0.0818672 0.00519675 5.175e-05 0 0 0 0 0 0 0 0 0 0 0 0 0 0 
1 0.699706 0.34379 0.0846255 0.00562025 6.7e-05 0 0 0 0 0 0 0 0 0 0 0 0 0 0 
1 0.700298 0.344039 0.0849455 0.0058225 5.875e-05 0 0 0 0 0 0 0 0 0 0 0 0 0 0 
1 0.7008 0.344853 0.084864 0.0057085 4.7e-05 0 0 0 0 0 0 0 0 0 0 0 0 0 0 
1 0.700237 0.344146 0.0854975 0.006012 6.3e-05 0 0 0 0 0 0 0 0 0 0 0 0 0 0 
1 0.700435 0.344609 0.0850372 0.00575125 4.25e-05 0 0 0 0 0 0 0 0 0 0 0 0 0 0 
1 0.6981 0.341922 0.0832922 0.00545875 4.1e-05 0 0 0 0 0 0 0 0 0 0 0 0 0 0 
1 0.70045 0.344695 0.0847135 0.00569875 8.125e-05 0 0 0 0 0 0 0 0 0 0 0 0 0 0 
1 0.699169 0.342707 0.0834365 0.00541825 4.7e-05 0 0 0 0 0 0 0 0 0 0 0 0 0 0 
1 0.69934 0.343133 0.0837692 0.00552425 5.575e-05 0 0 0 0 0 0 0 0 0 0 0 0 0 0 
1 0.699636 0.343479 0.084169 0.0055555 6.55e-05 2e-06 0 0 0 0 0 0 0 0 0 0 0 0 0 
1 0.699113 0.342816 0.0838917 0.00534275 4.45e-05 2.5e-07 0 0 0 0 0 0 0 0 0 0 0 0 0 
1 0.700362 0.345155 0.0850955 0.00565575 6.025e-05 0 0 0 0 0 0 0 0 0 0 0 0 0 0 
1 0.701592 0.346304 0.0859732 0.0056825 5.425e-05 7.5e-07 0 0 0 0 0 0 0 0 0 0 0 0 0 
1 0.701133 0.345785 0.0855377 0.005955 5.25e-05 2.5e-07 0 0 0 0 0 0 0 0 0 0 0 0 0 
1 0.700364 0.344245 0.0853332 0.0058245 5.875e-05 0 0 0 0 0 0 0 0 0 0 0 0 0 0 
1 0.699753 0.34343 0.0841352 0.0055725 4.65e-05 0 0 0 0 0 0 0 0 0 0 0 0 0 0 
1 0.699087 0.341972 0.083158 0.00566675 7.225e-05 7.5e-07 0 0 0 0 0 0 0 0 0 0 0 0 0 
1 0.699963 0.345194 0.0856142 0.00594275 5.05e-05 0 0 0 0 0 0 0 0 0 0 0 0 0 0 
1 0.700459 0.345482 0.085416 0.00572075 4.75e-05 0 0 0 0 0 0 0 0 0 0 0 0 0 0 
1 0.699399 0.34299 0.083366 0.00536625 4.15e-05 7.5e-07 0 0 0 0 0 0 0 0 0 0 0 0 0 
1 0.699568 0.344045 0.0844582 0.00554825 4.425e-05 0 0 0 0 0 0 0 0 0 0 0 0 0 0 
1 0.699703 0.343182 0.0841465 0.0056795 4.025e-05 0 0 0 0 0 0 0 0 0 0 0 0 0 0 
1 0.698761 0.342129 0.0831445 0.00515575 3.475e-05 0 0 0 0 0 0 0 0 0 0 0 0 0 0 
1 0.699257 0.34235 0.0838115 0.0054675 3e-05 2.5e-07 0 0 0 0 0 0 0 0 0 0 0 0 0 
1 0.69991 0.343296 0.0840422 0.0054545 3.875e-05 0 0 0 0 0 0 0 0 0 0 0 0 0 0 
1 0.699976 0.343873 0.0842597 0.00546 5.75e-05 0 0 0 0 0 0 0 0 0 0 0 0 0 0 
1 0.700712 0.345316 0.085444 0.0057635 6.15e-05 0 0 0 0 0 0 0 0 0 0 0 0 0 0 
1 0.699775 0.342484 0.0835782 0.00546525 4.475e-05 0 0 0 0 0 0 0 0 0 0 0 0 0 0 
1 0.701064 0.345337 0.0853635 0.00565025 4.925e-05 0 0 0 0 0 0 0 0 0 0 0 0 0 0 
1 0.700813 0.344009 0.0844402 0.00570225 4.9e-05 0 0 0 0 0 0 0 0 0 0 0 0 0 0 
1 0.699856 0.343669 0.0849585 0.00564525 5.175e-05 0 0 0 0 0 0 0 0 0 0 0 0 0 0 
1 0.699467 0.343261 0.0841172 0.00564825 5.175e-05 1e-06 0 0 0 0 0 0 0 0 0 0 0 0 0 
1 0.700563 0.343585 0.0841202 0.00543525 4.75e-05 0 0 0 0 0 0 0 0 0 0 0 0 0 0 
1 0.700696 0.344465 0.0845442 0.00599625 6.65e-05 4.25e-06 0 0 0 0 0 0 0 0 0 0 0 0 0 
1 0.700466 0.345246 0.0852355 0.00568325 6.15e-05 2.5e-07 0 0 0 0 0 0 0 0 0 0 0 0 0 
1 0.700383 0.344627 0.0844862 0.0054185 5.475e-05 3e-06 0 0 0 0 0 0 0 0 0 0 0 0 0 
1 0.700805 0.345466 0.0860375 0.0059225 6.325e-05 0 0 0 0 0 0 0 0 0 0 0 0 0 0 
1 0.699975 0.343923 0.0845062 0.00564675 4.875e-05 0 0 0 0 0 0 0 0 0 0 0 0 0 0 
1 0.698222 0.340516 0.082998 0.00532825 4.8e-05 0 0 0 0 0 0 0 0 0 0 0 0 0 0 
1 0.70044 0.344947 0.0854887 0.00579225 7.1e-05 0 0 0 0 0 0 0 0 0 0 0 0 0 0 
1 0.69871 0.341932 0.0835325 0.0054815 4.625e-05 0 0 0 0 0 0 0 0 0 0 0 0 0 0 
1 0.700486 0.344169 0.0841195 0.00570675 4.725e-05 5e-07 0 0 0 0 0 0 0 0 0 0 0 0 0 
1 0.701509 0.346734 0.0868147 0.006056 5.15e-05 0 0 0 0 0 0 0 0 0 0 0 0 0 0 
1 0.697003 0.34001 0.0820697 0.0051595 5.35e-05 0 0 0 0 0 0 0 0 0 0 0 0 0 0 
1 0.700255 0.34406 0.08393 0.00546125 4.925e-05 0 0 0 0 0 0 0 0 0 0 0 0 0 0 
1 0.699676 0.343186 0.0839697 0.00547675 2.925e-05 0 0 0 0 0 0 0 0 0 0 0 0 0 0 
1 0.700141 0.344426 0.085349 0.005863 5.55e-05 0 0 0 0 0 0 0 0 0 0 0 0 0 0 
1 0.697402 0.33987 0.0816822 0.0054095 5.125e-05 0 0 0 0 0 0 0 0 0 0 0 0 0 0 
1 0.699174 0.342177 0.082931 0.005264 5e-05 2.5e-07 0 0 0 0 0 0 0 0 0 0 0 0 0 
1 0.700245 0.344294 0.0853712 0.00587525 4.475e-05 0 0 0 0 0 0 0 0 0 0 0 0 0 0 
1 0.700391 0.344634 0.0851805 0.005793 5.275e-05 1.75e-06 0 0 0 0 0 0 0 0 0 0 0 0 0 
1 0.6997 0.344376 0.0851325 0.00587025 6.15e-05 0 0 0 0 0 0 0 0 0 0 0 0 0 0 
1 0.700898 0.345421 0.0853042 0.00576625 5.525e-05 0 0 0 0 0 0 0 0 0 0 0 0 0 0 
1 0.699243 0.344267 0.085235 0.0058665 6.95e-05 7.5e-07 0 0 0 0 0 0 0 0 0 0 0 0 0 
1 0.700278 0.343686 0.0840907 0.00564325 3.825e-05 2.5e-07 0 0 0 0 0 0 0 0 0 0 0 0 0 
1 0.700147 0.344712 0.0853942 0.00576775 7.275e-05 5e-07 0 0 0 0 0 0 0 0 0 0 0 0 0 
1 0.698619 0.341592 0.083989 0.00554525 5.85e-05 2.5e-07 0 0 0 0 0 0 0 0 0 0 0 0 0 
1 0.700255 0.345304 0.085563 0.0059515 6.125e-05 2.5e-07 0 0 0 0 0 0 0 0 0 0 0 0 0 
1 0.698968 0.342175 0.0834495 0.00551725 3.95e-05 0 0 0 0 0 0 0 0 0 0 0 0 0 0 
1 0.70003 0.343963 0.0844327 0.005577 3.7e-05 2.5e-07 0 0 0 0 0 0 0 0 0 0 0 0 0 
1 0.699575 0.344054 0.0845952 0.005658 4.425e-05 0 0 0 0 0 0 0 0 0 0 0 0 0 0 
1 0.70128 0.346483 0.0859717 0.00579975 5.075e-05 0 0 0 0 0 0 0 0 0 0 0 0 0 0 
1 0.700378 0.345161 0.0852925 0.005683 4.825e-05 0 0 0 0 0 0 0 0 0 0 0 0 0 0 
1 0.701136 0.345843 0.0856257 0.0056755 4.55e-05 5e-07 0 0 0 0 0 0 0 0 0 0 0 0 0 
1 0.698925 0.342511 0.0835007 0.00542475 4.125e-05 0 0 0 0 0 0 0 0 0 0 0 0 0 0 
1 0.700144 0.343961 0.084934 0.0056425 5.4e-05 0 0 0 0 0 0 0 0 0 0 0 0 0 0 
1 0.702857 0.348037 0.0867527 0.0061015 6.625e-05 5e-07 0 0 0 0 0 0 0 0 0 0 0 0 0 
1 0.701194 0.346902 0.087104 0.006064 6.1e-05 0 0 0 0 0 0 0 0 0 0 0 0 0 0 
1 0.700451 0.344175 0.0849037 0.00552575 5.15e-05 0 0 0 0 0 0 0 0 0 0 0 0 0 0 
1 0.699811 0.342993 0.0839197 0.0055085 5.925e-05 3e-06 0 0 0 0 0 0 0 0 0 0 0 0 0 
1 0.699615 0.344282 0.0849815 0.00550575 4.9e-05 0 0 0 0 0 0 0 0 0 0 0 0 0 0 
1 0.699009 0.34281 0.0839147 0.0054795 3.425e-05 0 0 0 0 0 0 0 0 0 0 0 0 0 0 
1 0.699915 0.343945 0.0845555 0.005392 4.8e-05 0 0 0 0 0 0 0 0 0 0 0 0 0 0 
1 0.698713 0.342302 0.0832337 0.00543075 5.85e-05 1.25e-06 0 0 0 0 0 0 0 0 0 0 0 0 0 
1 0.70051 0.344971 0.0850635 0.0056745 4.625e-05 0 0 0 0 0 0 0 0 0 0 0 0 0 0 
1 0.699246 0.342629 0.08396 0.005573 5.35e-05 0 0 0 0 0 0 0 0 0 0 0 0 0 0 
1 0.701988 0.346542 0.08584 0.00567925 5.05e-05 0 0 0 0 0 0 0 0 0 0 0 0 0 0 
1 0.700579 0.344876 0.0844785 0.005542 4.4e-05 0 0 0 0 0 0 0 0 0 0 0 0 0 0 
1 0.700513 0.345344 0.0853052 0.0057535 4.45e-05 1.75e-06 0 0 0 0 0 0 0 0 0 0 0 0 0 
1 0.700552 0.344467 0.0853052 0.00564625 6.05e-05 0 0 0 0 0 0 0 0 0 0 0 0 0 0 
1 0.700361 0.344621 0.0846212 0.00561725 4.325e-05 0 0 0 0 0 0 0 0 0 0 0 0 0 0 
1 0.699948 0.344374 0.0850302 0.00564075 5.225e-05 0 0 0 0 0 0 0 0 0 0 0 0 0 0 
1 0.700898 0.345674 0.0860745 0.005856 7.85e-05 7.5e-07 0 0 0 0 0 0 0 0 0 0 0 0 0 
1 0.69897 0.342436 0.083211 0.0052765 4.475e-05 0 0 0 0 0 0 0 0 0 0 0 0 0 0 
1 0.697651 0.3406 0.082603 0.00528125 3.85e-05 0 0 0 0 0 0 0 0 0 0 0 0 0 0 
1 0.700599 0.344069 0.084172 0.00566275 4.725e-05 0 0 0 0 0 0 0 0 0 0 0 0 0 0 
1 0.700695 0.344719 0.0851352 0.00564575 5.175e-05 0 0 0 0 0 0 0 0 0 0 0 0 0 0 
1 0.699253 0.343049 0.084254 0.0058835 6.1e-05 0 0 0 0 0 0 0 0 0 0 0 0 0 0 
1 0.699387 0.341672 0.0833567 0.00546925 5.4e-05 2.5e-07 0 0 0 0 0 0 0 0 0 0 0 0 0 
1 0.700167 0.343712 0.0843777 0.005445 4.475e-05 0 0 0 0 0 0 0 0 0 0 0 0 0 0 
1 0.700547 0.344517 0.0847352 0.00584775 5.925e-05 0 0 0 0 0 0 0 0 0 0 0 0 0 0 
1 0.698885 0.342929 0.0840327 0.0056365 8.325e-05 0 0 0 0 0 0 0 0 0 0 0 0 0 0 
1 0.700599 0.344998 0.0847985 0.0055965 2.625e-05 0 0 0 0 0 0 0 0 0 0 0 0 0 0 
1 0.698556 0.342133 0.0834552 0.005449 4.725e-05 2.5e-07 0 0 0 0 0 0 0 0 0 0 0 0 0 
1 0.697113 0.34013 0.082493 0.00539125 4.725e-05 0 0 0 0 0 0 0 0 0 0 0 0 0 0 
1 0.699268 0.343698 0.084329 0.005503 5.425e-05 0 0 0 0 0 0 0 0 0 0 0 0 0 0 
1 0.699201 0.343806 0.084755 0.0056515 3.05e-05 0 0 0 0 0 0 0 0 0 0 0 0 0 0 
1 0.70058 0.344298 0.0846827 0.00573125 4.15e-05 0 0 0 0 0 0 0 0 0 0 0 0 0 0 
1 0.6994 0.342522 0.0836587 0.005403 3.6e-05 0 0 0 0 0 0 0 0 0 0 0 0 0 0 
1 0.699458 0.343945 0.0842447 0.00561625 4.75e-05 2.25e-06 0 0 0 0 0 0 0 0 0 0 0 0 0 
1 0.700109 0.34359 0.0837775 0.005463 3.975e-05 0 0 0 0 0 0 0 0 0 0 0 0 0 0 
1 0.699897 0.344867 0.0854997 0.00584675 5.2e-05 0 0 0 0 0 0 0 0 0 0 0 0 0 0 
1 0.700037 0.343791 0.0835485 0.00536075 5.025e-05 0 0 0 0 0 0 0 0 0 0 0 0 0 0 
1 0.699917 0.343867 0.0847395 0.0056475 4.575e-05 0 0 0 0 0 0 0 0 0 0 0 0 0 0 
1 0.701062 0.34589 0.0851822 0.00568675 5.95e-05 0 0 0 0 0 0 0 0 0 0 0 0 0 0 
1 0.699719 0.343534 0.084122 0.0055745 3.6e-05 0 0 0 0 0 0 0 0 0 0 0 0 0 0 
1 0.698808 0.34215 0.0832077 0.005305 5.075e-05 0 0 0 0 0 0 0 0 0 0 0 0 0 0 
1 0.698762 0.342594 0.0834572 0.0055145 5.7e-05 0 0 0 0 0 0 0 0 0 0 0 0 0 0 
1 0.69925 0.343039 0.0836252 0.0056185 4.425e-05 0 0 0 0 0 0 0 0 0 0 0 0 0 0 
1 0.69992 0.344069 0.085293 0.005654 3.25e-05 0 0 0 0 0 0 0 0 0 0 0 0 0 0 
1 0.701988 0.346796 0.086066 0.00579025 4.75e-05 0 0 0 0 0 0 0 0 0 0 0 0 0 0 
1 0.701459 0.345782 0.0857885 0.0058025 7.15e-05 0 0 0 0 0 0 0 0 0 0 0 0 0 0 
1 0.700664 0.345965 0.0857762 0.0059365 5.975e-05 0 0 0 0 0 0 0 0 0 0 0 0 0 0 
1 0.698603 0.341769 0.0830702 0.00538325 3.85e-05 0 0 0 0 0 0 0 0 0 0 0 0 0 0 
1 0.700785 0.345425 0.0852722 0.005665 3.225e-05 0 0 0 0 0 0 0 0 0 0 0 0 0 0 
1 0.701943 0.347044 0.0860582 0.00575 6.65e-05 0 0 0 0 0 0 0 0 0 0 0 0 0 0 
1 0.698604 0.341922 0.0831102 0.00538625 5.025e-05 0 0 0 0 0 0 0 0 0 0 0 0 0 0 
1 0.699151 0.34314 0.0842232 0.00559225 4.975e-05 5e-07 0 0 0 0 0 0 0 0 0 0 0 0 0 
1 0.700443 0.344706 0.0852012 0.0057275 5.525e-05 0 0 0 0 0 0 0 0 0 0 0 0 0 0 
1 0.700647 0.344788 0.084985 0.00575825 4.725e-05 0 0 0 0 0 0 0 0 0 0 0 0 0 0 
1 0.699795 0.344447 0.0846545 0.0054765 3.625e-05 0 0 0 0 0 0 0 0 0 0 0 0 0 0 
1 0.700999 0.345747 0.085609 0.0057595 4.375e-05 0 0 0 0 0 0 0 0 0 0 0 0 0 0 
1 0.702816 0.347283 0.0862702 0.00597325 5.2e-05 0 0 0 0 0 0 0 0 0 0 0 0 0 0 
1 0.700628 0.34476 0.0852115 0.0057355 4.3e-05 0 0 0 0 0 0 0 0 0 0 0 0 0 0 
1 0.700376 0.345583 0.0855985 0.00597375 6.325e-05 0 0 0 0 0 0 0 0 0 0 0 0 0 0 
1 0.699358 0.343408 0.0848662 0.00590425 7.075e-05 0 0 0 0 0 0 0 0 0 0 0 0 0 0 
1 0.699164 0.342757 0.0847427 0.005632 4.5e-05 0 0 0 0 0 0 0 0 0 0 0 0 0 0 
1 0.700561 0.344872 0.0846617 0.00557625 4.9e-05 0 0 0 0 0 0 0 0 0 0 0 0 0 0 
1 0.700401 0.34446 0.0848175 0.0058585 7.4e-05 0 0 0 0 0 0 0 0 0 0 0 0 0 0 
1 0.700231 0.345047 0.0845172 0.00559425 4.475e-05 0 0 0 0 0 0 0 0 0 0 0 0 0 0 
1 0.699371 0.342783 0.0837685 0.00553175 4.4e-05 0 0 0 0 0 0 0 0 0 0 0 0 0 0 
1 0.698295 0.340882 0.0828675 0.00531975 3.525e-05 0 0 0 0 0 0 0 0 0 0 0 0 0 0 
1 0.701409 0.346999 0.0866442 0.005865 5.9e-05 0 0 0 0 0 0 0 0 0 0 0 0 0 0 
1 0.700822 0.346206 0.086004 0.0059725 5.8e-05 0 0 0 0 0 0 0 0 0 0 0 0 0 0 
1 0.700725 0.345358 0.0856345 0.00577525 5.875e-05 0 0 0 0 0 0 0 0 0 0 0 0 0 0 
1 0.699453 0.343531 0.0847715 0.00560675 4.05e-05 0 0 0 0 0 0 0 0 0 0 0 0 0 0 
1 0.700737 0.34593 0.0854302 0.00568875 3.45e-05 0 0 0 0 0 0 0 0 0 0 0 0 0 0 
1 0.699624 0.342999 0.0839482 0.005355 4.3e-05 0 0 0 0 0 0 0 0 0 0 0 0 0 0 
1 0.700767 0.345098 0.0849932 0.00573925 5.475e-05 1e-06 0 0 0 0 0 0 0 0 0 0 0 0 0 
1 0.699981 0.343522 0.0840192 0.00560725 5.125e-05 0 0 0 0 0 0 0 0 0 0 0 0 0 0 
1 0.699999 0.342919 0.0840695 0.005635 5.15e-05 0 0 0 0 0 0 0 0 0 0 0 0 0 0 
1 0.700991 0.34508 0.085175 0.00590275 3.4e-05 0 0 0 0 0 0 0 0 0 0 0 0 0 0 
1 0.699597 0.343576 0.0841192 0.00556875 3.6e-05 0 0 0 0 0 0 0 0 0 0 0 0 0 0 
1 0.698568 0.341768 0.0826292 0.005228 4.425e-05 0 0 0 0 0 0 0 0 0 0 0 0 0 0 
1 0.700804 0.345671 0.0851985 0.00584825 6.175e-05 0 0 0 0 0 0 0 0 0 0 0 0 0 0 
1 0.697916 0.339835 0.0818865 0.00504375 4.9e-05 0 0 0 0 0 0 0 0 0 0 0 0 0 0 
1 0.70025 0.34435 0.0849062 0.00568275 4.925e-05 0 0 0 0 0 0 0 0 0 0 0 0 0 0 
1 0.701147 0.34632 0.085922 0.00578 3.625e-05 1.25e-06 0 0 0 0 0 0 0 0 0 0 0 0 0 
1 0.69961 0.343228 0.0843652 0.0057365 5.65e-05 0 0 0 0 0 0 0 0 0 0 0 0 0 0 
1 0.698886 0.343022 0.0846115 0.005657 6.375e-05 0 0 0 0 0 0 0 0 0 0 0 0 0 0 
1 0.697088 0.339251 0.0818595 0.0052015 3.175e-05 2.5e-07 0 0 0 0 0 0 0 0 0 0 0 0 0 
1 0.696701 0.339819 0.0818255 0.00529225 5.4e-05 0 0 0 0 0 0 0 0 0 0 0 0 0 0 
1 0.701317 0.345906 0.0857037 0.00577225 3.475e-05 0 0 0 0 0 0 0 0 0 0 0 0 0 0 
1 0.700817 0.344324 0.0840687 0.005688 4.525e-05 0 0 0 0 0 0 0 0 0 0 0 0 0 0 
1 0.700258 0.344839 0.0851657 0.0058305 6.175e-05 0 0 0 0 0 0 0 0 0 0 0 0 0 0 
1 0.700407 0.344822 0.0847372 0.00570525 4.9e-05 0 0 0 0 0 0 0 0 0 0 0 0 0 0 
1 0.700345 0.345092 0.0848952 0.00576925 7.875e-05 5e-07 0 0 0 0 0 0 0 0 0 0 0 0 0 
1 0.701795 0.346269 0.086014 0.0058085 7.4e-05 0 0 0 0 0 0 0 0 0 0 0 0 0 0 
1 0.699054 0.342756 0.083869 0.00545225 5.8e-05 5e-07 0 0 0 0 0 0 0 0 0 0 0 0 0 
1 0.698141 0.341816 0.0831625 0.0054485 6.425e-05 0 0 0 0 0 0 0 0 0 0 0 0 0 0 
1 0.699066 0.343026 0.084363 0.00560275 5.825e-05 0 0 0 0 0 0 0 0 0 0 0 0 0 0 
1 0.701594 0.346343 0.0855505 0.005665 4.7e-05 0 0 0 0 0 0 0 0 0 0 0 0 0 0 
1 0.700205 0.344039 0.0842162 0.00549625 4.95e-05 0 0 0 0 0 0 0 0 0 0 0 0 0 0 
1 0.700849 0.345619 0.0851587 0.00567975 4.875e-05 0 0 0 0 0 0 0 0 0 0 0 0 0 0 
1 0.700111 0.343426 0.0843062 0.00564 5.45e-05 0 0 0 0 0 0 0 0 0 0 0 0 0 0 
1 0.699617 0.343099 0.0838552 0.0055435 3.75e-05 0 0 0 0 0 0 0 0 0 0 0 0 0 0 
1 0.698991 0.34259 0.0838832 0.0054595 4.875e-05 0 0 0 0 0 0 0 0 0 0 0 0 0 0 
1 0.698982 0.342379 0.0826905 0.00554975 4.65e-05 0 0 0 0 0 0 0 0 0 0 0 0 0 0 
1 0.699721 0.343214 0.0840637 0.00554375 4e-05 7.5e-07 0 0 0 0 0 0 0 0 0 0 0 0 0 
1 0.699845 0.342882 0.0844412 0.00575375 4.85e-05 0 0 0 0 0 0 0 0 0 0 0 0 0 0 
1 0.701024 0.345486 0.085369 0.0056645 5.2e-05 0 0 0 0 0 0 0 0 0 0 0 0 0 0 
1 0.701551 0.345698 0.0853152 0.0059325 5.35e-05 2.5e-07 0 0 0 0 0 0 0 0 0 0 0 0 0 
1 0.698984 0.342668 0.0838212 0.00556125 6.3e-05 0 0 0 0 0 0 0 0 0 0 0 0 0 0 
1 0.700387 0.343533 0.0844567 0.00550125 5.3e-05 0 0 0 0 0 0 0 0 0 0 0 0 0 0 
1 0.69895 0.342366 0.0840377 0.00559275 6.625e-05 2.5e-07 0 0 0 0 0 0 0 0 0 0 0 0 0 
1 0.699364 0.342576 0.0839267 0.00576225 5.975e-05 0 0 0 0 0 0 0 0 0 0 0 0 0 0 
1 0.699305 0.343524 0.0839792 0.0054415 4.325e-05 0 0 0 0 0 0 0 0 0 0 0 0 0 0 
1 0.698532 0.34152 0.083324 0.005607 5.925e-05 0 0 0 0 0 0 0 0 0 0 0 0 0 0 
1 0.697246 0.341039 0.082828 0.00547225 4.425e-05 0 0 0 0 0 0 0 0 0 0 0 0 0 0 
1 0.699124 0.343281 0.0843335 0.00558475 6.075e-05 5e-07 0 0 0 0 0 0 0 0 0 0 0 0 0 
1 0.699827 0.344635 0.0852325 0.005668 6.025e-05 0 0 0 0 0 0 0 0 0 0 0 0 0 0 
1 0.699818 0.344337 0.084287 0.00560175 5.425e-05 0 0 0 0 0 0 0 0 0 0 0 0 0 0 
1 0.699549 0.342881 0.083825 0.00553425 4.275e-05 0 0 0 0 0 0 0 0 0 0 0 0 0 0 
1 0.700271 0.344349 0.0842927 0.0054975 5e-05 0 0 0 0 0 0 0 0 0 0 0 0 0 0 
1 0.700212 0.345051 0.0857225 0.0058155 4.4e-05 0 0 0 0 0 0 0 0 0 0 0 0 0 0 
1 0.700134 0.345018 0.0848472 0.00574175 6.025e-05 0 0 0 0 0 0 0 0 0 0 0 0 0 0 
1 0.698972 0.343067 0.0843347 0.0055585 4.875e-05 0 0 0 0 0 0 0 0 0 0 0 0 0 0 
1 0.698304 0.341036 0.082473 0.00517025 3.775e-05 0 0 0 0 0 0 0 0 0 0 0 0 0 0 
1 0.700812 0.345665 0.0851622 0.00590625 4.925e-05 0 0 0 0 0 0 0 0 0 0 0 0 0 0 
1 0.699529 0.342794 0.084215 0.00564025 5.375e-05 0 0 0 0 0 0 0 0 0 0 0 0 0 0 
1 0.699882 0.343561 0.084423 0.00566875 5.4e-05 7.5e-07 0 0 0 0 0 0 0 0 0 0 0 0 0 
1 0.70034 0.345199 0.0851222 0.0057805 7.8e-05 2.5e-06 0 0 0 0 0 0 0 0 0 0 0 0 0 
1 0.69988 0.343819 0.0841527 0.00568875 5.3e-05 0 0 0 0 0 0 0 0 0 0 0 0 0 0 
1 0.69926 0.343527 0.0849777 0.0057765 6.95e-05 1.25e-06 0 0 0 0 0 0 0 0 0 0 0 0 0 
1 0.698746 0.342664 0.083609 0.00556875 5.325e-05 5e-07 0 0 0 0 0 0 0 0 0 0 0 0 0 
1 0.698986 0.342459 0.0838632 0.00562625 2.95e-05 2.5e-07 0 0 0 0 0 0 0 0 0 0 0 0 0 
1 0.700334 0.345381 0.0850767 0.0057065 5.95e-05 0 0 0 0 0 0 0 0 0 0 0 0 0 0 
1 0.699696 0.343369 0.0840905 0.00527575 2.6e-05 0 0 0 0 0 0 0 0 0 0 0 0 0 0 
1 0.700816 0.346056 0.0857277 0.00569475 4.875e-05 3e-06 0 0 0 0 0 0 0 0 0 0 0 0 0 
1 0.698481 0.341411 0.0831025 0.005586 5.875e-05 0 0 0 0 0 0 0 0 0 0 0 0 0 0 
1 0.699892 0.343728 0.084771 0.0056905 4.375e-05 0 0 0 0 0 0 0 0 0 0 0 0 0 0 
1 0.70036 0.344974 0.084835 0.00562375 5.45e-05 0 0 0 0 0 0 0 0 0 0 0 0 0 0 
1 0.699166 0.34347 0.0845517 0.00557475 4.375e-05 1.25e-06 0 0 0 0 0 0 0 0 0 0 0 0 0 
1 0.698971 0.342694 0.083379 0.00548075 5.1e-05 0 0 0 0 0 0 0 0 0 0 0 0 0 0 
1 0.70013 0.344201 0.0843732 0.00562375 6.675e-05 1.5e-06 0 0 0 0 0 0 0 0 0 0 0 0 0 
1 0.700544 0.346169 0.0863785 0.0057805 4.825e-05 2.5e-07 0 0 0 0 0 0 0 0 0 0 0 0 0 
1 0.699701 0.344145 0.0853857 0.0058545 5.575e-05 0 0 0 0 0 0 0 0 0 0 0 0 0 0 
1 0.69723 0.340022 0.0823475 0.0053495 4.9e-05 0 0 0 0 0 0 0 0 0 0 0 0 0 0 
1 0.700487 0.344423 0.0848007 0.00549075 5.2e-05 0 0 0 0 0 0 0 0 0 0 0 0 0 0 
1 0.700646 0.345377 0.0851472 0.005764 5.275e-05 0 0 0 0 0 0 0 0 0 0 0 0 0 0 
1 0.700743 0.34547 0.0854285 0.005859 6.625e-05 0 0 0 0 0 0 0 0 0 0 0 0 0 0 
1 0.699362 0.342976 0.0838947 0.00548875 4.85e-05 0 0 0 0 0 0 0 0 0 0 0 0 0 0 
1 0.699261 0.342347 0.0837472 0.00557825 4.975e-05 0 0 0 0 0 0 0 0 0 0 0 0 0 0 
1 0.700068 0.345013 0.0854882 0.00602025 5.1e-05 7.5e-07 0 0 0 0 0 0 0 0 0 0 0 0 0 
1 0.701228 0.345727 0.0861155 0.005828 5.3e-05 5e-07 0 0 0 0 0 0 0 0 0 0 0 0 0 
1 0.697113 0.340787 0.083592 0.00563575 5.375e-05 0 0 0 0 0 0 0 0 0 0 0 0 0 0 
1 0.69919 0.343619 0.0848992 0.00567775 4.55e-05 0 0 0 0 0 0 0 0 0 0 0 0 0 0 
1 0.698384 0.341685 0.0824452 0.0052815 5.975e-05 0 0 0 0 0 0 0 0 0 0 0 0 0 0 
1 0.701153 0.345908 0.0858535 0.00584175 5e-05 0 0 0 0 0 0 0 0 0 0 0 0 0 0 
1 0.699709 0.343972 0.0846472 0.00557125 3.55e-05 0 0 0 0 0 0 0 0 0 0 0 0 0 0 
1 0.700287 0.344776 0.0852125 0.00576525 5.625e-05 0 0 0 0 0 0 0 0 0 0 0 0 0 0 
1 0.698956 0.342322 0.0833345 0.00550925 3.45e-05 0 0 0 0 0 0 0 0 0 0 0 0 0 0 
1 0.700048 0.34422 0.08429 0.005526 4.3e-05 0 0 0 0 0 0 0 0 0 0 0 0 0 0 
1 0.701031 0.345541 0.085724 0.0058875 5.375e-05 0 0 0 0 0 0 0 0 0 0 0 0 0 0 
1 0.699894 0.344271 0.0842112 0.00548775 5.1e-05 0 0 0 0 0 0 0 0 0 0 0 0 0 0 
1 0.698464 0.341636 0.0830027 0.00530675 4.7e-05 0 0 0 0 0 0 0 0 0 0 0 0 0 0 
1 0.699564 0.343363 0.0842577 0.00547975 4.625e-05 0 0 0 0 0 0 0 0 0 0 0 0 0 0 
1 0.700134 0.344479 0.0851467 0.005728 5.675e-05 0 0 0 0 0 0 0 0 0 0 0 0 0 0 
1 0.700607 0.345008 0.0851057 0.00582175 6.9e-05 0 0 0 0 0 0 0 0 0 0 0 0 0 0 
1 0.697838 0.340281 0.0829977 0.00554575 3.925e-05 0 0 0 0 0 0 0 0 0 0 0 0 0 0 
1 0.701387 0.345377 0.085888 0.0059185 5.725e-05 0 0 0 0 0 0 0 0 0 0 0 0 0 0 
1 0.700908 0.344705 0.0843915 0.005688 4.75e-05 5e-07 0 0 0 0 0 0 0 0 0 0 0 0 0 
1 0.700851 0.34665 0.086196 0.00605925 5.375e-05 1.25e-06 0 0 0 0 0 0 0 0 0 0 0 0 0 
1 0.699213 0.342521 0.0835935 0.00546975 5.025e-05 0 0 0 0 0 0 0 0 0 0 0 0 0 0 
1 0.700209 0.344876 0.085159 0.0056765 3.375e-05 0 0 0 0 0 0 0 0 0 0 0 0 0 0 
1 0.700537 0.345234 0.08514 0.00573475 5.575e-05 0 0 0 0 0 0 0 0 0 0 0 0 0 0 
1 0.701212 0.346511 0.0861267 0.005938 6.1e-05 0 0 0 0 0 0 0 0 0 0 0 0 0 0 
1 0.699135 0.343617 0.0844192 0.005565 5.175e-05 0 0 0 0 0 0 0 0 0 0 0 0 0 0 
1 0.697694 0.339996 0.0817242 0.00515025 3.725e-05 0 0 0 0 0 0 0 0 0 0 0 0 0 0 
1 0.698935 0.343234 0.084292 0.0057245 4.775e-05 0 0 0 0 0 0 0 0 0 0 0 0 0 0 
1 0.700468 0.344057 0.085095 0.005834 4.525e-05 0 0 0 0 0 0 0 0 0 0 0 0 0 0 
1 0.700253 0.343275 0.0838657 0.0055645 6.075e-05 0 0 0 0 0 0 0 0 0 0 0 0 0 0 
1 0.699806 0.34388 0.0849017 0.00553425 5e-05 0 0 0 0 0 0 0 0 0 0 0 0 0 0 
1 0.702371 0.347265 0.086022 0.00579775 5.85e-05 0 0 0 0 0 0 0 0 0 0 0 0 0 0 
1 0.699735 0.34439 0.084658 0.0057865 4.95e-05 5e-07 0 0 0 0 0 0 0 0 0 0 0 0 0 
1 0.700569 0.344509 0.0853067 0.005772 5.125e-05 0 0 0 0 0 0 0 0 0 0 0 0 0 0 
1 0.69886 0.342333 0.0835162 0.00538425 4.475e-05 5e-07 0 0 0 0 0 0 0 0 0 0 0 0 0 
1 0.701282 0.345426 0.0847795 0.005766 3.825e-05 2.5e-07 0 0 0 0 0 0 0 0 0 0 0 0 0 
1 0.699206 0.342242 0.0832062 0.00563025 4.475e-05 0 0 0 0 0 0 0 0 0 0 0 0 0 0 
1 0.698892 0.341813 0.083305 0.00537525 6.7e-05 2.25e-06 0 0 0 0 0 0 0 0 0 0 0 0 0 
1 0.70121 0.346152 0.0857347 0.00586625 4.575e-05 0 0 0 0 0 0 0 0 0 0 0 0 0 0 
1 0.699575 0.343371 0.0836637 0.00551275 4.925e-05 0 0 0 0 0 0 0 0 0 0 0 0 0 0 
1 0.700686 0.345804 0.0854902 0.0058475 6.525e-05 0 0 0 0 0 0 0 0 0 0 0 0 0 0 
1 0.700207 0.344741 0.0848697 0.00558525 5.15e-05 0 0 0 0 0 0 0 0 0 0 0 0 0 0 
1 0.701721 0.34621 0.0858477 0.00583175 6.775e-05 2e-06 0 0 0 0 0 0 0 0 0 0 0 0 0 
1 0.700534 0.344208 0.0845255 0.0055955 4.05e-05 1.75e-06 0 0 0 0 0 0 0 0 0 0 0 0 0 
1 0.701175 0.345974 0.0850132 0.00545375 3.8e-05 0 0 0 0 0 0 0 0 0 0 0 0 0 0 
1 0.699871 0.343538 0.0833602 0.00550625 5.175e-05 2.5e-07 0 0 0 0 0 0 0 0 0 0 0 0 0 
1 0.698777 0.342838 0.0837847 0.0055135 4.925e-05 7.5e-07 0 0 0 0 0 0 0 0 0 0 0 0 0 
1 0.700502 0.344385 0.0845915 0.0055645 4.65e-05 0 0 0 0 0 0 0 0 0 0 0 0 0 0 
1 0.700664 0.34593 0.0859222 0.0058195 6.25e-05 0 0 0 0 0 0 0 0 0 0 0 0 0 0 
1 0.700713 0.345294 0.0852995 0.00578175 5.15e-05 0 0 0 0 0 0 0 0 0 0 0 0 0 0 
1 0.701557 0.346265 0.0862917 0.0058995 7.2e-05 1.5e-06 0 0 0 0 0 0 0 0 0 0 0 0 0 
1 0.701869 0.346525 0.0857992 0.0059115 4.9e-05 0 0 0 0 0 0 0 0 0 0 0 0 0 0 
1 0.700783 0.345193 0.0856882 0.005926 7.9e-05 0 0 0 0 0 0 0 0 0 0 0 0 0 0 
1 0.700615 0.345714 0.0853817 0.00571825 4.325e-05 0 0 0 0 0 0 0 0 0 0 0 0 0 0 
1 0.69859 0.341545 0.0825212 0.005137 3.975e-05 0 0 0 0 0 0 0 0 0 0 0 0 0 0 
1 0.700078 0.345649 0.085996 0.005704 5.3e-05 0 0 0 0 0 0 0 0 0 0 0 0 0 0 
1 0.700967 0.345682 0.0857097 0.00603325 5.85e-05 0 0 0 0 0 0 0 0 0 0 0 0 0 0 
1 0.698559 0.341804 0.0826905 0.00532525 2.825e-05 0 0 0 0 0 0 0 0 0 0 0 0 0 0 
1 0.699214 0.342315 0.083616 0.005431 5.825e-05 0 0 0 0 0 0 0 0 0 0 0 0 0 0 
1 0.699167 0.342913 0.0839735 0.005502 4.725e-05 0 0 0 0 0 0 0 0 0 0 0 0 0 0 
1 0.702357 0.347701 0.0867385 0.00606375 5.9e-05 0 0 0 0 0 0 0 0 0 0 0 0 0 0 
1 0.699723 0.344011 0.0842957 0.005706 4.225e-05 0 0 0 0 0 0 0 0 0 0 0 0 0 0 
1 0.699336 0.342891 0.0838462 0.0053345 3.55e-05 1e-06 0 0 0 0 0 0 0 0 0 0 0 0 0 
1 0.70069 0.345933 0.0853455 0.005663 4.875e-05 0 0 0 0 0 0 0 0 0 0 0 0 0 0 
1 0.697996 0.341726 0.0825892 0.005452 3.6e-05 0 0 0 0 0 0 0 0 0 0 0 0 0 0 
1 0.699333 0.343493 0.0847272 0.00553825 3.85e-05 0 0 0 0 0 0 0 0 0 0 0 0 0 0 
1 0.69927 0.343482 0.0840705 0.00551025 4.775e-05 0 0 0 0 0 0 0 0 0 0 0 0 0 0 
1 0.702286 0.348434 0.087444 0.006138 7.125e-05 0 0 0 0 0 0 0 0 0 0 0 0 0 0 
1 0.700702 0.344727 0.0845737 0.0054065 7.525e-05 0 0 0 0 0 0 0 0 0 0 0 0 0 0 
