1 0.699266 0.348705 0.0931875 0.00917625 0.0003525 1.25e-05 1.25e-06 0 0 0 0 0 0 0 0 0 0 0 0 
1 0.699489 0.34746 0.0930437 0.00933625 0.00033625 3.75e-06 0 0 0 0 0 0 0 0 0 0 0 0 0 
1 0.701551 0.35114 0.0943675 0.00963375 0.00032625 1.125e-05 0 0 0 0 0 0 0 0 0 0 0 0 0 
1 0.699891 0.348512 0.0931337 0.009285 0.00029875 3.75e-06 0 0 0 0 0 0 0 0 0 0 0 0 0 
1 0.699153 0.347017 0.0923687 0.00943875 0.00037 8.75e-06 0 0 0 0 0 0 0 0 0 0 0 0 0 
1 0.699453 0.34947 0.0946225 0.00982375 0.00035625 3.75e-06 0 0 0 0 0 0 0 0 0 0 0 0 0 
1 0.70106 0.34922 0.093855 0.0097975 0.00033625 6.25e-06 0 0 0 0 0 0 0 0 0 0 0 0 0 
1 0.698914 0.347782 0.092895 0.0092325 0.000295 5e-06 0 0 0 0 0 0 0 0 0 0 0 0 0 
1 0.699988 0.348389 0.0937312 0.00977125 0.00041375 8.75e-06 0 0 0 0 0 0 0 0 0 0 0 0 0 
1 0.702054 0.350764 0.095015 0.00980875 0.00039125 1e-05 0 0 0 0 0 0 0 0 0 0 0 0 0 
1 0.699418 0.348597 0.0938737 0.009545 0.00039625 1.125e-05 0 0 0 0 0 0 0 0 0 0 0 0 0 
1 0.69977 0.347962 0.0934425 0.00955125 0.00034375 7.5e-06 0 0 0 0 0 0 0 0 0 0 0 0 0 
1 0.699423 0.347262 0.091865 0.0093625 0.0003125 6.25e-06 0 0 0 0 0 0 0 0 0 0 0 0 0 
1 0.697316 0.344394 0.0911137 0.0090125 0.0002875 1.25e-05 0 0 0 0 0 0 0 0 0 0 0 0 0 
1 0.700503 0.350151 0.094515 0.00975875 0.00031625 8.75e-06 0 0 0 0 0 0 0 0 0 0 0 0 0 
1 0.699995 0.348297 0.0935175 0.00971875 0.00028375 6.25e-06 0 0 0 0 0 0 0 0 0 0 0 0 0 
1 0.700326 0.348806 0.0936162 0.0096275 0.000375 3.75e-06 0 0 0 0 0 0 0 0 0 0 0 0 0 
1 0.699288 0.347741 0.09309 0.009545 0.00030375 8.75e-06 0 0 0 0 0 0 0 0 0 0 0 0 0 
1 0.700781 0.349421 0.0937175 0.00937125 0.0003 2.5e-06 0 0 0 0 0 0 0 0 0 0 0 0 0 
1 0.699295 0.348765 0.09371 0.0095775 0.0003725 1.375e-05 1.25e-06 0 0 0 0 0 0 0 0 0 0 0 0 
1 0.70132 0.349472 0.0939025 0.0094375 0.000285 0 0 0 0 0 0 0 0 0 0 0 0 0 0 
1 0.70053 0.347794 0.0922337 0.009095 0.0002575 6.25e-06 0 0 0 0 0 0 0 0 0 0 0 0 0 
1 0.699741 0.347332 0.0933812 0.0094575 0.000345 6.25e-06 0 0 0 0 0 0 0 0 0 0 0 0 0 
1 0.699884 0.350159 0.0946612 0.00969125 0.00037875 1.875e-05 0 0 0 0 0 0 0 0 0 0 0 0 0 
1 0.700028 0.348764 0.0934812 0.0094975 0.0002875 1e-05 0 0 0 0 0 0 0 0 0 0 0 0 0 
1 0.70073 0.348932 0.09388 0.00964375 0.0003225 3.75e-06 0 0 0 0 0 0 0 0 0 0 0 0 0 
1 0.699839 0.348612 0.0930625 0.00952875 0.00031625 7.5e-06 0 0 0 0 0 0 0 0 0 0 0 0 0 
1 0.700094 0.348382 0.093235 0.00986125 0.00033375 6.25e-06 0 0 0 0 0 0 0 0 0 0 0 0 0 
1 0.7008 0.350181 0.0947175 0.0098175 0.00032125 8.75e-06 0 0 0 0 0 0 0 0 0 0 0 0 0 
1 0.700829 0.348702 0.0937425 0.00948375 0.000285 8.75e-06 0 0 0 0 0 0 0 0 0 0 0 0 0 
1 0.69833 0.343971 0.0906037 0.00869 0.00031625 2.5e-06 0 0 0 0 0 0 0 0 0 0 0 0 0 
1 0.697835 0.344541 0.0910175 0.009055 0.00031 1.125e-05 0 0 0 0 0 0 0 0 0 0 0 0 0 
1 0.700444 0.348961 0.0934475 0.00961375 0.0003625 5e-06 0 0 0 0 0 0 0 0 0 0 0 0 0 
1 0.701259 0.351441 0.0948862 0.0097325 0.00036625 0 0 0 0 0 0 0 0 0 0 0 0 0 0 
1 0.700274 0.349276 0.09386 0.00954 0.00036 7.5e-06 2.5e-06 0 0 0 0 0 0 0 0 0 0 0 0 
1 0.701258 0.350799 0.09447 0.00968875 0.00033375 8.75e-06 0 0 0 0 0 0 0 0 0 0 0 0 0 
1 0.699815 0.348707 0.0935487 0.00941125 0.0003 8.75e-06 0 0 0 0 0 0 0 0 0 0 0 0 0 
1 0.700073 0.348926 0.093675 0.00949625 0.00038375 3.75e-06 0 0 0 0 0 0 0 0 0 0 0 0 0 
1 0.698169 0.345915 0.0923612 0.0090875 0.00028375 5e-06 0 0 0 0 0 0 0 0 0 0 0 0 0 
1 0.698298 0.345521 0.091515 0.008935 0.00029 3.75e-06 0 0 0 0 0 0 0 0 0 0 0 0 0 
1 0.699658 0.346886 0.0929937 0.0093375 0.00033375 1.375e-05 0 0 0 0 0 0 0 0 0 0 0 0 0 
1 0.700329 0.348526 0.0929775 0.00929625 0.0002825 7.5e-06 0 0 0 0 0 0 0 0 0 0 0 0 0 
1 0.699083 0.347706 0.09266 0.0090125 0.00031 6.25e-06 0 0 0 0 0 0 0 0 0 0 0 0 0 
1 0.701261 0.351105 0.0957187 0.00986625 0.00033125 1e-05 0 0 0 0 0 0 0 0 0 0 0 0 0 
1 0.699385 0.347776 0.0926912 0.0092325 0.00035125 2.5e-06 0 0 0 0 0 0 0 0 0 0 0 0 0 
1 0.701333 0.349283 0.0942675 0.00949875 0.000335 3.75e-06 0 0 0 0 0 0 0 0 0 0 0 0 0 
1 0.698319 0.347425 0.0923087 0.00902375 0.00029 3.75e-06 0 0 0 0 0 0 0 0 0 0 0 0 0 
1 0.699825 0.348394 0.0933975 0.00959 0.00037125 7.5e-06 0 0 0 0 0 0 0 0 0 0 0 0 0 
1 0.697603 0.344787 0.0909612 0.00908125 0.0003125 3.75e-06 0 0 0 0 0 0 0 0 0 0 0 0 0 
1 0.697775 0.345256 0.0908937 0.00910125 0.00027875 3.75e-06 1.25e-06 0 0 0 0 0 0 0 0 0 0 0 0 
1 0.701086 0.348354 0.0933037 0.00953375 0.00036 7.5e-06 0 0 0 0 0 0 0 0 0 0 0 0 0 
1 0.700365 0.348387 0.09338 0.00942125 0.00035125 1.125e-05 0 0 0 0 0 0 0 0 0 0 0 0 0 
1 0.701884 0.35132 0.0945837 0.0098 0.00037125 3.75e-06 0 0 0 0 0 0 0 0 0 0 0 0 0 
1 0.699379 0.347955 0.0922825 0.00922 0.00033 5e-06 0 0 0 0 0 0 0 0 0 0 0 0 0 
1 0.700291 0.349589 0.0951312 0.009725 0.00032375 7.5e-06 0 0 0 0 0 0 0 0 0 0 0 0 0 
1 0.700378 0.34964 0.0946075 0.009865 0.000355 1.375e-05 0 0 0 0 0 0 0 0 0 0 0 0 0 
1 0.700743 0.347772 0.0927975 0.00934125 0.00035 7.5e-06 0 0 0 0 0 0 0 0 0 0 0 0 0 
1 0.699223 0.346881 0.0922412 0.0089225 0.00030625 5e-06 0 0 0 0 0 0 0 0 0 0 0 0 0 
1 0.698801 0.344911 0.091555 0.00922875 0.0003425 3.75e-06 0 0 0 0 0 0 0 0 0 0 0 0 0 
1 0.699466 0.348386 0.0931762 0.00945375 0.00036375 1.5e-05 0 0 0 0 0 0 0 0 0 0 0 0 0 
1 0.700089 0.347416 0.0925987 0.0093375 0.00034625 5e-06 0 0 0 0 0 0 0 0 0 0 0 0 0 
1 0.699538 0.348284 0.0928275 0.00901125 0.00031375 1.25e-05 0 0 0 0 0 0 0 0 0 0 0 0 0 
1 0.699349 0.348144 0.0930787 0.0094425 0.00036625 7.5e-06 0 0 0 0 0 0 0 0 0 0 0 0 0 
1 0.700136 0.347659 0.09349 0.00962875 0.00035625 7.5e-06 0 0 0 0 0 0 0 0 0 0 0 0 0 
1 0.70042 0.349694 0.0941262 0.00977125 0.00033875 5e-06 0 0 0 0 0 0 0 0 0 0 0 0 0 
1 0.700894 0.351216 0.0954937 0.00999375 0.00041375 6.25e-06 0 0 0 0 0 0 0 0 0 0 0 0 0 
1 0.700074 0.348481 0.0931362 0.00926 0.00030625 1.875e-05 0 0 0 0 0 0 0 0 0 0 0 0 0 
1 0.699646 0.347396 0.0928012 0.00946 0.00034625 6.25e-06 0 0 0 0 0 0 0 0 0 0 0 0 0 
1 0.699446 0.348267 0.0931562 0.00960125 0.00034375 8.75e-06 0 0 0 0 0 0 0 0 0 0 0 0 0 
1 0.699874 0.347164 0.09144 0.00881625 0.00028375 7.5e-06 0 0 0 0 0 0 0 0 0 0 0 0 0 
1 0.698556 0.346341 0.0921112 0.00932375 0.00036125 2e-05 0 0 0 0 0 0 0 0 0 0 0 0 0 
1 0.700899 0.350472 0.09472 0.00992125 0.00037375 1.625e-05 0 0 0 0 0 0 0 0 0 0 0 0 0 
1 0.7008 0.349532 0.0940237 0.009795 0.0003275 3.75e-06 0 0 0 0 0 0 0 0 0 0 0 0 0 
1 0.699851 0.347732 0.0935462 0.00955625 0.00034625 1e-05 1.25e-06 0 0 0 0 0 0 0 0 0 0 0 0 
1 0.699455 0.34778 0.0927125 0.00927625 0.0003075 1.25e-06 0 0 0 0 0 0 0 0 0 0 0 0 0 
1 0.7004 0.347867 0.0933662 0.00943875 0.00035 2e-05 0 0 0 0 0 0 0 0 0 0 0 0 0 
1 0.701263 0.350255 0.0944175 0.00989875 0.00036 5e-06 0 0 0 0 0 0 0 0 0 0 0 0 0 
1 0.698344 0.345914 0.0918012 0.00908375 0.0002775 5e-06 0 0 0 0 0 0 0 0 0 0 0 0 0 
1 0.701626 0.349566 0.094005 0.00960875 0.00033875 3.75e-06 0 0 0 0 0 0 0 0 0 0 0 0 0 
1 0.700366 0.348984 0.093925 0.00958125 0.00036375 1.375e-05 0 0 0 0 0 0 0 0 0 0 0 0 0 
1 0.700653 0.347996 0.0937825 0.00967625 0.00035 8.75e-06 0 0 0 0 0 0 0 0 0 0 0 0 0 
1 0.700775 0.34958 0.0939212 0.00948625 0.00036 3.75e-06 0 0 0 0 0 0 0 0 0 0 0 0 0 
1 0.702191 0.350754 0.0944125 0.009625 0.00032 1e-05 0 0 0 0 0 0 0 0 0 0 0 0 0 
1 0.698636 0.345794 0.0912862 0.00883375 0.00023375 5e-06 0 0 0 0 0 0 0 0 0 0 0 0 0 
1 0.700483 0.348919 0.093765 0.00952875 0.00029 1e-05 0 0 0 0 0 0 0 0 0 0 0 0 0 
1 0.699684 0.348139 0.0930175 0.0093 0.0003375 1.25e-06 0 0 0 0 0 0 0 0 0 0 0 0 0 
1 0.698739 0.34844 0.093455 0.00961 0.00038375 5e-06 0 0 0 0 0 0 0 0 0 0 0 0 0 
1 0.699554 0.347291 0.0931975 0.00934 0.00032125 5e-06 0 0 0 0 0 0 0 0 0 0 0 0 0 
1 0.699643 0.34854 0.0933312 0.00946875 0.00029125 5e-06 0 0 0 0 0 0 0 0 0 0 0 0 0 
1 0.699538 0.3471 0.09278 0.00962125 0.00031875 3.75e-06 0 0 0 0 0 0 0 0 0 0 0 0 0 
1 0.699935 0.348216 0.0938962 0.00956375 0.00027375 2.5e-06 0 0 0 0 0 0 0 0 0 0 0 0 0 
1 0.702545 0.351509 0.0952737 0.0095475 0.00029375 5e-06 0 0 0 0 0 0 0 0 0 0 0 0 0 
1 0.698581 0.347077 0.092985 0.009305 0.00036125 2.5e-06 0 0 0 0 0 0 0 0 0 0 0 0 0 
1 0.700569 0.349788 0.0938037 0.00958875 0.00031125 2.5e-06 0 0 0 0 0 0 0 0 0 0 0 0 0 
1 0.698378 0.345959 0.0923675 0.0093275 0.00029 6.25e-06 0 0 0 0 0 0 0 0 0 0 0 0 0 
1 0.701316 0.35035 0.0940787 0.0095975 0.0003525 3.75e-06 0 0 0 0 0 0 0 0 0 0 0 0 0 
1 0.700929 0.350215 0.094675 0.00998 0.00036375 5e-06 0 0 0 0 0 0 0 0 0 0 0 0 0 
1 0.700456 0.350225 0.094135 0.00943125 0.00032875 1.25e-06 0 0 0 0 0 0 0 0 0 0 0 0 0 
1 0.70122 0.349436 0.0935287 0.00960375 0.00034 5e-06 0 0 0 0 0 0 0 0 0 0 0 0 0 
1 0.699478 0.347395 0.0939462 0.00976 0.00031875 1e-05 0 0 0 0 0 0 0 0 0 0 0 0 0 
1 0.699868 0.347637 0.093325 0.00974 0.0003525 3.75e-06 0 0 0 0 0 0 0 0 0 0 0 0 0 
1 0.699276 0.34677 0.0918225 0.00951875 0.00031375 1.625e-05 0 0 0 0 0 0 0 0 0 0 0 0 0 
1 0.701508 0.350826 0.0947525 0.0098725 0.0003375 6.25e-06 0 0 0 0 0 0 0 0 0 0 0 0 0 
1 0.699885 0.347412 0.0926312 0.0093975 0.0003525 8.75e-06 0 0 0 0 0 0 0 0 0 0 0 0 0 
1 0.699641 0.34783 0.0928362 0.0091975 0.00032375 3.75e-06 0 0 0 0 0 0 0 0 0 0 0 0 0 
1 0.699728 0.347671 0.0930912 0.0094125 0.0003225 5e-06 0 0 0 0 0 0 0 0 0 0 0 0 0 
1 0.699109 0.347182 0.0930287 0.00936 0.0003125 1.25e-06 0 0 0 0 0 0 0 0 0 0 0 0 0 
1 0.699171 0.345946 0.0924587 0.00938875 0.00031875 3.75e-06 0 0 0 0 0 0 0 0 0 0 0 0 0 
1 0.700615 0.349776 0.09516 0.00989875 0.00035125 5e-06 0 0 0 0 0 0 0 0 0 0 0 0 0 
1 0.699448 0.347195 0.0927975 0.0092425 0.0003 5e-06 0 0 0 0 0 0 0 0 0 0 0 0 0 
1 0.699281 0.346779 0.0923037 0.0094175 0.0003275 1.125e-05 0 0 0 0 0 0 0 0 0 0 0 0 0 
1 0.701933 0.349839 0.0943225 0.00966125 0.000345 6.25e-06 0 0 0 0 0 0 0 0 0 0 0 0 0 
1 0.698781 0.346684 0.091425 0.00919 0.00035125 3.75e-06 1.25e-06 0 0 0 0 0 0 0 0 0 0 0 0 
1 0.69891 0.347892 0.0930712 0.00924625 0.0003525 1.25e-06 0 0 0 0 0 0 0 0 0 0 0 0 0 
1 0.698119 0.346669 0.0918425 0.0091575 0.000375 3.75e-06 0 0 0 0 0 0 0 0 0 0 0 0 0 
1 0.698051 0.345404 0.0918937 0.0090875 0.0003025 6.25e-06 0 0 0 0 0 0 0 0 0 0 0 0 0 
1 0.700088 0.348897 0.094055 0.009845 0.0003575 6.25e-06 0 0 0 0 0 0 0 0 0 0 0 0 0 
1 0.699393 0.348247 0.0921437 0.00916875 0.00030375 3.75e-06 0 0 0 0 0 0 0 0 0 0 0 0 0 
1 0.697921 0.34524 0.0915662 0.0093675 0.00032 5e-06 0 0 0 0 0 0 0 0 0 0 0 0 0 
1 0.700759 0.351109 0.0958012 0.01018 0.00036 3.75e-06 0 0 0 0 0 0 0 0 0 0 0 0 0 
1 0.700759 0.349865 0.0940187 0.00972625 0.00033875 8.75e-06 1.25e-06 0 0 0 0 0 0 0 0 0 0 0 0 
1 0.70096 0.34966 0.0939812 0.009405 0.00031875 1.375e-05 0 0 0 0 0 0 0 0 0 0 0 0 0 
1 0.700093 0.348951 0.0939862 0.009515 0.0003125 3.75e-06 0 0 0 0 0 0 0 0 0 0 0 0 0 
1 0.698335 0.346374 0.0918275 0.0094425 0.00038 8.75e-06 0 0 0 0 0 0 0 0 0 0 0 0 0 
1 0.699359 0.347896 0.0931287 0.00932625 0.00032375 2.5e-06 0 0 0 0 0 0 0 0 0 0 0 0 0 
1 0.699465 0.348025 0.0932975 0.00947625 0.00032125 7.5e-06 0 0 0 0 0 0 0 0 0 0 0 0 0 
1 0.700905 0.348876 0.0936825 0.0094575 0.000325 7.5e-06 0 0 0 0 0 0 0 0 0 0 0 0 0 
1 0.701545 0.351157 0.0952325 0.00973375 0.000355 7.5e-06 0 0 0 0 0 0 0 0 0 0 0 0 0 
1 0.70125 0.3491 0.093755 0.0092325 0.00026375 5e-06 0 0 0 0 0 0 0 0 0 0 0 0 0 
1 0.698949 0.347852 0.0936962 0.00952625 0.00035625 5e-06 0 0 0 0 0 0 0 0 0 0 0 0 0 
1 0.700746 0.348905 0.093285 0.00949 0.0003475 1.375e-05 0 0 0 0 0 0 0 0 0 0 0 0 0 
1 0.699653 0.349271 0.0939275 0.0098575 0.00036 5e-06 0 0 0 0 0 0 0 0 0 0 0 0 0 
1 0.700308 0.347746 0.0925637 0.0094325 0.00033625 5e-06 0 0 0 0 0 0 0 0 0 0 0 0 0 
1 0.698766 0.346815 0.0922537 0.00913 0.00031625 8.75e-06 0 0 0 0 0 0 0 0 0 0 0 0 0 
1 0.697953 0.345594 0.0926 0.0093625 0.00034625 1.25e-05 0 0 0 0 0 0 0 0 0 0 0 0 0 
1 0.699995 0.34801 0.0932437 0.00934875 0.00030875 7.5e-06 0 0 0 0 0 0 0 0 0 0 0 0 0 
1 0.69862 0.346514 0.0927062 0.00941125 0.00033875 3.75e-06 0 0 0 0 0 0 0 0 0 0 0 0 0 
1 0.697055 0.344328 0.08995 0.00875375 0.00028375 5e-06 0 0 0 0 0 0 0 0 0 0 0 0 0 
1 0.70306 0.351095 0.0945437 0.00970375 0.0003525 7.5e-06 0 0 0 0 0 0 0 0 0 0 0 0 0 
1 0.698173 0.346336 0.092445 0.00924375 0.000295 5e-06 0 0 0 0 0 0 0 0 0 0 0 0 0 
1 0.700529 0.349656 0.0935625 0.00915875 0.00029 3.75e-06 0 0 0 0 0 0 0 0 0 0 0 0 0 
1 0.699521 0.348407 0.0940437 0.009715 0.000415 1.25e-05 0 0 0 0 0 0 0 0 0 0 0 0 0 
1 0.700175 0.347716 0.092385 0.0094625 0.00032625 3.75e-06 0 0 0 0 0 0 0 0 0 0 0 0 0 
1 0.701493 0.351685 0.0952512 0.0099025 0.00029125 1.25e-06 0 0 0 0 0 0 0 0 0 0 0 0 0 
1 0.702086 0.351097 0.0948562 0.009975 0.0004025 1.125e-05 0 0 0 0 0 0 0 0 0 0 0 0 0 
1 0.698731 0.347699 0.0929762 0.0094125 0.0003225 3.75e-06 0 0 0 0 0 0 0 0 0 0 0 0 0 
1 0.70093 0.348631 0.0939425 0.0094875 0.00030375 5e-06 0 0 0 0 0 0 0 0 0 0 0 0 0 
1 0.701658 0.349537 0.094355 0.009695 0.0003025 5e-06 0 0 0 0 0 0 0 0 0 0 0 0 0 
1 0.700941 0.349854 0.0939825 0.0096525 0.000375 1e-05 0 0 0 0 0 0 0 0 0 0 0 0 0 
1 0.700106 0.350004 0.09446 0.00966875 0.00036875 6.25e-06 0 0 0 0 0 0 0 0 0 0 0 0 0 
1 0.698111 0.345042 0.0914987 0.00879625 0.00031125 5e-06 0 0 0 0 0 0 0 0 0 0 0 0 0 
1 0.700658 0.348873 0.0937937 0.0094325 0.0002825 2.5e-06 0 0 0 0 0 0 0 0 0 0 0 0 0 
1 0.700239 0.348316 0.0925512 0.00911875 0.00034625 8.75e-06 0 0 0 0 0 0 0 0 0 0 0 0 0 
1 0.699546 0.348286 0.0937775 0.0097775 0.0003725 1.125e-05 0 0 0 0 0 0 0 0 0 0 0 0 0 
1 0.700885 0.350305 0.0945312 0.00980375 0.0003725 7.5e-06 0 0 0 0 0 0 0 0 0 0 0 0 0 
1 0.700524 0.350119 0.093885 0.0095475 0.0003325 5e-06 0 0 0 0 0 0 0 0 0 0 0 0 0 
1 0.698071 0.345682 0.0915612 0.0090825 0.00031375 2.5e-06 0 0 0 0 0 0 0 0 0 0 0 0 0 
1 0.699596 0.348771 0.0933575 0.00937625 0.0003375 7.5e-06 0 0 0 0 0 0 0 0 0 0 0 0 0 
1 0.698916 0.346641 0.092955 0.00963875 0.00033375 5e-06 0 0 0 0 0 0 0 0 0 0 0 0 0 
1 0.700834 0.350602 0.0946175 0.0095575 0.000375 1.125e-05 0 0 0 0 0 0 0 0 0 0 0 0 0 
1 0.698889 0.347256 0.0921062 0.00915625 0.00032875 7.5e-06 0 0 0 0 0 0 0 0 0 0 0 0 0 
1 0.698241 0.344973 0.0913912 0.00931875 0.00033875 7.5e-06 0 0 0 0 0 0 0 0 0 0 0 0 0 
1 0.700014 0.349562 0.093835 0.00968375 0.00036125 6.25e-06 0 0 0 0 0 0 0 0 0 0 0 0 0 
1 0.700798 0.349736 0.0941362 0.00951875 0.00033875 2e-05 0 0 0 0 0 0 0 0 0 0 0 0 0 
1 0.701469 0.351417 0.09568 0.0101713 0.000385 1.125e-05 0 0 0 0 0 0 0 0 0 0 0 0 0 
1 0.697771 0.3438 0.0907475 0.0086625 0.00027875 8.75e-06 0 0 0 0 0 0 0 0 0 0 0 0 0 
1 0.701211 0.349877 0.0936762 0.0093775 0.00030125 5e-06 0 0 0 0 0 0 0 0 0 0 0 0 0 
1 0.700046 0.34935 0.0941837 0.0096425 0.00032625 3.75e-06 0 0 0 0 0 0 0 0 0 0 0 0 0 
1 0.700521 0.350719 0.0949712 0.0098475 0.00032 6.25e-06 0 0 0 0 0 0 0 0 0 0 0 0 0 
1 0.699423 0.347654 0.092565 0.009545 0.00030125 2.5e-06 0 0 0 0 0 0 0 0 0 0 0 0 0 
1 0.699811 0.348542 0.0935112 0.00960375 0.00040125 6.25e-06 0 0 0 0 0 0 0 0 0 0 0 0 0 
1 0.701904 0.350799 0.0948087 0.0097175 0.00032125 1.25e-06 0 0 0 0 0 0 0 0 0 0 0 0 0 
1 0.699675 0.346927 0.0917962 0.00948125 0.00030625 6.25e-06 0 0 0 0 0 0 0 0 0 0 0 0 0 
1 0.700774 0.349847 0.09412 0.0094575 0.00033 2.5e-06 0 0 0 0 0 0 0 0 0 0 0 0 0 
1 0.698896 0.347201 0.092835 0.00929125 0.00035125 1e-05 0 0 0 0 0 0 0 0 0 0 0 0 0 
1 0.70157 0.350262 0.0949125 0.0099075 0.00037375 1.125e-05 0 0 0 0 0 0 0 0 0 0 0 0 0 
1 0.698243 0.345747 0.09223 0.0093575 0.000325 6.25e-06 0 0 0 0 0 0 0 0 0 0 0 0 0 
1 0.699371 0.348684 0.0927662 0.0090825 0.0002925 2.5e-06 0 0 0 0 0 0 0 0 0 0 0 0 0 
1 0.700771 0.348751 0.0935187 0.00938375 0.00033375 7.5e-06 0 0 0 0 0 0 0 0 0 0 0 0 0 
1 0.699408 0.348519 0.09334 0.00929 0.0003125 1.375e-05 0 0 0 0 0 0 0 0 0 0 0 0 0 
1 0.700729 0.35013 0.09453 0.009815 0.00037625 1e-05 1.25e-06 0 0 0 0 0 0 0 0 0 0 0 0 
1 0.700575 0.349265 0.0940775 0.00960375 0.0003025 8.75e-06 0 0 0 0 0 0 0 0 0 0 0 0 0 
1 0.700228 0.348569 0.093005 0.0093975 0.00031875 5e-06 0 0 0 0 0 0 0 0 0 0 0 0 0 
1 0.700539 0.347624 0.093285 0.00933 0.00034125 7.5e-06 0 0 0 0 0 0 0 0 0 0 0 0 0 
1 0.700268 0.348597 0.09351 0.00948 0.0003125 5e-06 0 0 0 0 0 0 0 0 0 0 0 0 0 
1 0.70081 0.349089 0.0935762 0.00954875 0.00034625 2.5e-06 0 0 0 0 0 0 0 0 0 0 0 0 0 
1 0.698753 0.347101 0.0923175 0.00918875 0.00039 8.75e-06 0 0 0 0 0 0 0 0 0 0 0 0 0 
1 0.699851 0.347624 0.0934875 0.00947375 0.00032125 7.5e-06 0 0 0 0 0 0 0 0 0 0 0 0 0 
1 0.69916 0.346422 0.0920112 0.00895375 0.0002925 3.75e-06 0 0 0 0 0 0 0 0 0 0 0 0 0 
1 0.702271 0.351876 0.0952075 0.0099225 0.00033625 1.25e-05 0 0 0 0 0 0 0 0 0 0 0 0 0 
1 0.698851 0.347279 0.0929337 0.00933625 0.0003275 6.25e-06 0 0 0 0 0 0 0 0 0 0 0 0 0 
1 0.699145 0.347665 0.09314 0.00941375 0.00034875 5e-06 0 0 0 0 0 0 0 0 0 0 0 0 0 
1 0.698694 0.347122 0.0929387 0.00958875 0.00037375 1.125e-05 0 0 0 0 0 0 0 0 0 0 0 0 0 
1 0.698858 0.345946 0.0916675 0.00940875 0.000345 6.25e-06 0 0 0 0 0 0 0 0 0 0 0 0 0 
1 0.700733 0.350963 0.0947725 0.009735 0.00033625 1.25e-06 0 0 0 0 0 0 0 0 0 0 0 0 0 
1 0.699818 0.349069 0.094025 0.00959625 0.00036875 1.125e-05 0 0 0 0 0 0 0 0 0 0 0 0 0 
1 0.699308 0.347997 0.0934212 0.00926125 0.0003175 8.75e-06 0 0 0 0 0 0 0 0 0 0 0 0 0 
1 0.700755 0.349539 0.0937912 0.00983375 0.00033375 1e-05 0 0 0 0 0 0 0 0 0 0 0 0 0 
1 0.699018 0.346787 0.0925937 0.0091675 0.00028 5e-06 0 0 0 0 0 0 0 0 0 0 0 0 0 
1 0.702144 0.352082 0.096205 0.0101313 0.000395 7.5e-06 0 0 0 0 0 0 0 0 0 0 0 0 0 
1 0.699163 0.345781 0.091725 0.009135 0.00029875 2.5e-06 0 0 0 0 0 0 0 0 0 0 0 0 0 
1 0.698579 0.346962 0.0924112 0.00930625 0.00035 8.75e-06 0 0 0 0 0 0 0 0 0 0 0 0 0 
1 0.700828 0.349427 0.0936462 0.00934125 0.00030125 3.75e-06 0 0 0 0 0 0 0 0 0 0 0 0 0 
1 0.701893 0.349802 0.093885 0.00976125 0.0003575 1.125e-05 0 0 0 0 0 0 0 0 0 0 0 0 0 
1 0.699961 0.348759 0.09435 0.00972375 0.00035625 8.75e-06 0 0 0 0 0 0 0 0 0 0 0 0 0 
1 0.702169 0.350569 0.094985 0.00939375 0.00030625 1.375e-05 0 0 0 0 0 0 0 0 0 0 0 0 0 
1 0.700248 0.348901 0.0929812 0.00938 0.00030875 8.75e-06 0 0 0 0 0 0 0 0 0 0 0 0 0 
1 0.700503 0.348464 0.0925825 0.0089325 0.0002925 1.125e-05 0 0 0 0 0 0 0 0 0 0 0 0 0 
1 0.701344 0.34986 0.0943862 0.00961 0.00035 1.25e-06 0 0 0 0 0 0 0 0 0 0 0 0 0 
1 0.698654 0.34611 0.0916412 0.0091225 0.00030875 2.5e-06 0 0 0 0 0 0 0 0 0 0 0 0 0 
