1 0.79685 0.6387 0.5124 0.4114 0.33095 0.2654 0.21405 0.171 0.1361 0.10965 0.08845 0.0709 0.05815 0.0466 0.03725 0.03005 0.02325 0.01845 0.01505 
1 0.80155 0.6403 0.5139 0.41035 0.32645 0.2568 0.2034 0.161 0.1273 0.10135 0.07935 0.06315 0.05005 0.0403 0.0311 0.0243 0.01825 0.0148 0.01145 
1 0.7991 0.6371 0.51385 0.40725 0.32645 0.26085 0.2094 0.1676 0.1344 0.1068 0.0865 0.06815 0.05395 0.042 0.0338 0.0273 0.0225 0.01785 0.01415 
1 0.79705 0.63505 0.5067 0.4036 0.3215 0.2544 0.20165 0.1629 0.1317 0.1036 0.08275 0.066 0.0526 0.0424 0.0335 0.0261 0.0202 0.01525 0.0116 
1 0.7999 0.635 0.5084 0.40745 0.32535 0.26045 0.2101 0.16905 0.13455 0.10685 0.0849 0.06805 0.0551 0.04335 0.03505 0.0268 0.0208 0.0161 0.01245 
1 0.79635 0.63355 0.50705 0.40725 0.32365 0.2585 0.20515 0.16325 0.13085 0.1037 0.0824 0.06535 0.05175 0.0412 0.0329 0.02615 0.02075 0.01695 0.0131 
1 0.7968 0.63645 0.50775 0.40645 0.3247 0.26265 0.21015 0.1675 0.13305 0.1051 0.0837 0.066 0.0524 0.04125 0.03365 0.02605 0.0212 0.01665 0.01355 
1 0.7968 0.63185 0.50205 0.4018 0.3213 0.2576 0.20635 0.16455 0.13165 0.1069 0.08575 0.0688 0.05425 0.04285 0.03295 0.0268 0.0205 0.01595 0.01225 
1 0.7982 0.6352 0.51 0.407 0.3258 0.2636 0.21325 0.1728 0.13855 0.11165 0.08925 0.07285 0.0579 0.04625 0.0375 0.0301 0.0229 0.01815 0.01355 
1 0.79925 0.63755 0.5117 0.4071 0.32515 0.25975 0.21015 0.1682 0.134 0.10765 0.08595 0.06795 0.05315 0.04265 0.03405 0.02655 0.02135 0.01625 0.0129 
1 0.7959 0.6329 0.50285 0.4028 0.3204 0.25715 0.20505 0.16515 0.13055 0.10535 0.084 0.06685 0.0525 0.04215 0.03405 0.02685 0.02115 0.01695 0.01355 
1 0.79745 0.64005 0.5114 0.40685 0.32365 0.259 0.2078 0.16635 0.13195 0.1065 0.08535 0.06855 0.0544 0.04375 0.0338 0.02705 0.0211 0.01645 0.01295 
1 0.8 0.64365 0.5159 0.4106 0.3263 0.26125 0.2079 0.16475 0.13275 0.10575 0.08415 0.06675 0.05165 0.0418 0.03275 0.02545 0.01995 0.0161 0.01245 
1 0.8037 0.64275 0.5139 0.41055 0.33045 0.2649 0.2147 0.17055 0.13375 0.1083 0.0869 0.0705 0.0552 0.04435 0.03595 0.0289 0.0227 0.0185 0.0145 
1 0.8012 0.63965 0.5105 0.40715 0.3263 0.2611 0.20995 0.1643 0.13035 0.1025 0.0793 0.0644 0.0519 0.0424 0.03295 0.02625 0.0202 0.01685 0.01295 
1 0.8006 0.64145 0.51325 0.41005 0.32955 0.26485 0.2117 0.17145 0.13615 0.1108 0.08925 0.07135 0.0561 0.04395 0.0346 0.0274 0.02185 0.01775 0.0144 
1 0.801 0.6436 0.51635 0.41425 0.33125 0.2662 0.21235 0.17165 0.13715 0.1101 0.08805 0.0691 0.05425 0.0439 0.03505 0.0281 0.02195 0.0183 0.0142 
1 0.7993 0.6351 0.50285 0.40055 0.3189 0.25095 0.2026 0.16165 0.1313 0.10505 0.08405 0.0683 0.05385 0.042 0.03435 0.0279 0.0227 0.019 0.01505 
1 0.80105 0.63935 0.5131 0.40935 0.32705 0.26035 0.2096 0.1689 0.13405 0.10545 0.08425 0.06665 0.05305 0.04215 0.0336 0.02705 0.02105 0.0163 0.0129 
1 0.8023 0.64175 0.51765 0.4172 0.3349 0.27025 0.2157 0.17475 0.14055 0.113 0.09035 0.0719 0.0566 0.044 0.03525 0.02885 0.0239 0.01895 0.0155 
1 0.8058 0.6403 0.5108 0.4067 0.32785 0.2626 0.20605 0.16515 0.132 0.1038 0.08205 0.0658 0.05225 0.04115 0.03225 0.0258 0.02105 0.0166 0.0133 
1 0.79685 0.63515 0.5099 0.40985 0.32385 0.25955 0.20385 0.16245 0.12915 0.10165 0.0798 0.0632 0.0486 0.03875 0.031 0.02465 0.02005 0.01605 0.01305 
1 0.7984 0.63405 0.5084 0.40855 0.3305 0.2626 0.2109 0.16755 0.13565 0.10755 0.0847 0.06695 0.05435 0.04305 0.0342 0.02745 0.02175 0.0169 0.01365 
1 0.8027 0.64375 0.51025 0.40605 0.32525 0.2603 0.20845 0.1658 0.13135 0.10575 0.0835 0.0658 0.052 0.0416 0.0327 0.0261 0.02115 0.017 0.0134 
1 0.7986 0.63605 0.5076 0.4068 0.32775 0.2612 0.20835 0.16495 0.1334 0.10485 0.08355 0.06645 0.0511 0.0414 0.0335 0.0275 0.02215 0.01705 0.0136 
1 0.8012 0.64175 0.51315 0.41155 0.3287 0.2621 0.2096 0.1671 0.13315 0.10645 0.08455 0.0662 0.0534 0.0437 0.03615 0.02845 0.0229 0.0184 0.0153 
1 0.7981 0.63745 0.5117 0.41065 0.3249 0.2597 0.2075 0.1673 0.1335 0.1075 0.08495 0.06705 0.0539 0.0428 0.03295 0.0268 0.02015 0.0152 0.01165 
1 0.8008 0.63895 0.51415 0.4119 0.32695 0.2617 0.21035 0.16755 0.1317 0.10655 0.0852 0.06765 0.0533 0.04185 0.0324 0.0252 0.0204 0.0161 0.01235 
1 0.7975 0.64155 0.51285 0.41045 0.3281 0.2623 0.20635 0.1673 0.13425 0.1079 0.0863 0.0685 0.05585 0.04415 0.0351 0.02865 0.02325 0.01855 0.0142 
1 0.8001 0.643 0.5155 0.4146 0.3327 0.2658 0.21215 0.1673 0.1325 0.10705 0.08555 0.0685 0.05505 0.0451 0.03495 0.0278 0.0217 0.0168 0.0135 
1 0.80355 0.64115 0.5115 0.4107 0.3292 0.26485 0.213 0.1726 0.13725 0.11 0.0856 0.06875 0.0532 0.0437 0.0349 0.02765 0.02165 0.0168 0.01335 
1 0.79335 0.639 0.5097 0.408 0.3248 0.2585 0.2048 0.1646 0.12965 0.10395 0.0834 0.0668 0.054 0.0432 0.0337 0.02635 0.02135 0.0171 0.014 
1 0.80115 0.6467 0.5171 0.41605 0.33165 0.26705 0.21185 0.17195 0.13535 0.10955 0.0859 0.07005 0.0562 0.04505 0.03575 0.0291 0.0233 0.0185 0.0148 
1 0.7986 0.6407 0.5154 0.4129 0.33245 0.2678 0.2127 0.17075 0.13875 0.1122 0.09065 0.0714 0.05665 0.04695 0.03695 0.02895 0.02305 0.01835 0.014 
1 0.8028 0.63745 0.51035 0.4088 0.32625 0.26145 0.20855 0.1692 0.13655 0.10725 0.08495 0.06705 0.05355 0.04355 0.03455 0.02745 0.0215 0.0171 0.0131 
1 0.80175 0.6376 0.509 0.4093 0.3274 0.26115 0.2088 0.1677 0.13335 0.10695 0.08625 0.0673 0.0537 0.0419 0.0331 0.02595 0.02095 0.0168 0.0136 
1 0.80295 0.64085 0.50855 0.4103 0.33035 0.2633 0.20935 0.1698 0.13585 0.10735 0.0843 0.0668 0.05225 0.04225 0.0326 0.0258 0.01975 0.0156 0.0119 
1 0.79885 0.63815 0.5094 0.40485 0.32125 0.25345 0.20175 0.1608 0.12845 0.10285 0.08085 0.06375 0.0518 0.04225 0.03285 0.0258 0.0198 0.01575 0.01205 
1 0.8016 0.64315 0.51375 0.4084 0.3239 0.25865 0.2044 0.16125 0.13135 0.10565 0.08395 0.0679 0.05355 0.0441 0.03365 0.02675 0.02095 0.01725 0.01305 
1 0.79955 0.644 0.5152 0.41165 0.33025 0.2676 0.21495 0.17375 0.13755 0.1106 0.08885 0.07095 0.0556 0.0452 0.036 0.02875 0.0226 0.018 0.0141 
1 0.7964 0.6399 0.5116 0.40965 0.32705 0.2626 0.2088 0.16575 0.1305 0.1028 0.08125 0.0654 0.0522 0.04165 0.0328 0.02595 0.0204 0.0161 0.01285 
1 0.80245 0.6416 0.51355 0.4121 0.32795 0.26325 0.21055 0.1693 0.13515 0.10895 0.0865 0.0695 0.0551 0.04475 0.03535 0.02905 0.02225 0.0178 0.01395 
1 0.79855 0.63665 0.5118 0.40905 0.32715 0.2603 0.209 0.1658 0.1336 0.1059 0.0862 0.06995 0.056 0.0447 0.03625 0.0277 0.02195 0.0177 0.0147 
1 0.80525 0.64265 0.5139 0.4078 0.3259 0.2622 0.21135 0.1701 0.13425 0.1074 0.0864 0.0688 0.0549 0.04235 0.034 0.0263 0.01975 0.01605 0.013 
1 0.7995 0.63805 0.511 0.40785 0.32285 0.2586 0.2061 0.16315 0.1297 0.10505 0.08275 0.0663 0.0504 0.04105 0.03135 0.02505 0.0198 0.0159 0.0124 
1 0.8031 0.64245 0.51325 0.4101 0.32795 0.26215 0.20785 0.16465 0.1311 0.10455 0.0822 0.0675 0.05295 0.0421 0.0331 0.0266 0.02145 0.01665 0.0134 
1 0.79895 0.64015 0.5116 0.4079 0.32745 0.2602 0.20935 0.1665 0.1349 0.109 0.08625 0.06985 0.05535 0.0423 0.0346 0.0268 0.0214 0.01735 0.0133 
1 0.79955 0.6404 0.50895 0.4057 0.3256 0.25785 0.20595 0.1627 0.1312 0.10665 0.0849 0.06685 0.05445 0.0432 0.0339 0.02795 0.0219 0.0175 0.0148 
1 0.80425 0.6434 0.5138 0.4151 0.33305 0.26805 0.21515 0.17355 0.138 0.1104 0.08955 0.0736 0.05945 0.04865 0.03835 0.0311 0.0251 0.01995 0.01625 
1 0.7974 0.63955 0.50845 0.40635 0.32655 0.2625 0.20985 0.16915 0.1346 0.10895 0.08505 0.06935 0.05605 0.0452 0.03565 0.0277 0.02225 0.01725 0.01335 
1 0.8058 0.6458 0.5208 0.41645 0.336 0.27135 0.2171 0.17465 0.1415 0.1138 0.09115 0.0729 0.05795 0.04545 0.03625 0.02885 0.0232 0.0182 0.01445 
1 0.7961 0.63515 0.504 0.40115 0.32185 0.25665 0.2038 0.16445 0.132 0.1045 0.083 0.0669 0.05165 0.0404 0.03195 0.02555 0.02015 0.0154 0.01235 
1 0.8031 0.6431 0.51615 0.41425 0.33075 0.26405 0.2115 0.1692 0.1353 0.1062 0.0849 0.0682 0.0542 0.0434 0.0339 0.0266 0.0206 0.0162 0.01265 
1 0.8024 0.64325 0.5179 0.41415 0.3309 0.26255 0.2113 0.16865 0.1362 0.1094 0.08655 0.06995 0.0573 0.0465 0.03725 0.0299 0.0232 0.01855 0.0151 
1 0.79445 0.6328 0.509 0.40465 0.32105 0.2595 0.20535 0.164 0.1306 0.1048 0.08265 0.0656 0.05105 0.0397 0.0313 0.0253 0.0187 0.0155 0.01135 
1 0.7989 0.6401 0.5105 0.40495 0.32475 0.25795 0.2045 0.1632 0.13145 0.10275 0.082 0.06605 0.0537 0.043 0.0342 0.02745 0.02155 0.0175 0.0139 
1 0.80025 0.644 0.51285 0.4081 0.3256 0.26225 0.2099 0.16745 0.13375 0.10495 0.0832 0.0665 0.05365 0.04225 0.0339 0.0265 0.02105 0.0159 0.01255 
1 0.7988 0.6386 0.51405 0.40905 0.32825 0.2623 0.20845 0.1645 0.13325 0.10705 0.08505 0.06775 0.05505 0.04385 0.0352 0.0285 0.0231 0.0182 0.01415 
1 0.7977 0.63895 0.5119 0.41115 0.33115 0.26025 0.21025 0.16855 0.13505 0.10915 0.08795 0.0702 0.05595 0.04455 0.03585 0.0284 0.0227 0.0181 0.014 
1 0.7979 0.6395 0.51365 0.4121 0.32785 0.2608 0.2096 0.16905 0.1345 0.10705 0.08525 0.0678 0.05355 0.043 0.034 0.0282 0.02285 0.0185 0.01515 
1 0.7976 0.6409 0.51455 0.40815 0.3261 0.25955 0.2095 0.1678 0.1327 0.1053 0.0828 0.066 0.0535 0.04285 0.03465 0.0283 0.02175 0.01775 0.014 
1 0.79995 0.634 0.50955 0.407 0.3287 0.2614 0.2091 0.16775 0.13445 0.10785 0.08535 0.069 0.05535 0.04335 0.03595 0.02945 0.02305 0.0185 0.0143 
1 0.7952 0.6359 0.5131 0.4111 0.3278 0.2588 0.20915 0.1657 0.1317 0.10495 0.0845 0.06855 0.0539 0.04295 0.03365 0.02665 0.02185 0.0164 0.013 
1 0.7976 0.6407 0.51265 0.41205 0.3337 0.26835 0.21475 0.1707 0.1381 0.11045 0.0888 0.07155 0.05705 0.04545 0.0362 0.02805 0.0221 0.0173 0.0135 
1 0.79945 0.64415 0.5163 0.41225 0.32805 0.2634 0.21285 0.17375 0.13895 0.11275 0.09185 0.0727 0.05885 0.04665 0.03755 0.0295 0.02295 0.0179 0.01455 
1 0.795 0.6384 0.5127 0.40675 0.3267 0.2608 0.21085 0.1677 0.13425 0.10625 0.0855 0.06695 0.05265 0.04185 0.0334 0.02695 0.0214 0.01725 0.0131 
1 0.79825 0.63595 0.509 0.4037 0.323 0.25645 0.20605 0.1643 0.1322 0.10545 0.08445 0.06805 0.0535 0.04275 0.0344 0.02715 0.0204 0.0165 0.0127 
1 0.80115 0.64125 0.51105 0.40935 0.32385 0.2603 0.21015 0.16805 0.1331 0.1048 0.08455 0.06655 0.0531 0.04105 0.03315 0.0262 0.02065 0.0163 0.01265 
1 0.7964 0.6368 0.51215 0.4136 0.3345 0.2678 0.21455 0.16995 0.13715 0.10895 0.08725 0.06885 0.0558 0.0444 0.0351 0.0279 0.02285 0.0177 0.01445 
1 0.7978 0.64245 0.51505 0.4166 0.32935 0.266 0.21165 0.1702 0.1359 0.10965 0.0877 0.07015 0.0569 0.0442 0.03495 0.02835 0.0223 0.0172 0.01445 
1 0.8013 0.6429 0.51455 0.41175 0.3283 0.2602 0.20655 0.16655 0.1335 0.10495 0.08205 0.0654 0.05225 0.04025 0.0325 0.025 0.0189 0.0144 0.01075 
1 0.80075 0.6394 0.50955 0.40905 0.32595 0.2611 0.20715 0.16455 0.13005 0.1059 0.08185 0.066 0.0527 0.0427 0.03385 0.02715 0.02095 0.0166 0.01375 
1 0.7957 0.6371 0.5119 0.40715 0.3254 0.2602 0.2085 0.1655 0.13275 0.1064 0.08415 0.06565 0.05215 0.0421 0.03245 0.0248 0.0197 0.01495 0.0118 
1 0.79935 0.644 0.51845 0.40915 0.32925 0.26425 0.21295 0.17 0.1381 0.1096 0.0877 0.0701 0.05595 0.044 0.0353 0.0283 0.02215 0.0172 0.01375 
1 0.79855 0.64145 0.5123 0.4069 0.32305 0.2618 0.209 0.16645 0.13395 0.10645 0.08445 0.06695 0.0531 0.04195 0.03355 0.0256 0.02125 0.0164 0.01315 
1 0.79835 0.6378 0.50795 0.40455 0.3255 0.2574 0.20545 0.16335 0.1309 0.1059 0.08505 0.06815 0.05485 0.04385 0.0351 0.0281 0.02225 0.01735 0.0144 
1 0.8027 0.64645 0.5161 0.4136 0.3281 0.2627 0.20615 0.1644 0.1315 0.10575 0.0835 0.06745 0.0538 0.04385 0.03395 0.0257 0.0206 0.01605 0.01295 
1 0.8045 0.6416 0.5106 0.40865 0.3258 0.2624 0.2109 0.17045 0.1358 0.10865 0.0864 0.06945 0.0551 0.04385 0.03615 0.0281 0.02225 0.0178 0.01475 
1 0.7989 0.63915 0.51225 0.4072 0.32445 0.25925 0.20875 0.16605 0.13295 0.108 0.08685 0.0698 0.0553 0.04375 0.0346 0.0276 0.0224 0.0176 0.0142 
1 0.79815 0.63995 0.51305 0.41245 0.32885 0.2607 0.2088 0.1678 0.1319 0.10605 0.08235 0.0656 0.052 0.0409 0.0326 0.02585 0.01995 0.0157 0.01185 
1 0.79635 0.6384 0.51435 0.40735 0.3277 0.2624 0.20835 0.1662 0.1331 0.1053 0.0847 0.0674 0.0535 0.04425 0.035 0.027 0.02135 0.01765 0.01385 
1 0.8042 0.6442 0.5142 0.41125 0.3299 0.2608 0.2068 0.1663 0.132 0.1041 0.0843 0.0686 0.05445 0.04215 0.0338 0.0278 0.022 0.01705 0.01375 
1 0.80175 0.63765 0.5028 0.39895 0.32395 0.2599 0.2075 0.1653 0.1325 0.1072 0.08635 0.0682 0.055 0.0432 0.0346 0.0275 0.0221 0.01775 0.0144 
1 0.8035 0.6457 0.5157 0.41265 0.3305 0.26405 0.2114 0.16795 0.1342 0.1088 0.0864 0.06965 0.05645 0.04525 0.03635 0.02895 0.02285 0.0178 0.01385 
1 0.7987 0.64305 0.51475 0.41265 0.328 0.26125 0.21005 0.1659 0.1334 0.1056 0.0844 0.0673 0.0544 0.04375 0.035 0.0279 0.02215 0.0173 0.01375 
1 0.7997 0.63865 0.51185 0.41215 0.3277 0.26445 0.20985 0.1679 0.13225 0.10715 0.08505 0.0695 0.05615 0.044 0.0353 0.0284 0.02165 0.018 0.014 
1 0.7998 0.645 0.5138 0.41605 0.3317 0.2664 0.2133 0.17125 0.1348 0.10695 0.0846 0.066 0.05245 0.0424 0.033 0.0269 0.02165 0.01755 0.01365 
1 0.80455 0.64455 0.5141 0.40775 0.3254 0.26005 0.2059 0.16565 0.13355 0.10805 0.08545 0.0681 0.05335 0.04185 0.0331 0.0263 0.0209 0.016 0.0126 
1 0.79825 0.63905 0.5135 0.40735 0.32595 0.2596 0.20995 0.16735 0.13675 0.1102 0.08765 0.07165 0.0571 0.0451 0.0363 0.02885 0.0238 0.0193 0.01525 
1 0.8036 0.64405 0.51655 0.41505 0.33035 0.264 0.21475 0.17345 0.1382 0.1112 0.0897 0.0718 0.0573 0.0462 0.0367 0.028 0.0223 0.0174 0.0139 
1 0.79635 0.63605 0.50905 0.40555 0.3231 0.2545 0.2039 0.16235 0.13 0.103 0.08315 0.0668 0.0533 0.04155 0.0332 0.0265 0.02105 0.01605 0.0121 
1 0.7948 0.63505 0.5067 0.401 0.32245 0.25625 0.20425 0.16205 0.1316 0.10525 0.08415 0.06725 0.05355 0.042 0.03365 0.0273 0.0211 0.0163 0.01295 
1 0.80125 0.6406 0.51525 0.41435 0.33365 0.26495 0.2137 0.17085 0.1366 0.10875 0.0889 0.07185 0.0588 0.0476 0.0383 0.0299 0.0237 0.0189 0.015 
1 0.8008 0.6402 0.51315 0.4096 0.32855 0.26075 0.2098 0.16755 0.133 0.10725 0.0842 0.0675 0.0543 0.0444 0.0358 0.02755 0.0219 0.01755 0.0133 
1 0.79735 0.6383 0.5112 0.4069 0.3242 0.25935 0.208 0.16775 0.1334 0.10815 0.08525 0.06885 0.05645 0.0456 0.03675 0.0294 0.02375 0.0185 0.01475 
1 0.80045 0.64685 0.5144 0.4117 0.33045 0.2661 0.2114 0.16965 0.13385 0.10555 0.085 0.06855 0.0535 0.0425 0.03425 0.0272 0.0211 0.0178 0.01425 
1 0.8008 0.63405 0.5085 0.40595 0.3257 0.26075 0.20995 0.16765 0.1326 0.1039 0.08235 0.0654 0.05255 0.04135 0.03285 0.0262 0.02135 0.01685 0.0134 
1 0.80105 0.6393 0.5105 0.4096 0.32625 0.25975 0.20905 0.1666 0.1334 0.10875 0.08545 0.0674 0.05265 0.042 0.03255 0.0267 0.02105 0.0167 0.0132 
1 0.79785 0.6402 0.5101 0.40805 0.32955 0.26265 0.2071 0.1662 0.129 0.10185 0.0801 0.06405 0.0511 0.0415 0.0324 0.026 0.02095 0.017 0.01385 
1 0.7971 0.6365 0.50935 0.4083 0.32965 0.26435 0.2121 0.17175 0.13675 0.1078 0.08825 0.0716 0.05625 0.04545 0.03715 0.02945 0.0227 0.0178 0.0143 
1 0.8001 0.64075 0.51395 0.4104 0.33285 0.26645 0.21335 0.1727 0.1397 0.11125 0.08995 0.0709 0.056 0.0444 0.0361 0.02935 0.02335 0.01775 0.01415 
1 0.80395 0.64125 0.5133 0.41255 0.3304 0.26575 0.21115 0.1676 0.13375 0.1062 0.0847 0.0656 0.0523 0.04145 0.03265 0.0258 0.02015 0.01575 0.01175 
1 0.79835 0.64175 0.50835 0.4021 0.32215 0.2566 0.2059 0.16295 0.13115 0.10465 0.0833 0.06575 0.05305 0.04145 0.0329 0.02505 0.0199 0.01655 0.01295 
1 0.79955 0.6388 0.5083 0.40685 0.3227 0.25695 0.20575 0.1618 0.1284 0.10065 0.0803 0.0641 0.05055 0.04025 0.0313 0.0246 0.0195 0.0162 0.0125 
1 0.8038 0.6451 0.51285 0.4099 0.3292 0.2642 0.2142 0.1706 0.13695 0.1088 0.08655 0.0697 0.05435 0.0417 0.03325 0.0266 0.02135 0.0168 0.01325 
1 0.79955 0.6446 0.5191 0.4161 0.3336 0.26905 0.2166 0.1734 0.13915 0.11215 0.09015 0.0718 0.05565 0.04385 0.03515 0.028 0.02205 0.01815 0.0138 
1 0.7977 0.63715 0.5116 0.4104 0.3282 0.263 0.2099 0.1665 0.1331 0.106 0.08465 0.0666 0.0533 0.04265 0.03325 0.0268 0.02145 0.01665 0.0128 
1 0.79785 0.64015 0.5092 0.4086 0.32615 0.2615 0.21015 0.16795 0.13195 0.10465 0.08265 0.06705 0.0529 0.04075 0.03275 0.0256 0.021 0.0172 0.0137 
1 0.7984 0.6409 0.5172 0.4135 0.3297 0.2636 0.20965 0.1674 0.13255 0.1056 0.08535 0.06945 0.0554 0.04505 0.03525 0.02865 0.02205 0.01815 0.01385 
1 0.80605 0.64795 0.5161 0.4113 0.3336 0.2695 0.213 0.17285 0.1371 0.1115 0.0868 0.0691 0.054 0.0433 0.0347 0.02815 0.0227 0.01845 0.01495 
1 0.80145 0.63785 0.5089 0.40535 0.32465 0.2593 0.205 0.16385 0.1314 0.10385 0.08415 0.06765 0.05355 0.04275 0.03365 0.02575 0.02015 0.0162 0.01245 
1 0.80235 0.64235 0.5131 0.41145 0.32735 0.26265 0.21015 0.1681 0.13375 0.107 0.08595 0.0674 0.0532 0.04185 0.0346 0.02745 0.02205 0.0176 0.01405 
1 0.80155 0.64145 0.51185 0.4084 0.32715 0.26355 0.20975 0.16835 0.1375 0.1094 0.088 0.0704 0.05775 0.0452 0.03625 0.02855 0.0223 0.01695 0.014 
1 0.7948 0.6326 0.5047 0.40645 0.32465 0.2596 0.20675 0.1633 0.1297 0.1029 0.0833 0.0661 0.05405 0.04295 0.0333 0.02675 0.02095 0.0166 0.01275 
1 0.7968 0.635 0.5088 0.4096 0.32445 0.2586 0.2056 0.16305 0.12955 0.1023 0.08085 0.06415 0.0503 0.041 0.03335 0.0267 0.02145 0.01745 0.01365 
1 0.80195 0.64525 0.5186 0.41415 0.33095 0.2662 0.21485 0.1714 0.13635 0.11015 0.089 0.0708 0.0564 0.04535 0.03585 0.02795 0.0222 0.0174 0.01355 
1 0.79745 0.6367 0.50795 0.4059 0.32535 0.25985 0.20845 0.16725 0.1329 0.1073 0.0849 0.06795 0.0534 0.0429 0.03445 0.02795 0.0224 0.01805 0.01415 
1 0.80115 0.64315 0.5163 0.41195 0.32965 0.2648 0.2106 0.16945 0.13595 0.10785 0.08485 0.067 0.054 0.0434 0.0345 0.02755 0.0225 0.0184 0.0152 
1 0.7979 0.6376 0.5084 0.4071 0.323 0.2617 0.211 0.16765 0.13405 0.10685 0.08505 0.0691 0.05595 0.0448 0.0356 0.0295 0.02275 0.0185 0.0149 
1 0.8038 0.6445 0.51595 0.41465 0.3293 0.2605 0.2089 0.16475 0.13315 0.10615 0.08705 0.0699 0.05515 0.0427 0.0346 0.02725 0.0219 0.01795 0.01385 
1 0.8025 0.6419 0.51045 0.40865 0.32695 0.25965 0.206 0.1651 0.1309 0.10425 0.08345 0.0657 0.0528 0.04185 0.03315 0.025 0.01935 0.0155 0.0121 
1 0.80025 0.64315 0.5139 0.40845 0.326 0.2585 0.20495 0.16305 0.12815 0.10255 0.0819 0.06455 0.05055 0.04015 0.03185 0.0251 0.01955 0.0148 0.0121 
1 0.7961 0.63475 0.50575 0.4022 0.31695 0.2545 0.20315 0.16275 0.129 0.1036 0.08205 0.06445 0.0528 0.0428 0.0349 0.0273 0.02185 0.017 0.0132 
1 0.79875 0.6386 0.5075 0.4064 0.32475 0.2604 0.20635 0.16515 0.13125 0.1069 0.08455 0.06765 0.0538 0.0421 0.0348 0.02775 0.0217 0.0168 0.0127 
1 0.79685 0.63565 0.50435 0.4035 0.3225 0.2585 0.2074 0.1653 0.13285 0.1059 0.0851 0.06815 0.05475 0.04225 0.0343 0.0278 0.02255 0.0167 0.0129 
1 0.7959 0.63855 0.5131 0.409 0.3285 0.2617 0.2106 0.16675 0.1337 0.1069 0.0848 0.0679 0.0545 0.04315 0.0335 0.02705 0.02125 0.0171 0.01265 
1 0.79995 0.6368 0.5095 0.4069 0.32685 0.26025 0.20565 0.16455 0.1317 0.10415 0.08215 0.06475 0.05185 0.04045 0.03295 0.02575 0.02055 0.016 0.01295 
1 0.8091 0.65265 0.52175 0.4174 0.3336 0.26785 0.2145 0.1729 0.1387 0.1107 0.08925 0.07185 0.0565 0.0452 0.036 0.02945 0.02405 0.0192 0.01535 
1 0.7993 0.64365 0.51175 0.40865 0.32765 0.2628 0.21035 0.16905 0.13605 0.108 0.08725 0.0699 0.0565 0.0453 0.03665 0.0293 0.0223 0.01775 0.01365 
1 0.80005 0.63685 0.5092 0.40785 0.32605 0.2649 0.212 0.16915 0.13485 0.10765 0.0865 0.06935 0.05455 0.04345 0.03495 0.02795 0.02175 0.017 0.01365 
1 0.79605 0.6333 0.5081 0.40575 0.32355 0.25885 0.2055 0.16595 0.13065 0.10315 0.08315 0.066 0.0521 0.04235 0.03305 0.02725 0.02215 0.0174 0.014 
1 0.7979 0.6327 0.50445 0.4045 0.3211 0.25585 0.20455 0.1651 0.12935 0.1048 0.0826 0.06615 0.0528 0.04275 0.03365 0.02645 0.0207 0.01605 0.01255 
1 0.79885 0.6413 0.5143 0.4119 0.32895 0.2643 0.2125 0.17195 0.13625 0.109 0.086 0.06965 0.05455 0.04425 0.03495 0.028 0.02255 0.01815 0.0143 
1 0.79975 0.64115 0.5154 0.4125 0.3307 0.2629 0.21065 0.16985 0.1357 0.1067 0.0848 0.0687 0.0555 0.04335 0.03475 0.0276 0.02155 0.01685 0.01325 
1 0.8045 0.6476 0.51755 0.41075 0.3285 0.26175 0.2099 0.1697 0.1351 0.10795 0.08635 0.06775 0.05485 0.0439 0.0344 0.0273 0.0214 0.01735 0.01435 
1 0.8034 0.6429 0.5144 0.40995 0.3289 0.26355 0.20865 0.1677 0.1345 0.1076 0.08545 0.06795 0.0551 0.045 0.03575 0.02855 0.0228 0.0177 0.014 
1 0.79855 0.63875 0.51075 0.40955 0.32705 0.26315 0.21075 0.16985 0.13545 0.1094 0.0887 0.0716 0.0577 0.04695 0.0372 0.0294 0.02305 0.01855 0.0142 
1 0.7998 0.64055 0.51105 0.40705 0.32275 0.25725 0.2062 0.16535 0.1317 0.10675 0.0858 0.06885 0.056 0.04565 0.03585 0.0295 0.02335 0.0188 0.01465 
1 0.79725 0.63415 0.5068 0.4057 0.32355 0.25825 0.20665 0.16505 0.13135 0.10535 0.0845 0.06795 0.054 0.0426 0.0342 0.02595 0.0208 0.0164 0.01305 
1 0.79505 0.63245 0.50425 0.40575 0.3243 0.258 0.2058 0.1642 0.13205 0.10435 0.08355 0.0663 0.0528 0.042 0.0346 0.027 0.0207 0.01555 0.01275 
1 0.80325 0.6478 0.52125 0.4212 0.3387 0.27285 0.2171 0.17535 0.1399 0.1131 0.0913 0.07405 0.05825 0.04655 0.03755 0.0297 0.02335 0.0187 0.01465 
1 0.8018 0.6383 0.51375 0.40805 0.32435 0.26205 0.2097 0.16895 0.1346 0.1071 0.0855 0.0687 0.0544 0.0436 0.03485 0.02745 0.0213 0.01705 0.0139 
1 0.7972 0.6385 0.5102 0.40925 0.3285 0.26215 0.2104 0.1674 0.13065 0.10435 0.0824 0.0655 0.05055 0.0409 0.03275 0.02605 0.02005 0.0154 0.01155 
1 0.7981 0.64025 0.509 0.40205 0.3215 0.2547 0.2041 0.16125 0.1302 0.10465 0.08375 0.0673 0.0537 0.0422 0.0335 0.0261 0.02055 0.0161 0.013 
1 0.80315 0.64465 0.51105 0.4099 0.32495 0.26 0.209 0.1642 0.1309 0.1041 0.08135 0.06485 0.0518 0.04 0.03245 0.02645 0.02095 0.01625 0.01265 
1 0.80125 0.6438 0.5121 0.40715 0.3276 0.2623 0.20895 0.16715 0.13455 0.10545 0.08435 0.06705 0.05275 0.04225 0.03275 0.02545 0.0206 0.0164 0.01275 
1 0.79545 0.637 0.51115 0.40765 0.32605 0.2613 0.20775 0.16935 0.1366 0.10835 0.0856 0.06875 0.0546 0.04435 0.03455 0.02825 0.0233 0.01895 0.01495 
1 0.80035 0.64035 0.51 0.40835 0.32435 0.25875 0.20485 0.1622 0.1284 0.1025 0.0804 0.0634 0.0513 0.04 0.0327 0.0265 0.02125 0.0158 0.0122 
1 0.801 0.63595 0.50585 0.4036 0.323 0.25705 0.2043 0.1641 0.1319 0.10475 0.08395 0.0673 0.0546 0.0438 0.03505 0.02815 0.02225 0.0174 0.0138 
1 0.8 0.6387 0.5128 0.41405 0.33255 0.265 0.21435 0.1697 0.13635 0.11025 0.08985 0.0703 0.0556 0.044 0.0346 0.02725 0.02085 0.01625 0.01345 
1 0.80125 0.6429 0.5131 0.4109 0.32875 0.26185 0.2084 0.16555 0.1306 0.10745 0.08485 0.0683 0.054 0.0442 0.03525 0.02885 0.0241 0.0195 0.016 
