1 0.60093 0.221366 0.0341538 0.00157 2.5e-05 0 0 0 0 0 0 0 0 0 0 0 0 0 0 
1 0.600025 0.220894 0.03401 0.00141875 2.5e-05 0 0 0 0 0 0 0 0 0 0 0 0 0 0 
1 0.60197 0.223726 0.0346938 0.00158625 2.5e-05 1.25e-06 0 0 0 0 0 0 0 0 0 0 0 0 0 
1 0.601791 0.223334 0.0351763 0.00156875 3.25e-05 1.25e-06 0 0 0 0 0 0 0 0 0 0 0 0 0 
1 0.597763 0.220006 0.033635 0.0015625 2.5e-05 1.25e-06 0 0 0 0 0 0 0 0 0 0 0 0 0 
1 0.59819 0.219848 0.0337375 0.00156 2.375e-05 0 0 0 0 0 0 0 0 0 0 0 0 0 0 
1 0.59977 0.221399 0.0340313 0.00160375 2.875e-05 0 0 0 0 0 0 0 0 0 0 0 0 0 0 
1 0.60058 0.221943 0.0347738 0.00164125 1.5e-05 0 0 0 0 0 0 0 0 0 0 0 0 0 0 
1 0.599019 0.220084 0.03329 0.0014575 3.25e-05 0 0 0 0 0 0 0 0 0 0 0 0 0 0 
1 0.599558 0.220265 0.034065 0.0014725 1.625e-05 0 0 0 0 0 0 0 0 0 0 0 0 0 0 
1 0.599224 0.220738 0.0342763 0.0015575 2.375e-05 0 0 0 0 0 0 0 0 0 0 0 0 0 0 
1 0.599394 0.221119 0.0346688 0.00164 3.25e-05 0 0 0 0 0 0 0 0 0 0 0 0 0 0 
1 0.599048 0.219019 0.0337475 0.00152 3.875e-05 0 0 0 0 0 0 0 0 0 0 0 0 0 0 
1 0.600724 0.222455 0.0343525 0.0016125 1.875e-05 0 0 0 0 0 0 0 0 0 0 0 0 0 0 
1 0.599431 0.22123 0.0339375 0.00147625 3e-05 0 0 0 0 0 0 0 0 0 0 0 0 0 0 
1 0.600018 0.221258 0.0341675 0.001695 3.25e-05 0 0 0 0 0 0 0 0 0 0 0 0 0 0 
1 0.599434 0.220099 0.0337525 0.00152625 3.125e-05 0 0 0 0 0 0 0 0 0 0 0 0 0 0 
1 0.602336 0.223058 0.0345313 0.00162375 4.375e-05 0 0 0 0 0 0 0 0 0 0 0 0 0 0 
1 0.600326 0.222055 0.0348425 0.00154 4.5e-05 1.25e-06 0 0 0 0 0 0 0 0 0 0 0 0 0 
1 0.600379 0.220521 0.03365 0.00146625 2.25e-05 0 0 0 0 0 0 0 0 0 0 0 0 0 0 
1 0.599355 0.219814 0.034095 0.00154125 3e-05 0 0 0 0 0 0 0 0 0 0 0 0 0 0 
1 0.601059 0.22169 0.034525 0.00164 3.125e-05 1.25e-06 0 0 0 0 0 0 0 0 0 0 0 0 0 
1 0.599763 0.220305 0.0335288 0.00151375 2.125e-05 1.25e-06 0 0 0 0 0 0 0 0 0 0 0 0 0 
1 0.599669 0.220163 0.0340513 0.0015475 4.125e-05 5e-06 0 0 0 0 0 0 0 0 0 0 0 0 0 
1 0.600574 0.220953 0.0341713 0.001615 3.125e-05 0 0 0 0 0 0 0 0 0 0 0 0 0 0 
1 0.60012 0.220869 0.03391 0.001545 4e-05 2.5e-06 0 0 0 0 0 0 0 0 0 0 0 0 0 
1 0.598649 0.219659 0.0336088 0.0015175 2.875e-05 0 0 0 0 0 0 0 0 0 0 0 0 0 0 
1 0.60014 0.221915 0.03437 0.00158 3.375e-05 1.25e-06 0 0 0 0 0 0 0 0 0 0 0 0 0 
1 0.600618 0.221504 0.0342688 0.0016325 3.875e-05 0 0 0 0 0 0 0 0 0 0 0 0 0 0 
1 0.60057 0.22104 0.0342338 0.001425 3.125e-05 0 0 0 0 0 0 0 0 0 0 0 0 0 0 
1 0.601118 0.222996 0.0348188 0.00152875 1.625e-05 1.25e-06 0 0 0 0 0 0 0 0 0 0 0 0 0 
1 0.600314 0.220879 0.0339938 0.00154625 2.875e-05 0 0 0 0 0 0 0 0 0 0 0 0 0 0 
1 0.599176 0.22011 0.0337163 0.001565 3.5e-05 0 0 0 0 0 0 0 0 0 0 0 0 0 0 
1 0.600186 0.22094 0.0342063 0.001455 2.375e-05 0 0 0 0 0 0 0 0 0 0 0 0 0 0 
1 0.600969 0.221651 0.0347713 0.0017125 2.625e-05 0 0 0 0 0 0 0 0 0 0 0 0 0 0 
1 0.598121 0.219388 0.0336275 0.00157125 2.5e-05 1.25e-06 0 0 0 0 0 0 0 0 0 0 0 0 0 
1 0.600808 0.221365 0.034115 0.0015475 3.125e-05 0 0 0 0 0 0 0 0 0 0 0 0 0 0 
1 0.598991 0.221019 0.03429 0.00142625 1.5e-05 1.25e-06 0 0 0 0 0 0 0 0 0 0 0 0 0 
1 0.59996 0.220936 0.0343875 0.0015225 3.25e-05 1.25e-06 0 0 0 0 0 0 0 0 0 0 0 0 0 
1 0.599793 0.220046 0.0341663 0.00170125 3e-05 0 0 0 0 0 0 0 0 0 0 0 0 0 0 
1 0.600273 0.222304 0.0345363 0.00153 2.375e-05 0 0 0 0 0 0 0 0 0 0 0 0 0 0 
1 0.601594 0.222669 0.0348263 0.00156 3.375e-05 0 0 0 0 0 0 0 0 0 0 0 0 0 0 
1 0.600699 0.222215 0.0344913 0.0015575 3.25e-05 0 0 0 0 0 0 0 0 0 0 0 0 0 0 
1 0.600926 0.222401 0.0349363 0.00169125 4.625e-05 0 0 0 0 0 0 0 0 0 0 0 0 0 0 
1 0.598676 0.220045 0.0339488 0.00148375 2.375e-05 0 0 0 0 0 0 0 0 0 0 0 0 0 0 
1 0.598661 0.220186 0.033525 0.001485 2.5e-05 2.5e-06 0 0 0 0 0 0 0 0 0 0 0 0 0 
1 0.59938 0.220448 0.0336538 0.00145625 3.375e-05 0 0 0 0 0 0 0 0 0 0 0 0 0 0 
1 0.601069 0.222785 0.0348925 0.00170375 4.125e-05 0 0 0 0 0 0 0 0 0 0 0 0 0 0 
1 0.603481 0.224556 0.0353988 0.00171125 3.125e-05 1.25e-06 0 0 0 0 0 0 0 0 0 0 0 0 0 
1 0.600228 0.221088 0.0341288 0.00153375 2.125e-05 1.25e-06 0 0 0 0 0 0 0 0 0 0 0 0 0 
1 0.600341 0.22139 0.0347538 0.00162625 2.25e-05 0 0 0 0 0 0 0 0 0 0 0 0 0 0 
1 0.598495 0.220255 0.0339113 0.00143875 3.125e-05 0 0 0 0 0 0 0 0 0 0 0 0 0 0 
1 0.600953 0.222129 0.0342725 0.001535 2.875e-05 1.25e-06 0 0 0 0 0 0 0 0 0 0 0 0 0 
1 0.601083 0.222766 0.0343763 0.0015175 4.25e-05 0 0 0 0 0 0 0 0 0 0 0 0 0 0 
1 0.599621 0.221536 0.0339563 0.001445 3.75e-05 0 0 0 0 0 0 0 0 0 0 0 0 0 0 
1 0.60067 0.220923 0.034585 0.00161375 3.25e-05 0 0 0 0 0 0 0 0 0 0 0 0 0 0 
1 0.600916 0.222608 0.034295 0.0016025 3.25e-05 0 0 0 0 0 0 0 0 0 0 0 0 0 0 
1 0.598885 0.22012 0.0337875 0.001555 2.5e-05 0 0 0 0 0 0 0 0 0 0 0 0 0 0 
1 0.600995 0.222551 0.0342863 0.00147875 2.875e-05 0 0 0 0 0 0 0 0 0 0 0 0 0 0 
1 0.599188 0.21985 0.034175 0.0014875 3e-05 1.25e-06 0 0 0 0 0 0 0 0 0 0 0 0 0 
1 0.599693 0.220028 0.0336625 0.00151125 1.375e-05 0 0 0 0 0 0 0 0 0 0 0 0 0 0 
1 0.599253 0.220219 0.0340988 0.0015725 2.75e-05 0 0 0 0 0 0 0 0 0 0 0 0 0 0 
1 0.599865 0.220591 0.0344588 0.00159125 3.125e-05 0 0 0 0 0 0 0 0 0 0 0 0 0 0 
1 0.598943 0.220014 0.0340225 0.00156125 2.875e-05 0 0 0 0 0 0 0 0 0 0 0 0 0 0 
1 0.600465 0.222183 0.0343038 0.001475 3.125e-05 1.25e-06 0 0 0 0 0 0 0 0 0 0 0 0 0 
1 0.600874 0.222701 0.0345363 0.00156125 2.375e-05 0 0 0 0 0 0 0 0 0 0 0 0 0 0 
1 0.600005 0.221311 0.0347713 0.00152 2.25e-05 5e-06 0 0 0 0 0 0 0 0 0 0 0 0 0 
1 0.600438 0.221219 0.033985 0.0015225 3.375e-05 1.25e-06 0 0 0 0 0 0 0 0 0 0 0 0 0 
1 0.599515 0.221966 0.0347538 0.0015425 2e-05 1.25e-06 0 0 0 0 0 0 0 0 0 0 0 0 0 
1 0.599809 0.22217 0.0345875 0.001585 3.625e-05 0 0 0 0 0 0 0 0 0 0 0 0 0 0 
1 0.600898 0.220959 0.0341013 0.00156375 1.5e-05 0 0 0 0 0 0 0 0 0 0 0 0 0 0 
1 0.600069 0.220941 0.0338775 0.001485 2.25e-05 0 0 0 0 0 0 0 0 0 0 0 0 0 0 
1 0.599794 0.221545 0.03405 0.0015025 3.25e-05 1.25e-06 0 0 0 0 0 0 0 0 0 0 0 0 0 
1 0.600461 0.220811 0.0343213 0.00159375 2.875e-05 0 0 0 0 0 0 0 0 0 0 0 0 0 0 
1 0.600418 0.222119 0.0348363 0.00158625 1.75e-05 0 0 0 0 0 0 0 0 0 0 0 0 0 0 
1 0.600428 0.222411 0.0345763 0.00159 2.875e-05 0 0 0 0 0 0 0 0 0 0 0 0 0 0 
1 0.599543 0.220769 0.034045 0.00150125 4.625e-05 3.75e-06 0 0 0 0 0 0 0 0 0 0 0 0 0 
1 0.598686 0.220454 0.0339338 0.00161875 2.875e-05 0 0 0 0 0 0 0 0 0 0 0 0 0 0 
1 0.601039 0.221526 0.0344013 0.0015875 3e-05 0 0 0 0 0 0 0 0 0 0 0 0 0 0 
1 0.598966 0.220605 0.034055 0.0015325 2.375e-05 0 0 0 0 0 0 0 0 0 0 0 0 0 0 
1 0.60014 0.221459 0.0337163 0.00138 2.25e-05 0 0 0 0 0 0 0 0 0 0 0 0 0 0 
1 0.599306 0.220804 0.0340675 0.00149875 2.125e-05 0 0 0 0 0 0 0 0 0 0 0 0 0 0 
1 0.601791 0.222344 0.0347 0.00159125 2.375e-05 1.25e-06 0 0 0 0 0 0 0 0 0 0 0 0 0 
1 0.601404 0.222034 0.0345913 0.00155875 2.75e-05 0 0 0 0 0 0 0 0 0 0 0 0 0 0 
1 0.600503 0.220578 0.0344313 0.00154375 3e-05 0 0 0 0 0 0 0 0 0 0 0 0 0 0 
1 0.601036 0.222733 0.0348088 0.001505 1.875e-05 0 0 0 0 0 0 0 0 0 0 0 0 0 0 
1 0.599791 0.221251 0.03364 0.0014475 1.5e-05 0 0 0 0 0 0 0 0 0 0 0 0 0 0 
1 0.599534 0.220349 0.0336988 0.00142625 2.25e-05 0 0 0 0 0 0 0 0 0 0 0 0 0 0 
1 0.602254 0.223446 0.0350525 0.00174 3.25e-05 1.25e-06 0 0 0 0 0 0 0 0 0 0 0 0 0 
1 0.598708 0.2192 0.033375 0.00149375 2.75e-05 0 0 0 0 0 0 0 0 0 0 0 0 0 0 
1 0.598574 0.218811 0.03314 0.00136375 2.625e-05 0 0 0 0 0 0 0 0 0 0 0 0 0 0 
1 0.598766 0.219991 0.0336063 0.00147625 3.25e-05 0 0 0 0 0 0 0 0 0 0 0 0 0 0 
1 0.5988 0.220514 0.0339275 0.00152625 3.125e-05 0 0 0 0 0 0 0 0 0 0 0 0 0 0 
1 0.599216 0.22109 0.0343263 0.00159875 3e-05 0 0 0 0 0 0 0 0 0 0 0 0 0 0 
1 0.599789 0.220891 0.03397 0.00161 2.25e-05 0 0 0 0 0 0 0 0 0 0 0 0 0 0 
1 0.60121 0.221909 0.0347388 0.00165875 3.5e-05 0 0 0 0 0 0 0 0 0 0 0 0 0 0 
1 0.600358 0.221293 0.0340488 0.00143125 2.625e-05 0 0 0 0 0 0 0 0 0 0 0 0 0 0 
1 0.602613 0.224399 0.0354313 0.001695 3.5e-05 0 0 0 0 0 0 0 0 0 0 0 0 0 0 
1 0.598585 0.218444 0.033555 0.00162 4.125e-05 1.25e-06 0 0 0 0 0 0 0 0 0 0 0 0 0 
1 0.600039 0.221474 0.03421 0.00162875 1.875e-05 0 0 0 0 0 0 0 0 0 0 0 0 0 0 
1 0.600625 0.222975 0.035295 0.00163 3.5e-05 0 0 0 0 0 0 0 0 0 0 0 0 0 0 
1 0.598191 0.219995 0.03351 0.00142375 2.625e-05 0 0 0 0 0 0 0 0 0 0 0 0 0 0 
1 0.600609 0.221908 0.0343688 0.00160625 2.5e-05 0 0 0 0 0 0 0 0 0 0 0 0 0 0 
1 0.601113 0.222033 0.0342138 0.00141375 2.125e-05 0 0 0 0 0 0 0 0 0 0 0 0 0 0 
1 0.600406 0.221715 0.03429 0.001555 2.375e-05 0 0 0 0 0 0 0 0 0 0 0 0 0 0 
1 0.60051 0.221318 0.0342238 0.0015925 1.625e-05 0 0 0 0 0 0 0 0 0 0 0 0 0 0 
1 0.598274 0.220266 0.033495 0.0015475 2.5e-05 0 0 0 0 0 0 0 0 0 0 0 0 0 0 
1 0.600755 0.222113 0.0341313 0.00152625 4.5e-05 0 0 0 0 0 0 0 0 0 0 0 0 0 0 
1 0.598411 0.219568 0.033995 0.00166125 3.75e-05 0 0 0 0 0 0 0 0 0 0 0 0 0 0 
1 0.601489 0.222989 0.034805 0.00161375 3e-05 0 0 0 0 0 0 0 0 0 0 0 0 0 0 
1 0.601623 0.222488 0.0346838 0.00153125 3.375e-05 0 0 0 0 0 0 0 0 0 0 0 0 0 0 
1 0.599339 0.220624 0.0339613 0.00153375 2.5e-05 0 0 0 0 0 0 0 0 0 0 0 0 0 0 
1 0.60092 0.222213 0.0342063 0.0014925 2e-05 0 0 0 0 0 0 0 0 0 0 0 0 0 0 
1 0.599294 0.220186 0.0339 0.00150625 1.625e-05 0 0 0 0 0 0 0 0 0 0 0 0 0 0 
1 0.598053 0.218293 0.033475 0.00149625 3e-05 0 0 0 0 0 0 0 0 0 0 0 0 0 0 
1 0.598663 0.22046 0.03372 0.00143125 2.875e-05 1.25e-06 0 0 0 0 0 0 0 0 0 0 0 0 0 
1 0.5984 0.21985 0.0336838 0.001585 3e-05 0 0 0 0 0 0 0 0 0 0 0 0 0 0 
1 0.599164 0.22031 0.03381 0.00161625 2.625e-05 1.25e-06 0 0 0 0 0 0 0 0 0 0 0 0 0 
1 0.602086 0.223151 0.0342063 0.00153875 3e-05 0 0 0 0 0 0 0 0 0 0 0 0 0 0 
1 0.601314 0.223149 0.0348863 0.001605 3.75e-05 0 0 0 0 0 0 0 0 0 0 0 0 0 0 
1 0.599915 0.221236 0.034415 0.00167375 3e-05 0 0 0 0 0 0 0 0 0 0 0 0 0 0 
1 0.599509 0.221528 0.0348125 0.00152625 2.25e-05 0 0 0 0 0 0 0 0 0 0 0 0 0 0 
1 0.601181 0.221789 0.0343363 0.00156625 2.125e-05 1.25e-06 0 0 0 0 0 0 0 0 0 0 0 0 0 
1 0.602329 0.223759 0.0348113 0.00149125 3e-05 2.5e-06 0 0 0 0 0 0 0 0 0 0 0 0 0 
1 0.59853 0.220601 0.0341525 0.0015175 2.75e-05 0 0 0 0 0 0 0 0 0 0 0 0 0 0 
1 0.60132 0.222043 0.0345838 0.00162875 3.875e-05 0 0 0 0 0 0 0 0 0 0 0 0 0 0 
1 0.599869 0.220241 0.0338338 0.001485 3e-05 1.25e-06 0 0 0 0 0 0 0 0 0 0 0 0 0 
1 0.600373 0.221165 0.0339425 0.0015775 2.875e-05 0 0 0 0 0 0 0 0 0 0 0 0 0 0 
1 0.599588 0.221381 0.0348663 0.00160625 2.625e-05 0 0 0 0 0 0 0 0 0 0 0 0 0 0 
1 0.599635 0.2197 0.0339475 0.00163875 2.5e-05 0 0 0 0 0 0 0 0 0 0 0 0 0 0 
1 0.600278 0.221028 0.0347113 0.00164375 4.5e-05 2.5e-06 0 0 0 0 0 0 0 0 0 0 0 0 0 
1 0.601131 0.221464 0.0343275 0.001565 3.875e-05 0 0 0 0 0 0 0 0 0 0 0 0 0 0 
1 0.600578 0.220741 0.0342425 0.00146 2.875e-05 0 0 0 0 0 0 0 0 0 0 0 0 0 0 
1 0.599248 0.219798 0.0336288 0.001505 4.25e-05 0 0 0 0 0 0 0 0 0 0 0 0 0 0 
1 0.601388 0.222978 0.0344925 0.00153875 2.375e-05 0 0 0 0 0 0 0 0 0 0 0 0 0 0 
1 0.600198 0.22169 0.0345663 0.0016575 2.5e-05 0 0 0 0 0 0 0 0 0 0 0 0 0 0 
1 0.601263 0.222125 0.0339675 0.0015425 3e-05 0 0 0 0 0 0 0 0 0 0 0 0 0 0 
1 0.599245 0.220998 0.033845 0.00158 4e-05 0 0 0 0 0 0 0 0 0 0 0 0 0 0 
1 0.598953 0.219809 0.0337875 0.00156375 2.125e-05 0 0 0 0 0 0 0 0 0 0 0 0 0 0 
1 0.598055 0.218994 0.0337688 0.001575 3.125e-05 1.25e-06 0 0 0 0 0 0 0 0 0 0 0 0 0 
1 0.602104 0.223968 0.0350988 0.0015525 3.25e-05 3.75e-06 0 0 0 0 0 0 0 0 0 0 0 0 0 
1 0.598711 0.219815 0.0341488 0.00152125 2.875e-05 0 0 0 0 0 0 0 0 0 0 0 0 0 0 
1 0.59959 0.220445 0.03367 0.00148125 2.5e-05 0 0 0 0 0 0 0 0 0 0 0 0 0 0 
1 0.600213 0.220689 0.0342888 0.0016725 5.25e-05 2.5e-06 0 0 0 0 0 0 0 0 0 0 0 0 0 
1 0.599531 0.220063 0.0342213 0.00157875 4.125e-05 0 0 0 0 0 0 0 0 0 0 0 0 0 0 
1 0.599819 0.220196 0.0334963 0.001495 2.75e-05 0 0 0 0 0 0 0 0 0 0 0 0 0 0 
1 0.600371 0.221984 0.0341388 0.00148375 4.375e-05 0 0 0 0 0 0 0 0 0 0 0 0 0 0 
1 0.599526 0.220224 0.033775 0.00139875 2.375e-05 0 0 0 0 0 0 0 0 0 0 0 0 0 0 
1 0.600579 0.222435 0.0346563 0.00154625 4.25e-05 3.75e-06 0 0 0 0 0 0 0 0 0 0 0 0 0 
1 0.599374 0.219838 0.0336325 0.00145375 2.25e-05 0 0 0 0 0 0 0 0 0 0 0 0 0 0 
1 0.600524 0.221199 0.03431 0.00157 3.375e-05 0 0 0 0 0 0 0 0 0 0 0 0 0 0 
1 0.601564 0.222745 0.0345225 0.00162875 2.375e-05 2.5e-06 0 0 0 0 0 0 0 0 0 0 0 0 0 
1 0.599106 0.219606 0.0337163 0.001495 2.75e-05 0 0 0 0 0 0 0 0 0 0 0 0 0 0 
1 0.599346 0.221113 0.0336213 0.00147375 2.875e-05 0 0 0 0 0 0 0 0 0 0 0 0 0 0 
1 0.599858 0.220038 0.03363 0.00151625 2.5e-05 2.5e-06 0 0 0 0 0 0 0 0 0 0 0 0 0 
1 0.599518 0.220476 0.0336638 0.0015475 3.875e-05 1.25e-06 0 0 0 0 0 0 0 0 0 0 0 0 0 
1 0.600375 0.223054 0.0348763 0.00163375 3e-05 0 0 0 0 0 0 0 0 0 0 0 0 0 0 
1 0.600129 0.221678 0.0342713 0.0016575 1.875e-05 0 0 0 0 0 0 0 0 0 0 0 0 0 0 
1 0.600764 0.221745 0.0343763 0.001655 3.375e-05 1.25e-06 0 0 0 0 0 0 0 0 0 0 0 0 0 
1 0.600475 0.221216 0.0341363 0.00161 3.5e-05 0 0 0 0 0 0 0 0 0 0 0 0 0 0 
1 0.599451 0.220301 0.0337975 0.00148375 3.125e-05 0 0 0 0 0 0 0 0 0 0 0 0 0 0 
1 0.600898 0.221974 0.034535 0.001595 2.75e-05 0 0 0 0 0 0 0 0 0 0 0 0 0 0 
1 0.601444 0.22236 0.03433 0.0015825 2.25e-05 0 0 0 0 0 0 0 0 0 0 0 0 0 0 
1 0.602023 0.22338 0.0354175 0.00168125 2.625e-05 0 0 0 0 0 0 0 0 0 0 0 0 0 0 
1 0.600634 0.221595 0.033955 0.0016275 4e-05 0 0 0 0 0 0 0 0 0 0 0 0 0 0 
1 0.599391 0.220909 0.0341875 0.001575 2.625e-05 0 0 0 0 0 0 0 0 0 0 0 0 0 0 
1 0.600618 0.221415 0.0341538 0.00157 2.875e-05 0 0 0 0 0 0 0 0 0 0 0 0 0 0 
1 0.599195 0.220155 0.0335238 0.00149 2.625e-05 1.25e-06 0 0 0 0 0 0 0 0 0 0 0 0 0 
1 0.599995 0.221175 0.0342563 0.001585 2.75e-05 0 0 0 0 0 0 0 0 0 0 0 0 0 0 
1 0.601545 0.222385 0.0343813 0.00147125 2.125e-05 0 0 0 0 0 0 0 0 0 0 0 0 0 0 
1 0.601879 0.222078 0.034225 0.0016775 2.625e-05 0 0 0 0 0 0 0 0 0 0 0 0 0 0 
1 0.601608 0.222628 0.0353125 0.001705 2.625e-05 2.5e-06 0 0 0 0 0 0 0 0 0 0 0 0 0 
1 0.600671 0.220775 0.0343025 0.0015475 2.625e-05 0 0 0 0 0 0 0 0 0 0 0 0 0 0 
1 0.599439 0.220969 0.0340038 0.0014925 2.125e-05 0 0 0 0 0 0 0 0 0 0 0 0 0 0 
1 0.598221 0.220023 0.0337063 0.00149 1.5e-05 0 0 0 0 0 0 0 0 0 0 0 0 0 0 
1 0.60164 0.22261 0.0345763 0.0015925 2.25e-05 1.25e-06 0 0 0 0 0 0 0 0 0 0 0 0 0 
1 0.600255 0.221875 0.0346838 0.00155 3.25e-05 0 0 0 0 0 0 0 0 0 0 0 0 0 0 
1 0.598301 0.2203 0.0342513 0.001585 2.75e-05 1.25e-06 0 0 0 0 0 0 0 0 0 0 0 0 0 
1 0.601548 0.222656 0.0350663 0.001615 3.375e-05 0 0 0 0 0 0 0 0 0 0 0 0 0 0 
1 0.600056 0.220513 0.0340225 0.00146875 2.375e-05 0 0 0 0 0 0 0 0 0 0 0 0 0 0 
1 0.597581 0.218025 0.0334963 0.00153125 4.125e-05 2.5e-06 0 0 0 0 0 0 0 0 0 0 0 0 0 
1 0.598519 0.219876 0.03378 0.0015825 3.375e-05 0 0 0 0 0 0 0 0 0 0 0 0 0 0 
1 0.598775 0.219514 0.033845 0.0016425 2.375e-05 0 0 0 0 0 0 0 0 0 0 0 0 0 0 
1 0.598334 0.21978 0.0337063 0.00147375 2.25e-05 0 0 0 0 0 0 0 0 0 0 0 0 0 0 
1 0.599653 0.22044 0.0337363 0.00151625 3.125e-05 2.5e-06 0 0 0 0 0 0 0 0 0 0 0 0 0 
1 0.600061 0.221131 0.0343463 0.00164625 2.375e-05 1.25e-06 0 0 0 0 0 0 0 0 0 0 0 0 0 
1 0.600463 0.221533 0.034375 0.00154375 2e-05 1.25e-06 0 0 0 0 0 0 0 0 0 0 0 0 0 
1 0.60044 0.22144 0.0342538 0.0015525 2.625e-05 0 0 0 0 0 0 0 0 0 0 0 0 0 0 
1 0.597616 0.218908 0.0330163 0.00150625 3.25e-05 1.25e-06 0 0 0 0 0 0 0 0 0 0 0 0 0 
1 0.599415 0.220306 0.0341813 0.00153875 2e-05 0 0 0 0 0 0 0 0 0 0 0 0 0 0 
1 0.599463 0.219225 0.0334338 0.00150375 1.875e-05 0 0 0 0 0 0 0 0 0 0 0 0 0 0 
1 0.599981 0.220065 0.033615 0.00149375 3e-05 0 0 0 0 0 0 0 0 0 0 0 0 0 0 
1 0.599598 0.221573 0.03469 0.001625 4.375e-05 3.75e-06 0 0 0 0 0 0 0 0 0 0 0 0 0 
1 0.599991 0.221749 0.0343563 0.00162375 2e-05 0 0 0 0 0 0 0 0 0 0 0 0 0 0 
1 0.600205 0.221244 0.0335663 0.001515 1.625e-05 0 0 0 0 0 0 0 0 0 0 0 0 0 0 
1 0.599634 0.220048 0.0337913 0.00149625 2.25e-05 0 0 0 0 0 0 0 0 0 0 0 0 0 0 
1 0.60032 0.220604 0.0341763 0.00150375 2.75e-05 0 0 0 0 0 0 0 0 0 0 0 0 0 0 
1 0.601064 0.222066 0.0345813 0.001575 3.125e-05 0 0 0 0 0 0 0 0 0 0 0 0 0 0 
1 0.599886 0.222333 0.0346238 0.00173125 6.375e-05 2.5e-06 0 0 0 0 0 0 0 0 0 0 0 0 0 
1 0.599594 0.220148 0.0340863 0.001485 1.625e-05 0 0 0 0 0 0 0 0 0 0 0 0 0 0 
1 0.597894 0.218943 0.0337 0.001495 1.25e-05 0 0 0 0 0 0 0 0 0 0 0 0 0 0 
1 0.598653 0.220475 0.034405 0.00158 2.25e-05 0 0 0 0 0 0 0 0 0 0 0 0 0 0 
1 0.598248 0.219129 0.03353 0.00144 3.25e-05 1.25e-06 0 0 0 0 0 0 0 0 0 0 0 0 0 
1 0.601063 0.221676 0.0343988 0.00153375 3.5e-05 0 0 0 0 0 0 0 0 0 0 0 0 0 0 
1 0.600673 0.220828 0.034165 0.00152125 2.5e-05 0 0 0 0 0 0 0 0 0 0 0 0 0 0 
1 0.600708 0.221719 0.034595 0.00154875 2.625e-05 0 0 0 0 0 0 0 0 0 0 0 0 0 0 
1 0.600043 0.222525 0.03524 0.00165125 3.5e-05 1.25e-06 0 0 0 0 0 0 0 0 0 0 0 0 0 
1 0.599005 0.220458 0.0343563 0.00155875 3.625e-05 7.5e-06 0 0 0 0 0 0 0 0 0 0 0 0 0 
1 0.599163 0.221326 0.0344125 0.001585 2.25e-05 0 0 0 0 0 0 0 0 0 0 0 0 0 0 
1 0.60049 0.221365 0.0345975 0.0015925 4.5e-05 2.5e-06 0 0 0 0 0 0 0 0 0 0 0 0 0 
1 0.598394 0.219781 0.03315 0.00139625 2.5e-05 0 0 0 0 0 0 0 0 0 0 0 0 0 0 
1 0.60016 0.220895 0.0340888 0.001445 1.25e-05 0 0 0 0 0 0 0 0 0 0 0 0 0 0 
1 0.598339 0.219554 0.0338013 0.0014275 3e-05 0 0 0 0 0 0 0 0 0 0 0 0 0 0 
1 0.600513 0.22062 0.0341638 0.0015675 3.25e-05 0 0 0 0 0 0 0 0 0 0 0 0 0 0 
1 0.59956 0.221241 0.0347913 0.0016225 2.625e-05 0 0 0 0 0 0 0 0 0 0 0 0 0 0 
1 0.599336 0.21983 0.0335075 0.00152875 2.875e-05 0 0 0 0 0 0 0 0 0 0 0 0 0 0 
1 0.599891 0.220253 0.0334763 0.0014025 3.5e-05 0 0 0 0 0 0 0 0 0 0 0 0 0 0 
1 0.59861 0.219896 0.0334475 0.00148375 1.5e-05 0 0 0 0 0 0 0 0 0 0 0 0 0 0 
1 0.598751 0.22007 0.03377 0.0015475 2e-05 0 0 0 0 0 0 0 0 0 0 0 0 0 0 
1 0.600691 0.222213 0.0348138 0.0015425 2.125e-05 0 0 0 0 0 0 0 0 0 0 0 0 0 0 
1 0.60096 0.223514 0.0350213 0.0015925 2.25e-05 0 0 0 0 0 0 0 0 0 0 0 0 0 0 
1 0.598576 0.21984 0.0338688 0.0015075 4e-05 0 0 0 0 0 0 0 0 0 0 0 0 0 0 
1 0.599393 0.22075 0.033915 0.001545 2.875e-05 0 0 0 0 0 0 0 0 0 0 0 0 0 0 
1 0.598449 0.220648 0.0341963 0.001645 3.125e-05 0 0 0 0 0 0 0 0 0 0 0 0 0 0 
1 0.602235 0.22403 0.0344813 0.00162125 3.5e-05 2.5e-06 0 0 0 0 0 0 0 0 0 0 0 0 0 
1 0.601465 0.222164 0.0346938 0.0015725 2.5e-05 0 0 0 0 0 0 0 0 0 0 0 0 0 0 
1 0.598128 0.219423 0.0338313 0.00156375 3e-05 1.25e-06 0 0 0 0 0 0 0 0 0 0 0 0 0 
1 0.599639 0.220841 0.03394 0.0015075 2.125e-05 0 0 0 0 0 0 0 0 0 0 0 0 0 0 
1 0.599649 0.221635 0.03455 0.00167875 2.875e-05 0 0 0 0 0 0 0 0 0 0 0 0 0 0 
1 0.599643 0.220309 0.033705 0.00141875 3e-05 1.25e-06 0 0 0 0 0 0 0 0 0 0 0 0 0 
1 0.59939 0.220946 0.0337663 0.00157 3.25e-05 3.75e-06 1.25e-06 0 0 0 0 0 0 0 0 0 0 0 0 
1 0.600141 0.222335 0.0345938 0.0015875 2.75e-05 1.25e-06 0 0 0 0 0 0 0 0 0 0 0 0 0 
1 0.599895 0.221036 0.0341813 0.00159625 2.75e-05 0 0 0 0 0 0 0 0 0 0 0 0 0 0 
1 0.599513 0.221439 0.0346363 0.00158 2.75e-05 0 0 0 0 0 0 0 0 0 0 0 0 0 0 
1 0.598691 0.219824 0.0339075 0.00161125 3.375e-05 0 0 0 0 0 0 0 0 0 0 0 0 0 0 
1 0.599085 0.219746 0.0340563 0.00168875 5.125e-05 0 0 0 0 0 0 0 0 0 0 0 0 0 0 
1 0.599941 0.221234 0.0345838 0.00153375 2.75e-05 0 0 0 0 0 0 0 0 0 0 0 0 0 0 
1 0.600575 0.22212 0.0349388 0.00169125 3.875e-05 0 0 0 0 0 0 0 0 0 0 0 0 0 0 
1 0.599211 0.220733 0.0341088 0.00154 2.625e-05 0 0 0 0 0 0 0 0 0 0 0 0 0 0 
1 0.599528 0.219663 0.0335988 0.00148375 2.75e-05 0 0 0 0 0 0 0 0 0 0 0 0 0 0 
1 0.600761 0.223613 0.0352913 0.00167 2.5e-05 0 0 0 0 0 0 0 0 0 0 0 0 0 0 
1 0.599095 0.22033 0.0339663 0.00152375 1.75e-05 0 0 0 0 0 0 0 0 0 0 0 0 0 0 
1 0.6011 0.221549 0.0350438 0.00162625 2.375e-05 0 0 0 0 0 0 0 0 0 0 0 0 0 0 
1 0.599846 0.221518 0.03446 0.001655 3.25e-05 1.25e-06 0 0 0 0 0 0 0 0 0 0 0 0 0 
1 0.600016 0.221686 0.0344663 0.00156625 1.875e-05 0 0 0 0 0 0 0 0 0 0 0 0 0 0 
1 0.601135 0.222274 0.0351225 0.00163375 4.5e-05 0 0 0 0 0 0 0 0 0 0 0 0 0 0 
1 0.599015 0.220331 0.0339963 0.00155125 2.5e-05 0 0 0 0 0 0 0 0 0 0 0 0 0 0 
1 0.60045 0.221574 0.03434 0.00149625 4.375e-05 0 0 0 0 0 0 0 0 0 0 0 0 0 0 
1 0.599815 0.220939 0.03383 0.0014825 2.875e-05 1.25e-06 0 0 0 0 0 0 0 0 0 0 0 0 0 
1 0.600766 0.222043 0.0344613 0.0016175 2.125e-05 0 0 0 0 0 0 0 0 0 0 0 0 0 0 
1 0.601043 0.22212 0.0342588 0.00153625 2.875e-05 0 0 0 0 0 0 0 0 0 0 0 0 0 0 
1 0.60034 0.221074 0.0340738 0.0015825 3.5e-05 0 0 0 0 0 0 0 0 0 0 0 0 0 0 
1 0.599121 0.220826 0.0343413 0.0015675 2.625e-05 0 0 0 0 0 0 0 0 0 0 0 0 0 0 
1 0.600021 0.221454 0.0344525 0.00153 2.375e-05 0 0 0 0 0 0 0 0 0 0 0 0 0 0 
1 0.599744 0.221755 0.0347413 0.00150625 2.125e-05 0 0 0 0 0 0 0 0 0 0 0 0 0 0 
1 0.59999 0.22179 0.034455 0.0016175 3.5e-05 0 0 0 0 0 0 0 0 0 0 0 0 0 0 
1 0.598595 0.219566 0.0335163 0.00137875 2.125e-05 0 0 0 0 0 0 0 0 0 0 0 0 0 0 
1 0.599883 0.22069 0.0343875 0.00170875 3.5e-05 0 0 0 0 0 0 0 0 0 0 0 0 0 0 
1 0.598401 0.220193 0.0343013 0.00157625 2.5e-05 0 0 0 0 0 0 0 0 0 0 0 0 0 0 
1 0.600469 0.222145 0.0346225 0.00161625 3.25e-05 0 0 0 0 0 0 0 0 0 0 0 0 0 0 
1 0.599865 0.221811 0.034615 0.00158125 4.375e-05 5e-06 1.25e-06 0 0 0 0 0 0 0 0 0 0 0 0 
1 0.599105 0.221224 0.0339338 0.0014575 2.375e-05 0 0 0 0 0 0 0 0 0 0 0 0 0 0 
1 0.601486 0.221554 0.034425 0.001585 3e-05 1.25e-06 0 0 0 0 0 0 0 0 0 0 0 0 0 
1 0.599603 0.220001 0.0335413 0.00152375 2.75e-05 0 0 0 0 0 0 0 0 0 0 0 0 0 0 
1 0.599333 0.219301 0.0338713 0.00161125 3.125e-05 0 0 0 0 0 0 0 0 0 0 0 0 0 0 
1 0.601349 0.221949 0.034425 0.00152375 1.5e-05 1.25e-06 0 0 0 0 0 0 0 0 0 0 0 0 0 
1 0.600214 0.22216 0.0342225 0.001525 4.25e-05 1.25e-06 0 0 0 0 0 0 0 0 0 0 0 0 0 
1 0.599361 0.220163 0.0337163 0.00145375 3.875e-05 0 0 0 0 0 0 0 0 0 0 0 0 0 0 
1 0.599798 0.221054 0.0335563 0.001525 3.5e-05 0 0 0 0 0 0 0 0 0 0 0 0 0 0 
1 0.601376 0.223191 0.0351363 0.001665 3.375e-05 1.25e-06 0 0 0 0 0 0 0 0 0 0 0 0 0 
1 0.5992 0.220491 0.0337925 0.0014425 3.125e-05 1.25e-06 0 0 0 0 0 0 0 0 0 0 0 0 0 
1 0.599378 0.220469 0.033465 0.00157875 3e-05 0 0 0 0 0 0 0 0 0 0 0 0 0 0 
1 0.600423 0.220925 0.0338075 0.00149625 3.875e-05 0 0 0 0 0 0 0 0 0 0 0 0 0 0 
1 0.600788 0.222426 0.034765 0.001645 4.75e-05 0 0 0 0 0 0 0 0 0 0 0 0 0 0 
1 0.599919 0.22075 0.0342475 0.00157 3.125e-05 0 0 0 0 0 0 0 0 0 0 0 0 0 0 
1 0.599614 0.2215 0.0347188 0.00154625 2.25e-05 0 0 0 0 0 0 0 0 0 0 0 0 0 0 
1 0.60122 0.221746 0.0339438 0.0016125 3.125e-05 1.25e-06 0 0 0 0 0 0 0 0 0 0 0 0 0 
1 0.600309 0.222198 0.0350913 0.00165375 3.25e-05 0 0 0 0 0 0 0 0 0 0 0 0 0 0 
1 0.598579 0.221099 0.0342563 0.00155875 4e-05 0 0 0 0 0 0 0 0 0 0 0 0 0 0 
1 0.600488 0.222214 0.0349613 0.00160375 2.5e-05 0 0 0 0 0 0 0 0 0 0 0 0 0 0 
1 0.60104 0.222113 0.034385 0.00152375 1.625e-05 0 0 0 0 0 0 0 0 0 0 0 0 0 0 
1 0.599686 0.22147 0.0344638 0.0016075 2.5e-05 0 0 0 0 0 0 0 0 0 0 0 0 0 0 
1 0.599991 0.221483 0.0345875 0.00159125 3.375e-05 0 0 0 0 0 0 0 0 0 0 0 0 0 0 
1 0.600925 0.222359 0.0348288 0.00153375 2.5e-05 0 0 0 0 0 0 0 0 0 0 0 0 0 0 
1 0.598225 0.220146 0.0338063 0.0015575 3.5e-05 1.25e-06 0 0 0 0 0 0 0 0 0 0 0 0 0 
1 0.598514 0.219683 0.0337538 0.00152 3.125e-05 0 0 0 0 0 0 0 0 0 0 0 0 0 0 
1 0.59974 0.220736 0.0342238 0.00158875 3e-05 0 0 0 0 0 0 0 0 0 0 0 0 0 0 
1 0.599326 0.21991 0.0338125 0.00145375 2.125e-05 0 0 0 0 0 0 0 0 0 0 0 0 0 0 
1 0.599634 0.221978 0.0349038 0.00165375 4.125e-05 0 0 0 0 0 0 0 0 0 0 0 0 0 0 
1 0.597985 0.218464 0.0333188 0.001525 2.25e-05 0 0 0 0 0 0 0 0 0 0 0 0 0 0 
1 0.600843 0.221538 0.0345625 0.00158875 3.25e-05 1.25e-06 0 0 0 0 0 0 0 0 0 0 0 0 0 
1 0.601818 0.222794 0.0347488 0.00159625 2.375e-05 0 0 0 0 0 0 0 0 0 0 0 0 0 0 
1 0.600991 0.221725 0.03424 0.0014875 2.625e-05 0 0 0 0 0 0 0 0 0 0 0 0 0 0 
1 0.60074 0.222635 0.035 0.001565 2.375e-05 0 0 0 0 0 0 0 0 0 0 0 0 0 0 
1 0.59865 0.21987 0.0337588 0.0015 2.625e-05 0 0 0 0 0 0 0 0 0 0 0 0 0 0 
1 0.60002 0.22087 0.03468 0.00163125 3.375e-05 1.25e-06 0 0 0 0 0 0 0 0 0 0 0 0 0 
1 0.599456 0.221218 0.0340288 0.00144875 2.625e-05 0 0 0 0 0 0 0 0 0 0 0 0 0 0 
1 0.599778 0.221521 0.0340513 0.0015675 2.125e-05 0 0 0 0 0 0 0 0 0 0 0 0 0 0 
1 0.598548 0.21995 0.033495 0.00149 2.5e-05 0 0 0 0 0 0 0 0 0 0 0 0 0 0 
1 0.600646 0.221461 0.0346625 0.00157875 3.125e-05 1.25e-06 0 0 0 0 0 0 0 0 0 0 0 0 0 
1 0.600389 0.222455 0.0346025 0.00161625 2.125e-05 0 0 0 0 0 0 0 0 0 0 0 0 0 0 
1 0.599931 0.221991 0.03416 0.00151625 4.25e-05 0 0 0 0 0 0 0 0 0 0 0 0 0 0 
1 0.600753 0.221324 0.0345438 0.00162625 2.625e-05 0 0 0 0 0 0 0 0 0 0 0 0 0 0 
1 0.599915 0.220996 0.03444 0.001565 3.125e-05 0 0 0 0 0 0 0 0 0 0 0 0 0 0 
1 0.601503 0.222731 0.0352613 0.0017025 2.5e-05 0 0 0 0 0 0 0 0 0 0 0 0 0 0 
1 0.599934 0.221288 0.0343338 0.00154625 2.5e-05 0 0 0 0 0 0 0 0 0 0 0 0 0 0 
1 0.599324 0.219743 0.033395 0.00149375 1.25e-05 0 0 0 0 0 0 0 0 0 0 0 0 0 0 
1 0.600705 0.222794 0.0347288 0.0015675 1.75e-05 0 0 0 0 0 0 0 0 0 0 0 0 0 0 
1 0.600005 0.222065 0.0342413 0.00159125 3.75e-05 1.25e-06 0 0 0 0 0 0 0 0 0 0 0 0 0 
1 0.600646 0.223018 0.0348713 0.00164375 4.375e-05 1.25e-06 0 0 0 0 0 0 0 0 0 0 0 0 0 
1 0.599285 0.220704 0.0337 0.001515 2.5e-05 2.5e-06 0 0 0 0 0 0 0 0 0 0 0 0 0 
1 0.599669 0.221429 0.0345413 0.00160125 2.625e-05 1.25e-06 0 0 0 0 0 0 0 0 0 0 0 0 0 
1 0.598649 0.219731 0.0336213 0.0015525 3e-05 1.25e-06 0 0 0 0 0 0 0 0 0 0 0 0 0 
1 0.601401 0.223039 0.03479 0.00163875 1.75e-05 0 0 0 0 0 0 0 0 0 0 0 0 0 0 
1 0.599173 0.220378 0.0340075 0.0014975 2.75e-05 0 0 0 0 0 0 0 0 0 0 0 0 0 0 
1 0.598318 0.220253 0.0334263 0.0015225 2.875e-05 0 0 0 0 0 0 0 0 0 0 0 0 0 0 
1 0.599339 0.221281 0.0338725 0.0015025 3.625e-05 0 0 0 0 0 0 0 0 0 0 0 0 0 0 
1 0.599035 0.220454 0.0337488 0.001525 3.5e-05 0 0 0 0 0 0 0 0 0 0 0 0 0 0 
1 0.600099 0.221473 0.03484 0.00167125 1.875e-05 0 0 0 0 0 0 0 0 0 0 0 0 0 0 
1 0.600251 0.222098 0.0343675 0.00162 3.5e-05 0 0 0 0 0 0 0 0 0 0 0 0 0 0 
1 0.599714 0.220451 0.0344375 0.0015675 2.625e-05 0 0 0 0 0 0 0 0 0 0 0 0 0 0 
1 0.601788 0.222689 0.0349738 0.00152875 2.625e-05 0 0 0 0 0 0 0 0 0 0 0 0 0 0 
1 0.598489 0.219138 0.03385 0.00147875 3e-05 0 0 0 0 0 0 0 0 0 0 0 0 0 0 
1 0.599961 0.220873 0.0341013 0.001525 3.375e-05 0 0 0 0 0 0 0 0 0 0 0 0 0 0 
1 0.599088 0.219438 0.03363 0.00153 2.25e-05 0 0 0 0 0 0 0 0 0 0 0 0 0 0 
1 0.601614 0.221361 0.0341925 0.001645 3.625e-05 0 0 0 0 0 0 0 0 0 0 0 0 0 0 
1 0.599831 0.222128 0.0337663 0.0015325 2.875e-05 0 0 0 0 0 0 0 0 0 0 0 0 0 0 
1 0.600081 0.221375 0.0345063 0.0015875 3.125e-05 2.5e-06 0 0 0 0 0 0 0 0 0 0 0 0 0 
1 0.598285 0.219568 0.033565 0.0014575 2.375e-05 0 0 0 0 0 0 0 0 0 0 0 0 0 0 
1 0.598769 0.219586 0.0335625 0.00147 3.375e-05 0 0 0 0 0 0 0 0 0 0 0 0 0 0 
1 0.600589 0.22269 0.0345275 0.00153125 3.25e-05 0 0 0 0 0 0 0 0 0 0 0 0 0 0 
1 0.599938 0.219834 0.0329975 0.00141875 4.125e-05 0 0 0 0 0 0 0 0 0 0 0 0 0 0 
1 0.597931 0.217914 0.0331513 0.00149875 2.375e-05 0 0 0 0 0 0 0 0 0 0 0 0 0 0 
1 0.600175 0.221544 0.0339113 0.0015075 3.5e-05 0 0 0 0 0 0 0 0 0 0 0 0 0 0 
1 0.600534 0.221126 0.0342963 0.00155375 2.75e-05 0 0 0 0 0 0 0 0 0 0 0 0 0 0 
1 0.600865 0.220636 0.0340725 0.0014325 2.875e-05 0 0 0 0 0 0 0 0 0 0 0 0 0 0 
1 0.598694 0.220076 0.0340488 0.00152625 2e-05 0 0 0 0 0 0 0 0 0 0 0 0 0 0 
1 0.600951 0.223021 0.0350688 0.00162 3e-05 0 0 0 0 0 0 0 0 0 0 0 0 0 0 
1 0.601044 0.222764 0.0349475 0.00164625 3.25e-05 0 0 0 0 0 0 0 0 0 0 0 0 0 0 
1 0.599628 0.22134 0.0343863 0.0015325 2.625e-05 1.25e-06 0 0 0 0 0 0 0 0 0 0 0 0 0 
1 0.602343 0.223443 0.0349225 0.00163125 3.5e-05 0 0 0 0 0 0 0 0 0 0 0 0 0 0 
1 0.59956 0.220146 0.0339163 0.00139125 2e-05 0 0 0 0 0 0 0 0 0 0 0 0 0 0 
1 0.600968 0.223336 0.03492 0.001625 2.75e-05 0 0 0 0 0 0 0 0 0 0 0 0 0 0 
1 0.600499 0.22158 0.0345875 0.001615 3.75e-05 0 0 0 0 0 0 0 0 0 0 0 0 0 0 
1 0.601061 0.221881 0.0344375 0.0014775 1.5e-05 0 0 0 0 0 0 0 0 0 0 0 0 0 0 
