1 0.551682 0.173176 0.0200038 0.00067375 1.125e-05 0 0 0 0 0 0 0 0 0 0 0 0 0 0 
1 0.550886 0.17152 0.019625 0.000575 5e-06 0 0 0 0 0 0 0 0 0 0 0 0 0 0 
1 0.548306 0.169608 0.01933 0.0006025 1.25e-05 2.5e-06 0 0 0 0 0 0 0 0 0 0 0 0 0 
1 0.5497 0.171196 0.0196588 0.00062 1.75e-05 0 0 0 0 0 0 0 0 0 0 0 0 0 0 
1 0.548996 0.170769 0.0193813 0.00057 5e-06 0 0 0 0 0 0 0 0 0 0 0 0 0 0 
1 0.551086 0.172808 0.0199325 0.00065625 6.25e-06 0 0 0 0 0 0 0 0 0 0 0 0 0 0 
1 0.550006 0.170848 0.019495 0.00062 1e-05 0 0 0 0 0 0 0 0 0 0 0 0 0 0 
1 0.550504 0.172515 0.0202925 0.00064625 1.125e-05 1.25e-06 0 0 0 0 0 0 0 0 0 0 0 0 0 
1 0.550451 0.172114 0.0198125 0.00064 3.75e-06 0 0 0 0 0 0 0 0 0 0 0 0 0 0 
1 0.55053 0.171678 0.0197013 0.0005825 1e-05 0 0 0 0 0 0 0 0 0 0 0 0 0 0 
1 0.551687 0.172683 0.0203563 0.00060375 5e-06 0 0 0 0 0 0 0 0 0 0 0 0 0 0 
1 0.549911 0.171055 0.0192938 0.00058375 8.75e-06 0 0 0 0 0 0 0 0 0 0 0 0 0 0 
1 0.55031 0.170856 0.01894 0.00061125 1e-05 0 0 0 0 0 0 0 0 0 0 0 0 0 0 
1 0.54865 0.168933 0.0190513 0.0005375 2.5e-06 0 0 0 0 0 0 0 0 0 0 0 0 0 0 
1 0.55025 0.171141 0.0196675 0.00065125 6.25e-06 0 0 0 0 0 0 0 0 0 0 0 0 0 0 
1 0.55046 0.171864 0.0196913 0.000605 7.5e-06 0 0 0 0 0 0 0 0 0 0 0 0 0 0 
1 0.548859 0.170691 0.0192475 0.00059125 5e-06 1.25e-06 0 0 0 0 0 0 0 0 0 0 0 0 0 
1 0.549014 0.169655 0.0192988 0.00060375 5e-06 0 0 0 0 0 0 0 0 0 0 0 0 0 0 
1 0.549795 0.171663 0.01958 0.00061375 7.5e-06 0 0 0 0 0 0 0 0 0 0 0 0 0 0 
1 0.55126 0.172581 0.020145 0.000605 7.5e-06 0 0 0 0 0 0 0 0 0 0 0 0 0 0 
1 0.548064 0.16871 0.018825 0.000575 8.75e-06 0 0 0 0 0 0 0 0 0 0 0 0 0 0 
1 0.549151 0.170141 0.0198738 0.000655 1.625e-05 0 0 0 0 0 0 0 0 0 0 0 0 0 0 
1 0.549305 0.170403 0.0194688 0.00060625 8.75e-06 1.25e-06 0 0 0 0 0 0 0 0 0 0 0 0 0 
1 0.550322 0.171454 0.0194675 0.0006325 8.75e-06 0 0 0 0 0 0 0 0 0 0 0 0 0 0 
1 0.550709 0.172714 0.0202688 0.0006375 1.375e-05 3.75e-06 0 0 0 0 0 0 0 0 0 0 0 0 0 
1 0.550101 0.172264 0.0198088 0.00064625 6.25e-06 0 0 0 0 0 0 0 0 0 0 0 0 0 0 
1 0.549939 0.170754 0.0197988 0.00065375 6.25e-06 1.25e-06 0 0 0 0 0 0 0 0 0 0 0 0 0 
1 0.553157 0.173596 0.0202288 0.0006675 1e-05 0 0 0 0 0 0 0 0 0 0 0 0 0 0 
1 0.549819 0.171644 0.0197788 0.00060875 1.5e-05 0 0 0 0 0 0 0 0 0 0 0 0 0 0 
1 0.549362 0.171486 0.01949 0.00060875 7.5e-06 0 0 0 0 0 0 0 0 0 0 0 0 0 0 
1 0.549747 0.16987 0.0194638 0.000595 1.375e-05 0 0 0 0 0 0 0 0 0 0 0 0 0 0 
1 0.549891 0.171126 0.0198988 0.000625 1.5e-05 0 0 0 0 0 0 0 0 0 0 0 0 0 0 
1 0.549161 0.169684 0.0188 0.00059875 8.75e-06 0 0 0 0 0 0 0 0 0 0 0 0 0 0 
1 0.550582 0.171106 0.0193963 0.0006175 1.25e-05 0 0 0 0 0 0 0 0 0 0 0 0 0 0 
1 0.54975 0.171408 0.0196088 0.00062 1.375e-05 0 0 0 0 0 0 0 0 0 0 0 0 0 0 
1 0.550099 0.171128 0.0197638 0.00061125 1.125e-05 0 0 0 0 0 0 0 0 0 0 0 0 0 0 
1 0.550161 0.171149 0.0193038 0.0006025 1.375e-05 0 0 0 0 0 0 0 0 0 0 0 0 0 0 
1 0.548709 0.17144 0.01962 0.0005575 6.25e-06 0 0 0 0 0 0 0 0 0 0 0 0 0 0 
1 0.549335 0.170304 0.019265 0.00057 3.75e-06 0 0 0 0 0 0 0 0 0 0 0 0 0 0 
1 0.548201 0.169963 0.0189275 0.0005675 1.125e-05 0 0 0 0 0 0 0 0 0 0 0 0 0 0 
1 0.548376 0.169561 0.0192675 0.00067875 8.75e-06 0 0 0 0 0 0 0 0 0 0 0 0 0 0 
1 0.551254 0.171801 0.01965 0.000615 8.75e-06 0 0 0 0 0 0 0 0 0 0 0 0 0 0 
1 0.549114 0.17125 0.0195363 0.00062 6.25e-06 0 0 0 0 0 0 0 0 0 0 0 0 0 0 
1 0.550349 0.171726 0.01981 0.00059875 5e-06 0 0 0 0 0 0 0 0 0 0 0 0 0 0 
1 0.549777 0.169943 0.0194375 0.0006 8.75e-06 0 0 0 0 0 0 0 0 0 0 0 0 0 0 
1 0.550441 0.171278 0.01938 0.00064 1.125e-05 0 0 0 0 0 0 0 0 0 0 0 0 0 0 
1 0.550916 0.17278 0.0198163 0.0006375 7.5e-06 0 0 0 0 0 0 0 0 0 0 0 0 0 0 
1 0.552056 0.172623 0.0198238 0.0006125 8.75e-06 0 0 0 0 0 0 0 0 0 0 0 0 0 0 
1 0.549564 0.170603 0.0194938 0.00052625 1.125e-05 1.25e-06 0 0 0 0 0 0 0 0 0 0 0 0 0 
1 0.550225 0.170936 0.0194913 0.00064875 7.5e-06 0 0 0 0 0 0 0 0 0 0 0 0 0 0 
1 0.548111 0.170134 0.0192875 0.00060875 2.5e-06 0 0 0 0 0 0 0 0 0 0 0 0 0 0 
1 0.548261 0.16967 0.0192538 0.000575 8.75e-06 0 0 0 0 0 0 0 0 0 0 0 0 0 0 
1 0.549916 0.169974 0.01937 0.0005325 1.25e-05 0 0 0 0 0 0 0 0 0 0 0 0 0 0 
1 0.548807 0.17076 0.0196738 0.0006375 1.25e-05 1.25e-06 0 0 0 0 0 0 0 0 0 0 0 0 0 
1 0.549085 0.171034 0.0190563 0.000605 6.25e-06 0 0 0 0 0 0 0 0 0 0 0 0 0 0 
1 0.551065 0.172045 0.0198838 0.00064125 3.75e-06 0 0 0 0 0 0 0 0 0 0 0 0 0 0 
1 0.549265 0.170934 0.0191963 0.00053125 7.5e-06 0 0 0 0 0 0 0 0 0 0 0 0 0 0 
1 0.550115 0.170965 0.0195813 0.0006125 8.75e-06 0 0 0 0 0 0 0 0 0 0 0 0 0 0 
1 0.549919 0.170324 0.0194413 0.0005675 8.75e-06 0 0 0 0 0 0 0 0 0 0 0 0 0 0 
1 0.550262 0.171639 0.019635 0.00059125 6.25e-06 0 0 0 0 0 0 0 0 0 0 0 0 0 0 
1 0.549245 0.169884 0.019385 0.0006325 3.75e-06 0 0 0 0 0 0 0 0 0 0 0 0 0 0 
1 0.548514 0.170655 0.0197763 0.0005825 6.25e-06 0 0 0 0 0 0 0 0 0 0 0 0 0 0 
1 0.549221 0.17057 0.0196763 0.00061625 3.75e-06 0 0 0 0 0 0 0 0 0 0 0 0 0 0 
1 0.549697 0.171101 0.019275 0.00055625 6.25e-06 0 0 0 0 0 0 0 0 0 0 0 0 0 0 
1 0.549202 0.170343 0.01928 0.00059375 8.75e-06 0 0 0 0 0 0 0 0 0 0 0 0 0 0 
1 0.549356 0.171066 0.0196425 0.0006475 3.75e-06 0 0 0 0 0 0 0 0 0 0 0 0 0 0 
1 0.549395 0.170409 0.0189588 0.00054125 1e-05 0 0 0 0 0 0 0 0 0 0 0 0 0 0 
1 0.550096 0.170786 0.0197488 0.00056125 6.25e-06 0 0 0 0 0 0 0 0 0 0 0 0 0 0 
1 0.551564 0.172765 0.0198463 0.00062875 5e-06 0 0 0 0 0 0 0 0 0 0 0 0 0 0 
1 0.5504 0.171093 0.0196113 0.00065875 8.75e-06 0 0 0 0 0 0 0 0 0 0 0 0 0 0 
1 0.55014 0.171124 0.019415 0.000655 1.25e-05 0 0 0 0 0 0 0 0 0 0 0 0 0 0 
1 0.550075 0.1701 0.0196888 0.0006125 1.25e-05 0 0 0 0 0 0 0 0 0 0 0 0 0 0 
1 0.550394 0.171446 0.01999 0.00057 5e-06 0 0 0 0 0 0 0 0 0 0 0 0 0 0 
1 0.549217 0.169923 0.0193825 0.00062375 1.25e-05 0 0 0 0 0 0 0 0 0 0 0 0 0 0 
1 0.550354 0.171596 0.0201113 0.00064125 7.5e-06 0 0 0 0 0 0 0 0 0 0 0 0 0 0 
1 0.55273 0.174749 0.0204338 0.00065125 8.75e-06 0 0 0 0 0 0 0 0 0 0 0 0 0 0 
1 0.549249 0.171349 0.0193225 0.00062625 5e-06 0 0 0 0 0 0 0 0 0 0 0 0 0 0 
1 0.55112 0.171641 0.0199563 0.00059375 1.25e-05 1.25e-06 0 0 0 0 0 0 0 0 0 0 0 0 0 
1 0.550337 0.171439 0.0196213 0.000565 2.5e-06 0 0 0 0 0 0 0 0 0 0 0 0 0 0 
1 0.549492 0.170893 0.01929 0.00058125 7.5e-06 0 0 0 0 0 0 0 0 0 0 0 0 0 0 
1 0.549691 0.171116 0.019345 0.00058625 1.875e-05 0 0 0 0 0 0 0 0 0 0 0 0 0 0 
1 0.549622 0.171611 0.0198275 0.00065375 1.125e-05 0 0 0 0 0 0 0 0 0 0 0 0 0 0 
1 0.550432 0.171336 0.0198225 0.0005775 6.25e-06 0 0 0 0 0 0 0 0 0 0 0 0 0 0 
1 0.550445 0.170835 0.01941 0.00060375 7.5e-06 0 0 0 0 0 0 0 0 0 0 0 0 0 0 
1 0.549819 0.171541 0.01946 0.0005675 1.25e-06 0 0 0 0 0 0 0 0 0 0 0 0 0 0 
1 0.55042 0.170834 0.0193863 0.00062875 5e-06 0 0 0 0 0 0 0 0 0 0 0 0 0 0 
1 0.549926 0.170818 0.0194925 0.0005925 0 0 0 0 0 0 0 0 0 0 0 0 0 0 0 
1 0.550349 0.171573 0.01961 0.000595 1.625e-05 0 0 0 0 0 0 0 0 0 0 0 0 0 0 
1 0.549695 0.171803 0.019785 0.0007025 1.5e-05 0 0 0 0 0 0 0 0 0 0 0 0 0 0 
1 0.550279 0.17208 0.019945 0.000595 7.5e-06 0 0 0 0 0 0 0 0 0 0 0 0 0 0 
1 0.549991 0.170924 0.0193425 0.00062375 8.75e-06 0 0 0 0 0 0 0 0 0 0 0 0 0 0 
1 0.549207 0.169956 0.0190413 0.00056375 6.25e-06 0 0 0 0 0 0 0 0 0 0 0 0 0 0 
1 0.550531 0.171945 0.0201225 0.00064875 7.5e-06 0 0 0 0 0 0 0 0 0 0 0 0 0 0 
1 0.550082 0.171084 0.0193875 0.00062125 2.5e-06 0 0 0 0 0 0 0 0 0 0 0 0 0 0 
1 0.551106 0.172635 0.0200188 0.00056375 8.75e-06 0 0 0 0 0 0 0 0 0 0 0 0 0 0 
1 0.549441 0.171575 0.0197925 0.000605 5e-06 0 0 0 0 0 0 0 0 0 0 0 0 0 0 
1 0.54892 0.170455 0.0190438 0.00060625 7.5e-06 0 0 0 0 0 0 0 0 0 0 0 0 0 0 
1 0.549269 0.170873 0.019575 0.0005175 1.5e-05 0 0 0 0 0 0 0 0 0 0 0 0 0 0 
1 0.550114 0.17064 0.0194363 0.00065375 8.75e-06 1.25e-06 0 0 0 0 0 0 0 0 0 0 0 0 0 
1 0.549555 0.170535 0.0195813 0.00060125 8.75e-06 0 0 0 0 0 0 0 0 0 0 0 0 0 0 
