1 0.849378 0.616815 0.333462 0.10864 0.016275 0.00104 2.4e-05 1e-06 0 0 0 0 0 0 0 0 0 0 0 
1 0.850742 0.619678 0.338158 0.109837 0.016329 0.00091 3.2e-05 0 0 0 0 0 0 0 0 0 0 0 0 
1 0.850287 0.618103 0.335749 0.109297 0.016287 0.000855 1.8e-05 0 0 0 0 0 0 0 0 0 0 0 0 
1 0.84804 0.61289 0.327632 0.103598 0.014814 0.000808 2.6e-05 3e-06 0 0 0 0 0 0 0 0 0 0 0 
1 0.848474 0.613859 0.330165 0.106271 0.015639 0.000856 1.2e-05 0 0 0 0 0 0 0 0 0 0 0 0 
1 0.850524 0.617901 0.334195 0.108314 0.016064 0.00097 2.5e-05 0 0 0 0 0 0 0 0 0 0 0 0 
1 0.850817 0.619913 0.336901 0.110212 0.016989 0.001058 2.4e-05 0 0 0 0 0 0 0 0 0 0 0 0 
1 0.851333 0.62096 0.3376 0.111489 0.01757 0.001173 5.1e-05 0 0 0 0 0 0 0 0 0 0 0 0 
1 0.84937 0.61577 0.331328 0.106809 0.015959 0.000999 3.6e-05 0 0 0 0 0 0 0 0 0 0 0 0 
1 0.85004 0.6176 0.335152 0.109299 0.016793 0.001084 4e-05 2e-06 0 0 0 0 0 0 0 0 0 0 0 
1 0.848166 0.612649 0.327548 0.103475 0.015019 0.000871 2.2e-05 0 0 0 0 0 0 0 0 0 0 0 0 
1 0.851697 0.620772 0.337123 0.109964 0.016551 0.000974 1.6e-05 0 0 0 0 0 0 0 0 0 0 0 0 
1 0.848903 0.615688 0.331912 0.106739 0.015915 0.000936 2.3e-05 1e-06 0 0 0 0 0 0 0 0 0 0 0 
1 0.848732 0.615526 0.331807 0.106433 0.015509 0.000891 2.1e-05 0 0 0 0 0 0 0 0 0 0 0 0 
1 0.849309 0.615758 0.331663 0.10654 0.01538 0.00088 3.2e-05 0 0 0 0 0 0 0 0 0 0 0 0 
1 0.85036 0.617883 0.334477 0.107117 0.015376 0.000787 2.6e-05 0 0 0 0 0 0 0 0 0 0 0 0 
1 0.850939 0.619089 0.335883 0.108392 0.015735 0.000938 2.5e-05 0 0 0 0 0 0 0 0 0 0 0 0 
1 0.850646 0.618858 0.336297 0.110615 0.017412 0.001294 7e-05 3e-06 0 0 0 0 0 0 0 0 0 0 0 
1 0.851046 0.619607 0.335692 0.108916 0.016195 0.000967 3.1e-05 0 0 0 0 0 0 0 0 0 0 0 0 
1 0.849318 0.616721 0.332576 0.10807 0.016089 0.000874 1.2e-05 0 0 0 0 0 0 0 0 0 0 0 0 
1 0.85167 0.620714 0.338617 0.111248 0.017058 0.001061 4.7e-05 2e-06 0 0 0 0 0 0 0 0 0 0 0 
1 0.85116 0.618846 0.336343 0.109572 0.016824 0.001023 4e-05 4e-06 1e-06 0 0 0 0 0 0 0 0 0 0 
1 0.849975 0.618322 0.335415 0.110463 0.017028 0.001074 2.4e-05 0 0 0 0 0 0 0 0 0 0 0 0 
1 0.849229 0.616968 0.33438 0.108353 0.016288 0.000894 1.7e-05 2e-06 0 0 0 0 0 0 0 0 0 0 0 
1 0.849377 0.61651 0.33345 0.108518 0.016655 0.001031 2.2e-05 0 0 0 0 0 0 0 0 0 0 0 0 
1 0.850069 0.617527 0.333185 0.107476 0.016073 0.000888 2e-05 0 0 0 0 0 0 0 0 0 0 0 0 
1 0.849304 0.617128 0.333726 0.108353 0.016138 0.000888 2.1e-05 0 0 0 0 0 0 0 0 0 0 0 0 
1 0.850616 0.619061 0.336243 0.10953 0.017148 0.001267 3.8e-05 0 0 0 0 0 0 0 0 0 0 0 0 
1 0.851211 0.620702 0.338096 0.110436 0.016586 0.000999 2.9e-05 0 0 0 0 0 0 0 0 0 0 0 0 
1 0.847272 0.61198 0.326195 0.103578 0.014945 0.00084 1.8e-05 0 0 0 0 0 0 0 0 0 0 0 0 
1 0.851713 0.622106 0.341018 0.112834 0.017086 0.001013 2.3e-05 0 0 0 0 0 0 0 0 0 0 0 0 
1 0.851438 0.620117 0.337256 0.109871 0.016578 0.001043 3e-05 1e-06 0 0 0 0 0 0 0 0 0 0 0 
1 0.847526 0.612931 0.328034 0.10481 0.015465 0.000979 3.5e-05 0 0 0 0 0 0 0 0 0 0 0 0 
1 0.850712 0.617964 0.333261 0.106926 0.015723 0.000961 3.4e-05 0 0 0 0 0 0 0 0 0 0 0 0 
1 0.850622 0.618858 0.334759 0.107893 0.015463 0.000814 2.1e-05 0 0 0 0 0 0 0 0 0 0 0 0 
1 0.849666 0.617278 0.333642 0.107503 0.015554 0.000862 3.2e-05 3e-06 0 0 0 0 0 0 0 0 0 0 0 
1 0.849752 0.617013 0.334693 0.109772 0.016912 0.001114 4.6e-05 5e-06 3e-06 0 0 0 0 0 0 0 0 0 0 
1 0.852409 0.623579 0.341301 0.113167 0.017857 0.0011 5.5e-05 2e-06 0 0 0 0 0 0 0 0 0 0 0 
1 0.849682 0.617973 0.335101 0.108245 0.015878 0.000926 2e-05 0 0 0 0 0 0 0 0 0 0 0 0 
1 0.851682 0.621921 0.340031 0.112168 0.017156 0.001046 3.7e-05 0 0 0 0 0 0 0 0 0 0 0 0 
1 0.850299 0.618483 0.334844 0.108324 0.015867 0.000956 1.9e-05 1e-06 0 0 0 0 0 0 0 0 0 0 0 
1 0.850829 0.619437 0.336983 0.110561 0.016722 0.00113 3.1e-05 0 0 0 0 0 0 0 0 0 0 0 0 
1 0.84809 0.614683 0.331972 0.106958 0.015956 0.000917 3.6e-05 0 0 0 0 0 0 0 0 0 0 0 0 
1 0.849582 0.617351 0.33408 0.108857 0.016443 0.001062 4.5e-05 0 0 0 0 0 0 0 0 0 0 0 0 
1 0.849831 0.617179 0.334196 0.107535 0.016008 0.001003 3.8e-05 0 0 0 0 0 0 0 0 0 0 0 0 
1 0.849553 0.615153 0.330723 0.105059 0.015489 0.001016 2.9e-05 0 0 0 0 0 0 0 0 0 0 0 0 
1 0.849008 0.616009 0.332427 0.107605 0.016302 0.001112 2.8e-05 2e-06 0 0 0 0 0 0 0 0 0 0 0 
1 0.850012 0.618012 0.335353 0.109601 0.016653 0.001049 3.1e-05 2e-06 0 0 0 0 0 0 0 0 0 0 0 
1 0.850531 0.619185 0.337363 0.110915 0.016852 0.001069 2.6e-05 1e-06 0 0 0 0 0 0 0 0 0 0 0 
1 0.848754 0.616771 0.334066 0.108786 0.016348 0.000951 2.8e-05 0 0 0 0 0 0 0 0 0 0 0 0 
1 0.850852 0.619769 0.336675 0.109944 0.016513 0.001034 2.5e-05 0 0 0 0 0 0 0 0 0 0 0 0 
1 0.851762 0.620121 0.337099 0.11003 0.016441 0.000879 2.8e-05 0 0 0 0 0 0 0 0 0 0 0 0 
1 0.851176 0.620464 0.337861 0.110277 0.016381 0.000981 3.7e-05 1e-06 0 0 0 0 0 0 0 0 0 0 0 
1 0.850412 0.617715 0.334744 0.109235 0.016397 0.000984 2.1e-05 0 0 0 0 0 0 0 0 0 0 0 0 
1 0.848593 0.61457 0.330412 0.105685 0.015349 0.000801 2.1e-05 0 0 0 0 0 0 0 0 0 0 0 0 
1 0.85012 0.618222 0.334862 0.108681 0.015791 0.000886 2.2e-05 1e-06 0 0 0 0 0 0 0 0 0 0 0 
1 0.851244 0.620336 0.337673 0.110199 0.016514 0.001066 3.4e-05 1e-06 0 0 0 0 0 0 0 0 0 0 0 
1 0.84721 0.611499 0.326362 0.102929 0.014551 0.000771 1.7e-05 0 0 0 0 0 0 0 0 0 0 0 0 
1 0.85022 0.618296 0.336026 0.109723 0.016387 0.000946 1.8e-05 0 0 0 0 0 0 0 0 0 0 0 0 
1 0.850151 0.617895 0.334125 0.108006 0.015628 0.000922 3.8e-05 0 0 0 0 0 0 0 0 0 0 0 0 
1 0.850727 0.618382 0.334577 0.108029 0.015671 0.000864 2.7e-05 1e-06 0 0 0 0 0 0 0 0 0 0 0 
1 0.849597 0.616127 0.331833 0.10732 0.015829 0.000916 1.8e-05 0 0 0 0 0 0 0 0 0 0 0 0 
1 0.851325 0.619677 0.335244 0.108073 0.016177 0.001059 4.3e-05 0 0 0 0 0 0 0 0 0 0 0 0 
1 0.849241 0.616566 0.333602 0.109043 0.016553 0.001076 2.9e-05 0 0 0 0 0 0 0 0 0 0 0 0 
1 0.84828 0.614841 0.331688 0.106804 0.016005 0.000959 2.3e-05 1e-06 0 0 0 0 0 0 0 0 0 0 0 
1 0.851191 0.620445 0.337052 0.109316 0.016202 0.000986 3.8e-05 3e-06 0 0 0 0 0 0 0 0 0 0 0 
1 0.849917 0.617487 0.334196 0.10798 0.016183 0.000963 2.7e-05 0 0 0 0 0 0 0 0 0 0 0 0 
1 0.849601 0.617553 0.336011 0.109702 0.016834 0.001187 5.5e-05 2e-06 0 0 0 0 0 0 0 0 0 0 0 
1 0.848899 0.614751 0.331882 0.107037 0.015659 0.000897 2.7e-05 0 0 0 0 0 0 0 0 0 0 0 0 
1 0.850356 0.620033 0.338141 0.110743 0.016719 0.001057 3e-05 0 0 0 0 0 0 0 0 0 0 0 0 
1 0.850187 0.618019 0.335378 0.109061 0.01663 0.001061 3.4e-05 0 0 0 0 0 0 0 0 0 0 0 0 
1 0.848505 0.613282 0.330472 0.10671 0.015824 0.001012 2.7e-05 1e-06 0 0 0 0 0 0 0 0 0 0 0 
1 0.848185 0.61449 0.330786 0.106409 0.015702 0.000877 3.6e-05 1e-06 0 0 0 0 0 0 0 0 0 0 0 
1 0.850237 0.618903 0.336857 0.110467 0.01692 0.001119 3.4e-05 0 0 0 0 0 0 0 0 0 0 0 0 
1 0.849108 0.615508 0.331991 0.106943 0.015608 0.000867 3.4e-05 0 0 0 0 0 0 0 0 0 0 0 0 
1 0.853181 0.624611 0.343131 0.113194 0.017368 0.000944 3.2e-05 0 0 0 0 0 0 0 0 0 0 0 0 
1 0.848489 0.614022 0.330087 0.105823 0.015784 0.000989 3.1e-05 0 0 0 0 0 0 0 0 0 0 0 0 
1 0.85024 0.618162 0.335438 0.108782 0.016641 0.001005 3.1e-05 1e-06 0 0 0 0 0 0 0 0 0 0 0 
1 0.848726 0.61453 0.33098 0.107327 0.016567 0.000955 2.6e-05 0 0 0 0 0 0 0 0 0 0 0 0 
1 0.850912 0.619693 0.336623 0.109774 0.016296 0.000866 1.8e-05 0 0 0 0 0 0 0 0 0 0 0 0 
1 0.852628 0.623298 0.340302 0.112016 0.017067 0.001048 2.4e-05 0 0 0 0 0 0 0 0 0 0 0 0 
1 0.84908 0.615029 0.332126 0.107065 0.015983 0.000953 2.9e-05 1e-06 0 0 0 0 0 0 0 0 0 0 0 
1 0.848068 0.613559 0.330137 0.106336 0.015689 0.000993 2.4e-05 0 0 0 0 0 0 0 0 0 0 0 0 
1 0.852015 0.621779 0.339036 0.110329 0.01678 0.000882 1.8e-05 0 0 0 0 0 0 0 0 0 0 0 0 
1 0.851235 0.619979 0.338053 0.110735 0.016744 0.001029 4.1e-05 2e-06 0 0 0 0 0 0 0 0 0 0 0 
1 0.851774 0.620905 0.338382 0.111136 0.017562 0.001133 3.4e-05 0 0 0 0 0 0 0 0 0 0 0 0 
1 0.853146 0.624275 0.343497 0.115118 0.018089 0.00113 2.4e-05 0 0 0 0 0 0 0 0 0 0 0 0 
1 0.850643 0.619043 0.335835 0.108992 0.016311 0.000909 2.2e-05 2e-06 0 0 0 0 0 0 0 0 0 0 0 
1 0.850137 0.617766 0.334518 0.108986 0.016619 0.001012 1.9e-05 0 0 0 0 0 0 0 0 0 0 0 0 
1 0.851979 0.622063 0.339959 0.112563 0.017472 0.001075 3.5e-05 0 0 0 0 0 0 0 0 0 0 0 0 
1 0.851102 0.619785 0.337821 0.111385 0.017373 0.001194 3e-05 1e-06 0 0 0 0 0 0 0 0 0 0 0 
1 0.85024 0.618186 0.335249 0.108892 0.016345 0.000972 2.9e-05 0 0 0 0 0 0 0 0 0 0 0 0 
1 0.849489 0.616805 0.332912 0.108904 0.016697 0.001175 6.6e-05 3e-06 0 0 0 0 0 0 0 0 0 0 0 
1 0.848294 0.614912 0.331381 0.106697 0.01584 0.000911 2.6e-05 0 0 0 0 0 0 0 0 0 0 0 0 
1 0.849284 0.615302 0.331905 0.106878 0.016058 0.000974 5.3e-05 0 0 0 0 0 0 0 0 0 0 0 0 
1 0.850893 0.618887 0.336001 0.109316 0.016311 0.000924 2.1e-05 3e-06 0 0 0 0 0 0 0 0 0 0 0 
1 0.850852 0.619341 0.336342 0.10853 0.016166 0.000976 2.7e-05 0 0 0 0 0 0 0 0 0 0 0 0 
1 0.85019 0.617003 0.333862 0.108836 0.016622 0.001017 2.5e-05 0 0 0 0 0 0 0 0 0 0 0 0 
1 0.850905 0.618513 0.33595 0.110346 0.017019 0.00105 4.7e-05 0 0 0 0 0 0 0 0 0 0 0 0 
1 0.851345 0.620356 0.338931 0.111635 0.017208 0.001182 6.6e-05 0 0 0 0 0 0 0 0 0 0 0 0 
1 0.85051 0.618064 0.334417 0.107982 0.016087 0.000969 1.7e-05 1e-06 0 0 0 0 0 0 0 0 0 0 0 
1 0.8516 0.619928 0.335711 0.10876 0.016033 0.000815 1e-05 0 0 0 0 0 0 0 0 0 0 0 0 
1 0.849632 0.616139 0.332317 0.107485 0.015735 0.000895 2.2e-05 2e-06 1e-06 0 0 0 0 0 0 0 0 0 0 
1 0.850185 0.61843 0.335565 0.108673 0.015557 0.000867 2.4e-05 0 0 0 0 0 0 0 0 0 0 0 0 
1 0.851975 0.621492 0.338953 0.111774 0.017443 0.001003 2.5e-05 0 0 0 0 0 0 0 0 0 0 0 0 
1 0.852108 0.622389 0.339987 0.111478 0.016951 0.000989 2.6e-05 0 0 0 0 0 0 0 0 0 0 0 0 
1 0.852189 0.621206 0.33899 0.111004 0.016783 0.001064 1.3e-05 0 0 0 0 0 0 0 0 0 0 0 0 
1 0.851703 0.621327 0.339143 0.111116 0.016396 0.000917 2.6e-05 3e-06 0 0 0 0 0 0 0 0 0 0 0 
1 0.852447 0.623108 0.34053 0.112762 0.01752 0.001053 3.1e-05 0 0 0 0 0 0 0 0 0 0 0 0 
1 0.849788 0.617722 0.334868 0.109097 0.016496 0.000994 2.4e-05 0 0 0 0 0 0 0 0 0 0 0 0 
1 0.849354 0.616073 0.332328 0.107417 0.016095 0.000974 2.6e-05 0 0 0 0 0 0 0 0 0 0 0 0 
1 0.849629 0.616056 0.331701 0.106416 0.015832 0.000995 4.3e-05 4e-06 0 0 0 0 0 0 0 0 0 0 0 
1 0.852761 0.623748 0.340545 0.11239 0.017142 0.001098 2.8e-05 2e-06 0 0 0 0 0 0 0 0 0 0 0 
1 0.849714 0.616123 0.33222 0.107287 0.01614 0.000911 1.4e-05 0 0 0 0 0 0 0 0 0 0 0 0 
1 0.848164 0.613774 0.328856 0.104675 0.015311 0.000914 2.6e-05 0 0 0 0 0 0 0 0 0 0 0 0 
1 0.850753 0.618132 0.334917 0.108973 0.016488 0.000955 4.5e-05 1e-06 0 0 0 0 0 0 0 0 0 0 0 
1 0.847841 0.613496 0.328714 0.103624 0.01475 0.000794 1.9e-05 0 0 0 0 0 0 0 0 0 0 0 0 
1 0.847202 0.611559 0.325507 0.102018 0.014056 0.000664 1.2e-05 0 0 0 0 0 0 0 0 0 0 0 0 
1 0.848526 0.61463 0.331152 0.106143 0.015562 0.000934 4.2e-05 3e-06 0 0 0 0 0 0 0 0 0 0 0 
1 0.850153 0.61666 0.33197 0.106153 0.015649 0.000884 1.9e-05 0 0 0 0 0 0 0 0 0 0 0 0 
1 0.852136 0.621172 0.338607 0.110782 0.016966 0.001093 2.7e-05 0 0 0 0 0 0 0 0 0 0 0 0 
1 0.850785 0.619436 0.336955 0.110922 0.017136 0.001151 5.5e-05 1e-06 0 0 0 0 0 0 0 0 0 0 0 
1 0.848321 0.614353 0.330501 0.106439 0.01552 0.000862 2.2e-05 3e-06 0 0 0 0 0 0 0 0 0 0 0 
1 0.851226 0.621026 0.338526 0.112289 0.017263 0.001024 4.3e-05 0 0 0 0 0 0 0 0 0 0 0 0 
1 0.849911 0.618461 0.335961 0.109198 0.016403 0.000941 2.5e-05 0 0 0 0 0 0 0 0 0 0 0 0 
1 0.849496 0.615811 0.332266 0.106686 0.015619 0.000919 2.2e-05 0 0 0 0 0 0 0 0 0 0 0 0 
1 0.848323 0.614116 0.33185 0.107476 0.015849 0.00096 4e-05 0 0 0 0 0 0 0 0 0 0 0 0 
1 0.851134 0.619379 0.336202 0.110479 0.016825 0.001071 3.6e-05 2e-06 0 0 0 0 0 0 0 0 0 0 0 
1 0.848711 0.614833 0.330593 0.105717 0.015491 0.000857 1.8e-05 0 0 0 0 0 0 0 0 0 0 0 0 
1 0.848134 0.613246 0.328781 0.105199 0.015714 0.000967 1.5e-05 0 0 0 0 0 0 0 0 0 0 0 0 
