1 0.74977 0.4615 0.22657 0.09137 0.03185 0.00987 0.00299 0.00083 0.00027 9e-05 0 0 0 0 0 0 0 0 0 
1 0.7501 0.45871 0.22681 0.09246 0.03258 0.01077 0.00306 0.00086 0.0003 0.0001 3e-05 0 0 0 0 0 0 0 0 
1 0.7506 0.46266 0.22924 0.09286 0.03283 0.01025 0.00309 0.0009 0.00023 6e-05 1e-05 0 0 0 0 0 0 0 0 
1 0.74957 0.46008 0.22566 0.0894 0.03047 0.00933 0.00252 0.00065 0.00011 4e-05 0 0 0 0 0 0 0 0 0 
1 0.75104 0.46228 0.22897 0.094 0.03314 0.01013 0.00309 0.00078 0.00014 3e-05 0 0 0 0 0 0 0 0 0 
1 0.75084 0.4622 0.22837 0.09203 0.03191 0.00977 0.00269 0.00079 0.00021 3e-05 2.72338e-17 0 0 0 0 0 0 0 0 
1 0.74729 0.45911 0.22483 0.09043 0.03113 0.00995 0.003 0.00077 0.00021 6e-05 2e-05 1e-05 0 0 0 0 0 0 0 
1 0.74728 0.46102 0.22411 0.08949 0.03076 0.00972 0.00287 0.00083 0.00023 0.00011 3e-05 0 0 0 0 0 0 0 0 
1 0.7495 0.45786 0.22511 0.09141 0.03194 0.01064 0.00335 0.00087 0.00025 8e-05 3.0681e-17 0 0 0 0 0 0 0 0 
1 0.75147 0.46281 0.22853 0.09215 0.03189 0.00957 0.00256 0.00079 0.00022 5e-05 1e-05 1e-05 0 0 0 0 0 0 0 
1 0.74997 0.46137 0.22653 0.09199 0.03137 0.00961 0.00256 0.00064 0.00016 0 0 0 0 0 0 0 0 0 0 
1 0.74592 0.45546 0.22038 0.08801 0.03017 0.00916 0.00261 0.00072 0.0002 4e-05 2.32758e-17 0 0 0 0 0 0 0 0 
1 0.75239 0.46313 0.22619 0.09072 0.03129 0.01017 0.00279 0.00083 0.0003 0.00011 3e-05 0 0 0 0 0 0 0 0 
1 0.74674 0.45864 0.22525 0.09126 0.03144 0.01002 0.00286 0.00086 0.0002 7e-05 1.63647e-17 0 0 0 0 0 0 0 0 
1 0.74888 0.46168 0.22866 0.09253 0.03187 0.01006 0.00282 0.00072 0.00017 6e-05 1e-05 0 0 0 0 0 0 0 0 
1 0.75095 0.4616 0.22896 0.09285 0.03299 0.01025 0.00288 0.0007 0.00013 2e-05 1e-05 1e-05 0 0 0 0 0 0 0 
1 0.74822 0.4595 0.22609 0.09234 0.03168 0.01018 0.00307 0.00087 0.00018 4e-05 0 0 0 0 0 0 0 0 0 
1 0.75133 0.46377 0.22688 0.08971 0.03107 0.00967 0.00287 0.00074 0.00016 5e-05 1e-05 0 0 0 0 0 0 0 0 
1 0.74907 0.46259 0.2263 0.09092 0.03211 0.00977 0.00267 0.00101 0.00039 0.00019 6e-05 3e-05 0 0 0 0 0 0 0 
1 0.75095 0.46158 0.22824 0.09376 0.0324 0.01009 0.00273 0.00086 0.00023 2e-05 0 0 0 0 0 0 0 0 0 
1 0.7509 0.46157 0.2283 0.09301 0.03303 0.01073 0.00336 0.0009 0.00018 3e-05 0 0 0 0 0 0 0 0 0 
1 0.75391 0.46476 0.2321 0.09526 0.03378 0.01084 0.00318 0.00083 0.00022 6e-05 2e-05 0 0 0 0 0 0 0 0 
1 0.75303 0.46372 0.22907 0.09369 0.03271 0.01055 0.00297 0.00089 0.00029 5e-05 0 0 0 0 0 0 0 0 0 
1 0.74859 0.45959 0.22817 0.09211 0.03109 0.00995 0.00268 0.00075 0.00019 2e-05 0 0 0 0 0 0 0 0 0 
1 0.748 0.4605 0.22646 0.08985 0.03188 0.00992 0.00287 0.0009 0.0002 2e-05 1e-05 0 0 0 0 0 0 0 0 
1 0.74791 0.45654 0.22441 0.09087 0.03217 0.01024 0.00312 0.0008 0.00024 8e-05 1e-05 1e-05 0 0 0 0 0 0 0 
1 0.75003 0.46263 0.22903 0.09223 0.03191 0.00993 0.00306 0.00088 0.00022 2e-05 0 0 0 0 0 0 0 0 0 
1 0.75143 0.46121 0.22462 0.09024 0.03107 0.00933 0.00268 0.00064 0.00011 2e-05 0 0 0 0 0 0 0 0 0 
1 0.75232 0.46312 0.22838 0.09298 0.03342 0.01067 0.00311 0.00098 0.00029 7e-05 0 0 0 0 0 0 0 0 0 
1 0.74904 0.45957 0.22559 0.09138 0.03061 0.00997 0.00295 0.00092 0.00027 7e-05 4e-05 1e-05 0 0 0 0 0 0 0 
1 0.75086 0.46133 0.22779 0.09228 0.03207 0.00983 0.00276 0.00066 0.00018 6e-05 5e-05 2e-05 0 0 0 0 0 0 0 
1 0.75174 0.46164 0.22686 0.092 0.03084 0.00929 0.00261 0.00072 0.00016 1e-05 0 0 0 0 0 0 0 0 0 
1 0.75079 0.45991 0.22527 0.09058 0.03139 0.00956 0.00269 0.00071 0.00023 8e-05 5e-05 4e-05 0 0 0 0 0 0 0 
1 0.75315 0.46279 0.22839 0.09262 0.03212 0.00992 0.003 0.00091 0.00028 4e-05 0 0 0 0 0 0 0 0 0 
1 0.74939 0.45958 0.22523 0.09107 0.03092 0.00962 0.00294 0.00076 0.00017 6e-05 1e-05 1e-05 0 0 0 0 0 0 0 
1 0.74868 0.45691 0.2246 0.09111 0.03114 0.0095 0.00256 0.00066 0.00022 9e-05 1e-05 0 0 0 0 0 0 0 0 
1 0.74948 0.46035 0.2251 0.09041 0.03164 0.01006 0.00289 0.00062 0.00013 4e-05 1e-05 1e-05 0 0 0 0 0 0 0 
1 0.74797 0.45941 0.22468 0.09157 0.03157 0.00962 0.00275 0.00081 0.00022 4e-05 1e-05 0 0 0 0 0 0 0 0 
1 0.75137 0.46276 0.2299 0.09313 0.03319 0.01026 0.00286 0.00079 0.00019 2e-05 0 0 0 0 0 0 0 0 0 
1 0.75194 0.46299 0.22767 0.09318 0.03371 0.01075 0.00314 0.00094 0.00023 9e-05 1e-05 0 0 0 0 0 0 0 0 
1 0.74845 0.46123 0.22523 0.09008 0.03208 0.00993 0.00263 0.00071 0.00022 0.00013 0.0001 5e-05 0 0 0 0 0 0 0 
1 0.75081 0.46255 0.22818 0.09095 0.03164 0.0098 0.00296 0.00063 0.00017 4e-05 1e-05 0 0 0 0 0 0 0 0 
1 0.75027 0.46104 0.22418 0.09094 0.03229 0.01034 0.00327 0.00108 0.00032 9e-05 2e-05 0 0 0 0 0 0 0 0 
1 0.75046 0.45995 0.22412 0.08916 0.02987 0.0088 0.00252 0.00073 0.00024 9e-05 3e-05 0 0 0 0 0 0 0 0 
1 0.75071 0.46268 0.22864 0.09287 0.03107 0.00906 0.00254 0.00055 0.00013 3e-05 0 0 0 0 0 0 0 0 0 
1 0.74847 0.45878 0.22655 0.0918 0.03222 0.0103 0.00291 0.00076 0.0002 5e-05 1e-05 0 0 0 0 0 0 0 0 
1 0.7513 0.46148 0.22789 0.09199 0.03253 0.01009 0.00301 0.0007 0.00012 2e-05 0 0 0 0 0 0 0 0 0 
1 0.75093 0.4634 0.22825 0.09272 0.03157 0.00984 0.00265 0.00052 0.00011 1e-05 0 0 0 0 0 0 0 0 0 
1 0.74673 0.45874 0.22581 0.0915 0.03304 0.01057 0.00333 0.00085 0.00025 8e-05 1e-05 0 0 0 0 0 0 0 0 
1 0.75034 0.45608 0.22339 0.09037 0.03092 0.00967 0.00272 0.00093 0.00025 7e-05 2e-05 0 0 0 0 0 0 0 0 
1 0.75007 0.46221 0.22773 0.09127 0.0317 0.01048 0.00334 0.00101 0.00036 0.00015 6e-05 1e-05 0 0 0 0 0 0 0 
1 0.74942 0.46035 0.22786 0.09244 0.03193 0.0098 0.00271 0.00074 0.00016 6e-05 1e-05 1e-05 1e-05 0 0 0 0 0 0 
1 0.7517 0.46278 0.22744 0.09219 0.03203 0.00991 0.00303 0.00082 0.00024 6e-05 2e-05 0 0 0 0 0 0 0 0 
1 0.74998 0.4591 0.22558 0.09134 0.03121 0.00957 0.00274 0.00076 0.00019 5e-05 1e-05 0 0 0 0 0 0 0 0 
1 0.75266 0.46288 0.22877 0.09212 0.03118 0.00969 0.00284 0.00064 0.00016 4e-05 0 0 0 0 0 0 0 0 0 
1 0.75079 0.46302 0.22929 0.0934 0.03333 0.01166 0.00359 0.00107 0.0004 5e-05 1e-05 0 0 0 0 0 0 0 0 
1 0.75055 0.46076 0.22473 0.09049 0.03069 0.00949 0.00241 0.0005 8e-05 1e-05 0 0 0 0 0 0 0 0 0 
1 0.74989 0.46106 0.22602 0.08983 0.03006 0.00891 0.00261 0.00076 0.00014 3e-05 0 0 0 0 0 0 0 0 0 
1 0.75149 0.46072 0.22692 0.09082 0.03168 0.00944 0.00292 0.00081 0.00017 4e-05 1e-05 0 0 0 0 0 0 0 0 
1 0.75001 0.46051 0.22737 0.09105 0.03187 0.00996 0.0029 0.00077 0.00015 4e-05 1e-05 1e-05 0 0 0 0 0 0 0 
1 0.74992 0.46269 0.22741 0.09173 0.03241 0.01042 0.00305 0.00078 0.00016 1e-05 1e-05 0 0 0 0 0 0 0 0 
1 0.74982 0.46222 0.22763 0.09267 0.03178 0.0098 0.00269 0.00073 0.00016 2e-05 0 0 0 0 0 0 0 0 0 
1 0.7464 0.45845 0.22373 0.09011 0.03186 0.01044 0.0033 0.00111 0.00035 0.00014 4e-05 0 0 0 0 0 0 0 0 
1 0.75005 0.46073 0.22614 0.09109 0.03061 0.00956 0.00277 0.00067 0.00012 1e-05 0 0 0 0 0 0 0 0 0 
1 0.75045 0.46322 0.22863 0.09093 0.03173 0.01013 0.00284 0.00074 0.00017 1e-05 0 0 0 0 0 0 0 0 0 
1 0.74833 0.45978 0.2269 0.09146 0.03094 0.00947 0.00284 0.00072 0.00017 1e-05 1e-05 0 0 0 0 0 0 0 0 
1 0.74706 0.45598 0.2213 0.08905 0.031 0.00966 0.00251 0.0006 0.00015 6e-05 0 0 0 0 0 0 0 0 0 
1 0.75256 0.46374 0.22776 0.0929 0.03234 0.0106 0.0032 0.001 0.00017 4e-05 1e-05 0 0 0 0 0 0 0 0 
1 0.74754 0.45839 0.22383 0.08997 0.03061 0.00907 0.00236 0.00068 0.0002 5e-05 0 0 0 0 0 0 0 0 0 
1 0.7525 0.46346 0.2269 0.09235 0.03244 0.01081 0.00322 0.0008 0.00027 8e-05 1e-05 0 0 0 0 0 0 0 0 
1 0.75144 0.45916 0.22338 0.0887 0.03015 0.00946 0.00265 0.00067 0.00013 2e-05 1e-05 0 0 0 0 0 0 0 0 
1 0.74914 0.46079 0.22489 0.09148 0.03279 0.01024 0.00276 0.00058 0.00018 6e-05 1e-05 0 0 0 0 0 0 0 0 
1 0.75002 0.46027 0.22646 0.09295 0.0324 0.01028 0.0031 0.00091 0.00031 7e-05 1e-05 0 0 0 0 0 0 0 0 
1 0.75031 0.46175 0.22814 0.09357 0.03401 0.01111 0.00364 0.00134 0.00051 0.00014 3e-05 1e-05 0 0 0 0 0 0 0 
1 0.75002 0.46206 0.22665 0.09189 0.032 0.01032 0.00325 0.00097 0.00027 4e-05 0 0 0 0 0 0 0 0 0 
1 0.74899 0.45584 0.2236 0.08962 0.03034 0.0094 0.00288 0.00078 0.00023 0.0001 4e-05 0 0 0 0 0 0 0 0 
1 0.75014 0.45873 0.2212 0.08818 0.03024 0.00924 0.00256 0.0006 0.00017 2e-05 1e-05 0 0 0 0 0 0 0 0 
1 0.75082 0.46155 0.22611 0.09136 0.031 0.00956 0.00294 0.00089 0.00028 9e-05 2e-05 0 0 0 0 0 0 0 0 
1 0.7501 0.46182 0.22798 0.09196 0.03347 0.01093 0.00308 0.00069 0.00013 2e-05 1e-05 0 0 0 0 0 0 0 0 
1 0.74827 0.45884 0.22662 0.09229 0.03169 0.00981 0.00295 0.00093 0.00024 7e-05 3e-05 2e-05 0 0 0 0 0 0 0 
1 0.7499 0.45936 0.22416 0.08981 0.03144 0.0102 0.0032 0.001 0.0003 7e-05 2e-05 1e-05 0 0 0 0 0 0 0 
1 0.74936 0.45908 0.22593 0.09128 0.03225 0.0101 0.00282 0.00066 0.00022 3e-05 0 0 0 0 0 0 0 0 0 
1 0.74815 0.4581 0.22263 0.09044 0.03143 0.00979 0.00284 0.00097 0.00026 8e-05 4e-05 1e-05 0 0 0 0 0 0 0 
1 0.75156 0.46184 0.2266 0.0922 0.03214 0.01021 0.00319 0.0009 0.00024 4e-05 4.02206e-17 0 0 0 0 0 0 0 0 
1 0.74863 0.45939 0.22685 0.09128 0.03108 0.00961 0.00296 0.00072 0.00019 2e-05 0 0 0 0 0 0 0 0 0 
1 0.75083 0.45857 0.22322 0.08822 0.0298 0.00845 0.00227 0.00053 0.00012 2e-05 1e-05 0 0 0 0 0 0 0 0 
1 0.74874 0.45947 0.22673 0.09167 0.03182 0.01033 0.00267 0.00072 0.00019 5e-05 1e-05 0 0 0 0 0 0 0 0 
1 0.74918 0.45948 0.22505 0.09117 0.03131 0.00908 0.00254 0.00057 0.00014 1e-05 1e-05 0 0 0 0 0 0 0 0 
1 0.75045 0.46352 0.22644 0.08991 0.03123 0.0099 0.00282 0.00063 0.00012 3e-05 0 0 0 0 0 0 0 0 0 
1 0.75016 0.46019 0.22899 0.09302 0.03344 0.01069 0.00331 0.00095 0.00022 6e-05 0 0 0 0 0 0 0 0 0 
1 0.74803 0.45886 0.2251 0.09232 0.03267 0.0108 0.00298 0.00074 0.00014 5e-05 2e-05 1e-05 0 0 0 0 0 0 0 
1 0.75239 0.46174 0.22726 0.09123 0.03206 0.01023 0.00274 0.00066 0.00019 3e-05 1e-05 0 0 0 0 0 0 0 0 
1 0.74817 0.45857 0.22334 0.08713 0.03011 0.00932 0.0026 0.00064 0.00013 1e-05 0 0 0 0 0 0 0 0 0 
1 0.74865 0.45934 0.22688 0.09196 0.03202 0.00966 0.00291 0.00077 0.00023 4e-05 0 0 0 0 0 0 0 0 0 
1 0.74678 0.45816 0.2255 0.09071 0.03174 0.01022 0.00253 0.00076 0.00021 7e-05 5e-05 0 0 0 0 0 0 0 0 
1 0.74957 0.46023 0.22511 0.091 0.03263 0.01008 0.00303 0.00085 0.0003 0.00013 4e-05 0 0 0 0 0 0 0 0 
1 0.74876 0.46097 0.22713 0.09137 0.03266 0.00979 0.00288 0.00067 0.00016 6e-05 2e-05 1e-05 0 0 0 0 0 0 0 
1 0.75046 0.46309 0.22902 0.09248 0.03192 0.01023 0.003 0.00078 0.00016 3e-05 1e-05 0 0 0 0 0 0 0 0 
1 0.74858 0.45753 0.22203 0.08758 0.02978 0.0087 0.00244 0.00078 0.00025 3e-05 0 0 0 0 0 0 0 0 0 
1 0.75062 0.46071 0.22546 0.0904 0.03085 0.00944 0.00266 0.00072 0.00021 3e-05 2e-05 0 0 0 0 0 0 0 0 
1 0.74994 0.45923 0.22591 0.09095 0.03161 0.00969 0.00286 0.00083 0.0002 7e-05 4.6238e-17 0 0 0 0 0 0 0 0 
1 0.74984 0.45992 0.22558 0.0915 0.03227 0.01012 0.00321 0.00083 0.00028 5e-05 2e-05 0 0 0 0 0 0 0 0 
1 0.75149 0.46219 0.22743 0.09241 0.0326 0.01037 0.00304 0.00078 0.0001 0 0 0 0 0 0 0 0 0 0 
1 0.75057 0.45833 0.22549 0.09093 0.03155 0.00955 0.0028 0.00072 0.00015 4e-05 2e-05 0 0 0 0 0 0 0 0 
1 0.74914 0.45801 0.22344 0.088 0.03058 0.00907 0.0028 0.00089 0.00016 2e-05 1e-05 0 0 0 0 0 0 0 0 
