1 0.6057 0.36885 0.2216 0.1354 0.08215 0.0508 0.02945 0.01835 0.01055 0.00565 0.00375 0.00215 0.00125 0.00085 0.00055 0.00025 0.00015 0.0001 0.0001 
1 0.6059 0.3633 0.21435 0.1261 0.07575 0.04405 0.02745 0.0165 0.0093 0.00545 0.00355 0.00205 0.0012 0.00055 0.00045 0.0003 0.0002 0.00015 5e-05 
1 0.61325 0.3702 0.22295 0.13575 0.08255 0.04825 0.02995 0.0184 0.01105 0.0073 0.00465 0.00265 0.0018 0.0012 0.0006 0.0005 0.00035 0.00015 0.0001 
1 0.60115 0.3608 0.21825 0.132 0.08015 0.04625 0.02855 0.0175 0.0106 0.0064 0.004 0.0019 0.0012 0.00075 0.0004 0.0002 0.0001 5e-05 5e-05 
1 0.59865 0.35915 0.21675 0.1303 0.0783 0.04615 0.02985 0.0178 0.0101 0.00595 0.0035 0.0017 0.00135 0.00075 0.00035 0.00025 0.00015 0.00015 5e-05 
1 0.5935 0.3583 0.2168 0.1303 0.0771 0.04615 0.028 0.0168 0.0109 0.0061 0.0039 0.00225 0.0014 0.00085 0.00065 0.0004 0.00025 5e-05 0 
1 0.59475 0.35955 0.21555 0.13 0.07655 0.04455 0.0268 0.01765 0.0107 0.00625 0.00365 0.00205 0.00115 0.00055 0.0004 0.00025 0.0002 0.0001 5e-05 
1 0.59845 0.3625 0.2181 0.13345 0.08095 0.04815 0.02855 0.01685 0.01055 0.0058 0.00385 0.00235 0.0011 0.00085 0.0004 0.00025 0.0002 0.00015 5e-05 
1 0.5998 0.35935 0.2173 0.1305 0.0787 0.0472 0.0284 0.01665 0.0098 0.00625 0.00415 0.0024 0.0013 0.0009 0.0004 0.00015 0.0001 0.0001 0.0001 
1 0.59935 0.3571 0.2166 0.13015 0.07905 0.0457 0.02675 0.0156 0.00925 0.00575 0.00345 0.00175 0.00105 0.00085 0.00045 0.0002 0.0001 5e-05 5e-05 
1 0.5992 0.35975 0.21705 0.1334 0.0796 0.0461 0.0275 0.0176 0.01015 0.00585 0.003 0.002 0.0011 0.00055 0.0004 0.0003 0.0002 0.0001 5e-05 
1 0.6076 0.364 0.2199 0.1306 0.08025 0.0482 0.02925 0.0177 0.01025 0.0057 0.00385 0.00205 0.00135 0.0009 0.0007 0.0005 0.0003 0.00025 0.00025 
1 0.6019 0.3611 0.2146 0.1277 0.0788 0.04665 0.02705 0.01655 0.00945 0.00525 0.00275 0.0017 0.00105 0.0006 0.00055 0.0002 0.00015 0.0001 5e-05 
1 0.5994 0.3562 0.21505 0.12705 0.0748 0.0434 0.02655 0.01485 0.00905 0.0062 0.00405 0.0023 0.00145 0.00095 0.0005 0.00035 0 0 0 
1 0.59895 0.35935 0.21535 0.1287 0.0772 0.0434 0.02615 0.0164 0.01015 0.00555 0.00345 0.00215 0.0014 0.0008 0.0003 0.00015 5e-05 5e-05 5e-05 
1 0.5954 0.35915 0.2169 0.12895 0.0773 0.0459 0.0273 0.0153 0.00905 0.0057 0.0041 0.0024 0.0015 0.0007 0.00035 0.0002 0.0002 5e-05 5e-05 
1 0.60125 0.3589 0.2169 0.1293 0.07875 0.04905 0.0297 0.01805 0.0108 0.00615 0.0036 0.0019 0.00085 0.00055 0.0002 0.0001 5e-05 5e-05 5e-05 
1 0.6005 0.3607 0.21605 0.1294 0.0767 0.0461 0.02675 0.01685 0.01035 0.0065 0.00355 0.0018 0.00115 0.00095 0.0006 0.00045 0.0004 0.0003 0.0001 
1 0.60285 0.3608 0.2164 0.132 0.08105 0.04965 0.03025 0.0168 0.0098 0.0061 0.0032 0.0016 0.00085 0.0004 0.00025 0.00025 0.00015 0.00015 0.00015 
1 0.5959 0.35565 0.2119 0.1226 0.07445 0.04565 0.0256 0.01635 0.0103 0.0065 0.0039 0.0019 0.00125 0.0007 0.00055 0.0003 0.0002 0.0001 5e-05 
1 0.5984 0.3598 0.21795 0.1302 0.0783 0.04655 0.0271 0.0157 0.0094 0.00535 0.0031 0.0019 0.0013 0.0009 0.0005 0.0003 0.0002 0.00015 0.00015 
1 0.59915 0.3638 0.21635 0.1276 0.0757 0.04315 0.0249 0.0156 0.00925 0.0058 0.00335 0.0019 0.0011 0.0006 0.0004 0.0003 0.0002 5e-05 5e-05 
1 0.60035 0.36025 0.215 0.1277 0.0769 0.0456 0.02705 0.01525 0.0098 0.00595 0.0038 0.0027 0.0011 0.0006 0.00035 0.0002 0.0001 0.0001 0.0001 
1 0.59555 0.3566 0.2107 0.1285 0.0763 0.0467 0.02895 0.0174 0.0105 0.00645 0.0039 0.00225 0.0015 0.0011 0.0006 0.0004 0.0003 0.0002 0.0001 
1 0.6016 0.36075 0.21585 0.1288 0.0763 0.04545 0.027 0.01655 0.01 0.00575 0.0035 0.002 0.00115 0.00065 0.0002 0.0002 0.0001 5e-05 5e-05 
1 0.6048 0.3615 0.2175 0.13285 0.0806 0.04935 0.02965 0.0177 0.01095 0.0062 0.00315 0.00155 0.001 0.00065 0.0005 0.0003 0.0002 0.0001 0 
1 0.60075 0.36325 0.21815 0.12875 0.07755 0.0462 0.02705 0.0159 0.0095 0.0062 0.00385 0.00205 0.0011 0.00065 0.00035 0.00015 5e-05 5e-05 0 
1 0.60365 0.361 0.21655 0.1299 0.08045 0.04735 0.02775 0.0177 0.01085 0.00785 0.00465 0.00335 0.00185 0.00115 0.00065 0.00045 0.00025 0.0002 0.00015 
1 0.60265 0.35925 0.2142 0.1296 0.0771 0.04555 0.0282 0.01765 0.0106 0.0063 0.0036 0.00225 0.0015 0.001 0.0006 0.0003 0.00015 0.0001 0.0001 
1 0.59995 0.363 0.21805 0.1311 0.07995 0.04875 0.0305 0.01825 0.0105 0.007 0.00455 0.00305 0.0023 0.00145 0.0008 0.0005 0.00025 0.0002 0.00015 
1 0.59895 0.3584 0.21855 0.12955 0.07535 0.0449 0.02725 0.0159 0.00925 0.0053 0.00325 0.00205 0.0011 0.0007 0.00045 0.00025 0.0002 0.0001 5e-05 
1 0.60505 0.3638 0.21345 0.12815 0.07605 0.04565 0.0267 0.01585 0.00955 0.0058 0.0036 0.00255 0.00175 0.001 0.0006 0.00045 0.00015 0.00015 0 
1 0.60185 0.3647 0.2205 0.13345 0.0789 0.04795 0.02885 0.0181 0.0101 0.00595 0.0038 0.0024 0.0016 0.001 0.00045 0.0003 0.0002 0.0001 5e-05 
1 0.5969 0.3626 0.21695 0.13025 0.0795 0.04555 0.02825 0.01755 0.01065 0.00675 0.00425 0.00305 0.0013 0.0007 0.00035 0.0001 5e-05 5e-05 5e-05 
1 0.60285 0.3612 0.21475 0.13185 0.07775 0.0465 0.02825 0.01755 0.01 0.00565 0.0031 0.0018 0.00115 0.0006 0.00025 0.00015 0 0 0 
1 0.59745 0.3597 0.21515 0.13085 0.0787 0.0488 0.02795 0.0169 0.01055 0.0069 0.0045 0.0029 0.00205 0.0013 0.0007 0.00065 0.00045 0.0002 0.00015 
1 0.5974 0.35895 0.2171 0.13155 0.0776 0.04695 0.02805 0.01755 0.00995 0.00595 0.0037 0.002 0.00125 0.0007 0.00035 0.00015 0.0001 5e-05 5e-05 
1 0.59915 0.35415 0.2144 0.1272 0.07585 0.0455 0.02735 0.0161 0.00845 0.0051 0.00285 0.0014 0.0008 0.0004 0.0003 0.0002 0.00015 0.00015 5e-05 
1 0.59655 0.3576 0.2139 0.1252 0.074 0.0444 0.0263 0.01555 0.00945 0.00535 0.00335 0.00255 0.0016 0.00095 0.0005 0.0003 0.00025 0.0001 5e-05 
1 0.5966 0.35125 0.21095 0.12695 0.0755 0.0448 0.027 0.01625 0.00945 0.0056 0.00325 0.00205 0.0013 0.0007 0.00045 0.00025 0.0001 0.0001 0.0001 
1 0.60255 0.36105 0.21715 0.13275 0.0807 0.0484 0.02905 0.0164 0.01015 0.00585 0.0035 0.00215 0.00135 0.00085 0.00045 0.00035 0.0002 0.00015 0.00015 
1 0.59525 0.359 0.2148 0.12565 0.07545 0.04645 0.0273 0.0167 0.0097 0.00675 0.00425 0.0027 0.00175 0.0011 0.00065 0.0004 0.00025 0.00015 5e-05 
1 0.60135 0.35985 0.2146 0.1292 0.07915 0.04795 0.02875 0.0182 0.0107 0.0063 0.0039 0.00225 0.00135 0.0008 0.0004 0.0002 0.0001 5e-05 0 
1 0.60355 0.36355 0.21815 0.13145 0.0783 0.04805 0.02845 0.01765 0.01015 0.0055 0.0031 0.0017 0.00105 0.00075 0.0005 0.0003 0.00015 0.0001 0 
1 0.6015 0.3626 0.21825 0.1313 0.07645 0.04755 0.0277 0.01705 0.00965 0.0059 0.00345 0.00185 0.00115 0.0008 0.0005 0.00045 0.0002 0.0001 5e-05 
1 0.60075 0.36075 0.2164 0.1292 0.07685 0.0461 0.0277 0.017 0.0102 0.00605 0.00385 0.0022 0.0012 0.0008 0.00045 0.00015 0.00015 0.0001 5e-05 
1 0.60075 0.3628 0.2192 0.1306 0.07925 0.04755 0.028 0.0172 0.01055 0.0063 0.0042 0.0023 0.00145 0.0009 0.00045 0.0002 0.00015 0.0001 5e-05 
1 0.60345 0.3618 0.21685 0.1294 0.07585 0.04425 0.0263 0.0148 0.0088 0.00535 0.00235 0.0014 0.0008 0.00055 0.0003 0.00015 0.0001 5e-05 5e-05 
1 0.59905 0.35935 0.215 0.12665 0.07795 0.0469 0.02755 0.01625 0.0093 0.0055 0.0031 0.0018 0.00075 0.0005 0.0003 0.00025 0.0001 5e-05 5e-05 
1 0.59835 0.3594 0.2177 0.13255 0.08065 0.04805 0.0287 0.01735 0.01035 0.006 0.00365 0.00225 0.0014 0.00065 0.00035 0.0002 0.00015 5e-05 5e-05 
1 0.59255 0.3532 0.21075 0.13015 0.07835 0.0462 0.0284 0.01695 0.0096 0.0061 0.004 0.0024 0.0015 0.00105 0.00075 0.00045 0.00025 0.0002 0.00015 
1 0.60745 0.364 0.2233 0.1357 0.081 0.0471 0.0281 0.01615 0.00935 0.00525 0.0027 0.0016 0.00115 0.0007 0.0005 0.0004 0.00015 0.0001 0.0001 
1 0.59845 0.35685 0.21465 0.12785 0.0774 0.0447 0.0265 0.0155 0.0099 0.00635 0.0036 0.00225 0.00115 0.00075 0.0006 0.0003 0.00015 0.0001 5e-05 
1 0.60325 0.36385 0.21925 0.1296 0.07925 0.04725 0.0287 0.01755 0.01095 0.0069 0.00455 0.00235 0.0013 0.0007 0.00045 0.00035 0.0001 0 0 
1 0.6031 0.3569 0.2171 0.12915 0.07965 0.04645 0.02825 0.0169 0.0107 0.0055 0.0036 0.00225 0.0013 0.00075 0.0006 0.00035 0.00025 0.00025 5e-05 
1 0.59185 0.3559 0.21815 0.1293 0.08045 0.0482 0.0299 0.0183 0.01085 0.0065 0.00365 0.0023 0.00125 0.00075 0.00035 0.00025 0.00015 5e-05 5e-05 
1 0.5963 0.35595 0.2135 0.13035 0.07785 0.0462 0.0289 0.0174 0.01085 0.00635 0.0034 0.00215 0.0014 0.00065 0.0005 0.00025 0.0001 0.0001 0.0001 
1 0.6002 0.3604 0.21515 0.1281 0.07585 0.04565 0.02835 0.01615 0.00935 0.00605 0.00355 0.00215 0.00115 0.0006 0.00025 0.0001 0.0001 5e-05 5e-05 
1 0.6025 0.35995 0.21385 0.12785 0.07685 0.04655 0.0278 0.0161 0.00925 0.0055 0.003 0.00185 0.00105 0.0006 0.0003 0.0001 5e-05 0 0 
1 0.60185 0.35915 0.2187 0.13235 0.0802 0.049 0.0286 0.0161 0.01015 0.00605 0.0041 0.0023 0.0016 0.00095 0.00055 0.0005 0.0004 0.0003 0.00015 
1 0.6011 0.3574 0.21305 0.1246 0.0753 0.04455 0.02755 0.0165 0.0098 0.00535 0.00335 0.00195 0.0012 0.00065 0.00045 0.0003 5e-05 0 0 
1 0.5984 0.36025 0.216 0.1303 0.0788 0.0484 0.02945 0.01735 0.0105 0.00575 0.0035 0.00205 0.00115 0.0003 0.0002 0.0001 0.0001 0.0001 0.0001 
1 0.6052 0.3624 0.2162 0.1335 0.07985 0.0475 0.02785 0.0172 0.0109 0.0068 0.00425 0.0021 0.0013 0.00075 0.00035 0.00025 0.0002 0.0001 0.0001 
1 0.6029 0.3625 0.2151 0.1294 0.07745 0.04635 0.0271 0.01745 0.0108 0.0064 0.00385 0.00255 0.00165 0.00075 0.00035 0.00015 5e-05 5e-05 5e-05 
1 0.59905 0.36085 0.2151 0.12625 0.0766 0.0451 0.02695 0.01535 0.0088 0.00535 0.0029 0.00195 0.0011 0.00075 0.00045 0.00015 0.0001 0 0 
1 0.60045 0.3604 0.218 0.13085 0.0796 0.04995 0.0298 0.01675 0.01065 0.0068 0.0043 0.0025 0.00165 0.0011 0.00075 0.0004 0.00025 0.0002 0.00015 
1 0.6045 0.36515 0.22175 0.13135 0.08055 0.05 0.03095 0.0183 0.0112 0.0071 0.00365 0.0018 0.0012 0.00075 0.0005 0.0002 0.00015 0.0001 0 
1 0.60565 0.3662 0.219 0.134 0.0791 0.0473 0.028 0.0168 0.00995 0.0061 0.0036 0.00205 0.00115 0.00065 0.0004 0.0003 0.0001 5e-05 0 
1 0.60035 0.3611 0.22055 0.13205 0.08055 0.04835 0.0281 0.01735 0.0107 0.0064 0.00345 0.0021 0.0014 0.00075 0.0005 0.0003 5e-05 5e-05 5e-05 
1 0.60355 0.36575 0.2189 0.13115 0.07915 0.0463 0.0283 0.0163 0.0102 0.00665 0.00385 0.0023 0.0013 0.0008 0.00045 0.0002 5e-05 5e-05 5e-05 
1 0.59825 0.3572 0.2154 0.1295 0.0795 0.04745 0.0286 0.0185 0.0105 0.00655 0.00405 0.00245 0.0017 0.0011 0.00055 0.0005 0.00035 0.00025 0.0002 
1 0.59975 0.3568 0.21685 0.12885 0.07715 0.0479 0.0283 0.0168 0.01055 0.0067 0.00425 0.0026 0.0016 0.00105 0.00055 0.00025 0.0001 0.0001 5e-05 
1 0.60115 0.35745 0.21245 0.12775 0.07705 0.0451 0.0268 0.01575 0.00995 0.0061 0.00365 0.00205 0.0014 0.0007 0.0004 0.00025 0.0002 0.00015 0.0001 
1 0.5977 0.3537 0.2137 0.1277 0.07565 0.0465 0.02765 0.01635 0.00985 0.00585 0.0032 0.0021 0.00095 0.00055 0.0003 0.0002 5e-05 0 0 
1 0.5984 0.3569 0.21665 0.1303 0.0796 0.04935 0.02975 0.01765 0.011 0.00635 0.0039 0.00265 0.0016 0.00085 0.00055 0.00025 0.0002 0.00015 0 
1 0.60265 0.367 0.2181 0.13155 0.07915 0.04635 0.0271 0.0161 0.0095 0.006 0.00345 0.00175 0.0011 0.00075 0.00045 0.0003 0.0002 0.00015 5e-05 
1 0.5944 0.3532 0.2087 0.1263 0.07805 0.04855 0.0287 0.0168 0.01035 0.00635 0.0042 0.00235 0.0015 0.00105 0.0007 0.0005 0.00035 0.0002 0.00015 
1 0.60285 0.3632 0.2181 0.1294 0.0775 0.04675 0.02725 0.01695 0.00985 0.00565 0.00365 0.00205 0.00115 0.00075 0.0004 0.00035 0.00015 5e-05 5e-05 
1 0.60545 0.36285 0.21765 0.13185 0.0791 0.04805 0.02875 0.0164 0.01 0.00585 0.0036 0.002 0.00125 0.00085 0.0006 0.0004 0.0002 0.00015 0.0001 
1 0.5976 0.35765 0.21565 0.12875 0.07615 0.0459 0.027 0.01635 0.0097 0.00565 0.00355 0.00195 0.00125 0.0008 0.00045 0.0002 0.00015 5e-05 5e-05 
1 0.6021 0.35825 0.2137 0.1305 0.08005 0.0468 0.0284 0.01615 0.0101 0.0062 0.00365 0.0022 0.0012 0.0008 0.00045 0.0002 5e-05 5e-05 5e-05 
1 0.6045 0.3652 0.21855 0.1283 0.07855 0.04625 0.0271 0.0162 0.0094 0.00585 0.0031 0.0018 0.00105 0.0006 0.0004 0.00035 0.00015 5e-05 0 
1 0.6076 0.36735 0.21985 0.132 0.0778 0.04825 0.0296 0.019 0.01155 0.0072 0.00415 0.00215 0.0013 0.00045 0.00015 0.0001 5e-05 0 0 
1 0.60105 0.3601 0.2158 0.1301 0.0768 0.0472 0.0284 0.01705 0.0107 0.0066 0.00415 0.00275 0.0018 0.00125 0.00085 0.00065 0.00035 0.0002 0.00015 
1 0.6018 0.3614 0.2192 0.12955 0.07875 0.04735 0.02745 0.0171 0.01 0.0061 0.0039 0.0022 0.0016 0.00095 0.00065 0.0005 0.0002 0.0001 5e-05 
1 0.59775 0.3541 0.21065 0.1252 0.0749 0.04465 0.0273 0.0178 0.01025 0.0064 0.0038 0.00225 0.00135 0.0007 0.0004 0.0002 0.0001 0.0001 5e-05 
1 0.60725 0.3607 0.21705 0.1307 0.07745 0.04765 0.0297 0.0181 0.0107 0.00645 0.004 0.00255 0.00165 0.00105 0.00065 0.00035 0.0002 5e-05 0 
1 0.60625 0.3601 0.21355 0.1253 0.07435 0.04475 0.0274 0.0169 0.01025 0.0067 0.0038 0.0025 0.00125 0.00085 0.00035 0.0003 5e-05 0 0 
1 0.59675 0.3581 0.21555 0.12845 0.0783 0.04705 0.02965 0.0171 0.00985 0.0062 0.00365 0.00205 0.00145 0.0007 0.0004 0.00025 5e-05 5e-05 5e-05 
1 0.59655 0.35825 0.21175 0.12545 0.0733 0.04395 0.02605 0.0154 0.00915 0.0056 0.00355 0.0019 0.00105 0.00055 0.00035 0.0002 0.0001 5e-05 0 
1 0.6033 0.3642 0.21795 0.13075 0.079 0.04685 0.02815 0.0162 0.0096 0.00595 0.0032 0.00175 0.00145 0.00085 0.00055 0.00045 0.00035 0.00015 0.00015 
1 0.59285 0.35405 0.20995 0.1238 0.07135 0.04355 0.02815 0.0161 0.0089 0.0056 0.00315 0.00205 0.0012 0.00075 0.00055 0.0003 0.00025 0.00015 5e-05 
1 0.60435 0.36585 0.22015 0.1342 0.08105 0.04775 0.02855 0.0167 0.0102 0.0057 0.0034 0.00185 0.0012 0.00085 0.00075 0.0006 0.00035 0.00015 5e-05 
1 0.6055 0.3629 0.2164 0.13045 0.077 0.04465 0.0263 0.01625 0.00935 0.00555 0.00315 0.00185 0.001 0.0005 0.00035 0.0002 0.0001 0.0001 0.0001 
1 0.602 0.36165 0.21815 0.1323 0.0809 0.0498 0.03045 0.0189 0.0104 0.00635 0.00375 0.0016 0.00085 0.0005 0.0003 0.00015 0.0001 5e-05 0 
1 0.60155 0.3639 0.21485 0.12685 0.0752 0.0452 0.02655 0.0165 0.00995 0.00705 0.0043 0.00255 0.0015 0.001 0.00065 0.0004 0.0003 0.0002 0.00015 
1 0.60595 0.3673 0.22125 0.13255 0.0803 0.0474 0.02835 0.01625 0.00955 0.00525 0.00285 0.00155 0.00085 0.0005 0.0003 0.00015 5e-05 5e-05 5e-05 
1 0.60065 0.36205 0.2212 0.1319 0.0825 0.0483 0.02935 0.0179 0.011 0.00675 0.0042 0.00255 0.00145 0.0011 0.0007 0.0004 0.0002 0.0001 0.0001 
1 0.60075 0.36035 0.21745 0.13105 0.0776 0.0478 0.02875 0.0178 0.0104 0.00605 0.00395 0.0024 0.00155 0.0009 0.0005 0.0002 0.0001 0.0001 0 
1 0.60045 0.3586 0.2144 0.13 0.07685 0.04475 0.0264 0.0161 0.00935 0.006 0.0039 0.00265 0.0018 0.0009 0.00055 0.00045 0.0002 0.00015 0.0001 
1 0.5995 0.3546 0.2137 0.1293 0.07565 0.04675 0.0279 0.0168 0.0103 0.0061 0.00365 0.00225 0.00135 0.00085 0.00055 0.0004 0.00025 0.0002 0.0001 
1 0.5999 0.35535 0.21465 0.12865 0.07545 0.0431 0.0262 0.0158 0.01 0.00595 0.00335 0.00215 0.0012 0.0006 0.0003 0.0002 0.0001 5e-05 0 
1 0.6034 0.35965 0.2177 0.1325 0.0783 0.0475 0.02875 0.01735 0.0098 0.00635 0.00385 0.00245 0.00175 0.00105 0.0007 0.0004 0.0002 0.0001 5e-05 
1 0.5979 0.3523 0.2155 0.1253 0.07515 0.04555 0.0281 0.0166 0.0104 0.00615 0.0038 0.00235 0.0014 0.00085 0.00055 0.00025 0.00015 0.0001 0 
1 0.603 0.35935 0.2165 0.1329 0.0809 0.04865 0.02845 0.01665 0.0108 0.0072 0.0049 0.0026 0.00185 0.0011 0.0009 0.0005 0.0003 0.0001 0 
