1 0.80125 0.521948 0.234557 0.0585383 0.00653 0.000335 1.5e-05 0 0 0 0 0 0 0 0 0 0 0 0 
1 0.7982 0.515618 0.227283 0.0549767 0.00610167 0.00033 6.66667e-06 0 0 0 0 0 0 0 0 0 0 0 0 
1 0.800203 0.517722 0.229768 0.0559817 0.006645 0.000328333 1.33333e-05 0 0 0 0 0 0 0 0 0 0 0 0 
1 0.802717 0.522827 0.235435 0.0593467 0.00739833 0.00051 3.5e-05 1.66667e-06 0 0 0 0 0 0 0 0 0 0 0 
1 0.799812 0.518808 0.230297 0.0561617 0.00669 0.000416667 1.83333e-05 0 0 0 0 0 0 0 0 0 0 0 0 
1 0.798973 0.515638 0.225945 0.0538183 0.00581 0.000295 1.5e-05 0 0 0 0 0 0 0 0 0 0 0 0 
1 0.799867 0.517478 0.22965 0.0562317 0.00650667 0.000298333 1.5e-05 0 0 0 0 0 0 0 0 0 0 0 0 
1 0.800662 0.519193 0.231253 0.0568683 0.00673167 0.000395 6.66667e-06 0 0 0 0 0 0 0 0 0 0 0 0 
1 0.800033 0.518727 0.231445 0.0572917 0.00690667 0.000391667 8.33333e-06 1.66667e-06 0 0 0 0 0 0 0 0 0 0 0 
1 0.799293 0.517453 0.22975 0.05684 0.00676833 0.000386667 6.66667e-06 0 0 0 0 0 0 0 0 0 0 0 0 
1 0.79992 0.51784 0.230335 0.0577283 0.00698333 0.000486667 1.33333e-05 0 0 0 0 0 0 0 0 0 0 0 0 
1 0.801372 0.52178 0.233565 0.0587717 0.00677667 0.000381667 5e-06 0 0 0 0 0 0 0 0 0 0 0 0 
1 0.798668 0.515703 0.227703 0.05513 0.0066 0.000418333 1.5e-05 0 0 0 0 0 0 0 0 0 0 0 0 
1 0.800432 0.51936 0.23147 0.05702 0.00631333 0.000348333 1.5e-05 1.66667e-06 0 0 0 0 0 0 0 0 0 0 0 
1 0.79932 0.516883 0.22917 0.05605 0.00663667 0.000391667 5e-06 0 0 0 0 0 0 0 0 0 0 0 0 
1 0.798583 0.514698 0.227 0.0553617 0.00643667 0.000378333 8.33333e-06 0 0 0 0 0 0 0 0 0 0 0 0 
1 0.799398 0.516265 0.228305 0.0560233 0.00660667 0.000393333 5e-06 0 0 0 0 0 0 0 0 0 0 0 0 
1 0.798943 0.516123 0.228138 0.0560217 0.00638333 0.000386667 1.66667e-06 0 0 0 0 0 0 0 0 0 0 0 0 
1 0.799088 0.517377 0.22972 0.0570733 0.00661333 0.000338333 8.33333e-06 0 0 0 0 0 0 0 0 0 0 0 0 
1 0.801737 0.52125 0.233195 0.0578883 0.00684667 0.000418333 3e-05 0 0 0 0 0 0 0 0 0 0 0 0 
1 0.800045 0.519278 0.231055 0.056895 0.00669833 0.000383333 1.16667e-05 0 0 0 0 0 0 0 0 0 0 0 0 
1 0.800315 0.519335 0.23212 0.05766 0.00669 0.000363333 1.5e-05 1.66667e-06 0 0 0 0 0 0 0 0 0 0 0 
1 0.79967 0.517632 0.230848 0.0570067 0.00666167 0.000361667 1.66667e-05 0 0 0 0 0 0 0 0 0 0 0 0 
1 0.80189 0.52173 0.234732 0.0584483 0.00683333 0.0004 1.66667e-05 0 0 0 0 0 0 0 0 0 0 0 0 
0
30 100
1 0.80397 0.526317 0.238463 0.060405 0.007315 0.000425 1.5e-05 0 0 0 0 0 0 0 0 0 0 0 0 
1 0.799182 0.51645 0.228347 0.0550883 0.00607333 0.000341667 5e-06 0 0 0 0 0 0 0 0 0 0 0 0 
1 0.800593 0.517155 0.22903 0.05531 0.00631 0.000383333 1.83333e-05 0 0 0 0 0 0 0 0 0 0 0 0 
1 0.79898 0.51676 0.228912 0.055795 0.00647833 0.000396667 3.5e-05 3.33333e-06 0 0 0 0 0 0 0 0 0 0 0 
1 0.801273 0.521487 0.23362 0.0585333 0.00720833 0.000473333 2.66667e-05 0 0 0 0 0 0 0 0 0 0 0 0 
1 0.800748 0.520395 0.232645 0.0576417 0.00679667 0.000435 2.33333e-05 5e-06 0 0 0 0 0 0 0 0 0 0 0 
1 0.799355 0.515102 0.227408 0.055025 0.006295 0.000393333 2.16667e-05 0 0 0 0 0 0 0 0 0 0 0 0 
1 0.798205 0.516237 0.22934 0.0561033 0.00643667 0.00035 1.16667e-05 0 0 0 0 0 0 0 0 0 0 0 0 
1 0.799898 0.51755 0.230013 0.0561833 0.006675 0.000388333 1.16667e-05 0 0 0 0 0 0 0 0 0 0 0 0 
1 0.801682 0.520803 0.23336 0.0585667 0.007105 0.000425 2e-05 1.66667e-06 0 0 0 0 0 0 0 0 0 0 0 
1 0.799415 0.516983 0.228505 0.0559933 0.006335 0.000318333 1.5e-05 0 0 0 0 0 0 0 0 0 0 0 0 
1 0.800507 0.519908 0.232032 0.0575717 0.00698167 0.00043 2.83333e-05 0 0 0 0 0 0 0 0 0 0 0 0 
1 0.800542 0.519238 0.229993 0.055775 0.00656667 0.000433333 1e-05 0 0 0 0 0 0 0 0 0 0 0 0 
1 0.799248 0.517258 0.229082 0.0558883 0.00646667 0.00036 3.33333e-06 0 0 0 0 0 0 0 0 0 0 0 0 
1 0.798178 0.514023 0.227162 0.0555383 0.00638667 0.000316667 1.16667e-05 0 0 0 0 0 0 0 0 0 0 0 0 
1 0.800623 0.518767 0.229817 0.0564167 0.0063 0.000368333 1.83333e-05 0 0 0 0 0 0 0 0 0 0 0 0 
1 0.798565 0.515467 0.227157 0.0551217 0.00629 0.00033 3.33333e-06 0 0 0 0 0 0 0 0 0 0 0 0 
1 0.800058 0.518795 0.23173 0.0567183 0.00642333 0.00037 1.66667e-05 0 0 0 0 0 0 0 0 0 0 0 0 
1 0.800017 0.517595 0.229493 0.0565733 0.00656833 0.000371667 1.16667e-05 0 0 0 0 0 0 0 0 0 0 0 0 
1 0.797637 0.513893 0.226785 0.0546383 0.00627667 0.000365 1.5e-05 0 0 0 0 0 0 0 0 0 0 0 0 
1 0.797657 0.515307 0.228678 0.056285 0.006755 0.000415 1.5e-05 0 0 0 0 0 0 0 0 0 0 0 0 
1 0.800008 0.520525 0.231567 0.0565333 0.0064 0.000356667 6.66667e-06 0 0 0 0 0 0 0 0 0 0 0 0 
1 0.799587 0.518527 0.231788 0.0579533 0.00684833 0.000413333 2e-05 1.66667e-06 0 0 0 0 0 0 0 0 0 0 0 
1 0.800552 0.518943 0.23037 0.05653 0.00647833 0.000363333 2.5e-05 3.33333e-06 0 0 0 0 0 0 0 0 0 0 0 
1 0.799675 0.519305 0.231757 0.0572117 0.00682667 0.00043 1.16667e-05 0 0 0 0 0 0 0 0 0 0 0 0 
1 0.800153 0.518162 0.230228 0.0561233 0.00632333 0.000386667 1.5e-05 0 0 0 0 0 0 0 0 0 0 0 0 
1 0.799478 0.517822 0.229817 0.055925 0.00620167 0.000315 5e-06 0 0 0 0 0 0 0 0 0 0 0 0 
1 0.80015 0.519722 0.232243 0.0566967 0.00681333 0.000378333 1.33333e-05 0 0 0 0 0 0 0 0 0 0 0 0 
1 0.799377 0.517913 0.231193 0.0566633 0.00640167 0.000391667 1.66667e-05 0 0 0 0 0 0 0 0 0 0 0 0 
1 0.799722 0.517053 0.230052 0.0572633 0.00743167 0.0005 2.83333e-05 1.66667e-06 0 0 0 0 0 0 0 0 0 0 0 
1 0.799785 0.518387 0.228935 0.0552467 0.006455 0.000358333 6.66667e-06 0 0 0 0 0 0 0 0 0 0 0 0 
1 0.800588 0.519017 0.231455 0.0574333 0.00657833 0.000393333 2e-05 0 0 0 0 0 0 0 0 0 0 0 0 
1 0.798218 0.515463 0.22776 0.0555767 0.00660167 0.000381667 1.16667e-05 0 0 0 0 0 0 0 0 0 0 0 0 
1 0.80234 0.522545 0.23513 0.05895 0.00705833 0.000386667 1.16667e-05 0 0 0 0 0 0 0 0 0 0 0 0 
1 0.800105 0.517848 0.23046 0.056285 0.00647667 0.000361667 8.33333e-06 0 0 0 0 0 0 0 0 0 0 0 0 
1 0.80104 0.519945 0.232353 0.0573467 0.00676333 0.000336667 5e-06 0 0 0 0 0 0 0 0 0 0 0 0 
1 0.79793 0.512307 0.224897 0.0539333 0.00596167 0.00031 6.66667e-06 0 0 0 0 0 0 0 0 0 0 0 0 
1 0.802698 0.52236 0.235275 0.0592617 0.00705167 0.000315 1.5e-05 0 0 0 0 0 0 0 0 0 0 0 0 
1 0.801438 0.521882 0.234157 0.0592733 0.00707 0.000381667 8.33333e-06 0 0 0 0 0 0 0 0 0 0 0 0 
1 0.79838 0.515567 0.228205 0.0558367 0.00624333 0.000333333 8.33333e-06 0 0 0 0 0 0 0 0 0 0 0 0 
1 0.799888 0.517602 0.228902 0.0559717 0.006385 0.000346667 1.66667e-05 0 0 0 0 0 0 0 0 0 0 0 0 
1 0.800168 0.51808 0.23028 0.0562467 0.00654167 0.000396667 1.33333e-05 0 0 0 0 0 0 0 0 0 0 0 0 
1 0.801988 0.52236 0.234298 0.0589333 0.00698167 0.0004 3.33333e-06 0 0 0 0 0 0 0 0 0 0 0 0 
1 0.799542 0.518135 0.230035 0.055905 0.00626333 0.000281667 1.16667e-05 1.66667e-06 0 0 0 0 0 0 0 0 0 0 0 
1 0.798538 0.514903 0.227675 0.05508 0.00627333 0.000353333 1.5e-05 0 0 0 0 0 0 0 0 0 0 0 0 
1 0.800602 0.520988 0.233453 0.05816 0.00687333 0.000391667 2e-05 0 0 0 0 0 0 0 0 0 0 0 0 
1 0.797297 0.512957 0.224398 0.0536133 0.00602833 0.000331667 1.16667e-05 0 0 0 0 0 0 0 0 0 0 0 0 
1 0.800115 0.519117 0.230765 0.0564167 0.00643167 0.000383333 1.66667e-05 0 0 0 0 0 0 0 0 0 0 0 0 
1 0.801227 0.522168 0.234133 0.0580133 0.00677167 0.000333333 1.66667e-05 1.66667e-06 0 0 0 0 0 0 0 0 0 0 0 
1 0.799097 0.517063 0.22949 0.0561517 0.00658333 0.000383333 2.5e-05 5e-06 0 0 0 0 0 0 0 0 0 0 0 
1 0.79797 0.514787 0.226943 0.0543283 0.005865 0.000303333 1.33333e-05 0 0 0 0 0 0 0 0 0 0 0 0 
1 0.799825 0.51953 0.231717 0.057385 0.00672667 0.000405 2e-05 0 0 0 0 0 0 0 0 0 0 0 0 
1 0.799998 0.517842 0.230753 0.055505 0.006115 0.000315 1.66667e-05 0 0 0 0 0 0 0 0 0 0 0 0 
1 0.799372 0.517422 0.231105 0.0576267 0.00688833 0.000375 2e-05 0 0 0 0 0 0 0 0 0 0 0 0 
1 0.797872 0.513448 0.225832 0.0549533 0.00650333 0.000426667 2e-05 1.66667e-06 0 0 0 0 0 0 0 0 0 0 0 
1 0.799027 0.517772 0.23029 0.0561017 0.00649 0.000345 3.33333e-06 0 0 0 0 0 0 0 0 0 0 0 0 
1 0.798135 0.514512 0.226213 0.055145 0.00661333 0.00042 2.5e-05 3.33333e-06 0 0 0 0 0 0 0 0 0 0 0 
1 0.799413 0.517087 0.22977 0.0565817 0.00682667 0.00039 2e-05 0 0 0 0 0 0 0 0 0 0 0 0 
1 0.799538 0.516712 0.227552 0.0547 0.00628167 0.000353333 5e-06 0 0 0 0 0 0 0 0 0 0 0 0 
1 0.799217 0.516408 0.2272 0.0542383 0.005795 0.000298333 8.33333e-06 0 0 0 0 0 0 0 0 0 0 0 0 
1 0.799108 0.516827 0.228485 0.055935 0.00621833 0.000276667 1.66667e-05 0 0 0 0 0 0 0 0 0 0 0 0 
1 0.80192 0.522948 0.233927 0.0583067 0.00670667 0.000356667 2.16667e-05 0 0 0 0 0 0 0 0 0 0 0 0 
1 0.799005 0.516018 0.228452 0.0556983 0.00627833 0.000316667 2.5e-05 1.66667e-06 0 0 0 0 0 0 0 0 0 0 0 
1 0.799107 0.516453 0.229235 0.0559433 0.006555 0.00035 8.33333e-06 0 0 0 0 0 0 0 0 0 0 0 0 
1 0.799747 0.519212 0.231405 0.057285 0.00684 0.000391667 8.33333e-06 0 0 0 0 0 0 0 0 0 0 0 0 
1 0.800453 0.520323 0.232267 0.0575667 0.006895 0.000395 1.33333e-05 0 0 0 0 0 0 0 0 0 0 0 0 
1 0.802197 0.520823 0.233133 0.0577217 0.00664667 0.000421667 2.16667e-05 0 0 0 0 0 0 0 0 0 0 0 0 
1 0.801307 0.521222 0.233172 0.0576317 0.00711667 0.00046 2.33333e-05 0 0 0 0 0 0 0 0 0 0 0 0 
1 0.798597 0.515135 0.22763 0.0553583 0.00649667 0.00037 1.5e-05 0 0 0 0 0 0 0 0 0 0 0 0 
1 0.799787 0.51763 0.230493 0.0571383 0.00677 0.000365 6.66667e-06 0 0 0 0 0 0 0 0 0 0 0 0 
1 0.801888 0.520678 0.232842 0.0579417 0.007285 0.000486667 2e-05 0 0 0 0 0 0 0 0 0 0 0 0 
1 0.799355 0.515782 0.228633 0.05526 0.00616333 0.000373333 1e-05 0 0 0 0 0 0 0 0 0 0 0 0 
1 0.80018 0.518502 0.229688 0.056 0.00617667 0.000385 1.16667e-05 0 0 0 0 0 0 0 0 0 0 0 0 
1 0.799783 0.518318 0.23019 0.0565883 0.00663167 0.000421667 1.33333e-05 0 0 0 0 0 0 0 0 0 0 0 0 
1 0.801277 0.521153 0.234387 0.05927 0.00747167 0.00051 2.33333e-05 0 0 0 0 0 0 0 0 0 0 0 0 
1 0.801482 0.521825 0.235352 0.05957 0.007175 0.000393333 1.5e-05 3.33333e-06 0 0 0 0 0 0 0 0 0 0 0 
1 0.801575 0.522223 0.23417 0.0583267 0.007015 0.000385 1.83333e-05 0 0 0 0 0 0 0 0 0 0 0 0 
1 0.801693 0.521552 0.233308 0.0576067 0.00669667 0.00035 1.16667e-05 0 0 0 0 0 0 0 0 0 0 0 0 
1 0.798318 0.514252 0.22669 0.0542517 0.00605167 0.000316667 1.5e-05 5e-06 0 0 0 0 0 0 0 0 0 0 0 
1 0.79947 0.518428 0.230092 0.055645 0.00625333 0.000328333 8.33333e-06 0 0 0 0 0 0 0 0 0 0 0 0 
1 0.79915 0.518102 0.22966 0.056145 0.00648833 0.000391667 1.83333e-05 0 0 0 0 0 0 0 0 0 0 0 0 
1 0.798325 0.514552 0.22629 0.05492 0.00632833 0.000351667 1e-05 0 0 0 0 0 0 0 0 0 0 0 0 
1 0.799582 0.517503 0.229715 0.056275 0.00669333 0.000431667 8.33333e-06 0 0 0 0 0 0 0 0 0 0 0 0 
1 0.800418 0.518807 0.230467 0.056235 0.006225 0.000315 3.33333e-06 0 0 0 0 0 0 0 0 0 0 0 0 
1 0.803067 0.523633 0.236722 0.0604 0.00742167 0.00045 8.33333e-06 0 0 0 0 0 0 0 0 0 0 0 0 
1 0.798295 0.515375 0.227028 0.0550667 0.00606333 0.000273333 6.66667e-06 0 0 0 0 0 0 0 0 0 0 0 0 
1 0.799048 0.516992 0.22831 0.0555417 0.00629167 0.000285 1.33333e-05 3.33333e-06 0 0 0 0 0 0 0 0 0 0 0 
1 0.797948 0.515333 0.228125 0.055845 0.00644167 0.000375 1.66667e-05 0 0 0 0 0 0 0 0 0 0 0 0 
1 0.798737 0.514678 0.226022 0.0545367 0.00608833 0.000326667 1e-05 0 0 0 0 0 0 0 0 0 0 0 0 
1 0.801707 0.522917 0.235785 0.0592817 0.00688833 0.000396667 1e-05 0 0 0 0 0 0 0 0 0 0 0 0 
1 0.80155 0.521412 0.234765 0.0587267 0.00675 0.000431667 2.16667e-05 0 0 0 0 0 0 0 0 0 0 0 0 
1 0.798128 0.51489 0.226553 0.055325 0.006335 0.000373333 8.33333e-06 0 0 0 0 0 0 0 0 0 0 0 0 
1 0.799102 0.517382 0.229088 0.0560783 0.006735 0.00046 4.66667e-05 1.66667e-06 0 0 0 0 0 0 0 0 0 0 0 
1 0.800023 0.518213 0.231133 0.0565817 0.00640333 0.000345 5e-06 0 0 0 0 0 0 0 0 0 0 0 0 
1 0.800267 0.51789 0.228693 0.05568 0.00615667 0.000326667 1.16667e-05 0 0 0 0 0 0 0 0 0 0 0 0 
1 0.80188 0.521107 0.232782 0.0573433 0.00666333 0.000398333 1.5e-05 0 0 0 0 0 0 0 0 0 0 0 0 
1 0.801933 0.520843 0.232768 0.057395 0.00646333 0.000396667 1.83333e-05 0 0 0 0 0 0 0 0 0 0 0 0 
1 0.79883 0.515153 0.227095 0.0544967 0.00599667 0.000335 8.33333e-06 0 0 0 0 0 0 0 0 0 0 0 0 
1 0.799337 0.517288 0.229208 0.056025 0.006245 0.000323333 1.16667e-05 0 0 0 0 0 0 0 0 0 0 0 0 
1 0.798728 0.516835 0.227937 0.0557583 0.006455 0.000346667 1.33333e-05 1.66667e-06 0 0 0 0 0 0 0 0 0 0 0 
