1 0.800782 0.517131 0.223506 0.0484869 0.0039187 0.0001134 1.4e-06 0 0 0 0 0 0 0 0 0 0 0 0 
1 0.800033 0.516236 0.222613 0.0482021 0.0039087 0.0001213 9e-07 0 0 0 0 0 0 0 0 0 0 0 0 
1 0.800766 0.517383 0.223976 0.0489102 0.0039813 0.0001198 2.3e-06 1e-07 0 0 0 0 0 0 0 0 0 0 0 
1 0.800224 0.516122 0.222599 0.0481883 0.003917 0.0001184 1.7e-06 0 0 0 0 0 0 0 0 0 0 0 0 
1 0.799751 0.515795 0.222379 0.0482252 0.0038576 0.0001215 4e-06 0 0 0 0 0 0 0 0 0 0 0 0 
1 0.80016 0.516581 0.22355 0.0486142 0.0039766 0.0001229 2.7e-06 0 0 0 0 0 0 0 0 0 0 0 0 
1 0.799839 0.515582 0.222097 0.0481436 0.0039051 0.0001142 2.6e-06 1e-07 0 0 0 0 0 0 0 0 0 0 0 
1 0.800515 0.517357 0.223948 0.0486131 0.0039392 0.0001294 2.1e-06 0 0 0 0 0 0 0 0 0 0 0 0 
1 0.799897 0.5155 0.221625 0.0476871 0.0038472 0.0001205 1.8e-06 1e-07 0 0 0 0 0 0 0 0 0 0 0 
1 0.800449 0.516782 0.223016 0.0481885 0.0039056 0.0001224 2.5e-06 2e-07 0 0 0 0 0 0 0 0 0 0 0 
1 0.799992 0.515833 0.222808 0.0486048 0.0039779 0.0001205 2.6e-06 0 0 0 0 0 0 0 0 0 0 0 0 
1 0.799859 0.515936 0.222291 0.0480904 0.0039274 0.0001235 2.5e-06 0 0 0 0 0 0 0 0 0 0 0 0 
1 0.799918 0.515863 0.222953 0.0482234 0.0039253 0.0001155 1.8e-06 0 0 0 0 0 0 0 0 0 0 0 0 
1 0.799726 0.515273 0.221584 0.0476066 0.0038665 0.0001256 2e-06 0 0 0 0 0 0 0 0 0 0 0 0 
1 0.800214 0.516476 0.223224 0.0484577 0.0038719 0.0001199 2.3e-06 0 0 0 0 0 0 0 0 0 0 0 0 
1 0.800437 0.516917 0.22323 0.0483252 0.0038521 0.0001099 1.5e-06 0 0 0 0 0 0 0 0 0 0 0 0 
1 0.800655 0.517413 0.223625 0.0488019 0.004011 0.0001169 1.5e-06 1e-07 0 0 0 0 0 0 0 0 0 0 0 
1 0.799296 0.514724 0.221607 0.0478207 0.0038821 0.0001225 2e-06 1e-07 0 0 0 0 0 0 0 0 0 0 0 
1 0.800713 0.517165 0.22384 0.0485215 0.003914 0.0001139 2.1e-06 0 0 0 0 0 0 0 0 0 0 0 0 
1 0.800037 0.515683 0.222203 0.0480514 0.0038668 0.0001146 2.3e-06 0 0 0 0 0 0 0 0 0 0 0 0 
1 0.800395 0.51678 0.222988 0.0482911 0.0038608 0.0001156 2.7e-06 0 0 0 0 0 0 0 0 0 0 0 0 
1 0.799913 0.515603 0.222305 0.0480363 0.0038409 0.0001183 1e-06 0 0 0 0 0 0 0 0 0 0 0 0 
1 0.79941 0.514709 0.220953 0.0474587 0.0037532 0.0001094 1.5e-06 1e-07 0 0 0 0 0 0 0 0 0 0 0 
1 0.800519 0.516924 0.223407 0.048548 0.0039416 0.0001204 1.2e-06 0 0 0 0 0 0 0 0 0 0 0 0 
1 0.799959 0.516232 0.222681 0.0480404 0.0039107 0.0001277 1.7e-06 0 0 0 0 0 0 0 0 0 0 0 0 
1 0.800084 0.516577 0.223157 0.0484719 0.0039284 0.000126 1.5e-06 0 0 0 0 0 0 0 0 0 0 0 0 
1 0.800138 0.516376 0.222828 0.0483112 0.0038254 0.0001091 2.9e-06 1e-07 0 0 0 0 0 0 0 0 0 0 0 
1 0.799627 0.515233 0.221951 0.0478561 0.0038362 0.0001137 2.3e-06 0 0 0 0 0 0 0 0 0 0 0 0 
1 0.800057 0.516003 0.222534 0.048154 0.003855 0.0001197 3.1e-06 1e-07 0 0 0 0 0 0 0 0 0 0 0 
1 0.800354 0.516745 0.223423 0.0486685 0.0039966 0.0001266 1.8e-06 0 0 0 0 0 0 0 0 0 0 0 0 
1 0.799347 0.514601 0.220988 0.0472837 0.0037164 0.0001167 1.7e-06 0 0 0 0 0 0 0 0 0 0 0 0 
1 0.80035 0.516715 0.223374 0.0483602 0.0039777 0.0001208 2.1e-06 0 0 0 0 0 0 0 0 0 0 0 0 
1 0.799826 0.515829 0.222499 0.0480956 0.0038397 0.0001222 1.9e-06 0 0 0 0 0 0 0 0 0 0 0 0 
1 0.800288 0.516129 0.222637 0.0482948 0.0039167 0.0001143 2.5e-06 0 0 0 0 0 0 0 0 0 0 0 0 
1 0.799739 0.515202 0.221589 0.0478399 0.0037947 0.0001081 2.4e-06 1e-07 0 0 0 0 0 0 0 0 0 0 0 
1 0.80036 0.517061 0.223432 0.0484318 0.0038835 0.0001129 1.3e-06 0 0 0 0 0 0 0 0 0 0 0 0 
1 0.799812 0.515485 0.221826 0.0478145 0.0038135 0.0001114 3.3e-06 0 0 0 0 0 0 0 0 0 0 0 0 
1 0.799912 0.515608 0.222228 0.0482338 0.0039319 0.0001262 2.9e-06 0 0 0 0 0 0 0 0 0 0 0 0 
1 0.80025 0.516276 0.222817 0.0481063 0.0038732 0.0001154 3.4e-06 1e-07 0 0 0 0 0 0 0 0 0 0 0 
1 0.799972 0.515977 0.222292 0.0479883 0.0039075 0.0001241 3.7e-06 1e-07 0 0 0 0 0 0 0 0 0 0 0 
1 0.800545 0.516837 0.223066 0.04817 0.0038347 0.0001184 2.1e-06 0 0 0 0 0 0 0 0 0 0 0 0 
1 0.800578 0.517303 0.223565 0.0484616 0.0038958 0.0001251 3.2e-06 0 0 0 0 0 0 0 0 0 0 0 0 
1 0.799549 0.514845 0.221245 0.0475803 0.0037716 0.0001177 2.8e-06 0 0 0 0 0 0 0 0 0 0 0 0 
1 0.800293 0.516008 0.222253 0.0478742 0.0038152 0.0001182 4.1e-06 0 0 0 0 0 0 0 0 0 0 0 0 
1 0.799944 0.515707 0.222278 0.0477728 0.0038089 0.0001122 1.9e-06 0 0 0 0 0 0 0 0 0 0 0 0 
1 0.800622 0.516873 0.223612 0.0487267 0.0039821 0.0001224 2e-06 0 0 0 0 0 0 0 0 0 0 0 0 
1 0.800014 0.516045 0.222652 0.0482018 0.0038169 0.0001125 1.6e-06 0 0 0 0 0 0 0 0 0 0 0 0 
1 0.799856 0.515664 0.222391 0.0479244 0.0038829 0.0001082 1.7e-06 0 0 0 0 0 0 0 0 0 0 0 0 
1 0.800022 0.515866 0.222207 0.0479246 0.003864 0.0001134 1.4e-06 0 0 0 0 0 0 0 0 0 0 0 0 
1 0.800206 0.516416 0.223171 0.0485206 0.0039749 0.0001265 3e-06 0 0 0 0 0 0 0 0 0 0 0 0 
1 0.799832 0.515499 0.221753 0.0478271 0.0038443 0.0001167 3e-06 0 0 0 0 0 0 0 0 0 0 0 0 
1 0.800293 0.516419 0.222821 0.0483694 0.0039096 0.000118 1.7e-06 0 0 0 0 0 0 0 0 0 0 0 0 
1 0.799877 0.515786 0.222318 0.0481879 0.0039131 0.0001251 1.7e-06 0 0 0 0 0 0 0 0 0 0 0 0 
1 0.799923 0.516241 0.222382 0.0482 0.0038806 0.0001158 2.2e-06 0 0 0 0 0 0 0 0 0 0 0 0 
1 0.799468 0.51513 0.221606 0.0477883 0.003845 0.0001101 9e-07 0 0 0 0 0 0 0 0 0 0 0 0 
1 0.800388 0.51625 0.223153 0.0485609 0.0039676 0.000126 2.5e-06 0 0 0 0 0 0 0 0 0 0 0 0 
1 0.800196 0.51623 0.222702 0.0481133 0.0038921 0.0001211 1.7e-06 0 0 0 0 0 0 0 0 0 0 0 0 
1 0.799229 0.514641 0.220702 0.0473307 0.0037428 0.0001127 1.6e-06 0 0 0 0 0 0 0 0 0 0 0 0 
1 0.800124 0.516096 0.22234 0.0481244 0.0038953 0.0001185 1.9e-06 0 0 0 0 0 0 0 0 0 0 0 0 
1 0.799949 0.515821 0.22234 0.0481918 0.0039002 0.0001228 1.8e-06 0 0 0 0 0 0 0 0 0 0 0 0 
1 0.799945 0.515989 0.222365 0.0480346 0.003876 0.0001171 2.5e-06 0 0 0 0 0 0 0 0 0 0 0 0 
1 0.799195 0.514337 0.220718 0.0472962 0.0037216 0.0001092 2.8e-06 2e-07 0 0 0 0 0 0 0 0 0 0 0 
1 0.800221 0.516605 0.222955 0.0482428 0.0038969 0.0001207 1.7e-06 0 0 0 0 0 0 0 0 0 0 0 0 
1 0.80013 0.515843 0.222446 0.048143 0.0039139 0.0001185 3e-06 0 0 0 0 0 0 0 0 0 0 0 0 
1 0.800303 0.516591 0.222834 0.04833 0.0038866 0.0001181 1.5e-06 0 0 0 0 0 0 0 0 0 0 0 0 
1 0.800145 0.516709 0.223368 0.0485898 0.0039864 0.0001197 3.4e-06 1e-07 0 0 0 0 0 0 0 0 0 0 0 
1 0.799618 0.515284 0.221913 0.0478812 0.0038748 0.0001204 2.5e-06 0 0 0 0 0 0 0 0 0 0 0 0 
1 0.800331 0.516557 0.222929 0.0481325 0.0038504 0.000118 2.7e-06 2e-07 1e-07 0 0 0 0 0 0 0 0 0 0 
1 0.799557 0.514931 0.22105 0.0473932 0.00381 0.0001113 1.4e-06 0 0 0 0 0 0 0 0 0 0 0 0 
1 0.799662 0.515688 0.222492 0.0481801 0.0038987 0.0001225 1.4e-06 0 0 0 0 0 0 0 0 0 0 0 0 
1 0.800623 0.517074 0.223575 0.0484359 0.0039093 0.000131 3.8e-06 4e-07 0 0 0 0 0 0 0 0 0 0 0 
1 0.799567 0.515172 0.221945 0.0480572 0.0038768 0.0001205 2e-06 0 0 0 0 0 0 0 0 0 0 0 0 
1 0.799848 0.51519 0.221908 0.0478091 0.0038129 0.0001156 2.3e-06 1e-07 0 0 0 0 0 0 0 0 0 0 0 
1 0.799949 0.515782 0.222429 0.0481682 0.0038887 0.0001133 2.6e-06 0 0 0 0 0 0 0 0 0 0 0 0 
1 0.800193 0.516268 0.22262 0.048124 0.0038759 0.0001113 1.5e-06 0 0 0 0 0 0 0 0 0 0 0 0 
1 0.799957 0.515703 0.222402 0.0481678 0.0039163 0.0001243 2.3e-06 0 0 0 0 0 0 0 0 0 0 0 0 
1 0.799867 0.515894 0.222559 0.0483907 0.0039453 0.0001236 1.2e-06 0 0 0 0 0 0 0 0 0 0 0 0 
1 0.799971 0.515921 0.222239 0.0477543 0.0037865 0.0001088 1e-06 0 0 0 0 0 0 0 0 0 0 0 0 
1 0.79996 0.515828 0.222147 0.0479868 0.003868 0.0001196 2.3e-06 1e-07 0 0 0 0 0 0 0 0 0 0 0 
1 0.799757 0.515625 0.221975 0.0478945 0.0038636 0.0001166 2.2e-06 0 0 0 0 0 0 0 0 0 0 0 0 
1 0.799413 0.514974 0.22158 0.0479119 0.0039107 0.0001198 1.7e-06 0 0 0 0 0 0 0 0 0 0 0 0 
1 0.800312 0.516459 0.222694 0.0479502 0.0038641 0.0001206 3.3e-06 3e-07 0 0 0 0 0 0 0 0 0 0 0 
1 0.800342 0.516195 0.222566 0.0482684 0.0039446 0.000123 1.9e-06 0 0 0 0 0 0 0 0 0 0 0 0 
1 0.800141 0.516082 0.222828 0.0481441 0.0038758 0.0001192 2.8e-06 0 0 0 0 0 0 0 0 0 0 0 0 
1 0.799917 0.515571 0.221938 0.0478682 0.0038769 0.0001175 2.6e-06 0 0 0 0 0 0 0 0 0 0 0 0 
1 0.800243 0.516603 0.222903 0.0483969 0.003914 0.0001227 2.4e-06 1e-07 0 0 0 0 0 0 0 0 0 0 0 
1 0.800425 0.516232 0.222592 0.0478742 0.003791 0.000105 1.5e-06 0 0 0 0 0 0 0 0 0 0 0 0 
1 0.799953 0.515824 0.222659 0.0481826 0.0039173 0.000125 3.4e-06 0 0 0 0 0 0 0 0 0 0 0 0 
1 0.80015 0.51617 0.222736 0.0482807 0.0038807 0.0001159 1.3e-06 0 0 0 0 0 0 0 0 0 0 0 0 
1 0.799449 0.514795 0.221586 0.0478887 0.0039365 0.0001223 2.9e-06 2e-07 0 0 0 0 0 0 0 0 0 0 0 
1 0.799713 0.515129 0.221662 0.0477905 0.0038286 0.0001202 1.8e-06 0 0 0 0 0 0 0 0 0 0 0 0 
1 0.799897 0.515544 0.222093 0.048045 0.0038956 0.0001205 3e-06 0 0 0 0 0 0 0 0 0 0 0 0 
1 0.799946 0.515872 0.222789 0.0482948 0.0039066 0.0001235 1.4e-06 0 0 0 0 0 0 0 0 0 0 0 0 
1 0.800692 0.517622 0.224277 0.0489336 0.0039628 0.0001232 1.7e-06 0 0 0 0 0 0 0 0 0 0 0 0 
1 0.799842 0.515684 0.222254 0.0479869 0.0038619 0.000113 1.3e-06 0 0 0 0 0 0 0 0 0 0 0 0 
1 0.800007 0.516102 0.222546 0.0481874 0.0038922 0.0001208 2.1e-06 0 0 0 0 0 0 0 0 0 0 0 0 
1 0.800398 0.51664 0.223316 0.0485744 0.0039802 0.00013 2.5e-06 0 0 0 0 0 0 0 0 0 0 0 0 
1 0.799481 0.514653 0.220985 0.0475749 0.0037637 0.0001105 1.1e-06 0 0 0 0 0 0 0 0 0 0 0 0 
1 0.800147 0.515924 0.222604 0.048168 0.0038506 0.0001139 1.4e-06 1e-07 0 0 0 0 0 0 0 0 0 0 0 
1 0.799954 0.515745 0.222261 0.04814 0.0038259 0.000114 2.1e-06 1e-07 0 0 0 0 0 0 0 0 0 0 0 
1 0.800769 0.517493 0.22428 0.0491232 0.0040307 0.0001292 1.4e-06 0 0 0 0 0 0 0 0 0 0 0 0 
1 0.800394 0.51644 0.222645 0.0480424 0.0038199 0.0001119 1.9e-06 0 0 0 0 0 0 0 0 0 0 0 0 
1 0.799096 0.514353 0.221029 0.0474506 0.0037713 0.0001143 1.8e-06 1e-07 0 0 0 0 0 0 0 0 0 0 0 
1 0.799598 0.515343 0.221992 0.0478999 0.0038359 0.0001156 1e-07 0 0 0 0 0 0 0 0 0 0 0 0 
1 0.799927 0.515785 0.222024 0.0477832 0.0037446 0.0001099 1.9e-06 0 0 0 0 0 0 0 0 0 0 0 0 
1 0.799684 0.5156 0.222077 0.0480093 0.0039913 0.0001303 1.7e-06 0 0 0 0 0 0 0 0 0 0 0 0 
1 0.79952 0.515192 0.221754 0.0480451 0.0039073 0.000109 1.9e-06 0 0 0 0 0 0 0 0 0 0 0 0 
1 0.800051 0.51601 0.222434 0.0482031 0.0039053 0.000116 1.7e-06 1e-07 0 0 0 0 0 0 0 0 0 0 0 
1 0.800518 0.516627 0.223337 0.0483608 0.0039545 0.0001229 2.1e-06 0 0 0 0 0 0 0 0 0 0 0 0 
1 0.799685 0.51538 0.22167 0.0474797 0.0037667 0.000104 1.1e-06 0 0 0 0 0 0 0 0 0 0 0 0 
1 0.799803 0.515126 0.22148 0.0477296 0.0038328 0.0001215 2e-06 0 0 0 0 0 0 0 0 0 0 0 0 
1 0.800362 0.516648 0.222974 0.0482822 0.0039002 0.0001199 2.5e-06 0 0 0 0 0 0 0 0 0 0 0 0 
1 0.800068 0.515907 0.22259 0.0480733 0.0038333 0.0001103 2.2e-06 0 0 0 0 0 0 0 0 0 0 0 0 
1 0.800392 0.516424 0.222836 0.0480572 0.0038496 0.0001218 1.9e-06 0 0 0 0 0 0 0 0 0 0 0 0 
1 0.800625 0.516896 0.223551 0.0487236 0.0039366 0.0001273 2.5e-06 1e-07 0 0 0 0 0 0 0 0 0 0 0 
1 0.80005 0.515902 0.222267 0.0479762 0.0038849 0.0001268 3.3e-06 0 0 0 0 0 0 0 0 0 0 0 0 
1 0.800701 0.517012 0.223299 0.0485139 0.0038946 0.0001248 2.8e-06 0 0 0 0 0 0 0 0 0 0 0 0 
1 0.799818 0.515487 0.222101 0.047902 0.0038545 0.0001212 7e-07 0 0 0 0 0 0 0 0 0 0 0 0 
1 0.799352 0.514474 0.221176 0.0472496 0.0037588 0.0001206 3.2e-06 0 0 0 0 0 0 0 0 0 0 0 0 
1 0.800451 0.516361 0.223129 0.0482998 0.0038909 0.0001238 2.8e-06 0 0 0 0 0 0 0 0 0 0 0 0 
1 0.800036 0.515905 0.222281 0.0480947 0.0038865 0.0001097 1e-06 0 0 0 0 0 0 0 0 0 0 0 0 
1 0.800034 0.516212 0.222802 0.0484536 0.0039538 0.0001264 1.6e-06 0 0 0 0 0 0 0 0 0 0 0 0 
1 0.800277 0.516239 0.222801 0.048314 0.0039156 0.0001228 3.3e-06 0 0 0 0 0 0 0 0 0 0 0 0 
1 0.799956 0.515848 0.221972 0.0478499 0.0038988 0.0001216 2.1e-06 0 0 0 0 0 0 0 0 0 0 0 0 
1 0.80018 0.516431 0.22265 0.0481571 0.0038217 0.0001148 2.3e-06 0 0 0 0 0 0 0 0 0 0 0 0 
1 0.800222 0.516312 0.222874 0.0482028 0.0038979 0.0001251 2.2e-06 0 0 0 0 0 0 0 0 0 0 0 0 
1 0.799963 0.516101 0.222734 0.0482741 0.0038761 0.0001182 1.8e-06 0 0 0 0 0 0 0 0 0 0 0 0 
1 0.800272 0.516597 0.223135 0.0484055 0.0039487 0.0001212 1.8e-06 0 0 0 0 0 0 0 0 0 0 0 0 
1 0.800086 0.515295 0.221694 0.0477351 0.0038729 0.0001239 2.7e-06 0 0 0 0 0 0 0 0 0 0 0 0 
1 0.800445 0.516583 0.222957 0.0485185 0.0039279 0.0001179 2.2e-06 0 0 0 0 0 0 0 0 0 0 0 0 
1 0.799679 0.515305 0.221418 0.0476118 0.0037606 0.0001058 1.8e-06 0 0 0 0 0 0 0 0 0 0 0 0 
1 0.799398 0.515383 0.222175 0.0480673 0.0039506 0.0001219 3.3e-06 0 0 0 0 0 0 0 0 0 0 0 0 
1 0.799992 0.515699 0.222675 0.0483194 0.0038999 0.0001256 3.5e-06 0 0 0 0 0 0 0 0 0 0 0 0 
1 0.800517 0.517108 0.22366 0.048541 0.0039384 0.0001268 1.8e-06 0 0 0 0 0 0 0 0 0 0 0 0 
1 0.79999 0.516163 0.222738 0.0481803 0.0038662 0.0001156 2.8e-06 0 0 0 0 0 0 0 0 0 0 0 0 
1 0.800272 0.516295 0.223235 0.0486088 0.0039094 0.0001143 1.8e-06 3e-07 0 0 0 0 0 0 0 0 0 0 0 
1 0.799461 0.514775 0.22128 0.0473626 0.0037209 0.0001131 3.1e-06 0 0 0 0 0 0 0 0 0 0 0 0 
1 0.800604 0.517079 0.223377 0.0483034 0.0038418 0.0001188 1.9e-06 2e-07 0 0 0 0 0 0 0 0 0 0 0 
1 0.799785 0.515311 0.221787 0.0479509 0.003881 0.0001147 2.8e-06 0 0 0 0 0 0 0 0 0 0 0 0 
1 0.799618 0.514999 0.221609 0.0477202 0.0037796 0.0001145 1.5e-06 0 0 0 0 0 0 0 0 0 0 0 0 
1 0.800035 0.5161 0.222212 0.0478398 0.003841 0.0001113 1.5e-06 0 0 0 0 0 0 0 0 0 0 0 0 
1 0.800581 0.517332 0.223844 0.0486783 0.0039557 0.0001217 1.5e-06 0 0 0 0 0 0 0 0 0 0 0 0 
1 0.799908 0.515796 0.22224 0.0480138 0.0038973 0.0001166 1.5e-06 0 0 0 0 0 0 0 0 0 0 0 0 
1 0.79963 0.515274 0.222078 0.0480669 0.0039168 0.0001212 1.8e-06 0 0 0 0 0 0 0 0 0 0 0 0 
1 0.799998 0.515655 0.222202 0.048019 0.0038639 0.0001173 2.7e-06 1e-07 0 0 0 0 0 0 0 0 0 0 0 
1 0.79954 0.515342 0.221946 0.0478865 0.003823 0.0001165 2.6e-06 0 0 0 0 0 0 0 0 0 0 0 0 
1 0.799938 0.515622 0.222415 0.0481045 0.0039097 0.0001276 2.2e-06 0 0 0 0 0 0 0 0 0 0 0 0 
1 0.800014 0.515652 0.222203 0.0483258 0.0039249 0.000124 1.8e-06 0 0 0 0 0 0 0 0 0 0 0 0 
1 0.799437 0.515019 0.221619 0.0479454 0.003838 0.000111 3.5e-06 1e-07 0 0 0 0 0 0 0 0 0 0 0 
1 0.800078 0.515993 0.222605 0.0480275 0.003853 0.0001186 3.2e-06 1e-07 0 0 0 0 0 0 0 0 0 0 0 
1 0.800154 0.516116 0.222782 0.0482211 0.0039398 0.0001189 1.9e-06 0 0 0 0 0 0 0 0 0 0 0 0 
1 0.799461 0.514902 0.221106 0.0474281 0.0037527 0.0001152 2.1e-06 0 0 0 0 0 0 0 0 0 0 0 0 
1 0.799817 0.515686 0.222068 0.047906 0.0038648 0.0001182 2.4e-06 0 0 0 0 0 0 0 0 0 0 0 0 
1 0.799623 0.515081 0.221552 0.0475831 0.0037753 0.0001116 2.7e-06 0 0 0 0 0 0 0 0 0 0 0 0 
1 0.800044 0.515845 0.222245 0.0477875 0.0037974 0.0001025 1.4e-06 0 0 0 0 0 0 0 0 0 0 0 0 
1 0.800051 0.515954 0.222292 0.047928 0.0037606 0.0001102 1.3e-06 0 0 0 0 0 0 0 0 0 0 0 0 
1 0.799902 0.51557 0.221918 0.0477381 0.0038427 0.000111 2.1e-06 0 0 0 0 0 0 0 0 0 0 0 0 
1 0.800424 0.516753 0.223394 0.0486518 0.0039861 0.0001297 3.3e-06 0 0 0 0 0 0 0 0 0 0 0 0 
1 0.800175 0.515974 0.222061 0.0478384 0.0038689 0.0001178 1.7e-06 1e-07 0 0 0 0 0 0 0 0 0 0 0 
1 0.800404 0.51661 0.222661 0.0480931 0.0038765 0.000122 2.2e-06 0 0 0 0 0 0 0 0 0 0 0 0 
1 0.799775 0.515483 0.221883 0.0478665 0.0038498 0.0001053 1.5e-06 0 0 0 0 0 0 0 0 0 0 0 0 
1 0.800452 0.516711 0.223211 0.0482764 0.0038992 0.0001215 9e-07 0 0 0 0 0 0 0 0 0 0 0 0 
1 0.799907 0.515223 0.221708 0.0478165 0.0038849 0.0001169 1e-06 0 0 0 0 0 0 0 0 0 0 0 0 
1 0.800584 0.517183 0.223535 0.0483182 0.003895 0.0001131 1.5e-06 0 0 0 0 0 0 0 0 0 0 0 0 
1 0.799851 0.515192 0.221977 0.0479199 0.0038566 0.0001123 3e-06 0 0 0 0 0 0 0 0 0 0 0 0 
1 0.800274 0.516538 0.22356 0.0487033 0.0039627 0.0001146 1.5e-06 0 0 0 0 0 0 0 0 0 0 0 0 
1 0.800091 0.516078 0.222493 0.048109 0.003908 0.000125 1.5e-06 0 0 0 0 0 0 0 0 0 0 0 0 
1 0.800307 0.516707 0.223115 0.0484466 0.0038906 0.0001075 1.6e-06 0 0 0 0 0 0 0 0 0 0 0 0 
1 0.800609 0.51717 0.22395 0.0488058 0.0039605 0.0001259 2.4e-06 0 0 0 0 0 0 0 0 0 0 0 0 
1 0.80003 0.516038 0.222197 0.0477921 0.0038271 0.0001168 3.3e-06 1e-07 0 0 0 0 0 0 0 0 0 0 0 
1 0.800541 0.516665 0.223009 0.0483543 0.0039405 0.0001176 1.6e-06 2e-07 0 0 0 0 0 0 0 0 0 0 0 
1 0.799677 0.515315 0.221864 0.0476851 0.0037626 0.0001103 1.8e-06 0 0 0 0 0 0 0 0 0 0 0 0 
1 0.799703 0.515624 0.222284 0.0480429 0.0038503 0.0001315 3.6e-06 0 0 0 0 0 0 0 0 0 0 0 0 
1 0.799995 0.515921 0.222571 0.0484645 0.0040052 0.0001253 2.2e-06 0 0 0 0 0 0 0 0 0 0 0 0 
1 0.800485 0.516979 0.223543 0.0486286 0.0039718 0.0001254 1.9e-06 1e-07 0 0 0 0 0 0 0 0 0 0 0 
1 0.80005 0.516373 0.222596 0.0481858 0.0038597 0.0001173 1.4e-06 0 0 0 0 0 0 0 0 0 0 0 0 
1 0.799837 0.515723 0.222294 0.0478872 0.0038221 0.0001165 2.2e-06 0 0 0 0 0 0 0 0 0 0 0 0 
1 0.80019 0.516487 0.223079 0.0484222 0.0039849 0.0001277 1.9e-06 1e-07 0 0 0 0 0 0 0 0 0 0 0 
1 0.8004 0.517006 0.22375 0.0485324 0.0039577 0.0001257 2.1e-06 0 0 0 0 0 0 0 0 0 0 0 0 
1 0.801116 0.518029 0.224522 0.0488848 0.0039549 0.0001154 1.6e-06 2e-07 0 0 0 0 0 0 0 0 0 0 0 
1 0.800116 0.516366 0.222847 0.048238 0.0038828 0.0001172 2.4e-06 0 0 0 0 0 0 0 0 0 0 0 0 
1 0.800081 0.515867 0.222043 0.0479359 0.0038568 0.0001184 2.2e-06 0 0 0 0 0 0 0 0 0 0 0 0 
1 0.800056 0.515884 0.222649 0.0482588 0.0039508 0.0001289 3.2e-06 0 0 0 0 0 0 0 0 0 0 0 0 
1 0.799795 0.515786 0.222055 0.0478767 0.0038111 0.00012 2.7e-06 0 0 0 0 0 0 0 0 0 0 0 0 
1 0.799646 0.514918 0.221445 0.0477206 0.003852 0.0001163 1.2e-06 0 0 0 0 0 0 0 0 0 0 0 0 
1 0.79995 0.515954 0.222805 0.0482125 0.0039273 0.0001236 3.2e-06 2e-07 0 0 0 0 0 0 0 0 0 0 0 
1 0.800538 0.517022 0.223327 0.0482403 0.0038116 0.0001045 2.1e-06 0 0 0 0 0 0 0 0 0 0 0 0 
1 0.799976 0.515777 0.22248 0.0481511 0.0039115 0.0001173 2.2e-06 0 0 0 0 0 0 0 0 0 0 0 0 
1 0.799776 0.515382 0.221769 0.0479632 0.0038615 0.0001199 1.1e-06 0 0 0 0 0 0 0 0 0 0 0 0 
1 0.799991 0.515808 0.222264 0.0480143 0.00386 0.0001216 2.2e-06 0 0 0 0 0 0 0 0 0 0 0 0 
1 0.799981 0.515636 0.221973 0.0478922 0.0038319 0.0001114 1e-06 0 0 0 0 0 0 0 0 0 0 0 0 
1 0.799787 0.515792 0.222141 0.0479741 0.0038666 0.0001142 1.4e-06 0 0 0 0 0 0 0 0 0 0 0 0 
1 0.800254 0.516221 0.22277 0.0483325 0.0039478 0.00012 3.3e-06 1e-07 0 0 0 0 0 0 0 0 0 0 0 
1 0.799941 0.516158 0.222562 0.0482467 0.0038661 0.0001228 3.8e-06 0 0 0 0 0 0 0 0 0 0 0 0 
1 0.800201 0.516683 0.223427 0.0486763 0.0039768 0.0001318 3e-06 0 0 0 0 0 0 0 0 0 0 0 0 
1 0.800086 0.516057 0.222486 0.0479519 0.0038851 0.0001264 2.4e-06 1e-07 0 0 0 0 0 0 0 0 0 0 0 
1 0.799682 0.515382 0.221947 0.0477201 0.0037978 0.000112 1.9e-06 0 0 0 0 0 0 0 0 0 0 0 0 
1 0.800096 0.516127 0.22278 0.0480169 0.003873 0.0001203 2.6e-06 0 0 0 0 0 0 0 0 0 0 0 0 
1 0.8004 0.516456 0.222985 0.0483133 0.0039193 0.0001196 2.1e-06 0 0 0 0 0 0 0 0 0 0 0 0 
1 0.800421 0.51688 0.223112 0.0483166 0.0039216 0.0001226 2.2e-06 0 0 0 0 0 0 0 0 0 0 0 0 
1 0.799883 0.515658 0.222068 0.048045 0.0039356 0.0001247 1.9e-06 0 0 0 0 0 0 0 0 0 0 0 0 
1 0.800352 0.516473 0.222677 0.048045 0.0038485 0.0001137 2.7e-06 0 0 0 0 0 0 0 0 0 0 0 0 
1 0.801123 0.517554 0.223911 0.0486654 0.0039864 0.0001265 2.3e-06 0 0 0 0 0 0 0 0 0 0 0 0 
1 0.800379 0.516588 0.223278 0.0486064 0.0040011 0.0001237 3.3e-06 2e-07 0 0 0 0 0 0 0 0 0 0 0 
1 0.799841 0.515239 0.222127 0.0478944 0.0038357 0.0001176 2.4e-06 0 0 0 0 0 0 0 0 0 0 0 0 
1 0.800031 0.515303 0.221661 0.0477974 0.0038327 0.0001246 2.2e-06 0 0 0 0 0 0 0 0 0 0 0 0 
1 0.80013 0.515895 0.222291 0.0479742 0.003895 0.0001213 1.8e-06 3e-07 0 0 0 0 0 0 0 0 0 0 0 
1 0.800597 0.517166 0.224025 0.048666 0.0039584 0.0001264 2.7e-06 2e-07 0 0 0 0 0 0 0 0 0 0 0 
1 0.800229 0.516618 0.222993 0.0481553 0.0038562 0.0001256 1.3e-06 0 0 0 0 0 0 0 0 0 0 0 0 
1 0.799712 0.515643 0.222215 0.0480626 0.0038857 0.0001126 1.1e-06 2e-07 0 0 0 0 0 0 0 0 0 0 0 
1 0.79989 0.515549 0.222318 0.0480909 0.0038556 0.000117 3.3e-06 0 0 0 0 0 0 0 0 0 0 0 0 
1 0.800169 0.516485 0.22316 0.0484451 0.00396 0.0001285 3.6e-06 0 0 0 0 0 0 0 0 0 0 0 0 
1 0.799788 0.515356 0.221751 0.0477106 0.0037857 0.0001083 2.1e-06 0 0 0 0 0 0 0 0 0 0 0 0 
1 0.800348 0.516611 0.223172 0.0484563 0.0039982 0.0001255 3.9e-06 0 0 0 0 0 0 0 0 0 0 0 0 
1 0.799178 0.514038 0.220909 0.047437 0.0038207 0.0001118 1.2e-06 0 0 0 0 0 0 0 0 0 0 0 0 
1 0.800478 0.516678 0.222877 0.0482123 0.0038744 0.0001191 3.2e-06 0 0 0 0 0 0 0 0 0 0 0 0 
1 0.800228 0.516514 0.223178 0.0483923 0.0039364 0.0001183 1.8e-06 0 0 0 0 0 0 0 0 0 0 0 0 
1 0.800188 0.516105 0.222495 0.047991 0.003819 0.0001161 3.1e-06 1e-07 0 0 0 0 0 0 0 0 0 0 0 
1 0.800049 0.515826 0.222125 0.0479467 0.003806 0.0001144 2.6e-06 0 0 0 0 0 0 0 0 0 0 0 0 
1 0.800037 0.515502 0.221905 0.0477997 0.003902 0.0001195 1.7e-06 0 0 0 0 0 0 0 0 0 0 0 0 
1 0.7997 0.515678 0.22248 0.0480749 0.0038678 0.0001154 2.2e-06 0 0 0 0 0 0 0 0 0 0 0 0 
1 0.799808 0.515934 0.222669 0.0483166 0.0039231 0.000116 1.5e-06 0 0 0 0 0 0 0 0 0 0 0 0 
1 0.799624 0.51522 0.221875 0.0477782 0.0037977 0.0001107 2.5e-06 1e-07 0 0 0 0 0 0 0 0 0 0 0 
1 0.799739 0.515569 0.222224 0.0480342 0.0038667 0.0001095 2.7e-06 0 0 0 0 0 0 0 0 0 0 0 0 
1 0.799615 0.515343 0.222142 0.0478775 0.0038644 0.0001262 1.7e-06 0 0 0 0 0 0 0 0 0 0 0 0 
1 0.799829 0.515625 0.221864 0.0478253 0.0038437 0.0001223 2e-06 0 0 0 0 0 0 0 0 0 0 0 0 
1 0.800106 0.515699 0.222037 0.0477788 0.0038135 0.0001132 1.7e-06 2e-07 0 0 0 0 0 0 0 0 0 0 0 
1 0.800425 0.516844 0.223319 0.0485165 0.0039435 0.000125 2.9e-06 0 0 0 0 0 0 0 0 0 0 0 0 
1 0.799462 0.514757 0.221432 0.0474431 0.0038206 0.0001198 2.9e-06 3e-07 0 0 0 0 0 0 0 0 0 0 0 
1 0.800325 0.5163 0.222826 0.0482367 0.0038638 0.0001146 2.2e-06 2e-07 0 0 0 0 0 0 0 0 0 0 0 
1 0.799797 0.5153 0.221543 0.0477047 0.0038195 0.0001169 2e-06 0 0 0 0 0 0 0 0 0 0 0 0 
1 0.799392 0.514723 0.221398 0.0477183 0.0038583 0.0001245 2.8e-06 1e-07 0 0 0 0 0 0 0 0 0 0 0 
1 0.80008 0.516079 0.222676 0.0483398 0.0038876 0.0001166 2.1e-06 0 0 0 0 0 0 0 0 0 0 0 0 
1 0.800085 0.51606 0.222488 0.0479383 0.0038591 0.0001246 2e-06 0 0 0 0 0 0 0 0 0 0 0 0 
1 0.799465 0.515047 0.22164 0.0477257 0.0038608 0.0001142 2.5e-06 4e-07 1e-07 0 0 0 0 0 0 0 0 0 0 
1 0.799872 0.51588 0.222317 0.0480187 0.0038863 0.00012 2.3e-06 0 0 0 0 0 0 0 0 0 0 0 0 
1 0.799004 0.514091 0.220617 0.0473069 0.003825 0.0001206 2.4e-06 0 0 0 0 0 0 0 0 0 0 0 0 
1 0.799491 0.515067 0.221668 0.0477443 0.003868 0.0001049 1.9e-06 1e-07 0 0 0 0 0 0 0 0 0 0 0 
1 0.800136 0.516211 0.22292 0.0482601 0.0038424 0.0001186 2.5e-06 0 0 0 0 0 0 0 0 0 0 0 0 
1 0.799423 0.514748 0.22127 0.0474904 0.0037255 0.0001072 2.7e-06 0 0 0 0 0 0 0 0 0 0 0 0 
1 0.800079 0.515613 0.222115 0.0478555 0.0037961 0.0001017 1e-06 0 0 0 0 0 0 0 0 0 0 0 0 
1 0.799953 0.51595 0.222873 0.0484854 0.003977 0.0001156 1.9e-06 1e-07 0 0 0 0 0 0 0 0 0 0 0 
1 0.799981 0.5158 0.222606 0.0483222 0.0039685 0.0001186 2.6e-06 0 0 0 0 0 0 0 0 0 0 0 0 
1 0.800197 0.516269 0.222811 0.048169 0.0038953 0.0001239 2.4e-06 3e-07 0 0 0 0 0 0 0 0 0 0 0 
1 0.799746 0.515605 0.222229 0.0480112 0.0038487 0.0001194 2.4e-06 0 0 0 0 0 0 0 0 0 0 0 0 
1 0.800094 0.516097 0.222533 0.0480725 0.0038127 0.0001127 1.9e-06 0 0 0 0 0 0 0 0 0 0 0 0 
1 0.800371 0.516405 0.222933 0.0482974 0.0039544 0.0001215 1.7e-06 0 0 0 0 0 0 0 0 0 0 0 0 
1 0.80044 0.516629 0.223319 0.0484675 0.0039137 0.0001159 2.8e-06 0 0 0 0 0 0 0 0 0 0 0 0 
1 0.799877 0.51592 0.222471 0.0479638 0.003829 0.0001137 1.3e-06 0 0 0 0 0 0 0 0 0 0 0 0 
1 0.800486 0.51651 0.222586 0.0481147 0.0039175 0.000123 2.5e-06 0 0 0 0 0 0 0 0 0 0 0 0 
1 0.799742 0.515333 0.221973 0.0479686 0.0038374 0.0001187 2e-06 0 0 0 0 0 0 0 0 0 0 0 0 
1 0.80057 0.517123 0.22332 0.0485305 0.0039621 0.0001358 1.9e-06 0 0 0 0 0 0 0 0 0 0 0 0 
1 0.799789 0.515304 0.222052 0.0480225 0.0038618 0.0001128 2.3e-06 0 0 0 0 0 0 0 0 0 0 0 0 
1 0.799902 0.515477 0.221895 0.0479709 0.0039151 0.0001197 2.7e-06 0 0 0 0 0 0 0 0 0 0 0 0 
1 0.79977 0.514899 0.221599 0.0476326 0.0038297 0.0001269 1.8e-06 2e-07 0 0 0 0 0 0 0 0 0 0 0 
1 0.800226 0.516792 0.223405 0.0482801 0.0038851 0.0001216 1.5e-06 1e-07 0 0 0 0 0 0 0 0 0 0 0 
1 0.799813 0.515308 0.221841 0.047834 0.0038185 0.0001215 2.3e-06 0 0 0 0 0 0 0 0 0 0 0 0 
1 0.799722 0.5156 0.221808 0.0478276 0.0037805 0.000111 1.9e-06 0 0 0 0 0 0 0 0 0 0 0 0 
1 0.799474 0.51454 0.220621 0.0470863 0.003713 0.0001098 1.5e-06 0 0 0 0 0 0 0 0 0 0 0 0 
1 0.799467 0.515494 0.222103 0.0477994 0.0037776 0.000104 1.3e-06 0 0 0 0 0 0 0 0 0 0 0 0 
1 0.799496 0.514968 0.221651 0.0477683 0.0038098 0.0001103 1.7e-06 1e-07 0 0 0 0 0 0 0 0 0 0 0 
1 0.800443 0.516712 0.223389 0.0484696 0.0038929 0.0001213 2.5e-06 2e-07 0 0 0 0 0 0 0 0 0 0 0 
1 0.799704 0.515532 0.222356 0.0483181 0.0039298 0.0001265 2e-06 0 0 0 0 0 0 0 0 0 0 0 0 
1 0.799343 0.514454 0.220914 0.0475917 0.0038024 0.0001169 1.8e-06 0 0 0 0 0 0 0 0 0 0 0 0 
1 0.800059 0.516203 0.222719 0.0483328 0.0039541 0.0001263 1e-06 0 0 0 0 0 0 0 0 0 0 0 0 
1 0.799629 0.515539 0.222095 0.047842 0.0038205 0.0001146 2.2e-06 1e-07 0 0 0 0 0 0 0 0 0 0 0 
1 0.800358 0.517164 0.223696 0.0485743 0.003948 0.0001105 2.2e-06 0 0 0 0 0 0 0 0 0 0 0 0 
1 0.800207 0.516171 0.222908 0.0485463 0.0039586 0.00012 1.4e-06 0 0 0 0 0 0 0 0 0 0 0 0 
1 0.800175 0.515741 0.222276 0.0477286 0.0037308 0.0001103 1.6e-06 2e-07 0 0 0 0 0 0 0 0 0 0 0 
1 0.800341 0.516644 0.223314 0.0484338 0.00393 0.0001196 9e-07 0 0 0 0 0 0 0 0 0 0 0 0 
1 0.799627 0.515195 0.221855 0.0478791 0.0038334 0.0001084 2e-06 0 0 0 0 0 0 0 0 0 0 0 0 
1 0.799784 0.51547 0.222055 0.0481351 0.0038913 0.0001151 2.2e-06 0 0 0 0 0 0 0 0 0 0 0 0 
1 0.799646 0.515342 0.221907 0.0479435 0.0037963 0.000117 1.2e-06 0 0 0 0 0 0 0 0 0 0 0 0 
1 0.800326 0.516796 0.223301 0.0483645 0.0038794 0.0001144 1.3e-06 1e-07 0 0 0 0 0 0 0 0 0 0 0 
1 0.799862 0.515649 0.221994 0.0477597 0.0037938 0.0001118 1.7e-06 0 0 0 0 0 0 0 0 0 0 0 0 
1 0.799584 0.51518 0.221822 0.0479449 0.003899 0.0001268 2.8e-06 0 0 0 0 0 0 0 0 0 0 0 0 
1 0.799971 0.516093 0.222705 0.0480893 0.0038124 0.0001212 1.9e-06 0 0 0 0 0 0 0 0 0 0 0 0 
1 0.800308 0.516501 0.22331 0.0485902 0.0039242 0.0001149 1.9e-06 0 0 0 0 0 0 0 0 0 0 0 0 
1 0.799574 0.515343 0.221988 0.0478545 0.0038618 0.0001222 1.6e-06 1e-07 0 0 0 0 0 0 0 0 0 0 0 
1 0.799972 0.515957 0.222286 0.0480091 0.0038727 0.0001253 1.3e-06 0 0 0 0 0 0 0 0 0 0 0 0 
1 0.800276 0.51661 0.223502 0.0487423 0.003987 0.000119 3e-06 1e-07 0 0 0 0 0 0 0 0 0 0 0 
1 0.799762 0.515301 0.221426 0.047516 0.0037939 0.0001108 1.9e-06 0 0 0 0 0 0 0 0 0 0 0 0 
1 0.800174 0.516141 0.222455 0.0481007 0.0039809 0.0001327 3.4e-06 0 0 0 0 0 0 0 0 0 0 0 0 
1 0.799713 0.515606 0.222042 0.0479267 0.0037968 0.0001188 2.1e-06 0 0 0 0 0 0 0 0 0 0 0 0 
1 0.799958 0.516016 0.222659 0.0480429 0.003803 0.0001065 2e-06 3e-07 0 0 0 0 0 0 0 0 0 0 0 
1 0.799869 0.515703 0.221976 0.0477806 0.003861 0.0001216 3.5e-06 4e-07 0 0 0 0 0 0 0 0 0 0 0 
1 0.800591 0.51705 0.223674 0.0483576 0.0039072 0.0001187 2.3e-06 0 0 0 0 0 0 0 0 0 0 0 0 
1 0.799306 0.514773 0.221281 0.0476347 0.0037957 0.0001167 1.7e-06 0 0 0 0 0 0 0 0 0 0 0 0 
1 0.800049 0.515826 0.222024 0.0479405 0.0038952 0.0001208 2.9e-06 0 0 0 0 0 0 0 0 0 0 0 0 
1 0.799599 0.515363 0.221838 0.0479619 0.0038047 0.0001108 1.8e-06 0 0 0 0 0 0 0 0 0 0 0 0 
1 0.79964 0.515271 0.221596 0.047774 0.0038475 0.0001156 1.3e-06 0 0 0 0 0 0 0 0 0 0 0 0 
1 0.800831 0.517345 0.22389 0.0488236 0.0039732 0.0001166 2.5e-06 1e-07 0 0 0 0 0 0 0 0 0 0 0 
1 0.800275 0.516585 0.223223 0.0485642 0.0039108 0.0001191 2.5e-06 0 0 0 0 0 0 0 0 0 0 0 0 
1 0.799568 0.515152 0.221654 0.0476454 0.0037875 0.0001145 1.6e-06 1e-07 0 0 0 0 0 0 0 0 0 0 0 
1 0.800115 0.515834 0.221775 0.0476766 0.0038226 0.0001151 1.6e-06 0 0 0 0 0 0 0 0 0 0 0 0 
1 0.799457 0.514867 0.221451 0.0477072 0.0038239 0.0001224 3.4e-06 1e-07 0 0 0 0 0 0 0 0 0 0 0 
1 0.800353 0.516582 0.222764 0.0481408 0.0038292 0.0001179 1.6e-06 0 0 0 0 0 0 0 0 0 0 0 0 
1 0.800363 0.517047 0.223252 0.0482612 0.0038652 0.000103 1.6e-06 0 0 0 0 0 0 0 0 0 0 0 0 
1 0.799994 0.51602 0.222424 0.0479203 0.0038714 0.0001112 1.5e-06 0 0 0 0 0 0 0 0 0 0 0 0 
1 0.800129 0.516513 0.223056 0.0483139 0.0039181 0.00012 2.5e-06 5e-07 0 0 0 0 0 0 0 0 0 0 0 
1 0.800608 0.517268 0.224032 0.0487929 0.0040191 0.0001283 2.5e-06 0 0 0 0 0 0 0 0 0 0 0 0 
1 0.800682 0.517017 0.223428 0.0485059 0.0039309 0.0001228 2.7e-06 0 0 0 0 0 0 0 0 0 0 0 0 
1 0.799809 0.515792 0.222178 0.0480174 0.0039082 0.0001199 1.1e-06 0 0 0 0 0 0 0 0 0 0 0 0 
1 0.800584 0.516646 0.223249 0.0484828 0.0039689 0.0001208 2.9e-06 1e-07 0 0 0 0 0 0 0 0 0 0 0 
1 0.800017 0.515957 0.222622 0.0481559 0.0038722 0.0001217 2.5e-06 0 0 0 0 0 0 0 0 0 0 0 0 
1 0.800521 0.51683 0.223621 0.0485726 0.0039188 0.0001182 1.5e-06 0 0 0 0 0 0 0 0 0 0 0 0 
1 0.800119 0.516155 0.223115 0.0485062 0.0039419 0.0001116 1.5e-06 0 0 0 0 0 0 0 0 0 0 0 0 
1 0.799822 0.515575 0.221913 0.0479041 0.003909 0.0001132 1.9e-06 0 0 0 0 0 0 0 0 0 0 0 0 
1 0.799836 0.515639 0.222238 0.0478851 0.0038349 0.0001108 2.4e-06 3e-07 0 0 0 0 0 0 0 0 0 0 0 
1 0.799713 0.515489 0.222123 0.0479139 0.0038651 0.000129 2.7e-06 0 0 0 0 0 0 0 0 0 0 0 0 
1 0.800226 0.516044 0.222518 0.0481345 0.0038935 0.0001129 1.4e-06 0 0 0 0 0 0 0 0 0 0 0 0 
1 0.799982 0.515725 0.222096 0.0479246 0.0038571 0.0001113 1e-06 0 0 0 0 0 0 0 0 0 0 0 0 
1 0.799649 0.515066 0.221769 0.047874 0.0038389 0.000116 2.6e-06 0 0 0 0 0 0 0 0 0 0 0 0 
1 0.799542 0.514632 0.221351 0.0476049 0.0038283 0.0001173 1.7e-06 0 0 0 0 0 0 0 0 0 0 0 0 
1 0.799695 0.515499 0.221949 0.047678 0.0037889 0.0001129 1.5e-06 1e-07 0 0 0 0 0 0 0 0 0 0 0 
1 0.800594 0.516679 0.223141 0.0484775 0.0039194 0.0001185 1.2e-06 0 0 0 0 0 0 0 0 0 0 0 0 
1 0.800393 0.516944 0.223428 0.0485213 0.0039342 0.0001217 2.2e-06 0 0 0 0 0 0 0 0 0 0 0 0 
1 0.800957 0.518057 0.224805 0.0491555 0.004064 0.0001266 3.2e-06 0 0 0 0 0 0 0 0 0 0 0 0 
1 0.799968 0.515665 0.222081 0.0477879 0.0038291 0.000116 2.3e-06 0 0 0 0 0 0 0 0 0 0 0 0 
1 0.799972 0.516242 0.222709 0.0482321 0.0038978 0.0001186 1.8e-06 0 0 0 0 0 0 0 0 0 0 0 0 
1 0.799982 0.516071 0.222742 0.048251 0.0038878 0.0001195 2.1e-06 0 0 0 0 0 0 0 0 0 0 0 0 
1 0.799786 0.515435 0.221826 0.0479015 0.0038617 0.0001189 1.4e-06 0 0 0 0 0 0 0 0 0 0 0 0 
1 0.799923 0.516233 0.223205 0.0484775 0.0039284 0.0001199 1.4e-06 0 0 0 0 0 0 0 0 0 0 0 0 
1 0.800408 0.516535 0.223045 0.0482995 0.0038727 0.0001193 2.5e-06 0 0 0 0 0 0 0 0 0 0 0 0 
1 0.799876 0.515816 0.22215 0.0478143 0.0037829 0.0001139 3.3e-06 0 0 0 0 0 0 0 0 0 0 0 0 
1 0.800339 0.516393 0.222925 0.0482761 0.003928 0.0001183 2.9e-06 0 0 0 0 0 0 0 0 0 0 0 0 
1 0.799196 0.514696 0.221084 0.0474217 0.0037896 0.0001137 2.2e-06 1e-07 0 0 0 0 0 0 0 0 0 0 0 
1 0.800984 0.517505 0.223617 0.0486289 0.0039933 0.0001327 3.3e-06 0 0 0 0 0 0 0 0 0 0 0 0 
1 0.800419 0.516876 0.223843 0.0489364 0.004033 0.0001225 2.2e-06 0 0 0 0 0 0 0 0 0 0 0 0 
1 0.800132 0.51625 0.222918 0.0482705 0.0038779 0.0001191 1.5e-06 0 0 0 0 0 0 0 0 0 0 0 0 
1 0.800163 0.516505 0.223 0.0485146 0.0039627 0.0001269 3.6e-06 0 0 0 0 0 0 0 0 0 0 0 0 
1 0.800339 0.516453 0.222769 0.0481652 0.0039123 0.0001213 3.2e-06 0 0 0 0 0 0 0 0 0 0 0 0 
1 0.800019 0.51624 0.222782 0.0483053 0.0039081 0.000116 3.2e-06 2e-07 0 0 0 0 0 0 0 0 0 0 0 
1 0.799814 0.515518 0.221912 0.0478093 0.0038333 0.0001094 1.5e-06 0 0 0 0 0 0 0 0 0 0 0 0 
1 0.799577 0.515306 0.221703 0.0476914 0.0038279 0.0001116 1.8e-06 0 0 0 0 0 0 0 0 0 0 0 0 
1 0.799544 0.515097 0.22162 0.0476487 0.0038152 0.000113 1.8e-06 0 0 0 0 0 0 0 0 0 0 0 0 
1 0.799894 0.515468 0.221683 0.0477113 0.0038192 0.0001159 1.9e-06 0 0 0 0 0 0 0 0 0 0 0 0 
1 0.800489 0.517027 0.223831 0.0486114 0.003859 0.0001119 7e-07 0 0 0 0 0 0 0 0 0 0 0 0 
1 0.800274 0.516787 0.223033 0.0485501 0.0040045 0.0001218 3.1e-06 0 0 0 0 0 0 0 0 0 0 0 0 
1 0.799891 0.515351 0.221914 0.0479243 0.0038326 0.000118 1.4e-06 0 0 0 0 0 0 0 0 0 0 0 0 
1 0.799736 0.515642 0.222228 0.0481189 0.0038408 0.0001185 1.5e-06 0 0 0 0 0 0 0 0 0 0 0 0 
1 0.799701 0.515834 0.222052 0.0478375 0.0038302 0.0001142 2.9e-06 2e-07 0 0 0 0 0 0 0 0 0 0 0 
1 0.800414 0.516553 0.222818 0.0481857 0.00392 0.0001272 3.8e-06 0 0 0 0 0 0 0 0 0 0 0 0 
1 0.800084 0.515837 0.222455 0.0481352 0.0039218 0.0001158 1.8e-06 0 0 0 0 0 0 0 0 0 0 0 0 
1 0.800437 0.516774 0.222959 0.0482671 0.0038477 0.0001144 3.2e-06 0 0 0 0 0 0 0 0 0 0 0 0 
1 0.79972 0.515381 0.221742 0.0478037 0.0038139 0.0001141 1.4e-06 0 0 0 0 0 0 0 0 0 0 0 0 
1 0.800194 0.516559 0.223117 0.0485044 0.0039229 0.0001172 2.3e-06 0 0 0 0 0 0 0 0 0 0 0 0 
1 0.800499 0.517163 0.223955 0.0486925 0.0039739 0.0001284 2.5e-06 2e-07 0 0 0 0 0 0 0 0 0 0 0 
1 0.800347 0.516689 0.223449 0.0486211 0.0039764 0.0001225 2.3e-06 0 0 0 0 0 0 0 0 0 0 0 0 
1 0.800796 0.517214 0.223822 0.0486778 0.0039891 0.0001245 2.2e-06 0 0 0 0 0 0 0 0 0 0 0 0 
1 0.800408 0.516584 0.222978 0.0483529 0.0038954 0.0001168 2.8e-06 1e-07 0 0 0 0 0 0 0 0 0 0 0 
1 0.800417 0.516589 0.222843 0.0482214 0.0039424 0.0001183 1.6e-06 0 0 0 0 0 0 0 0 0 0 0 0 
1 0.800021 0.516073 0.222973 0.0483712 0.0039453 0.000126 2.9e-06 0 0 0 0 0 0 0 0 0 0 0 0 
1 0.800034 0.516008 0.222387 0.0479244 0.0038087 0.0001109 1.4e-06 0 0 0 0 0 0 0 0 0 0 0 0 
1 0.799689 0.515585 0.222036 0.0480568 0.0038987 0.0001268 2.6e-06 0 0 0 0 0 0 0 0 0 0 0 0 
1 0.800067 0.516075 0.222924 0.0483395 0.0039053 0.0001141 2e-06 0 0 0 0 0 0 0 0 0 0 0 0 
1 0.800461 0.516938 0.223338 0.0484333 0.0038841 0.0001079 2e-06 0 0 0 0 0 0 0 0 0 0 0 0 
1 0.799704 0.515065 0.221304 0.0476072 0.0038306 0.0001143 1.8e-06 0 0 0 0 0 0 0 0 0 0 0 0 
1 0.799612 0.515443 0.222172 0.0482174 0.0038862 0.0001222 2.3e-06 6e-07 0 0 0 0 0 0 0 0 0 0 0 
1 0.79989 0.515431 0.22168 0.047555 0.003753 0.0001125 1.1e-06 0 0 0 0 0 0 0 0 0 0 0 0 
1 0.800759 0.517212 0.223843 0.0487722 0.0039971 0.0001265 1.7e-06 0 0 0 0 0 0 0 0 0 0 0 0 
1 0.799248 0.514679 0.221327 0.0477071 0.0038542 0.000123 2.3e-06 0 0 0 0 0 0 0 0 0 0 0 0 
1 0.800134 0.516391 0.222987 0.0482223 0.0039251 0.0001208 2.7e-06 0 0 0 0 0 0 0 0 0 0 0 0 
1 0.800625 0.517202 0.223821 0.0486838 0.003979 0.000128 2.1e-06 1e-07 0 0 0 0 0 0 0 0 0 0 0 
1 0.800776 0.51721 0.223801 0.0486797 0.0040127 0.0001218 1.4e-06 0 0 0 0 0 0 0 0 0 0 0 0 
1 0.799947 0.515542 0.222094 0.048 0.0038822 0.0001125 3.3e-06 0 0 0 0 0 0 0 0 0 0 0 0 
1 0.799648 0.515162 0.222068 0.0480652 0.0039266 0.0001301 4.3e-06 0 0 0 0 0 0 0 0 0 0 0 0 
1 0.799898 0.515313 0.221925 0.0479381 0.0038865 0.0001275 1.9e-06 0 0 0 0 0 0 0 0 0 0 0 0 
1 0.799127 0.514309 0.220981 0.047396 0.0037487 0.0001082 2.8e-06 1e-07 0 0 0 0 0 0 0 0 0 0 0 
1 0.800219 0.516135 0.222347 0.048063 0.0039352 0.000118 3.2e-06 4e-07 0 0 0 0 0 0 0 0 0 0 0 
1 0.799814 0.515571 0.222406 0.0480199 0.0038487 0.0001083 1.5e-06 0 0 0 0 0 0 0 0 0 0 0 0 
1 0.800855 0.517405 0.223931 0.0485388 0.0038774 0.0001134 2e-06 0 0 0 0 0 0 0 0 0 0 0 0 
1 0.799977 0.515658 0.221977 0.0479809 0.0038915 0.00011 2.3e-06 0 0 0 0 0 0 0 0 0 0 0 0 
1 0.800557 0.517253 0.223712 0.0486725 0.0039305 0.0001191 1.8e-06 0 0 0 0 0 0 0 0 0 0 0 0 
1 0.799751 0.515457 0.22218 0.0482143 0.0039411 0.0001295 2.1e-06 0 0 0 0 0 0 0 0 0 0 0 0 
1 0.800219 0.516569 0.222909 0.0482742 0.0039106 0.0001185 2.2e-06 1e-07 0 0 0 0 0 0 0 0 0 0 0 
1 0.800238 0.515924 0.222172 0.0478713 0.003849 0.0001191 3e-06 1e-07 0 0 0 0 0 0 0 0 0 0 0 
1 0.800953 0.518111 0.22454 0.0490671 0.0040074 0.0001274 3.6e-06 0 0 0 0 0 0 0 0 0 0 0 0 
1 0.799634 0.515397 0.22202 0.0478267 0.0038123 0.0001139 2.6e-06 1e-07 0 0 0 0 0 0 0 0 0 0 0 
1 0.800264 0.516341 0.222737 0.0483143 0.0038928 0.0001159 2.8e-06 0 0 0 0 0 0 0 0 0 0 0 0 
1 0.799799 0.51526 0.221642 0.0476545 0.0038237 0.0001179 1.4e-06 0 0 0 0 0 0 0 0 0 0 0 0 
1 0.80021 0.516152 0.222659 0.0482388 0.0038447 0.0001224 1.3e-06 0 0 0 0 0 0 0 0 0 0 0 0 
1 0.799875 0.515488 0.221935 0.0477093 0.0037757 0.0001144 1.4e-06 0 0 0 0 0 0 0 0 0 0 0 0 
1 0.799902 0.515419 0.221774 0.0478974 0.0038112 0.0001173 1.6e-06 0 0 0 0 0 0 0 0 0 0 0 0 
1 0.800667 0.51692 0.223516 0.0487699 0.0039967 0.0001289 2.6e-06 2e-07 0 0 0 0 0 0 0 0 0 0 0 
1 0.799894 0.515826 0.221949 0.0477426 0.0038059 0.0001208 2.6e-06 0 0 0 0 0 0 0 0 0 0 0 0 
1 0.800055 0.516375 0.22291 0.0483505 0.003948 0.0001142 2.2e-06 0 0 0 0 0 0 0 0 0 0 0 0 
1 0.799111 0.514495 0.221014 0.047557 0.0037802 0.0001179 2.1e-06 0 0 0 0 0 0 0 0 0 0 0 0 
1 0.79965 0.515253 0.221495 0.0475296 0.0037469 0.0001073 1.9e-06 0 0 0 0 0 0 0 0 0 0 0 0 
1 0.799608 0.515156 0.221746 0.0477115 0.003807 0.0001111 1.9e-06 0 0 0 0 0 0 0 0 0 0 0 0 
1 0.800177 0.516448 0.222709 0.0481673 0.0037849 0.0001012 1.8e-06 0 0 0 0 0 0 0 0 0 0 0 0 
1 0.799477 0.514747 0.221072 0.0476282 0.0037824 0.0001179 2.7e-06 0 0 0 0 0 0 0 0 0 0 0 0 
1 0.799556 0.514907 0.221479 0.0477138 0.0038123 0.0001101 2.9e-06 1e-07 0 0 0 0 0 0 0 0 0 0 0 
1 0.80053 0.516944 0.223675 0.0484697 0.0039193 0.0001117 2.2e-06 1e-07 0 0 0 0 0 0 0 0 0 0 0 
1 0.800426 0.5165 0.222978 0.0484348 0.0039508 0.0001168 1.3e-06 1e-07 0 0 0 0 0 0 0 0 0 0 0 
1 0.800142 0.51609 0.222742 0.0480759 0.0039035 0.0001291 3.8e-06 2e-07 0 0 0 0 0 0 0 0 0 0 0 
1 0.800469 0.516803 0.223453 0.0487241 0.0040233 0.0001306 1.3e-06 0 0 0 0 0 0 0 0 0 0 0 0 
1 0.80011 0.516464 0.223193 0.0484252 0.0039065 0.0001111 9e-07 0 0 0 0 0 0 0 0 0 0 0 0 
1 0.799277 0.514271 0.220555 0.0472837 0.0037454 0.0001102 2e-06 0 0 0 0 0 0 0 0 0 0 0 0 
1 0.799598 0.515086 0.221373 0.0475531 0.0037542 0.0001128 1e-06 0 0 0 0 0 0 0 0 0 0 0 0 
1 0.800446 0.516733 0.223124 0.0482529 0.0038771 0.0001205 2.6e-06 1e-07 0 0 0 0 0 0 0 0 0 0 0 
1 0.799757 0.515517 0.222018 0.0480143 0.0038601 0.0001213 2.9e-06 0 0 0 0 0 0 0 0 0 0 0 0 
1 0.799866 0.515523 0.221834 0.0476726 0.0037738 0.0001171 2.6e-06 0 0 0 0 0 0 0 0 0 0 0 0 
1 0.799818 0.515591 0.222209 0.0479084 0.0037997 0.0001103 1.6e-06 0 0 0 0 0 0 0 0 0 0 0 0 
1 0.799411 0.514909 0.221469 0.0477926 0.0038733 0.0001223 3.4e-06 1e-07 0 0 0 0 0 0 0 0 0 0 0 
1 0.800285 0.516844 0.223564 0.0484408 0.0038925 0.0001292 2.5e-06 0 0 0 0 0 0 0 0 0 0 0 0 
1 0.799779 0.515378 0.221841 0.0476862 0.0038081 0.0001141 2.1e-06 0 0 0 0 0 0 0 0 0 0 0 0 
1 0.800007 0.515653 0.222349 0.0481657 0.0038908 0.0001197 1.5e-06 0 0 0 0 0 0 0 0 0 0 0 0 
1 0.800331 0.51658 0.222962 0.0481016 0.0038895 0.0001177 2.8e-06 0 0 0 0 0 0 0 0 0 0 0 0 
1 0.800111 0.516382 0.223075 0.0481235 0.0038453 0.0001174 2.4e-06 0 0 0 0 0 0 0 0 0 0 0 0 
1 0.799444 0.514808 0.221126 0.0475622 0.0037699 0.0001159 1.6e-06 0 0 0 0 0 0 0 0 0 0 0 0 
1 0.799176 0.514153 0.220692 0.0473966 0.0037855 0.0001157 3.1e-06 0 0 0 0 0 0 0 0 0 0 0 0 
1 0.800241 0.516183 0.222372 0.0479082 0.0038114 0.0001081 1.7e-06 0 0 0 0 0 0 0 0 0 0 0 0 
1 0.800439 0.516946 0.223444 0.0485202 0.0038679 0.0001083 2.5e-06 1e-07 0 0 0 0 0 0 0 0 0 0 0 
1 0.800102 0.516357 0.22297 0.0483126 0.00395 0.0001188 1.4e-06 0 0 0 0 0 0 0 0 0 0 0 0 
1 0.800202 0.51622 0.22311 0.0483931 0.0039529 0.0001244 1.2e-06 0 0 0 0 0 0 0 0 0 0 0 0 
1 0.799213 0.514473 0.220981 0.0475047 0.003838 0.0001128 1.9e-06 0 0 0 0 0 0 0 0 0 0 0 0 
1 0.799926 0.515872 0.222232 0.0478919 0.0037969 0.000105 1.5e-06 0 0 0 0 0 0 0 0 0 0 0 0 
1 0.800423 0.516838 0.2235 0.048591 0.0039468 0.0001208 2.3e-06 0 0 0 0 0 0 0 0 0 0 0 0 
1 0.80023 0.516619 0.223243 0.0482946 0.0038795 0.0001201 2.3e-06 0 0 0 0 0 0 0 0 0 0 0 0 
1 0.800509 0.516898 0.223711 0.0487421 0.0039282 0.0001226 2.7e-06 0 0 0 0 0 0 0 0 0 0 0 0 
1 0.799615 0.515358 0.222212 0.0479037 0.0038031 0.0001054 1.8e-06 0 0 0 0 0 0 0 0 0 0 0 0 
1 0.800304 0.516153 0.222581 0.0480936 0.0038988 0.0001282 4.1e-06 7e-07 0 0 0 0 0 0 0 0 0 0 0 
1 0.799507 0.514851 0.221151 0.04752 0.0038157 0.000118 2.1e-06 0 0 0 0 0 0 0 0 0 0 0 0 
1 0.799682 0.515472 0.222129 0.0482532 0.0039115 0.0001119 2.2e-06 1e-07 0 0 0 0 0 0 0 0 0 0 0 
1 0.800084 0.516255 0.222663 0.0480946 0.0038202 0.0001212 3.2e-06 1e-07 0 0 0 0 0 0 0 0 0 0 0 
1 0.799747 0.515382 0.221763 0.0478487 0.0038931 0.0001099 2e-06 1e-07 0 0 0 0 0 0 0 0 0 0 0 
1 0.80018 0.516508 0.222869 0.0482376 0.0039097 0.0001302 3.8e-06 1e-07 0 0 0 0 0 0 0 0 0 0 0 
1 0.799347 0.515281 0.221624 0.0478529 0.0038809 0.000123 2.1e-06 0 0 0 0 0 0 0 0 0 0 0 0 
1 0.800734 0.51728 0.22393 0.0487159 0.003931 0.0001149 2.1e-06 0 0 0 0 0 0 0 0 0 0 0 0 
1 0.799848 0.515841 0.222476 0.0481752 0.0038807 0.0001241 2.2e-06 0 0 0 0 0 0 0 0 0 0 0 0 
1 0.800415 0.516803 0.22335 0.0486124 0.0039903 0.0001271 1.8e-06 0 0 0 0 0 0 0 0 0 0 0 0 
1 0.799942 0.516058 0.222642 0.048224 0.0038923 0.0001233 2.2e-06 0 0 0 0 0 0 0 0 0 0 0 0 
1 0.799809 0.515763 0.222392 0.0480008 0.0038479 0.0001205 1.9e-06 0 0 0 0 0 0 0 0 0 0 0 0 
1 0.799698 0.515307 0.22121 0.0473307 0.0037546 0.0001057 1.5e-06 0 0 0 0 0 0 0 0 0 0 0 0 
1 0.800391 0.516234 0.222711 0.0481289 0.0038497 0.0001189 2.4e-06 0 0 0 0 0 0 0 0 0 0 0 0 
1 0.800325 0.516432 0.222867 0.0481645 0.0038358 0.0001176 2e-06 0 0 0 0 0 0 0 0 0 0 0 0 
1 0.800038 0.515814 0.222311 0.0480555 0.0038831 0.0001222 3.2e-06 0 0 0 0 0 0 0 0 0 0 0 0 
1 0.800104 0.515857 0.222211 0.0478789 0.0038151 0.0001057 1.7e-06 1e-07 0 0 0 0 0 0 0 0 0 0 0 
1 0.800171 0.515734 0.222522 0.0480298 0.0038453 0.0001113 1.9e-06 0 0 0 0 0 0 0 0 0 0 0 0 
1 0.79997 0.515935 0.222654 0.048308 0.0039415 0.0001222 2.2e-06 1e-07 0 0 0 0 0 0 0 0 0 0 0 
1 0.800067 0.516342 0.222674 0.0480944 0.0038619 0.0001151 1.1e-06 1e-07 0 0 0 0 0 0 0 0 0 0 0 
1 0.799878 0.515958 0.222559 0.0483008 0.0039444 0.0001179 1.8e-06 0 0 0 0 0 0 0 0 0 0 0 0 
1 0.800854 0.517561 0.224088 0.0487956 0.0039741 0.0001191 2.3e-06 0 0 0 0 0 0 0 0 0 0 0 0 
1 0.800274 0.516599 0.223221 0.0485918 0.0040027 0.0001305 3e-06 0 0 0 0 0 0 0 0 0 0 0 0 
1 0.799749 0.515096 0.221419 0.0476147 0.0037795 0.0001085 3e-06 0 0 0 0 0 0 0 0 0 0 0 0 
1 0.799206 0.514473 0.22107 0.0473606 0.0037855 0.0001181 1.7e-06 0 0 0 0 0 0 0 0 0 0 0 0 
1 0.799747 0.515505 0.221852 0.0479539 0.0038098 0.0001137 9e-07 0 0 0 0 0 0 0 0 0 0 0 0 
1 0.799837 0.515583 0.222023 0.0479452 0.0038363 0.000111 1.7e-06 0 0 0 0 0 0 0 0 0 0 0 0 
1 0.800419 0.516579 0.222986 0.0482986 0.0038726 0.0001131 2.8e-06 0 0 0 0 0 0 0 0 0 0 0 0 
1 0.800129 0.51649 0.223372 0.0484966 0.0039022 0.0001204 2.8e-06 3e-07 0 0 0 0 0 0 0 0 0 0 0 
1 0.800159 0.516409 0.222669 0.048177 0.0038562 0.0001134 2.4e-06 0 0 0 0 0 0 0 0 0 0 0 0 
1 0.800036 0.516217 0.222506 0.0480272 0.0039091 0.0001206 2.2e-06 0 0 0 0 0 0 0 0 0 0 0 0 
1 0.800222 0.516248 0.222852 0.0481984 0.0038542 0.0001103 1.6e-06 0 0 0 0 0 0 0 0 0 0 0 0 
1 0.800164 0.515846 0.222211 0.0479561 0.0037989 0.0001135 1.6e-06 1e-07 0 0 0 0 0 0 0 0 0 0 0 
1 0.799817 0.515702 0.222226 0.0479125 0.0038248 0.0001174 2e-06 0 0 0 0 0 0 0 0 0 0 0 0 
1 0.799695 0.515684 0.222355 0.0481871 0.003903 0.000119 2.3e-06 0 0 0 0 0 0 0 0 0 0 0 0 
1 0.800021 0.515984 0.222416 0.0482419 0.0039288 0.00012 2.8e-06 0 0 0 0 0 0 0 0 0 0 0 0 
1 0.799271 0.514829 0.221515 0.0477253 0.0038001 0.0001106 2.7e-06 1e-07 0 0 0 0 0 0 0 0 0 0 0 
1 0.799873 0.51559 0.222137 0.0479404 0.00385 0.0001144 2.9e-06 0 0 0 0 0 0 0 0 0 0 0 0 
1 0.799763 0.51591 0.222447 0.0481458 0.0038868 0.0001213 2.1e-06 0 0 0 0 0 0 0 0 0 0 0 0 
1 0.800011 0.516063 0.222791 0.048279 0.0039557 0.0001207 2.4e-06 0 0 0 0 0 0 0 0 0 0 0 0 
1 0.800363 0.516391 0.222762 0.0480733 0.0038562 0.0001208 2e-06 0 0 0 0 0 0 0 0 0 0 0 0 
1 0.799983 0.515951 0.22224 0.0480813 0.0038239 0.0001188 3.5e-06 0 0 0 0 0 0 0 0 0 0 0 0 
1 0.800379 0.516562 0.223252 0.0485807 0.0039331 0.0001148 2e-06 0 0 0 0 0 0 0 0 0 0 0 0 
1 0.799141 0.51441 0.220779 0.0474476 0.0038141 0.0001266 2.1e-06 0 0 0 0 0 0 0 0 0 0 0 0 
1 0.800049 0.516209 0.22282 0.0481504 0.0039022 0.000119 1.8e-06 0 0 0 0 0 0 0 0 0 0 0 0 
1 0.800049 0.515882 0.22224 0.0477942 0.0038108 0.0001107 4e-06 0 0 0 0 0 0 0 0 0 0 0 0 
1 0.79991 0.515717 0.222056 0.0478553 0.0038167 0.0001116 2.1e-06 0 0 0 0 0 0 0 0 0 0 0 0 
1 0.799844 0.515619 0.221981 0.0478367 0.0038263 0.0001155 1.8e-06 0 0 0 0 0 0 0 0 0 0 0 0 
1 0.80004 0.516366 0.223019 0.0485425 0.0039744 0.0001235 2.8e-06 0 0 0 0 0 0 0 0 0 0 0 0 
1 0.799944 0.516038 0.222487 0.0480915 0.0038795 0.0001173 2.8e-06 0 0 0 0 0 0 0 0 0 0 0 0 
1 0.801074 0.518121 0.224936 0.0491806 0.0040021 0.000123 2.1e-06 0 0 0 0 0 0 0 0 0 0 0 0 
1 0.799753 0.515589 0.222032 0.0478025 0.0038585 0.0001198 2.6e-06 0 0 0 0 0 0 0 0 0 0 0 0 
1 0.800358 0.516427 0.222877 0.0482751 0.0038682 0.0001104 1.8e-06 1e-07 0 0 0 0 0 0 0 0 0 0 0 
1 0.800481 0.516716 0.223356 0.0484508 0.0038879 0.0001129 2.2e-06 1e-07 0 0 0 0 0 0 0 0 0 0 0 
1 0.800705 0.517296 0.22383 0.0485904 0.0039811 0.0001262 2.4e-06 0 0 0 0 0 0 0 0 0 0 0 0 
1 0.800529 0.516823 0.223396 0.0485522 0.0039442 0.0001223 3.3e-06 2e-07 0 0 0 0 0 0 0 0 0 0 0 
1 0.800786 0.517141 0.223385 0.0482591 0.0038747 0.0001172 1.8e-06 0 0 0 0 0 0 0 0 0 0 0 0 
1 0.80021 0.516608 0.223212 0.0484497 0.0039062 0.000117 2.5e-06 0 0 0 0 0 0 0 0 0 0 0 0 
1 0.800066 0.516292 0.223124 0.0485315 0.0039055 0.0001184 1.7e-06 0 0 0 0 0 0 0 0 0 0 0 0 
1 0.799651 0.515223 0.221193 0.0476381 0.0038398 0.0001153 1.5e-06 1e-07 0 0 0 0 0 0 0 0 0 0 0 
1 0.799099 0.514627 0.221035 0.047614 0.0038198 0.0001163 2e-06 0 0 0 0 0 0 0 0 0 0 0 0 
1 0.800046 0.516346 0.222834 0.0482357 0.0039214 0.0001244 2e-06 0 0 0 0 0 0 0 0 0 0 0 0 
1 0.80013 0.516469 0.223232 0.048639 0.0039817 0.0001209 2.7e-06 7e-07 0 0 0 0 0 0 0 0 0 0 0 
1 0.799681 0.514872 0.221267 0.0475109 0.0037821 0.0001171 2.1e-06 1e-07 0 0 0 0 0 0 0 0 0 0 0 
1 0.800196 0.516337 0.22297 0.0483108 0.0039161 0.0001245 3.2e-06 1e-07 0 0 0 0 0 0 0 0 0 0 0 
1 0.799328 0.514895 0.221236 0.0476384 0.0038383 0.0001181 2.4e-06 0 0 0 0 0 0 0 0 0 0 0 0 
1 0.799456 0.514919 0.221768 0.0479344 0.0039157 0.0001241 1.8e-06 0 0 0 0 0 0 0 0 0 0 0 0 
1 0.800246 0.516557 0.223304 0.0483781 0.0038815 0.0001213 4.4e-06 0 0 0 0 0 0 0 0 0 0 0 0 
1 0.799801 0.515643 0.222505 0.0483977 0.0039467 0.0001178 2.4e-06 0 0 0 0 0 0 0 0 0 0 0 0 
1 0.799746 0.515262 0.221904 0.0478494 0.0038729 0.0001172 2e-06 0 0 0 0 0 0 0 0 0 0 0 0 
1 0.800276 0.516065 0.222703 0.0482443 0.0038776 0.0001262 3.2e-06 0 0 0 0 0 0 0 0 0 0 0 0 
1 0.799772 0.515516 0.222091 0.0478852 0.0038521 0.0001128 2.4e-06 0 0 0 0 0 0 0 0 0 0 0 0 
1 0.800221 0.51592 0.222365 0.0480277 0.0038127 0.0001121 1.2e-06 0 0 0 0 0 0 0 0 0 0 0 0 
1 0.800514 0.516941 0.223471 0.0484376 0.0038864 0.0001138 1.5e-06 0 0 0 0 0 0 0 0 0 0 0 0 
1 0.799226 0.514753 0.221166 0.0474524 0.0037944 0.0001233 1.8e-06 0 0 0 0 0 0 0 0 0 0 0 0 
1 0.800107 0.516092 0.222485 0.0481785 0.0038274 0.0001125 2.1e-06 0 0 0 0 0 0 0 0 0 0 0 0 
1 0.800323 0.516359 0.223042 0.0483861 0.0039462 0.0001251 2.2e-06 0 0 0 0 0 0 0 0 0 0 0 0 
1 0.800108 0.516478 0.223396 0.048568 0.003923 0.0001196 2.1e-06 0 0 0 0 0 0 0 0 0 0 0 0 
1 0.800454 0.516747 0.223238 0.0482644 0.0039233 0.0001288 2.5e-06 0 0 0 0 0 0 0 0 0 0 0 0 
1 0.80017 0.516272 0.222588 0.0481622 0.003864 0.000121 2.9e-06 1e-07 0 0 0 0 0 0 0 0 0 0 0 
1 0.799866 0.515436 0.222027 0.0478713 0.0038447 0.0001123 1.5e-06 0 0 0 0 0 0 0 0 0 0 0 0 
1 0.799443 0.515276 0.222127 0.0481697 0.0039033 0.000117 1.4e-06 0 0 0 0 0 0 0 0 0 0 0 0 
1 0.800427 0.516943 0.223416 0.0486506 0.0039971 0.0001237 2e-06 0 0 0 0 0 0 0 0 0 0 0 0 
1 0.800085 0.516025 0.222717 0.0484835 0.0039426 0.0001223 2.2e-06 0 0 0 0 0 0 0 0 0 0 0 0 
1 0.799447 0.514735 0.220955 0.0474882 0.0037842 0.0001088 9e-07 1e-07 0 0 0 0 0 0 0 0 0 0 0 
1 0.799639 0.515046 0.221728 0.0478345 0.0038859 0.0001278 1.8e-06 0 0 0 0 0 0 0 0 0 0 0 0 
1 0.799593 0.515244 0.221746 0.0478455 0.0038832 0.0001101 2.6e-06 0 0 0 0 0 0 0 0 0 0 0 0 
1 0.800221 0.515839 0.22244 0.0481842 0.0039209 0.0001151 2.6e-06 0 0 0 0 0 0 0 0 0 0 0 0 
1 0.799758 0.5153 0.221743 0.0476533 0.0038256 0.0001152 1.4e-06 0 0 0 0 0 0 0 0 0 0 0 0 
1 0.800101 0.516412 0.223177 0.0484865 0.0039213 0.0001192 2.2e-06 2e-07 0 0 0 0 0 0 0 0 0 0 0 
1 0.800101 0.516736 0.222892 0.0481125 0.0038846 0.0001158 2e-06 0 0 0 0 0 0 0 0 0 0 0 0 
1 0.800068 0.515885 0.222435 0.0479309 0.0037919 0.0001078 1.9e-06 0 0 0 0 0 0 0 0 0 0 0 0 
1 0.800206 0.516235 0.22289 0.0485036 0.003976 0.000124 2.8e-06 3e-07 0 0 0 0 0 0 0 0 0 0 0 
1 0.800469 0.516911 0.22343 0.0484121 0.003991 0.0001168 1.5e-06 0 0 0 0 0 0 0 0 0 0 0 0 
1 0.800241 0.516195 0.22289 0.0482559 0.0039419 0.0001253 2.7e-06 3e-07 0 0 0 0 0 0 0 0 0 0 0 
1 0.799823 0.515584 0.22231 0.0481659 0.0039781 0.0001304 2.5e-06 1e-07 0 0 0 0 0 0 0 0 0 0 0 
1 0.800009 0.516503 0.223085 0.0482888 0.0038651 0.0001216 2.1e-06 1e-07 0 0 0 0 0 0 0 0 0 0 0 
1 0.800189 0.515865 0.222091 0.0481309 0.0039196 0.0001237 1.8e-06 0 0 0 0 0 0 0 0 0 0 0 0 
1 0.800155 0.515894 0.222413 0.0479405 0.003813 0.0001142 1e-06 0 0 0 0 0 0 0 0 0 0 0 0 
1 0.799777 0.515571 0.222299 0.0480318 0.0038384 0.0001251 2.4e-06 0 0 0 0 0 0 0 0 0 0 0 0 
1 0.799859 0.515772 0.222342 0.0481792 0.0039464 0.0001211 3e-06 0 0 0 0 0 0 0 0 0 0 0 0 
1 0.799882 0.515503 0.222119 0.04789 0.0038496 0.0001153 1.6e-06 0 0 0 0 0 0 0 0 0 0 0 0 
1 0.799803 0.515382 0.221893 0.0478364 0.0037865 0.0001101 2.2e-06 2e-07 0 0 0 0 0 0 0 0 0 0 0 
1 0.800272 0.516015 0.222533 0.0480219 0.0038326 0.0001187 2.3e-06 0 0 0 0 0 0 0 0 0 0 0 0 
1 0.799999 0.51563 0.221997 0.0478152 0.0038035 0.0001136 1.2e-06 0 0 0 0 0 0 0 0 0 0 0 0 
1 0.80001 0.516226 0.222707 0.0483483 0.0039699 0.0001182 3.4e-06 0 0 0 0 0 0 0 0 0 0 0 0 
1 0.800067 0.515942 0.222751 0.0483147 0.0039522 0.00012 3e-06 1e-07 0 0 0 0 0 0 0 0 0 0 0 
1 0.800379 0.516457 0.223191 0.0482686 0.0038725 0.0001226 2.7e-06 0 0 0 0 0 0 0 0 0 0 0 0 
1 0.800232 0.516177 0.222619 0.0479818 0.0038309 0.00012 1.6e-06 1e-07 0 0 0 0 0 0 0 0 0 0 0 
1 0.799574 0.515027 0.221589 0.0479743 0.0038765 0.0001284 1.9e-06 0 0 0 0 0 0 0 0 0 0 0 0 
1 0.800236 0.516467 0.223028 0.0484055 0.0039228 0.0001154 1.5e-06 0 0 0 0 0 0 0 0 0 0 0 0 
1 0.799516 0.515232 0.221751 0.047802 0.0038381 0.0001139 1.7e-06 1e-07 0 0 0 0 0 0 0 0 0 0 0 
1 0.800227 0.516427 0.222832 0.0481844 0.003863 0.0001134 2.5e-06 1e-07 0 0 0 0 0 0 0 0 0 0 0 
1 0.800393 0.516923 0.223374 0.0482006 0.0038258 0.0001132 2e-06 0 0 0 0 0 0 0 0 0 0 0 0 
1 0.800528 0.516834 0.223189 0.0483152 0.0038934 0.0001241 2.4e-06 0 0 0 0 0 0 0 0 0 0 0 0 
1 0.800192 0.516025 0.222462 0.0480648 0.0038319 0.000119 2.3e-06 0 0 0 0 0 0 0 0 0 0 0 0 
1 0.799901 0.515863 0.222638 0.0482894 0.0039238 0.0001253 2.3e-06 0 0 0 0 0 0 0 0 0 0 0 0 
1 0.800086 0.51589 0.222402 0.0482027 0.0038571 0.0001146 1.6e-06 0 0 0 0 0 0 0 0 0 0 0 0 
1 0.800142 0.516286 0.222493 0.0481572 0.0038866 0.0001232 2e-06 0 0 0 0 0 0 0 0 0 0 0 0 
1 0.799806 0.515289 0.221623 0.0478396 0.003874 0.0001233 1.6e-06 0 0 0 0 0 0 0 0 0 0 0 0 
1 0.80024 0.516476 0.2231 0.048468 0.0039021 0.0001208 2.5e-06 1e-07 0 0 0 0 0 0 0 0 0 0 0 
1 0.799902 0.515621 0.222164 0.0479047 0.0038561 0.0001159 1.4e-06 0 0 0 0 0 0 0 0 0 0 0 0 
1 0.800273 0.516651 0.223119 0.0484165 0.003952 0.0001238 2.5e-06 0 0 0 0 0 0 0 0 0 0 0 0 
1 0.800292 0.516221 0.222381 0.0478341 0.0038279 0.0001188 2.1e-06 0 0 0 0 0 0 0 0 0 0 0 0 
1 0.799671 0.51587 0.222497 0.0481653 0.0038707 0.0001064 2.5e-06 0 0 0 0 0 0 0 0 0 0 0 0 
1 0.800646 0.517403 0.224135 0.0487678 0.0039504 0.0001242 2e-06 3e-07 0 0 0 0 0 0 0 0 0 0 0 
1 0.79966 0.515491 0.221726 0.0478969 0.003835 0.0001154 1.5e-06 0 0 0 0 0 0 0 0 0 0 0 0 
1 0.800589 0.517374 0.223807 0.048409 0.0039425 0.000117 1e-06 0 0 0 0 0 0 0 0 0 0 0 0 
1 0.800497 0.517159 0.223531 0.048584 0.0039954 0.0001223 1.1e-06 0 0 0 0 0 0 0 0 0 0 0 0 
1 0.800314 0.516526 0.223329 0.0485296 0.0039203 0.0001265 3.1e-06 2e-07 0 0 0 0 0 0 0 0 0 0 0 
1 0.799472 0.514883 0.221273 0.0474257 0.0037612 0.0001117 1.9e-06 0 0 0 0 0 0 0 0 0 0 0 0 
1 0.799995 0.516078 0.222865 0.048326 0.0039599 0.0001167 2.6e-06 2e-07 0 0 0 0 0 0 0 0 0 0 0 
1 0.799681 0.51486 0.221261 0.047426 0.0038335 0.0001186 2.3e-06 4e-07 0 0 0 0 0 0 0 0 0 0 0 
1 0.800177 0.516349 0.222914 0.0482782 0.0039044 0.000129 3.1e-06 0 0 0 0 0 0 0 0 0 0 0 0 
1 0.799126 0.514237 0.220775 0.0472811 0.0037942 0.0001186 1.2e-06 0 0 0 0 0 0 0 0 0 0 0 0 
1 0.799755 0.515318 0.221685 0.0476981 0.0038497 0.0001196 2.1e-06 0 0 0 0 0 0 0 0 0 0 0 0 
1 0.799847 0.515487 0.221922 0.047572 0.0038149 0.000111 2.3e-06 0 0 0 0 0 0 0 0 0 0 0 0 
1 0.800068 0.516164 0.222921 0.0484164 0.00393 0.0001212 1.7e-06 0 0 0 0 0 0 0 0 0 0 0 0 
1 0.799645 0.515397 0.221964 0.0480697 0.0039252 0.0001219 2.9e-06 0 0 0 0 0 0 0 0 0 0 0 0 
1 0.799403 0.514882 0.221361 0.0475346 0.0037995 0.0001189 2.1e-06 0 0 0 0 0 0 0 0 0 0 0 0 
1 0.799865 0.515749 0.222102 0.0478857 0.0038133 0.0001161 1.9e-06 0 0 0 0 0 0 0 0 0 0 0 0 
1 0.800254 0.516297 0.222584 0.0481552 0.0038433 0.0001126 1.9e-06 0 0 0 0 0 0 0 0 0 0 0 0 
1 0.800141 0.516552 0.223173 0.0484925 0.0039838 0.0001323 2.4e-06 4e-07 1e-07 0 0 0 0 0 0 0 0 0 0 
1 0.800604 0.517338 0.223653 0.0487395 0.0039703 0.0001294 2.2e-06 0 0 0 0 0 0 0 0 0 0 0 0 
1 0.799666 0.514886 0.221271 0.0475324 0.0037763 0.0001121 1.4e-06 0 0 0 0 0 0 0 0 0 0 0 0 
1 0.800277 0.516589 0.222996 0.0484411 0.0039833 0.0001243 2.1e-06 1e-07 0 0 0 0 0 0 0 0 0 0 0 
1 0.80075 0.517571 0.223911 0.0486992 0.0039782 0.0001257 2.7e-06 0 0 0 0 0 0 0 0 0 0 0 0 
1 0.800183 0.516073 0.222662 0.0482152 0.0038723 0.0001188 1.7e-06 0 0 0 0 0 0 0 0 0 0 0 0 
1 0.800443 0.516806 0.22308 0.0482025 0.0038821 0.0001249 2.5e-06 0 0 0 0 0 0 0 0 0 0 0 0 
1 0.799569 0.515383 0.221696 0.0476923 0.0037582 0.0001132 2.7e-06 0 0 0 0 0 0 0 0 0 0 0 0 
1 0.799498 0.514959 0.221791 0.0479032 0.0038757 0.0001105 2e-06 0 0 0 0 0 0 0 0 0 0 0 0 
1 0.799727 0.515801 0.222288 0.0480366 0.0038905 0.0001261 1.9e-06 3e-07 0 0 0 0 0 0 0 0 0 0 0 
1 0.80039 0.516673 0.223379 0.0485786 0.0039063 0.0001007 1.7e-06 0 0 0 0 0 0 0 0 0 0 0 0 
1 0.799829 0.51549 0.222112 0.0478526 0.0038211 0.0001015 1e-06 0 0 0 0 0 0 0 0 0 0 0 0 
1 0.799788 0.515548 0.221992 0.0477773 0.0037862 0.0001174 1.9e-06 1e-07 0 0 0 0 0 0 0 0 0 0 0 
1 0.800289 0.516548 0.223299 0.0485921 0.0039208 0.0001197 1.4e-06 0 0 0 0 0 0 0 0 0 0 0 0 
1 0.800079 0.516073 0.222512 0.0480753 0.0039024 0.0001279 2.9e-06 0 0 0 0 0 0 0 0 0 0 0 0 
1 0.799859 0.515542 0.222053 0.0480266 0.0039309 0.0001194 2.6e-06 2e-07 0 0 0 0 0 0 0 0 0 0 0 
1 0.799748 0.51539 0.221963 0.0478015 0.0038319 0.0001161 1.9e-06 0 0 0 0 0 0 0 0 0 0 0 0 
1 0.79995 0.515544 0.222219 0.0482803 0.0039345 0.0001168 1.6e-06 0 0 0 0 0 0 0 0 0 0 0 0 
1 0.799783 0.515565 0.222181 0.0479368 0.0038816 0.0001133 2.9e-06 0 0 0 0 0 0 0 0 0 0 0 0 
1 0.798976 0.514029 0.22039 0.0471621 0.0037566 0.0001207 3e-06 0 0 0 0 0 0 0 0 0 0 0 0 
1 0.799479 0.514611 0.221343 0.0477272 0.0038615 0.0001206 2.5e-06 0 0 0 0 0 0 0 0 0 0 0 0 
1 0.800285 0.51667 0.223088 0.04812 0.003877 0.000111 1.8e-06 0 0 0 0 0 0 0 0 0 0 0 0 
1 0.800089 0.515667 0.222244 0.0478335 0.0038631 0.0001116 1.8e-06 0 0 0 0 0 0 0 0 0 0 0 0 
1 0.80033 0.516346 0.222731 0.0478349 0.0038092 0.0001096 1.4e-06 0 0 0 0 0 0 0 0 0 0 0 0 
1 0.800328 0.516361 0.222599 0.0482517 0.0039091 0.0001151 2.1e-06 0 0 0 0 0 0 0 0 0 0 0 0 
1 0.800218 0.516102 0.222853 0.0483988 0.0039229 0.0001275 3.1e-06 0 0 0 0 0 0 0 0 0 0 0 0 
1 0.800132 0.5162 0.222876 0.0483304 0.003945 0.0001156 1.9e-06 0 0 0 0 0 0 0 0 0 0 0 0 
1 0.799594 0.515167 0.221549 0.0476569 0.0038024 0.0001182 2.1e-06 0 0 0 0 0 0 0 0 0 0 0 0 
1 0.79973 0.515337 0.222265 0.0481621 0.0038836 0.0001132 2e-06 0 0 0 0 0 0 0 0 0 0 0 0 
1 0.800321 0.516759 0.22322 0.0485259 0.0039322 0.0001201 1.7e-06 0 0 0 0 0 0 0 0 0 0 0 0 
1 0.800437 0.516275 0.222814 0.048219 0.0039177 0.0001225 3.1e-06 0 0 0 0 0 0 0 0 0 0 0 0 
1 0.799594 0.515016 0.221673 0.0479229 0.0039161 0.0001248 2.1e-06 0 0 0 0 0 0 0 0 0 0 0 0 
1 0.800521 0.516725 0.223311 0.0483832 0.0039247 0.0001231 1e-06 0 0 0 0 0 0 0 0 0 0 0 0 
1 0.799719 0.515179 0.221531 0.0474924 0.0037655 0.0001095 8e-07 0 0 0 0 0 0 0 0 0 0 0 0 
1 0.79967 0.515377 0.221664 0.047654 0.003797 0.0001212 2.9e-06 0 0 0 0 0 0 0 0 0 0 0 0 
1 0.799286 0.51438 0.220609 0.0471489 0.0036639 0.0001021 1.2e-06 0 0 0 0 0 0 0 0 0 0 0 0 
1 0.800429 0.516803 0.223466 0.0488798 0.0040244 0.000124 2.4e-06 0 0 0 0 0 0 0 0 0 0 0 0 
1 0.799735 0.51533 0.222095 0.0479597 0.0038254 0.0001156 1.7e-06 0 0 0 0 0 0 0 0 0 0 0 0 
1 0.799721 0.515385 0.221624 0.0476648 0.0037718 0.0001086 1.3e-06 0 0 0 0 0 0 0 0 0 0 0 0 
1 0.800442 0.516739 0.223454 0.0487514 0.0039301 0.0001359 2.6e-06 0 0 0 0 0 0 0 0 0 0 0 0 
1 0.799876 0.515384 0.221602 0.0476251 0.0037659 0.000113 1.2e-06 0 0 0 0 0 0 0 0 0 0 0 0 
1 0.79968 0.515662 0.222349 0.0483216 0.0039223 0.0001294 2.4e-06 0 0 0 0 0 0 0 0 0 0 0 0 
1 0.799581 0.514987 0.221645 0.047695 0.0038315 0.0001252 2.2e-06 0 0 0 0 0 0 0 0 0 0 0 0 
1 0.799716 0.515066 0.221376 0.0474657 0.0037966 0.0001138 2e-06 0 0 0 0 0 0 0 0 0 0 0 0 
1 0.80008 0.516435 0.222866 0.0482537 0.0038828 0.0001135 1.5e-06 0 0 0 0 0 0 0 0 0 0 0 0 
1 0.800397 0.51664 0.223043 0.0483114 0.0038833 0.000116 1.3e-06 0 0 0 0 0 0 0 0 0 0 0 0 
1 0.799656 0.515223 0.22193 0.0479358 0.0038602 0.00012 1.8e-06 0 0 0 0 0 0 0 0 0 0 0 0 
1 0.800038 0.515909 0.222232 0.0479512 0.0038806 0.0001221 1.1e-06 0 0 0 0 0 0 0 0 0 0 0 0 
1 0.7998 0.515879 0.222359 0.0478803 0.0037778 0.0001232 3e-06 0 0 0 0 0 0 0 0 0 0 0 0 
1 0.800647 0.517042 0.223784 0.0488802 0.0039926 0.0001377 4e-06 1e-07 0 0 0 0 0 0 0 0 0 0 0 
1 0.800346 0.516118 0.222555 0.0481907 0.0038707 0.0001135 1.7e-06 1e-07 0 0 0 0 0 0 0 0 0 0 0 
1 0.800008 0.515924 0.22228 0.047757 0.0037768 0.0001111 1.6e-06 0 0 0 0 0 0 0 0 0 0 0 0 
1 0.799552 0.515211 0.221461 0.0476276 0.0038098 0.0001215 1.8e-06 0 0 0 0 0 0 0 0 0 0 0 0 
1 0.799825 0.515193 0.221426 0.0475896 0.0037891 0.0001151 1.4e-06 0 0 0 0 0 0 0 0 0 0 0 0 
1 0.800185 0.516395 0.222972 0.0483637 0.0039243 0.0001235 1.7e-06 0 0 0 0 0 0 0 0 0 0 0 0 
1 0.800077 0.516128 0.222323 0.0479629 0.0038614 0.0001216 1.8e-06 0 0 0 0 0 0 0 0 0 0 0 0 
1 0.800464 0.516698 0.222762 0.0480726 0.0038809 0.0001293 2.4e-06 0 0 0 0 0 0 0 0 0 0 0 0 
1 0.800263 0.516395 0.222698 0.0481401 0.003962 0.0001208 3.1e-06 1e-07 0 0 0 0 0 0 0 0 0 0 0 
1 0.800561 0.517653 0.224394 0.0490706 0.0040282 0.0001262 2.4e-06 0 0 0 0 0 0 0 0 0 0 0 0 
1 0.799798 0.515777 0.22215 0.0479294 0.0038525 0.0001182 1.4e-06 0 0 0 0 0 0 0 0 0 0 0 0 
1 0.799798 0.515302 0.221675 0.0477519 0.0037396 0.0001075 2.8e-06 0 0 0 0 0 0 0 0 0 0 0 0 
1 0.799394 0.514648 0.221062 0.0474046 0.0038046 0.0001126 1e-06 0 0 0 0 0 0 0 0 0 0 0 0 
1 0.800563 0.517034 0.223393 0.0484124 0.003949 0.00012 2.2e-06 0 0 0 0 0 0 0 0 0 0 0 0 
1 0.800223 0.516134 0.22254 0.0480384 0.0038294 0.0001193 1.4e-06 2e-07 0 0 0 0 0 0 0 0 0 0 0 
1 0.800644 0.516811 0.223309 0.0483552 0.003872 0.0001212 2.1e-06 0 0 0 0 0 0 0 0 0 0 0 0 
1 0.799143 0.514408 0.221054 0.0476047 0.0038179 0.0001207 1.8e-06 0 0 0 0 0 0 0 0 0 0 0 0 
1 0.79959 0.514962 0.221586 0.0476333 0.0038048 0.000104 1.1e-06 0 0 0 0 0 0 0 0 0 0 0 0 
1 0.800183 0.516521 0.223033 0.0483123 0.0039155 0.0001243 1.5e-06 1e-07 0 0 0 0 0 0 0 0 0 0 0 
1 0.799719 0.515249 0.221469 0.0475392 0.003826 0.0001199 2.3e-06 1e-07 0 0 0 0 0 0 0 0 0 0 0 
1 0.799567 0.515316 0.221709 0.0477188 0.0037778 0.0001175 7e-07 0 0 0 0 0 0 0 0 0 0 0 0 
1 0.800342 0.516518 0.222975 0.0482696 0.0039038 0.0001212 2.5e-06 0 0 0 0 0 0 0 0 0 0 0 0 
1 0.800212 0.516061 0.222405 0.0481117 0.0038954 0.0001241 3.1e-06 0 0 0 0 0 0 0 0 0 0 0 0 
1 0.79954 0.515247 0.221494 0.0477222 0.0037693 0.0001034 2.3e-06 0 0 0 0 0 0 0 0 0 0 0 0 
1 0.799804 0.515313 0.221892 0.0479059 0.0038476 0.0001117 2.5e-06 0 0 0 0 0 0 0 0 0 0 0 0 
1 0.800564 0.51702 0.223227 0.0484942 0.0039375 0.0001165 2.1e-06 0 0 0 0 0 0 0 0 0 0 0 0 
1 0.800047 0.515918 0.222109 0.0478864 0.003817 0.0001243 2.2e-06 0 0 0 0 0 0 0 0 0 0 0 0 
1 0.799594 0.515348 0.221726 0.0476811 0.003803 0.0001113 1.5e-06 0 0 0 0 0 0 0 0 0 0 0 0 
1 0.799435 0.514993 0.221472 0.0478055 0.0038694 0.0001267 2.1e-06 0 0 0 0 0 0 0 0 0 0 0 0 
1 0.8005 0.516827 0.223123 0.048408 0.0039374 0.0001276 3.3e-06 0 0 0 0 0 0 0 0 0 0 0 0 
1 0.80042 0.516478 0.222909 0.0482219 0.0038688 0.0001167 1.6e-06 0 0 0 0 0 0 0 0 0 0 0 0 
1 0.799381 0.515133 0.222046 0.047985 0.0038742 0.0001255 1.4e-06 0 0 0 0 0 0 0 0 0 0 0 0 
1 0.799636 0.5151 0.221782 0.0479541 0.0038549 0.0001159 2.8e-06 0 0 0 0 0 0 0 0 0 0 0 0 
1 0.799966 0.516054 0.222488 0.048251 0.003841 0.0001183 1.8e-06 0 0 0 0 0 0 0 0 0 0 0 0 
1 0.800231 0.515975 0.222681 0.0480275 0.0038594 0.0001124 2.1e-06 0 0 0 0 0 0 0 0 0 0 0 0 
1 0.799952 0.516388 0.223232 0.0485395 0.0039318 0.0001128 1.2e-06 2e-07 0 0 0 0 0 0 0 0 0 0 0 
1 0.800511 0.517184 0.223709 0.0484455 0.0039156 0.0001209 1.4e-06 0 0 0 0 0 0 0 0 0 0 0 0 
1 0.799896 0.515882 0.222741 0.0484295 0.0039956 0.0001225 3e-06 0 0 0 0 0 0 0 0 0 0 0 0 
1 0.799489 0.515142 0.221638 0.0475362 0.0037965 0.0001107 1.4e-06 0 0 0 0 0 0 0 0 0 0 0 0 
1 0.799994 0.515604 0.221869 0.0478323 0.0038499 0.0001178 1.9e-06 0 0 0 0 0 0 0 0 0 0 0 0 
1 0.79954 0.514461 0.22083 0.0472068 0.0037289 0.0001223 3.3e-06 0 0 0 0 0 0 0 0 0 0 0 0 
1 0.80031 0.517358 0.224132 0.0490009 0.0039851 0.0001157 2e-06 0 0 0 0 0 0 0 0 0 0 0 0 
1 0.799929 0.515965 0.22234 0.0481029 0.0039412 0.000114 2.1e-06 0 0 0 0 0 0 0 0 0 0 0 0 
1 0.799831 0.515391 0.221761 0.047831 0.0038514 0.000119 1.8e-06 0 0 0 0 0 0 0 0 0 0 0 0 
1 0.799619 0.514591 0.220826 0.0472532 0.0037292 0.0001098 1.5e-06 0 0 0 0 0 0 0 0 0 0 0 0 
1 0.800424 0.516733 0.223217 0.0484479 0.0039445 0.0001208 2e-06 1e-07 0 0 0 0 0 0 0 0 0 0 0 
1 0.799832 0.515851 0.222514 0.0482105 0.0038801 0.0001287 2.4e-06 0 0 0 0 0 0 0 0 0 0 0 0 
1 0.799747 0.51556 0.222189 0.0480242 0.003898 0.0001179 2e-06 0 0 0 0 0 0 0 0 0 0 0 0 
1 0.799764 0.515211 0.221372 0.0472675 0.0037152 0.0001103 3.1e-06 0 0 0 0 0 0 0 0 0 0 0 0 
1 0.799567 0.51544 0.222306 0.0480425 0.0038824 0.0001104 2.5e-06 1e-07 0 0 0 0 0 0 0 0 0 0 0 
1 0.799844 0.515234 0.221901 0.0477828 0.0038982 0.0001194 2.1e-06 0 0 0 0 0 0 0 0 0 0 0 0 
1 0.799809 0.515014 0.221383 0.0476314 0.0038015 0.0001039 1.2e-06 0 0 0 0 0 0 0 0 0 0 0 0 
1 0.800347 0.516542 0.223279 0.0486163 0.0039998 0.0001234 2e-06 0 0 0 0 0 0 0 0 0 0 0 0 
1 0.800179 0.515974 0.222195 0.0479209 0.0038085 0.0001102 1.9e-06 1e-07 0 0 0 0 0 0 0 0 0 0 0 
1 0.800009 0.515811 0.2222 0.0481961 0.0039511 0.0001161 3e-06 0 0 0 0 0 0 0 0 0 0 0 0 
1 0.799358 0.514578 0.221037 0.0472452 0.0037635 0.0001106 1.5e-06 0 0 0 0 0 0 0 0 0 0 0 0 
1 0.799929 0.515221 0.221768 0.0476805 0.0038047 0.000115 2.1e-06 0 0 0 0 0 0 0 0 0 0 0 0 
1 0.800518 0.516725 0.223104 0.0483008 0.0038388 0.0001143 1.8e-06 0 0 0 0 0 0 0 0 0 0 0 0 
1 0.799631 0.515262 0.221963 0.0479947 0.0038739 0.0001158 1.9e-06 0 0 0 0 0 0 0 0 0 0 0 0 
1 0.799452 0.514864 0.2212 0.0475635 0.0038593 0.0001136 1e-06 1e-07 0 0 0 0 0 0 0 0 0 0 0 
1 0.799842 0.516136 0.222582 0.0479972 0.0038475 0.0001208 1.6e-06 0 0 0 0 0 0 0 0 0 0 0 0 
1 0.800398 0.516739 0.223354 0.0486827 0.0039981 0.0001342 2.5e-06 0 0 0 0 0 0 0 0 0 0 0 0 
1 0.800471 0.5169 0.223271 0.0483954 0.003897 0.0001072 2.1e-06 0 0 0 0 0 0 0 0 0 0 0 0 
1 0.800469 0.516986 0.223756 0.0489013 0.003963 0.000117 1.7e-06 0 0 0 0 0 0 0 0 0 0 0 0 
1 0.800269 0.516477 0.222945 0.0483368 0.003937 0.0001143 1.1e-06 0 0 0 0 0 0 0 0 0 0 0 0 
1 0.800657 0.5172 0.22359 0.0488404 0.0039623 0.0001177 3.8e-06 0 0 0 0 0 0 0 0 0 0 0 0 
1 0.799879 0.515724 0.222076 0.0478114 0.0038588 0.0001162 1.7e-06 0 0 0 0 0 0 0 0 0 0 0 0 
1 0.799998 0.516176 0.222432 0.047957 0.0038372 0.0001315 3.1e-06 1e-07 0 0 0 0 0 0 0 0 0 0 0 
1 0.799767 0.515032 0.221213 0.0475968 0.0038071 0.0001096 2.2e-06 1e-07 0 0 0 0 0 0 0 0 0 0 0 
1 0.800252 0.516332 0.222821 0.04835 0.0038864 0.0001233 2e-06 0 0 0 0 0 0 0 0 0 0 0 0 
1 0.800274 0.516295 0.222621 0.0482484 0.0039554 0.0001185 2.4e-06 0 0 0 0 0 0 0 0 0 0 0 0 
1 0.799586 0.515021 0.221695 0.0478701 0.0038602 0.0001136 1.7e-06 0 0 0 0 0 0 0 0 0 0 0 0 
1 0.800105 0.516203 0.222386 0.0482549 0.0038894 0.0001179 1e-06 0 0 0 0 0 0 0 0 0 0 0 0 
1 0.799881 0.515934 0.222518 0.0482487 0.0039103 0.0001229 2.8e-06 2e-07 0 0 0 0 0 0 0 0 0 0 0 
1 0.799975 0.515801 0.222187 0.0478087 0.0037962 0.0001205 1.7e-06 0 0 0 0 0 0 0 0 0 0 0 0 
1 0.799387 0.514963 0.22147 0.0477236 0.0038512 0.0001139 2.3e-06 0 0 0 0 0 0 0 0 0 0 0 0 
1 0.799972 0.515444 0.222001 0.0477214 0.0038216 0.0001174 2.9e-06 0 0 0 0 0 0 0 0 0 0 0 0 
1 0.799949 0.515859 0.22232 0.047984 0.0038447 0.0001244 1.8e-06 0 0 0 0 0 0 0 0 0 0 0 0 
1 0.799756 0.515536 0.222331 0.0480181 0.0038352 0.0001153 1.9e-06 0 0 0 0 0 0 0 0 0 0 0 0 
1 0.79979 0.515399 0.221537 0.0475714 0.003778 0.0001172 2.8e-06 0 0 0 0 0 0 0 0 0 0 0 0 
1 0.800645 0.516685 0.223329 0.0484984 0.0038866 0.0001146 2.1e-06 2e-07 0 0 0 0 0 0 0 0 0 0 0 
1 0.800381 0.516874 0.223545 0.0486481 0.0039554 0.0001187 2e-06 0 0 0 0 0 0 0 0 0 0 0 0 
1 0.799692 0.515348 0.222076 0.0481287 0.0039336 0.0001266 3e-06 0 0 0 0 0 0 0 0 0 0 0 0 
1 0.799925 0.515373 0.221948 0.0478364 0.0038932 0.0001223 2.8e-06 0 0 0 0 0 0 0 0 0 0 0 0 
1 0.800153 0.516173 0.222501 0.0480608 0.0038233 0.0001055 1.4e-06 0 0 0 0 0 0 0 0 0 0 0 0 
1 0.799641 0.515434 0.221807 0.0478932 0.0038581 0.0001259 1.7e-06 0 0 0 0 0 0 0 0 0 0 0 0 
1 0.800205 0.516373 0.222758 0.0481585 0.0038965 0.0001146 1.7e-06 0 0 0 0 0 0 0 0 0 0 0 0 
1 0.800052 0.51606 0.222414 0.048063 0.0038993 0.0001245 2.1e-06 0 0 0 0 0 0 0 0 0 0 0 0 
1 0.800373 0.516423 0.223013 0.0483006 0.0039108 0.000121 1.8e-06 0 0 0 0 0 0 0 0 0 0 0 0 
1 0.800986 0.518081 0.224985 0.0493603 0.0041228 0.0001361 1.3e-06 0 0 0 0 0 0 0 0 0 0 0 0 
1 0.800327 0.516161 0.222443 0.0480856 0.003881 0.0001153 2.3e-06 0 0 0 0 0 0 0 0 0 0 0 0 
1 0.800307 0.516287 0.222684 0.0483467 0.0038875 0.000123 1.9e-06 0 0 0 0 0 0 0 0 0 0 0 0 
1 0.800369 0.516741 0.223026 0.0482768 0.0039535 0.0001251 1.4e-06 0 0 0 0 0 0 0 0 0 0 0 0 
1 0.79993 0.515594 0.22236 0.0482605 0.003935 0.0001165 1.3e-06 0 0 0 0 0 0 0 0 0 0 0 0 
1 0.800144 0.516041 0.222622 0.0481206 0.0039265 0.0001225 1.6e-06 0 0 0 0 0 0 0 0 0 0 0 0 
1 0.799983 0.515621 0.221796 0.0475416 0.0038101 0.0001136 2.4e-06 0 0 0 0 0 0 0 0 0 0 0 0 
1 0.800791 0.517441 0.223794 0.048732 0.0039793 0.0001272 2.7e-06 1e-07 0 0 0 0 0 0 0 0 0 0 0 
1 0.799338 0.514715 0.221484 0.0476429 0.0037921 0.0001126 2e-06 1e-07 0 0 0 0 0 0 0 0 0 0 0 
1 0.800815 0.517257 0.224207 0.0488171 0.0039607 0.0001202 3.1e-06 2e-07 0 0 0 0 0 0 0 0 0 0 0 
1 0.799929 0.515924 0.222242 0.048035 0.0038222 0.0001127 3.1e-06 0 0 0 0 0 0 0 0 0 0 0 0 
1 0.799416 0.514703 0.221407 0.0474206 0.0037692 0.0001201 2.8e-06 3e-07 0 0 0 0 0 0 0 0 0 0 0 
1 0.800009 0.515864 0.222104 0.0482321 0.0038805 0.0001162 2.5e-06 0 0 0 0 0 0 0 0 0 0 0 0 
1 0.799463 0.514729 0.221252 0.0476395 0.0038318 0.0001166 2e-06 0 0 0 0 0 0 0 0 0 0 0 0 
1 0.799983 0.515564 0.222146 0.048098 0.0038817 0.0001114 2.3e-06 1e-07 0 0 0 0 0 0 0 0 0 0 0 
1 0.799365 0.514249 0.221114 0.0476622 0.0038091 0.0001139 1.9e-06 2e-07 0 0 0 0 0 0 0 0 0 0 0 
1 0.800201 0.515971 0.222419 0.048195 0.0038836 0.0001129 2e-06 0 0 0 0 0 0 0 0 0 0 0 0 
1 0.799625 0.515626 0.222224 0.0480333 0.0039372 0.000123 2.3e-06 0 0 0 0 0 0 0 0 0 0 0 0 
1 0.800069 0.515651 0.221964 0.047849 0.003765 0.0001074 9e-07 0 0 0 0 0 0 0 0 0 0 0 0 
1 0.799896 0.515482 0.222115 0.0480913 0.0038953 0.0001208 2.3e-06 0 0 0 0 0 0 0 0 0 0 0 0 
1 0.799904 0.515676 0.221912 0.0477985 0.0037209 0.0001055 2e-06 0 0 0 0 0 0 0 0 0 0 0 0 
1 0.800114 0.516365 0.222676 0.0481389 0.0038621 0.0001156 1e-06 0 0 0 0 0 0 0 0 0 0 0 0 
1 0.800301 0.516569 0.222931 0.0482892 0.0039454 0.0001236 3.2e-06 0 0 0 0 0 0 0 0 0 0 0 0 
1 0.800273 0.516479 0.222942 0.0480542 0.0038375 0.0001211 1.3e-06 0 0 0 0 0 0 0 0 0 0 0 0 
1 0.800286 0.516237 0.222751 0.04807 0.0038192 0.0001191 9e-07 0 0 0 0 0 0 0 0 0 0 0 0 
1 0.799854 0.51528 0.221714 0.047781 0.0038036 0.0001069 1.4e-06 0 0 0 0 0 0 0 0 0 0 0 0 
1 0.800456 0.516734 0.223388 0.0486898 0.0040097 0.0001266 1.9e-06 0 0 0 0 0 0 0 0 0 0 0 0 
1 0.799694 0.515402 0.221802 0.0476883 0.0038476 0.0001175 1.5e-06 0 0 0 0 0 0 0 0 0 0 0 0 
1 0.800357 0.516606 0.223198 0.0482108 0.003839 0.0001196 3e-06 0 0 0 0 0 0 0 0 0 0 0 0 
1 0.799554 0.514751 0.221412 0.0476306 0.0038237 0.0001283 2.4e-06 0 0 0 0 0 0 0 0 0 0 0 0 
1 0.80037 0.516974 0.223863 0.0487964 0.0039949 0.0001252 2.3e-06 2e-07 0 0 0 0 0 0 0 0 0 0 0 
1 0.800453 0.516686 0.22319 0.0483707 0.0039576 0.0001294 2.9e-06 0 0 0 0 0 0 0 0 0 0 0 0 
1 0.800029 0.516171 0.222515 0.0480988 0.0039187 0.000122 2.5e-06 0 0 0 0 0 0 0 0 0 0 0 0 
1 0.800063 0.516147 0.222533 0.0481084 0.003892 0.0001122 8e-07 0 0 0 0 0 0 0 0 0 0 0 0 
1 0.799849 0.51526 0.221767 0.0476431 0.003812 0.0001222 2.8e-06 0 0 0 0 0 0 0 0 0 0 0 0 
1 0.799762 0.51523 0.221565 0.0476425 0.0038128 0.0001153 1.4e-06 1e-07 0 0 0 0 0 0 0 0 0 0 0 
1 0.799773 0.516056 0.222653 0.0481895 0.0039295 0.00012 2.5e-06 1e-07 0 0 0 0 0 0 0 0 0 0 0 
1 0.800401 0.516678 0.22309 0.0482867 0.0039019 0.0001175 2.9e-06 0 0 0 0 0 0 0 0 0 0 0 0 
1 0.800585 0.516888 0.223027 0.0481486 0.003841 0.0001241 2.7e-06 0 0 0 0 0 0 0 0 0 0 0 0 
1 0.800059 0.516164 0.222656 0.0482287 0.0038829 0.000116 2e-06 0 0 0 0 0 0 0 0 0 0 0 0 
1 0.800594 0.516974 0.223362 0.0484309 0.0039655 0.0001262 2.9e-06 0 0 0 0 0 0 0 0 0 0 0 0 
1 0.800372 0.51666 0.222992 0.0483193 0.0039551 0.0001137 1.7e-06 0 0 0 0 0 0 0 0 0 0 0 0 
1 0.799652 0.515543 0.221922 0.0480031 0.0038835 0.0001171 2e-06 0 0 0 0 0 0 0 0 0 0 0 0 
1 0.79998 0.516108 0.22238 0.0480921 0.0039091 0.0001195 3.4e-06 6e-07 0 0 0 0 0 0 0 0 0 0 0 
1 0.799736 0.515436 0.221992 0.0477922 0.0038317 0.0001261 3.3e-06 0 0 0 0 0 0 0 0 0 0 0 0 
1 0.799965 0.515655 0.222062 0.0480161 0.0038086 0.0001126 2.1e-06 2e-07 0 0 0 0 0 0 0 0 0 0 0 
1 0.800266 0.516726 0.223169 0.0483037 0.003895 0.0001183 3.2e-06 1e-07 0 0 0 0 0 0 0 0 0 0 0 
1 0.800159 0.516059 0.222389 0.0481329 0.0038603 0.0001191 2.5e-06 0 0 0 0 0 0 0 0 0 0 0 0 
1 0.799207 0.514257 0.220863 0.0473199 0.0037524 0.0001139 1.6e-06 0 0 0 0 0 0 0 0 0 0 0 0 
1 0.800231 0.516523 0.222956 0.0484219 0.0039299 0.0001037 1.1e-06 0 0 0 0 0 0 0 0 0 0 0 0 
1 0.80021 0.516346 0.222469 0.0479537 0.003856 0.0001181 2.4e-06 0 0 0 0 0 0 0 0 0 0 0 0 
1 0.799693 0.515195 0.221463 0.0474971 0.0037656 0.0001168 4.3e-06 5e-07 0 0 0 0 0 0 0 0 0 0 0 
1 0.799391 0.514939 0.221499 0.0475397 0.0038222 0.0001193 2.2e-06 0 0 0 0 0 0 0 0 0 0 0 0 
1 0.799775 0.515624 0.221959 0.047767 0.0038269 0.0001185 1.8e-06 0 0 0 0 0 0 0 0 0 0 0 0 
1 0.799708 0.515555 0.222213 0.0479617 0.0038201 0.0001058 1.3e-06 0 0 0 0 0 0 0 0 0 0 0 0 
1 0.799896 0.515999 0.222242 0.0480833 0.0038943 0.0001232 1.1e-06 0 0 0 0 0 0 0 0 0 0 0 0 
1 0.800485 0.516991 0.223929 0.0486653 0.0039718 0.0001303 2.5e-06 0 0 0 0 0 0 0 0 0 0 0 0 
1 0.800592 0.516914 0.223519 0.0486142 0.0039838 0.0001153 2.1e-06 0 0 0 0 0 0 0 0 0 0 0 0 
1 0.800244 0.515923 0.222033 0.0476741 0.0037932 0.0001156 1.7e-06 0 0 0 0 0 0 0 0 0 0 0 0 
1 0.79886 0.51356 0.220012 0.0470506 0.003788 0.0001164 3.9e-06 0 0 0 0 0 0 0 0 0 0 0 0 
1 0.79951 0.515439 0.221892 0.0480108 0.003889 0.000113 3.1e-06 0 0 0 0 0 0 0 0 0 0 0 0 
1 0.799861 0.515529 0.221718 0.0477612 0.0038347 0.0001161 2e-06 0 0 0 0 0 0 0 0 0 0 0 0 
1 0.800112 0.516124 0.22268 0.0481508 0.0039098 0.0001133 3.1e-06 0 0 0 0 0 0 0 0 0 0 0 0 
1 0.799046 0.514216 0.220863 0.047467 0.0037485 0.0001163 3.4e-06 1e-07 0 0 0 0 0 0 0 0 0 0 0 
1 0.800181 0.516181 0.222606 0.0482079 0.0039123 0.0001271 2.8e-06 0 0 0 0 0 0 0 0 0 0 0 0 
1 0.799471 0.51533 0.222055 0.0479423 0.0038758 0.0001289 2e-06 0 0 0 0 0 0 0 0 0 0 0 0 
1 0.79965 0.515316 0.221462 0.0476775 0.0037961 0.0001137 2.2e-06 0 0 0 0 0 0 0 0 0 0 0 0 
1 0.799959 0.516164 0.222678 0.0481585 0.0038767 0.0001198 2.5e-06 0 0 0 0 0 0 0 0 0 0 0 0 
1 0.79947 0.515131 0.221521 0.0474307 0.0037395 0.0001121 1.5e-06 0 0 0 0 0 0 0 0 0 0 0 0 
1 0.800073 0.515933 0.222256 0.0478487 0.0038502 0.0001174 2.8e-06 0 0 0 0 0 0 0 0 0 0 0 0 
1 0.800023 0.515838 0.221914 0.0476264 0.0037472 0.0001137 2.1e-06 0 0 0 0 0 0 0 0 0 0 0 0 
1 0.799731 0.515347 0.221485 0.0475033 0.0037545 0.0001105 1.5e-06 0 0 0 0 0 0 0 0 0 0 0 0 
1 0.800341 0.516514 0.223212 0.0487262 0.0039806 0.0001281 1.7e-06 0 0 0 0 0 0 0 0 0 0 0 0 
1 0.799006 0.514034 0.220866 0.047414 0.0037563 0.0001074 2.5e-06 0 0 0 0 0 0 0 0 0 0 0 0 
1 0.799689 0.515749 0.222459 0.0482117 0.0039464 0.0001247 3.4e-06 2e-07 0 0 0 0 0 0 0 0 0 0 0 
1 0.800242 0.516145 0.222565 0.0480819 0.0038557 0.0001135 9e-07 0 0 0 0 0 0 0 0 0 0 0 0 
1 0.799878 0.515453 0.221729 0.0476227 0.0037842 0.0001179 3.3e-06 0 0 0 0 0 0 0 0 0 0 0 0 
1 0.800177 0.516254 0.223084 0.0485258 0.00392 0.0001188 3e-06 1e-07 0 0 0 0 0 0 0 0 0 0 0 
1 0.799743 0.515735 0.221891 0.0479285 0.0037529 0.0001049 1.1e-06 0 0 0 0 0 0 0 0 0 0 0 0 
1 0.79994 0.515443 0.221861 0.0477579 0.0038149 0.0001119 1.7e-06 0 0 0 0 0 0 0 0 0 0 0 0 
1 0.799693 0.515358 0.221775 0.0477288 0.0038587 0.0001159 1.9e-06 0 0 0 0 0 0 0 0 0 0 0 0 
1 0.800361 0.516406 0.222916 0.0483893 0.0039438 0.000129 2.1e-06 0 0 0 0 0 0 0 0 0 0 0 0 
1 0.799668 0.515495 0.221816 0.0477527 0.0038417 0.0001208 2.7e-06 0 0 0 0 0 0 0 0 0 0 0 0 
1 0.800442 0.516815 0.223847 0.0487922 0.0040215 0.0001268 3.3e-06 6e-07 0 0 0 0 0 0 0 0 0 0 0 
1 0.800272 0.516576 0.222897 0.0482622 0.0039029 0.000111 9e-07 0 0 0 0 0 0 0 0 0 0 0 0 
1 0.800693 0.517493 0.224055 0.0488005 0.0039588 0.0001261 2e-06 0 0 0 0 0 0 0 0 0 0 0 0 
1 0.799379 0.514778 0.221136 0.047571 0.0038328 0.000114 1.4e-06 0 0 0 0 0 0 0 0 0 0 0 0 
1 0.800094 0.516146 0.222486 0.0481089 0.0038642 0.0001167 1.9e-06 1e-07 0 0 0 0 0 0 0 0 0 0 0 
1 0.800004 0.515776 0.222346 0.0480531 0.0038373 0.0001137 1.8e-06 0 0 0 0 0 0 0 0 0 0 0 0 
1 0.800395 0.516665 0.223418 0.0485915 0.0040624 0.0001273 1.4e-06 0 0 0 0 0 0 0 0 0 0 0 0 
1 0.799748 0.515355 0.22174 0.0477007 0.0037564 0.0001031 1.2e-06 0 0 0 0 0 0 0 0 0 0 0 0 
1 0.799935 0.515312 0.221684 0.0476872 0.0038058 0.0001157 1.8e-06 0 0 0 0 0 0 0 0 0 0 0 0 
1 0.799637 0.515548 0.222091 0.0480228 0.0039024 0.0001192 1.7e-06 0 0 0 0 0 0 0 0 0 0 0 0 
1 0.79965 0.515094 0.221669 0.0477093 0.0038163 0.000113 2.5e-06 5e-07 0 0 0 0 0 0 0 0 0 0 0 
1 0.799701 0.515543 0.222422 0.0481892 0.0039421 0.0001195 2.6e-06 0 0 0 0 0 0 0 0 0 0 0 0 
1 0.799658 0.515747 0.222427 0.0480763 0.0038287 0.0001189 2e-06 0 0 0 0 0 0 0 0 0 0 0 0 
1 0.800483 0.516717 0.222933 0.0482343 0.0038538 0.000119 4.2e-06 0 0 0 0 0 0 0 0 0 0 0 0 
1 0.79984 0.515707 0.22202 0.047807 0.0037978 0.00012 1.9e-06 0 0 0 0 0 0 0 0 0 0 0 0 
1 0.799938 0.515411 0.222061 0.0476837 0.0037769 0.0001132 3.2e-06 2e-07 0 0 0 0 0 0 0 0 0 0 0 
1 0.800396 0.516226 0.222376 0.0479363 0.0037901 0.000111 1.8e-06 0 0 0 0 0 0 0 0 0 0 0 0 
1 0.800452 0.517009 0.223769 0.0486263 0.0039385 0.0001185 1.8e-06 0 0 0 0 0 0 0 0 0 0 0 0 
1 0.799973 0.515929 0.222635 0.0480074 0.0039035 0.0001218 2.1e-06 0 0 0 0 0 0 0 0 0 0 0 0 
1 0.799886 0.515578 0.222087 0.0480312 0.0039203 0.0001189 2.5e-06 0 0 0 0 0 0 0 0 0 0 0 0 
1 0.799511 0.5153 0.221811 0.0478088 0.0038392 0.0001218 2.4e-06 0 0 0 0 0 0 0 0 0 0 0 0 
1 0.800089 0.515726 0.222263 0.0481501 0.0039067 0.0001315 1.7e-06 1e-07 0 0 0 0 0 0 0 0 0 0 0 
1 0.800547 0.517018 0.223554 0.0486066 0.0039817 0.0001245 2.1e-06 1e-07 0 0 0 0 0 0 0 0 0 0 0 
1 0.799837 0.515552 0.221695 0.0475699 0.0038005 0.0001094 1.4e-06 0 0 0 0 0 0 0 0 0 0 0 0 
1 0.800107 0.516574 0.222958 0.0484857 0.0039892 0.0001271 2.1e-06 2e-07 0 0 0 0 0 0 0 0 0 0 0 
1 0.800183 0.516333 0.222732 0.048247 0.0039341 0.0001329 1.2e-06 0 0 0 0 0 0 0 0 0 0 0 0 
1 0.799851 0.515722 0.222251 0.0480279 0.0039307 0.0001242 2.1e-06 0 0 0 0 0 0 0 0 0 0 0 0 
1 0.799989 0.515882 0.222462 0.0483097 0.0039296 0.000123 3.4e-06 2e-07 0 0 0 0 0 0 0 0 0 0 0 
1 0.799498 0.515229 0.222053 0.048 0.0038622 0.0001237 2e-06 2e-07 0 0 0 0 0 0 0 0 0 0 0 
1 0.799757 0.515444 0.221746 0.0478322 0.0038777 0.0001138 3.2e-06 1e-07 0 0 0 0 0 0 0 0 0 0 0 
1 0.799897 0.51581 0.22217 0.0479408 0.003831 0.0001182 2.8e-06 0 0 0 0 0 0 0 0 0 0 0 0 
1 0.799939 0.515637 0.222158 0.0478843 0.0038259 0.0001172 2.2e-06 0 0 0 0 0 0 0 0 0 0 0 0 
1 0.800419 0.516609 0.223195 0.0483786 0.0039573 0.0001215 1.9e-06 1e-07 0 0 0 0 0 0 0 0 0 0 0 
1 0.79968 0.515346 0.221721 0.0476714 0.0037637 0.0001132 1.5e-06 0 0 0 0 0 0 0 0 0 0 0 0 
1 0.800169 0.516232 0.222947 0.0484552 0.0039967 0.0001233 2.1e-06 1e-07 0 0 0 0 0 0 0 0 0 0 0 
1 0.799677 0.514952 0.221371 0.0474663 0.0037809 0.0001124 2.6e-06 0 0 0 0 0 0 0 0 0 0 0 0 
1 0.80022 0.516177 0.222606 0.0481361 0.0038822 0.0001154 2.1e-06 0 0 0 0 0 0 0 0 0 0 0 0 
1 0.799849 0.51589 0.222537 0.0481347 0.0038417 0.0001175 1.3e-06 0 0 0 0 0 0 0 0 0 0 0 0 
1 0.80031 0.516685 0.223183 0.0484715 0.0039367 0.000123 2.2e-06 0 0 0 0 0 0 0 0 0 0 0 0 
1 0.800523 0.517098 0.223822 0.0485848 0.0038904 0.0001111 2.7e-06 1e-07 0 0 0 0 0 0 0 0 0 0 0 
1 0.799588 0.515411 0.221857 0.0477154 0.0037863 0.0001208 1.6e-06 0 0 0 0 0 0 0 0 0 0 0 0 
1 0.800056 0.516275 0.222709 0.0482112 0.0039081 0.0001167 2.5e-06 0 0 0 0 0 0 0 0 0 0 0 0 
1 0.799897 0.516275 0.223184 0.0482337 0.0038762 0.0001214 3.7e-06 0 0 0 0 0 0 0 0 0 0 0 0 
1 0.799852 0.515532 0.2223 0.0482947 0.0039247 0.0001209 1.6e-06 0 0 0 0 0 0 0 0 0 0 0 0 
1 0.799718 0.515569 0.222113 0.0477482 0.0038359 0.0001146 2.4e-06 0 0 0 0 0 0 0 0 0 0 0 0 
1 0.800607 0.517344 0.2236 0.0485602 0.0039499 0.0001229 1.5e-06 0 0 0 0 0 0 0 0 0 0 0 0 
1 0.800595 0.516595 0.223048 0.0482619 0.0038819 0.0001221 2.3e-06 0 0 0 0 0 0 0 0 0 0 0 0 
1 0.800484 0.516835 0.223462 0.0483992 0.003953 0.0001226 2.1e-06 0 0 0 0 0 0 0 0 0 0 0 0 
1 0.799823 0.515915 0.222422 0.0481364 0.0038402 0.0001199 1.6e-06 0 0 0 0 0 0 0 0 0 0 0 0 
1 0.799937 0.515648 0.221953 0.0479719 0.0039114 0.0001179 1.7e-06 0 0 0 0 0 0 0 0 0 0 0 0 
1 0.800595 0.517085 0.223652 0.0485756 0.0039735 0.0001252 2.1e-06 0 0 0 0 0 0 0 0 0 0 0 0 
1 0.799797 0.515665 0.22243 0.0482734 0.0039509 0.0001131 1.8e-06 0 0 0 0 0 0 0 0 0 0 0 0 
1 0.800231 0.516268 0.222775 0.0480484 0.0038398 0.0001173 1.7e-06 1e-07 0 0 0 0 0 0 0 0 0 0 0 
1 0.800202 0.516158 0.222667 0.0480535 0.0038732 0.0001235 3.3e-06 0 0 0 0 0 0 0 0 0 0 0 0 
1 0.799535 0.514844 0.221093 0.0473303 0.0037461 0.0001053 1.5e-06 0 0 0 0 0 0 0 0 0 0 0 0 
1 0.799854 0.515766 0.22262 0.0482274 0.0038638 0.0001108 2.1e-06 0 0 0 0 0 0 0 0 0 0 0 0 
1 0.799551 0.515033 0.221743 0.0477054 0.0037947 0.0001065 1e-06 0 0 0 0 0 0 0 0 0 0 0 0 
1 0.800366 0.516435 0.22276 0.0482229 0.0038608 0.0001103 1.9e-06 2e-07 0 0 0 0 0 0 0 0 0 0 0 
1 0.799899 0.515968 0.222545 0.048188 0.0038813 0.0001133 2.6e-06 0 0 0 0 0 0 0 0 0 0 0 0 
1 0.800327 0.516483 0.222842 0.0484011 0.0040202 0.0001316 1.4e-06 0 0 0 0 0 0 0 0 0 0 0 0 
1 0.7994 0.514008 0.220534 0.0473243 0.003795 0.0001218 2.3e-06 0 0 0 0 0 0 0 0 0 0 0 0 
1 0.799671 0.51547 0.221836 0.0476205 0.0037941 0.0001081 3.4e-06 0 0 0 0 0 0 0 0 0 0 0 0 
1 0.799778 0.515185 0.221973 0.048081 0.0038914 0.0001094 2.5e-06 1e-07 0 0 0 0 0 0 0 0 0 0 0 
1 0.800154 0.516236 0.222743 0.0481888 0.0038676 0.0001112 8e-07 0 0 0 0 0 0 0 0 0 0 0 0 
1 0.799965 0.51588 0.222362 0.0479436 0.0038621 0.0001101 1.8e-06 0 0 0 0 0 0 0 0 0 0 0 0 
1 0.799784 0.515694 0.222033 0.047768 0.0037904 0.0001088 2.6e-06 1e-07 0 0 0 0 0 0 0 0 0 0 0 
1 0.800082 0.515801 0.222371 0.0481945 0.0039304 0.0001199 6e-07 0 0 0 0 0 0 0 0 0 0 0 0 
1 0.8 0.515998 0.222544 0.04815 0.0039078 0.0001246 3.5e-06 5e-07 0 0 0 0 0 0 0 0 0 0 0 
1 0.799919 0.51601 0.222557 0.0483582 0.0039148 0.0001234 3.2e-06 3e-07 0 0 0 0 0 0 0 0 0 0 0 
1 0.7998 0.515205 0.221984 0.0477963 0.0038676 0.0001116 1.6e-06 0 0 0 0 0 0 0 0 0 0 0 0 
1 0.799419 0.51463 0.220743 0.0474119 0.0037909 0.0001162 3.1e-06 1e-07 0 0 0 0 0 0 0 0 0 0 0 
1 0.799855 0.515782 0.222121 0.0477769 0.0037789 0.0001072 2.1e-06 0 0 0 0 0 0 0 0 0 0 0 0 
1 0.800643 0.517296 0.2238 0.0485991 0.0039576 0.0001205 1.2e-06 0 0 0 0 0 0 0 0 0 0 0 0 
1 0.799728 0.515342 0.221953 0.0478878 0.0039021 0.0001241 3.7e-06 0 0 0 0 0 0 0 0 0 0 0 0 
1 0.800523 0.51675 0.223418 0.0483212 0.0038934 0.0001171 2.4e-06 0 0 0 0 0 0 0 0 0 0 0 0 
1 0.799996 0.515756 0.222195 0.0478394 0.0038185 0.0001098 2.6e-06 0 0 0 0 0 0 0 0 0 0 0 0 
1 0.799545 0.515436 0.221868 0.0477568 0.0038347 0.000121 2.8e-06 0 0 0 0 0 0 0 0 0 0 0 0 
1 0.800224 0.516344 0.222927 0.0482913 0.0038986 0.0001179 3.3e-06 1e-07 0 0 0 0 0 0 0 0 0 0 0 
1 0.800125 0.515994 0.222729 0.0480998 0.0038464 0.0001149 2.6e-06 0 0 0 0 0 0 0 0 0 0 0 0 
1 0.799877 0.515737 0.222129 0.0478701 0.0038447 0.0001202 2.5e-06 1e-07 0 0 0 0 0 0 0 0 0 0 0 
1 0.800348 0.517004 0.223536 0.0484967 0.0039248 0.0001177 1.1e-06 0 0 0 0 0 0 0 0 0 0 0 0 
1 0.799695 0.515328 0.221672 0.0476177 0.0038169 0.0001185 2.6e-06 1e-07 0 0 0 0 0 0 0 0 0 0 0 
1 0.800616 0.516934 0.223409 0.0484518 0.0038674 0.0001196 1.4e-06 0 0 0 0 0 0 0 0 0 0 0 0 
1 0.800564 0.517048 0.223581 0.0485795 0.0039274 0.0001217 2.7e-06 0 0 0 0 0 0 0 0 0 0 0 0 
1 0.800653 0.51684 0.223126 0.0483038 0.0039343 0.0001203 1.1e-06 0 0 0 0 0 0 0 0 0 0 0 0 
1 0.800319 0.516408 0.222583 0.0479924 0.0038772 0.000118 1.8e-06 0 0 0 0 0 0 0 0 0 0 0 0 
1 0.799508 0.514471 0.220505 0.0470536 0.0037337 0.0001146 1.4e-06 0 0 0 0 0 0 0 0 0 0 0 0 
1 0.79942 0.514877 0.221241 0.0475212 0.0037642 0.0001169 2.1e-06 1e-07 0 0 0 0 0 0 0 0 0 0 0 
1 0.799399 0.514469 0.221103 0.0475698 0.0038271 0.000112 2.3e-06 3e-07 0 0 0 0 0 0 0 0 0 0 0 
1 0.800089 0.516426 0.222861 0.0482065 0.0039035 0.0001173 1.2e-06 1e-07 0 0 0 0 0 0 0 0 0 0 0 
1 0.800409 0.516964 0.223765 0.0487273 0.0039442 0.0001249 2.5e-06 0 0 0 0 0 0 0 0 0 0 0 0 
1 0.800034 0.515768 0.222361 0.0480926 0.0038582 0.0001142 2.8e-06 0 0 0 0 0 0 0 0 0 0 0 0 
1 0.799864 0.515449 0.221514 0.0477107 0.0038622 0.000122 3e-06 0 0 0 0 0 0 0 0 0 0 0 0 
1 0.799705 0.515671 0.222164 0.0480659 0.0038996 0.0001197 2.7e-06 0 0 0 0 0 0 0 0 0 0 0 0 
1 0.799766 0.515092 0.221415 0.047784 0.0038484 0.0001158 2.8e-06 0 0 0 0 0 0 0 0 0 0 0 0 
1 0.80034 0.516586 0.223063 0.0482627 0.0038677 0.0001094 1.6e-06 1e-07 0 0 0 0 0 0 0 0 0 0 0 
1 0.79985 0.515483 0.22166 0.0475928 0.0037577 0.0001104 1.6e-06 2e-07 0 0 0 0 0 0 0 0 0 0 0 
1 0.800011 0.515806 0.222533 0.0481893 0.0038686 0.0001186 3.4e-06 3e-07 0 0 0 0 0 0 0 0 0 0 0 
1 0.800187 0.516291 0.222778 0.0481561 0.0038554 0.0001318 1.9e-06 0 0 0 0 0 0 0 0 0 0 0 0 
1 0.799989 0.515493 0.222146 0.0476601 0.003763 0.0001149 1.7e-06 0 0 0 0 0 0 0 0 0 0 0 0 
1 0.800523 0.516868 0.223332 0.0485214 0.0039106 0.0001195 2.1e-06 0 0 0 0 0 0 0 0 0 0 0 0 
1 0.800918 0.517412 0.223923 0.0488842 0.0039941 0.0001211 1.9e-06 0 0 0 0 0 0 0 0 0 0 0 0 
1 0.799744 0.51548 0.222046 0.0478676 0.0037896 0.0001129 1.4e-06 1e-07 0 0 0 0 0 0 0 0 0 0 0 
1 0.80051 0.516843 0.223247 0.0484461 0.0038971 0.000118 1.8e-06 0 0 0 0 0 0 0 0 0 0 0 0 
1 0.799626 0.515413 0.221825 0.0477568 0.0037895 0.0001214 1.9e-06 0 0 0 0 0 0 0 0 0 0 0 0 
1 0.799733 0.515479 0.221948 0.047829 0.003884 0.000127 1.2e-06 0 0 0 0 0 0 0 0 0 0 0 0 
1 0.799658 0.515138 0.22143 0.0474446 0.0037477 0.0001075 2.5e-06 0 0 0 0 0 0 0 0 0 0 0 0 
1 0.80009 0.516274 0.223172 0.0483601 0.0038894 0.0001237 2e-06 1e-07 0 0 0 0 0 0 0 0 0 0 0 
1 0.800081 0.516105 0.222646 0.0483841 0.0038465 0.0001213 2.1e-06 0 0 0 0 0 0 0 0 0 0 0 0 
1 0.799943 0.515986 0.222555 0.0481334 0.0038401 0.0001136 1.5e-06 0 0 0 0 0 0 0 0 0 0 0 0 
1 0.800267 0.516368 0.222619 0.0481356 0.0038708 0.0001149 3.3e-06 0 0 0 0 0 0 0 0 0 0 0 0 
1 0.799859 0.515745 0.222694 0.048309 0.0039408 0.0001149 1.7e-06 0 0 0 0 0 0 0 0 0 0 0 0 
1 0.800375 0.516492 0.22335 0.0484232 0.0039391 0.0001134 2.3e-06 2e-07 0 0 0 0 0 0 0 0 0 0 0 
1 0.799725 0.514995 0.221237 0.0475393 0.0038046 0.0001147 1.4e-06 0 0 0 0 0 0 0 0 0 0 0 0 
1 0.799964 0.516239 0.222901 0.048338 0.0039419 0.000133 2.2e-06 1e-07 0 0 0 0 0 0 0 0 0 0 0 
