1 0.748538 0.421773 0.138526 0.0169335 0.0004565 5.5e-06 0 0 0 0 0 0 0 0 0 0 0 0 0 
1 0.749322 0.422595 0.137698 0.0164525 0.0004505 4e-06 0 0 0 0 0 0 0 0 0 0 0 0 0 
1 0.749324 0.423263 0.138592 0.0167935 0.000503 3e-06 0 0 0 0 0 0 0 0 0 0 0 0 0 
1 0.74898 0.421922 0.138669 0.01689 0.00044 0 0 0 0 0 0 0 0 0 0 0 0 0 0 
1 0.748885 0.422333 0.13744 0.016546 0.0003795 5e-07 0 0 0 0 0 0 0 0 0 0 0 0 0 
1 0.749569 0.423636 0.138988 0.016858 0.0004815 7.5e-06 0 0 0 0 0 0 0 0 0 0 0 0 0 
1 0.748863 0.422044 0.137442 0.016873 0.000522 9e-06 0 0 0 0 0 0 0 0 0 0 0 0 0 
1 0.751011 0.425871 0.140064 0.017097 0.0004805 5e-06 0 0 0 0 0 0 0 0 0 0 0 0 0 
1 0.749758 0.423353 0.138427 0.0169015 0.0004235 5.5e-06 0 0 0 0 0 0 0 0 0 0 0 0 0 
1 0.751166 0.425717 0.140251 0.0172745 0.000481 2.5e-06 0 0 0 0 0 0 0 0 0 0 0 0 0 
1 0.75169 0.428514 0.142348 0.0177345 0.000533 1.75e-05 2e-06 0 0 0 0 0 0 0 0 0 0 0 0 
1 0.750901 0.42479 0.139814 0.017317 0.0005 1e-05 5e-07 0 0 0 0 0 0 0 0 0 0 0 0 
1 0.748454 0.421693 0.137381 0.016667 0.0004285 1e-06 0 0 0 0 0 0 0 0 0 0 0 0 0 
1 0.748523 0.422156 0.137538 0.016497 0.000459 6.5e-06 0 0 0 0 0 0 0 0 0 0 0 0 0 
1 0.749815 0.425299 0.139983 0.017061 0.0004675 4e-06 0 0 0 0 0 0 0 0 0 0 0 0 0 
1 0.751154 0.424522 0.139053 0.016824 0.0004175 7.5e-06 0 0 0 0 0 0 0 0 0 0 0 0 0 
1 0.749217 0.423112 0.138129 0.0166855 0.000453 6.5e-06 0 0 0 0 0 0 0 0 0 0 0 0 0 
1 0.750178 0.425024 0.139 0.0169935 0.00045 7e-06 0 0 0 0 0 0 0 0 0 0 0 0 0 
1 0.751216 0.425752 0.140167 0.0169585 0.000437 1e-06 0 0 0 0 0 0 0 0 0 0 0 0 0 
1 0.749433 0.42335 0.138145 0.0166735 0.000484 8e-06 0 0 0 0 0 0 0 0 0 0 0 0 0 
1 0.749185 0.422179 0.137774 0.0166255 0.000474 4.5e-06 0 0 0 0 0 0 0 0 0 0 0 0 0 
1 0.747607 0.4194 0.135304 0.015505 0.0003855 4.5e-06 0 0 0 0 0 0 0 0 0 0 0 0 0 
1 0.751672 0.42628 0.140313 0.0173375 0.0004435 2.5e-06 0 0 0 0 0 0 0 0 0 0 0 0 0 
1 0.750641 0.425599 0.140434 0.017164 0.0004485 3.5e-06 0 0 0 0 0 0 0 0 0 0 0 0 0 
1 0.750014 0.424248 0.139709 0.017184 0.0004525 2e-06 0 0 0 0 0 0 0 0 0 0 0 0 0 
1 0.751101 0.42502 0.139185 0.016936 0.0004575 4.5e-06 0 0 0 0 0 0 0 0 0 0 0 0 0 
1 0.748378 0.421995 0.136852 0.0160285 0.000448 1e-06 0 0 0 0 0 0 0 0 0 0 0 0 0 
1 0.750142 0.425211 0.139069 0.0171555 0.0005115 1e-05 0 0 0 0 0 0 0 0 0 0 0 0 0 
1 0.749155 0.423079 0.139218 0.0169165 0.0004305 1.5e-06 0 0 0 0 0 0 0 0 0 0 0 0 0 
1 0.748604 0.421194 0.137092 0.016637 0.0004495 2e-06 0 0 0 0 0 0 0 0 0 0 0 0 0 
1 0.752002 0.426821 0.141764 0.017799 0.000467 1.05e-05 0 0 0 0 0 0 0 0 0 0 0 0 0 
1 0.750076 0.422826 0.137566 0.0166155 0.000418 2e-06 0 0 0 0 0 0 0 0 0 0 0 0 0 
1 0.749901 0.423659 0.138529 0.0167345 0.0004225 5.5e-06 0 0 0 0 0 0 0 0 0 0 0 0 0 
1 0.750445 0.425308 0.140432 0.017165 0.0005 7.5e-06 0 0 0 0 0 0 0 0 0 0 0 0 0 
1 0.749436 0.424 0.139083 0.016877 0.0004715 3e-06 0 0 0 0 0 0 0 0 0 0 0 0 0 
1 0.747762 0.420056 0.136324 0.0166455 0.0004335 3.5e-06 0 0 0 0 0 0 0 0 0 0 0 0 0 
1 0.750006 0.423329 0.137937 0.0166435 0.0004585 6.5e-06 0 0 0 0 0 0 0 0 0 0 0 0 0 
1 0.750704 0.426531 0.140647 0.017197 0.0004965 3e-06 0 0 0 0 0 0 0 0 0 0 0 0 0 
1 0.750769 0.425036 0.13958 0.016748 0.0004285 2e-06 0 0 0 0 0 0 0 0 0 0 0 0 0 
1 0.750503 0.425995 0.141329 0.0173295 0.000478 3e-06 0 0 0 0 0 0 0 0 0 0 0 0 0 
1 0.750039 0.424257 0.139657 0.016858 0.000448 7.5e-06 0 0 0 0 0 0 0 0 0 0 0 0 0 
1 0.749621 0.42302 0.137716 0.0164925 0.000461 2.5e-06 0 0 0 0 0 0 0 0 0 0 0 0 0 
1 0.748942 0.424023 0.139235 0.0168805 0.0004345 1e-06 0 0 0 0 0 0 0 0 0 0 0 0 0 
1 0.75014 0.423281 0.138571 0.017001 0.0004565 2.5e-06 0 0 0 0 0 0 0 0 0 0 0 0 0 
1 0.749183 0.422611 0.138177 0.016883 0.0004605 9e-06 0 0 0 0 0 0 0 0 0 0 0 0 0 
1 0.749667 0.423086 0.138312 0.017122 0.0004215 9.5e-06 0 0 0 0 0 0 0 0 0 0 0 0 0 
1 0.74981 0.423928 0.138147 0.0167605 0.0004485 5.5e-06 0 0 0 0 0 0 0 0 0 0 0 0 0 
1 0.749297 0.422237 0.136719 0.016086 0.00038 2.5e-06 0 0 0 0 0 0 0 0 0 0 0 0 0 
1 0.750335 0.426024 0.141173 0.017529 0.0004675 2.5e-06 0 0 0 0 0 0 0 0 0 0 0 0 0 
1 0.747978 0.421078 0.137072 0.0164475 0.000404 3.5e-06 0 0 0 0 0 0 0 0 0 0 0 0 0 
1 0.750786 0.426037 0.141373 0.0175035 0.0005145 1.05e-05 0 0 0 0 0 0 0 0 0 0 0 0 0 
1 0.748456 0.420847 0.136327 0.016155 0.000415 8.5e-06 0 0 0 0 0 0 0 0 0 0 0 0 0 
1 0.750545 0.424311 0.139119 0.0169345 0.0004515 2e-06 0 0 0 0 0 0 0 0 0 0 0 0 0 
1 0.749912 0.422975 0.138691 0.017168 0.00047 1.5e-06 0 0 0 0 0 0 0 0 0 0 0 0 0 
1 0.750349 0.424014 0.139025 0.017054 0.0004305 1.5e-06 0 0 0 0 0 0 0 0 0 0 0 0 0 
1 0.75102 0.424245 0.138768 0.0168545 0.0004645 2.5e-06 0 0 0 0 0 0 0 0 0 0 0 0 0 
1 0.750038 0.422954 0.138399 0.016751 0.0004305 3.5e-06 0 0 0 0 0 0 0 0 0 0 0 0 0 
1 0.749598 0.424081 0.139126 0.0171275 0.00052 4e-06 0 0 0 0 0 0 0 0 0 0 0 0 0 
1 0.747937 0.420845 0.136578 0.0166595 0.0004675 5e-07 0 0 0 0 0 0 0 0 0 0 0 0 0 
1 0.749509 0.423025 0.13782 0.0164025 0.00047 5.5e-06 0 0 0 0 0 0 0 0 0 0 0 0 0 
1 0.751412 0.426451 0.140324 0.017168 0.0004625 2.5e-06 0 0 0 0 0 0 0 0 0 0 0 0 0 
1 0.748136 0.420617 0.135808 0.016129 0.0004015 1.5e-06 0 0 0 0 0 0 0 0 0 0 0 0 0 
1 0.749948 0.424899 0.139864 0.017211 0.000499 6.5e-06 0 0 0 0 0 0 0 0 0 0 0 0 0 
1 0.749974 0.424545 0.139122 0.0170105 0.000423 5e-06 0 0 0 0 0 0 0 0 0 0 0 0 0 
1 0.749394 0.424253 0.138973 0.017048 0.0004605 1.5e-06 0 0 0 0 0 0 0 0 0 0 0 0 0 
1 0.749126 0.42224 0.136901 0.0164325 0.00044 4.5e-06 0 0 0 0 0 0 0 0 0 0 0 0 0 
1 0.74735 0.419191 0.135564 0.016074 0.0004185 1.5e-06 0 0 0 0 0 0 0 0 0 0 0 0 0 
1 0.750359 0.425368 0.140198 0.0173505 0.000483 2.5e-06 0 0 0 0 0 0 0 0 0 0 0 0 0 
1 0.749879 0.424127 0.138541 0.0166505 0.0004565 1e-06 0 0 0 0 0 0 0 0 0 0 0 0 0 
1 0.748997 0.422405 0.138056 0.016685 0.0004535 7e-06 0 0 0 0 0 0 0 0 0 0 0 0 0 
1 0.750409 0.425113 0.13978 0.016928 0.0004705 5e-07 0 0 0 0 0 0 0 0 0 0 0 0 0 
1 0.749883 0.423876 0.138545 0.016924 0.000426 6.5e-06 0 0 0 0 0 0 0 0 0 0 0 0 0 
1 0.749605 0.424405 0.139513 0.017009 0.000474 3.5e-06 0 0 0 0 0 0 0 0 0 0 0 0 0 
1 0.747479 0.420996 0.137004 0.016671 0.0004495 1.1e-05 3.5e-06 0 0 0 0 0 0 0 0 0 0 0 0 
1 0.750779 0.424725 0.139523 0.0171395 0.000467 5e-07 0 0 0 0 0 0 0 0 0 0 0 0 0 
1 0.748958 0.422342 0.137808 0.016383 0.000419 5e-07 0 0 0 0 0 0 0 0 0 0 0 0 0 
1 0.749606 0.422435 0.137796 0.0165175 0.000474 1.75e-05 0 0 0 0 0 0 0 0 0 0 0 0 0 
1 0.75143 0.426302 0.140572 0.017602 0.000475 2.5e-06 0 0 0 0 0 0 0 0 0 0 0 0 0 
1 0.751107 0.42466 0.13939 0.016969 0.000444 5e-06 0 0 0 0 0 0 0 0 0 0 0 0 0 
1 0.749179 0.4228 0.137772 0.0164985 0.000446 3e-06 0 0 0 0 0 0 0 0 0 0 0 0 0 
1 0.750666 0.424808 0.139737 0.017055 0.000449 2.5e-06 0 0 0 0 0 0 0 0 0 0 0 0 0 
1 0.750764 0.425169 0.140301 0.017382 0.000467 0 0 0 0 0 0 0 0 0 0 0 0 0 0 
1 0.750354 0.424453 0.138712 0.0169625 0.0004635 4e-06 0 0 0 0 0 0 0 0 0 0 0 0 0 
1 0.75132 0.426438 0.140694 0.017373 0.000477 5e-07 0 0 0 0 0 0 0 0 0 0 0 0 0 
1 0.748111 0.420527 0.135639 0.016287 0.000425 5e-06 0 0 0 0 0 0 0 0 0 0 0 0 0 
1 0.750651 0.425425 0.140291 0.017499 0.0004985 3.5e-06 0 0 0 0 0 0 0 0 0 0 0 0 0 
1 0.749205 0.423117 0.138541 0.01684 0.000429 5e-07 0 0 0 0 0 0 0 0 0 0 0 0 0 
1 0.747071 0.419447 0.135724 0.015998 0.0004085 5.5e-06 0 0 0 0 0 0 0 0 0 0 0 0 0 
1 0.749707 0.42289 0.137392 0.016501 0.000454 5e-06 0 0 0 0 0 0 0 0 0 0 0 0 0 
1 0.751204 0.425325 0.140714 0.0174365 0.0004625 2e-06 0 0 0 0 0 0 0 0 0 0 0 0 0 
1 0.749928 0.423933 0.138689 0.0168615 0.0004645 5e-06 0 0 0 0 0 0 0 0 0 0 0 0 0 
1 0.751083 0.425451 0.139762 0.0169655 0.0004455 1.5e-06 0 0 0 0 0 0 0 0 0 0 0 0 0 
1 0.750626 0.425202 0.140276 0.0171785 0.000501 9.5e-06 0 0 0 0 0 0 0 0 0 0 0 0 0 
1 0.749285 0.423341 0.138894 0.0174325 0.0005165 6.5e-06 0 0 0 0 0 0 0 0 0 0 0 0 0 
1 0.749931 0.423939 0.138977 0.016981 0.0004895 3e-06 0 0 0 0 0 0 0 0 0 0 0 0 0 
1 0.749227 0.423739 0.1395 0.0172145 0.0004615 3e-06 0 0 0 0 0 0 0 0 0 0 0 0 0 
1 0.75063 0.425615 0.140053 0.0170855 0.000463 3e-06 0 0 0 0 0 0 0 0 0 0 0 0 0 
1 0.749153 0.421142 0.137378 0.016598 0.000431 5e-07 0 0 0 0 0 0 0 0 0 0 0 0 0 
1 0.749647 0.422928 0.138348 0.016342 0.0004385 4.5e-06 0 0 0 0 0 0 0 0 0 0 0 0 0 
1 0.751735 0.426935 0.140923 0.017479 0.0005545 6.5e-06 0 0 0 0 0 0 0 0 0 0 0 0 0 
1 0.749985 0.424491 0.139903 0.0172955 0.0005605 2.5e-06 0 0 0 0 0 0 0 0 0 0 0 0 0 
1 0.750546 0.426056 0.140797 0.0173045 0.000507 5e-06 0 0 0 0 0 0 0 0 0 0 0 0 0 
1 0.750387 0.424886 0.13892 0.017056 0.000452 1.5e-06 0 0 0 0 0 0 0 0 0 0 0 0 0 
1 0.74979 0.423117 0.136887 0.0164615 0.00048 5.5e-06 0 0 0 0 0 0 0 0 0 0 0 0 0 
1 0.748843 0.422907 0.138597 0.017036 0.00048 3e-06 0 0 0 0 0 0 0 0 0 0 0 0 0 
1 0.749264 0.422547 0.138073 0.016808 0.000521 3e-06 0 0 0 0 0 0 0 0 0 0 0 0 0 
1 0.749015 0.421746 0.137475 0.0162605 0.000486 0 0 0 0 0 0 0 0 0 0 0 0 0 0 
1 0.748298 0.420465 0.136677 0.0162765 0.0004435 8e-06 0 0 0 0 0 0 0 0 0 0 0 0 0 
1 0.750662 0.425237 0.139961 0.0171105 0.000503 3e-06 0 0 0 0 0 0 0 0 0 0 0 0 0 
1 0.751292 0.425544 0.139865 0.0172035 0.0004495 5e-07 0 0 0 0 0 0 0 0 0 0 0 0 0 
1 0.75024 0.425045 0.139665 0.017043 0.000556 7.5e-06 1e-06 0 0 0 0 0 0 0 0 0 0 0 0 
1 0.747311 0.420649 0.136072 0.01619 0.000401 0 0 0 0 0 0 0 0 0 0 0 0 0 0 
1 0.752289 0.427975 0.141967 0.0174175 0.0004315 6.5e-06 0 0 0 0 0 0 0 0 0 0 0 0 0 
1 0.750333 0.424815 0.13984 0.016978 0.0003855 1e-06 0 0 0 0 0 0 0 0 0 0 0 0 0 
1 0.750438 0.424748 0.140409 0.017091 0.0004865 5.5e-06 0 0 0 0 0 0 0 0 0 0 0 0 0 
1 0.748103 0.421018 0.136898 0.016328 0.0004285 0 0 0 0 0 0 0 0 0 0 0 0 0 0 
1 0.749553 0.423141 0.137627 0.016701 0.000477 3.5e-06 0 0 0 0 0 0 0 0 0 0 0 0 0 
1 0.749756 0.423744 0.137347 0.016253 0.00036 2.5e-06 0 0 0 0 0 0 0 0 0 0 0 0 0 
1 0.749722 0.42244 0.137959 0.016778 0.000496 1e-06 0 0 0 0 0 0 0 0 0 0 0 0 0 
1 0.751814 0.426876 0.141884 0.0177405 0.0004985 5e-06 0 0 0 0 0 0 0 0 0 0 0 0 0 
1 0.749629 0.423869 0.138673 0.0170905 0.000494 2e-06 0 0 0 0 0 0 0 0 0 0 0 0 0 
1 0.749735 0.423699 0.13944 0.0171205 0.0004825 4.5e-06 0 0 0 0 0 0 0 0 0 0 0 0 0 
1 0.748689 0.42188 0.13681 0.0160955 0.0004 1e-06 0 0 0 0 0 0 0 0 0 0 0 0 0 
1 0.750117 0.424725 0.139627 0.017218 0.000453 6e-06 0 0 0 0 0 0 0 0 0 0 0 0 0 
1 0.750447 0.424904 0.139552 0.0168175 0.0004415 2e-06 0 0 0 0 0 0 0 0 0 0 0 0 0 
1 0.751164 0.427308 0.141925 0.017431 0.0004745 1.5e-06 0 0 0 0 0 0 0 0 0 0 0 0 0 
1 0.75048 0.425819 0.140636 0.017567 0.0005625 7e-06 0 0 0 0 0 0 0 0 0 0 0 0 0 
1 0.747968 0.420328 0.135731 0.016027 0.0004185 3e-06 0 0 0 0 0 0 0 0 0 0 0 0 0 
1 0.751569 0.426571 0.141578 0.0179435 0.0005545 6.5e-06 0 0 0 0 0 0 0 0 0 0 0 0 0 
1 0.750205 0.424579 0.139471 0.016738 0.0004595 8.5e-06 1.5e-06 0 0 0 0 0 0 0 0 0 0 0 0 
1 0.750646 0.424643 0.139204 0.016713 0.0004045 1e-05 0 0 0 0 0 0 0 0 0 0 0 0 0 
1 0.748271 0.420242 0.135771 0.015734 0.000361 3e-06 0 0 0 0 0 0 0 0 0 0 0 0 0 
1 0.748695 0.421877 0.137433 0.0164575 0.000434 3.5e-06 0 0 0 0 0 0 0 0 0 0 0 0 0 
1 0.748249 0.420626 0.136702 0.0165285 0.0004305 5e-06 0 0 0 0 0 0 0 0 0 0 0 0 0 
1 0.750004 0.424624 0.139865 0.017282 0.0004495 4e-06 0 0 0 0 0 0 0 0 0 0 0 0 0 
1 0.749088 0.421881 0.13726 0.016597 0.000504 3.5e-06 0 0 0 0 0 0 0 0 0 0 0 0 0 
1 0.751756 0.426114 0.140759 0.017455 0.000459 0 0 0 0 0 0 0 0 0 0 0 0 0 0 
1 0.749635 0.423126 0.138068 0.01662 0.0004365 6e-06 0 0 0 0 0 0 0 0 0 0 0 0 0 
1 0.749569 0.422644 0.137761 0.0163995 0.0004245 6e-06 0 0 0 0 0 0 0 0 0 0 0 0 0 
1 0.748813 0.421496 0.137086 0.0163835 0.0004085 5e-07 0 0 0 0 0 0 0 0 0 0 0 0 0 
1 0.748935 0.422265 0.138049 0.0167815 0.0004455 3e-06 0 0 0 0 0 0 0 0 0 0 0 0 0 
1 0.75035 0.42528 0.140395 0.017246 0.000506 6.5e-06 0 0 0 0 0 0 0 0 0 0 0 0 0 
1 0.749958 0.424286 0.138271 0.016486 0.0004035 4.5e-06 0 0 0 0 0 0 0 0 0 0 0 0 0 
1 0.749195 0.42256 0.137663 0.0164315 0.000414 1.5e-06 0 0 0 0 0 0 0 0 0 0 0 0 0 
1 0.750666 0.425746 0.140621 0.017571 0.000525 1e-05 0 0 0 0 0 0 0 0 0 0 0 0 0 
1 0.746922 0.41928 0.135867 0.015885 0.000384 6e-06 0 0 0 0 0 0 0 0 0 0 0 0 0 
1 0.749422 0.423443 0.137691 0.0165285 0.000497 3e-06 0 0 0 0 0 0 0 0 0 0 0 0 0 
1 0.751563 0.427216 0.142 0.017436 0.0004555 0 0 0 0 0 0 0 0 0 0 0 0 0 0 
1 0.750103 0.424672 0.140332 0.017536 0.000488 5e-06 0 0 0 0 0 0 0 0 0 0 0 0 0 
1 0.748414 0.421533 0.137554 0.016493 0.0004475 3.5e-06 0 0 0 0 0 0 0 0 0 0 0 0 0 
1 0.750809 0.425168 0.140074 0.0171425 0.0004575 5.5e-06 0 0 0 0 0 0 0 0 0 0 0 0 0 
1 0.753173 0.429361 0.143112 0.017901 0.000501 2.5e-06 0 0 0 0 0 0 0 0 0 0 0 0 0 
1 0.748997 0.421466 0.137057 0.0165445 0.0004235 2e-06 0 0 0 0 0 0 0 0 0 0 0 0 0 
1 0.749394 0.422494 0.137716 0.016628 0.0004365 2e-06 0 0 0 0 0 0 0 0 0 0 0 0 0 
1 0.750402 0.424908 0.14046 0.017524 0.000506 5e-07 0 0 0 0 0 0 0 0 0 0 0 0 0 
1 0.748987 0.420973 0.136803 0.0165595 0.000519 6.5e-06 0 0 0 0 0 0 0 0 0 0 0 0 0 
1 0.750129 0.424476 0.139366 0.017179 0.000496 3.5e-06 0 0 0 0 0 0 0 0 0 0 0 0 0 
1 0.749414 0.42321 0.137884 0.016816 0.000495 2.5e-06 0 0 0 0 0 0 0 0 0 0 0 0 0 
1 0.749015 0.422247 0.137857 0.0166325 0.000459 1.5e-06 0 0 0 0 0 0 0 0 0 0 0 0 0 
1 0.750943 0.424904 0.140108 0.017247 0.00049 5.5e-06 0 0 0 0 0 0 0 0 0 0 0 0 0 
1 0.750545 0.424626 0.139524 0.017106 0.0005275 9e-06 0 0 0 0 0 0 0 0 0 0 0 0 0 
1 0.749114 0.422342 0.136744 0.0160265 0.0003775 1e-06 0 0 0 0 0 0 0 0 0 0 0 0 0 
1 0.747986 0.42025 0.135856 0.0162135 0.000402 5e-07 0 0 0 0 0 0 0 0 0 0 0 0 0 
1 0.752966 0.42955 0.143341 0.018097 0.0004595 4e-06 0 0 0 0 0 0 0 0 0 0 0 0 0 
1 0.750389 0.424424 0.138904 0.016901 0.000442 2.5e-06 0 0 0 0 0 0 0 0 0 0 0 0 0 
1 0.750244 0.424443 0.138845 0.0165585 0.0004255 5.5e-06 0 0 0 0 0 0 0 0 0 0 0 0 0 
1 0.748476 0.419714 0.135114 0.0159795 0.000423 6.5e-06 0 0 0 0 0 0 0 0 0 0 0 0 0 
1 0.748813 0.421485 0.136491 0.0161665 0.000394 4.5e-06 0 0 0 0 0 0 0 0 0 0 0 0 0 
1 0.749232 0.421752 0.137126 0.016568 0.0005225 7e-06 0 0 0 0 0 0 0 0 0 0 0 0 0 
1 0.749695 0.422684 0.138389 0.0168545 0.000446 2.5e-06 0 0 0 0 0 0 0 0 0 0 0 0 0 
1 0.749596 0.422208 0.136655 0.0162795 0.000432 3.5e-06 0 0 0 0 0 0 0 0 0 0 0 0 0 
1 0.748987 0.422153 0.138008 0.0164505 0.000459 2e-06 0 0 0 0 0 0 0 0 0 0 0 0 0 
1 0.751016 0.425719 0.140115 0.017164 0.000475 6e-06 0 0 0 0 0 0 0 0 0 0 0 0 0 
1 0.749825 0.422915 0.137398 0.016309 0.000416 3.5e-06 0 0 0 0 0 0 0 0 0 0 0 0 0 
1 0.750014 0.424052 0.139254 0.016956 0.00041 1e-06 0 0 0 0 0 0 0 0 0 0 0 0 0 
1 0.750371 0.42491 0.139883 0.017333 0.0005305 6.5e-06 0 0 0 0 0 0 0 0 0 0 0 0 0 
1 0.750409 0.424684 0.139657 0.0174135 0.0004875 3.5e-06 0 0 0 0 0 0 0 0 0 0 0 0 0 
1 0.749304 0.423078 0.138368 0.0168585 0.00047 4e-06 0 0 0 0 0 0 0 0 0 0 0 0 0 
1 0.751852 0.427246 0.141008 0.0172385 0.0004615 1.1e-05 5e-07 0 0 0 0 0 0 0 0 0 0 0 0 
1 0.748521 0.420826 0.136105 0.016292 0.0004105 5e-07 0 0 0 0 0 0 0 0 0 0 0 0 0 
1 0.750334 0.424913 0.139146 0.016792 0.0004815 1.5e-06 0 0 0 0 0 0 0 0 0 0 0 0 0 
1 0.748701 0.421664 0.136702 0.016266 0.0004315 3e-06 0 0 0 0 0 0 0 0 0 0 0 0 0 
1 0.750968 0.42562 0.140121 0.0172145 0.000469 4.5e-06 0 0 0 0 0 0 0 0 0 0 0 0 0 
1 0.748755 0.422275 0.137565 0.0166 0.000479 0 0 0 0 0 0 0 0 0 0 0 0 0 0 
1 0.75021 0.42405 0.138636 0.01702 0.000475 1.5e-06 0 0 0 0 0 0 0 0 0 0 0 0 0 
1 0.749966 0.423373 0.138528 0.0167705 0.0004655 3.5e-06 0 0 0 0 0 0 0 0 0 0 0 0 0 
1 0.749337 0.421392 0.137011 0.016449 0.000405 5e-06 0 0 0 0 0 0 0 0 0 0 0 0 0 
1 0.750526 0.42597 0.140495 0.017363 0.0005085 1.3e-05 0 0 0 0 0 0 0 0 0 0 0 0 0 
1 0.75031 0.425849 0.140239 0.017337 0.0004925 4e-06 0 0 0 0 0 0 0 0 0 0 0 0 0 
1 0.751028 0.426319 0.140685 0.0175725 0.000469 2.5e-06 0 0 0 0 0 0 0 0 0 0 0 0 0 
1 0.749001 0.422365 0.138586 0.0168425 0.0004515 3e-06 0 0 0 0 0 0 0 0 0 0 0 0 0 
1 0.751363 0.427012 0.141016 0.017244 0.0004825 4.5e-06 0 0 0 0 0 0 0 0 0 0 0 0 0 
1 0.74943 0.422486 0.138091 0.0166865 0.000437 3e-06 0 0 0 0 0 0 0 0 0 0 0 0 0 
1 0.751427 0.42679 0.140202 0.017258 0.0005155 4e-06 0 0 0 0 0 0 0 0 0 0 0 0 0 
1 0.74996 0.423303 0.138637 0.016949 0.0004715 2.5e-06 0 0 0 0 0 0 0 0 0 0 0 0 0 
1 0.750313 0.423784 0.139193 0.016891 0.000471 1.15e-05 0 0 0 0 0 0 0 0 0 0 0 0 0 
1 0.750552 0.424844 0.139977 0.017058 0.0004435 7.5e-06 0 0 0 0 0 0 0 0 0 0 0 0 0 
1 0.749825 0.423825 0.13928 0.0168335 0.000488 5e-06 0 0 0 0 0 0 0 0 0 0 0 0 0 
1 0.748376 0.421818 0.137417 0.01674 0.000517 4.5e-06 0 0 0 0 0 0 0 0 0 0 0 0 0 
1 0.750621 0.424375 0.138548 0.0168075 0.0004745 5e-07 0 0 0 0 0 0 0 0 0 0 0 0 0 
1 0.750923 0.426007 0.140316 0.0171825 0.0004625 2.5e-06 0 0 0 0 0 0 0 0 0 0 0 0 0 
1 0.750529 0.425244 0.139515 0.0170555 0.0004625 3.5e-06 0 0 0 0 0 0 0 0 0 0 0 0 0 
1 0.74908 0.42303 0.137576 0.016189 0.0004235 4.5e-06 0 0 0 0 0 0 0 0 0 0 0 0 0 
1 0.746804 0.419144 0.135429 0.01615 0.000439 1e-06 0 0 0 0 0 0 0 0 0 0 0 0 0 
1 0.747988 0.420823 0.136517 0.016619 0.0004155 2e-06 0 0 0 0 0 0 0 0 0 0 0 0 0 
