1 0.59966 0.216019 0.0282789 0.000481429 0 0 0 0 0 0 0 0 0 0 0 0 0 0 0 
1 0.599886 0.216101 0.0284834 0.000512071 0 0 0 0 0 0 0 0 0 0 0 0 0 0 0 
1 0.600449 0.216845 0.0283576 0.000509 1.35714e-06 0 0 0 0 0 0 0 0 0 0 0 0 0 0 
1 0.599536 0.215426 0.0282973 0.000488786 0 0 0 0 0 0 0 0 0 0 0 0 0 0 0 
1 0.60152 0.218446 0.0290974 0.0005445 0 0 0 0 0 0 0 0 0 0 0 0 0 0 0 
1 0.5982 0.214021 0.0281341 0.0005325 2.57143e-06 0 0 0 0 0 0 0 0 0 0 0 0 0 0 
1 0.601022 0.217186 0.0288417 0.00051 5e-07 0 0 0 0 0 0 0 0 0 0 0 0 0 0 
1 0.600735 0.217419 0.0286527 0.000540429 3.78571e-06 0 0 0 0 0 0 0 0 0 0 0 0 0 0 
1 0.597626 0.213108 0.0270041 0.000420071 1.14286e-06 0 0 0 0 0 0 0 0 0 0 0 0 0 0 
1 0.600098 0.21704 0.0283325 0.000483929 0 0 0 0 0 0 0 0 0 0 0 0 0 0 0 
1 0.600618 0.217432 0.0287019 0.000477143 1.57143e-06 0 0 0 0 0 0 0 0 0 0 0 0 0 0 
1 0.600544 0.217268 0.0288191 0.000574 0 0 0 0 0 0 0 0 0 0 0 0 0 0 0 
1 0.600315 0.216201 0.0281536 0.000547286 3.57143e-07 0 0 0 0 0 0 0 0 0 0 0 0 0 0 
1 0.599146 0.215717 0.0280792 0.0005075 5e-07 0 0 0 0 0 0 0 0 0 0 0 0 0 0 
1 0.602807 0.219441 0.0295449 0.000601714 0 0 0 0 0 0 0 0 0 0 0 0 0 0 0 
1 0.600949 0.216851 0.0284686 0.0005855 1.5e-06 0 0 0 0 0 0 0 0 0 0 0 0 0 0 
1 0.601408 0.217691 0.028928 0.000494857 0 0 0 0 0 0 0 0 0 0 0 0 0 0 0 
1 0.600488 0.216804 0.0282934 0.0005165 1.14286e-06 0 0 0 0 0 0 0 0 0 0 0 0 0 0 
1 0.598883 0.215184 0.0281711 0.000527286 6.71429e-06 0 0 0 0 0 0 0 0 0 0 0 0 0 0 
1 0.600306 0.216629 0.0284504 0.000505 0 0 0 0 0 0 0 0 0 0 0 0 0 0 0 
1 0.59918 0.21527 0.0279322 0.000556571 4.64286e-06 0 0 0 0 0 0 0 0 0 0 0 0 0 0 
1 0.600068 0.216373 0.0281855 0.000495786 7.14286e-08 0 0 0 0 0 0 0 0 0 0 0 0 0 0 
1 0.598686 0.215467 0.0279541 0.000521643 0 0 0 0 0 0 0 0 0 0 0 0 0 0 0 
1 0.598929 0.215623 0.0283814 0.000515143 0 0 0 0 0 0 0 0 0 0 0 0 0 0 0 
1 0.59928 0.215431 0.0281053 0.000484357 0 0 0 0 0 0 0 0 0 0 0 0 0 0 0 
1 0.599215 0.215462 0.0280535 0.000487571 0 0 0 0 0 0 0 0 0 0 0 0 0 0 0 
1 0.597863 0.213937 0.0276175 0.000518 7.14286e-08 0 0 0 0 0 0 0 0 0 0 0 0 0 0 
1 0.598267 0.214693 0.0279606 0.000528786 1.14286e-06 0 0 0 0 0 0 0 0 0 0 0 0 0 0 
1 0.599653 0.216566 0.028629 0.000542 0 0 0 0 0 0 0 0 0 0 0 0 0 0 0 
1 0.600576 0.216755 0.0282444 0.000516071 0 0 0 0 0 0 0 0 0 0 0 0 0 0 0 
1 0.600021 0.216017 0.0284831 0.000534786 0 0 0 0 0 0 0 0 0 0 0 0 0 0 0 
1 0.600606 0.216453 0.0283213 0.000517357 0 0 0 0 0 0 0 0 0 0 0 0 0 0 0 
1 0.599824 0.215596 0.0279446 0.000495286 0 0 0 0 0 0 0 0 0 0 0 0 0 0 0 
1 0.599413 0.214999 0.0275535 0.000502286 0 0 0 0 0 0 0 0 0 0 0 0 0 0 0 
1 0.5999 0.216093 0.0285362 0.0005215 0 0 0 0 0 0 0 0 0 0 0 0 0 0 0 
1 0.600109 0.216491 0.028403 0.000537357 0 0 0 0 0 0 0 0 0 0 0 0 0 0 0 
1 0.598858 0.215004 0.0278936 0.000526786 0 0 0 0 0 0 0 0 0 0 0 0 0 0 0 
1 0.600803 0.216877 0.0285719 0.000502214 3.57143e-07 0 0 0 0 0 0 0 0 0 0 0 0 0 0 
1 0.598627 0.215417 0.0281776 0.000526786 1.21429e-06 0 0 0 0 0 0 0 0 0 0 0 0 0 0 
1 0.600729 0.216688 0.0284596 0.000499357 1e-06 0 0 0 0 0 0 0 0 0 0 0 0 0 0 
1 0.600864 0.21818 0.0290753 0.000541929 0 0 0 0 0 0 0 0 0 0 0 0 0 0 0 
1 0.600359 0.215746 0.0277559 0.000488786 1.28571e-06 0 0 0 0 0 0 0 0 0 0 0 0 0 0 
1 0.601075 0.217891 0.0290154 0.000595071 1.42857e-07 0 0 0 0 0 0 0 0 0 0 0 0 0 0 
1 0.599172 0.215881 0.0283221 0.000499571 0 0 0 0 0 0 0 0 0 0 0 0 0 0 0 
1 0.599183 0.215771 0.0284172 0.000535 0 0 0 0 0 0 0 0 0 0 0 0 0 0 0 
1 0.60125 0.218008 0.0287399 0.000555071 0 0 0 0 0 0 0 0 0 0 0 0 0 0 0 
1 0.599979 0.216364 0.0282549 0.000494357 7.14286e-08 0 0 0 0 0 0 0 0 0 0 0 0 0 0 
1 0.600255 0.216746 0.0286442 0.000580071 0 0 0 0 0 0 0 0 0 0 0 0 0 0 0 
1 0.600281 0.216139 0.0283132 0.000552857 0 0 0 0 0 0 0 0 0 0 0 0 0 0 0 
1 0.600059 0.21617 0.0283018 0.000484429 0 0 0 0 0 0 0 0 0 0 0 0 0 0 0 
1 0.600433 0.216175 0.0282884 0.000487714 7.85714e-07 0 0 0 0 0 0 0 0 0 0 0 0 0 0 
1 0.601992 0.218463 0.0289071 0.0005545 0 0 0 0 0 0 0 0 0 0 0 0 0 0 0 
1 0.600713 0.217128 0.0286779 0.000498286 2.07143e-06 0 0 0 0 0 0 0 0 0 0 0 0 0 0 
1 0.59981 0.217106 0.0284919 0.000487 0 0 0 0 0 0 0 0 0 0 0 0 0 0 0 
1 0.600579 0.217297 0.0286341 0.000529357 9.28571e-07 0 0 0 0 0 0 0 0 0 0 0 0 0 0 
1 0.601539 0.218251 0.0287314 0.0005275 0 0 0 0 0 0 0 0 0 0 0 0 0 0 0 
1 0.60112 0.217204 0.0286708 0.000531071 3.57143e-07 0 0 0 0 0 0 0 0 0 0 0 0 0 0 
1 0.600479 0.216803 0.0284018 0.000549071 5.71429e-07 0 0 0 0 0 0 0 0 0 0 0 0 0 0 
1 0.600024 0.215794 0.0278809 0.000525 1.07143e-06 0 0 0 0 0 0 0 0 0 0 0 0 0 0 
1 0.60024 0.215784 0.0283001 0.000472786 6.42857e-07 0 0 0 0 0 0 0 0 0 0 0 0 0 0 
1 0.600582 0.216771 0.0285488 0.000468929 0 0 0 0 0 0 0 0 0 0 0 0 0 0 0 
1 0.599438 0.215743 0.0283528 0.000497929 0 0 0 0 0 0 0 0 0 0 0 0 0 0 0 
1 0.600237 0.216188 0.0282194 0.000472357 0 0 0 0 0 0 0 0 0 0 0 0 0 0 0 
1 0.600817 0.216987 0.0284484 0.000509 0 0 0 0 0 0 0 0 0 0 0 0 0 0 0 
1 0.59935 0.215108 0.0279978 0.000526143 2.07143e-06 0 0 0 0 0 0 0 0 0 0 0 0 0 0 
1 0.601653 0.218612 0.0290881 0.000549571 0 0 0 0 0 0 0 0 0 0 0 0 0 0 0 
1 0.599081 0.215451 0.028255 0.0005255 0 0 0 0 0 0 0 0 0 0 0 0 0 0 0 
1 0.599825 0.216308 0.0284401 0.000528429 0 0 0 0 0 0 0 0 0 0 0 0 0 0 0 
1 0.600443 0.217446 0.0285664 0.000562429 2e-06 0 0 0 0 0 0 0 0 0 0 0 0 0 0 
1 0.599828 0.21605 0.0285309 0.000512429 0 0 0 0 0 0 0 0 0 0 0 0 0 0 0 
1 0.599795 0.215732 0.0279017 0.0004795 2.42857e-06 0 0 0 0 0 0 0 0 0 0 0 0 0 0 
1 0.597565 0.213413 0.0271341 0.0004705 2e-06 0 0 0 0 0 0 0 0 0 0 0 0 0 0 
1 0.600446 0.217129 0.028827 0.000538 6.42857e-07 0 0 0 0 0 0 0 0 0 0 0 0 0 0 
1 0.60137 0.21809 0.0290069 0.000536857 0 0 0 0 0 0 0 0 0 0 0 0 0 0 0 
1 0.601759 0.219169 0.0292649 0.000545643 6.42857e-07 0 0 0 0 0 0 0 0 0 0 0 0 0 0 
1 0.600917 0.217728 0.0284886 0.0004835 0 0 0 0 0 0 0 0 0 0 0 0 0 0 0 
1 0.601677 0.218781 0.029204 0.000568714 0 0 0 0 0 0 0 0 0 0 0 0 0 0 0 
1 0.599569 0.216073 0.0284973 0.000527143 2.14286e-07 0 0 0 0 0 0 0 0 0 0 0 0 0 0 
1 0.601205 0.217672 0.0288902 0.000547929 0 0 0 0 0 0 0 0 0 0 0 0 0 0 0 
1 0.598838 0.215214 0.0283816 0.000570143 0 0 0 0 0 0 0 0 0 0 0 0 0 0 0 
1 0.599638 0.215332 0.0281979 0.0005335 8.57143e-07 0 0 0 0 0 0 0 0 0 0 0 0 0 0 
1 0.59974 0.215677 0.0280406 0.000480429 0 0 0 0 0 0 0 0 0 0 0 0 0 0 0 
1 0.600634 0.216688 0.0286221 0.000554857 2.92857e-06 0 0 0 0 0 0 0 0 0 0 0 0 0 0 
1 0.599889 0.215364 0.0281273 0.0005065 0 0 0 0 0 0 0 0 0 0 0 0 0 0 0 
1 0.601014 0.217275 0.028515 0.000544714 0 0 0 0 0 0 0 0 0 0 0 0 0 0 0 
1 0.600692 0.217257 0.0287421 0.000530214 8.57143e-07 0 0 0 0 0 0 0 0 0 0 0 0 0 0 
1 0.598165 0.214855 0.0278936 0.000535071 1.35714e-06 0 0 0 0 0 0 0 0 0 0 0 0 0 0 
1 0.598841 0.214571 0.0281826 0.000492714 0 0 0 0 0 0 0 0 0 0 0 0 0 0 0 
1 0.601077 0.218336 0.0291279 0.000557429 0 0 0 0 0 0 0 0 0 0 0 0 0 0 0 
1 0.599075 0.214897 0.0281669 0.000525643 1.64286e-06 0 0 0 0 0 0 0 0 0 0 0 0 0 0 
1 0.600525 0.217543 0.028978 0.000515071 4.28571e-07 0 0 0 0 0 0 0 0 0 0 0 0 0 0 
1 0.599857 0.216707 0.0281031 0.000488643 1.71429e-06 0 0 0 0 0 0 0 0 0 0 0 0 0 0 
1 0.600884 0.217267 0.0283526 0.000542286 0 0 0 0 0 0 0 0 0 0 0 0 0 0 0 
1 0.599933 0.216873 0.028738 0.000561929 0 0 0 0 0 0 0 0 0 0 0 0 0 0 0 
1 0.598856 0.21462 0.0278188 0.000518643 0 0 0 0 0 0 0 0 0 0 0 0 0 0 0 
1 0.599907 0.216229 0.0283109 0.000468286 0 0 0 0 0 0 0 0 0 0 0 0 0 0 0 
1 0.600256 0.216135 0.0282963 0.000473714 0 0 0 0 0 0 0 0 0 0 0 0 0 0 0 
1 0.599977 0.216577 0.0283334 0.000468 5.71429e-07 0 0 0 0 0 0 0 0 0 0 0 0 0 0 
1 0.598495 0.214241 0.0279111 0.000514214 8.57143e-07 0 0 0 0 0 0 0 0 0 0 0 0 0 0 
1 0.600294 0.216494 0.0283522 0.000540929 0 0 0 0 0 0 0 0 0 0 0 0 0 0 0 
1 0.599675 0.216827 0.02844 0.000506143 0 0 0 0 0 0 0 0 0 0 0 0 0 0 0 
1 0.599805 0.215965 0.0280802 0.000528929 1.42857e-07 0 0 0 0 0 0 0 0 0 0 0 0 0 0 
1 0.599041 0.216015 0.0282421 0.000493214 0 0 0 0 0 0 0 0 0 0 0 0 0 0 0 
1 0.601491 0.218259 0.0291319 0.000566 0 0 0 0 0 0 0 0 0 0 0 0 0 0 0 
1 0.601303 0.217987 0.0286735 0.000549571 0 0 0 0 0 0 0 0 0 0 0 0 0 0 0 
1 0.601625 0.21851 0.0292202 0.000553143 1.42857e-07 0 0 0 0 0 0 0 0 0 0 0 0 0 0 
1 0.600503 0.216978 0.0285711 0.000491929 1.28571e-06 0 0 0 0 0 0 0 0 0 0 0 0 0 0 
1 0.60048 0.217324 0.0287102 0.000560643 1.57143e-06 0 0 0 0 0 0 0 0 0 0 0 0 0 0 
1 0.599518 0.216305 0.0283334 0.0005525 0 0 0 0 0 0 0 0 0 0 0 0 0 0 0 
1 0.599363 0.214768 0.0279504 0.000562286 2.14286e-07 0 0 0 0 0 0 0 0 0 0 0 0 0 0 
1 0.599623 0.21582 0.0279749 0.000521071 0 0 0 0 0 0 0 0 0 0 0 0 0 0 0 
1 0.599149 0.214608 0.0278667 0.000469857 3.57143e-07 0 0 0 0 0 0 0 0 0 0 0 0 0 0 
1 0.598328 0.214259 0.0276673 0.000499071 1.21429e-06 0 0 0 0 0 0 0 0 0 0 0 0 0 0 
1 0.600867 0.218035 0.0289334 0.000550214 0 0 0 0 0 0 0 0 0 0 0 0 0 0 0 
1 0.599436 0.215547 0.0280896 0.000547643 0 0 0 0 0 0 0 0 0 0 0 0 0 0 0 
1 0.599933 0.216338 0.0281621 0.000484643 3.78571e-06 0 0 0 0 0 0 0 0 0 0 0 0 0 0 
1 0.599647 0.215307 0.0280573 0.0005195 5.71429e-07 0 0 0 0 0 0 0 0 0 0 0 0 0 0 
1 0.598308 0.214173 0.0275311 0.000559 0 0 0 0 0 0 0 0 0 0 0 0 0 0 0 
1 0.599897 0.216544 0.028261 0.000537786 9.28571e-07 0 0 0 0 0 0 0 0 0 0 0 0 0 0 
1 0.599205 0.215389 0.0278041 0.000500714 0 0 0 0 0 0 0 0 0 0 0 0 0 0 0 
1 0.600011 0.216221 0.0283629 0.000505786 0 0 0 0 0 0 0 0 0 0 0 0 0 0 0 
1 0.600216 0.217262 0.0288409 0.000557714 5e-07 0 0 0 0 0 0 0 0 0 0 0 0 0 0 
1 0.600465 0.216298 0.0280464 0.000516714 7.14286e-08 0 0 0 0 0 0 0 0 0 0 0 0 0 0 
1 0.600037 0.216919 0.0287009 0.000549357 8.57143e-07 0 0 0 0 0 0 0 0 0 0 0 0 0 0 
1 0.601179 0.21831 0.0288816 0.000555571 5e-07 0 0 0 0 0 0 0 0 0 0 0 0 0 0 
1 0.599397 0.215871 0.0286474 0.000535143 0 0 0 0 0 0 0 0 0 0 0 0 0 0 0 
1 0.599972 0.215945 0.028107 0.000469357 0 0 0 0 0 0 0 0 0 0 0 0 0 0 0 
1 0.599439 0.215522 0.0281113 0.0005645 3.71429e-06 0 0 0 0 0 0 0 0 0 0 0 0 0 0 
1 0.600168 0.216667 0.0283314 0.000526643 2.57143e-06 0 0 0 0 0 0 0 0 0 0 0 0 0 0 
1 0.600324 0.216857 0.0285592 0.00056 0 0 0 0 0 0 0 0 0 0 0 0 0 0 0 
1 0.601301 0.217618 0.0286143 0.000505429 0 0 0 0 0 0 0 0 0 0 0 0 0 0 0 
1 0.60092 0.217899 0.0287134 0.000571357 1.14286e-06 0 0 0 0 0 0 0 0 0 0 0 0 0 0 
1 0.600026 0.216504 0.0285624 0.0005155 0 0 0 0 0 0 0 0 0 0 0 0 0 0 0 
1 0.600662 0.217107 0.0287542 0.000509643 0 0 0 0 0 0 0 0 0 0 0 0 0 0 0 
1 0.60143 0.217364 0.0284645 0.000499571 1.21429e-06 0 0 0 0 0 0 0 0 0 0 0 0 0 0 
1 0.600116 0.216515 0.0284383 0.000536714 5e-07 0 0 0 0 0 0 0 0 0 0 0 0 0 0 
1 0.600071 0.216365 0.0283731 0.000545429 1.07143e-06 0 0 0 0 0 0 0 0 0 0 0 0 0 0 
1 0.60013 0.216544 0.0285225 0.000535929 1.28571e-06 0 0 0 0 0 0 0 0 0 0 0 0 0 0 
1 0.602631 0.219532 0.0295499 0.000599357 0 0 0 0 0 0 0 0 0 0 0 0 0 0 0 
1 0.599574 0.215364 0.0281645 0.000489429 5e-07 0 0 0 0 0 0 0 0 0 0 0 0 0 0 
1 0.600166 0.215652 0.0279844 0.000523357 5.71429e-07 0 0 0 0 0 0 0 0 0 0 0 0 0 0 
1 0.599524 0.216062 0.0286753 0.0004955 0 0 0 0 0 0 0 0 0 0 0 0 0 0 0 
1 0.599839 0.215588 0.0277336 0.000477929 3.57143e-07 0 0 0 0 0 0 0 0 0 0 0 0 0 0 
1 0.602103 0.218391 0.0292329 0.000539571 0 0 0 0 0 0 0 0 0 0 0 0 0 0 0 
1 0.601028 0.217189 0.0288697 0.000585643 0 0 0 0 0 0 0 0 0 0 0 0 0 0 0 
1 0.600221 0.216545 0.0288412 0.000521357 1.42857e-06 0 0 0 0 0 0 0 0 0 0 0 0 0 0 
1 0.601192 0.218007 0.028581 0.000560571 0 0 0 0 0 0 0 0 0 0 0 0 0 0 0 
1 0.599324 0.215413 0.0279448 0.000497857 0 0 0 0 0 0 0 0 0 0 0 0 0 0 0 
1 0.600751 0.217509 0.0286405 0.000494929 0 0 0 0 0 0 0 0 0 0 0 0 0 0 0 
1 0.601445 0.217324 0.0285609 0.000436571 1.57143e-06 0 0 0 0 0 0 0 0 0 0 0 0 0 0 
1 0.601256 0.2174 0.0290676 0.0005775 1.42857e-07 0 0 0 0 0 0 0 0 0 0 0 0 0 0 
1 0.599088 0.215197 0.0278424 0.000505571 0 0 0 0 0 0 0 0 0 0 0 0 0 0 0 
1 0.600117 0.216942 0.0283184 0.0004835 0 0 0 0 0 0 0 0 0 0 0 0 0 0 0 
1 0.599182 0.215588 0.0279014 0.000447643 0 0 0 0 0 0 0 0 0 0 0 0 0 0 0 
1 0.59912 0.214894 0.0277729 0.0005195 1.5e-06 0 0 0 0 0 0 0 0 0 0 0 0 0 0 
1 0.600436 0.217572 0.028633 0.00053 8e-06 0 0 0 0 0 0 0 0 0 0 0 0 0 0 
1 0.599815 0.216598 0.0284733 0.000491929 0 0 0 0 0 0 0 0 0 0 0 0 0 0 0 
1 0.598924 0.216028 0.0283408 0.000470714 0 0 0 0 0 0 0 0 0 0 0 0 0 0 0 
1 0.598397 0.21362 0.027433 0.000455214 0 0 0 0 0 0 0 0 0 0 0 0 0 0 0 
1 0.59817 0.214071 0.0276099 0.000507 7.14286e-08 0 0 0 0 0 0 0 0 0 0 0 0 0 0 
1 0.598186 0.214254 0.0274403 0.000506 1.5e-06 0 0 0 0 0 0 0 0 0 0 0 0 0 0 
1 0.600662 0.217022 0.0290633 0.000541214 7.14286e-08 0 0 0 0 0 0 0 0 0 0 0 0 0 0 
1 0.59966 0.216625 0.0282492 0.000479429 2.78571e-06 0 0 0 0 0 0 0 0 0 0 0 0 0 0 
1 0.601419 0.217646 0.0291381 0.000551143 0 0 0 0 0 0 0 0 0 0 0 0 0 0 0 
1 0.60116 0.217953 0.0287631 0.000523857 0 0 0 0 0 0 0 0 0 0 0 0 0 0 0 
1 0.600285 0.216519 0.0286811 0.000616071 0 0 0 0 0 0 0 0 0 0 0 0 0 0 0 
1 0.600874 0.217364 0.0287281 0.0005615 1.21429e-06 0 0 0 0 0 0 0 0 0 0 0 0 0 0 
1 0.600075 0.216767 0.0286084 0.000504643 0 0 0 0 0 0 0 0 0 0 0 0 0 0 0 
1 0.601442 0.217878 0.0289846 0.0005625 0 0 0 0 0 0 0 0 0 0 0 0 0 0 0 
1 0.601762 0.218291 0.0290559 0.000536143 6.42857e-07 0 0 0 0 0 0 0 0 0 0 0 0 0 0 
1 0.599432 0.215264 0.0278187 0.000542571 2.85714e-07 0 0 0 0 0 0 0 0 0 0 0 0 0 0 
1 0.600119 0.216198 0.0283434 0.000463 3.57143e-07 0 0 0 0 0 0 0 0 0 0 0 0 0 0 
1 0.599607 0.215722 0.028298 0.000527071 8.57143e-07 0 0 0 0 0 0 0 0 0 0 0 0 0 0 
1 0.599553 0.215898 0.028262 0.000536357 0 0 0 0 0 0 0 0 0 0 0 0 0 0 0 
1 0.600729 0.216279 0.0285137 0.000553286 3.57143e-07 0 0 0 0 0 0 0 0 0 0 0 0 0 0 
1 0.599362 0.215753 0.02828 0.000548714 3.57143e-06 0 0 0 0 0 0 0 0 0 0 0 0 0 0 
1 0.600999 0.217682 0.0288396 0.000535714 0 0 0 0 0 0 0 0 0 0 0 0 0 0 0 
1 0.599398 0.216106 0.0280776 0.000561071 0 0 0 0 0 0 0 0 0 0 0 0 0 0 0 
1 0.599528 0.215288 0.0278624 0.000542857 0 0 0 0 0 0 0 0 0 0 0 0 0 0 0 
1 0.599796 0.215747 0.0278609 0.000509929 0 0 0 0 0 0 0 0 0 0 0 0 0 0 0 
1 0.59983 0.215633 0.0277239 0.0004565 1.14286e-06 0 0 0 0 0 0 0 0 0 0 0 0 0 0 
1 0.599043 0.21464 0.0279813 0.000559714 2.14286e-07 0 0 0 0 0 0 0 0 0 0 0 0 0 0 
1 0.599169 0.215296 0.0279721 0.000465857 1.14286e-06 0 0 0 0 0 0 0 0 0 0 0 0 0 0 
1 0.600816 0.21693 0.0286871 0.000543071 3.57143e-07 0 0 0 0 0 0 0 0 0 0 0 0 0 0 
1 0.601536 0.217988 0.0288323 0.000618357 1.42857e-06 0 0 0 0 0 0 0 0 0 0 0 0 0 0 
1 0.600302 0.216735 0.0285913 0.000480929 0 0 0 0 0 0 0 0 0 0 0 0 0 0 0 
1 0.600471 0.216506 0.0287788 0.000587357 1e-06 0 0 0 0 0 0 0 0 0 0 0 0 0 0 
1 0.598601 0.214374 0.0275272 0.000481286 0 0 0 0 0 0 0 0 0 0 0 0 0 0 0 
1 0.598552 0.215163 0.0279675 0.000492 8.57143e-07 0 0 0 0 0 0 0 0 0 0 0 0 0 0 
1 0.601833 0.217943 0.0292753 0.000529571 1.92857e-06 0 0 0 0 0 0 0 0 0 0 0 0 0 0 
1 0.599859 0.216491 0.0287208 0.000554 8.57143e-07 0 0 0 0 0 0 0 0 0 0 0 0 0 0 
1 0.60203 0.21868 0.0294046 0.000584929 0 0 0 0 0 0 0 0 0 0 0 0 0 0 0 
1 0.600658 0.216651 0.0285854 0.000550571 2.85714e-07 0 0 0 0 0 0 0 0 0 0 0 0 0 0 
1 0.599446 0.215756 0.0283134 0.000587071 0 0 0 0 0 0 0 0 0 0 0 0 0 0 0 
1 0.601543 0.218222 0.0289276 0.000561 3.28571e-06 0 0 0 0 0 0 0 0 0 0 0 0 0 0 
1 0.599475 0.216011 0.0278044 0.000555357 1.14286e-06 0 0 0 0 0 0 0 0 0 0 0 0 0 0 
1 0.601794 0.218213 0.0286423 0.000516714 1.07143e-06 0 0 0 0 0 0 0 0 0 0 0 0 0 0 
1 0.600508 0.215625 0.027996 0.000541857 0 0 0 0 0 0 0 0 0 0 0 0 0 0 0 
1 0.600174 0.216017 0.0281329 0.000512429 0 0 0 0 0 0 0 0 0 0 0 0 0 0 0 
1 0.598925 0.215347 0.0277263 0.000498429 5e-07 0 0 0 0 0 0 0 0 0 0 0 0 0 0 
1 0.598293 0.214105 0.0275081 0.000504214 7.85714e-07 0 0 0 0 0 0 0 0 0 0 0 0 0 0 
1 0.600724 0.216275 0.0281042 0.000445 0 0 0 0 0 0 0 0 0 0 0 0 0 0 0 
1 0.59975 0.216606 0.0284705 0.000510357 1.5e-06 0 0 0 0 0 0 0 0 0 0 0 0 0 0 
1 0.599652 0.215941 0.0283567 0.000521 1.64286e-06 0 0 0 0 0 0 0 0 0 0 0 0 0 0 
1 0.600189 0.215795 0.0279827 0.000537857 1.57143e-06 0 0 0 0 0 0 0 0 0 0 0 0 0 0 
1 0.599825 0.216139 0.0278931 0.000458286 0 0 0 0 0 0 0 0 0 0 0 0 0 0 0 
1 0.597692 0.213579 0.0274075 0.000496571 8.57143e-07 0 0 0 0 0 0 0 0 0 0 0 0 0 0 
1 0.599698 0.21555 0.0278467 0.000478 7.14286e-07 0 0 0 0 0 0 0 0 0 0 0 0 0 0 
1 0.599307 0.215615 0.0279854 0.000484929 9.28571e-07 0 0 0 0 0 0 0 0 0 0 0 0 0 0 
1 0.601366 0.217512 0.0285447 0.000519143 0 0 0 0 0 0 0 0 0 0 0 0 0 0 0 
1 0.599641 0.216481 0.0283559 0.000511786 0 0 0 0 0 0 0 0 0 0 0 0 0 0 0 
1 0.599894 0.216856 0.0284271 0.000568786 2.57143e-06 0 0 0 0 0 0 0 0 0 0 0 0 0 0 
1 0.600063 0.216888 0.0285391 0.000529857 0 0 0 0 0 0 0 0 0 0 0 0 0 0 0 
1 0.599511 0.215519 0.0278748 0.000517571 9.28571e-07 0 0 0 0 0 0 0 0 0 0 0 0 0 0 
1 0.600115 0.216612 0.02884 0.000577357 1.71429e-06 0 0 0 0 0 0 0 0 0 0 0 0 0 0 
1 0.599375 0.215613 0.0280736 0.000462429 0 0 0 0 0 0 0 0 0 0 0 0 0 0 0 
1 0.598329 0.214625 0.0276501 0.000504571 0 0 0 0 0 0 0 0 0 0 0 0 0 0 0 
1 0.60023 0.216938 0.0287179 0.000549929 0 0 0 0 0 0 0 0 0 0 0 0 0 0 0 
1 0.600324 0.217478 0.0290031 0.000604 0 0 0 0 0 0 0 0 0 0 0 0 0 0 0 
1 0.599588 0.216096 0.0285254 0.000515286 1.21429e-06 0 0 0 0 0 0 0 0 0 0 0 0 0 0 
1 0.599135 0.214949 0.0277544 0.000473143 7.14286e-07 0 0 0 0 0 0 0 0 0 0 0 0 0 0 
1 0.601872 0.218645 0.028983 0.000519857 0 0 0 0 0 0 0 0 0 0 0 0 0 0 0 
1 0.599614 0.215527 0.0281316 0.000468571 1.42857e-06 0 0 0 0 0 0 0 0 0 0 0 0 0 0 
1 0.599427 0.215238 0.0279009 0.000508643 0 0 0 0 0 0 0 0 0 0 0 0 0 0 0 
1 0.600302 0.217299 0.0285992 0.000562857 0 0 0 0 0 0 0 0 0 0 0 0 0 0 0 
1 0.598632 0.215475 0.0280924 0.000505714 0 0 0 0 0 0 0 0 0 0 0 0 0 0 0 
1 0.600474 0.216801 0.0287586 0.000577071 7.85714e-07 0 0 0 0 0 0 0 0 0 0 0 0 0 0 
1 0.597642 0.214633 0.0276866 0.000511643 5e-07 0 0 0 0 0 0 0 0 0 0 0 0 0 0 
1 0.601026 0.217335 0.0287714 0.000523214 2.85714e-07 0 0 0 0 0 0 0 0 0 0 0 0 0 0 
1 0.599297 0.215395 0.0281053 0.000474286 0 0 0 0 0 0 0 0 0 0 0 0 0 0 0 
1 0.597871 0.214002 0.0277821 0.000478929 2.14286e-07 0 0 0 0 0 0 0 0 0 0 0 0 0 0 
1 0.599211 0.215004 0.0275187 0.0004115 1.42857e-06 0 0 0 0 0 0 0 0 0 0 0 0 0 0 
1 0.599512 0.215555 0.0281581 0.000523786 5e-07 0 0 0 0 0 0 0 0 0 0 0 0 0 0 
1 0.601051 0.217701 0.0291005 0.000572357 0 0 0 0 0 0 0 0 0 0 0 0 0 0 0 
1 0.599673 0.21639 0.0283444 0.0005105 0 0 0 0 0 0 0 0 0 0 0 0 0 0 0 
1 0.599578 0.216614 0.0283836 0.000521214 2.14286e-07 0 0 0 0 0 0 0 0 0 0 0 0 0 0 
1 0.601067 0.21673 0.0284516 0.000513071 1.42857e-07 0 0 0 0 0 0 0 0 0 0 0 0 0 0 
1 0.601511 0.218249 0.0288386 0.000504786 3.57143e-07 0 0 0 0 0 0 0 0 0 0 0 0 0 0 
1 0.600669 0.217353 0.0288232 0.000465714 5e-07 0 0 0 0 0 0 0 0 0 0 0 0 0 0 
1 0.599384 0.215965 0.0281029 0.000478214 0 0 0 0 0 0 0 0 0 0 0 0 0 0 0 
1 0.600273 0.216966 0.0289388 0.000520286 0 0 0 0 0 0 0 0 0 0 0 0 0 0 0 
1 0.600439 0.217161 0.0288481 0.000540214 0 0 0 0 0 0 0 0 0 0 0 0 0 0 0 
1 0.59887 0.21483 0.0279711 0.000516 1.28571e-06 0 0 0 0 0 0 0 0 0 0 0 0 0 0 
1 0.598822 0.214791 0.0278559 0.000523286 1.35714e-06 0 0 0 0 0 0 0 0 0 0 0 0 0 0 
1 0.600246 0.216255 0.0284236 0.000540714 3.07143e-06 0 0 0 0 0 0 0 0 0 0 0 0 0 0 
1 0.600081 0.215699 0.0281339 0.000501571 2e-06 0 0 0 0 0 0 0 0 0 0 0 0 0 0 
1 0.599725 0.215751 0.0279664 0.000472786 0 0 0 0 0 0 0 0 0 0 0 0 0 0 0 
1 0.598952 0.215343 0.0279652 0.000517 2.14286e-07 0 0 0 0 0 0 0 0 0 0 0 0 0 0 
1 0.598199 0.214091 0.0275594 0.000490929 0 0 0 0 0 0 0 0 0 0 0 0 0 0 0 
1 0.600816 0.216529 0.0287426 0.000536714 0 0 0 0 0 0 0 0 0 0 0 0 0 0 0 
1 0.60074 0.216937 0.0284486 0.000508286 1e-06 0 0 0 0 0 0 0 0 0 0 0 0 0 0 
1 0.600175 0.216915 0.0284326 0.000527929 6.42857e-07 0 0 0 0 0 0 0 0 0 0 0 0 0 0 
1 0.60167 0.217337 0.0285855 0.000532357 0 0 0 0 0 0 0 0 0 0 0 0 0 0 0 
1 0.600265 0.216637 0.0285518 0.000583929 4.07143e-06 0 0 0 0 0 0 0 0 0 0 0 0 0 0 
1 0.599144 0.214896 0.0280086 0.000492286 0 0 0 0 0 0 0 0 0 0 0 0 0 0 0 
1 0.60168 0.218601 0.0288345 0.000559714 0 0 0 0 0 0 0 0 0 0 0 0 0 0 0 
1 0.598176 0.214224 0.027568 0.000436071 0 0 0 0 0 0 0 0 0 0 0 0 0 0 0 
1 0.600734 0.217784 0.028674 0.000524071 7.14286e-08 0 0 0 0 0 0 0 0 0 0 0 0 0 0 
1 0.598942 0.214638 0.0275812 0.0004615 0 0 0 0 0 0 0 0 0 0 0 0 0 0 0 
1 0.600039 0.216752 0.0284282 0.000505 5.71429e-07 0 0 0 0 0 0 0 0 0 0 0 0 0 0 
1 0.601127 0.216835 0.0285076 0.000513643 1.42857e-07 0 0 0 0 0 0 0 0 0 0 0 0 0 0 
1 0.600029 0.215439 0.0277619 0.000459643 0 0 0 0 0 0 0 0 0 0 0 0 0 0 0 
1 0.599617 0.216181 0.0281192 0.000529071 0 0 0 0 0 0 0 0 0 0 0 0 0 0 0 
1 0.601139 0.217242 0.0285219 0.000514571 1.28571e-06 0 0 0 0 0 0 0 0 0 0 0 0 0 0 
1 0.59943 0.215688 0.0282236 0.000546643 8.57143e-07 0 0 0 0 0 0 0 0 0 0 0 0 0 0 
1 0.601092 0.217804 0.0286975 0.000566571 1.42857e-07 0 0 0 0 0 0 0 0 0 0 0 0 0 0 
1 0.599734 0.216061 0.0281706 0.000493214 0 0 0 0 0 0 0 0 0 0 0 0 0 0 0 
1 0.601371 0.217235 0.0285631 0.000523214 2.57143e-06 0 0 0 0 0 0 0 0 0 0 0 0 0 0 
1 0.60238 0.218546 0.0287791 0.000544714 1.35714e-06 0 0 0 0 0 0 0 0 0 0 0 0 0 0 
1 0.60013 0.217743 0.028917 0.000542429 5e-07 0 0 0 0 0 0 0 0 0 0 0 0 0 0 
1 0.599749 0.216351 0.0283153 0.000525 5e-07 0 0 0 0 0 0 0 0 0 0 0 0 0 0 
1 0.600876 0.217219 0.0282095 0.000525571 3.5e-06 0 0 0 0 0 0 0 0 0 0 0 0 0 0 
1 0.600507 0.217561 0.0284556 0.000496357 7.14286e-08 0 0 0 0 0 0 0 0 0 0 0 0 0 0 
1 0.598299 0.214246 0.027907 0.000532143 0 0 0 0 0 0 0 0 0 0 0 0 0 0 0 
1 0.598572 0.215225 0.0285919 0.000493286 4.28571e-07 0 0 0 0 0 0 0 0 0 0 0 0 0 0 
1 0.600234 0.216049 0.0286421 0.000543429 9.42857e-06 0 0 0 0 0 0 0 0 0 0 0 0 0 0 
1 0.599955 0.216281 0.0284419 0.0004615 2.92857e-06 0 0 0 0 0 0 0 0 0 0 0 0 0 0 
1 0.599661 0.216002 0.0281123 0.000454714 5e-07 0 0 0 0 0 0 0 0 0 0 0 0 0 0 
1 0.600852 0.217659 0.0290024 0.000612071 0 0 0 0 0 0 0 0 0 0 0 0 0 0 0 
1 0.600961 0.217072 0.0286181 0.000553929 1.07143e-06 0 0 0 0 0 0 0 0 0 0 0 0 0 0 
1 0.599828 0.215932 0.0280731 0.000420071 0 0 0 0 0 0 0 0 0 0 0 0 0 0 0 
1 0.599546 0.216587 0.0288371 0.000553 0 0 0 0 0 0 0 0 0 0 0 0 0 0 0 
1 0.598542 0.214994 0.0277789 0.000457643 2.14286e-07 0 0 0 0 0 0 0 0 0 0 0 0 0 0 
1 0.600254 0.216426 0.0283539 0.000494857 7.14286e-08 0 0 0 0 0 0 0 0 0 0 0 0 0 0 
1 0.599738 0.216063 0.0282759 0.000567786 1.14286e-06 0 0 0 0 0 0 0 0 0 0 0 0 0 0 
1 0.601191 0.21699 0.0287226 0.000570857 0 0 0 0 0 0 0 0 0 0 0 0 0 0 0 
1 0.59937 0.216144 0.0285289 0.000568929 7.14286e-08 0 0 0 0 0 0 0 0 0 0 0 0 0 0 
1 0.60078 0.217403 0.0286657 0.000585429 1.42857e-06 0 0 0 0 0 0 0 0 0 0 0 0 0 0 
1 0.599073 0.214887 0.0282575 0.000530071 0 0 0 0 0 0 0 0 0 0 0 0 0 0 0 
1 0.599234 0.215812 0.028608 0.000495714 0 0 0 0 0 0 0 0 0 0 0 0 0 0 0 
1 0.600125 0.21607 0.0283347 0.000498714 0 0 0 0 0 0 0 0 0 0 0 0 0 0 0 
1 0.599848 0.216293 0.0281552 0.00049 0 0 0 0 0 0 0 0 0 0 0 0 0 0 0 
1 0.598896 0.215215 0.0279352 0.000518 0 0 0 0 0 0 0 0 0 0 0 0 0 0 0 
1 0.600654 0.216925 0.0287521 0.000566714 1.92857e-06 0 0 0 0 0 0 0 0 0 0 0 0 0 0 
1 0.600381 0.21684 0.0283074 0.000521143 0 0 0 0 0 0 0 0 0 0 0 0 0 0 0 
1 0.600254 0.216104 0.028302 0.000498357 0 0 0 0 0 0 0 0 0 0 0 0 0 0 0 
1 0.601677 0.21806 0.0290827 0.000523571 1.57143e-06 0 0 0 0 0 0 0 0 0 0 0 0 0 0 
1 0.599481 0.215988 0.0282627 0.000471857 0 0 0 0 0 0 0 0 0 0 0 0 0 0 0 
1 0.59887 0.215529 0.0285921 0.0005395 0 0 0 0 0 0 0 0 0 0 0 0 0 0 0 
1 0.599219 0.215525 0.0281936 0.000535571 1e-06 0 0 0 0 0 0 0 0 0 0 0 0 0 0 
1 0.599151 0.215405 0.027999 0.000555643 2.85714e-07 0 0 0 0 0 0 0 0 0 0 0 0 0 0 
1 0.602239 0.218686 0.0294792 0.000536286 0 0 0 0 0 0 0 0 0 0 0 0 0 0 0 
1 0.602166 0.218995 0.0292309 0.000590643 7.14286e-07 0 0 0 0 0 0 0 0 0 0 0 0 0 0 
1 0.600108 0.215814 0.0279023 0.000527714 3.07143e-06 0 0 0 0 0 0 0 0 0 0 0 0 0 0 
1 0.599744 0.216869 0.0287605 0.000522429 0 0 0 0 0 0 0 0 0 0 0 0 0 0 0 
1 0.599598 0.215512 0.0281543 0.000516214 0 0 0 0 0 0 0 0 0 0 0 0 0 0 0 
1 0.599661 0.215333 0.0280711 0.000547429 0 0 0 0 0 0 0 0 0 0 0 0 0 0 0 
1 0.599722 0.216384 0.0286371 0.000591786 2.28571e-06 0 0 0 0 0 0 0 0 0 0 0 0 0 0 
1 0.599369 0.215957 0.0283089 0.000497714 5.71429e-07 0 0 0 0 0 0 0 0 0 0 0 0 0 0 
1 0.598648 0.214929 0.0277911 0.0005175 0 0 0 0 0 0 0 0 0 0 0 0 0 0 0 
1 0.599433 0.216465 0.0282609 0.000549 0 0 0 0 0 0 0 0 0 0 0 0 0 0 0 
1 0.59997 0.215815 0.0280347 0.000499571 0 0 0 0 0 0 0 0 0 0 0 0 0 0 0 
1 0.599684 0.216743 0.028578 0.000535786 0 0 0 0 0 0 0 0 0 0 0 0 0 0 0 
1 0.599479 0.215815 0.0281696 0.000496214 1.42857e-07 0 0 0 0 0 0 0 0 0 0 0 0 0 0 
1 0.598601 0.214602 0.0277949 0.000484929 1.85714e-06 0 0 0 0 0 0 0 0 0 0 0 0 0 0 
1 0.600858 0.21722 0.0284751 0.000516357 0 0 0 0 0 0 0 0 0 0 0 0 0 0 0 
1 0.600021 0.216309 0.0282201 0.000542286 0 0 0 0 0 0 0 0 0 0 0 0 0 0 0 
1 0.599221 0.215394 0.0283474 0.000600857 2.14286e-07 0 0 0 0 0 0 0 0 0 0 0 0 0 0 
1 0.598897 0.21562 0.0284239 0.000532429 1.71429e-06 0 0 0 0 0 0 0 0 0 0 0 0 0 0 
1 0.599436 0.215653 0.0278981 0.000554643 1.42857e-07 0 0 0 0 0 0 0 0 0 0 0 0 0 0 
1 0.599173 0.21571 0.0284354 0.000607214 1.42857e-07 0 0 0 0 0 0 0 0 0 0 0 0 0 0 
1 0.601495 0.217812 0.0288662 0.000546714 0 0 0 0 0 0 0 0 0 0 0 0 0 0 0 
1 0.597924 0.21443 0.0279979 0.000538214 0 0 0 0 0 0 0 0 0 0 0 0 0 0 0 
1 0.599372 0.215079 0.0278784 0.000542286 0 0 0 0 0 0 0 0 0 0 0 0 0 0 0 
1 0.599532 0.215946 0.0280824 0.000522786 0 0 0 0 0 0 0 0 0 0 0 0 0 0 0 
1 0.59972 0.215376 0.0283195 0.000478286 0 0 0 0 0 0 0 0 0 0 0 0 0 0 0 
1 0.599404 0.215356 0.0281369 0.000471214 0 0 0 0 0 0 0 0 0 0 0 0 0 0 0 
1 0.601413 0.217976 0.0286467 0.000511143 1.42857e-06 0 0 0 0 0 0 0 0 0 0 0 0 0 0 
1 0.600255 0.217091 0.0284734 0.000530286 2.14286e-07 0 0 0 0 0 0 0 0 0 0 0 0 0 0 
1 0.601026 0.217217 0.0284133 0.000545286 1e-06 0 0 0 0 0 0 0 0 0 0 0 0 0 0 
1 0.600012 0.215405 0.0279214 0.000476786 0 0 0 0 0 0 0 0 0 0 0 0 0 0 0 
1 0.598963 0.215212 0.0279749 0.0005135 1.71429e-06 0 0 0 0 0 0 0 0 0 0 0 0 0 0 
1 0.599335 0.215614 0.0280115 0.000470857 0 0 0 0 0 0 0 0 0 0 0 0 0 0 0 
1 0.599666 0.216425 0.0284966 0.000570429 8.57143e-07 0 0 0 0 0 0 0 0 0 0 0 0 0 0 
1 0.600902 0.217795 0.0287334 0.000543643 0 0 0 0 0 0 0 0 0 0 0 0 0 0 0 
1 0.601015 0.216876 0.0285566 0.000549143 0 0 0 0 0 0 0 0 0 0 0 0 0 0 0 
1 0.599369 0.215589 0.0281674 0.000552 1.07143e-06 0 0 0 0 0 0 0 0 0 0 0 0 0 0 
1 0.600426 0.217398 0.0287893 0.000539429 3.57143e-07 0 0 0 0 0 0 0 0 0 0 0 0 0 0 
1 0.600262 0.21677 0.0289876 0.000589071 5.14286e-06 0 0 0 0 0 0 0 0 0 0 0 0 0 0 
1 0.599221 0.215464 0.0277259 0.000439643 0 0 0 0 0 0 0 0 0 0 0 0 0 0 0 
1 0.599954 0.215921 0.0280816 0.000556857 4e-06 1.21429e-06 0 0 0 0 0 0 0 0 0 0 0 0 0 
1 0.599686 0.216504 0.0282181 0.000549786 2.14286e-07 0 0 0 0 0 0 0 0 0 0 0 0 0 0 
1 0.600694 0.216448 0.0282281 0.000470714 0 0 0 0 0 0 0 0 0 0 0 0 0 0 0 
1 0.600195 0.21634 0.0283937 0.000504714 4.28571e-07 0 0 0 0 0 0 0 0 0 0 0 0 0 0 
1 0.59765 0.21416 0.0276214 0.000519071 1.64286e-06 0 0 0 0 0 0 0 0 0 0 0 0 0 0 
1 0.600456 0.216303 0.0281727 0.000511714 0 0 0 0 0 0 0 0 0 0 0 0 0 0 0 
1 0.599918 0.216099 0.0285584 0.000524571 2.78571e-06 0 0 0 0 0 0 0 0 0 0 0 0 0 0 
1 0.60055 0.217213 0.0288914 0.000530429 2.85714e-07 0 0 0 0 0 0 0 0 0 0 0 0 0 0 
1 0.599861 0.217148 0.0284409 0.000539429 2.42857e-06 0 0 0 0 0 0 0 0 0 0 0 0 0 0 
1 0.600686 0.216528 0.0284177 0.000556429 1.42857e-06 0 0 0 0 0 0 0 0 0 0 0 0 0 0 
1 0.60026 0.21713 0.0288429 0.000465714 2e-06 0 0 0 0 0 0 0 0 0 0 0 0 0 0 
1 0.601626 0.217777 0.0288584 0.000594786 0 0 0 0 0 0 0 0 0 0 0 0 0 0 0 
1 0.598961 0.215711 0.0279163 0.000464357 0 0 0 0 0 0 0 0 0 0 0 0 0 0 0 
1 0.599307 0.215828 0.0281394 0.000534143 1e-06 0 0 0 0 0 0 0 0 0 0 0 0 0 0 
1 0.601864 0.218026 0.0286686 0.000522857 0 0 0 0 0 0 0 0 0 0 0 0 0 0 0 
1 0.599876 0.216859 0.0285039 0.000499286 0 0 0 0 0 0 0 0 0 0 0 0 0 0 0 
1 0.599043 0.2145 0.0279727 0.000554 1e-06 0 0 0 0 0 0 0 0 0 0 0 0 0 0 
1 0.600223 0.216321 0.0279919 0.000486357 0 0 0 0 0 0 0 0 0 0 0 0 0 0 0 
1 0.599206 0.215237 0.0281761 0.000551 0 0 0 0 0 0 0 0 0 0 0 0 0 0 0 
1 0.600492 0.216854 0.0285902 0.000530286 0 0 0 0 0 0 0 0 0 0 0 0 0 0 0 
1 0.599413 0.214986 0.0279221 0.000473714 0 0 0 0 0 0 0 0 0 0 0 0 0 0 0 
1 0.601176 0.217834 0.0290024 0.000555857 2.42857e-06 0 0 0 0 0 0 0 0 0 0 0 0 0 0 
1 0.599751 0.216442 0.0285064 0.0005495 5e-07 0 0 0 0 0 0 0 0 0 0 0 0 0 0 
1 0.599373 0.215814 0.0283508 0.000508 6.42857e-07 0 0 0 0 0 0 0 0 0 0 0 0 0 0 
1 0.598572 0.214259 0.0277676 0.000500214 0 0 0 0 0 0 0 0 0 0 0 0 0 0 0 
1 0.600236 0.217222 0.0286734 0.000520857 0 0 0 0 0 0 0 0 0 0 0 0 0 0 0 
1 0.599159 0.215181 0.0280971 0.000526786 2.14286e-07 0 0 0 0 0 0 0 0 0 0 0 0 0 0 
1 0.599906 0.216268 0.0285376 0.0004975 2.14286e-06 0 0 0 0 0 0 0 0 0 0 0 0 0 0 
1 0.599727 0.21537 0.0278801 0.000496429 0 0 0 0 0 0 0 0 0 0 0 0 0 0 0 
1 0.601876 0.218647 0.0290817 0.000580429 2.78571e-06 0 0 0 0 0 0 0 0 0 0 0 0 0 0 
1 0.599519 0.215553 0.0279832 0.000492429 0 0 0 0 0 0 0 0 0 0 0 0 0 0 0 
1 0.600653 0.216354 0.0283781 0.000507857 0 0 0 0 0 0 0 0 0 0 0 0 0 0 0 
1 0.600606 0.216884 0.0284469 0.000496 1.85714e-06 0 0 0 0 0 0 0 0 0 0 0 0 0 0 
1 0.599858 0.215872 0.0281184 0.000495143 0 0 0 0 0 0 0 0 0 0 0 0 0 0 0 
1 0.599531 0.216257 0.0282724 0.000530571 0 0 0 0 0 0 0 0 0 0 0 0 0 0 0 
1 0.600714 0.217055 0.028733 0.000501214 0 0 0 0 0 0 0 0 0 0 0 0 0 0 0 
1 0.600912 0.217973 0.0287672 0.000518 0 0 0 0 0 0 0 0 0 0 0 0 0 0 0 
1 0.600418 0.216803 0.0285075 0.000529786 0 0 0 0 0 0 0 0 0 0 0 0 0 0 0 
1 0.598921 0.215369 0.0279072 0.0005205 2.71429e-06 0 0 0 0 0 0 0 0 0 0 0 0 0 0 
1 0.600103 0.217013 0.0287927 0.000547286 3.57143e-07 0 0 0 0 0 0 0 0 0 0 0 0 0 0 
1 0.600541 0.216213 0.0279406 0.000469929 0 0 0 0 0 0 0 0 0 0 0 0 0 0 0 
1 0.599432 0.214416 0.0274694 0.000433357 3.42857e-06 0 0 0 0 0 0 0 0 0 0 0 0 0 0 
1 0.598808 0.214584 0.0279351 0.000455857 0 0 0 0 0 0 0 0 0 0 0 0 0 0 0 
1 0.599592 0.215871 0.028081 0.000514357 0 0 0 0 0 0 0 0 0 0 0 0 0 0 0 
1 0.599507 0.21567 0.0281895 0.000547071 1e-06 0 0 0 0 0 0 0 0 0 0 0 0 0 0 
1 0.60024 0.217111 0.0285836 0.000498929 1.42857e-07 0 0 0 0 0 0 0 0 0 0 0 0 0 0 
1 0.600164 0.216415 0.0284658 0.000558 0 0 0 0 0 0 0 0 0 0 0 0 0 0 0 
1 0.602062 0.218051 0.0289461 0.000573 1.78571e-06 0 0 0 0 0 0 0 0 0 0 0 0 0 0 
1 0.599684 0.21592 0.0284069 0.000530429 7.85714e-07 0 0 0 0 0 0 0 0 0 0 0 0 0 0 
1 0.599229 0.215965 0.0278626 0.000527929 0 0 0 0 0 0 0 0 0 0 0 0 0 0 0 
1 0.599813 0.216048 0.0281128 0.000481857 2.85714e-07 0 0 0 0 0 0 0 0 0 0 0 0 0 0 
1 0.600464 0.216252 0.0283871 0.0005215 0 0 0 0 0 0 0 0 0 0 0 0 0 0 0 
1 0.600914 0.218123 0.0290504 0.000492929 0 0 0 0 0 0 0 0 0 0 0 0 0 0 0 
1 0.599518 0.21535 0.0282766 0.000500786 3.78571e-06 0 0 0 0 0 0 0 0 0 0 0 0 0 0 
1 0.601138 0.217385 0.0290055 0.000574357 0 0 0 0 0 0 0 0 0 0 0 0 0 0 0 
1 0.598328 0.214124 0.0276571 0.000507 0 0 0 0 0 0 0 0 0 0 0 0 0 0 0 
1 0.600092 0.216866 0.0283942 0.000523786 2.14286e-07 0 0 0 0 0 0 0 0 0 0 0 0 0 0 
1 0.59969 0.216008 0.0285116 0.000555714 5.71429e-07 0 0 0 0 0 0 0 0 0 0 0 0 0 0 
1 0.601818 0.218602 0.0293974 0.000558 2.35714e-06 0 0 0 0 0 0 0 0 0 0 0 0 0 0 
1 0.599688 0.21629 0.0285014 0.000501786 0 0 0 0 0 0 0 0 0 0 0 0 0 0 0 
1 0.599531 0.215226 0.0280487 0.000532714 0 0 0 0 0 0 0 0 0 0 0 0 0 0 0 
1 0.602194 0.218984 0.029133 0.000515929 5e-07 0 0 0 0 0 0 0 0 0 0 0 0 0 0 
1 0.599701 0.215905 0.0282911 0.000481857 0 0 0 0 0 0 0 0 0 0 0 0 0 0 0 
1 0.600114 0.215934 0.0279033 0.000494714 0 0 0 0 0 0 0 0 0 0 0 0 0 0 0 
1 0.600391 0.216848 0.0283765 0.000535357 8.57143e-07 0 0 0 0 0 0 0 0 0 0 0 0 0 0 
1 0.601661 0.217337 0.028688 0.000497429 2.5e-06 0 0 0 0 0 0 0 0 0 0 0 0 0 0 
1 0.599395 0.214288 0.0277398 0.0004905 3.42857e-06 0 0 0 0 0 0 0 0 0 0 0 0 0 0 
1 0.597648 0.213343 0.0272954 0.000543214 5.71429e-06 0 0 0 0 0 0 0 0 0 0 0 0 0 0 
1 0.59928 0.215524 0.0278913 0.000490429 2.14286e-07 0 0 0 0 0 0 0 0 0 0 0 0 0 0 
1 0.600791 0.217385 0.0287586 0.000486143 0 0 0 0 0 0 0 0 0 0 0 0 0 0 0 
1 0.600826 0.216855 0.0282046 0.000487286 0 0 0 0 0 0 0 0 0 0 0 0 0 0 0 
1 0.599769 0.215403 0.0279238 0.000466929 0 0 0 0 0 0 0 0 0 0 0 0 0 0 0 
1 0.598449 0.215759 0.0283376 0.000489857 7.14286e-07 0 0 0 0 0 0 0 0 0 0 0 0 0 0 
1 0.600262 0.216178 0.0286906 0.000554643 4.28571e-07 0 0 0 0 0 0 0 0 0 0 0 0 0 0 
1 0.599801 0.216834 0.0284264 0.000565214 2.85714e-07 0 0 0 0 0 0 0 0 0 0 0 0 0 0 
1 0.600146 0.216006 0.0282233 0.000509929 6.42857e-07 0 0 0 0 0 0 0 0 0 0 0 0 0 0 
1 0.600058 0.216181 0.028004 0.000530643 8.57143e-07 0 0 0 0 0 0 0 0 0 0 0 0 0 0 
1 0.600272 0.217527 0.0287435 0.000570643 0 0 0 0 0 0 0 0 0 0 0 0 0 0 0 
1 0.598036 0.21383 0.0274431 0.000488357 0 0 0 0 0 0 0 0 0 0 0 0 0 0 0 
1 0.599848 0.215435 0.0283069 0.000468143 7.14286e-08 0 0 0 0 0 0 0 0 0 0 0 0 0 0 
1 0.59967 0.215963 0.0280104 0.000529571 0 0 0 0 0 0 0 0 0 0 0 0 0 0 0 
1 0.600559 0.21713 0.0285036 0.000531357 0 0 0 0 0 0 0 0 0 0 0 0 0 0 0 
1 0.600981 0.217402 0.0288865 0.000531786 1.5e-06 0 0 0 0 0 0 0 0 0 0 0 0 0 0 
1 0.600091 0.215296 0.0281211 0.000524786 0 0 0 0 0 0 0 0 0 0 0 0 0 0 0 
1 0.599897 0.216659 0.0285609 0.000517714 0 0 0 0 0 0 0 0 0 0 0 0 0 0 0 
1 0.600147 0.216826 0.0286725 0.000555714 6.42857e-07 0 0 0 0 0 0 0 0 0 0 0 0 0 0 
1 0.600669 0.216883 0.0289039 0.000477714 4.28571e-07 0 0 0 0 0 0 0 0 0 0 0 0 0 0 
1 0.599046 0.215699 0.0281971 0.000523071 1.42857e-06 0 0 0 0 0 0 0 0 0 0 0 0 0 0 
1 0.598903 0.215509 0.0281128 0.000483357 2.92857e-06 0 0 0 0 0 0 0 0 0 0 0 0 0 0 
1 0.598654 0.215186 0.0282811 0.000572714 1.5e-06 0 0 0 0 0 0 0 0 0 0 0 0 0 0 
1 0.598324 0.214095 0.0275535 0.000467643 0 0 0 0 0 0 0 0 0 0 0 0 0 0 0 
1 0.601 0.217125 0.0284057 0.000505071 2.14286e-07 0 0 0 0 0 0 0 0 0 0 0 0 0 0 
1 0.598382 0.21329 0.0270614 0.000480071 1.64286e-06 0 0 0 0 0 0 0 0 0 0 0 0 0 0 
1 0.600507 0.216738 0.0286556 0.000564643 4.28571e-07 0 0 0 0 0 0 0 0 0 0 0 0 0 0 
1 0.599057 0.215753 0.0283512 0.000535714 4.14286e-06 0 0 0 0 0 0 0 0 0 0 0 0 0 0 
1 0.599759 0.215653 0.0281217 0.000535857 9.28571e-07 0 0 0 0 0 0 0 0 0 0 0 0 0 0 
1 0.601244 0.21794 0.0289332 0.000504786 1.42857e-07 0 0 0 0 0 0 0 0 0 0 0 0 0 0 
1 0.598356 0.214955 0.0279066 0.000467643 0 0 0 0 0 0 0 0 0 0 0 0 0 0 0 
1 0.600797 0.216643 0.0279894 0.000422929 2.14286e-06 0 0 0 0 0 0 0 0 0 0 0 0 0 0 
1 0.59943 0.216265 0.0286174 0.000540071 1e-06 0 0 0 0 0 0 0 0 0 0 0 0 0 0 
1 0.601289 0.216986 0.0285244 0.0005165 9.28571e-07 0 0 0 0 0 0 0 0 0 0 0 0 0 0 
1 0.598647 0.214195 0.0273547 0.000439429 1.35714e-06 0 0 0 0 0 0 0 0 0 0 0 0 0 0 
1 0.601183 0.218214 0.0288061 0.000499429 0 0 0 0 0 0 0 0 0 0 0 0 0 0 0 
1 0.599897 0.217039 0.028438 0.000504786 9.28571e-07 0 0 0 0 0 0 0 0 0 0 0 0 0 0 
1 0.599743 0.215427 0.0279669 0.000522286 0 0 0 0 0 0 0 0 0 0 0 0 0 0 0 
1 0.599766 0.215509 0.0283645 0.000518 7.14286e-07 0 0 0 0 0 0 0 0 0 0 0 0 0 0 
1 0.600116 0.216835 0.028506 0.000532071 0 0 0 0 0 0 0 0 0 0 0 0 0 0 0 
1 0.600476 0.216335 0.0282989 0.000462214 2.14286e-06 0 0 0 0 0 0 0 0 0 0 0 0 0 0 
1 0.599939 0.217015 0.0288886 0.000550929 2.57143e-06 0 0 0 0 0 0 0 0 0 0 0 0 0 0 
1 0.600622 0.216991 0.0286894 0.000511214 2.42857e-06 0 0 0 0 0 0 0 0 0 0 0 0 0 0 
1 0.600282 0.216841 0.0286811 0.000576143 0 0 0 0 0 0 0 0 0 0 0 0 0 0 0 
1 0.598846 0.214399 0.0275749 0.000475071 0 0 0 0 0 0 0 0 0 0 0 0 0 0 0 
1 0.600615 0.216231 0.0281053 0.000539 0 0 0 0 0 0 0 0 0 0 0 0 0 0 0 
1 0.600585 0.216497 0.0283184 0.000545 5e-07 0 0 0 0 0 0 0 0 0 0 0 0 0 0 
1 0.600472 0.215776 0.0280942 0.000491357 8.57143e-07 0 0 0 0 0 0 0 0 0 0 0 0 0 0 
1 0.599565 0.215702 0.0284454 0.0004875 0 0 0 0 0 0 0 0 0 0 0 0 0 0 0 
1 0.60034 0.216304 0.0283429 0.000480786 0 0 0 0 0 0 0 0 0 0 0 0 0 0 0 
1 0.60048 0.217033 0.028924 0.000565 0 0 0 0 0 0 0 0 0 0 0 0 0 0 0 
1 0.600706 0.216846 0.0286649 0.000498643 7.14286e-08 0 0 0 0 0 0 0 0 0 0 0 0 0 0 
1 0.598499 0.21417 0.0273289 0.000458857 0 0 0 0 0 0 0 0 0 0 0 0 0 0 0 
1 0.601903 0.218076 0.0291692 0.0005465 0 0 0 0 0 0 0 0 0 0 0 0 0 0 0 
1 0.599436 0.21573 0.0277827 0.000502571 0 0 0 0 0 0 0 0 0 0 0 0 0 0 0 
1 0.601393 0.217198 0.0287594 0.000566571 2.5e-06 0 0 0 0 0 0 0 0 0 0 0 0 0 0 
1 0.600787 0.217879 0.0288699 0.000562429 7.14286e-07 0 0 0 0 0 0 0 0 0 0 0 0 0 0 
1 0.60054 0.216588 0.0285842 0.0005715 0 0 0 0 0 0 0 0 0 0 0 0 0 0 0 
1 0.599086 0.214758 0.0277046 0.000557857 0 0 0 0 0 0 0 0 0 0 0 0 0 0 0 
1 0.600411 0.216785 0.028198 0.000537214 0 0 0 0 0 0 0 0 0 0 0 0 0 0 0 
1 0.597421 0.213145 0.0274629 0.000478857 9.28571e-07 0 0 0 0 0 0 0 0 0 0 0 0 0 0 
1 0.599407 0.216619 0.0285819 0.0005355 1.42857e-07 0 0 0 0 0 0 0 0 0 0 0 0 0 0 
1 0.598782 0.215155 0.0282325 0.000551357 4.28571e-07 0 0 0 0 0 0 0 0 0 0 0 0 0 0 
1 0.600317 0.215959 0.0281466 0.000469143 0 0 0 0 0 0 0 0 0 0 0 0 0 0 0 
1 0.602007 0.218757 0.0292258 0.000642286 0 0 0 0 0 0 0 0 0 0 0 0 0 0 0 
1 0.600276 0.216948 0.0283466 0.000529429 0 0 0 0 0 0 0 0 0 0 0 0 0 0 0 
1 0.599788 0.215891 0.0276841 0.000471 0 0 0 0 0 0 0 0 0 0 0 0 0 0 0 
1 0.599044 0.215475 0.0283438 0.000521357 5e-07 0 0 0 0 0 0 0 0 0 0 0 0 0 0 
1 0.600049 0.215687 0.0279834 0.000530786 2.14286e-07 0 0 0 0 0 0 0 0 0 0 0 0 0 0 
1 0.599563 0.215636 0.0283259 0.000528786 0 0 0 0 0 0 0 0 0 0 0 0 0 0 0 
1 0.599513 0.215663 0.0280966 0.000498286 0 0 0 0 0 0 0 0 0 0 0 0 0 0 0 
1 0.599827 0.214796 0.0276904 0.000485857 7.14286e-08 0 0 0 0 0 0 0 0 0 0 0 0 0 0 
1 0.601918 0.218507 0.0292369 0.000541929 0 0 0 0 0 0 0 0 0 0 0 0 0 0 0 
1 0.598483 0.214093 0.0276891 0.000515429 0 0 0 0 0 0 0 0 0 0 0 0 0 0 0 
1 0.600101 0.216422 0.0281972 0.000496357 1.42857e-07 0 0 0 0 0 0 0 0 0 0 0 0 0 0 
1 0.598893 0.214276 0.0274921 0.000516143 9.28571e-07 0 0 0 0 0 0 0 0 0 0 0 0 0 0 
1 0.59923 0.215698 0.0279568 0.000488786 0 0 0 0 0 0 0 0 0 0 0 0 0 0 0 
1 0.599709 0.216312 0.0286439 0.000515 0 0 0 0 0 0 0 0 0 0 0 0 0 0 0 
1 0.599426 0.214774 0.0275822 0.000507714 0 0 0 0 0 0 0 0 0 0 0 0 0 0 0 
1 0.600355 0.215956 0.0283856 0.000462571 7.14286e-08 0 0 0 0 0 0 0 0 0 0 0 0 0 0 
1 0.59889 0.216752 0.0284441 0.000494286 0 0 0 0 0 0 0 0 0 0 0 0 0 0 0 
1 0.59985 0.21527 0.0280525 0.000460643 7.85714e-07 0 0 0 0 0 0 0 0 0 0 0 0 0 0 
1 0.600415 0.217653 0.0289814 0.000572 0 0 0 0 0 0 0 0 0 0 0 0 0 0 0 
1 0.602202 0.218415 0.0289369 0.000552286 3.21429e-06 0 0 0 0 0 0 0 0 0 0 0 0 0 0 
1 0.600259 0.216564 0.0284157 0.000527071 0 0 0 0 0 0 0 0 0 0 0 0 0 0 0 
1 0.599943 0.215951 0.0284705 0.000471143 5.92857e-06 0 0 0 0 0 0 0 0 0 0 0 0 0 0 
1 0.599362 0.214871 0.0275986 0.000545286 2.5e-06 0 0 0 0 0 0 0 0 0 0 0 0 0 0 
1 0.600233 0.216729 0.0286001 0.000521143 0 0 0 0 0 0 0 0 0 0 0 0 0 0 0 
1 0.600727 0.21733 0.0289712 0.000551071 0 0 0 0 0 0 0 0 0 0 0 0 0 0 0 
1 0.599326 0.215359 0.0280476 0.000480143 0 0 0 0 0 0 0 0 0 0 0 0 0 0 0 
1 0.597892 0.213206 0.027244 0.000483286 6.42857e-07 0 0 0 0 0 0 0 0 0 0 0 0 0 0 
1 0.599416 0.215162 0.0277391 0.000498357 6.5e-06 0 0 0 0 0 0 0 0 0 0 0 0 0 0 
1 0.602161 0.217984 0.0286782 0.000488643 2.78571e-06 0 0 0 0 0 0 0 0 0 0 0 0 0 0 
1 0.600595 0.217236 0.0288227 0.0005325 0 0 0 0 0 0 0 0 0 0 0 0 0 0 0 
1 0.599365 0.215215 0.0279621 0.000528143 2.5e-06 0 0 0 0 0 0 0 0 0 0 0 0 0 0 
1 0.600413 0.21688 0.0284694 0.0005205 5e-07 0 0 0 0 0 0 0 0 0 0 0 0 0 0 
1 0.599374 0.215403 0.0279161 0.000516357 0 0 0 0 0 0 0 0 0 0 0 0 0 0 0 
1 0.600542 0.215406 0.0278333 0.000544571 0 0 0 0 0 0 0 0 0 0 0 0 0 0 0 
1 0.599875 0.216796 0.0283349 0.000512071 4.28571e-07 0 0 0 0 0 0 0 0 0 0 0 0 0 0 
1 0.600487 0.216835 0.0284382 0.000532929 0 0 0 0 0 0 0 0 0 0 0 0 0 0 0 
1 0.59864 0.214338 0.0275296 0.000453786 0 0 0 0 0 0 0 0 0 0 0 0 0 0 0 
1 0.601961 0.218805 0.0293836 0.000549929 2.85714e-07 0 0 0 0 0 0 0 0 0 0 0 0 0 0 
1 0.598252 0.214194 0.0279454 0.000505857 6.42857e-07 0 0 0 0 0 0 0 0 0 0 0 0 0 0 
1 0.598001 0.214181 0.0275576 0.000479643 0 0 0 0 0 0 0 0 0 0 0 0 0 0 0 
1 0.599684 0.216515 0.0285612 0.000559714 6.42857e-07 0 0 0 0 0 0 0 0 0 0 0 0 0 0 
1 0.599141 0.2157 0.0280186 0.000519214 0 0 0 0 0 0 0 0 0 0 0 0 0 0 0 
1 0.599254 0.215738 0.0283499 0.000514286 2.85714e-06 0 0 0 0 0 0 0 0 0 0 0 0 0 0 
1 0.600485 0.216894 0.0289136 0.000552571 0 0 0 0 0 0 0 0 0 0 0 0 0 0 0 
1 0.601303 0.2179 0.0286978 0.000553643 0 0 0 0 0 0 0 0 0 0 0 0 0 0 0 
1 0.60053 0.217439 0.0287456 0.000550643 0 0 0 0 0 0 0 0 0 0 0 0 0 0 0 
1 0.600306 0.216282 0.0284573 0.000555643 6.42857e-07 0 0 0 0 0 0 0 0 0 0 0 0 0 0 
1 0.601304 0.217842 0.0284604 0.000512071 0 0 0 0 0 0 0 0 0 0 0 0 0 0 0 
1 0.598698 0.214823 0.0279737 0.000526714 7.14286e-08 0 0 0 0 0 0 0 0 0 0 0 0 0 0 
1 0.598791 0.215241 0.0283011 0.000517 3.71429e-06 0 0 0 0 0 0 0 0 0 0 0 0 0 0 
1 0.601199 0.21607 0.0284358 0.000496429 1.21429e-06 0 0 0 0 0 0 0 0 0 0 0 0 0 0 
1 0.60097 0.218071 0.0289427 0.000569071 1.35714e-06 0 0 0 0 0 0 0 0 0 0 0 0 0 0 
1 0.600964 0.217247 0.028818 0.000534 2.71429e-06 0 0 0 0 0 0 0 0 0 0 0 0 0 0 
1 0.599625 0.216509 0.028331 0.0005195 0 0 0 0 0 0 0 0 0 0 0 0 0 0 0 
1 0.600289 0.216741 0.0287144 0.000563857 3.57143e-07 0 0 0 0 0 0 0 0 0 0 0 0 0 0 
1 0.59928 0.215093 0.0279462 0.000424857 1.14286e-06 0 0 0 0 0 0 0 0 0 0 0 0 0 0 
1 0.59977 0.216073 0.0284677 0.000520643 0 0 0 0 0 0 0 0 0 0 0 0 0 0 0 
1 0.59889 0.215192 0.0281099 0.000513214 2.85714e-07 0 0 0 0 0 0 0 0 0 0 0 0 0 0 
1 0.599769 0.215972 0.0284646 0.000520786 0 0 0 0 0 0 0 0 0 0 0 0 0 0 0 
1 0.600306 0.216913 0.0286559 0.000504357 0 0 0 0 0 0 0 0 0 0 0 0 0 0 0 
1 0.598345 0.214381 0.0277106 0.000537357 0 0 0 0 0 0 0 0 0 0 0 0 0 0 0 
1 0.599657 0.215885 0.0285459 0.000514643 0 0 0 0 0 0 0 0 0 0 0 0 0 0 0 
1 0.600169 0.216167 0.0282606 0.000566929 0 0 0 0 0 0 0 0 0 0 0 0 0 0 0 
1 0.600349 0.217683 0.0289763 0.000524429 0 0 0 0 0 0 0 0 0 0 0 0 0 0 0 
1 0.599296 0.214977 0.0278323 0.000484929 9.28571e-07 0 0 0 0 0 0 0 0 0 0 0 0 0 0 
1 0.598721 0.21609 0.0285844 0.0005045 0 0 0 0 0 0 0 0 0 0 0 0 0 0 0 
1 0.60022 0.216285 0.02805 0.000478143 7.14286e-07 0 0 0 0 0 0 0 0 0 0 0 0 0 0 
1 0.599135 0.215272 0.027796 0.000493286 0 0 0 0 0 0 0 0 0 0 0 0 0 0 0 
1 0.599113 0.215984 0.0286944 0.000568929 1.21429e-06 0 0 0 0 0 0 0 0 0 0 0 0 0 0 
1 0.600383 0.215672 0.0279783 0.000500071 5.71429e-07 0 0 0 0 0 0 0 0 0 0 0 0 0 0 
1 0.59953 0.216322 0.0283716 0.000511643 0 0 0 0 0 0 0 0 0 0 0 0 0 0 0 
1 0.599925 0.215543 0.0280191 0.000527429 3.21429e-06 0 0 0 0 0 0 0 0 0 0 0 0 0 0 
1 0.601059 0.217592 0.0285076 0.0005565 0 0 0 0 0 0 0 0 0 0 0 0 0 0 0 
1 0.600592 0.216672 0.0283406 0.000488643 1.57143e-06 0 0 0 0 0 0 0 0 0 0 0 0 0 0 
1 0.599762 0.216266 0.0283491 0.000531643 0 0 0 0 0 0 0 0 0 0 0 0 0 0 0 
1 0.599328 0.215851 0.0280336 0.000530071 3.57143e-07 0 0 0 0 0 0 0 0 0 0 0 0 0 0 
1 0.599137 0.216309 0.0284646 0.000540143 1e-06 0 0 0 0 0 0 0 0 0 0 0 0 0 0 
1 0.60083 0.217488 0.028791 0.000504 0 0 0 0 0 0 0 0 0 0 0 0 0 0 0 
1 0.599422 0.215936 0.0283605 0.000557357 7.85714e-07 0 0 0 0 0 0 0 0 0 0 0 0 0 0 
1 0.59952 0.216743 0.0287527 0.000552071 2.14286e-07 0 0 0 0 0 0 0 0 0 0 0 0 0 0 
1 0.601467 0.217771 0.0285936 0.000558786 3.14286e-06 0 0 0 0 0 0 0 0 0 0 0 0 0 0 
1 0.600989 0.216769 0.0284388 0.000542857 0 0 0 0 0 0 0 0 0 0 0 0 0 0 0 
1 0.599723 0.215693 0.0282804 0.000495643 2.85714e-07 0 0 0 0 0 0 0 0 0 0 0 0 0 0 
1 0.599383 0.215761 0.0283322 0.000517143 0 0 0 0 0 0 0 0 0 0 0 0 0 0 0 
1 0.600345 0.217194 0.0288286 0.000534429 0 0 0 0 0 0 0 0 0 0 0 0 0 0 0 
1 0.599084 0.214831 0.0279114 0.000529786 2.71429e-06 0 0 0 0 0 0 0 0 0 0 0 0 0 0 
1 0.598403 0.21462 0.0276356 0.000485 3.57143e-07 0 0 0 0 0 0 0 0 0 0 0 0 0 0 
1 0.600018 0.216241 0.0284521 0.000514857 1.28571e-06 0 0 0 0 0 0 0 0 0 0 0 0 0 0 
1 0.599703 0.216306 0.0287606 0.000535214 0 0 0 0 0 0 0 0 0 0 0 0 0 0 0 
1 0.599686 0.215781 0.0281239 0.000540357 0 0 0 0 0 0 0 0 0 0 0 0 0 0 0 
1 0.599934 0.216631 0.0284556 0.000509929 7.85714e-07 0 0 0 0 0 0 0 0 0 0 0 0 0 0 
1 0.600562 0.217147 0.0288882 0.000569857 6.42857e-07 0 0 0 0 0 0 0 0 0 0 0 0 0 0 
1 0.59981 0.216021 0.0281799 0.000460071 7.14286e-08 0 0 0 0 0 0 0 0 0 0 0 0 0 0 
1 0.601581 0.217894 0.0288746 0.0005355 0 0 0 0 0 0 0 0 0 0 0 0 0 0 0 
1 0.599723 0.215976 0.0282889 0.000573714 1.07143e-06 0 0 0 0 0 0 0 0 0 0 0 0 0 0 
1 0.600139 0.216728 0.0287896 0.000527643 7.14286e-07 0 0 0 0 0 0 0 0 0 0 0 0 0 0 
1 0.6013 0.217416 0.0286129 0.000494571 0 0 0 0 0 0 0 0 0 0 0 0 0 0 0 
1 0.600467 0.216955 0.028772 0.000532786 1.78571e-06 0 0 0 0 0 0 0 0 0 0 0 0 0 0 
1 0.600482 0.216656 0.0284457 0.000498857 0 0 0 0 0 0 0 0 0 0 0 0 0 0 0 
1 0.599365 0.214822 0.0278907 0.000448214 5.71429e-07 0 0 0 0 0 0 0 0 0 0 0 0 0 0 
1 0.599864 0.216181 0.0287312 0.000578071 0 0 0 0 0 0 0 0 0 0 0 0 0 0 0 
1 0.599712 0.216134 0.0284855 0.000508214 2.14286e-07 0 0 0 0 0 0 0 0 0 0 0 0 0 0 
1 0.60031 0.217127 0.0283522 0.000529143 0 0 0 0 0 0 0 0 0 0 0 0 0 0 0 
1 0.600037 0.21647 0.0286605 0.000525071 3.57143e-07 0 0 0 0 0 0 0 0 0 0 0 0 0 0 
1 0.600263 0.217125 0.028126 0.000542357 4e-06 0 0 0 0 0 0 0 0 0 0 0 0 0 0 
1 0.598889 0.215301 0.0277868 0.000498714 0 0 0 0 0 0 0 0 0 0 0 0 0 0 0 
1 0.59931 0.216171 0.028436 0.000527286 0 0 0 0 0 0 0 0 0 0 0 0 0 0 0 
1 0.599504 0.21607 0.0282609 0.000543071 1e-06 0 0 0 0 0 0 0 0 0 0 0 0 0 0 
1 0.59989 0.216829 0.0284796 0.000535 6.42857e-07 0 0 0 0 0 0 0 0 0 0 0 0 0 0 
1 0.602478 0.218828 0.0290386 0.0005285 1.35714e-06 0 0 0 0 0 0 0 0 0 0 0 0 0 0 
1 0.59854 0.213565 0.0274989 0.000480143 0 0 0 0 0 0 0 0 0 0 0 0 0 0 0 
1 0.600364 0.216881 0.0283059 0.000539714 0 0 0 0 0 0 0 0 0 0 0 0 0 0 0 
1 0.601106 0.217042 0.0289453 0.000506643 0 0 0 0 0 0 0 0 0 0 0 0 0 0 0 
1 0.599822 0.216268 0.0283713 0.000517714 5e-07 0 0 0 0 0 0 0 0 0 0 0 0 0 0 
1 0.601072 0.217657 0.0286854 0.000516 7.14286e-08 0 0 0 0 0 0 0 0 0 0 0 0 0 0 
1 0.600638 0.217469 0.0286867 0.000530786 8.57143e-07 0 0 0 0 0 0 0 0 0 0 0 0 0 0 
1 0.600079 0.216776 0.0284559 0.000528857 0 0 0 0 0 0 0 0 0 0 0 0 0 0 0 
1 0.600827 0.216369 0.0279445 0.000468714 3.57143e-06 0 0 0 0 0 0 0 0 0 0 0 0 0 0 
1 0.598132 0.214137 0.027619 0.0004565 0 0 0 0 0 0 0 0 0 0 0 0 0 0 0 
1 0.600442 0.216807 0.0284533 0.000546143 2.14286e-07 0 0 0 0 0 0 0 0 0 0 0 0 0 0 
1 0.600892 0.217241 0.0283653 0.0004915 5e-07 0 0 0 0 0 0 0 0 0 0 0 0 0 0 
1 0.60156 0.218459 0.02941 0.000581357 7.14286e-07 0 0 0 0 0 0 0 0 0 0 0 0 0 0 
1 0.599374 0.215381 0.0280269 0.000524643 0 0 0 0 0 0 0 0 0 0 0 0 0 0 0 
1 0.600348 0.216203 0.0281291 0.000509214 0 0 0 0 0 0 0 0 0 0 0 0 0 0 0 
1 0.60028 0.216142 0.0281159 0.000496786 0 0 0 0 0 0 0 0 0 0 0 0 0 0 0 
1 0.600789 0.216683 0.0283396 0.000469286 8.57143e-07 0 0 0 0 0 0 0 0 0 0 0 0 0 0 
1 0.599325 0.216169 0.0283946 0.000527643 2.14286e-07 0 0 0 0 0 0 0 0 0 0 0 0 0 0 
1 0.598502 0.214729 0.0276136 0.000470214 0 0 0 0 0 0 0 0 0 0 0 0 0 0 0 
1 0.599517 0.215676 0.0283301 0.000527714 1.57143e-06 0 0 0 0 0 0 0 0 0 0 0 0 0 0 
1 0.600062 0.216421 0.0283489 0.000560071 4.28571e-07 0 0 0 0 0 0 0 0 0 0 0 0 0 0 
1 0.59911 0.215061 0.0278154 0.000526 0 0 0 0 0 0 0 0 0 0 0 0 0 0 0 
1 0.599662 0.21572 0.0283666 0.000527643 9.28571e-07 0 0 0 0 0 0 0 0 0 0 0 0 0 0 
1 0.601541 0.218196 0.0286435 0.000503357 1.64286e-06 0 0 0 0 0 0 0 0 0 0 0 0 0 0 
1 0.599901 0.216305 0.0278624 0.0004975 4.28571e-07 0 0 0 0 0 0 0 0 0 0 0 0 0 0 
1 0.601392 0.218514 0.0292091 0.000537643 7.85714e-07 0 0 0 0 0 0 0 0 0 0 0 0 0 0 
1 0.602377 0.217968 0.0286589 0.000572429 1.28571e-06 0 0 0 0 0 0 0 0 0 0 0 0 0 0 
1 0.600445 0.216804 0.0283598 0.000503071 0 0 0 0 0 0 0 0 0 0 0 0 0 0 0 
1 0.59853 0.215004 0.028149 0.000519357 0 0 0 0 0 0 0 0 0 0 0 0 0 0 0 
1 0.599265 0.216186 0.0283316 0.000549357 1.5e-06 0 0 0 0 0 0 0 0 0 0 0 0 0 0 
1 0.599718 0.215942 0.0283472 0.000584786 7.85714e-07 0 0 0 0 0 0 0 0 0 0 0 0 0 0 
1 0.598235 0.213282 0.027431 0.000523357 0 0 0 0 0 0 0 0 0 0 0 0 0 0 0 
1 0.598919 0.215143 0.027897 0.0005035 0 0 0 0 0 0 0 0 0 0 0 0 0 0 0 
1 0.598207 0.214447 0.0275999 0.000493714 0 0 0 0 0 0 0 0 0 0 0 0 0 0 0 
1 0.600343 0.216808 0.0287851 0.000517714 3.57143e-07 0 0 0 0 0 0 0 0 0 0 0 0 0 0 
1 0.599987 0.216009 0.0281741 0.000527071 0 0 0 0 0 0 0 0 0 0 0 0 0 0 0 
1 0.599425 0.21489 0.0277345 0.000482214 0 0 0 0 0 0 0 0 0 0 0 0 0 0 0 
1 0.598377 0.213812 0.0276371 0.000503 1.42857e-07 0 0 0 0 0 0 0 0 0 0 0 0 0 0 
1 0.599546 0.215702 0.0284046 0.000568357 0 0 0 0 0 0 0 0 0 0 0 0 0 0 0 
1 0.59887 0.214734 0.0278362 0.000510286 0 0 0 0 0 0 0 0 0 0 0 0 0 0 0 
1 0.600557 0.216981 0.0284371 0.000486214 7.85714e-07 0 0 0 0 0 0 0 0 0 0 0 0 0 0 
1 0.600674 0.216759 0.0285167 0.000503857 0 0 0 0 0 0 0 0 0 0 0 0 0 0 0 
1 0.599127 0.214073 0.0273819 0.000433 0 0 0 0 0 0 0 0 0 0 0 0 0 0 0 
1 0.599249 0.216443 0.0283531 0.000546571 0 0 0 0 0 0 0 0 0 0 0 0 0 0 0 
1 0.601129 0.217882 0.0284939 0.000501 4.28571e-07 0 0 0 0 0 0 0 0 0 0 0 0 0 0 
1 0.600551 0.216423 0.0284789 0.000507357 2.35714e-06 0 0 0 0 0 0 0 0 0 0 0 0 0 0 
1 0.599987 0.216053 0.0286126 0.000566071 2.71429e-06 0 0 0 0 0 0 0 0 0 0 0 0 0 0 
1 0.599017 0.21461 0.0276934 0.000478857 0 0 0 0 0 0 0 0 0 0 0 0 0 0 0 
1 0.59977 0.215543 0.0277418 0.000474214 2.07143e-06 0 0 0 0 0 0 0 0 0 0 0 0 0 0 
1 0.601326 0.21754 0.0284987 0.000559571 0 0 0 0 0 0 0 0 0 0 0 0 0 0 0 
1 0.602225 0.218329 0.0292036 0.000534857 0 0 0 0 0 0 0 0 0 0 0 0 0 0 0 
1 0.599308 0.215934 0.0281206 0.0005525 0 0 0 0 0 0 0 0 0 0 0 0 0 0 0 
1 0.600621 0.216929 0.0286071 0.000521286 1.42857e-06 0 0 0 0 0 0 0 0 0 0 0 0 0 0 
1 0.59981 0.216623 0.0284562 0.000479429 2.85714e-07 0 0 0 0 0 0 0 0 0 0 0 0 0 0 
1 0.600224 0.217155 0.0283441 0.000521357 0 0 0 0 0 0 0 0 0 0 0 0 0 0 0 
1 0.600921 0.217742 0.0288577 0.000569286 7.14286e-08 0 0 0 0 0 0 0 0 0 0 0 0 0 0 
1 0.600665 0.215968 0.0283939 0.000513214 0 0 0 0 0 0 0 0 0 0 0 0 0 0 0 
1 0.600067 0.216348 0.0283096 0.000515071 0 0 0 0 0 0 0 0 0 0 0 0 0 0 0 
1 0.60167 0.218467 0.0290194 0.000519 0 0 0 0 0 0 0 0 0 0 0 0 0 0 0 
1 0.597648 0.212365 0.0271699 0.000446143 3.35714e-06 0 0 0 0 0 0 0 0 0 0 0 0 0 0 
1 0.59974 0.215523 0.0283001 0.0005515 0 0 0 0 0 0 0 0 0 0 0 0 0 0 0 
1 0.59963 0.215543 0.0279656 0.0004455 1.42857e-07 0 0 0 0 0 0 0 0 0 0 0 0 0 0 
1 0.602552 0.219302 0.0292126 0.000527929 1.85714e-06 0 0 0 0 0 0 0 0 0 0 0 0 0 0 
1 0.599916 0.216463 0.028201 0.000467786 8.57143e-07 0 0 0 0 0 0 0 0 0 0 0 0 0 0 
1 0.600684 0.216728 0.0284493 0.000546643 0 0 0 0 0 0 0 0 0 0 0 0 0 0 0 
1 0.598927 0.215693 0.028279 0.000478143 1.35714e-06 0 0 0 0 0 0 0 0 0 0 0 0 0 0 
1 0.601259 0.217687 0.0286514 0.000487571 3.35714e-06 0 0 0 0 0 0 0 0 0 0 0 0 0 0 
1 0.600706 0.217644 0.028748 0.000532071 0 0 0 0 0 0 0 0 0 0 0 0 0 0 0 
1 0.601507 0.218113 0.0290511 0.0005065 8.57143e-07 0 0 0 0 0 0 0 0 0 0 0 0 0 0 
1 0.598499 0.214643 0.0277438 0.000475643 5.71429e-07 0 0 0 0 0 0 0 0 0 0 0 0 0 0 
1 0.600708 0.217917 0.0290881 0.000565071 0 0 0 0 0 0 0 0 0 0 0 0 0 0 0 
1 0.599824 0.21659 0.0282075 0.000519 7.14286e-08 0 0 0 0 0 0 0 0 0 0 0 0 0 0 
1 0.60082 0.216308 0.0279489 0.000541214 0 0 0 0 0 0 0 0 0 0 0 0 0 0 0 
1 0.599447 0.215371 0.0279522 0.000525214 6.42857e-07 0 0 0 0 0 0 0 0 0 0 0 0 0 0 
1 0.601699 0.217454 0.0286001 0.000548286 0 0 0 0 0 0 0 0 0 0 0 0 0 0 0 
1 0.600434 0.216811 0.0286584 0.0005235 1e-06 0 0 0 0 0 0 0 0 0 0 0 0 0 0 
1 0.600374 0.216443 0.0284861 0.000530571 2.71429e-06 0 0 0 0 0 0 0 0 0 0 0 0 0 0 
1 0.600225 0.21658 0.028182 0.000494357 2.21429e-06 0 0 0 0 0 0 0 0 0 0 0 0 0 0 
1 0.60072 0.217056 0.0288641 0.000479 0 0 0 0 0 0 0 0 0 0 0 0 0 0 0 
1 0.599855 0.215385 0.0278162 0.000503 2.14286e-07 0 0 0 0 0 0 0 0 0 0 0 0 0 0 
1 0.599437 0.214944 0.0281071 0.000509643 0 0 0 0 0 0 0 0 0 0 0 0 0 0 0 
1 0.601391 0.217357 0.0285224 0.000559143 0 0 0 0 0 0 0 0 0 0 0 0 0 0 0 
1 0.597708 0.213347 0.0276091 0.000438571 1.57143e-06 0 0 0 0 0 0 0 0 0 0 0 0 0 0 
1 0.599645 0.216225 0.0284327 0.000527714 1.14286e-06 0 0 0 0 0 0 0 0 0 0 0 0 0 0 
1 0.599556 0.215158 0.027634 0.000470071 7.14286e-08 0 0 0 0 0 0 0 0 0 0 0 0 0 0 
1 0.601606 0.218114 0.0289304 0.000577571 0 0 0 0 0 0 0 0 0 0 0 0 0 0 0 
1 0.598634 0.215058 0.0281758 0.000535714 2.85714e-07 0 0 0 0 0 0 0 0 0 0 0 0 0 0 
1 0.600909 0.217483 0.0289889 0.000572357 1.78571e-06 0 0 0 0 0 0 0 0 0 0 0 0 0 0 
1 0.599753 0.215438 0.0282329 0.000464214 0 0 0 0 0 0 0 0 0 0 0 0 0 0 0 
1 0.599485 0.215253 0.0279663 0.000446143 7.14286e-08 0 0 0 0 0 0 0 0 0 0 0 0 0 0 
1 0.600507 0.21601 0.028338 0.000520714 0 0 0 0 0 0 0 0 0 0 0 0 0 0 0 
1 0.600182 0.216535 0.028449 0.000509357 0 0 0 0 0 0 0 0 0 0 0 0 0 0 0 
1 0.599263 0.215485 0.0279601 0.000479857 2.14286e-07 0 0 0 0 0 0 0 0 0 0 0 0 0 0 
1 0.598331 0.21453 0.0277698 0.00046 0 0 0 0 0 0 0 0 0 0 0 0 0 0 0 
1 0.599625 0.216613 0.0286673 0.000551714 9.28571e-07 0 0 0 0 0 0 0 0 0 0 0 0 0 0 
1 0.598559 0.214161 0.0276066 0.000529071 0 0 0 0 0 0 0 0 0 0 0 0 0 0 0 
1 0.600271 0.216441 0.0281321 0.000489357 0 0 0 0 0 0 0 0 0 0 0 0 0 0 0 
1 0.600699 0.217425 0.0288174 0.000557429 0 0 0 0 0 0 0 0 0 0 0 0 0 0 0 
1 0.600377 0.216575 0.028408 0.000531929 1e-06 0 0 0 0 0 0 0 0 0 0 0 0 0 0 
1 0.598406 0.214074 0.027618 0.000502429 2.64286e-06 0 0 0 0 0 0 0 0 0 0 0 0 0 0 
1 0.598964 0.215393 0.0279474 0.000472643 0 0 0 0 0 0 0 0 0 0 0 0 0 0 0 
1 0.60049 0.216219 0.0281887 0.000501929 4.28571e-07 0 0 0 0 0 0 0 0 0 0 0 0 0 0 
1 0.599321 0.215214 0.027957 0.000508286 2.14286e-07 0 0 0 0 0 0 0 0 0 0 0 0 0 0 
1 0.599603 0.215103 0.0278189 0.000501786 3.64286e-06 0 0 0 0 0 0 0 0 0 0 0 0 0 0 
1 0.601985 0.218421 0.0291379 0.000548643 1.42857e-06 0 0 0 0 0 0 0 0 0 0 0 0 0 0 
1 0.59893 0.215279 0.0280521 0.000515286 5.71429e-07 0 0 0 0 0 0 0 0 0 0 0 0 0 0 
1 0.601626 0.218201 0.0289894 0.000551857 7.14286e-08 0 0 0 0 0 0 0 0 0 0 0 0 0 0 
1 0.600024 0.216731 0.0283388 0.000544714 2.14286e-07 0 0 0 0 0 0 0 0 0 0 0 0 0 0 
1 0.597937 0.214168 0.0277011 0.000555 0 0 0 0 0 0 0 0 0 0 0 0 0 0 0 
1 0.599312 0.215702 0.0282708 0.000551929 0 0 0 0 0 0 0 0 0 0 0 0 0 0 0 
1 0.599387 0.215786 0.027877 0.000469 5.71429e-07 0 0 0 0 0 0 0 0 0 0 0 0 0 0 
1 0.601716 0.217717 0.0288785 0.000551857 0 0 0 0 0 0 0 0 0 0 0 0 0 0 0 
1 0.600415 0.216532 0.0280206 0.000499 1.57143e-06 0 0 0 0 0 0 0 0 0 0 0 0 0 0 
1 0.600678 0.21762 0.0286781 0.000474429 0 0 0 0 0 0 0 0 0 0 0 0 0 0 0 
1 0.600574 0.215855 0.0281424 0.000516857 0 0 0 0 0 0 0 0 0 0 0 0 0 0 0 
1 0.599182 0.215866 0.0280291 0.000487071 0 0 0 0 0 0 0 0 0 0 0 0 0 0 0 
1 0.598172 0.214407 0.0280489 0.000494714 1e-06 0 0 0 0 0 0 0 0 0 0 0 0 0 0 
1 0.600733 0.217038 0.0284311 0.000589 3.57143e-07 0 0 0 0 0 0 0 0 0 0 0 0 0 0 
1 0.599929 0.215736 0.0282796 0.000519786 0 0 0 0 0 0 0 0 0 0 0 0 0 0 0 
1 0.598008 0.214389 0.027666 0.000486357 3.35714e-06 0 0 0 0 0 0 0 0 0 0 0 0 0 0 
1 0.599239 0.215673 0.0281509 0.000548429 8.57143e-07 0 0 0 0 0 0 0 0 0 0 0 0 0 0 
1 0.600019 0.216042 0.0281181 0.000563643 0 0 0 0 0 0 0 0 0 0 0 0 0 0 0 
1 0.601635 0.217408 0.0286896 0.000547786 1.07143e-06 0 0 0 0 0 0 0 0 0 0 0 0 0 0 
1 0.601479 0.218076 0.0287796 0.000456571 0 0 0 0 0 0 0 0 0 0 0 0 0 0 0 
1 0.60034 0.217094 0.0283859 0.000540571 6.42857e-07 0 0 0 0 0 0 0 0 0 0 0 0 0 0 
1 0.60074 0.216752 0.0288244 0.000542571 0 0 0 0 0 0 0 0 0 0 0 0 0 0 0 
1 0.600072 0.216106 0.0282994 0.000489214 0 0 0 0 0 0 0 0 0 0 0 0 0 0 0 
1 0.600428 0.217067 0.0287418 0.000523286 1.85714e-06 0 0 0 0 0 0 0 0 0 0 0 0 0 0 
1 0.600096 0.215969 0.0280562 0.000492786 1.64286e-06 0 0 0 0 0 0 0 0 0 0 0 0 0 0 
1 0.599704 0.215635 0.028071 0.000500571 0 0 0 0 0 0 0 0 0 0 0 0 0 0 0 
1 0.599937 0.216303 0.0283005 0.000507929 3.21429e-06 0 0 0 0 0 0 0 0 0 0 0 0 0 0 
1 0.601034 0.216963 0.0286207 0.000500357 9.28571e-07 0 0 0 0 0 0 0 0 0 0 0 0 0 0 
1 0.599459 0.216088 0.0282081 0.000560071 0 0 0 0 0 0 0 0 0 0 0 0 0 0 0 
1 0.599822 0.215643 0.0277855 0.000500786 0 0 0 0 0 0 0 0 0 0 0 0 0 0 0 
1 0.598695 0.214815 0.0278889 0.000496714 2.64286e-06 0 0 0 0 0 0 0 0 0 0 0 0 0 0 
1 0.59963 0.216348 0.028421 0.000518643 1.42857e-06 0 0 0 0 0 0 0 0 0 0 0 0 0 0 
1 0.601018 0.217744 0.0286479 0.000491429 0 0 0 0 0 0 0 0 0 0 0 0 0 0 0 
1 0.601919 0.219793 0.0292436 0.00056 0 0 0 0 0 0 0 0 0 0 0 0 0 0 0 
1 0.599845 0.215485 0.0282891 0.000468286 0 0 0 0 0 0 0 0 0 0 0 0 0 0 0 
1 0.600252 0.217038 0.0285225 0.000514929 1.07143e-06 0 0 0 0 0 0 0 0 0 0 0 0 0 0 
1 0.599835 0.21502 0.0281356 0.000526929 0 0 0 0 0 0 0 0 0 0 0 0 0 0 0 
1 0.600068 0.217169 0.0286421 0.000506 0 0 0 0 0 0 0 0 0 0 0 0 0 0 0 
1 0.599811 0.215177 0.0278772 0.000490929 0 0 0 0 0 0 0 0 0 0 0 0 0 0 0 
1 0.602361 0.219699 0.0294779 0.000581714 2.35714e-06 0 0 0 0 0 0 0 0 0 0 0 0 0 0 
1 0.600429 0.216628 0.0284416 0.000547786 2.57143e-06 0 0 0 0 0 0 0 0 0 0 0 0 0 0 
1 0.600498 0.216069 0.0280245 0.000478857 7.85714e-07 0 0 0 0 0 0 0 0 0 0 0 0 0 0 
1 0.60231 0.219352 0.0294516 0.000556143 2.57143e-06 0 0 0 0 0 0 0 0 0 0 0 0 0 0 
1 0.600115 0.216635 0.0285026 0.000545857 2.92857e-06 0 0 0 0 0 0 0 0 0 0 0 0 0 0 
1 0.600085 0.215984 0.0281134 0.000510714 0 0 0 0 0 0 0 0 0 0 0 0 0 0 0 
1 0.60042 0.217218 0.0284022 0.000494429 0 0 0 0 0 0 0 0 0 0 0 0 0 0 0 
1 0.599648 0.216003 0.0286489 0.000524929 7e-06 0 0 0 0 0 0 0 0 0 0 0 0 0 0 
1 0.599282 0.215786 0.0282423 0.000506 0 0 0 0 0 0 0 0 0 0 0 0 0 0 0 
1 0.600199 0.216412 0.0283668 0.000540929 4.57143e-06 0 0 0 0 0 0 0 0 0 0 0 0 0 0 
1 0.599525 0.215983 0.0280239 0.000510429 0 0 0 0 0 0 0 0 0 0 0 0 0 0 0 
1 0.599666 0.216098 0.0284736 0.000507786 1.42857e-06 0 0 0 0 0 0 0 0 0 0 0 0 0 0 
1 0.5997 0.215976 0.0282471 0.000481357 2.57143e-06 0 0 0 0 0 0 0 0 0 0 0 0 0 0 
1 0.598659 0.213898 0.0274174 0.000450714 2.07143e-06 0 0 0 0 0 0 0 0 0 0 0 0 0 0 
1 0.600021 0.216857 0.0288088 0.000612643 0 0 0 0 0 0 0 0 0 0 0 0 0 0 0 
1 0.601721 0.218947 0.0291499 0.000617214 3.28571e-06 0 0 0 0 0 0 0 0 0 0 0 0 0 0 
1 0.597317 0.213393 0.0277454 0.000535143 7.14286e-08 0 0 0 0 0 0 0 0 0 0 0 0 0 0 
1 0.599872 0.216979 0.0287384 0.000556143 4.28571e-07 0 0 0 0 0 0 0 0 0 0 0 0 0 0 
1 0.600083 0.215871 0.0281439 0.000541143 0 0 0 0 0 0 0 0 0 0 0 0 0 0 0 
1 0.598674 0.214885 0.0280889 0.000531429 7.14286e-07 0 0 0 0 0 0 0 0 0 0 0 0 0 0 
1 0.598596 0.214746 0.0275393 0.000463143 1.07143e-06 0 0 0 0 0 0 0 0 0 0 0 0 0 0 
1 0.599413 0.215661 0.0281996 0.000528786 0 0 0 0 0 0 0 0 0 0 0 0 0 0 0 
1 0.598794 0.214882 0.0279709 0.000529429 0 0 0 0 0 0 0 0 0 0 0 0 0 0 0 
1 0.599061 0.215693 0.0282502 0.000525286 0 0 0 0 0 0 0 0 0 0 0 0 0 0 0 
1 0.599686 0.216315 0.0286243 0.000546429 0 0 0 0 0 0 0 0 0 0 0 0 0 0 0 
1 0.602195 0.218544 0.0290101 0.000533643 3.57143e-07 0 0 0 0 0 0 0 0 0 0 0 0 0 0 
1 0.598055 0.213796 0.0277409 0.000510429 1.42857e-06 0 0 0 0 0 0 0 0 0 0 0 0 0 0 
1 0.601155 0.216946 0.0287034 0.000549286 7.14286e-07 0 0 0 0 0 0 0 0 0 0 0 0 0 0 
1 0.601367 0.217431 0.0281572 0.000465714 1.14286e-06 0 0 0 0 0 0 0 0 0 0 0 0 0 0 
1 0.600023 0.216521 0.0288562 0.000564143 0 0 0 0 0 0 0 0 0 0 0 0 0 0 0 
1 0.599023 0.215345 0.0276854 0.000527714 1.07143e-06 0 0 0 0 0 0 0 0 0 0 0 0 0 0 
1 0.599152 0.21518 0.0277988 0.000490857 0 0 0 0 0 0 0 0 0 0 0 0 0 0 0 
1 0.599146 0.214894 0.0275864 0.000451929 0 0 0 0 0 0 0 0 0 0 0 0 0 0 0 
1 0.599369 0.215317 0.0280175 0.0004985 0 0 0 0 0 0 0 0 0 0 0 0 0 0 0 
1 0.599346 0.21559 0.0284597 0.000566929 2.14286e-07 0 0 0 0 0 0 0 0 0 0 0 0 0 0 
1 0.600241 0.216245 0.0286314 0.000582143 0 0 0 0 0 0 0 0 0 0 0 0 0 0 0 
1 0.59959 0.21534 0.0281986 0.000459214 1.42857e-07 0 0 0 0 0 0 0 0 0 0 0 0 0 0 
1 0.600073 0.216238 0.0281888 0.000481857 2.71429e-06 0 0 0 0 0 0 0 0 0 0 0 0 0 0 
1 0.598796 0.214633 0.0277506 0.000522643 1.71429e-06 0 0 0 0 0 0 0 0 0 0 0 0 0 0 
1 0.598268 0.215061 0.0277661 0.000520357 7.14286e-08 0 0 0 0 0 0 0 0 0 0 0 0 0 0 
1 0.600625 0.217549 0.0289648 0.000537714 1.5e-06 0 0 0 0 0 0 0 0 0 0 0 0 0 0 
1 0.601603 0.218163 0.0288145 0.000546643 7.14286e-08 0 0 0 0 0 0 0 0 0 0 0 0 0 0 
1 0.600837 0.21766 0.0291149 0.000585429 1.07143e-06 0 0 0 0 0 0 0 0 0 0 0 0 0 0 
1 0.598676 0.215011 0.0281372 0.000459643 2.85714e-06 0 0 0 0 0 0 0 0 0 0 0 0 0 0 
1 0.599917 0.216166 0.0283902 0.000542571 0 0 0 0 0 0 0 0 0 0 0 0 0 0 0 
1 0.60014 0.216803 0.0287002 0.000582714 0 0 0 0 0 0 0 0 0 0 0 0 0 0 0 
1 0.599975 0.216909 0.0282056 0.000516571 0 0 0 0 0 0 0 0 0 0 0 0 0 0 0 
1 0.600066 0.215876 0.0280599 0.000537357 0 0 0 0 0 0 0 0 0 0 0 0 0 0 0 
1 0.601268 0.217451 0.0286256 0.000508857 0 0 0 0 0 0 0 0 0 0 0 0 0 0 0 
1 0.598221 0.213842 0.0274723 0.000445 5e-07 0 0 0 0 0 0 0 0 0 0 0 0 0 0 
1 0.600945 0.216965 0.0285734 0.000483357 2.57143e-06 0 0 0 0 0 0 0 0 0 0 0 0 0 0 
1 0.60001 0.216168 0.0282982 0.000495286 0 0 0 0 0 0 0 0 0 0 0 0 0 0 0 
1 0.599688 0.215808 0.0281495 0.000472429 1e-06 0 0 0 0 0 0 0 0 0 0 0 0 0 0 
1 0.600439 0.217294 0.0283564 0.000572286 7.85714e-07 0 0 0 0 0 0 0 0 0 0 0 0 0 0 
1 0.601441 0.217758 0.02868 0.000486857 0 0 0 0 0 0 0 0 0 0 0 0 0 0 0 
1 0.600155 0.215719 0.0280184 0.000513643 0 0 0 0 0 0 0 0 0 0 0 0 0 0 0 
1 0.597046 0.213698 0.0279357 0.000565786 0 0 0 0 0 0 0 0 0 0 0 0 0 0 0 
1 0.600172 0.216918 0.0287133 0.000549929 2.78571e-06 0 0 0 0 0 0 0 0 0 0 0 0 0 0 
1 0.600299 0.216553 0.0282704 0.000514429 2.07143e-06 0 0 0 0 0 0 0 0 0 0 0 0 0 0 
1 0.600457 0.216243 0.0284407 0.000507 3.57143e-07 0 0 0 0 0 0 0 0 0 0 0 0 0 0 
1 0.600105 0.217329 0.0287536 0.000527786 0 0 0 0 0 0 0 0 0 0 0 0 0 0 0 
1 0.599536 0.215512 0.0282239 0.000558857 5.71429e-07 0 0 0 0 0 0 0 0 0 0 0 0 0 0 
1 0.598743 0.215502 0.0284466 0.000493071 7.85714e-07 0 0 0 0 0 0 0 0 0 0 0 0 0 0 
1 0.59997 0.216125 0.0285642 0.000545429 0 0 0 0 0 0 0 0 0 0 0 0 0 0 0 
1 0.597273 0.213619 0.0277986 0.00051 6.42857e-07 0 0 0 0 0 0 0 0 0 0 0 0 0 0 
1 0.60042 0.216337 0.0284679 0.000490286 3.14286e-06 1.14286e-06 0 0 0 0 0 0 0 0 0 0 0 0 0 
1 0.600389 0.216909 0.0284785 0.000569 0 0 0 0 0 0 0 0 0 0 0 0 0 0 0 
1 0.598653 0.214335 0.0278256 0.000476571 2.85714e-07 0 0 0 0 0 0 0 0 0 0 0 0 0 0 
1 0.60017 0.216433 0.0280189 0.000557143 7.14286e-07 0 0 0 0 0 0 0 0 0 0 0 0 0 0 
1 0.600311 0.216077 0.0282246 0.000538571 5e-07 0 0 0 0 0 0 0 0 0 0 0 0 0 0 
1 0.598462 0.213945 0.0275533 0.000502857 0 0 0 0 0 0 0 0 0 0 0 0 0 0 0 
1 0.597794 0.213825 0.0274126 0.000439071 0 0 0 0 0 0 0 0 0 0 0 0 0 0 0 
1 0.600511 0.216435 0.0283817 0.000523857 0 0 0 0 0 0 0 0 0 0 0 0 0 0 0 
1 0.600579 0.217448 0.0289859 0.000505643 1.28571e-06 0 0 0 0 0 0 0 0 0 0 0 0 0 0 
1 0.600783 0.216976 0.0286346 0.000576643 7.14286e-08 0 0 0 0 0 0 0 0 0 0 0 0 0 0 
1 0.599619 0.216243 0.0284616 0.000553643 5e-07 0 0 0 0 0 0 0 0 0 0 0 0 0 0 
1 0.598936 0.213836 0.0272751 0.000491929 0 0 0 0 0 0 0 0 0 0 0 0 0 0 0 
1 0.598964 0.214768 0.0279844 0.000515429 1.21429e-06 0 0 0 0 0 0 0 0 0 0 0 0 0 0 
1 0.600895 0.217594 0.0287424 0.000505 6.42857e-07 0 0 0 0 0 0 0 0 0 0 0 0 0 0 
1 0.600973 0.216938 0.0286173 0.000568714 1.07143e-06 0 0 0 0 0 0 0 0 0 0 0 0 0 0 
1 0.599727 0.215259 0.0279459 0.000516143 2e-06 0 0 0 0 0 0 0 0 0 0 0 0 0 0 
1 0.599571 0.216749 0.0288134 0.000542286 0 0 0 0 0 0 0 0 0 0 0 0 0 0 0 
1 0.59965 0.21523 0.0280894 0.000521 0 0 0 0 0 0 0 0 0 0 0 0 0 0 0 
1 0.598846 0.214921 0.0278174 0.000548571 3.28571e-06 0 0 0 0 0 0 0 0 0 0 0 0 0 0 
1 0.600366 0.21719 0.0287408 0.000562286 0 0 0 0 0 0 0 0 0 0 0 0 0 0 0 
1 0.600871 0.216806 0.0284757 0.000540214 5.71429e-07 0 0 0 0 0 0 0 0 0 0 0 0 0 0 
1 0.601162 0.217849 0.0287644 0.000505429 0 0 0 0 0 0 0 0 0 0 0 0 0 0 0 
1 0.599841 0.216008 0.0280134 0.000512071 5e-07 0 0 0 0 0 0 0 0 0 0 0 0 0 0 
1 0.600642 0.217792 0.0286574 0.000564714 2.78571e-06 0 0 0 0 0 0 0 0 0 0 0 0 0 0 
1 0.600577 0.217608 0.0286944 0.000536571 0 0 0 0 0 0 0 0 0 0 0 0 0 0 0 
1 0.599936 0.216049 0.0283024 0.000502071 2.35714e-06 0 0 0 0 0 0 0 0 0 0 0 0 0 0 
1 0.599602 0.216221 0.0281829 0.000492571 0 0 0 0 0 0 0 0 0 0 0 0 0 0 0 
1 0.601041 0.217927 0.0292043 0.000576286 8.57143e-07 0 0 0 0 0 0 0 0 0 0 0 0 0 0 
1 0.600892 0.217524 0.028731 0.000544786 0 0 0 0 0 0 0 0 0 0 0 0 0 0 0 
1 0.598806 0.214989 0.0278929 0.000475143 5.85714e-06 0 0 0 0 0 0 0 0 0 0 0 0 0 0 
1 0.600336 0.216517 0.0284462 0.000554643 0 0 0 0 0 0 0 0 0 0 0 0 0 0 0 
1 0.601826 0.218632 0.0294062 0.000651929 5.71429e-06 0 0 0 0 0 0 0 0 0 0 0 0 0 0 
1 0.598842 0.215532 0.0280673 0.000517357 5.71429e-07 0 0 0 0 0 0 0 0 0 0 0 0 0 0 
1 0.600449 0.216984 0.028231 0.000484929 0 0 0 0 0 0 0 0 0 0 0 0 0 0 0 
1 0.600288 0.216485 0.0284898 0.000592857 5e-07 0 0 0 0 0 0 0 0 0 0 0 0 0 0 
1 0.600193 0.216965 0.0285021 0.000536 7.14286e-06 0 0 0 0 0 0 0 0 0 0 0 0 0 0 
1 0.59907 0.215369 0.0282287 0.000478857 0 0 0 0 0 0 0 0 0 0 0 0 0 0 0 
1 0.599603 0.215619 0.0283836 0.000520071 3.5e-06 0 0 0 0 0 0 0 0 0 0 0 0 0 0 
1 0.600499 0.216815 0.0284579 0.000491643 1.21429e-06 0 0 0 0 0 0 0 0 0 0 0 0 0 0 
1 0.597752 0.213574 0.0272621 0.000452571 8.57143e-07 0 0 0 0 0 0 0 0 0 0 0 0 0 0 
1 0.599522 0.215271 0.0280432 0.000522571 0 0 0 0 0 0 0 0 0 0 0 0 0 0 0 
1 0.600906 0.217196 0.0287771 0.000556429 0 0 0 0 0 0 0 0 0 0 0 0 0 0 0 
1 0.600372 0.216129 0.0280749 0.000542286 0 0 0 0 0 0 0 0 0 0 0 0 0 0 0 
1 0.599069 0.215737 0.0281683 0.0005285 0 0 0 0 0 0 0 0 0 0 0 0 0 0 0 
1 0.5994 0.215093 0.0279385 0.000528571 1.71429e-06 0 0 0 0 0 0 0 0 0 0 0 0 0 0 
1 0.598827 0.214969 0.0278459 0.000535786 1.21429e-06 0 0 0 0 0 0 0 0 0 0 0 0 0 0 
1 0.598695 0.214765 0.0277059 0.000479643 2.21429e-06 0 0 0 0 0 0 0 0 0 0 0 0 0 0 
1 0.599521 0.216133 0.0285165 0.000520929 0 0 0 0 0 0 0 0 0 0 0 0 0 0 0 
1 0.599161 0.216061 0.0281552 0.000504571 0 0 0 0 0 0 0 0 0 0 0 0 0 0 0 
1 0.600294 0.216621 0.0284413 0.000491929 7.14286e-08 0 0 0 0 0 0 0 0 0 0 0 0 0 0 
1 0.59943 0.216665 0.0288709 0.000575 0 0 0 0 0 0 0 0 0 0 0 0 0 0 0 
1 0.600928 0.217311 0.0286784 0.0005735 1e-06 0 0 0 0 0 0 0 0 0 0 0 0 0 0 
1 0.599576 0.215664 0.028342 0.000482714 0 0 0 0 0 0 0 0 0 0 0 0 0 0 0 
1 0.600307 0.2171 0.0289904 0.000542571 5e-07 0 0 0 0 0 0 0 0 0 0 0 0 0 0 
1 0.599456 0.216349 0.0282636 0.000520357 4.28571e-07 0 0 0 0 0 0 0 0 0 0 0 0 0 0 
1 0.601244 0.217822 0.0290038 0.000547286 5.71429e-07 0 0 0 0 0 0 0 0 0 0 0 0 0 0 
1 0.599468 0.216119 0.0281912 0.000508929 0 0 0 0 0 0 0 0 0 0 0 0 0 0 0 
1 0.600469 0.216841 0.0286326 0.000557786 0 0 0 0 0 0 0 0 0 0 0 0 0 0 0 
1 0.600038 0.215741 0.0281384 0.000528429 1e-06 0 0 0 0 0 0 0 0 0 0 0 0 0 0 
1 0.598527 0.214934 0.0275989 0.000487214 1.5e-06 0 0 0 0 0 0 0 0 0 0 0 0 0 0 
1 0.598734 0.214555 0.0278337 0.000543857 0 0 0 0 0 0 0 0 0 0 0 0 0 0 0 
1 0.603028 0.220206 0.0295053 0.000599786 7.14286e-08 0 0 0 0 0 0 0 0 0 0 0 0 0 0 
1 0.601431 0.21819 0.0286916 0.000530143 2.78571e-06 0 0 0 0 0 0 0 0 0 0 0 0 0 0 
1 0.599598 0.215947 0.0281626 0.000469571 7.14286e-08 0 0 0 0 0 0 0 0 0 0 0 0 0 0 
1 0.600455 0.216529 0.0282829 0.000500786 7.85714e-07 0 0 0 0 0 0 0 0 0 0 0 0 0 0 
1 0.599737 0.216128 0.0283299 0.000572 4.28571e-07 0 0 0 0 0 0 0 0 0 0 0 0 0 0 
1 0.600182 0.216654 0.0282693 0.000513143 0 0 0 0 0 0 0 0 0 0 0 0 0 0 0 
1 0.598659 0.214845 0.0277651 0.0005215 1.5e-06 0 0 0 0 0 0 0 0 0 0 0 0 0 0 
1 0.601843 0.218135 0.0285506 0.000525 1.57143e-06 0 0 0 0 0 0 0 0 0 0 0 0 0 0 
1 0.601394 0.218717 0.029332 0.000597857 1.21429e-06 0 0 0 0 0 0 0 0 0 0 0 0 0 0 
1 0.59895 0.215644 0.0280958 0.000545643 0 0 0 0 0 0 0 0 0 0 0 0 0 0 0 
1 0.599853 0.216152 0.0281691 0.000490571 0 0 0 0 0 0 0 0 0 0 0 0 0 0 0 
1 0.600179 0.215847 0.0279292 0.000501214 5e-07 0 0 0 0 0 0 0 0 0 0 0 0 0 0 
1 0.601278 0.216982 0.0284851 0.00051 0 0 0 0 0 0 0 0 0 0 0 0 0 0 0 
1 0.601551 0.218123 0.0288009 0.0004645 0 0 0 0 0 0 0 0 0 0 0 0 0 0 0 
1 0.599683 0.215824 0.0280549 0.000507571 1.85714e-06 0 0 0 0 0 0 0 0 0 0 0 0 0 0 
1 0.597985 0.214293 0.0276032 0.000502286 0 0 0 0 0 0 0 0 0 0 0 0 0 0 0 
1 0.599899 0.216107 0.0284711 0.000535643 0 0 0 0 0 0 0 0 0 0 0 0 0 0 0 
1 0.602436 0.219294 0.0292868 0.000503143 5e-07 0 0 0 0 0 0 0 0 0 0 0 0 0 0 
1 0.600548 0.216573 0.0282809 0.000517714 1e-06 0 0 0 0 0 0 0 0 0 0 0 0 0 0 
1 0.59893 0.214385 0.0277574 0.000481429 2.5e-06 0 0 0 0 0 0 0 0 0 0 0 0 0 0 
1 0.598048 0.213472 0.0276178 0.000508286 7.14286e-08 0 0 0 0 0 0 0 0 0 0 0 0 0 0 
1 0.601257 0.217063 0.0283981 0.000471643 4.28571e-07 0 0 0 0 0 0 0 0 0 0 0 0 0 0 
1 0.600897 0.217243 0.0285972 0.000552071 0 0 0 0 0 0 0 0 0 0 0 0 0 0 0 
1 0.598774 0.214767 0.0280099 0.000502286 1.42857e-06 0 0 0 0 0 0 0 0 0 0 0 0 0 0 
1 0.596948 0.212929 0.0274437 0.000483429 4.28571e-07 0 0 0 0 0 0 0 0 0 0 0 0 0 0 
1 0.601145 0.218223 0.0291338 0.000513071 1.07143e-06 0 0 0 0 0 0 0 0 0 0 0 0 0 0 
1 0.599135 0.215078 0.0283009 0.000511143 0 0 0 0 0 0 0 0 0 0 0 0 0 0 0 
1 0.60091 0.217126 0.0287393 0.000538429 0 0 0 0 0 0 0 0 0 0 0 0 0 0 0 
1 0.597714 0.21405 0.0277164 0.000516643 3.57143e-07 0 0 0 0 0 0 0 0 0 0 0 0 0 0 
1 0.599572 0.215611 0.0285235 0.000524786 1.57143e-06 0 0 0 0 0 0 0 0 0 0 0 0 0 0 
1 0.599919 0.216277 0.0282606 0.000549786 0 0 0 0 0 0 0 0 0 0 0 0 0 0 0 
1 0.601237 0.218173 0.029114 0.000581071 0 0 0 0 0 0 0 0 0 0 0 0 0 0 0 
1 0.601399 0.21756 0.0288094 0.000547929 7.85714e-07 0 0 0 0 0 0 0 0 0 0 0 0 0 0 
1 0.600611 0.217032 0.0285821 0.000588714 0 0 0 0 0 0 0 0 0 0 0 0 0 0 0 
1 0.600261 0.217 0.0285016 0.000524286 7.14286e-07 0 0 0 0 0 0 0 0 0 0 0 0 0 0 
1 0.599663 0.216355 0.0280959 0.000536786 3.57143e-07 0 0 0 0 0 0 0 0 0 0 0 0 0 0 
1 0.599264 0.215914 0.0282015 0.000537286 7.14286e-08 0 0 0 0 0 0 0 0 0 0 0 0 0 0 
1 0.599416 0.21549 0.0278309 0.000494357 0 0 0 0 0 0 0 0 0 0 0 0 0 0 0 
1 0.602284 0.218592 0.0291604 0.000507786 0 0 0 0 0 0 0 0 0 0 0 0 0 0 0 
1 0.600176 0.216658 0.0284494 0.000513071 2.21429e-06 0 0 0 0 0 0 0 0 0 0 0 0 0 0 
1 0.600351 0.217172 0.0284671 0.000576714 8.57143e-07 0 0 0 0 0 0 0 0 0 0 0 0 0 0 
1 0.598529 0.214594 0.0276306 0.000551071 1.78571e-06 0 0 0 0 0 0 0 0 0 0 0 0 0 0 
1 0.600624 0.217069 0.0282654 0.000518429 1.42857e-07 0 0 0 0 0 0 0 0 0 0 0 0 0 0 
1 0.599672 0.215865 0.0282023 0.000515571 0 0 0 0 0 0 0 0 0 0 0 0 0 0 0 
1 0.599477 0.215003 0.0280757 0.000499071 2.14286e-07 0 0 0 0 0 0 0 0 0 0 0 0 0 0 
1 0.59949 0.21631 0.0287469 0.000535214 7.14286e-08 0 0 0 0 0 0 0 0 0 0 0 0 0 0 
1 0.600184 0.216285 0.0284769 0.000507714 3.57143e-07 0 0 0 0 0 0 0 0 0 0 0 0 0 0 
1 0.600538 0.216073 0.028147 0.000482 0 0 0 0 0 0 0 0 0 0 0 0 0 0 0 
1 0.600104 0.216987 0.0291171 0.000537643 0 0 0 0 0 0 0 0 0 0 0 0 0 0 0 
1 0.600624 0.216829 0.0285143 0.000567214 4.21429e-06 0 0 0 0 0 0 0 0 0 0 0 0 0 0 
1 0.600713 0.216674 0.0284527 0.000518714 2.85714e-07 0 0 0 0 0 0 0 0 0 0 0 0 0 0 
