1 0.60185 0.276667 0.103267 0.0333 0.0103667 0.0032 0.00105 0.000233333 0.00015 5e-05 1.66667e-05 0 0 0 0 0 0 0 0 
1 0.6005 0.278133 0.102983 0.0331333 0.0101 0.00285 0.00065 0.0002 3.33333e-05 3.33333e-05 1.66667e-05 0 0 0 0 0 0 0 0 
1 0.599517 0.272883 0.100067 0.0321333 0.00991667 0.00291667 0.000816667 0.000266667 8.33333e-05 1.66667e-05 0 0 0 0 0 0 0 0 0 
1 0.601667 0.276333 0.103483 0.03345 0.01055 0.00285 0.000616667 0.000216667 3.33333e-05 1.66667e-05 1.66667e-05 1.66667e-05 0 0 0 0 0 0 0 
1 0.597267 0.275133 0.102283 0.0332667 0.00951667 0.00266667 0.00075 0.000183333 8.33333e-05 1.66667e-05 0 0 0 0 0 0 0 0 0 
1 0.601567 0.2782 0.1039 0.0350333 0.0101833 0.0025 0.000733333 0.00015 3.33333e-05 1.66667e-05 0 0 0 0 0 0 0 0 0 
1 0.600717 0.278367 0.103767 0.0335333 0.00958333 0.00268333 0.000816667 0.000216667 8.33333e-05 0 0 0 0 0 0 0 0 0 0 
1 0.5989 0.2741 0.104117 0.0336 0.0095 0.00241667 0.000533333 0.00015 1.66667e-05 0 0 0 0 0 0 0 0 0 0 
1 0.604083 0.275783 0.102133 0.0344 0.01055 0.00315 0.000983333 0.00035 0.000133333 6.66667e-05 1.66667e-05 0 0 0 0 0 0 0 0 
1 0.60395 0.282183 0.10835 0.0364 0.0105 0.00306667 0.0009 0.0002 3.33333e-05 1.66667e-05 0 0 0 0 0 0 0 0 0 
1 0.598 0.2742 0.103017 0.0333167 0.00965 0.00298333 0.00075 0.000233333 6.66667e-05 1.66667e-05 0 0 0 0 0 0 0 0 0 
1 0.604367 0.279317 0.104683 0.0342833 0.0104833 0.00273333 0.000616667 0.00015 1.66667e-05 1.66667e-05 0 0 0 0 0 0 0 0 0 
1 0.596967 0.27375 0.103217 0.0343833 0.0102333 0.00288333 0.0006 0.00015 1.66667e-05 1.66667e-05 0 0 0 0 0 0 0 0 0 
1 0.6036 0.277917 0.103883 0.0337333 0.0105667 0.00271667 0.0007 0.000216667 6.66667e-05 1.66667e-05 1.66667e-05 0 0 0 0 0 0 0 0 
1 0.59905 0.27735 0.103467 0.0334667 0.0105167 0.00275 0.000583333 0.000116667 5e-05 1.66667e-05 0 0 0 0 0 0 0 0 0 
1 0.601267 0.275533 0.1017 0.0316167 0.00953333 0.0023 0.00065 0.000183333 3.33333e-05 0 0 0 0 0 0 0 0 0 0 
1 0.603133 0.277667 0.105033 0.03345 0.00941667 0.00258333 0.0009 0.00025 0.000133333 0.0001 3.33333e-05 0 0 0 0 0 0 0 0 
1 0.597183 0.272433 0.10115 0.0331833 0.00926667 0.00265 0.0006 0.000116667 1.66667e-05 0 0 0 0 0 0 0 0 0 0 
1 0.59665 0.273 0.101933 0.0322 0.00933333 0.00246667 0.000583333 0.000116667 3.33333e-05 0 0 0 0 0 0 0 0 0 0 
1 0.599133 0.276267 0.102667 0.03325 0.00985 0.00278333 0.000833333 0.00025 8.33333e-05 0 0 0 0 0 0 0 0 0 0 
1 0.602817 0.27965 0.102983 0.03475 0.00995 0.00301667 0.000766667 0.000333333 3.33333e-05 0 0 0 0 0 0 0 0 0 0 
1 0.597167 0.2733 0.103217 0.0334667 0.00928333 0.00278333 0.00085 0.00025 1.66667e-05 0 0 0 0 0 0 0 0 0 0 
1 0.599183 0.277567 0.105533 0.0350167 0.0103667 0.00283333 0.00095 0.00025 6.66667e-05 3.33333e-05 1.66667e-05 1.66667e-05 1.66667e-05 0 0 0 0 0 0 
1 0.596367 0.273717 0.101583 0.03355 0.0100833 0.00265 0.0007 0.00015 3.33333e-05 0 0 0 0 0 0 0 0 0 0 
1 0.599233 0.275667 0.103317 0.0342667 0.00996667 0.00258333 0.000616667 0.000116667 3.33333e-05 1.66667e-05 0 0 0 0 0 0 0 0 0 
1 0.598483 0.275033 0.104017 0.0347 0.00985 0.0027 0.000533333 8.33333e-05 5e-05 1.66667e-05 0 0 0 0 0 0 0 0 0 
1 0.601917 0.27615 0.103133 0.0337667 0.01005 0.00278333 0.000716667 0.0002 6.66667e-05 1.66667e-05 0 0 0 0 0 0 0 0 0 
1 0.598467 0.276733 0.103167 0.0342667 0.00995 0.00305 0.000916667 0.000233333 8.33333e-05 1.66667e-05 0 0 0 0 0 0 0 0 0 
1 0.599467 0.276083 0.1054 0.0352833 0.00978333 0.00251667 0.0007 0.000183333 6.66667e-05 0 0 0 0 0 0 0 0 0 0 
1 0.599883 0.276817 0.104433 0.03385 0.0100167 0.00308333 0.000816667 0.000216667 5e-05 0 0 0 0 0 0 0 0 0 0 
1 0.602667 0.278083 0.103067 0.0338167 0.00993333 0.00301667 0.000783333 0.000316667 5e-05 3.33333e-05 0 0 0 0 0 0 0 0 0 
1 0.602767 0.276417 0.105067 0.03345 0.0102667 0.00276667 0.000766667 0.000283333 0.000116667 1.66667e-05 4.12226e-17 0 0 0 0 0 0 0 0 
1 0.595633 0.275783 0.107067 0.0353333 0.0103 0.00301667 0.0009 0.000233333 0.000133333 1.66667e-05 1.66667e-05 0 0 0 0 0 0 0 0 
1 0.601767 0.276817 0.10395 0.0352667 0.0106667 0.00323333 0.000883333 0.000166667 1.66667e-05 0 0 0 0 0 0 0 0 0 0 
1 0.6007 0.2766 0.101717 0.03325 0.00996667 0.0025 0.0006 0.000133333 6.66667e-05 5e-05 1.66667e-05 0 0 0 0 0 0 0 0 
1 0.60335 0.277567 0.1053 0.03395 0.00976667 0.00256667 0.000766667 0.000266667 8.33333e-05 3.33333e-05 3.33333e-05 1.66667e-05 0 0 0 0 0 0 0 
1 0.6012 0.278 0.105333 0.03335 0.01 0.00276667 0.000666667 0.00015 5e-05 1.66667e-05 0 0 0 0 0 0 0 0 0 
1 0.598567 0.27685 0.103633 0.0333833 0.0100167 0.003 0.000866667 0.000233333 1.66667e-05 0 0 0 0 0 0 0 0 0 0 
1 0.6002 0.278267 0.104267 0.03445 0.00991667 0.00281667 0.00075 0.000166667 5e-05 0 0 0 0 0 0 0 0 0 0 
1 0.6013 0.275383 0.1035 0.0354667 0.0104833 0.00326667 0.0011 0.000266667 0.0001 0 0 0 0 0 0 0 0 0 0 
1 0.600983 0.276917 0.103567 0.0340667 0.0100833 0.00336667 0.00105 0.000266667 3.33333e-05 1.66667e-05 0 0 0 0 0 0 0 0 0 
1 0.6008 0.278767 0.104083 0.033 0.00948333 0.00238333 0.000466667 0.0001 1.66667e-05 3.6432e-17 0 0 0 0 0 0 0 0 0 
1 0.600117 0.27825 0.104333 0.0343 0.0101 0.0028 0.00075 0.00015 1.66667e-05 0 0 0 0 0 0 0 0 0 0 
1 0.599917 0.275083 0.10175 0.0349667 0.01075 0.00318333 0.000933333 0.000166667 5e-05 1.66667e-05 0 0 0 0 0 0 0 0 0 
1 0.601933 0.280383 0.105733 0.0343667 0.0109333 0.00296667 0.00075 0.000283333 5e-05 0 0 0 0 0 0 0 0 0 0 
1 0.6034 0.2782 0.1046 0.03395 0.00995 0.00253333 0.000633333 0.000133333 3.33333e-05 0 0 0 0 0 0 0 0 0 0 
1 0.600117 0.2789 0.10515 0.03495 0.0104 0.00266667 0.000766667 0.000216667 3.33333e-05 0 0 0 0 0 0 0 0 0 0 
1 0.603083 0.275583 0.1023 0.0322 0.00885 0.0026 0.000783333 0.000233333 5e-05 5e-05 1.66667e-05 1.66667e-05 0 0 0 0 0 0 0 
1 0.6005 0.276467 0.10415 0.0331833 0.00948333 0.00256667 0.00055 0.000133333 5e-05 1.66667e-05 0 0 0 0 0 0 0 0 0 
1 0.6045 0.278617 0.1037 0.0328 0.00988333 0.00266667 0.000583333 0.000116667 3.33333e-05 1.66667e-05 1.66667e-05 0 0 0 0 0 0 0 0 
1 0.59835 0.27415 0.10335 0.0338 0.00963333 0.00263333 0.0007 0.000183333 0.0001 5e-05 0 0 0 0 0 0 0 0 0 
1 0.6003 0.27575 0.103483 0.0343 0.00976667 0.00256667 0.000866667 0.00025 6.66667e-05 0 0 0 0 0 0 0 0 0 0 
1 0.5975 0.27715 0.10425 0.0346333 0.0102833 0.00261667 0.0008 0.0002 5e-05 1.66667e-05 0 0 0 0 0 0 0 0 0 
1 0.599167 0.27645 0.101333 0.0328333 0.00975 0.00283333 0.000783333 0.000183333 5e-05 0 0 0 0 0 0 0 0 0 0 
1 0.6006 0.2777 0.105033 0.0341167 0.0105833 0.0029 0.000733333 0.000183333 1.66667e-05 0 0 0 0 0 0 0 0 0 0 
1 0.602167 0.275267 0.104783 0.03495 0.0108333 0.00283333 0.000866667 0.00025 6.66667e-05 0 0 0 0 0 0 0 0 0 0 
1 0.59995 0.279167 0.106483 0.0346667 0.01055 0.00293333 0.000733333 0.000166667 3.33333e-05 0 0 0 0 0 0 0 0 0 0 
1 0.59735 0.279033 0.104883 0.0350167 0.0107667 0.00288333 0.0007 0.000166667 6.66667e-05 0 0 0 0 0 0 0 0 0 0 
1 0.601733 0.279217 0.104983 0.0344833 0.0102833 0.0031 0.000916667 0.000233333 3.33333e-05 1.66667e-05 0 0 0 0 0 0 0 0 0 
1 0.602767 0.278867 0.1053 0.0357833 0.0104 0.00291667 0.000716667 0.00025 0.0001 6.66667e-05 3.33333e-05 0 0 0 0 0 0 0 0 
1 0.599033 0.2713 0.101567 0.0339833 0.0107667 0.00325 0.00106667 0.000266667 6.66667e-05 1.66667e-05 0 0 0 0 0 0 0 0 0 
1 0.60025 0.2755 0.1046 0.0351 0.0107333 0.00296667 0.000566667 0.0001 1.66667e-05 0 0 0 0 0 0 0 0 0 0 
1 0.599217 0.276333 0.10355 0.0334833 0.0097 0.00226667 0.0008 0.000216667 5e-05 1.66667e-05 0 0 0 0 0 0 0 0 0 
1 0.600283 0.274333 0.102817 0.0335333 0.0104667 0.00286667 0.000716667 0.000133333 1.66667e-05 0 0 0 0 0 0 0 0 0 0 
1 0.603917 0.27585 0.1038 0.0336 0.0101 0.00286667 0.000783333 0.000183333 5e-05 0 0 0 0 0 0 0 0 0 0 
1 0.59825 0.27345 0.10315 0.0339667 0.0107333 0.00255 0.000633333 0.000166667 3.33333e-05 0 0 0 0 0 0 0 0 0 0 
1 0.600383 0.278583 0.106183 0.03515 0.0103667 0.00286667 0.000816667 0.0003 6.66667e-05 3.33333e-05 0 0 0 0 0 0 0 0 0 
1 0.596133 0.276267 0.103667 0.0341333 0.0106667 0.00296667 0.00065 0.000216667 6.66667e-05 0 0 0 0 0 0 0 0 0 0 
1 0.6 0.276683 0.106067 0.0356833 0.0111833 0.0029 0.000833333 0.000183333 3.33333e-05 1.66667e-05 0 0 0 0 0 0 0 0 0 
1 0.5997 0.2747 0.100983 0.0326167 0.00946667 0.00241667 0.000633333 0.0002 3.33333e-05 3.33333e-05 0 0 0 0 0 0 0 0 0 
1 0.599017 0.273267 0.103183 0.0332333 0.0098 0.00268333 0.000816667 0.00015 1.66667e-05 0 0 0 0 0 0 0 0 0 0 
1 0.6012 0.277883 0.105083 0.0342 0.0105167 0.00276667 0.0006 0.000333333 0.000133333 3.33333e-05 3.33333e-05 1.66667e-05 0 0 0 0 0 0 0 
1 0.598517 0.275133 0.102783 0.0343167 0.0102667 0.00298333 0.000816667 0.0002 6.66667e-05 0 0 0 0 0 0 0 0 0 0 
1 0.59865 0.2774 0.104717 0.0343667 0.0100833 0.00303333 0.0008 0.0002 5e-05 3.33333e-05 1.66667e-05 0 0 0 0 0 0 0 0 
1 0.600983 0.27915 0.1063 0.03355 0.00935 0.0025 0.0007 0.000116667 3.33333e-05 0 0 0 0 0 0 0 0 0 0 
1 0.601433 0.279933 0.103583 0.0335333 0.0101667 0.00273333 0.00055 0.000166667 3.33333e-05 0 0 0 0 0 0 0 0 0 0 
1 0.598183 0.274383 0.1007 0.0335333 0.0104167 0.0029 0.000783333 0.00025 8.33333e-05 1.66667e-05 0 0 0 0 0 0 0 0 0 
1 0.603167 0.278833 0.106367 0.0356333 0.0108333 0.00341667 0.00105 0.0002 5e-05 0 0 0 0 0 0 0 0 0 0 
1 0.598033 0.27655 0.10435 0.0337 0.0106833 0.00308333 0.00106667 0.000216667 1.66667e-05 2.77667e-17 0 0 0 0 0 0 0 0 0 
1 0.600617 0.276883 0.105067 0.0344667 0.0101 0.00258333 0.000633333 0.000183333 1.66667e-05 1.66667e-05 0 0 0 0 0 0 0 0 0 
1 0.598817 0.277367 0.104683 0.0342167 0.0107667 0.00323333 0.000866667 0.000166667 6.66667e-05 1.66667e-05 0 0 0 0 0 0 0 0 0 
1 0.5997 0.274533 0.103917 0.0338 0.00983333 0.00261667 0.00075 0.000266667 5e-05 3.33333e-05 0 0 0 0 0 0 0 0 0 
1 0.602733 0.279183 0.104133 0.0338167 0.0101833 0.00303333 0.000933333 0.000283333 3.33333e-05 1.66667e-05 0 0 0 0 0 0 0 0 0 
1 0.602733 0.274917 0.10375 0.03325 0.00896667 0.0022 0.000583333 0.000183333 3.33333e-05 1.66667e-05 0 0 0 0 0 0 0 0 0 
1 0.604283 0.280817 0.105733 0.0343833 0.00995 0.00296667 0.0007 0.000183333 3.33333e-05 1.66667e-05 0 0 0 0 0 0 0 0 0 
1 0.60045 0.27785 0.105167 0.0337833 0.01005 0.00266667 0.000733333 0.000266667 8.33333e-05 1.66667e-05 1.66667e-05 1.66667e-05 1.66667e-05 0 0 0 0 0 0 
1 0.599333 0.2802 0.10555 0.0348667 0.01115 0.0034 0.000916667 0.000366667 0.0001 0 0 0 0 0 0 0 0 0 0 
1 0.601633 0.277933 0.104 0.0335667 0.00963333 0.00265 0.000683333 0.000183333 3.33333e-05 0 0 0 0 0 0 0 0 0 0 
1 0.602217 0.277667 0.10505 0.03355 0.0094 0.00268333 0.000683333 0.00025 5e-05 0 0 0 0 0 0 0 0 0 0 
1 0.60125 0.27795 0.104133 0.03455 0.0107667 0.003 0.000683333 0.0001 1.66667e-05 0 0 0 0 0 0 0 0 0 0 
1 0.5996 0.275933 0.1028 0.0336 0.00991667 0.00278333 0.00075 0.000183333 5e-05 1.66667e-05 0 0 0 0 0 0 0 0 0 
1 0.599133 0.27735 0.105417 0.0343667 0.00993333 0.00271667 0.00075 0.000233333 6.66667e-05 1.66667e-05 0 0 0 0 0 0 0 0 0 
1 0.601383 0.277583 0.10375 0.03345 0.0099 0.00288333 0.000633333 8.33333e-05 0 0 0 0 0 0 0 0 0 0 0 
1 0.594567 0.276233 0.1064 0.0364833 0.0121833 0.00305 0.00105 0.000283333 0 0 0 0 0 0 0 0 0 0 0 
1 0.604017 0.280117 0.106567 0.0362667 0.0109 0.00338333 0.00075 0.000116667 5e-05 0 0 0 0 0 0 0 0 0 0 
1 0.596317 0.271 0.1014 0.0325833 0.00941667 0.00258333 0.00055 0.000116667 1.66667e-05 0 0 0 0 0 0 0 0 0 0 
1 0.604283 0.27665 0.10635 0.0342667 0.0109 0.0028 0.000633333 0.00025 6.66667e-05 5e-05 0 0 0 0 0 0 0 0 0 
1 0.599583 0.276833 0.10385 0.03355 0.0102667 0.00261667 0.000716667 0.000166667 3.33333e-05 1.66667e-05 0 0 0 0 0 0 0 0 0 
1 0.600717 0.277667 0.1038 0.0334167 0.00983333 0.00306667 0.000916667 0.000316667 0 0 0 0 0 0 0 0 0 0 0 
1 0.60275 0.2816 0.1065 0.0348167 0.0102667 0.00248333 0.000783333 0.00015 1.66667e-05 1.66667e-05 1.66667e-05 0 0 0 0 0 0 0 0 
1 0.60065 0.277367 0.104067 0.0340333 0.00948333 0.00243333 0.000583333 0.000166667 8.33333e-05 0 0 0 0 0 0 0 0 0 0 
1 0.600783 0.276217 0.103733 0.0338833 0.0104833 0.00293333 0.000783333 0.0002 5e-05 3.33333e-05 1.66667e-05 1.66667e-05 0 0 0 0 0 0 0 
1 0.601733 0.277033 0.104383 0.03485 0.0103333 0.00291667 0.000766667 0.000116667 1.66667e-05 0 0 0 0 0 0 0 0 0 0 
1 0.598567 0.276067 0.103 0.03405 0.00991667 0.00278333 0.000666667 0.00015 0 0 0 0 0 0 0 0 0 0 0 
1 0.601167 0.2801 0.107017 0.0347333 0.0103833 0.00333333 0.0009 0.0003 6.66667e-05 3.33333e-05 0 0 0 0 0 0 0 0 0 
