1 0.599804 0.216994 0.0293268 0.00064375 2.5e-06 0 0 0 0 0 0 0 0 0 0 0 0 0 0 
1 0.599641 0.216531 0.0290103 0.00073425 5.75e-06 0 0 0 0 0 0 0 0 0 0 0 0 0 0 
1 0.600029 0.216968 0.0294525 0.00071025 4e-06 0 0 0 0 0 0 0 0 0 0 0 0 0 0 
1 0.600656 0.218103 0.0297325 0.00070375 2.75e-06 0 0 0 0 0 0 0 0 0 0 0 0 0 0 
1 0.600089 0.216825 0.0292413 0.00066275 3.75e-06 0 0 0 0 0 0 0 0 0 0 0 0 0 0 
1 0.60052 0.218078 0.0299673 0.000762 2e-06 0 0 0 0 0 0 0 0 0 0 0 0 0 0 
1 0.598391 0.215488 0.0289333 0.00068625 2e-06 0 0 0 0 0 0 0 0 0 0 0 0 0 0 
1 0.601034 0.217954 0.0295825 0.00063175 1.25e-06 0 0 0 0 0 0 0 0 0 0 0 0 0 0 
1 0.601243 0.218268 0.0292418 0.0006675 5e-07 0 0 0 0 0 0 0 0 0 0 0 0 0 0 
1 0.59949 0.216652 0.0291055 0.000623 2.25e-06 0 0 0 0 0 0 0 0 0 0 0 0 0 0 
1 0.601114 0.218907 0.0297693 0.00062425 7.5e-07 0 0 0 0 0 0 0 0 0 0 0 0 0 0 
1 0.600843 0.217748 0.0291745 0.00067575 4.75e-06 0 0 0 0 0 0 0 0 0 0 0 0 0 0 
1 0.598762 0.216225 0.028841 0.000636 1e-06 0 0 0 0 0 0 0 0 0 0 0 0 0 0 
1 0.600328 0.217818 0.0294808 0.00065725 1.75e-06 0 0 0 0 0 0 0 0 0 0 0 0 0 0 
1 0.59983 0.216803 0.029167 0.00063975 7.5e-07 0 0 0 0 0 0 0 0 0 0 0 0 0 0 
1 0.599159 0.216008 0.0292473 0.0006375 5e-07 0 0 0 0 0 0 0 0 0 0 0 0 0 0 
1 0.599739 0.21721 0.0294533 0.000645 0 0 0 0 0 0 0 0 0 0 0 0 0 0 0 
1 0.600449 0.217518 0.0295298 0.0006605 1e-06 0 0 0 0 0 0 0 0 0 0 0 0 0 0 
1 0.600331 0.217247 0.0293675 0.000682 1e-06 0 0 0 0 0 0 0 0 0 0 0 0 0 0 
1 0.599641 0.218041 0.029892 0.00073375 7.5e-07 0 0 0 0 0 0 0 0 0 0 0 0 0 0 
1 0.600816 0.217634 0.0295528 0.0006735 2.5e-07 0 0 0 0 0 0 0 0 0 0 0 0 0 0 
1 0.600504 0.217085 0.0293638 0.00066975 5e-07 0 0 0 0 0 0 0 0 0 0 0 0 0 0 
1 0.601582 0.218262 0.0294143 0.00065275 3.25e-06 0 0 0 0 0 0 0 0 0 0 0 0 0 0 
1 0.601973 0.2189 0.029316 0.0006645 4.5e-06 0 0 0 0 0 0 0 0 0 0 0 0 0 0 
1 0.601021 0.217137 0.029217 0.00064975 4e-06 0 0 0 0 0 0 0 0 0 0 0 0 0 0 
1 0.601389 0.218588 0.0297275 0.00066875 0 0 0 0 0 0 0 0 0 0 0 0 0 0 0 
1 0.600829 0.218185 0.0295908 0.00070675 4.75e-06 0 0 0 0 0 0 0 0 0 0 0 0 0 0 
1 0.599509 0.216318 0.0287945 0.00062525 6.75e-06 0 0 0 0 0 0 0 0 0 0 0 0 0 0 
1 0.599272 0.216958 0.02896 0.00065325 2.5e-07 0 0 0 0 0 0 0 0 0 0 0 0 0 0 
1 0.599072 0.216187 0.02889 0.0006545 1.25e-06 0 0 0 0 0 0 0 0 0 0 0 0 0 0 
1 0.600141 0.217128 0.0294653 0.00062225 5.25e-06 0 0 0 0 0 0 0 0 0 0 0 0 0 0 
1 0.600917 0.217744 0.0295675 0.00068725 1.75e-06 0 0 0 0 0 0 0 0 0 0 0 0 0 0 
1 0.599276 0.216722 0.0290723 0.00067925 0 0 0 0 0 0 0 0 0 0 0 0 0 0 0 
1 0.600378 0.216975 0.029044 0.0006595 1e-06 0 0 0 0 0 0 0 0 0 0 0 0 0 0 
1 0.601315 0.217963 0.0293578 0.00067975 1.5e-06 0 0 0 0 0 0 0 0 0 0 0 0 0 0 
1 0.599006 0.21625 0.0287663 0.00062075 4e-06 0 0 0 0 0 0 0 0 0 0 0 0 0 0 
1 0.599892 0.217389 0.0297528 0.00064925 1e-06 0 0 0 0 0 0 0 0 0 0 0 0 0 0 
1 0.601539 0.218603 0.0296803 0.00071825 2.5e-07 0 0 0 0 0 0 0 0 0 0 0 0 0 0 
1 0.599771 0.216827 0.029248 0.00061525 5.25e-06 0 0 0 0 0 0 0 0 0 0 0 0 0 0 
1 0.600911 0.218608 0.029939 0.0006745 7.5e-07 0 0 0 0 0 0 0 0 0 0 0 0 0 0 
1 0.599773 0.216467 0.0289745 0.00064375 7.5e-06 0 0 0 0 0 0 0 0 0 0 0 0 0 0 
1 0.600255 0.217977 0.0296505 0.000693 3.25e-06 0 0 0 0 0 0 0 0 0 0 0 0 0 0 
1 0.60021 0.216998 0.0290243 0.00064925 6.75e-06 0 0 0 0 0 0 0 0 0 0 0 0 0 0 
1 0.601104 0.218141 0.029718 0.000682 2.25e-06 0 0 0 0 0 0 0 0 0 0 0 0 0 0 
1 0.600314 0.217581 0.0293745 0.000618 1e-06 0 0 0 0 0 0 0 0 0 0 0 0 0 0 
1 0.599639 0.217008 0.029213 0.000589 2e-06 0 0 0 0 0 0 0 0 0 0 0 0 0 0 
1 0.598798 0.216612 0.0291133 0.0006635 0 0 0 0 0 0 0 0 0 0 0 0 0 0 0 
1 0.60106 0.21784 0.029534 0.00060975 2.25e-06 0 0 0 0 0 0 0 0 0 0 0 0 0 0 
1 0.598432 0.215294 0.0282135 0.00060125 2.5e-07 0 0 0 0 0 0 0 0 0 0 0 0 0 0 
1 0.600189 0.216835 0.0293958 0.0006015 1e-06 0 0 0 0 0 0 0 0 0 0 0 0 0 0 
1 0.600005 0.217577 0.0297028 0.0006465 1.1e-05 0 0 0 0 0 0 0 0 0 0 0 0 0 0 
1 0.599554 0.215866 0.0288128 0.00061975 4.25e-06 0 0 0 0 0 0 0 0 0 0 0 0 0 0 
1 0.601155 0.21771 0.0296338 0.00061875 1e-06 0 0 0 0 0 0 0 0 0 0 0 0 0 0 
1 0.600557 0.217519 0.029829 0.000728 5e-06 0 0 0 0 0 0 0 0 0 0 0 0 0 0 
1 0.599941 0.216898 0.029265 0.00069025 5e-07 0 0 0 0 0 0 0 0 0 0 0 0 0 0 
1 0.599692 0.215951 0.0284848 0.0006275 1.5e-06 0 0 0 0 0 0 0 0 0 0 0 0 0 0 
1 0.599406 0.216928 0.0292453 0.000694 2.5e-07 0 0 0 0 0 0 0 0 0 0 0 0 0 0 
1 0.59961 0.216511 0.0289353 0.00065175 3.25e-06 0 0 0 0 0 0 0 0 0 0 0 0 0 0 
1 0.60021 0.21648 0.0291993 0.0006495 3.25e-06 0 0 0 0 0 0 0 0 0 0 0 0 0 0 
1 0.600968 0.21833 0.02955 0.00066575 2.5e-06 0 0 0 0 0 0 0 0 0 0 0 0 0 0 
1 0.598962 0.216648 0.029182 0.00064475 2.25e-06 0 0 0 0 0 0 0 0 0 0 0 0 0 0 
1 0.599383 0.21599 0.0288835 0.00067 4.5e-06 0 0 0 0 0 0 0 0 0 0 0 0 0 0 
1 0.599701 0.216937 0.0293505 0.00067675 2.75e-06 0 0 0 0 0 0 0 0 0 0 0 0 0 0 
1 0.59872 0.214922 0.0284775 0.00061125 2.5e-06 0 0 0 0 0 0 0 0 0 0 0 0 0 0 
1 0.600862 0.217762 0.0290763 0.00062675 2.5e-07 0 0 0 0 0 0 0 0 0 0 0 0 0 0 
1 0.6014 0.218579 0.0297558 0.0007285 1e-06 0 0 0 0 0 0 0 0 0 0 0 0 0 0 
1 0.59939 0.216169 0.0290643 0.0006765 3.25e-06 0 0 0 0 0 0 0 0 0 0 0 0 0 0 
1 0.598122 0.214952 0.02859 0.000649 2.75e-06 0 0 0 0 0 0 0 0 0 0 0 0 0 0 
1 0.60026 0.217537 0.0295123 0.000644 5e-07 0 0 0 0 0 0 0 0 0 0 0 0 0 0 
1 0.599628 0.215671 0.0286153 0.00062475 1.75e-06 0 0 0 0 0 0 0 0 0 0 0 0 0 0 
1 0.601803 0.219338 0.0296783 0.00064425 2.75e-06 0 0 0 0 0 0 0 0 0 0 0 0 0 0 
1 0.599938 0.217112 0.02939 0.00059475 2.5e-06 1e-06 0 0 0 0 0 0 0 0 0 0 0 0 0 
1 0.600627 0.217429 0.029227 0.000605 1e-06 0 0 0 0 0 0 0 0 0 0 0 0 0 0 
1 0.599128 0.215916 0.0288598 0.00065375 2.75e-06 0 0 0 0 0 0 0 0 0 0 0 0 0 0 
1 0.598298 0.215454 0.0287118 0.00064525 1.5e-06 0 0 0 0 0 0 0 0 0 0 0 0 0 0 
1 0.599434 0.216421 0.0293453 0.00068425 3e-06 0 0 0 0 0 0 0 0 0 0 0 0 0 0 
1 0.601317 0.21761 0.029193 0.0006755 1e-06 0 0 0 0 0 0 0 0 0 0 0 0 0 0 
1 0.601975 0.21865 0.0295288 0.00064575 1.25e-06 0 0 0 0 0 0 0 0 0 0 0 0 0 0 
1 0.60032 0.218061 0.0297765 0.000664 2e-06 0 0 0 0 0 0 0 0 0 0 0 0 0 0 
1 0.597065 0.214039 0.0283943 0.00062025 2.25e-06 0 0 0 0 0 0 0 0 0 0 0 0 0 0 
1 0.600762 0.218391 0.0297515 0.00064875 3e-06 0 0 0 0 0 0 0 0 0 0 0 0 0 0 
1 0.599503 0.216957 0.0293443 0.000675 7.5e-07 0 0 0 0 0 0 0 0 0 0 0 0 0 0 
1 0.600892 0.217513 0.0293978 0.00066425 6.25e-06 0 0 0 0 0 0 0 0 0 0 0 0 0 0 
1 0.601036 0.217958 0.0296665 0.000688 2.75e-06 0 0 0 0 0 0 0 0 0 0 0 0 0 0 
1 0.601298 0.218474 0.029295 0.000653 4.25e-06 0 0 0 0 0 0 0 0 0 0 0 0 0 0 
1 0.600483 0.217429 0.0289165 0.000707 3.25e-06 0 0 0 0 0 0 0 0 0 0 0 0 0 0 
1 0.598632 0.215195 0.028359 0.000669 5e-07 0 0 0 0 0 0 0 0 0 0 0 0 0 0 
1 0.601724 0.218407 0.0298693 0.00067 1.75e-06 0 0 0 0 0 0 0 0 0 0 0 0 0 0 
1 0.599117 0.216765 0.0290803 0.000661 0 0 0 0 0 0 0 0 0 0 0 0 0 0 0 
1 0.599927 0.2165 0.0294038 0.0006145 3e-06 0 0 0 0 0 0 0 0 0 0 0 0 0 0 
1 0.600222 0.217445 0.0292003 0.00064425 1.5e-06 0 0 0 0 0 0 0 0 0 0 0 0 0 0 
1 0.599481 0.216303 0.0291038 0.00068125 4.25e-06 0 0 0 0 0 0 0 0 0 0 0 0 0 0 
1 0.599415 0.216906 0.0294378 0.000695 3.5e-06 0 0 0 0 0 0 0 0 0 0 0 0 0 0 
1 0.599009 0.215567 0.0288073 0.00067725 2.25e-06 0 0 0 0 0 0 0 0 0 0 0 0 0 0 
1 0.598643 0.215916 0.0288378 0.000636 1.75e-06 0 0 0 0 0 0 0 0 0 0 0 0 0 0 
1 0.599461 0.216277 0.0291543 0.000618 5e-07 0 0 0 0 0 0 0 0 0 0 0 0 0 0 
1 0.6005 0.217706 0.0295703 0.00063625 3e-06 0 0 0 0 0 0 0 0 0 0 0 0 0 0 
1 0.599444 0.216393 0.0290918 0.00062125 2.75e-06 0 0 0 0 0 0 0 0 0 0 0 0 0 0 
1 0.599956 0.217419 0.02945 0.00069125 2.25e-06 0 0 0 0 0 0 0 0 0 0 0 0 0 0 
1 0.59886 0.215163 0.0288645 0.0006665 2.5e-06 0 0 0 0 0 0 0 0 0 0 0 0 0 0 
1 0.599038 0.215952 0.0290188 0.0006605 0 0 0 0 0 0 0 0 0 0 0 0 0 0 0 
1 0.60127 0.217795 0.029237 0.000626 1e-06 0 0 0 0 0 0 0 0 0 0 0 0 0 0 
1 0.599848 0.216898 0.0287765 0.00059975 3.5e-06 0 0 0 0 0 0 0 0 0 0 0 0 0 0 
1 0.600332 0.216941 0.0291395 0.00063375 1.25e-06 0 0 0 0 0 0 0 0 0 0 0 0 0 0 
1 0.600158 0.217615 0.0297285 0.00072725 1.3e-05 0 0 0 0 0 0 0 0 0 0 0 0 0 0 
1 0.600581 0.217888 0.0295785 0.00067525 1.75e-06 0 0 0 0 0 0 0 0 0 0 0 0 0 0 
1 0.601294 0.217734 0.0299135 0.00067 2.25e-06 0 0 0 0 0 0 0 0 0 0 0 0 0 0 
1 0.597745 0.214842 0.028528 0.0006305 1e-06 0 0 0 0 0 0 0 0 0 0 0 0 0 0 
1 0.601362 0.218601 0.0296048 0.0006055 2e-06 0 0 0 0 0 0 0 0 0 0 0 0 0 0 
1 0.600629 0.217467 0.029538 0.000717 4.5e-06 0 0 0 0 0 0 0 0 0 0 0 0 0 0 
1 0.599577 0.216588 0.0290008 0.00061975 4e-06 0 0 0 0 0 0 0 0 0 0 0 0 0 0 
1 0.600682 0.217637 0.0294713 0.0006635 2.25e-06 0 0 0 0 0 0 0 0 0 0 0 0 0 0 
1 0.600179 0.216817 0.0293958 0.00068425 5e-07 0 0 0 0 0 0 0 0 0 0 0 0 0 0 
1 0.598757 0.215352 0.0287153 0.00063975 3.5e-06 0 0 0 0 0 0 0 0 0 0 0 0 0 0 
1 0.600251 0.217649 0.0294558 0.00069275 3.75e-06 0 0 0 0 0 0 0 0 0 0 0 0 0 0 
1 0.599886 0.216687 0.0295693 0.00069875 0 0 0 0 0 0 0 0 0 0 0 0 0 0 0 
1 0.599737 0.216904 0.0293035 0.0006485 2e-06 0 0 0 0 0 0 0 0 0 0 0 0 0 0 
1 0.598883 0.216476 0.0288765 0.00062825 4.75e-06 0 0 0 0 0 0 0 0 0 0 0 0 0 0 
1 0.601075 0.218593 0.0297118 0.00063025 2.75e-06 0 0 0 0 0 0 0 0 0 0 0 0 0 0 
1 0.599135 0.216338 0.0290748 0.00067275 7.5e-07 0 0 0 0 0 0 0 0 0 0 0 0 0 0 
1 0.600518 0.217025 0.0290075 0.000629 2.25e-06 0 0 0 0 0 0 0 0 0 0 0 0 0 0 
1 0.600699 0.216935 0.0290763 0.000651 4.5e-06 0 0 0 0 0 0 0 0 0 0 0 0 0 0 
1 0.598644 0.215487 0.0288318 0.0006625 6.25e-06 0 0 0 0 0 0 0 0 0 0 0 0 0 0 
1 0.601823 0.218979 0.0298328 0.00068175 3.5e-06 0 0 0 0 0 0 0 0 0 0 0 0 0 0 
1 0.599784 0.216907 0.0294268 0.0006455 7.25e-06 0 0 0 0 0 0 0 0 0 0 0 0 0 0 
1 0.598585 0.214932 0.0283683 0.000565 1e-06 0 0 0 0 0 0 0 0 0 0 0 0 0 0 
1 0.598382 0.214719 0.028391 0.00056375 1e-06 0 0 0 0 0 0 0 0 0 0 0 0 0 0 
1 0.598724 0.21508 0.0287575 0.000609 3.25e-06 0 0 0 0 0 0 0 0 0 0 0 0 0 0 
1 0.600333 0.217339 0.0292833 0.0006505 0 0 0 0 0 0 0 0 0 0 0 0 0 0 0 
1 0.598509 0.216197 0.0291528 0.00068475 2.75e-06 0 0 0 0 0 0 0 0 0 0 0 0 0 0 
1 0.599849 0.216647 0.0288103 0.000592 7.5e-07 0 0 0 0 0 0 0 0 0 0 0 0 0 0 
1 0.599155 0.216624 0.0292593 0.00070825 3.5e-06 0 0 0 0 0 0 0 0 0 0 0 0 0 0 
1 0.601388 0.219455 0.030325 0.0007185 2.25e-06 0 0 0 0 0 0 0 0 0 0 0 0 0 0 
1 0.5994 0.216192 0.028921 0.0006155 1e-06 0 0 0 0 0 0 0 0 0 0 0 0 0 0 
1 0.601051 0.218692 0.0298358 0.00066325 1.5e-06 0 0 0 0 0 0 0 0 0 0 0 0 0 0 
1 0.598115 0.214976 0.0286108 0.000674 3.25e-06 0 0 0 0 0 0 0 0 0 0 0 0 0 0 
1 0.598518 0.215784 0.0289358 0.0005805 1.25e-06 0 0 0 0 0 0 0 0 0 0 0 0 0 0 
1 0.599447 0.216184 0.0290213 0.00061625 4e-06 0 0 0 0 0 0 0 0 0 0 0 0 0 0 
1 0.598669 0.215347 0.0283145 0.00066175 7.5e-07 0 0 0 0 0 0 0 0 0 0 0 0 0 0 
1 0.600183 0.216842 0.029248 0.000712 3.5e-06 0 0 0 0 0 0 0 0 0 0 0 0 0 0 
1 0.599444 0.216262 0.0289945 0.00064075 2e-06 0 0 0 0 0 0 0 0 0 0 0 0 0 0 
1 0.599917 0.2173 0.0296223 0.00072525 3.25e-06 0 0 0 0 0 0 0 0 0 0 0 0 0 0 
1 0.601676 0.218497 0.0294795 0.00063225 4.75e-06 0 0 0 0 0 0 0 0 0 0 0 0 0 0 
1 0.597808 0.214561 0.0284428 0.00064925 2.5e-07 0 0 0 0 0 0 0 0 0 0 0 0 0 0 
1 0.598747 0.216151 0.0288768 0.0005705 5e-07 0 0 0 0 0 0 0 0 0 0 0 0 0 0 
1 0.601155 0.217698 0.029107 0.00068 4.5e-06 0 0 0 0 0 0 0 0 0 0 0 0 0 0 
1 0.600502 0.218185 0.0295028 0.0006775 1e-06 0 0 0 0 0 0 0 0 0 0 0 0 0 0 
1 0.599464 0.217403 0.0295818 0.000692 7.5e-07 0 0 0 0 0 0 0 0 0 0 0 0 0 0 
1 0.598798 0.21542 0.0288185 0.00067125 1.5e-06 0 0 0 0 0 0 0 0 0 0 0 0 0 0 
1 0.600774 0.218019 0.0292498 0.00064675 7.5e-07 0 0 0 0 0 0 0 0 0 0 0 0 0 0 
1 0.601355 0.218667 0.0292638 0.00062925 3.75e-06 0 0 0 0 0 0 0 0 0 0 0 0 0 0 
1 0.59922 0.21645 0.0290628 0.00067125 5e-07 0 0 0 0 0 0 0 0 0 0 0 0 0 0 
1 0.601842 0.218969 0.029536 0.00069175 7.5e-07 0 0 0 0 0 0 0 0 0 0 0 0 0 0 
1 0.601207 0.218785 0.0295848 0.000627 2e-06 0 0 0 0 0 0 0 0 0 0 0 0 0 0 
1 0.601148 0.218587 0.029774 0.00071225 1.75e-06 0 0 0 0 0 0 0 0 0 0 0 0 0 0 
1 0.600317 0.217404 0.0292688 0.000633 3.25e-06 0 0 0 0 0 0 0 0 0 0 0 0 0 0 
1 0.599591 0.216425 0.0294103 0.000727 3e-06 0 0 0 0 0 0 0 0 0 0 0 0 0 0 
1 0.600053 0.217115 0.0291408 0.00063975 2.5e-07 0 0 0 0 0 0 0 0 0 0 0 0 0 0 
1 0.600958 0.217209 0.0289978 0.00062525 0 0 0 0 0 0 0 0 0 0 0 0 0 0 0 
1 0.599664 0.216443 0.0290713 0.00066 3.5e-06 0 0 0 0 0 0 0 0 0 0 0 0 0 0 
1 0.601918 0.219126 0.0297313 0.0006815 1.25e-06 0 0 0 0 0 0 0 0 0 0 0 0 0 0 
1 0.602328 0.220001 0.0303763 0.00067125 3.75e-06 0 0 0 0 0 0 0 0 0 0 0 0 0 0 
1 0.600609 0.217753 0.0293398 0.000677 3e-06 0 0 0 0 0 0 0 0 0 0 0 0 0 0 
1 0.60137 0.219057 0.029735 0.0006775 3e-06 0 0 0 0 0 0 0 0 0 0 0 0 0 0 
1 0.59936 0.216233 0.0293615 0.0006975 0 0 0 0 0 0 0 0 0 0 0 0 0 0 0 
1 0.601754 0.219131 0.0303455 0.00072675 1e-05 0 0 0 0 0 0 0 0 0 0 0 0 0 0 
1 0.600565 0.217243 0.0292355 0.00066525 2e-06 0 0 0 0 0 0 0 0 0 0 0 0 0 0 
1 0.599307 0.216154 0.0290525 0.00063675 2e-06 0 0 0 0 0 0 0 0 0 0 0 0 0 0 
1 0.599649 0.217548 0.02955 0.000725 5e-07 0 0 0 0 0 0 0 0 0 0 0 0 0 0 
1 0.599607 0.217318 0.0295675 0.0007255 2.25e-06 0 0 0 0 0 0 0 0 0 0 0 0 0 0 
1 0.599917 0.217032 0.0292395 0.00061925 6.25e-06 0 0 0 0 0 0 0 0 0 0 0 0 0 0 
1 0.599994 0.21802 0.0294828 0.0006645 4.75e-06 0 0 0 0 0 0 0 0 0 0 0 0 0 0 
1 0.600271 0.217252 0.0289313 0.00066375 5e-07 0 0 0 0 0 0 0 0 0 0 0 0 0 0 
1 0.599838 0.216754 0.029273 0.0006475 2.75e-06 0 0 0 0 0 0 0 0 0 0 0 0 0 0 
1 0.599174 0.216272 0.0291173 0.000664 2e-06 0 0 0 0 0 0 0 0 0 0 0 0 0 0 
1 0.599834 0.217455 0.0296255 0.00067625 4e-06 0 0 0 0 0 0 0 0 0 0 0 0 0 0 
1 0.600681 0.217512 0.0295098 0.00073675 2e-06 0 0 0 0 0 0 0 0 0 0 0 0 0 0 
1 0.601148 0.218038 0.029647 0.000696 2.75e-06 0 0 0 0 0 0 0 0 0 0 0 0 0 0 
1 0.599416 0.216009 0.0287285 0.00064 2e-06 0 0 0 0 0 0 0 0 0 0 0 0 0 0 
1 0.600931 0.219138 0.030377 0.00068975 4.75e-06 0 0 0 0 0 0 0 0 0 0 0 0 0 0 
1 0.60012 0.217073 0.0291993 0.0006155 2.5e-06 0 0 0 0 0 0 0 0 0 0 0 0 0 0 
1 0.598298 0.215698 0.0285815 0.00065225 4e-06 0 0 0 0 0 0 0 0 0 0 0 0 0 0 
1 0.598727 0.216495 0.0291143 0.00062225 1.5e-06 0 0 0 0 0 0 0 0 0 0 0 0 0 0 
1 0.597706 0.214543 0.0281398 0.00056075 1.75e-06 0 0 0 0 0 0 0 0 0 0 0 0 0 0 
1 0.599381 0.215656 0.0288195 0.000611 3.25e-06 0 0 0 0 0 0 0 0 0 0 0 0 0 0 
1 0.600163 0.217252 0.029237 0.00067 1.25e-06 0 0 0 0 0 0 0 0 0 0 0 0 0 0 
1 0.599576 0.216578 0.0291718 0.00070425 7.5e-07 0 0 0 0 0 0 0 0 0 0 0 0 0 0 
1 0.600882 0.217903 0.029291 0.0006645 5e-07 0 0 0 0 0 0 0 0 0 0 0 0 0 0 
1 0.599431 0.216691 0.029284 0.000681 2.75e-06 0 0 0 0 0 0 0 0 0 0 0 0 0 0 
1 0.599874 0.217187 0.0291945 0.0006745 2e-06 0 0 0 0 0 0 0 0 0 0 0 0 0 0 
1 0.600927 0.217982 0.0296343 0.00066875 2.5e-07 0 0 0 0 0 0 0 0 0 0 0 0 0 0 
1 0.601236 0.218524 0.0295475 0.0006615 5e-06 0 0 0 0 0 0 0 0 0 0 0 0 0 0 
1 0.600157 0.216758 0.0292973 0.00060825 1.5e-06 0 0 0 0 0 0 0 0 0 0 0 0 0 0 
1 0.59888 0.216666 0.0291223 0.00065175 5e-07 0 0 0 0 0 0 0 0 0 0 0 0 0 0 
1 0.599264 0.216194 0.028747 0.00064075 2.5e-06 0 0 0 0 0 0 0 0 0 0 0 0 0 0 
1 0.598675 0.214699 0.0279135 0.00057375 2.75e-06 0 0 0 0 0 0 0 0 0 0 0 0 0 0 
1 0.598521 0.215204 0.0287855 0.000615 1e-06 0 0 0 0 0 0 0 0 0 0 0 0 0 0 
1 0.59958 0.216687 0.0290298 0.0006395 4e-06 0 0 0 0 0 0 0 0 0 0 0 0 0 0 
1 0.599792 0.21625 0.0292198 0.00068425 5.5e-06 0 0 0 0 0 0 0 0 0 0 0 0 0 0 
1 0.599273 0.215688 0.028568 0.0006685 2.5e-07 0 0 0 0 0 0 0 0 0 0 0 0 0 0 
1 0.600739 0.217766 0.0297523 0.0006775 6.5e-06 0 0 0 0 0 0 0 0 0 0 0 0 0 0 
1 0.599848 0.216809 0.029072 0.00065975 2.25e-06 0 0 0 0 0 0 0 0 0 0 0 0 0 0 
1 0.600001 0.216824 0.029662 0.00070925 2.5e-06 0 0 0 0 0 0 0 0 0 0 0 0 0 0 
1 0.598377 0.215681 0.0286618 0.00063875 2.5e-07 0 0 0 0 0 0 0 0 0 0 0 0 0 0 
1 0.600859 0.218384 0.0295533 0.00067275 5e-07 0 0 0 0 0 0 0 0 0 0 0 0 0 0 
1 0.600078 0.216909 0.029141 0.000647 7.5e-07 0 0 0 0 0 0 0 0 0 0 0 0 0 0 
1 0.600371 0.217057 0.0294033 0.00069025 5e-07 0 0 0 0 0 0 0 0 0 0 0 0 0 0 
1 0.600073 0.217561 0.0295985 0.00071675 8.5e-06 0 0 0 0 0 0 0 0 0 0 0 0 0 0 
1 0.598052 0.215183 0.0285948 0.000651 3.5e-06 0 0 0 0 0 0 0 0 0 0 0 0 0 0 
1 0.59973 0.216369 0.02929 0.0006365 0 0 0 0 0 0 0 0 0 0 0 0 0 0 0 
1 0.599684 0.217102 0.029037 0.000623 1.75e-06 0 0 0 0 0 0 0 0 0 0 0 0 0 0 
1 0.598645 0.215186 0.028596 0.00064225 4.75e-06 0 0 0 0 0 0 0 0 0 0 0 0 0 0 
1 0.600429 0.2178 0.0292478 0.00066625 3.75e-06 0 0 0 0 0 0 0 0 0 0 0 0 0 0 
1 0.599437 0.215234 0.0285108 0.000666 1.75e-06 0 0 0 0 0 0 0 0 0 0 0 0 0 0 
1 0.600915 0.217949 0.029419 0.00062925 1.75e-06 0 0 0 0 0 0 0 0 0 0 0 0 0 0 
1 0.599951 0.216979 0.0293468 0.000653 2.5e-06 0 0 0 0 0 0 0 0 0 0 0 0 0 0 
1 0.600147 0.217161 0.0292588 0.0006345 2.75e-06 0 0 0 0 0 0 0 0 0 0 0 0 0 0 
1 0.598455 0.214323 0.0281933 0.000564 5.75e-06 0 0 0 0 0 0 0 0 0 0 0 0 0 0 
1 0.600977 0.218394 0.0293785 0.000646 0 0 0 0 0 0 0 0 0 0 0 0 0 0 0 
1 0.599527 0.217223 0.0295745 0.00068025 1.75e-06 0 0 0 0 0 0 0 0 0 0 0 0 0 0 
1 0.598844 0.215995 0.028688 0.0006545 2.75e-06 0 0 0 0 0 0 0 0 0 0 0 0 0 0 
1 0.601938 0.218975 0.0300613 0.00069025 3.25e-06 0 0 0 0 0 0 0 0 0 0 0 0 0 0 
1 0.601148 0.21782 0.029409 0.00067275 4.75e-06 0 0 0 0 0 0 0 0 0 0 0 0 0 0 
1 0.599618 0.216682 0.0289405 0.0006475 3.5e-06 1.25e-06 0 0 0 0 0 0 0 0 0 0 0 0 0 
1 0.597309 0.214184 0.028403 0.00055725 2.5e-07 0 0 0 0 0 0 0 0 0 0 0 0 0 0 
1 0.601432 0.218756 0.029432 0.000649 2.25e-06 0 0 0 0 0 0 0 0 0 0 0 0 0 0 
1 0.598652 0.215472 0.0282625 0.000617 2.75e-06 0 0 0 0 0 0 0 0 0 0 0 0 0 0 
1 0.598897 0.216051 0.0289443 0.00061825 3.5e-06 0 0 0 0 0 0 0 0 0 0 0 0 0 0 
1 0.599331 0.21732 0.0295765 0.000627 1.5e-06 0 0 0 0 0 0 0 0 0 0 0 0 0 0 
1 0.59928 0.216257 0.0289983 0.000665 2.75e-06 0 0 0 0 0 0 0 0 0 0 0 0 0 0 
1 0.600579 0.217111 0.029101 0.00065475 4.5e-06 0 0 0 0 0 0 0 0 0 0 0 0 0 0 
1 0.598566 0.214727 0.0285485 0.00059325 8.5e-06 0 0 0 0 0 0 0 0 0 0 0 0 0 0 
1 0.59922 0.216406 0.0290515 0.000644 3.5e-06 0 0 0 0 0 0 0 0 0 0 0 0 0 0 
1 0.599171 0.216071 0.029181 0.00065225 7.5e-07 0 0 0 0 0 0 0 0 0 0 0 0 0 0 
1 0.599412 0.216959 0.0292663 0.000608 2e-06 0 0 0 0 0 0 0 0 0 0 0 0 0 0 
1 0.600436 0.216855 0.0290705 0.00061 6.75e-06 0 0 0 0 0 0 0 0 0 0 0 0 0 0 
1 0.598244 0.215007 0.0286288 0.00065925 3.25e-06 0 0 0 0 0 0 0 0 0 0 0 0 0 0 
1 0.600176 0.21759 0.029282 0.0006975 4.25e-06 0 0 0 0 0 0 0 0 0 0 0 0 0 0 
1 0.600233 0.216528 0.0290293 0.00064075 2.5e-07 0 0 0 0 0 0 0 0 0 0 0 0 0 0 
1 0.600062 0.215945 0.0287033 0.00062975 3.75e-06 0 0 0 0 0 0 0 0 0 0 0 0 0 0 
1 0.598168 0.21603 0.029005 0.00062625 2.75e-06 0 0 0 0 0 0 0 0 0 0 0 0 0 0 
1 0.598993 0.216179 0.0292433 0.00071325 2e-06 0 0 0 0 0 0 0 0 0 0 0 0 0 0 
1 0.6009 0.217992 0.029719 0.0006915 5e-06 0 0 0 0 0 0 0 0 0 0 0 0 0 0 
1 0.600283 0.217814 0.029807 0.000659 3e-06 2.5e-07 0 0 0 0 0 0 0 0 0 0 0 0 0 
1 0.600308 0.217418 0.0291475 0.0006725 2.5e-06 0 0 0 0 0 0 0 0 0 0 0 0 0 0 
1 0.600415 0.216942 0.0289893 0.0006495 2.5e-06 0 0 0 0 0 0 0 0 0 0 0 0 0 0 
1 0.601653 0.217782 0.029176 0.0006775 3.75e-06 0 0 0 0 0 0 0 0 0 0 0 0 0 0 
1 0.598346 0.214415 0.0281285 0.0006605 1.25e-06 0 0 0 0 0 0 0 0 0 0 0 0 0 0 
1 0.599084 0.216773 0.0294705 0.000689 3.5e-06 0 0 0 0 0 0 0 0 0 0 0 0 0 0 
1 0.600544 0.218351 0.029689 0.00072575 5.5e-06 0 0 0 0 0 0 0 0 0 0 0 0 0 0 
1 0.598417 0.214799 0.0287808 0.00069525 2e-06 0 0 0 0 0 0 0 0 0 0 0 0 0 0 
1 0.598866 0.215969 0.0290935 0.00068375 5e-07 0 0 0 0 0 0 0 0 0 0 0 0 0 0 
1 0.600596 0.21797 0.0294875 0.00072475 1.325e-05 0 0 0 0 0 0 0 0 0 0 0 0 0 0 
1 0.599344 0.216652 0.028802 0.00061725 0 0 0 0 0 0 0 0 0 0 0 0 0 0 0 
1 0.602014 0.21931 0.029796 0.00067 0 0 0 0 0 0 0 0 0 0 0 0 0 0 0 
1 0.59888 0.215914 0.0289663 0.00066825 3.75e-06 0 0 0 0 0 0 0 0 0 0 0 0 0 0 
1 0.601327 0.218476 0.0295438 0.000685 6.5e-06 0 0 0 0 0 0 0 0 0 0 0 0 0 0 
1 0.600152 0.216913 0.0294045 0.00064475 0 0 0 0 0 0 0 0 0 0 0 0 0 0 0 
1 0.599965 0.216419 0.029356 0.0006965 1.25e-06 0 0 0 0 0 0 0 0 0 0 0 0 0 0 
1 0.600778 0.218145 0.0298323 0.0007245 2.5e-06 0 0 0 0 0 0 0 0 0 0 0 0 0 0 
1 0.599546 0.216117 0.0286948 0.000646 5e-07 0 0 0 0 0 0 0 0 0 0 0 0 0 0 
1 0.600225 0.217814 0.0292553 0.000717 4.75e-06 0 0 0 0 0 0 0 0 0 0 0 0 0 0 
1 0.600809 0.218914 0.0301543 0.00070775 7.5e-06 0 0 0 0 0 0 0 0 0 0 0 0 0 0 
1 0.598043 0.214942 0.0285115 0.00066075 1.5e-06 0 0 0 0 0 0 0 0 0 0 0 0 0 0 
1 0.599969 0.216693 0.0294005 0.00063575 4e-06 0 0 0 0 0 0 0 0 0 0 0 0 0 0 
1 0.601923 0.219527 0.0297743 0.00062425 6.25e-06 0 0 0 0 0 0 0 0 0 0 0 0 0 0 
1 0.598041 0.215308 0.0285218 0.000619 0 0 0 0 0 0 0 0 0 0 0 0 0 0 0 
1 0.601241 0.218392 0.0295575 0.000625 2.5e-07 0 0 0 0 0 0 0 0 0 0 0 0 0 0 
1 0.599723 0.216839 0.0289388 0.0006335 0 0 0 0 0 0 0 0 0 0 0 0 0 0 0 
1 0.601701 0.218401 0.0295663 0.00064425 3e-06 0 0 0 0 0 0 0 0 0 0 0 0 0 0 
1 0.601392 0.218769 0.0300998 0.00077425 3.75e-06 0 0 0 0 0 0 0 0 0 0 0 0 0 0 
1 0.599798 0.216948 0.0288645 0.0005975 5e-07 0 0 0 0 0 0 0 0 0 0 0 0 0 0 
1 0.598823 0.215367 0.0288558 0.00060025 3.25e-06 0 0 0 0 0 0 0 0 0 0 0 0 0 0 
1 0.600366 0.21731 0.0292518 0.00065075 4.5e-06 0 0 0 0 0 0 0 0 0 0 0 0 0 0 
1 0.600993 0.218071 0.029878 0.00067025 4e-06 0 0 0 0 0 0 0 0 0 0 0 0 0 0 
1 0.600367 0.217708 0.0293875 0.00068925 2e-06 0 0 0 0 0 0 0 0 0 0 0 0 0 0 
1 0.600683 0.218553 0.029516 0.000708 7e-06 0 0 0 0 0 0 0 0 0 0 0 0 0 0 
1 0.60032 0.217745 0.0294175 0.00065325 1.75e-06 0 0 0 0 0 0 0 0 0 0 0 0 0 0 
1 0.598821 0.215825 0.0289683 0.00062575 1.5e-06 0 0 0 0 0 0 0 0 0 0 0 0 0 0 
1 0.600877 0.218334 0.0293145 0.00062175 5e-06 0 0 0 0 0 0 0 0 0 0 0 0 0 0 
1 0.600611 0.217887 0.0295635 0.000637 7.5e-07 0 0 0 0 0 0 0 0 0 0 0 0 0 0 
1 0.598939 0.215787 0.029039 0.00070325 2e-06 0 0 0 0 0 0 0 0 0 0 0 0 0 0 
1 0.599259 0.215764 0.0287843 0.000612 3.5e-06 0 0 0 0 0 0 0 0 0 0 0 0 0 0 
1 0.599335 0.216517 0.029434 0.00075075 3e-06 0 0 0 0 0 0 0 0 0 0 0 0 0 0 
1 0.598631 0.215578 0.0286988 0.0006365 1e-06 0 0 0 0 0 0 0 0 0 0 0 0 0 0 
1 0.600309 0.217261 0.0295313 0.0006835 1.25e-06 0 0 0 0 0 0 0 0 0 0 0 0 0 0 
1 0.600296 0.217172 0.0294318 0.00065275 2.75e-06 0 0 0 0 0 0 0 0 0 0 0 0 0 0 
1 0.600356 0.217185 0.02946 0.00064125 2.5e-07 0 0 0 0 0 0 0 0 0 0 0 0 0 0 
1 0.599132 0.215829 0.0288898 0.000635 1.5e-06 0 0 0 0 0 0 0 0 0 0 0 0 0 0 
1 0.600492 0.218307 0.0298008 0.00066875 5.5e-06 0 0 0 0 0 0 0 0 0 0 0 0 0 0 
1 0.60121 0.218467 0.0296848 0.0006515 5e-07 0 0 0 0 0 0 0 0 0 0 0 0 0 0 
1 0.601052 0.218041 0.0292115 0.0006315 0 0 0 0 0 0 0 0 0 0 0 0 0 0 0 
1 0.60002 0.216385 0.0292518 0.00067375 4.5e-06 0 0 0 0 0 0 0 0 0 0 0 0 0 0 
1 0.598072 0.214932 0.0283613 0.000562 0 0 0 0 0 0 0 0 0 0 0 0 0 0 0 
1 0.598941 0.215719 0.0287875 0.0006405 2.5e-07 0 0 0 0 0 0 0 0 0 0 0 0 0 0 
1 0.599522 0.215813 0.0289698 0.0006565 2e-06 0 0 0 0 0 0 0 0 0 0 0 0 0 0 
1 0.599818 0.216089 0.0285343 0.0006615 3.75e-06 0 0 0 0 0 0 0 0 0 0 0 0 0 0 
1 0.599717 0.21625 0.029094 0.0005875 4.75e-06 0 0 0 0 0 0 0 0 0 0 0 0 0 0 
1 0.599842 0.217442 0.0292963 0.000592 5e-07 0 0 0 0 0 0 0 0 0 0 0 0 0 0 
1 0.600419 0.217287 0.0289165 0.00061025 2.5e-06 0 0 0 0 0 0 0 0 0 0 0 0 0 0 
1 0.600054 0.217594 0.0295808 0.00068325 1.5e-06 0 0 0 0 0 0 0 0 0 0 0 0 0 0 
1 0.598722 0.216077 0.0290383 0.000671 1.75e-06 0 0 0 0 0 0 0 0 0 0 0 0 0 0 
1 0.598097 0.214945 0.0284465 0.000656 2.75e-06 0 0 0 0 0 0 0 0 0 0 0 0 0 0 
1 0.599368 0.216755 0.028983 0.0006145 1.25e-06 0 0 0 0 0 0 0 0 0 0 0 0 0 0 
1 0.600811 0.218519 0.0297463 0.0006895 5e-07 0 0 0 0 0 0 0 0 0 0 0 0 0 0 
1 0.600549 0.217217 0.0289575 0.00061775 2.75e-06 0 0 0 0 0 0 0 0 0 0 0 0 0 0 
1 0.599172 0.216789 0.0290048 0.000616 5.25e-06 0 0 0 0 0 0 0 0 0 0 0 0 0 0 
1 0.599936 0.217899 0.029495 0.00067725 0 0 0 0 0 0 0 0 0 0 0 0 0 0 0 
1 0.598795 0.215503 0.028888 0.00066975 2.5e-07 0 0 0 0 0 0 0 0 0 0 0 0 0 0 
1 0.599802 0.2166 0.0289898 0.0006765 7e-06 0 0 0 0 0 0 0 0 0 0 0 0 0 0 
1 0.598854 0.216061 0.0290403 0.00063875 2e-06 0 0 0 0 0 0 0 0 0 0 0 0 0 0 
1 0.600309 0.216566 0.02907 0.0006475 7.5e-07 0 0 0 0 0 0 0 0 0 0 0 0 0 0 
1 0.599244 0.216624 0.0290993 0.00065525 4.25e-06 0 0 0 0 0 0 0 0 0 0 0 0 0 0 
1 0.599988 0.216407 0.0289908 0.0006185 2.25e-06 0 0 0 0 0 0 0 0 0 0 0 0 0 0 
1 0.599996 0.216731 0.0291295 0.0006535 3e-06 0 0 0 0 0 0 0 0 0 0 0 0 0 0 
1 0.601159 0.218482 0.0296975 0.00067325 1.75e-06 0 0 0 0 0 0 0 0 0 0 0 0 0 0 
1 0.60102 0.218642 0.0296045 0.0006215 1.25e-06 0 0 0 0 0 0 0 0 0 0 0 0 0 0 
1 0.600815 0.2177 0.0294813 0.0006345 1e-06 0 0 0 0 0 0 0 0 0 0 0 0 0 0 
1 0.599185 0.216586 0.0293305 0.00063175 1.75e-06 0 0 0 0 0 0 0 0 0 0 0 0 0 0 
1 0.599077 0.216372 0.0292518 0.00065025 1e-06 0 0 0 0 0 0 0 0 0 0 0 0 0 0 
1 0.599577 0.216402 0.028819 0.0006305 3.5e-06 0 0 0 0 0 0 0 0 0 0 0 0 0 0 
1 0.599301 0.21572 0.0290248 0.000598 2.5e-06 0 0 0 0 0 0 0 0 0 0 0 0 0 0 
1 0.59865 0.216273 0.0289898 0.00055625 1e-06 0 0 0 0 0 0 0 0 0 0 0 0 0 0 
1 0.59796 0.214882 0.0285943 0.000651 0 0 0 0 0 0 0 0 0 0 0 0 0 0 0 
1 0.601925 0.21877 0.029771 0.0006565 1.25e-06 0 0 0 0 0 0 0 0 0 0 0 0 0 0 
1 0.598978 0.215712 0.0285545 0.00062625 4.75e-06 0 0 0 0 0 0 0 0 0 0 0 0 0 0 
1 0.598831 0.215784 0.0288788 0.000646 5.5e-06 0 0 0 0 0 0 0 0 0 0 0 0 0 0 
1 0.600012 0.217072 0.0293638 0.000651 2e-06 0 0 0 0 0 0 0 0 0 0 0 0 0 0 
1 0.601158 0.218445 0.0297283 0.0007155 3.5e-06 5e-07 0 0 0 0 0 0 0 0 0 0 0 0 0 
1 0.601678 0.218807 0.0294678 0.00062625 3.5e-06 0 0 0 0 0 0 0 0 0 0 0 0 0 0 
1 0.602669 0.219873 0.0296578 0.0006935 1.75e-06 0 0 0 0 0 0 0 0 0 0 0 0 0 0 
1 0.599843 0.215507 0.0288443 0.00061825 0 0 0 0 0 0 0 0 0 0 0 0 0 0 0 
1 0.60014 0.217457 0.0292015 0.000628 2.75e-06 0 0 0 0 0 0 0 0 0 0 0 0 0 0 
1 0.601997 0.218527 0.029485 0.000585 1e-06 0 0 0 0 0 0 0 0 0 0 0 0 0 0 
1 0.598951 0.216238 0.0291298 0.00062325 1.75e-06 0 0 0 0 0 0 0 0 0 0 0 0 0 0 
1 0.598196 0.215056 0.0286033 0.00059525 2.5e-06 0 0 0 0 0 0 0 0 0 0 0 0 0 0 
1 0.600854 0.21895 0.0301155 0.00072525 7.25e-06 0 0 0 0 0 0 0 0 0 0 0 0 0 0 
1 0.600345 0.217107 0.0291205 0.00067875 5.5e-06 0 0 0 0 0 0 0 0 0 0 0 0 0 0 
1 0.599813 0.21672 0.029126 0.000649 0 0 0 0 0 0 0 0 0 0 0 0 0 0 0 
1 0.600393 0.217635 0.02936 0.00068825 2.25e-06 0 0 0 0 0 0 0 0 0 0 0 0 0 0 
1 0.602238 0.218862 0.029588 0.000652 1.5e-06 0 0 0 0 0 0 0 0 0 0 0 0 0 0 
1 0.599525 0.216471 0.0290423 0.00066175 5.25e-06 0 0 0 0 0 0 0 0 0 0 0 0 0 0 
1 0.600113 0.21747 0.0298645 0.00070025 5.25e-06 0 0 0 0 0 0 0 0 0 0 0 0 0 0 
1 0.600551 0.217005 0.0291 0.0006555 3.25e-06 0 0 0 0 0 0 0 0 0 0 0 0 0 0 
1 0.599316 0.215191 0.0285243 0.0006325 3.75e-06 0 0 0 0 0 0 0 0 0 0 0 0 0 0 
1 0.599301 0.215582 0.028842 0.00063225 5e-06 0 0 0 0 0 0 0 0 0 0 0 0 0 0 
1 0.599045 0.215288 0.0283735 0.00066975 5e-07 0 0 0 0 0 0 0 0 0 0 0 0 0 0 
1 0.599546 0.216661 0.0289298 0.00059075 7.5e-07 0 0 0 0 0 0 0 0 0 0 0 0 0 0 
1 0.598395 0.214801 0.0281478 0.00059225 7.5e-07 0 0 0 0 0 0 0 0 0 0 0 0 0 0 
1 0.60041 0.217192 0.0292883 0.00068075 3e-06 0 0 0 0 0 0 0 0 0 0 0 0 0 0 
1 0.601156 0.217674 0.0289003 0.0006085 0 0 0 0 0 0 0 0 0 0 0 0 0 0 0 
1 0.599719 0.216809 0.0290805 0.00064675 1.5e-06 0 0 0 0 0 0 0 0 0 0 0 0 0 0 
1 0.600124 0.21699 0.0292458 0.00064625 1e-06 0 0 0 0 0 0 0 0 0 0 0 0 0 0 
1 0.601054 0.218263 0.0297048 0.0006715 4e-06 0 0 0 0 0 0 0 0 0 0 0 0 0 0 
1 0.598798 0.215461 0.0285823 0.0006295 2.5e-06 0 0 0 0 0 0 0 0 0 0 0 0 0 0 
1 0.599459 0.216692 0.02937 0.0006905 4.5e-06 0 0 0 0 0 0 0 0 0 0 0 0 0 0 
1 0.600957 0.218036 0.0293213 0.00065825 5.5e-06 0 0 0 0 0 0 0 0 0 0 0 0 0 0 
1 0.600227 0.217489 0.029414 0.000665 3.75e-06 0 0 0 0 0 0 0 0 0 0 0 0 0 0 
1 0.599934 0.216862 0.0289305 0.0006425 2e-06 0 0 0 0 0 0 0 0 0 0 0 0 0 0 
1 0.600677 0.218124 0.0299668 0.00067275 3e-06 0 0 0 0 0 0 0 0 0 0 0 0 0 0 
1 0.602013 0.219326 0.0301635 0.000739 2e-06 0 0 0 0 0 0 0 0 0 0 0 0 0 0 
1 0.598008 0.215436 0.0286573 0.0006195 2.75e-06 0 0 0 0 0 0 0 0 0 0 0 0 0 0 
1 0.601001 0.217923 0.029404 0.00062325 2.5e-06 0 0 0 0 0 0 0 0 0 0 0 0 0 0 
1 0.598886 0.215769 0.0285975 0.00062 3.25e-06 0 0 0 0 0 0 0 0 0 0 0 0 0 0 
1 0.600553 0.217996 0.0294085 0.00064625 6.75e-06 0 0 0 0 0 0 0 0 0 0 0 0 0 0 
1 0.599625 0.216289 0.0294413 0.00067775 1.25e-06 0 0 0 0 0 0 0 0 0 0 0 0 0 0 
1 0.600237 0.21737 0.029544 0.00067575 1.25e-06 0 0 0 0 0 0 0 0 0 0 0 0 0 0 
1 0.600323 0.216977 0.0288998 0.00066425 5e-07 0 0 0 0 0 0 0 0 0 0 0 0 0 0 
1 0.600038 0.21695 0.0291325 0.000675 3e-06 0 0 0 0 0 0 0 0 0 0 0 0 0 0 
1 0.599926 0.216564 0.0292265 0.0006725 4.75e-06 0 0 0 0 0 0 0 0 0 0 0 0 0 0 
1 0.598701 0.215986 0.0288835 0.00064975 5e-07 0 0 0 0 0 0 0 0 0 0 0 0 0 0 
1 0.597526 0.214234 0.0281743 0.00064275 2.75e-06 0 0 0 0 0 0 0 0 0 0 0 0 0 0 
1 0.598182 0.214637 0.028138 0.000636 2.5e-07 0 0 0 0 0 0 0 0 0 0 0 0 0 0 
1 0.598914 0.215888 0.0289528 0.00065625 1.5e-06 0 0 0 0 0 0 0 0 0 0 0 0 0 0 
1 0.600491 0.217232 0.0294468 0.000658 7.5e-07 0 0 0 0 0 0 0 0 0 0 0 0 0 0 
1 0.601361 0.218027 0.0297715 0.00072425 3.25e-06 0 0 0 0 0 0 0 0 0 0 0 0 0 0 
1 0.598343 0.215186 0.028339 0.00057975 4.25e-06 0 0 0 0 0 0 0 0 0 0 0 0 0 0 
1 0.59965 0.216023 0.0288815 0.00062825 1.5e-06 0 0 0 0 0 0 0 0 0 0 0 0 0 0 
1 0.6005 0.217711 0.0298725 0.0006555 2.5e-07 0 0 0 0 0 0 0 0 0 0 0 0 0 0 
1 0.600107 0.217143 0.0290283 0.000621 5e-07 0 0 0 0 0 0 0 0 0 0 0 0 0 0 
1 0.598984 0.215509 0.028526 0.00062625 2e-06 0 0 0 0 0 0 0 0 0 0 0 0 0 0 
1 0.601548 0.218918 0.030059 0.00064775 1.5e-06 0 0 0 0 0 0 0 0 0 0 0 0 0 0 
1 0.600344 0.21731 0.0290288 0.0006775 3.25e-06 0 0 0 0 0 0 0 0 0 0 0 0 0 0 
1 0.600279 0.21817 0.0297368 0.000693 4.5e-06 0 0 0 0 0 0 0 0 0 0 0 0 0 0 
1 0.602053 0.21921 0.0298008 0.000748 3.75e-06 0 0 0 0 0 0 0 0 0 0 0 0 0 0 
1 0.600114 0.217563 0.0294473 0.00063975 3.5e-06 0 0 0 0 0 0 0 0 0 0 0 0 0 0 
1 0.599268 0.216429 0.0291303 0.00066325 1.75e-06 0 0 0 0 0 0 0 0 0 0 0 0 0 0 
1 0.600344 0.216925 0.0291973 0.00069425 2.5e-07 0 0 0 0 0 0 0 0 0 0 0 0 0 0 
1 0.600706 0.218011 0.0295393 0.00064125 7.5e-07 0 0 0 0 0 0 0 0 0 0 0 0 0 0 
1 0.599347 0.216764 0.0291475 0.00065025 1.75e-06 0 0 0 0 0 0 0 0 0 0 0 0 0 0 
1 0.600342 0.217283 0.0290835 0.000674 3e-06 0 0 0 0 0 0 0 0 0 0 0 0 0 0 
1 0.599256 0.215592 0.02897 0.00067375 3e-06 0 0 0 0 0 0 0 0 0 0 0 0 0 0 
1 0.599248 0.216138 0.028703 0.00068025 6e-06 0 0 0 0 0 0 0 0 0 0 0 0 0 0 
1 0.596491 0.213141 0.0282775 0.000606 2.5e-06 0 0 0 0 0 0 0 0 0 0 0 0 0 0 
1 0.601445 0.218399 0.029881 0.0006995 1.75e-06 0 0 0 0 0 0 0 0 0 0 0 0 0 0 
1 0.599946 0.216328 0.0286548 0.00058425 1.25e-06 0 0 0 0 0 0 0 0 0 0 0 0 0 0 
1 0.598661 0.214506 0.028369 0.0006365 2.5e-07 0 0 0 0 0 0 0 0 0 0 0 0 0 0 
1 0.600336 0.21685 0.0290183 0.0006185 1e-06 0 0 0 0 0 0 0 0 0 0 0 0 0 0 
1 0.60099 0.217758 0.0293603 0.00067625 1e-06 0 0 0 0 0 0 0 0 0 0 0 0 0 0 
1 0.599606 0.216281 0.0287843 0.00060725 7.5e-07 0 0 0 0 0 0 0 0 0 0 0 0 0 0 
1 0.599532 0.216621 0.0289185 0.000642 4e-06 0 0 0 0 0 0 0 0 0 0 0 0 0 0 
1 0.600818 0.217493 0.0292368 0.0006825 3e-06 0 0 0 0 0 0 0 0 0 0 0 0 0 0 
1 0.599404 0.21665 0.029153 0.000696 7.25e-06 0 0 0 0 0 0 0 0 0 0 0 0 0 0 
1 0.600978 0.217594 0.029522 0.000706 7.25e-06 0 0 0 0 0 0 0 0 0 0 0 0 0 0 
1 0.600082 0.216578 0.028709 0.0006535 5e-06 0 0 0 0 0 0 0 0 0 0 0 0 0 0 
1 0.599823 0.216696 0.029056 0.00064225 7.5e-07 0 0 0 0 0 0 0 0 0 0 0 0 0 0 
1 0.599422 0.216186 0.028905 0.000611 0 0 0 0 0 0 0 0 0 0 0 0 0 0 0 
1 0.599131 0.215978 0.0285683 0.00060675 4.75e-06 0 0 0 0 0 0 0 0 0 0 0 0 0 0 
1 0.599926 0.216676 0.0294703 0.0006255 4.75e-06 0 0 0 0 0 0 0 0 0 0 0 0 0 0 
1 0.600958 0.218305 0.0297143 0.00073225 1.75e-06 0 0 0 0 0 0 0 0 0 0 0 0 0 0 
1 0.600438 0.217673 0.029557 0.00069825 7.5e-06 0 0 0 0 0 0 0 0 0 0 0 0 0 0 
1 0.598153 0.21535 0.0290495 0.0006655 3.75e-06 0 0 0 0 0 0 0 0 0 0 0 0 0 0 
1 0.601453 0.219468 0.0301115 0.000683 1.75e-06 0 0 0 0 0 0 0 0 0 0 0 0 0 0 
1 0.599319 0.216591 0.0289675 0.000641 2e-06 0 0 0 0 0 0 0 0 0 0 0 0 0 0 
1 0.600233 0.216808 0.0291695 0.00073 1e-06 0 0 0 0 0 0 0 0 0 0 0 0 0 0 
1 0.59939 0.2162 0.029058 0.000657 0 0 0 0 0 0 0 0 0 0 0 0 0 0 0 
1 0.600094 0.21759 0.0295533 0.000647 1.5e-06 0 0 0 0 0 0 0 0 0 0 0 0 0 0 
1 0.601128 0.218738 0.029797 0.0007065 5.75e-06 0 0 0 0 0 0 0 0 0 0 0 0 0 0 
1 0.60051 0.217113 0.0288278 0.00060375 4.75e-06 0 0 0 0 0 0 0 0 0 0 0 0 0 0 
1 0.601525 0.217912 0.0296203 0.00070425 1.5e-06 0 0 0 0 0 0 0 0 0 0 0 0 0 0 
1 0.600367 0.217657 0.02984 0.000696 4e-06 0 0 0 0 0 0 0 0 0 0 0 0 0 0 
1 0.599605 0.217019 0.0295798 0.0007045 2.25e-06 0 0 0 0 0 0 0 0 0 0 0 0 0 0 
1 0.600719 0.216829 0.0285953 0.00067 7e-06 0 0 0 0 0 0 0 0 0 0 0 0 0 0 
1 0.601472 0.218566 0.030144 0.00069925 2.5e-07 0 0 0 0 0 0 0 0 0 0 0 0 0 0 
1 0.600011 0.217011 0.0288733 0.000682 8e-06 0 0 0 0 0 0 0 0 0 0 0 0 0 0 
1 0.599374 0.216045 0.0291125 0.00064575 1.75e-06 0 0 0 0 0 0 0 0 0 0 0 0 0 0 
1 0.601788 0.219059 0.0299243 0.00068575 4.25e-06 0 0 0 0 0 0 0 0 0 0 0 0 0 0 
1 0.600712 0.217611 0.0295675 0.00066525 7.5e-07 0 0 0 0 0 0 0 0 0 0 0 0 0 0 
1 0.599149 0.216476 0.028718 0.000615 0 0 0 0 0 0 0 0 0 0 0 0 0 0 0 
1 0.600993 0.2182 0.0293333 0.0006695 5e-06 0 0 0 0 0 0 0 0 0 0 0 0 0 0 
1 0.599512 0.216252 0.0289713 0.000645 0 0 0 0 0 0 0 0 0 0 0 0 0 0 0 
1 0.599879 0.216366 0.0290693 0.00070175 4.75e-06 0 0 0 0 0 0 0 0 0 0 0 0 0 0 
1 0.600532 0.217928 0.0300325 0.00072975 0 0 0 0 0 0 0 0 0 0 0 0 0 0 0 
1 0.599009 0.216362 0.0290875 0.00064625 1.5e-06 0 0 0 0 0 0 0 0 0 0 0 0 0 0 
1 0.59894 0.215328 0.0284583 0.00062675 0 0 0 0 0 0 0 0 0 0 0 0 0 0 0 
1 0.602764 0.21982 0.0296508 0.000647 3.75e-06 0 0 0 0 0 0 0 0 0 0 0 0 0 0 
1 0.598153 0.214552 0.0284143 0.000611 4.75e-06 0 0 0 0 0 0 0 0 0 0 0 0 0 0 
1 0.599649 0.216508 0.029021 0.00066625 4.25e-06 0 0 0 0 0 0 0 0 0 0 0 0 0 0 
1 0.599344 0.217026 0.0293533 0.0006135 7.5e-07 0 0 0 0 0 0 0 0 0 0 0 0 0 0 
1 0.599655 0.216384 0.0292145 0.000639 2e-06 0 0 0 0 0 0 0 0 0 0 0 0 0 0 
1 0.59887 0.215936 0.0291645 0.000635 0 0 0 0 0 0 0 0 0 0 0 0 0 0 0 
1 0.601365 0.218419 0.029471 0.00070125 5.75e-06 0 0 0 0 0 0 0 0 0 0 0 0 0 0 
1 0.600468 0.217032 0.0292988 0.0006715 4e-06 0 0 0 0 0 0 0 0 0 0 0 0 0 0 
1 0.601582 0.219134 0.029806 0.0006515 1.5e-06 0 0 0 0 0 0 0 0 0 0 0 0 0 0 
1 0.598331 0.214888 0.0284335 0.00061725 6.25e-06 0 0 0 0 0 0 0 0 0 0 0 0 0 0 
1 0.599363 0.216763 0.02932 0.000657 5e-07 0 0 0 0 0 0 0 0 0 0 0 0 0 0 
1 0.598349 0.215209 0.0287878 0.0006315 1.25e-06 0 0 0 0 0 0 0 0 0 0 0 0 0 0 
1 0.599058 0.215787 0.028899 0.000652 7.5e-07 0 0 0 0 0 0 0 0 0 0 0 0 0 0 
1 0.602623 0.219255 0.0299958 0.000697 6e-06 0 0 0 0 0 0 0 0 0 0 0 0 0 0 
1 0.600154 0.217923 0.0295698 0.00069025 2.75e-06 0 0 0 0 0 0 0 0 0 0 0 0 0 0 
1 0.599912 0.216714 0.0295933 0.0006945 2.25e-06 0 0 0 0 0 0 0 0 0 0 0 0 0 0 
1 0.600223 0.217293 0.0291783 0.00066825 2.25e-06 0 0 0 0 0 0 0 0 0 0 0 0 0 0 
1 0.600016 0.217124 0.0295733 0.0006485 3.25e-06 0 0 0 0 0 0 0 0 0 0 0 0 0 0 
1 0.599519 0.216986 0.0293543 0.0006585 5e-07 0 0 0 0 0 0 0 0 0 0 0 0 0 0 
1 0.600526 0.217973 0.0298235 0.000666 0 0 0 0 0 0 0 0 0 0 0 0 0 0 0 
1 0.600824 0.217795 0.0291573 0.000608 5.5e-06 0 0 0 0 0 0 0 0 0 0 0 0 0 0 
1 0.600941 0.219041 0.0301465 0.0007055 1.1e-05 0 0 0 0 0 0 0 0 0 0 0 0 0 0 
1 0.600184 0.217713 0.029377 0.000597 1.75e-06 0 0 0 0 0 0 0 0 0 0 0 0 0 0 
1 0.600591 0.217945 0.0295675 0.0007195 1.5e-06 0 0 0 0 0 0 0 0 0 0 0 0 0 0 
1 0.599958 0.217162 0.029856 0.000661 1.75e-06 0 0 0 0 0 0 0 0 0 0 0 0 0 0 
1 0.601279 0.218447 0.0295895 0.00059175 7.25e-06 0 0 0 0 0 0 0 0 0 0 0 0 0 0 
1 0.599191 0.216716 0.0294928 0.000678 1.25e-06 0 0 0 0 0 0 0 0 0 0 0 0 0 0 
1 0.599936 0.217006 0.02941 0.0006615 7.25e-06 0 0 0 0 0 0 0 0 0 0 0 0 0 0 
1 0.59994 0.217059 0.0293908 0.0007225 1.75e-06 0 0 0 0 0 0 0 0 0 0 0 0 0 0 
1 0.60076 0.218869 0.0298988 0.00073725 1.5e-06 0 0 0 0 0 0 0 0 0 0 0 0 0 0 
1 0.600446 0.217173 0.0292895 0.00066075 3.5e-06 0 0 0 0 0 0 0 0 0 0 0 0 0 0 
1 0.599668 0.216019 0.0286658 0.0006995 2.25e-06 0 0 0 0 0 0 0 0 0 0 0 0 0 0 
1 0.601531 0.218459 0.029437 0.00066225 7.5e-06 0 0 0 0 0 0 0 0 0 0 0 0 0 0 
1 0.599696 0.215438 0.0284973 0.00060875 4e-06 0 0 0 0 0 0 0 0 0 0 0 0 0 0 
1 0.600177 0.216478 0.0286463 0.00066775 2e-06 0 0 0 0 0 0 0 0 0 0 0 0 0 0 
1 0.597681 0.214423 0.028285 0.0005945 1e-06 0 0 0 0 0 0 0 0 0 0 0 0 0 0 
1 0.600655 0.217689 0.0295138 0.000638 5e-07 0 0 0 0 0 0 0 0 0 0 0 0 0 0 
1 0.599427 0.216202 0.0286078 0.00066225 5e-07 0 0 0 0 0 0 0 0 0 0 0 0 0 0 
1 0.598141 0.214609 0.0285875 0.00064175 2.25e-06 0 0 0 0 0 0 0 0 0 0 0 0 0 0 
1 0.600752 0.217267 0.0293555 0.000691 2.5e-06 0 0 0 0 0 0 0 0 0 0 0 0 0 0 
1 0.60143 0.218598 0.0295278 0.000724 1.5e-06 0 0 0 0 0 0 0 0 0 0 0 0 0 0 
1 0.598728 0.216573 0.0291925 0.0006445 5e-06 0 0 0 0 0 0 0 0 0 0 0 0 0 0 
1 0.601571 0.219384 0.0299898 0.00074575 5e-07 0 0 0 0 0 0 0 0 0 0 0 0 0 0 
1 0.601288 0.218372 0.029813 0.00067575 4.5e-06 0 0 0 0 0 0 0 0 0 0 0 0 0 0 
1 0.600536 0.217247 0.029334 0.000684 3.5e-06 0 0 0 0 0 0 0 0 0 0 0 0 0 0 
1 0.600728 0.219315 0.0301015 0.0006575 2e-06 0 0 0 0 0 0 0 0 0 0 0 0 0 0 
1 0.600233 0.218251 0.0295883 0.00066925 2.75e-06 0 0 0 0 0 0 0 0 0 0 0 0 0 0 
1 0.600266 0.217077 0.0288673 0.00059375 3e-06 0 0 0 0 0 0 0 0 0 0 0 0 0 0 
1 0.601446 0.219134 0.0298335 0.00070375 8.25e-06 0 0 0 0 0 0 0 0 0 0 0 0 0 0 
1 0.601096 0.217996 0.0294043 0.0006605 7.5e-07 0 0 0 0 0 0 0 0 0 0 0 0 0 0 
1 0.598677 0.215874 0.02892 0.00066825 4e-06 0 0 0 0 0 0 0 0 0 0 0 0 0 0 
1 0.602011 0.219455 0.0302508 0.00069725 2.25e-06 0 0 0 0 0 0 0 0 0 0 0 0 0 0 
1 0.600637 0.217481 0.0292343 0.00065375 7e-06 0 0 0 0 0 0 0 0 0 0 0 0 0 0 
1 0.599259 0.217134 0.0295525 0.000646 1.5e-06 0 0 0 0 0 0 0 0 0 0 0 0 0 0 
1 0.600421 0.216651 0.0291118 0.00067125 7.5e-07 0 0 0 0 0 0 0 0 0 0 0 0 0 0 
1 0.601177 0.219038 0.029991 0.00069175 3.25e-06 0 0 0 0 0 0 0 0 0 0 0 0 0 0 
1 0.599164 0.217456 0.0291768 0.00058425 2.5e-07 0 0 0 0 0 0 0 0 0 0 0 0 0 0 
1 0.601969 0.21869 0.0297008 0.0006865 1e-06 0 0 0 0 0 0 0 0 0 0 0 0 0 0 
1 0.60089 0.216708 0.0292503 0.000672 9e-06 0 0 0 0 0 0 0 0 0 0 0 0 0 0 
1 0.598974 0.216287 0.0292178 0.00068225 4e-06 0 0 0 0 0 0 0 0 0 0 0 0 0 0 
1 0.601056 0.218808 0.0296133 0.000698 6e-06 0 0 0 0 0 0 0 0 0 0 0 0 0 0 
1 0.601447 0.218806 0.029635 0.00068125 2e-06 0 0 0 0 0 0 0 0 0 0 0 0 0 0 
1 0.599865 0.217271 0.029323 0.0006205 1.75e-06 0 0 0 0 0 0 0 0 0 0 0 0 0 0 
1 0.600636 0.218192 0.029382 0.0006505 3.25e-06 0 0 0 0 0 0 0 0 0 0 0 0 0 0 
1 0.600185 0.217655 0.029217 0.0006065 1.5e-06 0 0 0 0 0 0 0 0 0 0 0 0 0 0 
1 0.599477 0.216529 0.0288978 0.00065225 1.75e-06 0 0 0 0 0 0 0 0 0 0 0 0 0 0 
1 0.599266 0.216221 0.029086 0.00070325 1.5e-06 0 0 0 0 0 0 0 0 0 0 0 0 0 0 
1 0.599673 0.216503 0.029302 0.0007005 1.75e-06 0 0 0 0 0 0 0 0 0 0 0 0 0 0 
1 0.599464 0.21632 0.0286975 0.00061525 4e-06 0 0 0 0 0 0 0 0 0 0 0 0 0 0 
1 0.599815 0.217324 0.0292223 0.00066975 0 0 0 0 0 0 0 0 0 0 0 0 0 0 0 
1 0.600344 0.217724 0.0295008 0.00068425 2.5e-07 0 0 0 0 0 0 0 0 0 0 0 0 0 0 
1 0.59967 0.217202 0.029003 0.0006555 1e-06 0 0 0 0 0 0 0 0 0 0 0 0 0 0 
1 0.600261 0.217331 0.0295198 0.000663 2.5e-07 0 0 0 0 0 0 0 0 0 0 0 0 0 0 
1 0.601373 0.218866 0.0299135 0.0007085 2.75e-06 0 0 0 0 0 0 0 0 0 0 0 0 0 0 
1 0.597734 0.214138 0.0283285 0.00057275 2.5e-06 0 0 0 0 0 0 0 0 0 0 0 0 0 0 
1 0.599233 0.216336 0.0291898 0.00064075 2.5e-07 0 0 0 0 0 0 0 0 0 0 0 0 0 0 
1 0.600448 0.217447 0.029474 0.00067525 5e-07 0 0 0 0 0 0 0 0 0 0 0 0 0 0 
1 0.601139 0.21829 0.029874 0.000677 2e-06 0 0 0 0 0 0 0 0 0 0 0 0 0 0 
1 0.600236 0.217375 0.0292728 0.000656 5e-07 0 0 0 0 0 0 0 0 0 0 0 0 0 0 
1 0.601311 0.218216 0.0293918 0.0006675 5.5e-06 0 0 0 0 0 0 0 0 0 0 0 0 0 0 
1 0.59991 0.21719 0.0293595 0.00065025 5e-07 0 0 0 0 0 0 0 0 0 0 0 0 0 0 
1 0.59944 0.217011 0.029272 0.00065925 2.5e-06 0 0 0 0 0 0 0 0 0 0 0 0 0 0 
1 0.599539 0.216857 0.0291085 0.00064475 2.5e-07 0 0 0 0 0 0 0 0 0 0 0 0 0 0 
1 0.599043 0.215782 0.0285413 0.0005865 6.75e-06 0 0 0 0 0 0 0 0 0 0 0 0 0 0 
1 0.599333 0.21687 0.0289563 0.00068025 6.75e-06 0 0 0 0 0 0 0 0 0 0 0 0 0 0 
1 0.599461 0.217091 0.0290635 0.000671 1.75e-06 0 0 0 0 0 0 0 0 0 0 0 0 0 0 
1 0.599843 0.21658 0.0292525 0.00066825 4e-06 0 0 0 0 0 0 0 0 0 0 0 0 0 0 
1 0.600248 0.217627 0.0298913 0.0007155 3.75e-06 0 0 0 0 0 0 0 0 0 0 0 0 0 0 
1 0.59845 0.215858 0.0289055 0.00064375 3.75e-06 0 0 0 0 0 0 0 0 0 0 0 0 0 0 
1 0.599246 0.216351 0.0291123 0.0006625 1.25e-06 0 0 0 0 0 0 0 0 0 0 0 0 0 0 
1 0.599898 0.217669 0.0297115 0.000713 2.25e-06 0 0 0 0 0 0 0 0 0 0 0 0 0 0 
1 0.599802 0.215966 0.0288845 0.00063275 0 0 0 0 0 0 0 0 0 0 0 0 0 0 0 
1 0.599415 0.216751 0.0290898 0.000701 1.25e-06 0 0 0 0 0 0 0 0 0 0 0 0 0 0 
1 0.600443 0.217768 0.029614 0.0007435 3.75e-06 0 0 0 0 0 0 0 0 0 0 0 0 0 0 
1 0.598761 0.21542 0.0287353 0.00065975 3.5e-06 0 0 0 0 0 0 0 0 0 0 0 0 0 0 
1 0.599369 0.216013 0.0288503 0.0006455 1.5e-06 0 0 0 0 0 0 0 0 0 0 0 0 0 0 
1 0.600481 0.217411 0.0291503 0.000656 0 0 0 0 0 0 0 0 0 0 0 0 0 0 0 
1 0.598568 0.215276 0.0286493 0.00063275 1e-06 0 0 0 0 0 0 0 0 0 0 0 0 0 0 
1 0.598847 0.215633 0.0292633 0.0006915 2.5e-06 0 0 0 0 0 0 0 0 0 0 0 0 0 0 
1 0.601747 0.218334 0.0294488 0.00070325 3.75e-06 0 0 0 0 0 0 0 0 0 0 0 0 0 0 
1 0.600925 0.217768 0.0294855 0.00070625 1.5e-06 0 0 0 0 0 0 0 0 0 0 0 0 0 0 
1 0.601313 0.218637 0.0292463 0.00064625 7.5e-07 0 0 0 0 0 0 0 0 0 0 0 0 0 0 
1 0.600144 0.216969 0.029319 0.000667 2.75e-06 0 0 0 0 0 0 0 0 0 0 0 0 0 0 
1 0.600891 0.218209 0.029807 0.0006885 5.75e-06 0 0 0 0 0 0 0 0 0 0 0 0 0 0 
1 0.599253 0.215759 0.0290095 0.000662 5e-07 0 0 0 0 0 0 0 0 0 0 0 0 0 0 
1 0.600724 0.218167 0.0297105 0.00063375 5e-07 0 0 0 0 0 0 0 0 0 0 0 0 0 0 
1 0.599811 0.216093 0.0290945 0.00064525 1.75e-06 0 0 0 0 0 0 0 0 0 0 0 0 0 0 
1 0.600584 0.217709 0.0293063 0.0006555 5e-07 0 0 0 0 0 0 0 0 0 0 0 0 0 0 
1 0.599635 0.216682 0.0292225 0.00070575 2.5e-06 0 0 0 0 0 0 0 0 0 0 0 0 0 0 
1 0.599597 0.216618 0.0293008 0.000662 1.75e-06 0 0 0 0 0 0 0 0 0 0 0 0 0 0 
1 0.600421 0.216869 0.0297055 0.00064675 5.25e-06 0 0 0 0 0 0 0 0 0 0 0 0 0 0 
1 0.600811 0.217117 0.029256 0.000682 1e-06 0 0 0 0 0 0 0 0 0 0 0 0 0 0 
1 0.599472 0.217031 0.0292958 0.0006785 2.5e-07 0 0 0 0 0 0 0 0 0 0 0 0 0 0 
1 0.600723 0.217429 0.029188 0.000672 1e-06 0 0 0 0 0 0 0 0 0 0 0 0 0 0 
1 0.599434 0.215536 0.0289838 0.0006235 6.25e-06 0 0 0 0 0 0 0 0 0 0 0 0 0 0 
1 0.600948 0.218567 0.0297905 0.00066775 1.25e-06 0 0 0 0 0 0 0 0 0 0 0 0 0 0 
1 0.599653 0.216612 0.0288918 0.00068525 2.75e-06 0 0 0 0 0 0 0 0 0 0 0 0 0 0 
1 0.59769 0.214854 0.028331 0.000593 2e-06 0 0 0 0 0 0 0 0 0 0 0 0 0 0 
1 0.599965 0.216937 0.029233 0.00065175 2e-06 0 0 0 0 0 0 0 0 0 0 0 0 0 0 
1 0.600388 0.217146 0.029528 0.00074925 3.75e-06 0 0 0 0 0 0 0 0 0 0 0 0 0 0 
1 0.598045 0.21591 0.0287015 0.00061425 0 0 0 0 0 0 0 0 0 0 0 0 0 0 0 
1 0.599031 0.216273 0.029066 0.0006885 4.25e-06 0 0 0 0 0 0 0 0 0 0 0 0 0 0 
1 0.600395 0.217847 0.029494 0.00061575 5.25e-06 0 0 0 0 0 0 0 0 0 0 0 0 0 0 
1 0.598898 0.215805 0.028842 0.00066925 2.75e-06 0 0 0 0 0 0 0 0 0 0 0 0 0 0 
1 0.600831 0.21818 0.0292018 0.00069175 4.75e-06 0 0 0 0 0 0 0 0 0 0 0 0 0 0 
1 0.599523 0.216866 0.0289118 0.0006285 5e-07 0 0 0 0 0 0 0 0 0 0 0 0 0 0 
1 0.599094 0.215216 0.0284915 0.00063575 1.5e-06 0 0 0 0 0 0 0 0 0 0 0 0 0 0 
1 0.599896 0.216823 0.0289658 0.00061075 2.5e-07 0 0 0 0 0 0 0 0 0 0 0 0 0 0 
1 0.600712 0.217645 0.029578 0.000702 4e-06 0 0 0 0 0 0 0 0 0 0 0 0 0 0 
1 0.600195 0.217251 0.029135 0.000665 4.5e-06 0 0 0 0 0 0 0 0 0 0 0 0 0 0 
1 0.599398 0.216371 0.0290105 0.00059325 1e-06 0 0 0 0 0 0 0 0 0 0 0 0 0 0 
1 0.601535 0.217525 0.029332 0.0006625 1e-06 0 0 0 0 0 0 0 0 0 0 0 0 0 0 
1 0.599087 0.215951 0.0286675 0.00060875 2e-06 0 0 0 0 0 0 0 0 0 0 0 0 0 0 
1 0.600322 0.218222 0.0294648 0.000723 7e-06 0 0 0 0 0 0 0 0 0 0 0 0 0 0 
1 0.600316 0.216882 0.0293663 0.0006235 7.5e-07 0 0 0 0 0 0 0 0 0 0 0 0 0 0 
1 0.601292 0.218391 0.030001 0.000702 2.25e-06 0 0 0 0 0 0 0 0 0 0 0 0 0 0 
1 0.599634 0.216448 0.0289975 0.0007675 1e-06 0 0 0 0 0 0 0 0 0 0 0 0 0 0 
1 0.599979 0.217161 0.0294308 0.0006775 2.5e-06 0 0 0 0 0 0 0 0 0 0 0 0 0 0 
1 0.601076 0.219262 0.029763 0.00071775 4.25e-06 0 0 0 0 0 0 0 0 0 0 0 0 0 0 
1 0.60034 0.217751 0.0299638 0.000697 5e-07 0 0 0 0 0 0 0 0 0 0 0 0 0 0 
1 0.601432 0.218263 0.0293608 0.000638 2.5e-07 0 0 0 0 0 0 0 0 0 0 0 0 0 0 
1 0.599854 0.216522 0.0294315 0.00071675 1e-06 0 0 0 0 0 0 0 0 0 0 0 0 0 0 
1 0.601439 0.218299 0.0294318 0.0006425 4e-06 0 0 0 0 0 0 0 0 0 0 0 0 0 0 
1 0.600294 0.217639 0.029542 0.00069475 3.25e-06 0 0 0 0 0 0 0 0 0 0 0 0 0 0 
1 0.600747 0.218526 0.0298043 0.0006655 2.5e-06 0 0 0 0 0 0 0 0 0 0 0 0 0 0 
1 0.599626 0.216975 0.0296555 0.00074425 2e-06 0 0 0 0 0 0 0 0 0 0 0 0 0 0 
1 0.599428 0.216212 0.0288123 0.00065225 4.75e-06 0 0 0 0 0 0 0 0 0 0 0 0 0 0 
1 0.601989 0.220236 0.030548 0.00069225 1e-06 0 0 0 0 0 0 0 0 0 0 0 0 0 0 
1 0.600533 0.217363 0.0292665 0.00060525 3.75e-06 0 0 0 0 0 0 0 0 0 0 0 0 0 0 
1 0.600488 0.218521 0.029957 0.00071125 2.5e-07 0 0 0 0 0 0 0 0 0 0 0 0 0 0 
1 0.602472 0.219678 0.0304193 0.000687 3.25e-06 0 0 0 0 0 0 0 0 0 0 0 0 0 0 
1 0.601487 0.218836 0.030049 0.00064925 7.5e-07 0 0 0 0 0 0 0 0 0 0 0 0 0 0 
1 0.601216 0.217772 0.0294168 0.00062125 3.5e-06 0 0 0 0 0 0 0 0 0 0 0 0 0 0 
1 0.600523 0.217054 0.0291568 0.000689 2.5e-07 0 0 0 0 0 0 0 0 0 0 0 0 0 0 
1 0.601084 0.218032 0.0295075 0.0006955 7.25e-06 0 0 0 0 0 0 0 0 0 0 0 0 0 0 
1 0.598257 0.215179 0.0282598 0.0006335 0 0 0 0 0 0 0 0 0 0 0 0 0 0 0 
1 0.599844 0.217877 0.0295418 0.0006165 1.5e-06 0 0 0 0 0 0 0 0 0 0 0 0 0 0 
1 0.600652 0.217721 0.0296043 0.00066475 2.5e-06 0 0 0 0 0 0 0 0 0 0 0 0 0 0 
1 0.600626 0.217612 0.0291055 0.000605 3.25e-06 0 0 0 0 0 0 0 0 0 0 0 0 0 0 
1 0.598424 0.215029 0.028311 0.000586 4.25e-06 0 0 0 0 0 0 0 0 0 0 0 0 0 0 
1 0.601151 0.218487 0.0296813 0.00073025 4e-06 0 0 0 0 0 0 0 0 0 0 0 0 0 0 
1 0.600113 0.217912 0.029634 0.00068475 7.5e-07 0 0 0 0 0 0 0 0 0 0 0 0 0 0 
1 0.599175 0.216113 0.0288395 0.000612 0 0 0 0 0 0 0 0 0 0 0 0 0 0 0 
1 0.599897 0.216667 0.0293285 0.00066725 1.5e-06 0 0 0 0 0 0 0 0 0 0 0 0 0 0 
1 0.598407 0.21504 0.0285603 0.00060325 0 0 0 0 0 0 0 0 0 0 0 0 0 0 0 
1 0.599926 0.216534 0.0290023 0.00066925 5.75e-06 0 0 0 0 0 0 0 0 0 0 0 0 0 0 
1 0.60096 0.217303 0.0292735 0.000641 0 0 0 0 0 0 0 0 0 0 0 0 0 0 0 
1 0.599744 0.21676 0.029383 0.00060975 2e-06 0 0 0 0 0 0 0 0 0 0 0 0 0 0 
1 0.59986 0.21724 0.0292073 0.000644 0 0 0 0 0 0 0 0 0 0 0 0 0 0 0 
1 0.599151 0.215543 0.0285813 0.000593 7.5e-07 0 0 0 0 0 0 0 0 0 0 0 0 0 0 
1 0.601113 0.217817 0.0293683 0.00066875 1.5e-06 0 0 0 0 0 0 0 0 0 0 0 0 0 0 
