1 0.798689 0.514732 0.223484 0.0507413 0.00475625 0.00015 3.75e-06 0 0 0 0 0 0 0 0 0 0 0 0 
1 0.800576 0.517894 0.226448 0.051795 0.00492375 0.00026375 6.25e-06 0 0 0 0 0 0 0 0 0 0 0 0 
1 0.800039 0.517696 0.226018 0.0521775 0.00492375 0.00016875 2.5e-06 0 0 0 0 0 0 0 0 0 0 0 0 
1 0.800907 0.519082 0.22761 0.0517638 0.00478 0.0001925 8.75e-06 0 0 0 0 0 0 0 0 0 0 0 0 
1 0.800035 0.518151 0.226583 0.05133 0.0048 0.00018 3.75e-06 0 0 0 0 0 0 0 0 0 0 0 0 
1 0.799175 0.514516 0.224026 0.0508888 0.00493625 0.0002 5e-06 0 0 0 0 0 0 0 0 0 0 0 0 
1 0.799181 0.514929 0.223329 0.0504313 0.00453 0.00017125 0 0 0 0 0 0 0 0 0 0 0 0 0 
1 0.800195 0.517314 0.226095 0.0521638 0.00478875 0.0001925 3.75e-06 0 0 0 0 0 0 0 0 0 0 0 0 
1 0.801769 0.519591 0.229235 0.0536488 0.00541625 0.00029875 1.5e-05 2.5e-06 0 0 0 0 0 0 0 0 0 0 0 
1 0.798055 0.514175 0.221939 0.050215 0.004745 0.0002075 0 0 0 0 0 0 0 0 0 0 0 0 0 
1 0.799219 0.515807 0.223555 0.0501775 0.00448375 0.00017 2.5e-06 0 0 0 0 0 0 0 0 0 0 0 0 
1 0.800352 0.518516 0.227023 0.0521888 0.00492 0.0002075 6.25e-06 0 0 0 0 0 0 0 0 0 0 0 0 
1 0.800425 0.517454 0.226138 0.0511775 0.004785 0.000225 6.25e-06 0 0 0 0 0 0 0 0 0 0 0 0 
1 0.799181 0.515974 0.224376 0.0512125 0.00492625 0.000165 0 0 0 0 0 0 0 0 0 0 0 0 0 
1 0.803201 0.521834 0.230775 0.0536825 0.00532125 0.00021 1.125e-05 0 0 0 0 0 0 0 0 0 0 0 0 
1 0.804234 0.524692 0.233251 0.0550688 0.005635 0.0002375 3.75e-06 0 0 0 0 0 0 0 0 0 0 0 0 
1 0.79919 0.515782 0.225561 0.0509163 0.00496125 0.00021375 1.25e-06 0 0 0 0 0 0 0 0 0 0 0 0 
1 0.800626 0.517579 0.225731 0.051115 0.0047725 0.00015625 1.25e-06 0 0 0 0 0 0 0 0 0 0 0 0 
1 0.800976 0.517665 0.225479 0.0511513 0.0048875 0.00022 5e-06 1.25e-06 0 0 0 0 0 0 0 0 0 0 0 
1 0.802492 0.52155 0.22994 0.0533625 0.00520875 0.0002175 1.125e-05 0 0 0 0 0 0 0 0 0 0 0 0 
1 0.799254 0.515214 0.224181 0.0510663 0.0048275 0.000195 7.5e-06 0 0 0 0 0 0 0 0 0 0 0 0 
1 0.800839 0.516994 0.22617 0.0514925 0.004905 0.00018125 2.5e-06 0 0 0 0 0 0 0 0 0 0 0 0 
1 0.802939 0.522705 0.230888 0.0545525 0.00527625 0.00022625 8.75e-06 0 0 0 0 0 0 0 0 0 0 0 0 
1 0.799485 0.515746 0.224616 0.05108 0.00472 0.00018 2.5e-06 0 0 0 0 0 0 0 0 0 0 0 0 
1 0.801272 0.521071 0.229649 0.0537638 0.0054975 0.00023125 5e-06 0 0 0 0 0 0 0 0 0 0 0 0 
1 0.800987 0.518586 0.226244 0.051025 0.00469625 0.000225 5e-06 0 0 0 0 0 0 0 0 0 0 0 0 
1 0.797992 0.512559 0.221266 0.0497488 0.0045575 0.00021125 1.25e-05 0 0 0 0 0 0 0 0 0 0 0 0 
1 0.800424 0.518034 0.225771 0.0515213 0.00507625 0.00018375 2.5e-06 0 0 0 0 0 0 0 0 0 0 0 0 
1 0.79997 0.514601 0.224734 0.0513238 0.00484125 0.00019625 3.75e-06 0 0 0 0 0 0 0 0 0 0 0 0 
0
40 100
1 0.800732 0.519005 0.226658 0.0517013 0.00475875 0.00018375 2.5e-06 0 0 0 0 0 0 0 0 0 0 0 0 
1 0.80044 0.516834 0.225509 0.0515625 0.00491625 0.00021625 7.5e-06 0 0 0 0 0 0 0 0 0 0 0 0 
1 0.799159 0.515389 0.222433 0.0491788 0.00446875 0.0001425 3.75e-06 1.25e-06 0 0 0 0 0 0 0 0 0 0 0 
1 0.797437 0.513076 0.220751 0.04851 0.00435 0.00014625 1e-05 0 0 0 0 0 0 0 0 0 0 0 0 
1 0.799184 0.514511 0.222195 0.0498363 0.00460875 0.000165 7.5e-06 0 0 0 0 0 0 0 0 0 0 0 0 
1 0.802161 0.521091 0.229555 0.0534388 0.00527375 0.0002025 5e-06 0 0 0 0 0 0 0 0 0 0 0 0 
1 0.800272 0.516621 0.225518 0.051185 0.00482625 0.00024 5e-06 1.25e-06 0 0 0 0 0 0 0 0 0 0 0 
1 0.799437 0.514701 0.22344 0.0502375 0.00450625 0.000165 3.75e-06 1.25e-06 0 0 0 0 0 0 0 0 0 0 0 
1 0.801459 0.520125 0.228585 0.0532313 0.00519125 0.000255 8.75e-06 0 0 0 0 0 0 0 0 0 0 0 0 
1 0.800651 0.518465 0.227271 0.0527525 0.0052875 0.00021375 6.25e-06 0 0 0 0 0 0 0 0 0 0 0 0 
1 0.800775 0.518866 0.227396 0.051745 0.00487125 0.000195 3.75e-06 0 0 0 0 0 0 0 0 0 0 0 0 
1 0.79948 0.516339 0.224676 0.0511325 0.0049275 0.00019625 2.5e-06 0 0 0 0 0 0 0 0 0 0 0 0 
1 0.798019 0.512116 0.220208 0.04899 0.0043875 0.0001475 6.25e-06 0 0 0 0 0 0 0 0 0 0 0 0 
1 0.799975 0.515889 0.224466 0.050855 0.00470125 0.00020375 8.75e-06 1.25e-06 0 0 0 0 0 0 0 0 0 0 0 
1 0.802286 0.520895 0.229236 0.052775 0.0052075 0.00022875 3.75e-06 0 0 0 0 0 0 0 0 0 0 0 0 
1 0.800061 0.518302 0.227588 0.0517713 0.0047925 0.00017 1.25e-06 0 0 0 0 0 0 0 0 0 0 0 0 
1 0.799796 0.517041 0.225314 0.051265 0.0048475 0.0002175 3.75e-06 0 0 0 0 0 0 0 0 0 0 0 0 
1 0.80215 0.519649 0.228348 0.0527888 0.00495125 0.0002225 5e-06 0 0 0 0 0 0 0 0 0 0 0 0 
1 0.799467 0.515759 0.223945 0.0507188 0.00472 0.00021625 3.75e-06 0 0 0 0 0 0 0 0 0 0 0 0 
1 0.79961 0.515949 0.224776 0.0502913 0.004685 0.00014875 2.5e-06 0 0 0 0 0 0 0 0 0 0 0 0 
1 0.79732 0.512007 0.220341 0.0488963 0.00425375 0.00018375 5e-06 0 0 0 0 0 0 0 0 0 0 0 0 
1 0.800795 0.517419 0.226996 0.0518175 0.00502625 0.00020375 5e-06 0 0 0 0 0 0 0 0 0 0 0 0 
1 0.799332 0.515934 0.223708 0.05039 0.00463875 0.000175 7.5e-06 0 0 0 0 0 0 0 0 0 0 0 0 
1 0.799617 0.515897 0.225029 0.0510425 0.00463875 0.00019625 7.5e-06 0 0 0 0 0 0 0 0 0 0 0 0 
1 0.799102 0.514001 0.222259 0.0500063 0.0045275 0.00018 5e-06 0 0 0 0 0 0 0 0 0 0 0 0 
1 0.800231 0.518162 0.226866 0.0520188 0.00513625 0.0002275 6.25e-06 0 0 0 0 0 0 0 0 0 0 0 0 
1 0.800769 0.518271 0.22683 0.0519938 0.00478 0.00016125 2.5e-06 0 0 0 0 0 0 0 0 0 0 0 0 
1 0.799605 0.516231 0.22441 0.0507563 0.0046125 0.00017125 2.5e-06 0 0 0 0 0 0 0 0 0 0 0 0 
1 0.798821 0.514617 0.221621 0.0493275 0.00458625 0.0001775 8.75e-06 0 0 0 0 0 0 0 0 0 0 0 0 
1 0.800234 0.516772 0.224508 0.0505438 0.00470125 0.00018 1e-05 3.75e-06 0 0 0 0 0 0 0 0 0 0 0 
1 0.801097 0.518337 0.229285 0.05322 0.005185 0.00021625 1.125e-05 0 0 0 0 0 0 0 0 0 0 0 0 
1 0.799896 0.516504 0.224496 0.0507825 0.0045775 0.0001625 3.75e-06 0 0 0 0 0 0 0 0 0 0 0 0 
1 0.801724 0.518822 0.228463 0.0531125 0.0050575 0.0002125 8.75e-06 0 0 0 0 0 0 0 0 0 0 0 0 
1 0.799622 0.51484 0.222009 0.0502338 0.00467 0.0002225 6.25e-06 0 0 0 0 0 0 0 0 0 0 0 0 
1 0.799016 0.514747 0.222916 0.049825 0.0046325 0.00018875 5e-06 0 0 0 0 0 0 0 0 0 0 0 0 
1 0.799306 0.51462 0.22279 0.0499563 0.00441625 0.00014875 1.25e-06 0 0 0 0 0 0 0 0 0 0 0 0 
1 0.799296 0.51572 0.224338 0.0508875 0.00482875 0.00024125 5e-06 0 0 0 0 0 0 0 0 0 0 0 0 
1 0.800464 0.516984 0.225095 0.0505488 0.00483625 0.00017 0 0 0 0 0 0 0 0 0 0 0 0 0 
1 0.7997 0.516156 0.224214 0.05075 0.004715 0.000175 5e-06 0 0 0 0 0 0 0 0 0 0 0 0 
1 0.798892 0.51467 0.223166 0.050225 0.0048025 0.00020625 1.125e-05 0 0 0 0 0 0 0 0 0 0 0 0 
1 0.798067 0.51302 0.221108 0.0493163 0.0045425 0.00016375 0 0 0 0 0 0 0 0 0 0 0 0 0 
1 0.79866 0.516086 0.225566 0.0506738 0.0047175 0.00016375 5e-06 0 0 0 0 0 0 0 0 0 0 0 0 
1 0.799585 0.515985 0.224376 0.05085 0.0048225 0.000205 5e-06 1.25e-06 0 0 0 0 0 0 0 0 0 0 0 
1 0.802136 0.521021 0.228433 0.0523825 0.0049525 0.00022125 6.25e-06 0 0 0 0 0 0 0 0 0 0 0 0 
1 0.8022 0.520931 0.23067 0.0541375 0.0054125 0.00026125 5e-06 0 0 0 0 0 0 0 0 0 0 0 0 
1 0.800756 0.518792 0.227183 0.0520138 0.0051925 0.00021375 1e-05 0 0 0 0 0 0 0 0 0 0 0 0 
1 0.797635 0.512254 0.22081 0.0492088 0.00439625 0.00014625 6.25e-06 0 0 0 0 0 0 0 0 0 0 0 0 
1 0.798477 0.514049 0.223001 0.0508113 0.0047525 0.00019125 2.5e-06 0 0 0 0 0 0 0 0 0 0 0 0 
1 0.800874 0.51827 0.227195 0.0519363 0.00495125 0.00018625 2.5e-06 0 0 0 0 0 0 0 0 0 0 0 0 
1 0.800295 0.517427 0.226386 0.0522263 0.00518 0.00019625 7.5e-06 0 0 0 0 0 0 0 0 0 0 0 0 
1 0.800111 0.516987 0.224814 0.0506613 0.00456625 0.000125 3.75e-06 0 0 0 0 0 0 0 0 0 0 0 0 
1 0.801705 0.520016 0.227928 0.0521388 0.00499875 0.0002 8.75e-06 0 0 0 0 0 0 0 0 0 0 0 0 
1 0.799451 0.516137 0.22476 0.0511325 0.00482125 0.0001525 5e-06 0 0 0 0 0 0 0 0 0 0 0 0 
1 0.800064 0.516726 0.225635 0.0513388 0.00479625 0.0002025 7.5e-06 1.25e-06 0 0 0 0 0 0 0 0 0 0 0 
1 0.799355 0.515824 0.224101 0.050245 0.00457875 0.00021375 1.125e-05 0 0 0 0 0 0 0 0 0 0 0 0 
1 0.799887 0.517156 0.226258 0.0520888 0.00521625 0.00023125 3.75e-06 0 0 0 0 0 0 0 0 0 0 0 0 
1 0.80098 0.518707 0.226946 0.0515463 0.00460625 0.000185 7.5e-06 1.25e-06 0 0 0 0 0 0 0 0 0 0 0 
1 0.801552 0.519671 0.228326 0.05269 0.00510875 0.0002275 5e-06 0 0 0 0 0 0 0 0 0 0 0 0 
1 0.79759 0.512574 0.220401 0.0488938 0.0043025 0.00016 0 0 0 0 0 0 0 0 0 0 0 0 0 
1 0.799607 0.515977 0.224734 0.0505888 0.0047875 0.0001775 1.25e-06 0 0 0 0 0 0 0 0 0 0 0 0 
1 0.798411 0.512956 0.22238 0.0502375 0.0047025 0.0001775 2.5e-06 0 0 0 0 0 0 0 0 0 0 0 0 
1 0.800224 0.517636 0.224828 0.0509075 0.0047375 0.00019 1.25e-06 0 0 0 0 0 0 0 0 0 0 0 0 
1 0.798556 0.51409 0.223533 0.0499338 0.00444625 0.00016375 0 0 0 0 0 0 0 0 0 0 0 0 0 
1 0.799831 0.515646 0.223583 0.050035 0.0046075 0.00017875 5e-06 0 0 0 0 0 0 0 0 0 0 0 0 
1 0.80152 0.519 0.226626 0.0512313 0.0048425 0.00016375 3.75e-06 0 0 0 0 0 0 0 0 0 0 0 0 
1 0.800182 0.516986 0.225438 0.0513613 0.00488875 0.0002 2.5e-06 0 0 0 0 0 0 0 0 0 0 0 0 
1 0.802072 0.520756 0.229354 0.0535313 0.00538375 0.0002175 7.5e-06 0 0 0 0 0 0 0 0 0 0 0 0 
1 0.798524 0.512731 0.221293 0.0500213 0.00437375 0.00015125 1.25e-06 0 0 0 0 0 0 0 0 0 0 0 0 
1 0.802222 0.521316 0.229836 0.0534438 0.005075 0.00021375 3.75e-06 0 0 0 0 0 0 0 0 0 0 0 0 
1 0.801327 0.51893 0.226089 0.0514188 0.00512 0.0002525 6.25e-06 0 0 0 0 0 0 0 0 0 0 0 0 
1 0.801331 0.519064 0.227994 0.05253 0.00496125 0.00018 0 0 0 0 0 0 0 0 0 0 0 0 0 
1 0.799265 0.516501 0.225413 0.0513575 0.00479625 0.00019375 3.75e-06 0 0 0 0 0 0 0 0 0 0 0 0 
1 0.800386 0.518171 0.227625 0.0525913 0.00486125 0.00020125 7.5e-06 0 0 0 0 0 0 0 0 0 0 0 0 
1 0.799039 0.514401 0.223483 0.0503563 0.004825 0.0002125 3.75e-06 0 0 0 0 0 0 0 0 0 0 0 0 
1 0.7992 0.515686 0.224901 0.0512813 0.00486875 0.00019 1e-05 0 0 0 0 0 0 0 0 0 0 0 0 
1 0.79984 0.515319 0.224759 0.0511813 0.004715 0.00019125 3.75e-06 0 0 0 0 0 0 0 0 0 0 0 0 
1 0.80133 0.519641 0.228088 0.0522788 0.0049275 0.00022125 1.125e-05 1.25e-06 0 0 0 0 0 0 0 0 0 0 0 
1 0.797821 0.512841 0.220015 0.0481988 0.00416375 0.00014625 3.75e-06 0 0 0 0 0 0 0 0 0 0 0 0 
1 0.801784 0.520281 0.227718 0.0513975 0.0049525 0.000165 2.5e-06 0 0 0 0 0 0 0 0 0 0 0 0 
1 0.801691 0.519317 0.226691 0.051695 0.00492375 0.000225 5e-06 0 0 0 0 0 0 0 0 0 0 0 0 
1 0.800249 0.517216 0.226079 0.0518675 0.0048025 0.0001475 1.25e-06 0 0 0 0 0 0 0 0 0 0 0 0 
1 0.798162 0.514124 0.221804 0.0496688 0.00442 0.0001275 1.25e-06 0 0 0 0 0 0 0 0 0 0 0 0 
1 0.800094 0.517214 0.225471 0.050745 0.00476 0.0001825 2.5e-06 0 0 0 0 0 0 0 0 0 0 0 0 
1 0.799964 0.517082 0.226611 0.052055 0.00496375 0.00020625 1e-05 0 0 0 0 0 0 0 0 0 0 0 0 
1 0.800515 0.517656 0.226231 0.0522288 0.005245 0.00029875 3.75e-06 0 0 0 0 0 0 0 0 0 0 0 0 
1 0.798185 0.513616 0.222126 0.0502688 0.0047025 0.00018 3.75e-06 0 0 0 0 0 0 0 0 0 0 0 0 
1 0.800084 0.516365 0.224938 0.0510088 0.00472875 0.00017375 1.25e-06 0 0 0 0 0 0 0 0 0 0 0 0 
1 0.80028 0.517794 0.225868 0.0513463 0.00476875 0.00021625 2.5e-06 0 0 0 0 0 0 0 0 0 0 0 0 
1 0.798299 0.513454 0.221133 0.0494325 0.00435875 0.00015375 2.5e-06 0 0 0 0 0 0 0 0 0 0 0 0 
1 0.797832 0.512436 0.221306 0.0496363 0.00457625 0.00015375 7.5e-06 0 0 0 0 0 0 0 0 0 0 0 0 
1 0.800255 0.517796 0.225143 0.0515838 0.00497875 0.00021 0 0 0 0 0 0 0 0 0 0 0 0 0 
1 0.799616 0.515457 0.225164 0.0517525 0.00495875 0.000205 2.5e-06 0 0 0 0 0 0 0 0 0 0 0 0 
1 0.800415 0.517274 0.22624 0.0520663 0.0052325 0.00022375 3.75e-06 0 0 0 0 0 0 0 0 0 0 0 0 
1 0.800574 0.518552 0.227593 0.0522075 0.00488875 0.0001625 2.5e-06 0 0 0 0 0 0 0 0 0 0 0 0 
1 0.800416 0.517401 0.22499 0.0506075 0.00460125 0.0001875 2.5e-06 0 0 0 0 0 0 0 0 0 0 0 0 
1 0.801981 0.52022 0.228275 0.0522875 0.00491375 0.00020625 0 0 0 0 0 0 0 0 0 0 0 0 0 
1 0.800917 0.518895 0.226179 0.0509288 0.00469875 0.00019875 1.25e-05 0 0 0 0 0 0 0 0 0 0 0 0 
1 0.799215 0.51521 0.223936 0.0507225 0.00474875 0.00018 7.5e-06 0 0 0 0 0 0 0 0 0 0 0 0 
1 0.799041 0.51479 0.222199 0.0497088 0.00443125 0.0001425 1.25e-06 0 0 0 0 0 0 0 0 0 0 0 0 
1 0.799822 0.517311 0.226839 0.0517238 0.00486875 0.00015375 1.25e-06 0 0 0 0 0 0 0 0 0 0 0 0 
