1 0.750824 0.425165 0.137334 0.015288 0.00027525 3.25e-06 0 0 0 0 0 0 0 0 0 0 0 0 0 
1 0.749536 0.420742 0.134662 0.0146165 0.00026975 2.5e-07 0 0 0 0 0 0 0 0 0 0 0 0 0 
1 0.749621 0.422315 0.135425 0.014415 0.0002375 0 0 0 0 0 0 0 0 0 0 0 0 0 0 
1 0.748165 0.420408 0.134539 0.0145443 0.00026425 0 0 0 0 0 0 0 0 0 0 0 0 0 0 
1 0.750622 0.424272 0.137599 0.0153883 0.000325 0 0 0 0 0 0 0 0 0 0 0 0 0 0 
1 0.750302 0.422927 0.135934 0.0149303 0.00026525 1.25e-06 0 0 0 0 0 0 0 0 0 0 0 0 0 
1 0.750144 0.422299 0.135983 0.0148603 0.0003045 1.5e-06 0 0 0 0 0 0 0 0 0 0 0 0 0 
1 0.749443 0.422116 0.135725 0.0151578 0.00027375 0 0 0 0 0 0 0 0 0 0 0 0 0 0 
1 0.749499 0.422473 0.136473 0.0149213 0.00027175 7.5e-07 0 0 0 0 0 0 0 0 0 0 0 0 0 
1 0.750103 0.423092 0.136497 0.0151873 0.00024475 5e-07 0 0 0 0 0 0 0 0 0 0 0 0 0 
1 0.749098 0.420682 0.135105 0.0149625 0.00028675 2.75e-06 0 0 0 0 0 0 0 0 0 0 0 0 0 
1 0.748193 0.419194 0.133032 0.0143613 0.00023475 0 0 0 0 0 0 0 0 0 0 0 0 0 0 
1 0.750655 0.423908 0.136433 0.0153575 0.00030825 7.5e-07 0 0 0 0 0 0 0 0 0 0 0 0 0 
1 0.750512 0.422993 0.135896 0.0153198 0.000313 3.5e-06 0 0 0 0 0 0 0 0 0 0 0 0 0 
1 0.749768 0.421878 0.135306 0.014796 0.0002475 7.5e-07 0 0 0 0 0 0 0 0 0 0 0 0 0 
1 0.750816 0.424878 0.137794 0.015637 0.0003165 2.5e-07 0 0 0 0 0 0 0 0 0 0 0 0 0 
1 0.748857 0.420687 0.134602 0.0145915 0.00026225 0 0 0 0 0 0 0 0 0 0 0 0 0 0 
1 0.749737 0.422219 0.135858 0.0148 0.00023125 1e-06 0 0 0 0 0 0 0 0 0 0 0 0 0 
1 0.749223 0.421848 0.135616 0.0150085 0.00031575 5.25e-06 0 0 0 0 0 0 0 0 0 0 0 0 0 
1 0.751554 0.424251 0.136611 0.0151883 0.000284 0 0 0 0 0 0 0 0 0 0 0 0 0 0 
1 0.749815 0.423168 0.136501 0.0153538 0.0002895 1.25e-06 0 0 0 0 0 0 0 0 0 0 0 0 0 
1 0.748583 0.421364 0.135205 0.015045 0.00026325 1.25e-06 0 0 0 0 0 0 0 0 0 0 0 0 0 
1 0.748549 0.420238 0.134453 0.0148643 0.0003085 7.5e-07 0 0 0 0 0 0 0 0 0 0 0 0 0 
1 0.748568 0.420341 0.134094 0.0149525 0.00026875 0 0 0 0 0 0 0 0 0 0 0 0 0 0 
1 0.750848 0.425269 0.13786 0.0153633 0.0002885 0 0 0 0 0 0 0 0 0 0 0 0 0 0 
1 0.750016 0.423736 0.137383 0.0154805 0.00027475 3.25e-06 0 0 0 0 0 0 0 0 0 0 0 0 0 
1 0.752095 0.425444 0.137426 0.0150495 0.000266 3.25e-06 0 0 0 0 0 0 0 0 0 0 0 0 0 
1 0.751344 0.425227 0.138257 0.0158658 0.00032125 4.25e-06 0 0 0 0 0 0 0 0 0 0 0 0 0 
1 0.751478 0.426691 0.13923 0.0159338 0.000312 4.5e-06 0 0 0 0 0 0 0 0 0 0 0 0 0 
1 0.749088 0.420877 0.134808 0.0148248 0.00026775 5.25e-06 0 0 0 0 0 0 0 0 0 0 0 0 0 
1 0.751116 0.425417 0.137642 0.0152293 0.00029925 5e-07 0 0 0 0 0 0 0 0 0 0 0 0 0 
1 0.749865 0.422685 0.13606 0.015046 0.000253 2.25e-06 0 0 0 0 0 0 0 0 0 0 0 0 0 
1 0.751382 0.425246 0.137 0.015228 0.000263 0 0 0 0 0 0 0 0 0 0 0 0 0 0 
1 0.748902 0.421642 0.135569 0.015126 0.00028525 2.75e-06 0 0 0 0 0 0 0 0 0 0 0 0 0 
1 0.750414 0.422279 0.135362 0.014943 0.000275 2.5e-07 0 0 0 0 0 0 0 0 0 0 0 0 0 
1 0.748834 0.420769 0.134619 0.0148523 0.0002575 0 0 0 0 0 0 0 0 0 0 0 0 0 0 
1 0.7499 0.421876 0.13528 0.0151623 0.000313 7.5e-07 0 0 0 0 0 0 0 0 0 0 0 0 0 
1 0.749734 0.421789 0.135599 0.0147713 0.00026175 2.25e-06 0 0 0 0 0 0 0 0 0 0 0 0 0 
1 0.750662 0.424633 0.137076 0.0152845 0.0002755 7.5e-07 0 0 0 0 0 0 0 0 0 0 0 0 0 
1 0.749308 0.421847 0.134957 0.0147585 0.00028825 4e-06 0 0 0 0 0 0 0 0 0 0 0 0 0 
1 0.748696 0.42009 0.134074 0.0147093 0.00026775 2e-06 0 0 0 0 0 0 0 0 0 0 0 0 0 
1 0.750822 0.424332 0.137 0.0152528 0.0002545 0 0 0 0 0 0 0 0 0 0 0 0 0 0 
1 0.747946 0.419501 0.134252 0.0147403 0.00025375 2.5e-07 0 0 0 0 0 0 0 0 0 0 0 0 0 
1 0.751575 0.425471 0.137624 0.0154963 0.00029925 1.25e-06 0 0 0 0 0 0 0 0 0 0 0 0 0 
1 0.748715 0.419933 0.134484 0.0148233 0.000282 5e-07 0 0 0 0 0 0 0 0 0 0 0 0 0 
1 0.750576 0.423605 0.136315 0.0149745 0.000261 4e-06 0 0 0 0 0 0 0 0 0 0 0 0 0 
1 0.749948 0.42208 0.135242 0.014855 0.00023075 5e-07 0 0 0 0 0 0 0 0 0 0 0 0 0 
1 0.750605 0.424794 0.137507 0.0150303 0.00031125 0 0 0 0 0 0 0 0 0 0 0 0 0 0 
1 0.748501 0.420392 0.134501 0.0150518 0.00028775 0 0 0 0 0 0 0 0 0 0 0 0 0 0 
1 0.751581 0.425011 0.137706 0.0154935 0.00027625 4.25e-06 0 0 0 0 0 0 0 0 0 0 0 0 0 
1 0.75142 0.424584 0.137553 0.0154188 0.0002605 0 0 0 0 0 0 0 0 0 0 0 0 0 0 
1 0.750171 0.423865 0.13686 0.0151495 0.00027975 1.5e-06 0 0 0 0 0 0 0 0 0 0 0 0 0 
1 0.749663 0.421545 0.134577 0.014756 0.0002885 0 0 0 0 0 0 0 0 0 0 0 0 0 0 
1 0.748511 0.420534 0.13506 0.0147598 0.00029625 7.5e-07 0 0 0 0 0 0 0 0 0 0 0 0 0 
1 0.74761 0.419083 0.133264 0.0147855 0.00033275 5.75e-06 0 0 0 0 0 0 0 0 0 0 0 0 0 
1 0.748335 0.420786 0.134019 0.0143018 0.0002535 2.5e-07 0 0 0 0 0 0 0 0 0 0 0 0 0 
1 0.749489 0.422195 0.135756 0.0148258 0.000254 0 0 0 0 0 0 0 0 0 0 0 0 0 0 
1 0.749215 0.421249 0.135344 0.0148725 0.00027325 1.25e-06 0 0 0 0 0 0 0 0 0 0 0 0 0 
1 0.748447 0.420938 0.135248 0.0147768 0.0002675 5e-07 0 0 0 0 0 0 0 0 0 0 0 0 0 
1 0.747858 0.420377 0.134349 0.0146693 0.00026025 2.5e-07 0 0 0 0 0 0 0 0 0 0 0 0 0 
1 0.74861 0.420564 0.134242 0.0144475 0.000241 5.25e-06 0 0 0 0 0 0 0 0 0 0 0 0 0 
1 0.750938 0.423808 0.137173 0.0151833 0.000295 2.75e-06 0 0 0 0 0 0 0 0 0 0 0 0 0 
1 0.749971 0.422966 0.136575 0.0154828 0.00032225 1.5e-06 0 0 0 0 0 0 0 0 0 0 0 0 0 
1 0.751186 0.424935 0.137943 0.0152373 0.0002885 0 0 0 0 0 0 0 0 0 0 0 0 0 0 
1 0.746128 0.415347 0.130406 0.0134995 0.0002445 3e-06 0 0 0 0 0 0 0 0 0 0 0 0 0 
1 0.748322 0.421097 0.13522 0.0149338 0.00028475 5e-07 0 0 0 0 0 0 0 0 0 0 0 0 0 
1 0.750952 0.423984 0.136981 0.0152153 0.00029625 1.25e-06 0 0 0 0 0 0 0 0 0 0 0 0 0 
1 0.751352 0.425275 0.138348 0.0156445 0.00029575 1.25e-06 0 0 0 0 0 0 0 0 0 0 0 0 0 
1 0.749794 0.423253 0.135738 0.0152245 0.00027475 0 0 0 0 0 0 0 0 0 0 0 0 0 0 
1 0.749625 0.422479 0.135718 0.0150593 0.0002475 0 0 0 0 0 0 0 0 0 0 0 0 0 0 
1 0.751591 0.425349 0.137862 0.015443 0.00031725 0 0 0 0 0 0 0 0 0 0 0 0 0 0 
1 0.750401 0.422318 0.136046 0.0149363 0.000278 5e-07 0 0 0 0 0 0 0 0 0 0 0 0 0 
1 0.747803 0.419708 0.133746 0.0147125 0.0002775 0 0 0 0 0 0 0 0 0 0 0 0 0 0 
1 0.749202 0.421401 0.134801 0.014655 0.000244 1e-06 0 0 0 0 0 0 0 0 0 0 0 0 0 
1 0.750758 0.423634 0.135927 0.0148708 0.00027475 0 0 0 0 0 0 0 0 0 0 0 0 0 0 
1 0.749597 0.422126 0.134815 0.0149325 0.00028225 0 0 0 0 0 0 0 0 0 0 0 0 0 0 
1 0.749042 0.421144 0.134372 0.0144503 0.0002385 0 0 0 0 0 0 0 0 0 0 0 0 0 0 
1 0.749254 0.42078 0.134116 0.0142588 0.000255 1e-06 0 0 0 0 0 0 0 0 0 0 0 0 0 
1 0.747435 0.418519 0.133055 0.014359 0.0002885 2.25e-06 0 0 0 0 0 0 0 0 0 0 0 0 0 
1 0.748464 0.420603 0.133499 0.014464 0.000245 0 0 0 0 0 0 0 0 0 0 0 0 0 0 
1 0.752087 0.426077 0.138618 0.0158205 0.00029575 7.5e-07 0 0 0 0 0 0 0 0 0 0 0 0 0 
1 0.750414 0.424536 0.137286 0.0153325 0.0003155 3.75e-06 0 0 0 0 0 0 0 0 0 0 0 0 0 
1 0.749381 0.420818 0.134621 0.014913 0.00025325 7.5e-07 0 0 0 0 0 0 0 0 0 0 0 0 0 
1 0.750952 0.425079 0.138067 0.0156323 0.00032975 2.5e-07 0 0 0 0 0 0 0 0 0 0 0 0 0 
1 0.749198 0.422563 0.13614 0.0150638 0.00024325 1.75e-06 0 0 0 0 0 0 0 0 0 0 0 0 0 
1 0.751048 0.42436 0.137451 0.0152798 0.000275 1.75e-06 0 0 0 0 0 0 0 0 0 0 0 0 0 
1 0.748553 0.420905 0.134639 0.014758 0.00026225 3.25e-06 0 0 0 0 0 0 0 0 0 0 0 0 0 
1 0.74827 0.418606 0.132906 0.0142828 0.000279 0 0 0 0 0 0 0 0 0 0 0 0 0 0 
1 0.750086 0.423476 0.136943 0.0154615 0.00029925 0 0 0 0 0 0 0 0 0 0 0 0 0 0 
1 0.748715 0.421789 0.135341 0.0151215 0.00028975 5.75e-06 0 0 0 0 0 0 0 0 0 0 0 0 0 
1 0.749413 0.421002 0.134032 0.0144078 0.00028325 1.75e-06 0 0 0 0 0 0 0 0 0 0 0 0 0 
1 0.751229 0.425084 0.137891 0.0156553 0.0003085 2.5e-07 0 0 0 0 0 0 0 0 0 0 0 0 0 
1 0.749771 0.422224 0.135361 0.0150175 0.00026925 1.75e-06 0 0 0 0 0 0 0 0 0 0 0 0 0 
1 0.750908 0.423796 0.137311 0.015371 0.000301 2e-06 0 0 0 0 0 0 0 0 0 0 0 0 0 
1 0.74964 0.422947 0.135902 0.014874 0.00024775 2.5e-07 0 0 0 0 0 0 0 0 0 0 0 0 0 
1 0.747789 0.417716 0.131504 0.0141863 0.000238 3.5e-06 0 0 0 0 0 0 0 0 0 0 0 0 0 
1 0.752413 0.427365 0.139794 0.015823 0.0002705 3e-06 0 0 0 0 0 0 0 0 0 0 0 0 0 
1 0.748988 0.42124 0.135471 0.0150545 0.00027525 1.75e-06 0 0 0 0 0 0 0 0 0 0 0 0 0 
1 0.751064 0.424159 0.137216 0.0151755 0.000295 0 0 0 0 0 0 0 0 0 0 0 0 0 0 
1 0.750457 0.424464 0.13746 0.0154233 0.00027425 1.25e-06 0 0 0 0 0 0 0 0 0 0 0 0 0 
1 0.749358 0.421698 0.134794 0.014954 0.0002715 7.5e-07 0 0 0 0 0 0 0 0 0 0 0 0 0 
1 0.750311 0.422829 0.136242 0.015014 0.0002965 0 0 0 0 0 0 0 0 0 0 0 0 0 0 
1 0.750635 0.423763 0.136872 0.0153553 0.00029975 2.75e-06 0 0 0 0 0 0 0 0 0 0 0 0 0 
1 0.750786 0.423568 0.136746 0.0149828 0.00025325 0 0 0 0 0 0 0 0 0 0 0 0 0 0 
1 0.750914 0.424171 0.137038 0.015499 0.00031475 0 0 0 0 0 0 0 0 0 0 0 0 0 0 
1 0.747842 0.41995 0.133306 0.014286 0.00027575 3e-06 1.5e-06 0 0 0 0 0 0 0 0 0 0 0 0 
1 0.749079 0.422249 0.135854 0.0152308 0.00028625 3.5e-06 0 0 0 0 0 0 0 0 0 0 0 0 0 
1 0.752507 0.42733 0.139847 0.0158958 0.0002985 4.25e-06 0 0 0 0 0 0 0 0 0 0 0 0 0 
1 0.748824 0.420915 0.135339 0.0149093 0.00025475 1e-06 0 0 0 0 0 0 0 0 0 0 0 0 0 
1 0.749701 0.422837 0.135623 0.015055 0.00028625 0 0 0 0 0 0 0 0 0 0 0 0 0 0 
1 0.749483 0.422705 0.135956 0.0148228 0.000248 0 0 0 0 0 0 0 0 0 0 0 0 0 0 
1 0.752477 0.426632 0.139398 0.0160288 0.00029375 0 0 0 0 0 0 0 0 0 0 0 0 0 0 
1 0.748535 0.421267 0.134953 0.014636 0.00026175 5.5e-06 0 0 0 0 0 0 0 0 0 0 0 0 0 
1 0.749742 0.42226 0.135419 0.0149838 0.000322 1.25e-06 0 0 0 0 0 0 0 0 0 0 0 0 0 
1 0.750086 0.423342 0.136484 0.0153643 0.00025225 7.5e-07 0 0 0 0 0 0 0 0 0 0 0 0 0 
1 0.749475 0.422821 0.13617 0.0149965 0.00024875 2.75e-06 0 0 0 0 0 0 0 0 0 0 0 0 0 
1 0.751114 0.424796 0.137638 0.0154103 0.000315 3.5e-06 0 0 0 0 0 0 0 0 0 0 0 0 0 
1 0.751732 0.426515 0.139443 0.0156808 0.000288 7.5e-07 0 0 0 0 0 0 0 0 0 0 0 0 0 
1 0.752202 0.426425 0.138983 0.0157213 0.00029 2.25e-06 0 0 0 0 0 0 0 0 0 0 0 0 0 
1 0.75035 0.423767 0.136154 0.014834 0.00024225 0 0 0 0 0 0 0 0 0 0 0 0 0 0 
1 0.750697 0.423753 0.137114 0.0152695 0.00025425 0 0 0 0 0 0 0 0 0 0 0 0 0 0 
1 0.750831 0.423931 0.136462 0.0147663 0.00025075 0 0 0 0 0 0 0 0 0 0 0 0 0 0 
1 0.748995 0.421342 0.135747 0.0149508 0.0003 0 0 0 0 0 0 0 0 0 0 0 0 0 0 
1 0.74869 0.419476 0.133663 0.0144213 0.000296 1.75e-06 0 0 0 0 0 0 0 0 0 0 0 0 0 
1 0.749355 0.421287 0.134889 0.014912 0.00025375 2.5e-06 0 0 0 0 0 0 0 0 0 0 0 0 0 
1 0.750557 0.423584 0.136166 0.0152053 0.00024475 2e-06 0 0 0 0 0 0 0 0 0 0 0 0 0 
1 0.751627 0.426723 0.139799 0.0161785 0.0003035 1.25e-06 0 0 0 0 0 0 0 0 0 0 0 0 0 
1 0.74921 0.421844 0.135047 0.015055 0.00032925 0 0 0 0 0 0 0 0 0 0 0 0 0 0 
1 0.750672 0.425777 0.138905 0.0156483 0.00027225 4e-06 0 0 0 0 0 0 0 0 0 0 0 0 0 
1 0.750068 0.422752 0.135742 0.01459 0.00028025 2.5e-07 0 0 0 0 0 0 0 0 0 0 0 0 0 
1 0.74969 0.422071 0.136334 0.0150713 0.00027075 5e-07 0 0 0 0 0 0 0 0 0 0 0 0 0 
1 0.750885 0.423714 0.136807 0.0151738 0.00024525 0 0 0 0 0 0 0 0 0 0 0 0 0 0 
1 0.751053 0.423567 0.135813 0.014962 0.0002335 7.5e-07 0 0 0 0 0 0 0 0 0 0 0 0 0 
1 0.750039 0.422348 0.1346 0.0146418 0.00025175 1.25e-06 0 0 0 0 0 0 0 0 0 0 0 0 0 
1 0.749065 0.420197 0.133517 0.0142153 0.00024 2.5e-07 0 0 0 0 0 0 0 0 0 0 0 0 0 
1 0.749199 0.421559 0.1355 0.0151448 0.0002905 2.5e-07 0 0 0 0 0 0 0 0 0 0 0 0 0 
1 0.749435 0.422059 0.135523 0.0148163 0.000226 0 0 0 0 0 0 0 0 0 0 0 0 0 0 
1 0.748375 0.420437 0.134106 0.0146655 0.0002475 5e-07 0 0 0 0 0 0 0 0 0 0 0 0 0 
1 0.748743 0.420508 0.134863 0.014709 0.00031075 7.5e-07 0 0 0 0 0 0 0 0 0 0 0 0 0 
1 0.749167 0.421826 0.134597 0.0147035 0.0002645 1.25e-06 0 0 0 0 0 0 0 0 0 0 0 0 0 
1 0.749594 0.422145 0.135537 0.014879 0.0002535 1.25e-06 0 0 0 0 0 0 0 0 0 0 0 0 0 
1 0.748828 0.420098 0.134988 0.0150815 0.00025325 0 0 0 0 0 0 0 0 0 0 0 0 0 0 
1 0.750504 0.423626 0.137135 0.015393 0.000294 0 0 0 0 0 0 0 0 0 0 0 0 0 0 
1 0.748967 0.422061 0.136633 0.015222 0.0002725 2.5e-07 0 0 0 0 0 0 0 0 0 0 0 0 0 
1 0.751043 0.425582 0.137805 0.0152673 0.000295 0 0 0 0 0 0 0 0 0 0 0 0 0 0 
1 0.750545 0.423851 0.1375 0.0155193 0.00031625 0 0 0 0 0 0 0 0 0 0 0 0 0 0 
1 0.751393 0.425913 0.138923 0.015967 0.000313 1.5e-06 0 0 0 0 0 0 0 0 0 0 0 0 0 
1 0.748235 0.420151 0.134733 0.0146805 0.000246 5e-07 0 0 0 0 0 0 0 0 0 0 0 0 0 
1 0.749009 0.422005 0.135465 0.0147068 0.00023 1.75e-06 0 0 0 0 0 0 0 0 0 0 0 0 0 
1 0.749971 0.423099 0.135334 0.0147703 0.00026825 1e-06 0 0 0 0 0 0 0 0 0 0 0 0 0 
1 0.750379 0.4243 0.137118 0.0149793 0.00030375 0 0 0 0 0 0 0 0 0 0 0 0 0 0 
1 0.750471 0.423463 0.136742 0.015297 0.00028775 2.5e-07 0 0 0 0 0 0 0 0 0 0 0 0 0 
1 0.750557 0.423006 0.135402 0.01459 0.00023225 1.25e-06 0 0 0 0 0 0 0 0 0 0 0 0 0 
1 0.749926 0.423159 0.136505 0.0154963 0.000293 5e-07 0 0 0 0 0 0 0 0 0 0 0 0 0 
1 0.751169 0.424779 0.137675 0.0153605 0.000273 2.5e-07 0 0 0 0 0 0 0 0 0 0 0 0 0 
1 0.749929 0.422875 0.13619 0.0150833 0.00028775 1e-06 0 0 0 0 0 0 0 0 0 0 0 0 0 
1 0.749465 0.422024 0.135673 0.0151183 0.00030175 2e-06 0 0 0 0 0 0 0 0 0 0 0 0 0 
1 0.750473 0.425098 0.138486 0.0155165 0.00028375 0 0 0 0 0 0 0 0 0 0 0 0 0 0 
1 0.750272 0.423365 0.136194 0.0150475 0.00024775 2.25e-06 0 0 0 0 0 0 0 0 0 0 0 0 0 
1 0.750748 0.423552 0.136679 0.0153358 0.000291 2.75e-06 0 0 0 0 0 0 0 0 0 0 0 0 0 
1 0.752666 0.427964 0.140263 0.0160393 0.000313 4e-06 0 0 0 0 0 0 0 0 0 0 0 0 0 
1 0.748512 0.421396 0.135881 0.0149255 0.00027575 1e-06 0 0 0 0 0 0 0 0 0 0 0 0 0 
1 0.748271 0.419732 0.133517 0.0144153 0.0003085 2e-06 0 0 0 0 0 0 0 0 0 0 0 0 0 
1 0.750182 0.422655 0.135734 0.014993 0.00025625 2.5e-07 0 0 0 0 0 0 0 0 0 0 0 0 0 
1 0.749059 0.421711 0.135188 0.0148718 0.00025975 5e-07 0 0 0 0 0 0 0 0 0 0 0 0 0 
1 0.749824 0.42306 0.136496 0.0149243 0.00027 2.5e-06 0 0 0 0 0 0 0 0 0 0 0 0 0 
1 0.750754 0.424603 0.137421 0.0156203 0.0002685 5.5e-06 0 0 0 0 0 0 0 0 0 0 0 0 0 
1 0.748816 0.420834 0.134281 0.014486 0.000323 5e-07 0 0 0 0 0 0 0 0 0 0 0 0 0 
1 0.749584 0.421497 0.135285 0.0148788 0.00031225 7.5e-07 0 0 0 0 0 0 0 0 0 0 0 0 0 
1 0.748218 0.419781 0.13373 0.0143658 0.00024725 5e-07 0 0 0 0 0 0 0 0 0 0 0 0 0 
1 0.748248 0.420346 0.133929 0.01455 0.0002525 0 0 0 0 0 0 0 0 0 0 0 0 0 0 
1 0.751877 0.426303 0.138625 0.0155748 0.000335 7.5e-07 0 0 0 0 0 0 0 0 0 0 0 0 0 
1 0.749203 0.420459 0.134216 0.0145608 0.0002765 7.5e-07 0 0 0 0 0 0 0 0 0 0 0 0 0 
1 0.750319 0.423171 0.136712 0.0151915 0.000294 5.25e-06 0 0 0 0 0 0 0 0 0 0 0 0 0 
1 0.750185 0.42321 0.136691 0.0152343 0.00029425 1.5e-06 0 0 0 0 0 0 0 0 0 0 0 0 0 
1 0.7501 0.423114 0.135974 0.0151358 0.00026075 0 0 0 0 0 0 0 0 0 0 0 0 0 0 
1 0.748438 0.420736 0.134238 0.0146238 0.00024075 0 0 0 0 0 0 0 0 0 0 0 0 0 0 
1 0.750545 0.423984 0.137221 0.015429 0.0002555 0 0 0 0 0 0 0 0 0 0 0 0 0 0 
1 0.749241 0.422293 0.135425 0.0147868 0.0002675 2.5e-07 0 0 0 0 0 0 0 0 0 0 0 0 0 
1 0.748339 0.42052 0.134418 0.0145708 0.00024475 0 0 0 0 0 0 0 0 0 0 0 0 0 0 
1 0.751691 0.425209 0.137133 0.0152583 0.00026375 2.5e-07 0 0 0 0 0 0 0 0 0 0 0 0 0 
1 0.749756 0.422244 0.135484 0.015005 0.000262 0 0 0 0 0 0 0 0 0 0 0 0 0 0 
1 0.749715 0.422323 0.135776 0.0152023 0.00028675 0 0 0 0 0 0 0 0 0 0 0 0 0 0 
1 0.749684 0.422291 0.135363 0.015006 0.000254 0 0 0 0 0 0 0 0 0 0 0 0 0 0 
1 0.749431 0.422759 0.136321 0.0149575 0.00028 1e-06 0 0 0 0 0 0 0 0 0 0 0 0 0 
1 0.747759 0.419444 0.133864 0.0145153 0.000274 0 0 0 0 0 0 0 0 0 0 0 0 0 0 
1 0.749976 0.421495 0.135382 0.0145825 0.0002485 0 0 0 0 0 0 0 0 0 0 0 0 0 0 
1 0.749938 0.423011 0.136644 0.015472 0.000298 2.5e-07 0 0 0 0 0 0 0 0 0 0 0 0 0 
1 0.750174 0.423431 0.136262 0.0150668 0.00026525 0 0 0 0 0 0 0 0 0 0 0 0 0 0 
1 0.74945 0.421384 0.134561 0.014735 0.0002805 1e-06 0 0 0 0 0 0 0 0 0 0 0 0 0 
1 0.749071 0.42009 0.13393 0.0145585 0.00024425 1.25e-06 0 0 0 0 0 0 0 0 0 0 0 0 0 
1 0.752269 0.426463 0.138779 0.015691 0.00028625 2.25e-06 0 0 0 0 0 0 0 0 0 0 0 0 0 
1 0.749616 0.421537 0.135308 0.0146333 0.0002715 1.25e-06 0 0 0 0 0 0 0 0 0 0 0 0 0 
1 0.74985 0.42232 0.135667 0.0152295 0.0002505 5e-07 0 0 0 0 0 0 0 0 0 0 0 0 0 
1 0.75085 0.424825 0.13797 0.0156003 0.00029425 3.25e-06 0 0 0 0 0 0 0 0 0 0 0 0 0 
1 0.751004 0.424891 0.137106 0.015076 0.0002695 2.5e-07 0 0 0 0 0 0 0 0 0 0 0 0 0 
1 0.748427 0.419979 0.133824 0.0142623 0.000213 2.5e-07 0 0 0 0 0 0 0 0 0 0 0 0 0 
1 0.748829 0.420233 0.133401 0.014372 0.00023925 1.25e-06 0 0 0 0 0 0 0 0 0 0 0 0 0 
1 0.750724 0.425228 0.137877 0.0157345 0.00032375 0 0 0 0 0 0 0 0 0 0 0 0 0 0 
1 0.749835 0.423119 0.135788 0.0146338 0.00024175 1.5e-06 0 0 0 0 0 0 0 0 0 0 0 0 0 
1 0.749478 0.422099 0.135168 0.0148903 0.00025025 5e-06 0 0 0 0 0 0 0 0 0 0 0 0 0 
1 0.750899 0.425195 0.138422 0.01573 0.000288 2.5e-06 0 0 0 0 0 0 0 0 0 0 0 0 0 
1 0.749118 0.421921 0.135438 0.0147833 0.00024425 0 0 0 0 0 0 0 0 0 0 0 0 0 0 
1 0.74994 0.423843 0.137172 0.0152233 0.00032425 2.25e-06 0 0 0 0 0 0 0 0 0 0 0 0 0 
1 0.750985 0.425641 0.13799 0.015742 0.00026475 1.5e-06 0 0 0 0 0 0 0 0 0 0 0 0 0 
1 0.74821 0.420513 0.134096 0.0147285 0.00027525 0 0 0 0 0 0 0 0 0 0 0 0 0 0 
1 0.747862 0.419032 0.133604 0.0145205 0.00026025 1e-06 0 0 0 0 0 0 0 0 0 0 0 0 0 
1 0.748813 0.420556 0.134385 0.0148455 0.000289 5e-07 0 0 0 0 0 0 0 0 0 0 0 0 0 
1 0.751363 0.424672 0.137598 0.0156718 0.000294 5e-07 0 0 0 0 0 0 0 0 0 0 0 0 0 
1 0.750403 0.423757 0.137132 0.0156693 0.0002825 5e-07 0 0 0 0 0 0 0 0 0 0 0 0 0 
1 0.751038 0.424525 0.137549 0.0154308 0.0003015 1.25e-06 0 0 0 0 0 0 0 0 0 0 0 0 0 
1 0.748226 0.41987 0.134447 0.0147683 0.00023775 0 0 0 0 0 0 0 0 0 0 0 0 0 0 
1 0.750365 0.422724 0.135266 0.0144965 0.0002805 0 0 0 0 0 0 0 0 0 0 0 0 0 0 
1 0.750796 0.423053 0.135894 0.0152178 0.0002535 0 0 0 0 0 0 0 0 0 0 0 0 0 0 
1 0.750417 0.423765 0.136458 0.0150715 0.0002575 1e-06 0 0 0 0 0 0 0 0 0 0 0 0 0 
1 0.749026 0.421203 0.134858 0.0148403 0.00026775 2.5e-07 0 0 0 0 0 0 0 0 0 0 0 0 0 
1 0.751173 0.42498 0.137 0.0151455 0.00025275 1.25e-06 0 0 0 0 0 0 0 0 0 0 0 0 0 
1 0.750868 0.423311 0.136391 0.0152198 0.00027525 7.5e-07 0 0 0 0 0 0 0 0 0 0 0 0 0 
1 0.74961 0.42182 0.135427 0.0148093 0.000258 0 0 0 0 0 0 0 0 0 0 0 0 0 0 
1 0.752005 0.426808 0.139072 0.015716 0.00033475 0 0 0 0 0 0 0 0 0 0 0 0 0 0 
1 0.750077 0.423456 0.136679 0.0152843 0.00029525 0 0 0 0 0 0 0 0 0 0 0 0 0 0 
1 0.751424 0.425331 0.1385 0.0158258 0.00029175 0 0 0 0 0 0 0 0 0 0 0 0 0 0 
1 0.749292 0.421492 0.134629 0.0149388 0.00027925 5e-07 0 0 0 0 0 0 0 0 0 0 0 0 0 
1 0.748765 0.42143 0.135473 0.0152313 0.0002985 2.25e-06 0 0 0 0 0 0 0 0 0 0 0 0 0 
1 0.749612 0.4227 0.136157 0.0151413 0.000268 2.5e-07 0 0 0 0 0 0 0 0 0 0 0 0 0 
1 0.750737 0.424631 0.137906 0.015469 0.00032975 1e-06 0 0 0 0 0 0 0 0 0 0 0 0 0 
1 0.750244 0.423477 0.136994 0.0151253 0.00033725 1.75e-06 0 0 0 0 0 0 0 0 0 0 0 0 0 
1 0.751164 0.425354 0.138342 0.015696 0.0003575 2.5e-07 0 0 0 0 0 0 0 0 0 0 0 0 0 
1 0.749991 0.42159 0.1355 0.0151783 0.000264 0 0 0 0 0 0 0 0 0 0 0 0 0 0 
1 0.748243 0.420659 0.135184 0.014872 0.0002835 2.5e-07 0 0 0 0 0 0 0 0 0 0 0 0 0 
1 0.750661 0.423643 0.1362 0.0150658 0.00026425 5e-07 0 0 0 0 0 0 0 0 0 0 0 0 0 
1 0.751912 0.426423 0.139126 0.015577 0.000303 2.5e-07 0 0 0 0 0 0 0 0 0 0 0 0 0 
1 0.749605 0.422727 0.136162 0.0151115 0.00027975 0 0 0 0 0 0 0 0 0 0 0 0 0 0 
1 0.74945 0.421547 0.134797 0.0149045 0.00027425 0 0 0 0 0 0 0 0 0 0 0 0 0 0 
1 0.748993 0.421665 0.13598 0.01508 0.0002715 0 0 0 0 0 0 0 0 0 0 0 0 0 0 
1 0.749928 0.422597 0.135722 0.0148423 0.00024825 0 0 0 0 0 0 0 0 0 0 0 0 0 0 
1 0.750261 0.423014 0.136269 0.0149273 0.00023575 0 0 0 0 0 0 0 0 0 0 0 0 0 0 
1 0.751351 0.424801 0.137985 0.0154765 0.00031075 7.5e-07 0 0 0 0 0 0 0 0 0 0 0 0 0 
1 0.748563 0.421195 0.134979 0.0146815 0.0002825 2.25e-06 0 0 0 0 0 0 0 0 0 0 0 0 0 
1 0.749583 0.423413 0.136688 0.015212 0.000266 1.75e-06 0 0 0 0 0 0 0 0 0 0 0 0 0 
1 0.749704 0.422874 0.136421 0.0152973 0.00027375 3.75e-06 0 0 0 0 0 0 0 0 0 0 0 0 0 
1 0.74984 0.422712 0.136634 0.01521 0.000305 1.75e-06 0 0 0 0 0 0 0 0 0 0 0 0 0 
1 0.75089 0.424983 0.138175 0.0156788 0.00032075 7.5e-06 0 0 0 0 0 0 0 0 0 0 0 0 0 
1 0.751336 0.425063 0.137201 0.0153285 0.00024875 0 0 0 0 0 0 0 0 0 0 0 0 0 0 
1 0.750828 0.424503 0.137768 0.0153908 0.0002515 7.5e-07 0 0 0 0 0 0 0 0 0 0 0 0 0 
1 0.751514 0.425208 0.137371 0.0152038 0.000271 1.25e-06 0 0 0 0 0 0 0 0 0 0 0 0 0 
1 0.748083 0.419626 0.134068 0.0146218 0.0002495 0 0 0 0 0 0 0 0 0 0 0 0 0 0 
1 0.751726 0.425967 0.138965 0.015784 0.000332 0 0 0 0 0 0 0 0 0 0 0 0 0 0 
1 0.750778 0.424159 0.137122 0.0152218 0.00031825 0 0 0 0 0 0 0 0 0 0 0 0 0 0 
1 0.749338 0.421526 0.135338 0.015092 0.000358 5e-07 0 0 0 0 0 0 0 0 0 0 0 0 0 
1 0.751418 0.427109 0.139707 0.0162255 0.000311 4e-06 0 0 0 0 0 0 0 0 0 0 0 0 0 
1 0.751218 0.424556 0.137646 0.0152915 0.00029325 2.5e-07 0 0 0 0 0 0 0 0 0 0 0 0 0 
1 0.750119 0.422554 0.135636 0.014748 0.00027375 0 0 0 0 0 0 0 0 0 0 0 0 0 0 
1 0.75217 0.426648 0.137768 0.0152263 0.00027625 3.5e-06 0 0 0 0 0 0 0 0 0 0 0 0 0 
1 0.750283 0.423241 0.136266 0.0148075 0.00023475 0 0 0 0 0 0 0 0 0 0 0 0 0 0 
1 0.751558 0.426254 0.139479 0.0157395 0.000265 1.25e-06 0 0 0 0 0 0 0 0 0 0 0 0 0 
1 0.749867 0.422724 0.13641 0.015339 0.000302 3e-06 1e-06 0 0 0 0 0 0 0 0 0 0 0 0 
1 0.748146 0.420621 0.135423 0.014808 0.000285 4.25e-06 0 0 0 0 0 0 0 0 0 0 0 0 0 
1 0.749557 0.421764 0.136338 0.015252 0.00027875 0 0 0 0 0 0 0 0 0 0 0 0 0 0 
1 0.750442 0.422435 0.135238 0.014836 0.00027 0 0 0 0 0 0 0 0 0 0 0 0 0 0 
1 0.749195 0.421995 0.135102 0.0147008 0.00025875 0 0 0 0 0 0 0 0 0 0 0 0 0 0 
1 0.750058 0.422937 0.13521 0.0145528 0.00029725 0 0 0 0 0 0 0 0 0 0 0 0 0 0 
1 0.750234 0.424145 0.137453 0.015332 0.0002955 7.5e-07 0 0 0 0 0 0 0 0 0 0 0 0 0 
1 0.748479 0.421053 0.135418 0.0150085 0.00025425 0 0 0 0 0 0 0 0 0 0 0 0 0 0 
1 0.748286 0.419779 0.133664 0.0145513 0.0002605 1.75e-06 0 0 0 0 0 0 0 0 0 0 0 0 0 
1 0.748648 0.419513 0.133325 0.0145708 0.0002635 0 0 0 0 0 0 0 0 0 0 0 0 0 0 
1 0.751611 0.42427 0.137593 0.0153155 0.0003085 0 0 0 0 0 0 0 0 0 0 0 0 0 0 
1 0.751504 0.425064 0.137763 0.0153148 0.00028675 0 0 0 0 0 0 0 0 0 0 0 0 0 0 
1 0.747345 0.418242 0.132285 0.0141753 0.00025475 7.5e-07 0 0 0 0 0 0 0 0 0 0 0 0 0 
1 0.750025 0.422866 0.135515 0.0147628 0.00022625 2.5e-07 0 0 0 0 0 0 0 0 0 0 0 0 0 
1 0.750321 0.424436 0.137872 0.0156823 0.00032125 1e-06 0 0 0 0 0 0 0 0 0 0 0 0 0 
1 0.74973 0.422808 0.136156 0.0149935 0.0002695 0 0 0 0 0 0 0 0 0 0 0 0 0 0 
1 0.750034 0.42229 0.135716 0.015013 0.0002685 3.5e-06 0 0 0 0 0 0 0 0 0 0 0 0 0 
1 0.751775 0.424916 0.137696 0.0156913 0.00030575 0 0 0 0 0 0 0 0 0 0 0 0 0 0 
1 0.750539 0.423562 0.136053 0.0150383 0.00028325 0 0 0 0 0 0 0 0 0 0 0 0 0 0 
1 0.750195 0.424498 0.138197 0.0156908 0.000314 2.75e-06 0 0 0 0 0 0 0 0 0 0 0 0 0 
1 0.75174 0.425455 0.138815 0.015475 0.0002745 1.25e-06 0 0 0 0 0 0 0 0 0 0 0 0 0 
1 0.75071 0.423686 0.136188 0.0150143 0.00026575 0 0 0 0 0 0 0 0 0 0 0 0 0 0 
1 0.747888 0.418872 0.132951 0.014492 0.00024725 0 0 0 0 0 0 0 0 0 0 0 0 0 0 
1 0.750269 0.423357 0.137128 0.015403 0.00028975 2.5e-07 0 0 0 0 0 0 0 0 0 0 0 0 0 
1 0.751567 0.425295 0.137946 0.0155243 0.00027025 3e-06 0 0 0 0 0 0 0 0 0 0 0 0 0 
1 0.751615 0.425829 0.138592 0.0158965 0.0003125 5e-07 0 0 0 0 0 0 0 0 0 0 0 0 0 
1 0.748226 0.419029 0.132991 0.0143013 0.000231 1.5e-06 0 0 0 0 0 0 0 0 0 0 0 0 0 
1 0.750977 0.42471 0.137551 0.015343 0.00024425 5e-07 0 0 0 0 0 0 0 0 0 0 0 0 0 
1 0.749888 0.422341 0.137216 0.0154283 0.000351 3e-06 0 0 0 0 0 0 0 0 0 0 0 0 0 
1 0.749379 0.422216 0.13602 0.0152375 0.000302 1.25e-06 0 0 0 0 0 0 0 0 0 0 0 0 0 
1 0.750841 0.424748 0.138315 0.0160303 0.000316 0 0 0 0 0 0 0 0 0 0 0 0 0 0 
1 0.74972 0.421544 0.135522 0.014688 0.000242 0 0 0 0 0 0 0 0 0 0 0 0 0 0 
1 0.748344 0.421383 0.135341 0.0149623 0.0002615 2e-06 0 0 0 0 0 0 0 0 0 0 0 0 0 
1 0.751868 0.425688 0.13731 0.0153098 0.0002725 0 0 0 0 0 0 0 0 0 0 0 0 0 0 
1 0.748487 0.419743 0.133378 0.0147208 0.00023925 1.75e-06 0 0 0 0 0 0 0 0 0 0 0 0 0 
1 0.748788 0.42175 0.135852 0.0150163 0.00027125 2.5e-07 0 0 0 0 0 0 0 0 0 0 0 0 0 
1 0.750298 0.42336 0.136167 0.0148895 0.000261 1.25e-06 0 0 0 0 0 0 0 0 0 0 0 0 0 
1 0.749173 0.420127 0.133435 0.0144023 0.00027225 2.5e-07 0 0 0 0 0 0 0 0 0 0 0 0 0 
1 0.748421 0.41999 0.133833 0.0145913 0.000254 0 0 0 0 0 0 0 0 0 0 0 0 0 0 
1 0.750044 0.423128 0.136845 0.015369 0.00029475 2.5e-06 0 0 0 0 0 0 0 0 0 0 0 0 0 
1 0.749199 0.423777 0.137336 0.0153045 0.00027975 7.5e-07 0 0 0 0 0 0 0 0 0 0 0 0 0 
1 0.751895 0.427193 0.139289 0.0157333 0.00032275 2.25e-06 0 0 0 0 0 0 0 0 0 0 0 0 0 
1 0.749681 0.422152 0.135711 0.0150793 0.0002495 2.25e-06 0 0 0 0 0 0 0 0 0 0 0 0 0 
1 0.750623 0.42416 0.137494 0.0154358 0.00029575 2.5e-06 0 0 0 0 0 0 0 0 0 0 0 0 0 
1 0.749106 0.421457 0.135397 0.014874 0.00026475 7.5e-07 0 0 0 0 0 0 0 0 0 0 0 0 0 
1 0.749606 0.422934 0.136641 0.015275 0.0002985 3e-06 0 0 0 0 0 0 0 0 0 0 0 0 0 
1 0.749501 0.422757 0.135515 0.0151458 0.0002885 1e-06 0 0 0 0 0 0 0 0 0 0 0 0 0 
1 0.747898 0.420758 0.135236 0.0151355 0.0002815 7.5e-07 0 0 0 0 0 0 0 0 0 0 0 0 0 
1 0.749952 0.422226 0.135343 0.0150458 0.0002355 1.75e-06 0 0 0 0 0 0 0 0 0 0 0 0 0 
1 0.748461 0.42012 0.134648 0.0146098 0.00024525 5e-07 0 0 0 0 0 0 0 0 0 0 0 0 0 
1 0.751846 0.426076 0.13882 0.0157358 0.00034275 1e-06 0 0 0 0 0 0 0 0 0 0 0 0 0 
1 0.752067 0.425965 0.138666 0.0157578 0.00030525 1.5e-06 0 0 0 0 0 0 0 0 0 0 0 0 0 
1 0.750802 0.424292 0.136939 0.0151018 0.00026775 5e-07 0 0 0 0 0 0 0 0 0 0 0 0 0 
1 0.749924 0.421916 0.135257 0.0149125 0.00028425 0 0 0 0 0 0 0 0 0 0 0 0 0 0 
1 0.75116 0.425861 0.138522 0.0156348 0.00029525 0 0 0 0 0 0 0 0 0 0 0 0 0 0 
1 0.746924 0.417861 0.133494 0.0144325 0.0002935 0 0 0 0 0 0 0 0 0 0 0 0 0 0 
1 0.748124 0.419806 0.134383 0.0145968 0.00025575 0 0 0 0 0 0 0 0 0 0 0 0 0 0 
1 0.750325 0.423832 0.137371 0.0155408 0.000324 0 0 0 0 0 0 0 0 0 0 0 0 0 0 
1 0.751047 0.422936 0.135743 0.0148368 0.00026425 7.75e-06 0 0 0 0 0 0 0 0 0 0 0 0 0 
1 0.750594 0.423944 0.136595 0.0153833 0.0003155 1.75e-06 0 0 0 0 0 0 0 0 0 0 0 0 0 
1 0.74839 0.420865 0.134802 0.0150725 0.00026875 2.5e-07 0 0 0 0 0 0 0 0 0 0 0 0 0 
1 0.750748 0.424431 0.137829 0.0155245 0.00030375 4e-06 0 0 0 0 0 0 0 0 0 0 0 0 0 
1 0.750271 0.423948 0.137069 0.0153738 0.00028375 2.75e-06 0 0 0 0 0 0 0 0 0 0 0 0 0 
1 0.750602 0.423655 0.137287 0.0152393 0.00029275 0 0 0 0 0 0 0 0 0 0 0 0 0 0 
1 0.750693 0.424504 0.13771 0.016024 0.00031925 3.5e-06 0 0 0 0 0 0 0 0 0 0 0 0 0 
1 0.750481 0.424539 0.137126 0.01526 0.000294 7.5e-07 0 0 0 0 0 0 0 0 0 0 0 0 0 
1 0.750813 0.425026 0.137888 0.0154843 0.000319 0 0 0 0 0 0 0 0 0 0 0 0 0 0 
1 0.748598 0.420903 0.135068 0.014873 0.00027475 1.25e-06 0 0 0 0 0 0 0 0 0 0 0 0 0 
1 0.751136 0.425787 0.138105 0.0154668 0.0002665 1e-06 0 0 0 0 0 0 0 0 0 0 0 0 0 
1 0.750182 0.423567 0.13681 0.0152943 0.000295 0 0 0 0 0 0 0 0 0 0 0 0 0 0 
1 0.748795 0.420412 0.134544 0.014688 0.00028 1.25e-06 0 0 0 0 0 0 0 0 0 0 0 0 0 
1 0.74996 0.422394 0.136025 0.0151333 0.00029275 0 0 0 0 0 0 0 0 0 0 0 0 0 0 
1 0.750382 0.423862 0.1374 0.0153473 0.0002695 2e-06 0 0 0 0 0 0 0 0 0 0 0 0 0 
1 0.747194 0.419197 0.133533 0.0145378 0.00025 7.5e-07 0 0 0 0 0 0 0 0 0 0 0 0 0 
1 0.747044 0.419458 0.13428 0.0148025 0.00032625 1.5e-06 0 0 0 0 0 0 0 0 0 0 0 0 0 
1 0.750466 0.424377 0.137649 0.015491 0.0002825 3e-06 0 0 0 0 0 0 0 0 0 0 0 0 0 
1 0.749239 0.421329 0.135244 0.0147208 0.000259 4e-06 0 0 0 0 0 0 0 0 0 0 0 0 0 
1 0.75161 0.426673 0.139687 0.0159278 0.0003085 0 0 0 0 0 0 0 0 0 0 0 0 0 0 
1 0.747665 0.418336 0.132651 0.0145158 0.000259 2.75e-06 0 0 0 0 0 0 0 0 0 0 0 0 0 
1 0.751789 0.42714 0.139976 0.0160515 0.00032225 5e-07 0 0 0 0 0 0 0 0 0 0 0 0 0 
1 0.749616 0.422163 0.136078 0.0150663 0.00029625 2.5e-07 0 0 0 0 0 0 0 0 0 0 0 0 0 
1 0.748669 0.420961 0.134753 0.0147953 0.00029475 5e-07 0 0 0 0 0 0 0 0 0 0 0 0 0 
1 0.748336 0.419384 0.133894 0.0145533 0.00024175 7.5e-07 0 0 0 0 0 0 0 0 0 0 0 0 0 
1 0.749158 0.422095 0.1361 0.0153088 0.00028775 1.25e-06 0 0 0 0 0 0 0 0 0 0 0 0 0 
1 0.749113 0.422677 0.136257 0.0151583 0.0002795 0 0 0 0 0 0 0 0 0 0 0 0 0 0 
1 0.751959 0.426597 0.1383 0.0156655 0.0003305 2.25e-06 0 0 0 0 0 0 0 0 0 0 0 0 0 
1 0.748842 0.421396 0.13528 0.014933 0.000253 0 0 0 0 0 0 0 0 0 0 0 0 0 0 
1 0.749747 0.422768 0.135903 0.0152583 0.00027 1e-06 0 0 0 0 0 0 0 0 0 0 0 0 0 
1 0.748457 0.420237 0.134325 0.0147345 0.0002245 2.5e-07 0 0 0 0 0 0 0 0 0 0 0 0 0 
1 0.750731 0.424136 0.137165 0.0154738 0.000278 2e-06 0 0 0 0 0 0 0 0 0 0 0 0 0 
1 0.749227 0.421965 0.135339 0.0150198 0.00032675 1.25e-06 0 0 0 0 0 0 0 0 0 0 0 0 0 
1 0.749453 0.422212 0.136175 0.015204 0.00029275 2.5e-07 0 0 0 0 0 0 0 0 0 0 0 0 0 
1 0.750396 0.423443 0.136627 0.0150345 0.000227 0 0 0 0 0 0 0 0 0 0 0 0 0 0 
1 0.747814 0.41882 0.133188 0.0144183 0.000252 4e-06 0 0 0 0 0 0 0 0 0 0 0 0 0 
1 0.749998 0.423832 0.137137 0.015312 0.00028275 0 0 0 0 0 0 0 0 0 0 0 0 0 0 
1 0.750322 0.423757 0.136867 0.0154713 0.00027775 0 0 0 0 0 0 0 0 0 0 0 0 0 0 
1 0.748842 0.421335 0.135367 0.0146268 0.00022975 1e-06 0 0 0 0 0 0 0 0 0 0 0 0 0 
1 0.750303 0.423075 0.136932 0.0153043 0.00027125 0 0 0 0 0 0 0 0 0 0 0 0 0 0 
1 0.751307 0.425514 0.137917 0.0154975 0.000259 7.5e-07 0 0 0 0 0 0 0 0 0 0 0 0 0 
1 0.747985 0.419601 0.133635 0.0144923 0.0002695 0 0 0 0 0 0 0 0 0 0 0 0 0 0 
1 0.751256 0.424989 0.137544 0.0153835 0.00026375 0 0 0 0 0 0 0 0 0 0 0 0 0 0 
1 0.749674 0.421721 0.135762 0.0149365 0.000286 5e-07 0 0 0 0 0 0 0 0 0 0 0 0 0 
1 0.750719 0.424744 0.137641 0.015288 0.0002635 1.25e-06 0 0 0 0 0 0 0 0 0 0 0 0 0 
1 0.750074 0.423275 0.136474 0.0152005 0.0003235 0 0 0 0 0 0 0 0 0 0 0 0 0 0 
1 0.750207 0.422932 0.135195 0.014748 0.0002905 0 0 0 0 0 0 0 0 0 0 0 0 0 0 
1 0.751429 0.42547 0.137827 0.0154415 0.0002865 0 0 0 0 0 0 0 0 0 0 0 0 0 0 
1 0.750982 0.425201 0.137427 0.0152293 0.00024375 0 0 0 0 0 0 0 0 0 0 0 0 0 0 
1 0.750901 0.423634 0.136015 0.0151623 0.00030875 0 0 0 0 0 0 0 0 0 0 0 0 0 0 
1 0.748836 0.420693 0.135047 0.015123 0.000335 2.5e-07 0 0 0 0 0 0 0 0 0 0 0 0 0 
1 0.750486 0.422298 0.135355 0.0147665 0.000286 5e-07 0 0 0 0 0 0 0 0 0 0 0 0 0 
1 0.750416 0.422683 0.135758 0.0152123 0.0002895 2.5e-07 0 0 0 0 0 0 0 0 0 0 0 0 0 
1 0.750593 0.42403 0.136328 0.015238 0.0002795 1.5e-06 0 0 0 0 0 0 0 0 0 0 0 0 0 
1 0.750791 0.423777 0.136861 0.015248 0.000296 1e-06 0 0 0 0 0 0 0 0 0 0 0 0 0 
1 0.75026 0.423971 0.13767 0.0156375 0.00028675 0 0 0 0 0 0 0 0 0 0 0 0 0 0 
1 0.751248 0.424678 0.137362 0.0158135 0.0003285 6e-06 0 0 0 0 0 0 0 0 0 0 0 0 0 
1 0.748807 0.419638 0.133189 0.0141923 0.000257 3.5e-06 0 0 0 0 0 0 0 0 0 0 0 0 0 
1 0.752404 0.427692 0.139493 0.0159188 0.00031525 2.5e-07 0 0 0 0 0 0 0 0 0 0 0 0 0 
1 0.750254 0.422972 0.135696 0.0149983 0.00029 2.5e-07 0 0 0 0 0 0 0 0 0 0 0 0 0 
1 0.750595 0.423452 0.136547 0.0151005 0.00030025 0 0 0 0 0 0 0 0 0 0 0 0 0 0 
1 0.74976 0.422626 0.13636 0.0151028 0.0002895 1.25e-06 0 0 0 0 0 0 0 0 0 0 0 0 0 
1 0.750447 0.423234 0.13717 0.0152353 0.0002925 1.5e-06 0 0 0 0 0 0 0 0 0 0 0 0 0 
1 0.750973 0.424941 0.137947 0.0154805 0.00027675 0 0 0 0 0 0 0 0 0 0 0 0 0 0 
1 0.749487 0.422697 0.135823 0.0149323 0.000264 0 0 0 0 0 0 0 0 0 0 0 0 0 0 
1 0.749653 0.422861 0.136785 0.015165 0.00026125 7.5e-07 0 0 0 0 0 0 0 0 0 0 0 0 0 
1 0.749146 0.420247 0.134254 0.01458 0.0002605 0 0 0 0 0 0 0 0 0 0 0 0 0 0 
1 0.748896 0.421502 0.135506 0.015339 0.00026325 0 0 0 0 0 0 0 0 0 0 0 0 0 0 
1 0.750687 0.423032 0.136705 0.0150218 0.000274 1e-06 0 0 0 0 0 0 0 0 0 0 0 0 0 
1 0.750601 0.423915 0.13697 0.0153413 0.00031225 2.5e-07 0 0 0 0 0 0 0 0 0 0 0 0 0 
1 0.749596 0.422409 0.135702 0.0147608 0.00022925 4.25e-06 0 0 0 0 0 0 0 0 0 0 0 0 0 
1 0.750604 0.424024 0.137061 0.0151688 0.00024675 7.5e-07 0 0 0 0 0 0 0 0 0 0 0 0 0 
1 0.751419 0.425103 0.137952 0.0157103 0.00027 3.75e-06 0 0 0 0 0 0 0 0 0 0 0 0 0 
1 0.748429 0.419331 0.133062 0.014111 0.000246 5e-07 0 0 0 0 0 0 0 0 0 0 0 0 0 
1 0.750018 0.422227 0.13573 0.0148173 0.00024775 0 0 0 0 0 0 0 0 0 0 0 0 0 0 
1 0.750483 0.424309 0.137438 0.0152608 0.00028475 0 0 0 0 0 0 0 0 0 0 0 0 0 0 
1 0.750532 0.424045 0.137945 0.0154463 0.0003215 0 0 0 0 0 0 0 0 0 0 0 0 0 0 
1 0.750474 0.423629 0.137013 0.015267 0.00027 4.75e-06 0 0 0 0 0 0 0 0 0 0 0 0 0 
1 0.750631 0.424152 0.136765 0.0152215 0.0002655 0 0 0 0 0 0 0 0 0 0 0 0 0 0 
1 0.750867 0.424594 0.13842 0.0154018 0.0003085 0 0 0 0 0 0 0 0 0 0 0 0 0 0 
1 0.74876 0.420856 0.134786 0.0150068 0.00025975 0 0 0 0 0 0 0 0 0 0 0 0 0 0 
1 0.750651 0.425288 0.138608 0.0159288 0.000267 0 0 0 0 0 0 0 0 0 0 0 0 0 0 
1 0.749217 0.421436 0.135651 0.0151633 0.000289 0 0 0 0 0 0 0 0 0 0 0 0 0 0 
1 0.750476 0.424477 0.137447 0.0153395 0.00024575 1.75e-06 0 0 0 0 0 0 0 0 0 0 0 0 0 
1 0.750286 0.423811 0.136907 0.014878 0.00026125 0 0 0 0 0 0 0 0 0 0 0 0 0 0 
1 0.750271 0.423125 0.136171 0.0147495 0.000238 3e-06 0 0 0 0 0 0 0 0 0 0 0 0 0 
1 0.747903 0.419153 0.134069 0.0150018 0.0003105 0 0 0 0 0 0 0 0 0 0 0 0 0 0 
1 0.749722 0.421987 0.134851 0.0146163 0.0002515 3.25e-06 0 0 0 0 0 0 0 0 0 0 0 0 0 
1 0.750577 0.423628 0.136691 0.015238 0.000269 7.5e-07 0 0 0 0 0 0 0 0 0 0 0 0 0 
1 0.750187 0.423617 0.136584 0.0151828 0.00029975 7.5e-07 0 0 0 0 0 0 0 0 0 0 0 0 0 
1 0.750127 0.42363 0.136902 0.01527 0.0002925 3.25e-06 0 0 0 0 0 0 0 0 0 0 0 0 0 
1 0.748958 0.421338 0.134999 0.0148 0.00026175 1e-06 0 0 0 0 0 0 0 0 0 0 0 0 0 
1 0.749418 0.422182 0.136615 0.0154935 0.00028575 1.5e-06 0 0 0 0 0 0 0 0 0 0 0 0 0 
1 0.749772 0.422198 0.135762 0.0150168 0.000263 7.5e-07 0 0 0 0 0 0 0 0 0 0 0 0 0 
1 0.748152 0.420376 0.134933 0.0150178 0.0002815 2.5e-06 0 0 0 0 0 0 0 0 0 0 0 0 0 
1 0.749013 0.421566 0.135228 0.014906 0.0002745 2.5e-07 0 0 0 0 0 0 0 0 0 0 0 0 0 
1 0.748823 0.420692 0.134283 0.0146813 0.00024775 0 0 0 0 0 0 0 0 0 0 0 0 0 0 
1 0.750022 0.422796 0.136292 0.0151363 0.00026675 1e-06 0 0 0 0 0 0 0 0 0 0 0 0 0 
1 0.748421 0.420877 0.134915 0.0148758 0.000328 0 0 0 0 0 0 0 0 0 0 0 0 0 0 
1 0.751983 0.426598 0.139088 0.0158895 0.00034125 2.25e-06 0 0 0 0 0 0 0 0 0 0 0 0 0 
1 0.749718 0.42346 0.13712 0.0155183 0.00032 2.5e-07 0 0 0 0 0 0 0 0 0 0 0 0 0 
1 0.748634 0.420243 0.134302 0.0146248 0.000212 5e-07 0 0 0 0 0 0 0 0 0 0 0 0 0 
1 0.748475 0.420333 0.134764 0.014989 0.00026875 0 0 0 0 0 0 0 0 0 0 0 0 0 0 
1 0.748026 0.42072 0.135941 0.0152185 0.000261 7.5e-07 0 0 0 0 0 0 0 0 0 0 0 0 0 
1 0.748688 0.419756 0.132977 0.0143143 0.00021725 2e-06 0 0 0 0 0 0 0 0 0 0 0 0 0 
1 0.750303 0.423211 0.136373 0.0151673 0.00028525 0 0 0 0 0 0 0 0 0 0 0 0 0 0 
1 0.748491 0.420443 0.13397 0.014504 0.00027725 5e-07 0 0 0 0 0 0 0 0 0 0 0 0 0 
1 0.75093 0.42463 0.137697 0.0154773 0.000302 7.5e-07 0 0 0 0 0 0 0 0 0 0 0 0 0 
1 0.751258 0.423759 0.136567 0.015181 0.000301 0 0 0 0 0 0 0 0 0 0 0 0 0 0 
1 0.750147 0.421932 0.136003 0.0150278 0.00030825 7.5e-07 0 0 0 0 0 0 0 0 0 0 0 0 0 
1 0.750475 0.423971 0.137918 0.0158713 0.00029975 0 0 0 0 0 0 0 0 0 0 0 0 0 0 
1 0.751875 0.425903 0.137893 0.015196 0.000261 3.75e-06 0 0 0 0 0 0 0 0 0 0 0 0 0 
1 0.752048 0.426849 0.138746 0.015647 0.00029875 7.5e-07 0 0 0 0 0 0 0 0 0 0 0 0 0 
1 0.747614 0.41871 0.133788 0.014649 0.00028875 2.5e-07 0 0 0 0 0 0 0 0 0 0 0 0 0 
1 0.749554 0.422599 0.136208 0.0151928 0.00024475 5e-07 0 0 0 0 0 0 0 0 0 0 0 0 0 
1 0.749584 0.422175 0.135641 0.015258 0.000302 6e-06 5e-07 0 0 0 0 0 0 0 0 0 0 0 0 
1 0.748029 0.419235 0.133754 0.0147765 0.00025125 5e-07 0 0 0 0 0 0 0 0 0 0 0 0 0 
1 0.751084 0.424699 0.137136 0.0152025 0.00021225 0 0 0 0 0 0 0 0 0 0 0 0 0 0 
1 0.750505 0.423651 0.135973 0.0151825 0.00028325 0 0 0 0 0 0 0 0 0 0 0 0 0 0 
1 0.747823 0.419271 0.13324 0.0145373 0.000238 2.5e-06 0 0 0 0 0 0 0 0 0 0 0 0 0 
1 0.74959 0.422818 0.136388 0.0150943 0.00028675 1e-06 0 0 0 0 0 0 0 0 0 0 0 0 0 
1 0.750093 0.422706 0.135784 0.0150898 0.00026375 2.5e-07 0 0 0 0 0 0 0 0 0 0 0 0 0 
1 0.74865 0.420517 0.134858 0.014652 0.0002485 2.5e-07 0 0 0 0 0 0 0 0 0 0 0 0 0 
1 0.748361 0.419876 0.13448 0.014537 0.00021625 2.5e-07 0 0 0 0 0 0 0 0 0 0 0 0 0 
1 0.751165 0.425773 0.138385 0.0155858 0.00026875 1e-06 0 0 0 0 0 0 0 0 0 0 0 0 0 
1 0.750054 0.423644 0.136673 0.0150595 0.0002565 1.5e-06 0 0 0 0 0 0 0 0 0 0 0 0 0 
1 0.751165 0.425316 0.138335 0.015398 0.00026975 0 0 0 0 0 0 0 0 0 0 0 0 0 0 
1 0.751317 0.424889 0.137328 0.0153358 0.00032775 0 0 0 0 0 0 0 0 0 0 0 0 0 0 
1 0.748387 0.419483 0.133261 0.0140388 0.00025225 1e-06 0 0 0 0 0 0 0 0 0 0 0 0 0 
1 0.750239 0.42394 0.137427 0.0156593 0.00028225 0 0 0 0 0 0 0 0 0 0 0 0 0 0 
1 0.749822 0.421902 0.135396 0.0150535 0.00027175 5e-07 0 0 0 0 0 0 0 0 0 0 0 0 0 
1 0.749558 0.422751 0.136707 0.0151593 0.0002575 0 0 0 0 0 0 0 0 0 0 0 0 0 0 
1 0.749178 0.422266 0.136545 0.0151533 0.000271 0 0 0 0 0 0 0 0 0 0 0 0 0 0 
1 0.749557 0.422823 0.135648 0.014807 0.00027225 2.5e-07 0 0 0 0 0 0 0 0 0 0 0 0 0 
1 0.749794 0.423097 0.136582 0.015437 0.000304 3.5e-06 0 0 0 0 0 0 0 0 0 0 0 0 0 
1 0.749886 0.422599 0.136063 0.0152718 0.0002805 8.25e-06 4.75e-06 0 0 0 0 0 0 0 0 0 0 0 0 
1 0.75135 0.426348 0.138614 0.0158988 0.00031425 1.75e-06 0 0 0 0 0 0 0 0 0 0 0 0 0 
1 0.748634 0.420095 0.134637 0.014749 0.00027275 4.25e-06 0 0 0 0 0 0 0 0 0 0 0 0 0 
1 0.749246 0.421825 0.135087 0.0147655 0.000289 2.25e-06 0 0 0 0 0 0 0 0 0 0 0 0 0 
1 0.748246 0.420026 0.134053 0.0146583 0.00026675 1.25e-06 0 0 0 0 0 0 0 0 0 0 0 0 0 
1 0.750921 0.424623 0.137604 0.0153763 0.00027975 1e-06 0 0 0 0 0 0 0 0 0 0 0 0 0 
1 0.748476 0.42085 0.134513 0.0145963 0.0002425 5e-07 0 0 0 0 0 0 0 0 0 0 0 0 0 
1 0.749487 0.422523 0.135838 0.014923 0.0002695 5e-07 0 0 0 0 0 0 0 0 0 0 0 0 0 
1 0.748454 0.420338 0.134057 0.0144625 0.00025925 5e-07 0 0 0 0 0 0 0 0 0 0 0 0 0 
1 0.749795 0.422295 0.13538 0.0148453 0.0002735 0 0 0 0 0 0 0 0 0 0 0 0 0 0 
1 0.751184 0.424893 0.137399 0.0153045 0.0002925 4.25e-06 0 0 0 0 0 0 0 0 0 0 0 0 0 
1 0.75007 0.423015 0.136511 0.0152308 0.00030625 2.75e-06 0 0 0 0 0 0 0 0 0 0 0 0 0 
1 0.747954 0.419808 0.133374 0.0145585 0.0002575 1.25e-06 0 0 0 0 0 0 0 0 0 0 0 0 0 
1 0.751607 0.424428 0.137496 0.015323 0.00026075 0 0 0 0 0 0 0 0 0 0 0 0 0 0 
1 0.749007 0.42154 0.135472 0.0150863 0.000258 7.5e-07 0 0 0 0 0 0 0 0 0 0 0 0 0 
1 0.748751 0.420613 0.134526 0.014882 0.0002475 5e-07 0 0 0 0 0 0 0 0 0 0 0 0 0 
1 0.749791 0.424083 0.137012 0.0152695 0.0002685 0 0 0 0 0 0 0 0 0 0 0 0 0 0 
1 0.751639 0.4263 0.139247 0.0157838 0.000287 0 0 0 0 0 0 0 0 0 0 0 0 0 0 
1 0.750185 0.422642 0.135454 0.0149115 0.00029725 3.25e-06 0 0 0 0 0 0 0 0 0 0 0 0 0 
1 0.748981 0.421189 0.134947 0.0147775 0.000256 2.5e-07 0 0 0 0 0 0 0 0 0 0 0 0 0 
1 0.752054 0.42613 0.138812 0.0158183 0.00026725 1.5e-06 0 0 0 0 0 0 0 0 0 0 0 0 0 
1 0.750798 0.424982 0.137753 0.0154085 0.000262 7.5e-07 0 0 0 0 0 0 0 0 0 0 0 0 0 
1 0.749386 0.420722 0.134153 0.014592 0.0002585 0 0 0 0 0 0 0 0 0 0 0 0 0 0 
1 0.749891 0.422566 0.136061 0.0148925 0.000274 2.5e-07 0 0 0 0 0 0 0 0 0 0 0 0 0 
1 0.748075 0.420689 0.134432 0.0146965 0.0002885 7.25e-06 0 0 0 0 0 0 0 0 0 0 0 0 0 
1 0.749025 0.42186 0.136216 0.0152003 0.00025275 0 0 0 0 0 0 0 0 0 0 0 0 0 0 
1 0.748747 0.420964 0.13467 0.0151263 0.0002615 1.5e-06 0 0 0 0 0 0 0 0 0 0 0 0 0 
1 0.75129 0.425441 0.138233 0.0156308 0.00030525 2e-06 0 0 0 0 0 0 0 0 0 0 0 0 0 
1 0.749319 0.421352 0.135375 0.015058 0.000269 1.75e-06 0 0 0 0 0 0 0 0 0 0 0 0 0 
1 0.749867 0.422914 0.136478 0.0152598 0.000303 0 0 0 0 0 0 0 0 0 0 0 0 0 0 
1 0.751298 0.424987 0.136942 0.0149938 0.00028025 2.25e-06 0 0 0 0 0 0 0 0 0 0 0 0 0 
1 0.750042 0.422976 0.136147 0.0151363 0.00032175 3.5e-06 0 0 0 0 0 0 0 0 0 0 0 0 0 
1 0.750538 0.423155 0.135592 0.0150288 0.00027225 3e-06 0 0 0 0 0 0 0 0 0 0 0 0 0 
1 0.750283 0.423962 0.137065 0.015187 0.0002675 5e-07 0 0 0 0 0 0 0 0 0 0 0 0 0 
1 0.750962 0.424828 0.137739 0.015666 0.00024575 7.5e-07 0 0 0 0 0 0 0 0 0 0 0 0 0 
1 0.750895 0.425772 0.138493 0.0157003 0.00032275 1e-06 0 0 0 0 0 0 0 0 0 0 0 0 0 
1 0.747872 0.419786 0.134851 0.0149208 0.000249 0 0 0 0 0 0 0 0 0 0 0 0 0 0 
1 0.748513 0.419824 0.133964 0.0146948 0.00022225 1.75e-06 0 0 0 0 0 0 0 0 0 0 0 0 0 
1 0.750594 0.423111 0.13652 0.0150703 0.00027575 0 0 0 0 0 0 0 0 0 0 0 0 0 0 
1 0.748332 0.420668 0.134721 0.0147893 0.00025025 3.25e-06 0 0 0 0 0 0 0 0 0 0 0 0 0 
1 0.751507 0.424718 0.138113 0.0157785 0.000317 2.25e-06 0 0 0 0 0 0 0 0 0 0 0 0 0 
1 0.747846 0.419057 0.133317 0.0142675 0.000222 5e-07 0 0 0 0 0 0 0 0 0 0 0 0 0 
1 0.749697 0.422 0.136224 0.0148288 0.00029975 1.25e-06 0 0 0 0 0 0 0 0 0 0 0 0 0 
1 0.749805 0.422626 0.136449 0.015272 0.000287 7e-06 0 0 0 0 0 0 0 0 0 0 0 0 0 
1 0.749214 0.422111 0.135891 0.0147263 0.0002925 0 0 0 0 0 0 0 0 0 0 0 0 0 0 
1 0.750666 0.423876 0.136098 0.015246 0.00026575 0 0 0 0 0 0 0 0 0 0 0 0 0 0 
1 0.749446 0.421799 0.135342 0.0150575 0.0003095 6.75e-06 0 0 0 0 0 0 0 0 0 0 0 0 0 
1 0.748727 0.419582 0.133665 0.0143785 0.0002465 0 0 0 0 0 0 0 0 0 0 0 0 0 0 
1 0.75034 0.422372 0.135985 0.0147848 0.0002145 2.5e-06 0 0 0 0 0 0 0 0 0 0 0 0 0 
1 0.750694 0.423132 0.136834 0.0149853 0.0002865 7.5e-07 0 0 0 0 0 0 0 0 0 0 0 0 0 
1 0.748931 0.421616 0.135713 0.0151978 0.00028575 1.5e-06 0 0 0 0 0 0 0 0 0 0 0 0 0 
1 0.751289 0.42475 0.13749 0.015549 0.00031125 2.5e-06 0 0 0 0 0 0 0 0 0 0 0 0 0 
1 0.748501 0.419919 0.133521 0.0142143 0.0002025 1e-06 0 0 0 0 0 0 0 0 0 0 0 0 0 
1 0.751165 0.425695 0.139222 0.015889 0.0003225 5.5e-06 0 0 0 0 0 0 0 0 0 0 0 0 0 
1 0.748991 0.421296 0.135375 0.0148798 0.0002855 0 0 0 0 0 0 0 0 0 0 0 0 0 0 
1 0.749851 0.422556 0.136219 0.0151713 0.000267 1e-06 0 0 0 0 0 0 0 0 0 0 0 0 0 
