1 0.396715 0.075495 0.006245 0.000275 2e-05 0 0 0 0 0 0 0 0 0 0 0 0 0 0 
1 0.398375 0.075865 0.006155 0.000245 1e-05 0 0 0 0 0 0 0 0 0 0 0 0 0 0 
1 0.398975 0.07611 0.006085 0.000295 1.5e-05 0 0 0 0 0 0 0 0 0 0 0 0 0 0 
1 0.39981 0.076035 0.006295 0.00029 5e-06 0 0 0 0 0 0 0 0 0 0 0 0 0 0 
1 0.40043 0.075905 0.0065 0.000345 1e-05 0 0 0 0 0 0 0 0 0 0 0 0 0 0 
1 0.40263 0.07769 0.00668 0.000365 2.5e-05 0 0 0 0 0 0 0 0 0 0 0 0 0 0 
1 0.39911 0.075095 0.00607 0.00032 2.5e-05 0 0 0 0 0 0 0 0 0 0 0 0 0 0 
1 0.401715 0.076595 0.006225 0.00032 3e-05 0 0 0 0 0 0 0 0 0 0 0 0 0 0 
1 0.40186 0.076985 0.00644 0.000255 1.5e-05 0 0 0 0 0 0 0 0 0 0 0 0 0 0 
1 0.399185 0.07617 0.006395 0.000335 0 0 0 0 0 0 0 0 0 0 0 0 0 0 0 
1 0.398605 0.077615 0.00677 0.000445 2.5e-05 0 0 0 0 0 0 0 0 0 0 0 0 0 0 
1 0.401195 0.075475 0.006245 0.00028 1.5e-05 0 0 0 0 0 0 0 0 0 0 0 0 0 0 
1 0.40086 0.077935 0.006565 0.00036 1e-05 0 0 0 0 0 0 0 0 0 0 0 0 0 0 
1 0.398925 0.07728 0.006495 0.000295 1e-05 0 0 0 0 0 0 0 0 0 0 0 0 0 0 
1 0.39895 0.075825 0.006025 0.000335 1e-05 0 0 0 0 0 0 0 0 0 0 0 0 0 0 
1 0.40045 0.0769 0.00621 0.000335 1.5e-05 0 0 0 0 0 0 0 0 0 0 0 0 0 0 
1 0.39871 0.075865 0.00644 0.000245 5e-05 0 0 0 0 0 0 0 0 0 0 0 0 0 0 
1 0.40045 0.076585 0.00634 0.000345 5e-06 0 0 0 0 0 0 0 0 0 0 0 0 0 0 
1 0.401755 0.07633 0.006325 0.00028 5e-06 0 0 0 0 0 0 0 0 0 0 0 0 0 0 
1 0.39935 0.075415 0.00572 0.00032 1e-05 5e-06 0 0 0 0 0 0 0 0 0 0 0 0 0 
1 0.39876 0.076675 0.0065 0.000365 2e-05 0 0 0 0 0 0 0 0 0 0 0 0 0 0 
1 0.397365 0.076015 0.00637 0.000345 2.5e-05 1e-05 0 0 0 0 0 0 0 0 0 0 0 0 0 
1 0.398345 0.07694 0.00654 0.000255 1e-05 0 0 0 0 0 0 0 0 0 0 0 0 0 0 
1 0.400475 0.07725 0.006025 0.000295 1.5e-05 0 0 0 0 0 0 0 0 0 0 0 0 0 0 
1 0.401775 0.076315 0.00636 0.00039 1.5e-05 0 0 0 0 0 0 0 0 0 0 0 0 0 0 
1 0.398855 0.077465 0.00605 0.000295 1.5e-05 0 0 0 0 0 0 0 0 0 0 0 0 0 0 
1 0.39902 0.075975 0.006345 0.000345 1e-05 0 0 0 0 0 0 0 0 0 0 0 0 0 0 
1 0.40087 0.07595 0.00619 0.000255 2e-05 0 0 0 0 0 0 0 0 0 0 0 0 0 0 
1 0.399935 0.075575 0.00625 0.00029 5e-06 0 0 0 0 0 0 0 0 0 0 0 0 0 0 
1 0.39927 0.075995 0.006495 0.000325 1e-05 0 0 0 0 0 0 0 0 0 0 0 0 0 0 
1 0.402705 0.07866 0.006315 0.000365 1e-05 0 0 0 0 0 0 0 0 0 0 0 0 0 0 
1 0.399505 0.077405 0.006595 0.000355 1.5e-05 0 0 0 0 0 0 0 0 0 0 0 0 0 0 
1 0.40094 0.077005 0.006195 0.00027 2e-05 0 0 0 0 0 0 0 0 0 0 0 0 0 0 
1 0.40063 0.07582 0.006315 0.000275 1.5e-05 0 0 0 0 0 0 0 0 0 0 0 0 0 0 
1 0.400645 0.077085 0.00628 0.000325 2e-05 5e-06 0 0 0 0 0 0 0 0 0 0 0 0 0 
1 0.397685 0.075555 0.006025 0.000345 1e-05 0 0 0 0 0 0 0 0 0 0 0 0 0 0 
1 0.39865 0.0766 0.006465 0.00034 5e-06 0 0 0 0 0 0 0 0 0 0 0 0 0 0 
1 0.40056 0.07607 0.00604 0.000265 1e-05 0 0 0 0 0 0 0 0 0 0 0 0 0 0 
1 0.400305 0.077205 0.006275 0.000275 1e-05 5e-06 0 0 0 0 0 0 0 0 0 0 0 0 0 
1 0.39899 0.075575 0.006285 0.00024 0 0 0 0 0 0 0 0 0 0 0 0 0 0 0 
1 0.400105 0.07789 0.00624 0.0003 5e-06 0 0 0 0 0 0 0 0 0 0 0 0 0 0 
1 0.402185 0.07722 0.006565 0.00035 1e-05 0 0 0 0 0 0 0 0 0 0 0 0 0 0 
1 0.398625 0.07457 0.00615 0.0003 2e-05 0 0 0 0 0 0 0 0 0 0 0 0 0 0 
1 0.39794 0.07544 0.005955 0.00029 5e-06 0 0 0 0 0 0 0 0 0 0 0 0 0 0 
1 0.400345 0.075415 0.0062 0.00022 1e-05 0 0 0 0 0 0 0 0 0 0 0 0 0 0 
1 0.40203 0.07637 0.00649 0.000305 1e-05 5e-06 0 0 0 0 0 0 0 0 0 0 0 0 0 
1 0.39958 0.075915 0.00618 0.00031 2e-05 5e-06 0 0 0 0 0 0 0 0 0 0 0 0 0 
1 0.398825 0.07612 0.006425 0.00022 1.5e-05 0 0 0 0 0 0 0 0 0 0 0 0 0 0 
1 0.400555 0.07653 0.00633 0.00034 1e-05 0 0 0 0 0 0 0 0 0 0 0 0 0 0 
1 0.398815 0.07611 0.00621 0.00033 1e-05 0 0 0 0 0 0 0 0 0 0 0 0 0 0 
1 0.398955 0.076 0.00649 0.00041 2.5e-05 0 0 0 0 0 0 0 0 0 0 0 0 0 0 
1 0.399155 0.07594 0.00635 0.000345 1.5e-05 0 0 0 0 0 0 0 0 0 0 0 0 0 0 
1 0.39982 0.076285 0.006525 0.00032 2e-05 0 0 0 0 0 0 0 0 0 0 0 0 0 0 
1 0.400645 0.077215 0.006755 0.000365 2e-05 0 0 0 0 0 0 0 0 0 0 0 0 0 0 
1 0.39918 0.07544 0.006315 0.000325 5e-06 0 0 0 0 0 0 0 0 0 0 0 0 0 0 
1 0.39826 0.076025 0.00624 0.000375 1.5e-05 0 0 0 0 0 0 0 0 0 0 0 0 0 0 
1 0.40153 0.076225 0.006095 0.00034 2.5e-05 0 0 0 0 0 0 0 0 0 0 0 0 0 0 
1 0.400595 0.07681 0.0063 0.000345 2.5e-05 0 0 0 0 0 0 0 0 0 0 0 0 0 0 
1 0.401085 0.076615 0.00636 0.00037 1.5e-05 0 0 0 0 0 0 0 0 0 0 0 0 0 0 
1 0.39979 0.074855 0.006015 0.00025 5e-06 0 0 0 0 0 0 0 0 0 0 0 0 0 0 
1 0.400805 0.07663 0.006055 0.000255 1e-05 0 0 0 0 0 0 0 0 0 0 0 0 0 0 
1 0.399815 0.076465 0.006495 0.00027 1.5e-05 0 0 0 0 0 0 0 0 0 0 0 0 0 0 
1 0.398985 0.07625 0.00559 0.00024 0 0 0 0 0 0 0 0 0 0 0 0 0 0 0 
1 0.397845 0.07499 0.005685 0.00031 1.5e-05 0 0 0 0 0 0 0 0 0 0 0 0 0 0 
1 0.39971 0.07601 0.006335 0.000285 5e-06 5e-06 0 0 0 0 0 0 0 0 0 0 0 0 0 
1 0.40018 0.07669 0.006345 0.000275 1.5e-05 0 0 0 0 0 0 0 0 0 0 0 0 0 0 
1 0.399845 0.07533 0.00623 0.000285 5e-06 0 0 0 0 0 0 0 0 0 0 0 0 0 0 
1 0.397205 0.075585 0.006215 0.00025 1e-05 0 0 0 0 0 0 0 0 0 0 0 0 0 0 
1 0.401115 0.0772 0.00612 0.000275 2.5e-05 0 0 0 0 0 0 0 0 0 0 0 0 0 0 
1 0.39971 0.075645 0.006275 0.00029 1e-05 0 0 0 0 0 0 0 0 0 0 0 0 0 0 
1 0.40032 0.076955 0.006035 0.00031 5e-06 0 0 0 0 0 0 0 0 0 0 0 0 0 0 
1 0.400775 0.076765 0.00649 0.0003 0 0 0 0 0 0 0 0 0 0 0 0 0 0 0 
1 0.400695 0.076655 0.0062 0.00028 0 0 0 0 0 0 0 0 0 0 0 0 0 0 0 
1 0.40083 0.076485 0.00612 0.000315 0 0 0 0 0 0 0 0 0 0 0 0 0 0 0 
1 0.400685 0.076415 0.00649 0.000385 5e-06 0 0 0 0 0 0 0 0 0 0 0 0 0 0 
1 0.39988 0.07662 0.00643 0.00036 2e-05 0 0 0 0 0 0 0 0 0 0 0 0 0 0 
1 0.39932 0.07666 0.006275 0.0003 1e-05 0 0 0 0 0 0 0 0 0 0 0 0 0 0 
1 0.39704 0.07655 0.006425 0.00032 2e-05 0 0 0 0 0 0 0 0 0 0 0 0 0 0 
1 0.399085 0.076645 0.00651 0.00034 1.5e-05 0 0 0 0 0 0 0 0 0 0 0 0 0 0 
1 0.39915 0.075475 0.00603 0.00024 1e-05 0 0 0 0 0 0 0 0 0 0 0 0 0 0 
1 0.40025 0.07585 0.00615 0.00038 2e-05 0 0 0 0 0 0 0 0 0 0 0 0 0 0 
1 0.39958 0.07625 0.006195 0.0003 3.5e-05 0 0 0 0 0 0 0 0 0 0 0 0 0 0 
1 0.39996 0.076305 0.005955 0.00032 3e-05 0 0 0 0 0 0 0 0 0 0 0 0 0 0 
1 0.40143 0.07635 0.006395 0.000295 5e-06 0 0 0 0 0 0 0 0 0 0 0 0 0 0 
1 0.401445 0.076875 0.006345 0.00033 2e-05 5e-06 0 0 0 0 0 0 0 0 0 0 0 0 0 
1 0.399265 0.076485 0.006445 0.00033 2.5e-05 0 0 0 0 0 0 0 0 0 0 0 0 0 0 
1 0.400105 0.077045 0.006365 0.0004 2e-05 0 0 0 0 0 0 0 0 0 0 0 0 0 0 
1 0.399095 0.07637 0.006185 0.000315 1.5e-05 0 0 0 0 0 0 0 0 0 0 0 0 0 0 
1 0.398395 0.075575 0.00638 0.00031 1e-05 0 0 0 0 0 0 0 0 0 0 0 0 0 0 
1 0.39903 0.07689 0.006215 0.000275 1.5e-05 0 0 0 0 0 0 0 0 0 0 0 0 0 0 
1 0.399615 0.076735 0.006405 0.00037 2.5e-05 0 0 0 0 0 0 0 0 0 0 0 0 0 0 
1 0.40095 0.076865 0.006125 0.000295 2.5e-05 0 0 0 0 0 0 0 0 0 0 0 0 0 0 
1 0.399015 0.076815 0.006545 0.000305 1e-05 0 0 0 0 0 0 0 0 0 0 0 0 0 0 
1 0.3996 0.075575 0.0061 0.00031 1e-05 0 0 0 0 0 0 0 0 0 0 0 0 0 0 
1 0.40074 0.07719 0.006475 0.00035 3.5e-05 1e-05 0 0 0 0 0 0 0 0 0 0 0 0 0 
1 0.400185 0.07683 0.00652 0.000335 3.5e-05 0 0 0 0 0 0 0 0 0 0 0 0 0 0 
1 0.40069 0.07716 0.006425 0.000325 1.5e-05 0 0 0 0 0 0 0 0 0 0 0 0 0 0 
1 0.399465 0.0762 0.006125 0.00035 1.5e-05 5e-06 0 0 0 0 0 0 0 0 0 0 0 0 0 
1 0.399205 0.075315 0.006435 0.00033 1.5e-05 5e-06 0 0 0 0 0 0 0 0 0 0 0 0 0 
1 0.400045 0.07632 0.00632 0.00033 3.5e-05 0 0 0 0 0 0 0 0 0 0 0 0 0 0 
