0
3 100
1 0.647083 0.338833 0.14675 0.05635 0.0206333 0.00678333 0.00248333 0.000766667 0.00015 3.33333e-05 1.66667e-05 1.66667e-05 0 0 0 0 0 0 0 
1 0.653933 0.34175 0.145867 0.05645 0.01855 0.00553333 0.00185 0.00045 0.000133333 1.66667e-05 0 0 0 0 0 0 0 0 0 
1 0.64785 0.338767 0.146683 0.0563 0.0182833 0.00536667 0.00166667 0.00055 0.00015 3.33333e-05 1.66667e-05 0 0 0 0 0 0 0 0 
1 0.65035 0.3362 0.144817 0.0544833 0.01935 0.0062 0.00176667 0.000416667 8.33333e-05 1.66667e-05 1.66667e-05 1.66667e-05 0 0 0 0 0 0 0 
1 0.649117 0.337483 0.146667 0.0559167 0.0195 0.0061 0.00183333 0.00045 5e-05 1.66667e-05 0 0 0 0 0 0 0 0 0 
1 0.649467 0.336767 0.144417 0.0551333 0.0201 0.00678333 0.0022 0.00055 0.000166667 6.66667e-05 3.33333e-05 0 0 0 0 0 0 0 0 
1 0.646783 0.336467 0.146867 0.05575 0.0196667 0.0061 0.00188333 0.000483333 0.0001 3.33333e-05 0 0 0 0 0 0 0 0 0 
1 0.650033 0.338217 0.143267 0.0541167 0.0192 0.00663333 0.00211667 0.000666667 0.0002 6.66667e-05 3.33333e-05 0 0 0 0 0 0 0 0 
1 0.6474 0.3347 0.144917 0.0549833 0.0204167 0.00683333 0.00218333 0.000566667 0.0002 6.66667e-05 0 0 0 0 0 0 0 0 0 
1 0.649783 0.336933 0.147367 0.0571667 0.0200167 0.00683333 0.00211667 0.000716667 0.000216667 0.000116667 6.66667e-05 1.66667e-05 0 0 0 0 0 0 0 
1 0.6506 0.333717 0.14745 0.0554167 0.0194833 0.00646667 0.00216667 0.000683333 0.000183333 3.33333e-05 0 0 0 0 0 0 0 0 0 
1 0.648683 0.33585 0.144717 0.0556667 0.02025 0.0067 0.00223333 0.000533333 0.0002 5e-05 0 0 0 0 0 0 0 0 0 
1 0.650267 0.338833 0.144533 0.0567 0.0197167 0.00635 0.00205 0.000616667 0.000216667 8.33333e-05 1.66667e-05 0 0 0 0 0 0 0 0 
1 0.650917 0.336767 0.145583 0.05485 0.0192 0.0067 0.00196667 0.00075 0.0003 0.0001 6.66667e-05 3.33333e-05 3.33333e-05 2.08611e-17 0 0 0 0 0 
1 0.645983 0.3329 0.1427 0.0528333 0.0184167 0.006 0.00161667 0.000533333 0.0001 5e-05 3.33333e-05 3.33333e-05 0 0 0 0 0 0 0 
1 0.650517 0.335483 0.1458 0.0546667 0.0187167 0.00578333 0.00155 0.000333333 0.000116667 5e-05 1.66667e-05 0 0 0 0 0 0 0 0 
1 0.648517 0.3355 0.144667 0.0563 0.02005 0.00705 0.00228333 0.00065 0.000333333 0.000183333 0.000133333 6.66667e-05 5e-05 1.66667e-05 1.66667e-05 1.66667e-05 0 0 0 
1 0.648967 0.336233 0.145083 0.0554667 0.0193833 0.00643333 0.00183333 0.000633333 0.000216667 0.0001 3.33333e-05 1.66667e-05 0 0 0 0 0 0 0 
1 0.651283 0.337867 0.146817 0.0565 0.0195667 0.00626667 0.00188333 0.000566667 0.000183333 0.0001 3.33333e-05 0 0 0 0 0 0 0 0 
1 0.649267 0.335467 0.143717 0.0548167 0.0188333 0.00631667 0.00203333 0.000516667 0.00015 1.66667e-05 0 0 0 0 0 0 0 0 0 
1 0.651583 0.3358 0.143933 0.0539167 0.0183 0.00566667 0.00181667 0.000566667 0.000183333 5e-05 0 0 0 0 0 0 0 0 0 
1 0.65085 0.337517 0.148333 0.0579 0.0200333 0.00643333 0.00203333 0.000733333 0.0002 5e-05 1.66667e-05 0 0 0 0 0 0 0 0 
1 0.65545 0.3432 0.15065 0.05795 0.0200167 0.00651667 0.00186667 0.000466667 8.33333e-05 0 0 0 0 0 0 0 0 0 0 
1 0.647467 0.333533 0.14495 0.05455 0.01955 0.00596667 0.00188333 0.000533333 6.66667e-05 1.66667e-05 1.66667e-05 1.66667e-05 0 0 0 0 0 0 0 
1 0.65155 0.3354 0.14315 0.0542 0.0187333 0.00631667 0.0019 0.000583333 0.000166667 1.66667e-05 0 0 0 0 0 0 0 0 0 
1 0.653517 0.339783 0.147117 0.0569167 0.01955 0.00586667 0.00183333 0.000433333 0.000116667 3.33333e-05 3.33333e-05 1.66667e-05 0 0 0 0 0 0 0 
1 0.65235 0.341533 0.1475 0.0562333 0.0196833 0.00666667 0.00231667 0.000783333 0.000116667 1.66667e-05 0 0 0 0 0 0 0 0 0 
1 0.647733 0.334 0.146783 0.0559167 0.02055 0.0072 0.0022 0.0007 0.00025 0.000116667 8.33333e-05 0 0 0 0 0 0 0 0 
1 0.6501 0.33765 0.145933 0.0549667 0.0194833 0.00625 0.00163333 0.000416667 0.0001 1.66667e-05 1.66667e-05 0 0 0 0 0 0 0 0 
1 0.650167 0.340167 0.14675 0.0566833 0.0198333 0.00636667 0.00176667 0.000516667 0.00015 5e-05 0 0 0 0 0 0 0 0 0 
1 0.64825 0.334867 0.142367 0.0535833 0.0174167 0.00536667 0.00151667 0.0005 0.00015 1.66667e-05 1.66667e-05 1.66667e-05 0 0 0 0 0 0 0 
1 0.650367 0.336417 0.148883 0.05785 0.0209 0.00655 0.0023 0.000716667 0.00025 5e-05 1.66667e-05 0 0 0 0 0 0 0 0 
1 0.649917 0.334733 0.145283 0.05615 0.0196 0.00611667 0.00196667 0.000683333 0.000166667 3.33333e-05 0 0 0 0 0 0 0 0 0 
1 0.64835 0.336283 0.1484 0.05675 0.0201167 0.00643333 0.00173333 0.000533333 0.000166667 0.0001 3.33333e-05 1.66667e-05 0 0 0 0 0 0 0 
1 0.654617 0.340833 0.1475 0.0566167 0.0194 0.00615 0.00203333 0.0006 0.0002 0.000116667 1.66667e-05 0 0 0 0 0 0 0 0 
1 0.651117 0.3371 0.1441 0.0559167 0.01935 0.00651667 0.00221667 0.000833333 0.000166667 3.33333e-05 0 0 0 0 0 0 0 0 0 
1 0.649917 0.335083 0.1426 0.0534167 0.0186 0.00585 0.00155 0.0005 0.00015 3.33333e-05 1.66667e-05 0 0 0 0 0 0 0 0 
1 0.647233 0.33185 0.14225 0.0538833 0.0190833 0.00628333 0.00198333 0.0007 0.0002 8.33333e-05 5e-05 0 0 0 0 0 0 0 0 
1 0.648733 0.333217 0.14445 0.0567667 0.0201667 0.00691667 0.00231667 0.000666667 0.000166667 6.66667e-05 1.66667e-05 1.66667e-05 1.66667e-05 0 0 0 0 0 0 
1 0.650533 0.342683 0.15225 0.0580667 0.0203 0.00658333 0.00218333 0.000616667 0.000183333 3.33333e-05 0 0 0 0 0 0 0 0 0 
1 0.6513 0.339067 0.1481 0.0564 0.0190667 0.00631667 0.00218333 0.000616667 0.000166667 6.66667e-05 3.33333e-05 1.66667e-05 0 0 0 0 0 0 0 
1 0.649017 0.334417 0.142867 0.0534 0.0192667 0.00641667 0.00196667 0.000466667 8.33333e-05 0 0 0 0 0 0 0 0 0 0 
1 0.6482 0.334583 0.145933 0.0565833 0.0204333 0.00655 0.00223333 0.0007 0.000233333 6.66667e-05 0 0 0 0 0 0 0 0 0 
1 0.65345 0.34 0.147617 0.0574167 0.02055 0.00698333 0.00255 0.0008 0.000333333 6.66667e-05 5e-05 0 0 0 0 0 0 0 0 
1 0.650833 0.337267 0.145983 0.0555667 0.0182 0.00601667 0.00155 0.000466667 0.000116667 3.33333e-05 0 0 0 0 0 0 0 0 0 
1 0.652183 0.339433 0.14795 0.0563333 0.01965 0.00663333 0.00201667 0.000683333 0.00015 1.66667e-05 0 0 0 0 0 0 0 0 0 
1 0.65175 0.340183 0.146833 0.0561833 0.0192333 0.00578333 0.00188333 0.00055 0.00015 6.66667e-05 0 0 0 0 0 0 0 0 0 
1 0.652433 0.337917 0.1459 0.0561833 0.0195833 0.0065 0.00201667 0.000633333 0.00025 5e-05 0 0 0 0 0 0 0 0 0 
1 0.648433 0.33555 0.144217 0.0541 0.0194167 0.00628333 0.002 0.0004 6.66667e-05 0 0 0 0 0 0 0 0 0 0 
1 0.6515 0.33725 0.148017 0.0594667 0.0215 0.00715 0.00225 0.000716667 0.0002 0.0001 1.66667e-05 0 0 0 0 0 0 0 0 
1 0.6482 0.333417 0.143683 0.0529667 0.0187 0.00611667 0.00203333 0.00055 0.000183333 6.66667e-05 1.66667e-05 0 0 0 0 0 0 0 0 
1 0.646083 0.333617 0.142667 0.0544667 0.0191833 0.00625 0.00211667 0.00065 0.000183333 6.66667e-05 3.33333e-05 1.66667e-05 0 0 0 0 0 0 0 
1 0.6511 0.3394 0.147867 0.0567667 0.01925 0.00596667 0.00165 0.000366667 0.000116667 5e-05 0 0 0 0 0 0 0 0 0 
1 0.648883 0.33835 0.14765 0.0571333 0.01985 0.00666667 0.00226667 0.000733333 0.0003 0.0001 1.66667e-05 0 0 0 0 0 0 0 0 
1 0.6531 0.341517 0.1478 0.05645 0.0212167 0.00651667 0.00185 0.000433333 0.00015 1.66667e-05 1.66667e-05 0 0 0 0 0 0 0 0 
1 0.647333 0.3353 0.1465 0.0565 0.0196833 0.00665 0.0022 0.0006 0.0002 3.33333e-05 1.66667e-05 3.34843e-17 0 0 0 0 0 0 0 
1 0.650483 0.334067 0.144683 0.0553333 0.0186 0.00601667 0.00211667 0.000633333 0.000233333 3.33333e-05 3.33333e-05 1.66667e-05 0 0 0 0 0 0 0 
1 0.651933 0.340333 0.146733 0.0559 0.0192167 0.00626667 0.00201667 0.000633333 0.0001 3.33333e-05 1.66667e-05 1.66667e-05 0 0 0 0 0 0 0 
1 0.651933 0.340617 0.146817 0.0550667 0.0193333 0.0059 0.00181667 0.000666667 0.000316667 0.000133333 6.66667e-05 1.66667e-05 1.66667e-05 0 0 0 0 0 0 
1 0.650233 0.339783 0.1456 0.0541167 0.0193667 0.0067 0.00186667 0.00055 0.000133333 3.33333e-05 1.66667e-05 0 0 0 0 0 0 0 0 
1 0.6482 0.336483 0.146433 0.0567833 0.0201667 0.0066 0.002 0.000583333 0.0001 3.33333e-05 0 0 0 0 0 0 0 0 0 
1 0.648467 0.334967 0.143283 0.0557 0.02055 0.00651667 0.00213333 0.0006 0.00015 5e-05 1.66667e-05 0 0 0 0 0 0 0 0 
1 0.6506 0.337467 0.146633 0.0546667 0.0188333 0.00596667 0.00185 0.000583333 0.00015 0.000116667 1.66667e-05 0 0 0 0 0 0 0 0 
1 0.6465 0.334783 0.144967 0.0549833 0.0193 0.00595 0.0016 0.000633333 0.000183333 3.33333e-05 1.66667e-05 1.66667e-05 0 0 0 0 0 0 0 
1 0.65145 0.337833 0.145983 0.0561833 0.01975 0.00653333 0.00226667 0.000566667 0.000233333 3.33333e-05 1.11022e-16 0 0 0 0 0 0 0 0 
1 0.64725 0.336283 0.148333 0.0580667 0.0207 0.00718333 0.0025 0.0009 0.000216667 8.33333e-05 0 0 0 0 0 0 0 0 0 
1 0.6472 0.33375 0.144917 0.0552833 0.01825 0.00586667 0.00175 0.000533333 8.33333e-05 0 0 0 0 0 0 0 0 0 0 
1 0.652683 0.343083 0.1488 0.0560333 0.01995 0.00613333 0.00176667 0.00045 0.0001 3.33333e-05 1.66667e-05 0 0 0 0 0 0 0 0 
1 0.6521 0.33915 0.146467 0.0569 0.01985 0.007 0.00245 0.0007 0.000233333 3.33333e-05 0 0 0 0 0 0 0 0 0 
1 0.649833 0.3384 0.149333 0.0576667 0.0201667 0.00655 0.00205 0.000833333 0.000216667 8.33333e-05 0 0 0 0 0 0 0 0 0 
1 0.649867 0.336733 0.14555 0.0552167 0.0188 0.0065 0.00215 0.000733333 0.000183333 6.66667e-05 1.66667e-05 0 0 0 0 0 0 0 0 
1 0.65255 0.3394 0.148467 0.0577333 0.0214333 0.00716667 0.00221667 0.000666667 0.0002 1.66667e-05 0 0 0 0 0 0 0 0 0 
1 0.6489 0.335067 0.144283 0.0564667 0.0203333 0.00653333 0.0023 0.000683333 0.00035 6.66667e-05 4.7895e-17 0 0 0 0 0 0 0 0 
1 0.647767 0.3357 0.144733 0.0541167 0.01985 0.00688333 0.00215 0.0006 0.000233333 0.0001 5e-05 0 0 0 0 0 0 0 0 
1 0.6497 0.334083 0.14235 0.05535 0.0189333 0.00615 0.00188333 0.000766667 0.000216667 1.66667e-05 2.41973e-17 0 0 0 0 0 0 0 0 
1 0.6514 0.33785 0.147467 0.05755 0.0205167 0.00703333 0.0021 0.000616667 0.000216667 8.33333e-05 1.66667e-05 0 0 0 0 0 0 0 0 
1 0.6535 0.340283 0.14775 0.0559333 0.0189 0.00613333 0.00203333 0.000716667 0.000183333 5e-05 1.66667e-05 0 0 0 0 0 0 0 0 
1 0.6501 0.334633 0.140983 0.05295 0.0182833 0.00646667 0.00185 0.000616667 0.000166667 5e-05 3.33333e-05 1.66667e-05 0 0 0 0 0 0 0 
1 0.64875 0.334667 0.145433 0.0541667 0.0188333 0.00643333 0.00221667 0.00055 0.000116667 1.66667e-05 0 0 0 0 0 0 0 0 0 
1 0.651817 0.338467 0.147517 0.0573333 0.01955 0.00661667 0.00201667 0.000666667 0.000216667 3.33333e-05 0 0 0 0 0 0 0 0 0 
1 0.647817 0.33225 0.142967 0.0533833 0.0173 0.00548333 0.00155 0.000266667 8.33333e-05 5e-05 1.66667e-05 1.66667e-05 0 0 0 0 0 0 0 
1 0.645467 0.337133 0.145217 0.0545667 0.02 0.00656667 0.002 0.000683333 0.00025 5e-05 0 0 0 0 0 0 0 0 0 
1 0.648417 0.335083 0.145683 0.0555833 0.0197833 0.00628333 0.00208333 0.000883333 0.0003 0.000116667 3.33333e-05 1.66667e-05 0 0 0 0 0 0 0 
1 0.651917 0.338617 0.145683 0.0552 0.0192833 0.00616667 0.00183333 0.000466667 0.000166667 5e-05 1.66667e-05 0 0 0 0 0 0 0 0 
1 0.650533 0.34005 0.146333 0.0559167 0.0205167 0.00655 0.00193333 0.000566667 0.000166667 6.66667e-05 1.0123e-16 0 0 0 0 0 0 0 0 
1 0.65495 0.338433 0.148067 0.05745 0.0210333 0.00653333 0.00211667 0.000616667 0.000216667 3.33333e-05 4.19664e-18 0 0 0 0 0 0 0 0 
1 0.6472 0.33465 0.143217 0.0538 0.0185333 0.00576667 0.0018 0.000566667 0.000133333 5e-05 3.33333e-05 0 0 0 0 0 0 0 0 
1 0.648867 0.337867 0.14555 0.0553167 0.0196 0.00655 0.00221667 0.000633333 0.00015 8.33333e-05 3.33333e-05 0 0 0 0 0 0 0 0 
1 0.647567 0.338583 0.146817 0.0557 0.0195 0.00628333 0.00208333 0.000533333 0.00015 1.66667e-05 1.66667e-05 0 0 0 0 0 0 0 0 
1 0.647967 0.3362 0.14575 0.0551333 0.0188833 0.00601667 0.00175 0.000516667 0.0001 5e-05 0 0 0 0 0 0 0 0 0 
1 0.646533 0.334117 0.143417 0.0556 0.0193 0.00698333 0.00223333 0.000783333 0.000266667 0.000133333 0.0001 3.33333e-05 0 0 0 0 0 0 0 
1 0.65245 0.341 0.147017 0.0571167 0.0208833 0.00696667 0.00238333 0.000866667 0.000266667 0.000116667 6.66667e-05 0 0 0 0 0 0 0 0 
1 0.648817 0.336533 0.145783 0.0565167 0.0199667 0.00653333 0.00203333 0.000716667 0.000366667 0.000133333 0.0001 3.33333e-05 0 0 0 0 0 0 0 
1 0.652717 0.3367 0.1443 0.0547667 0.01875 0.00613333 0.00196667 0.000616667 0.00025 0.000116667 0 0 0 0 0 0 0 0 0 
1 0.646283 0.333583 0.143667 0.0547167 0.0185167 0.00553333 0.00166667 0.000383333 0.000133333 5e-05 1.66667e-05 1.66667e-05 0 0 0 0 0 0 0 
1 0.652433 0.3382 0.147233 0.0564333 0.0209167 0.00715 0.00238333 0.000583333 0.0002 0.0001 0 0 0 0 0 0 0 0 0 
1 0.648417 0.336317 0.144783 0.05665 0.0203667 0.00676667 0.0024 0.00075 0.0002 8.33333e-05 1.66667e-05 0 0 0 0 0 0 0 0 
1 0.650933 0.33985 0.147817 0.0582 0.02095 0.00696667 0.00221667 0.0007 0.000166667 0 0 0 0 0 0 0 0 0 0 
1 0.649933 0.340083 0.149183 0.05735 0.0204333 0.00635 0.00203333 0.000383333 8.33333e-05 0 0 0 0 0 0 0 0 0 0 
1 0.649933 0.3375 0.1456 0.0553833 0.0195667 0.00661667 0.00238333 0.0007 0.0003 0.000116667 3.33333e-05 0 0 0 0 0 0 0 0 
