1 0.800588 0.513603 0.212176 0.0369103 0.00123288 4.11e-06 1e-08 0 0 0 0 0 0 0 0 0 0 0 0 
1 0.800169 0.512748 0.211432 0.0366463 0.0012406 2.77e-06 0 0 0 0 0 0 0 0 0 0 0 0 0 
1 0.800561 0.513589 0.212282 0.0369825 0.00126663 4.15e-06 0 0 0 0 0 0 0 0 0 0 0 0 0 
1 0.799992 0.512345 0.210886 0.036518 0.0012189 2.65e-06 0 0 0 0 0 0 0 0 0 0 0 0 0 
1 0.799833 0.51261 0.211437 0.0366516 0.00121594 4.38e-06 0 0 0 0 0 0 0 0 0 0 0 0 0 
1 0.799958 0.512518 0.211278 0.0366492 0.00122855 3.52e-06 0 0 0 0 0 0 0 0 0 0 0 0 0 
1 0.800012 0.512344 0.211039 0.0364619 0.00120958 3.98e-06 0 0 0 0 0 0 0 0 0 0 0 0 0 
1 0.800503 0.513368 0.212012 0.0369237 0.00126223 2.67e-06 0 0 0 0 0 0 0 0 0 0 0 0 0 
1 0.799946 0.512434 0.211085 0.0364229 0.0012388 4.81e-06 0 0 0 0 0 0 0 0 0 0 0 0 0 
1 0.800143 0.512604 0.210984 0.036533 0.00120017 4.05e-06 0 0 0 0 0 0 0 0 0 0 0 0 0 
1 0.799965 0.512168 0.211254 0.0366849 0.00125464 4.45e-06 0 0 0 0 0 0 0 0 0 0 0 0 0 
1 0.800151 0.512768 0.211225 0.0363933 0.0012165 3.21e-06 0 0 0 0 0 0 0 0 0 0 0 0 0 
1 0.799771 0.512096 0.211174 0.0365463 0.00119577 3.52e-06 0 0 0 0 0 0 0 0 0 0 0 0 0 
1 0.799782 0.511854 0.210363 0.0362132 0.00119607 3.3e-06 0 0 0 0 0 0 0 0 0 0 0 0 0 
1 0.799992 0.512408 0.211205 0.036572 0.00121811 5.2e-06 0 0 0 0 0 0 0 0 0 0 0 0 0 
1 0.80078 0.514171 0.212569 0.0369265 0.00122587 5.04e-06 0 0 0 0 0 0 0 0 0 0 0 0 0 
1 0.799906 0.512292 0.211047 0.0366175 0.00123626 2.82e-06 0 0 0 0 0 0 0 0 0 0 0 0 0 
1 0.800352 0.513269 0.211992 0.0368175 0.00122689 4.1e-06 0 0 0 0 0 0 0 0 0 0 0 0 0 
1 0.800546 0.51318 0.211781 0.0366757 0.00124901 3.04e-06 0 0 0 0 0 0 0 0 0 0 0 0 0 
1 0.799972 0.512075 0.210549 0.0362597 0.00120845 2.86e-06 0 0 0 0 0 0 0 0 0 0 0 0 0 
1 0.800243 0.51279 0.211267 0.0364888 0.00118379 3.07e-06 3e-07 0 0 0 0 0 0 0 0 0 0 0 0 
1 0.800004 0.512296 0.210816 0.0363361 0.00121178 4.33e-06 0 0 0 0 0 0 0 0 0 0 0 0 0 
1 0.799659 0.51156 0.210176 0.0362233 0.00116775 3.63e-06 1.5e-07 0 0 0 0 0 0 0 0 0 0 0 0 
1 0.80006 0.512778 0.211527 0.03663 0.0012075 3.18e-06 0 0 0 0 0 0 0 0 0 0 0 0 0 
1 0.800468 0.513543 0.211952 0.0368349 0.00124812 3.82e-06 0 0 0 0 0 0 0 0 0 0 0 0 0 
1 0.799368 0.511453 0.210143 0.0361273 0.00116341 3.69e-06 0 0 0 0 0 0 0 0 0 0 0 0 0 
1 0.800212 0.512808 0.21139 0.0365835 0.00122004 4.89e-06 0 0 0 0 0 0 0 0 0 0 0 0 0 
1 0.799971 0.51248 0.211054 0.0365755 0.00118848 3.36e-06 0 0 0 0 0 0 0 0 0 0 0 0 0 
1 0.800281 0.513013 0.211568 0.0367442 0.00125133 2.68e-06 0 0 0 0 0 0 0 0 0 0 0 0 0 
1 0.79944 0.51145 0.210206 0.0362604 0.00120996 4.65e-06 0 0 0 0 0 0 0 0 0 0 0 0 0 
1 0.799979 0.512538 0.211015 0.0364359 0.00119617 3.72e-06 0 0 0 0 0 0 0 0 0 0 0 0 0 
1 0.800289 0.513025 0.211314 0.0366773 0.00123679 3.55e-06 0 0 0 0 0 0 0 0 0 0 0 0 0 
1 0.800019 0.512429 0.210979 0.0363782 0.0011716 5.38e-06 0 0 0 0 0 0 0 0 0 0 0 0 0 
1 0.799718 0.511724 0.210506 0.0363759 0.0012301 4.45e-06 0 0 0 0 0 0 0 0 0 0 0 0 0 
1 0.800405 0.513013 0.211492 0.0365714 0.00121267 4.6e-06 0 0 0 0 0 0 0 0 0 0 0 0 0 
1 0.800328 0.513143 0.211732 0.0368395 0.00121946 3.27e-06 0 0 0 0 0 0 0 0 0 0 0 0 0 
1 0.799666 0.511664 0.210373 0.0362821 0.0012219 4.17e-06 0 0 0 0 0 0 0 0 0 0 0 0 0 
1 0.800113 0.512407 0.210967 0.0365356 0.00123549 3.94e-06 0 0 0 0 0 0 0 0 0 0 0 0 0 
1 0.800236 0.512947 0.211374 0.0366581 0.00121652 4.4e-06 0 0 0 0 0 0 0 0 0 0 0 0 0 
1 0.800358 0.513123 0.211687 0.0367712 0.00122983 2.74e-06 0 0 0 0 0 0 0 0 0 0 0 0 0 
1 0.801009 0.514298 0.212747 0.0371329 0.00124764 2.93e-06 2.1e-07 0 0 0 0 0 0 0 0 0 0 0 0 
1 0.79961 0.511421 0.210019 0.0360743 0.00117244 3.96e-06 0 0 0 0 0 0 0 0 0 0 0 0 0 
1 0.799988 0.512148 0.210451 0.0361831 0.00121222 3.42e-06 0 0 0 0 0 0 0 0 0 0 0 0 0 
1 0.80009 0.512337 0.210968 0.036433 0.00118919 5.34e-06 0 0 0 0 0 0 0 0 0 0 0 0 0 
1 0.800541 0.513436 0.212164 0.0369861 0.00121016 2.21e-06 0 0 0 0 0 0 0 0 0 0 0 0 0 
1 0.800123 0.512776 0.21136 0.0366183 0.00122476 3.77e-06 0 0 0 0 0 0 0 0 0 0 0 0 0 
1 0.799885 0.512411 0.211038 0.0364814 0.00119871 2.62e-06 0 0 0 0 0 0 0 0 0 0 0 0 0 
1 0.799854 0.511942 0.210227 0.0361007 0.00119005 4.77e-06 0 0 0 0 0 0 0 0 0 0 0 0 0 
1 0.800043 0.512339 0.21114 0.0365029 0.00121102 3.43e-06 0 0 0 0 0 0 0 0 0 0 0 0 0 
1 0.800097 0.512509 0.211153 0.0366253 0.00124052 3.8e-06 0 0 0 0 0 0 0 0 0 0 0 0 0 
1 0.800149 0.512638 0.211298 0.0366205 0.00121928 3.93e-06 0 0 0 0 0 0 0 0 0 0 0 0 0 
1 0.799786 0.512133 0.210647 0.036324 0.00119786 4.83e-06 0 0 0 0 0 0 0 0 0 0 0 0 0 
1 0.800015 0.512473 0.211005 0.0365721 0.0012377 3.29e-06 0 0 0 0 0 0 0 0 0 0 0 0 0 
1 0.799493 0.511475 0.210277 0.0360967 0.00120194 4.48e-06 0 0 0 0 0 0 0 0 0 0 0 0 0 
1 0.800566 0.51343 0.212085 0.0368094 0.00123327 4.08e-06 0 0 0 0 0 0 0 0 0 0 0 0 0 
1 0.800033 0.512275 0.210638 0.036363 0.00122005 4e-06 0 0 0 0 0 0 0 0 0 0 0 0 0 
1 0.79943 0.51127 0.209669 0.0359312 0.0011773 3.1e-06 0 0 0 0 0 0 0 0 0 0 0 0 0 
1 0.800154 0.512801 0.211443 0.0366351 0.00120539 3.88e-06 0 0 0 0 0 0 0 0 0 0 0 0 0 
1 0.800209 0.513052 0.211507 0.0366526 0.00121645 3.52e-06 0 0 0 0 0 0 0 0 0 0 0 0 0 
1 0.7994 0.511087 0.209759 0.0359818 0.00113378 4.74e-06 8e-08 0 0 0 0 0 0 0 0 0 0 0 0 
1 0.79931 0.510809 0.209404 0.0359059 0.00118666 2.79e-06 0 0 0 0 0 0 0 0 0 0 0 0 0 
1 0.800195 0.512639 0.211154 0.0364822 0.00119088 4.31e-06 0 0 0 0 0 0 0 0 0 0 0 0 0 
1 0.800526 0.513549 0.212005 0.0369177 0.00124662 3.83e-06 0 0 0 0 0 0 0 0 0 0 0 0 0 
1 0.800193 0.512639 0.211309 0.0365628 0.00121551 4.39e-06 0 0 0 0 0 0 0 0 0 0 0 0 0 
1 0.800001 0.512564 0.211263 0.0364807 0.00118248 3.91e-06 0 0 0 0 0 0 0 0 0 0 0 0 0 
1 0.799758 0.511871 0.210343 0.0361688 0.00118664 3.19e-06 0 0 0 0 0 0 0 0 0 0 0 0 0 
1 0.799869 0.51211 0.210537 0.0362256 0.00121471 3.6e-06 6e-08 0 0 0 0 0 0 0 0 0 0 0 0 
1 0.800051 0.512627 0.21132 0.0365821 0.00123232 3.99e-06 1.1e-07 0 0 0 0 0 0 0 0 0 0 0 0 
1 0.800243 0.512905 0.211469 0.0366247 0.00122265 3.77e-06 0 0 0 0 0 0 0 0 0 0 0 0 0 
1 0.799751 0.511984 0.210558 0.0363428 0.00121854 3.41e-06 0 0 0 0 0 0 0 0 0 0 0 0 0 
1 0.799658 0.511806 0.210638 0.0362963 0.00120307 3.02e-06 0 0 0 0 0 0 0 0 0 0 0 0 0 
1 0.799767 0.511746 0.210462 0.0361514 0.00116772 3.65e-06 0 0 0 0 0 0 0 0 0 0 0 0 0 
1 0.799746 0.511848 0.210514 0.0362236 0.00117487 4.5e-06 0 0 0 0 0 0 0 0 0 0 0 0 0 
1 0.800187 0.512722 0.211385 0.0366003 0.00120544 2.39e-06 0 0 0 0 0 0 0 0 0 0 0 0 0 
1 0.799992 0.512527 0.21113 0.0365375 0.0012499 5.61e-06 1.6e-07 0 0 0 0 0 0 0 0 0 0 0 0 
1 0.799767 0.5121 0.210671 0.036383 0.00122546 3.96e-06 0 0 0 0 0 0 0 0 0 0 0 0 0 
1 0.800472 0.512956 0.211281 0.0365114 0.00120707 3.75e-06 0 0 0 0 0 0 0 0 0 0 0 0 0 
1 0.799474 0.511554 0.210472 0.0364232 0.00121629 4.51e-06 0 0 0 0 0 0 0 0 0 0 0 0 0 
1 0.799602 0.511679 0.210446 0.0363566 0.00122242 3.74e-06 0 0 0 0 0 0 0 0 0 0 0 0 0 
1 0.800045 0.512514 0.211068 0.0364273 0.00119805 4.16e-06 0 0 0 0 0 0 0 0 0 0 0 0 0 
1 0.80046 0.513183 0.2117 0.0367275 0.00122565 3.35e-06 0 0 0 0 0 0 0 0 0 0 0 0 0 
1 0.80005 0.512587 0.211178 0.0364985 0.00124044 3.62e-06 0 0 0 0 0 0 0 0 0 0 0 0 0 
1 0.800018 0.51193 0.21069 0.0362543 0.00119822 3.5e-06 0 0 0 0 0 0 0 0 0 0 0 0 0 
1 0.80045 0.513395 0.211657 0.0366442 0.00121423 3.7e-06 0 0 0 0 0 0 0 0 0 0 0 0 0 
1 0.800004 0.511965 0.210469 0.0363059 0.00121071 3.42e-06 0 0 0 0 0 0 0 0 0 0 0 0 0 
1 0.800203 0.512735 0.211357 0.0366785 0.00122285 4.23e-06 0 0 0 0 0 0 0 0 0 0 0 0 0 
1 0.800227 0.512971 0.211496 0.0366979 0.00121929 5.75e-06 0 0 0 0 0 0 0 0 0 0 0 0 0 
1 0.799211 0.511021 0.209685 0.0361071 0.00121546 3.76e-06 0 0 0 0 0 0 0 0 0 0 0 0 0 
1 0.799722 0.511888 0.210468 0.0362501 0.00118847 3.04e-06 0 0 0 0 0 0 0 0 0 0 0 0 0 
1 0.799827 0.51205 0.210698 0.0365691 0.00124 4.02e-06 0 0 0 0 0 0 0 0 0 0 0 0 0 
1 0.800039 0.512712 0.211539 0.0366379 0.00121819 2.95e-06 0 0 0 0 0 0 0 0 0 0 0 0 0 
1 0.800603 0.51364 0.212396 0.0369549 0.00123358 3.75e-06 1.9e-07 0 0 0 0 0 0 0 0 0 0 0 0 
1 0.799784 0.51201 0.210564 0.036134 0.00118313 3.88e-06 0 0 0 0 0 0 0 0 0 0 0 0 0 
1 0.800326 0.512955 0.211564 0.0367522 0.00121209 3.16e-06 0 0 0 0 0 0 0 0 0 0 0 0 0 
1 0.799996 0.512312 0.211021 0.0364664 0.00120271 3.08e-06 0 0 0 0 0 0 0 0 0 0 0 0 0 
1 0.799667 0.511588 0.210152 0.036295 0.00120372 5.48e-06 0 0 0 0 0 0 0 0 0 0 0 0 0 
1 0.800366 0.512651 0.211327 0.0366194 0.00122112 3.58e-06 0 0 0 0 0 0 0 0 0 0 0 0 0 
1 0.800387 0.512895 0.211408 0.0366463 0.00123512 5.18e-06 0 0 0 0 0 0 0 0 0 0 0 0 0 
1 0.800524 0.513307 0.211948 0.0368925 0.00127232 3.28e-06 0 0 0 0 0 0 0 0 0 0 0 0 0 
1 0.800118 0.51273 0.210963 0.0364286 0.00118484 2.55e-06 0 0 0 0 0 0 0 0 0 0 0 0 0 
1 0.799284 0.511236 0.210133 0.0362791 0.00118495 4.47e-06 0 0 0 0 0 0 0 0 0 0 0 0 0 
1 0.799864 0.512288 0.210949 0.0365042 0.00121075 3.91e-06 0 0 0 0 0 0 0 0 0 0 0 0 0 
1 0.799842 0.51229 0.210888 0.0363913 0.00120614 3.96e-06 0 0 0 0 0 0 0 0 0 0 0 0 0 
1 0.799786 0.511751 0.210172 0.036208 0.00119879 3.68e-06 0 0 0 0 0 0 0 0 0 0 0 0 0 
1 0.79978 0.512184 0.210768 0.0364515 0.00121566 4.37e-06 0 0 0 0 0 0 0 0 0 0 0 0 0 
1 0.799945 0.512424 0.211069 0.0364455 0.00120269 3.77e-06 1.4e-07 0 0 0 0 0 0 0 0 0 0 0 0 
1 0.799929 0.51205 0.210511 0.0363068 0.00120599 4e-06 0 0 0 0 0 0 0 0 0 0 0 0 0 
1 0.799956 0.511984 0.210464 0.0361405 0.00118299 3.92e-06 0 0 0 0 0 0 0 0 0 0 0 0 0 
1 0.799889 0.511832 0.210374 0.0362208 0.00118734 3.78e-06 0 0 0 0 0 0 0 0 0 0 0 0 0 
1 0.800332 0.513204 0.211893 0.036848 0.00122857 3.16e-06 0 0 0 0 0 0 0 0 0 0 0 0 0 
1 0.800058 0.512524 0.21127 0.0366802 0.00121082 4.01e-06 0 0 0 0 0 0 0 0 0 0 0 0 0 
1 0.800183 0.513039 0.211871 0.0368206 0.00120086 3.08e-06 0 0 0 0 0 0 0 0 0 0 0 0 0 
1 0.800306 0.513036 0.211902 0.0369555 0.00125297 4.72e-06 0 0 0 0 0 0 0 0 0 0 0 0 0 
1 0.800421 0.513145 0.211733 0.0368291 0.00123806 2.75e-06 0 0 0 0 0 0 0 0 0 0 0 0 0 
1 0.800133 0.512797 0.211483 0.0366336 0.00125356 3.9e-06 0 0 0 0 0 0 0 0 0 0 0 0 0 
1 0.799956 0.512127 0.210585 0.036134 0.00119701 3.31e-06 8e-08 0 0 0 0 0 0 0 0 0 0 0 0 
1 0.799933 0.512281 0.211007 0.0365687 0.00121851 4.49e-06 0 0 0 0 0 0 0 0 0 0 0 0 0 
1 0.799915 0.512136 0.210701 0.0363578 0.00120341 4.05e-06 8e-08 0 0 0 0 0 0 0 0 0 0 0 0 
1 0.800064 0.512491 0.211279 0.036657 0.00125108 3.18e-06 0 0 0 0 0 0 0 0 0 0 0 0 0 
1 0.8004 0.513164 0.211963 0.0368574 0.00125582 3.68e-06 0 0 0 0 0 0 0 0 0 0 0 0 0 
1 0.799863 0.511903 0.210572 0.0363699 0.00122567 3.81e-06 0 0 0 0 0 0 0 0 0 0 0 0 0 
1 0.799865 0.512349 0.210659 0.0362999 0.00120596 5.2e-06 0 0 0 0 0 0 0 0 0 0 0 0 0 
1 0.800485 0.513239 0.211965 0.0368623 0.00123325 1.83e-06 0 0 0 0 0 0 0 0 0 0 0 0 0 
1 0.800504 0.513279 0.211834 0.0367305 0.00121909 3.21e-06 0 0 0 0 0 0 0 0 0 0 0 0 0 
1 0.80009 0.512641 0.211423 0.0366523 0.00120691 4.09e-06 0 0 0 0 0 0 0 0 0 0 0 0 0 
1 0.799874 0.511636 0.21008 0.0360798 0.00120319 3.37e-06 0 0 0 0 0 0 0 0 0 0 0 0 0 
1 0.800477 0.512843 0.211283 0.036628 0.0012351 3.14e-06 0 0 0 0 0 0 0 0 0 0 0 0 0 
1 0.799676 0.511696 0.210323 0.0362715 0.00121037 3.88e-06 0 0 0 0 0 0 0 0 0 0 0 0 0 
1 0.799341 0.511138 0.209985 0.0360879 0.00117134 3.7e-06 0 0 0 0 0 0 0 0 0 0 0 0 0 
1 0.800021 0.512402 0.211182 0.036563 0.00122064 4.27e-06 0 0 0 0 0 0 0 0 0 0 0 0 0 
1 0.80066 0.513741 0.212105 0.0368088 0.00123927 5.25e-06 0 0 0 0 0 0 0 0 0 0 0 0 0 
1 0.80024 0.512893 0.211781 0.0367407 0.00125067 2.57e-06 0 0 0 0 0 0 0 0 0 0 0 0 0 
1 0.79997 0.512465 0.21131 0.0366114 0.00121427 4.61e-06 0 0 0 0 0 0 0 0 0 0 0 0 0 
1 0.799368 0.511239 0.209902 0.0360167 0.00118352 4.33e-06 0 0 0 0 0 0 0 0 0 0 0 0 0 
1 0.800691 0.513682 0.212162 0.0367948 0.00123308 3.65e-06 0 0 0 0 0 0 0 0 0 0 0 0 0 
1 0.799834 0.511932 0.210305 0.0361701 0.00118838 2.7e-06 0 0 0 0 0 0 0 0 0 0 0 0 0 
1 0.799551 0.511377 0.209935 0.0360362 0.00115956 3.34e-06 8e-08 0 0 0 0 0 0 0 0 0 0 0 0 
1 0.80006 0.512441 0.210947 0.0365248 0.00123961 2.72e-06 0 0 0 0 0 0 0 0 0 0 0 0 0 
1 0.800647 0.513905 0.212556 0.0370431 0.0012651 4.92e-06 0 0 0 0 0 0 0 0 0 0 0 0 0 
1 0.799595 0.511635 0.210325 0.036321 0.00119498 3.34e-06 0 0 0 0 0 0 0 0 0 0 0 0 0 
1 0.799573 0.511559 0.210319 0.0362378 0.00119415 5.54e-06 0 0 0 0 0 0 0 0 0 0 0 0 0 
1 0.800001 0.51237 0.211193 0.0366124 0.00122687 3.69e-06 0 0 0 0 0 0 0 0 0 0 0 0 0 
1 0.799677 0.511911 0.210649 0.0364864 0.00121091 3.36e-06 0 0 0 0 0 0 0 0 0 0 0 0 0 
1 0.799698 0.511884 0.210624 0.0364061 0.00122766 3.96e-06 0 0 0 0 0 0 0 0 0 0 0 0 0 
1 0.799858 0.512224 0.210973 0.0366185 0.00123469 4.69e-06 0 0 0 0 0 0 0 0 0 0 0 0 0 
1 0.799827 0.5121 0.210843 0.0364503 0.00120539 3.14e-06 0 0 0 0 0 0 0 0 0 0 0 0 0 
1 0.800066 0.512344 0.210838 0.0364997 0.00123931 3.44e-06 0 0 0 0 0 0 0 0 0 0 0 0 0 
1 0.799746 0.511809 0.21056 0.0363456 0.00120061 4.7e-06 0 0 0 0 0 0 0 0 0 0 0 0 0 
1 0.800004 0.512504 0.211168 0.0365189 0.00122342 3.66e-06 0 0 0 0 0 0 0 0 0 0 0 0 0 
1 0.799528 0.51141 0.210143 0.0361615 0.00120569 4.11e-06 0 0 0 0 0 0 0 0 0 0 0 0 0 
1 0.799955 0.512226 0.210805 0.036424 0.00121144 4.4e-06 0 0 0 0 0 0 0 0 0 0 0 0 0 
1 0.800275 0.512921 0.21162 0.0366335 0.00122821 2.86e-06 0 0 0 0 0 0 0 0 0 0 0 0 0 
1 0.799754 0.51173 0.210393 0.0362507 0.00121553 4.33e-06 0 0 0 0 0 0 0 0 0 0 0 0 0 
1 0.799976 0.512188 0.210796 0.0364943 0.00122764 4.44e-06 1.4e-07 0 0 0 0 0 0 0 0 0 0 0 0 
1 0.80046 0.513088 0.211701 0.0367329 0.00123854 4.23e-06 0 0 0 0 0 0 0 0 0 0 0 0 0 
1 0.800373 0.512744 0.211295 0.0364981 0.00121311 4.01e-06 0 0 0 0 0 0 0 0 0 0 0 0 0 
1 0.80005 0.512552 0.210996 0.0364486 0.00121902 3.39e-06 0 0 0 0 0 0 0 0 0 0 0 0 0 
1 0.799761 0.512241 0.211045 0.0364473 0.00121958 3.87e-06 0 0 0 0 0 0 0 0 0 0 0 0 0 
1 0.800389 0.5128 0.211189 0.0365439 0.00123531 2.85e-06 0 0 0 0 0 0 0 0 0 0 0 0 0 
1 0.800132 0.512362 0.210812 0.0362818 0.00122836 4.02e-06 0 0 0 0 0 0 0 0 0 0 0 0 0 
1 0.800274 0.512966 0.211736 0.0367235 0.00122271 2.96e-06 0 0 0 0 0 0 0 0 0 0 0 0 0 
1 0.799948 0.512106 0.210752 0.0363287 0.0012084 3.21e-06 0 0 0 0 0 0 0 0 0 0 0 0 0 
1 0.800215 0.512705 0.211635 0.036758 0.00123799 2.77e-06 0 0 0 0 0 0 0 0 0 0 0 0 0 
1 0.800431 0.513011 0.211351 0.0366858 0.00123856 3.09e-06 0 0 0 0 0 0 0 0 0 0 0 0 0 
1 0.800481 0.513493 0.212281 0.0369963 0.00122715 3.07e-06 0 0 0 0 0 0 0 0 0 0 0 0 0 
1 0.800026 0.512488 0.210692 0.0362293 0.00119309 4.56e-06 0 0 0 0 0 0 0 0 0 0 0 0 0 
1 0.800442 0.513 0.211478 0.0365875 0.00124166 3.96e-06 0 0 0 0 0 0 0 0 0 0 0 0 0 
1 0.800294 0.51276 0.211388 0.0366018 0.00121758 3.69e-06 0 0 0 0 0 0 0 0 0 0 0 0 0 
1 0.79971 0.512051 0.210869 0.0364699 0.00122399 2.98e-06 0 0 0 0 0 0 0 0 0 0 0 0 0 
1 0.79982 0.511894 0.210472 0.0362147 0.00119057 2.98e-06 0 0 0 0 0 0 0 0 0 0 0 0 0 
1 0.800751 0.513841 0.212422 0.0370133 0.00123369 4.15e-06 0 0 0 0 0 0 0 0 0 0 0 0 0 
1 0.800023 0.512479 0.211046 0.0365126 0.00122804 4.55e-06 0 0 0 0 0 0 0 0 0 0 0 0 0 
1 0.799897 0.51216 0.210892 0.0364146 0.00117971 4.65e-06 0 0 0 0 0 0 0 0 0 0 0 0 0 
1 0.800336 0.513025 0.211788 0.0368256 0.00126284 2.84e-06 0 0 0 0 0 0 0 0 0 0 0 0 0 
1 0.800144 0.512761 0.21148 0.0366126 0.00117899 2.42e-06 0 0 0 0 0 0 0 0 0 0 0 0 0 
1 0.80098 0.514541 0.213294 0.0373533 0.00128252 3.88e-06 0 0 0 0 0 0 0 0 0 0 0 0 0 
1 0.800165 0.512654 0.211035 0.0363768 0.00121034 5.14e-06 0 0 0 0 0 0 0 0 0 0 0 0 0 
1 0.800005 0.512198 0.210435 0.036149 0.0012031 3.72e-06 0 0 0 0 0 0 0 0 0 0 0 0 0 
1 0.800063 0.512446 0.211032 0.0364943 0.00122081 4.06e-06 0 0 0 0 0 0 0 0 0 0 0 0 0 
1 0.799626 0.511897 0.210667 0.0364037 0.00119137 2.68e-06 0 0 0 0 0 0 0 0 0 0 0 0 0 
1 0.799704 0.511786 0.210389 0.0362281 0.00118164 4.7e-06 0 0 0 0 0 0 0 0 0 0 0 0 0 
1 0.799813 0.512142 0.21096 0.0365996 0.001205 3.69e-06 0 0 0 0 0 0 0 0 0 0 0 0 0 
1 0.800771 0.513877 0.212573 0.0369577 0.00123406 4.62e-06 0 0 0 0 0 0 0 0 0 0 0 0 0 
1 0.799729 0.512001 0.210665 0.0363531 0.00120445 3.49e-06 0 0 0 0 0 0 0 0 0 0 0 0 0 
1 0.799809 0.511937 0.210547 0.0362675 0.00120032 2.51e-06 0 0 0 0 0 0 0 0 0 0 0 0 0 
1 0.799789 0.511823 0.21046 0.0363464 0.00120895 4.27e-06 0 0 0 0 0 0 0 0 0 0 0 0 0 
1 0.800191 0.512554 0.211054 0.0364152 0.00120612 3.61e-06 0 0 0 0 0 0 0 0 0 0 0 0 0 
1 0.799924 0.512278 0.210819 0.0363844 0.00118095 2.83e-06 0 0 0 0 0 0 0 0 0 0 0 0 0 
1 0.799978 0.512171 0.210788 0.036282 0.00120688 4.66e-06 0 0 0 0 0 0 0 0 0 0 0 0 0 
1 0.80028 0.512981 0.211499 0.0366194 0.00124548 5.37e-06 0 0 0 0 0 0 0 0 0 0 0 0 0 
1 0.799763 0.511955 0.210595 0.0364434 0.00121597 3.92e-06 0 0 0 0 0 0 0 0 0 0 0 0 0 
1 0.800346 0.513292 0.211708 0.0366716 0.0012366 4.81e-06 0 0 0 0 0 0 0 0 0 0 0 0 0 
1 0.799895 0.512206 0.210943 0.0364399 0.00120953 3.39e-06 0 0 0 0 0 0 0 0 0 0 0 0 0 
1 0.800132 0.512476 0.211211 0.0365102 0.00121471 3.6e-06 0 0 0 0 0 0 0 0 0 0 0 0 0 
1 0.800116 0.512633 0.211099 0.0365778 0.00123456 4.36e-06 0 0 0 0 0 0 0 0 0 0 0 0 0 
1 0.800415 0.513049 0.211457 0.0365933 0.00121795 2.75e-06 0 0 0 0 0 0 0 0 0 0 0 0 0 
1 0.800273 0.512822 0.211398 0.0364874 0.00120243 4.26e-06 0 0 0 0 0 0 0 0 0 0 0 0 0 
1 0.800674 0.513505 0.211817 0.0367993 0.00124158 3.07e-06 0 0 0 0 0 0 0 0 0 0 0 0 0 
1 0.800465 0.513287 0.212002 0.0369384 0.00123114 3.6e-06 0 0 0 0 0 0 0 0 0 0 0 0 0 
1 0.799993 0.512432 0.211132 0.0364974 0.00122218 5.89e-06 1e-08 0 0 0 0 0 0 0 0 0 0 0 0 
1 0.8001 0.512188 0.210811 0.036432 0.00122845 2.85e-06 0 0 0 0 0 0 0 0 0 0 0 0 0 
1 0.799597 0.511563 0.210188 0.0362244 0.00119948 2.74e-06 0 0 0 0 0 0 0 0 0 0 0 0 0 
1 0.800483 0.51349 0.212074 0.0369196 0.00124052 3.9e-06 4e-08 0 0 0 0 0 0 0 0 0 0 0 0 
1 0.800159 0.512711 0.211413 0.0365412 0.001189 4.4e-06 0 0 0 0 0 0 0 0 0 0 0 0 0 
1 0.800732 0.513973 0.212525 0.0371349 0.00126759 5e-06 0 0 0 0 0 0 0 0 0 0 0 0 0 
1 0.799207 0.510934 0.209526 0.0359784 0.00117127 4.27e-06 0 0 0 0 0 0 0 0 0 0 0 0 0 
1 0.800164 0.51297 0.211857 0.0367764 0.00126143 3.29e-06 0 0 0 0 0 0 0 0 0 0 0 0 0 
1 0.799812 0.511801 0.210355 0.0362283 0.00118454 2.23e-06 0 0 0 0 0 0 0 0 0 0 0 0 0 
1 0.800319 0.512851 0.21129 0.036544 0.00124755 3.37e-06 0 0 0 0 0 0 0 0 0 0 0 0 0 
1 0.799733 0.511644 0.210466 0.0363358 0.00121346 2.35e-06 0 0 0 0 0 0 0 0 0 0 0 0 0 
1 0.799977 0.512145 0.21075 0.0363297 0.00120842 3.16e-06 0 0 0 0 0 0 0 0 0 0 0 0 0 
1 0.80046 0.513325 0.211903 0.0368135 0.00121528 2.93e-06 0 0 0 0 0 0 0 0 0 0 0 0 0 
1 0.800231 0.512801 0.211548 0.0366219 0.00123252 3.12e-06 0 0 0 0 0 0 0 0 0 0 0 0 0 
1 0.799832 0.512 0.210268 0.0361251 0.00118399 4.86e-06 0 0 0 0 0 0 0 0 0 0 0 0 0 
1 0.799838 0.512058 0.210498 0.0362545 0.00120217 4.11e-06 0 0 0 0 0 0 0 0 0 0 0 0 0 
1 0.799916 0.512352 0.211053 0.0365141 0.00125139 3.18e-06 0 0 0 0 0 0 0 0 0 0 0 0 0 
1 0.80001 0.512434 0.211168 0.0365911 0.00119808 2.99e-06 0 0 0 0 0 0 0 0 0 0 0 0 0 
1 0.799639 0.511831 0.210355 0.0362428 0.00120514 3.88e-06 0 0 0 0 0 0 0 0 0 0 0 0 0 
1 0.799351 0.511138 0.209976 0.0361451 0.00119074 4.6e-06 0 0 0 0 0 0 0 0 0 0 0 0 0 
1 0.799658 0.51207 0.210743 0.0363934 0.00121283 2.68e-06 6e-08 0 0 0 0 0 0 0 0 0 0 0 0 
1 0.799839 0.511903 0.210217 0.0360632 0.00119392 4.53e-06 0 0 0 0 0 0 0 0 0 0 0 0 0 
1 0.800205 0.512609 0.211116 0.0365521 0.00122075 3.76e-06 0 0 0 0 0 0 0 0 0 0 0 0 0 
1 0.80053 0.513345 0.211875 0.0367664 0.00121856 3.74e-06 0 0 0 0 0 0 0 0 0 0 0 0 0 
1 0.799314 0.511035 0.209747 0.0359541 0.00118448 4.15e-06 0 0 0 0 0 0 0 0 0 0 0 0 0 
1 0.800215 0.512773 0.211329 0.0364853 0.00119557 3.89e-06 0 0 0 0 0 0 0 0 0 0 0 0 0 
1 0.799872 0.511938 0.210308 0.0360611 0.00116734 4.39e-06 0 0 0 0 0 0 0 0 0 0 0 0 0 
1 0.799506 0.51144 0.209977 0.0360529 0.00117613 2.77e-06 0 0 0 0 0 0 0 0 0 0 0 0 0 
1 0.800176 0.512926 0.211383 0.0365559 0.00120724 4.36e-06 0 0 0 0 0 0 0 0 0 0 0 0 0 
1 0.800029 0.512667 0.211135 0.0363915 0.0012044 4.06e-06 0 0 0 0 0 0 0 0 0 0 0 0 0 
1 0.799468 0.511637 0.210277 0.0361078 0.00119215 1.72e-06 0 0 0 0 0 0 0 0 0 0 0 0 0 
1 0.799623 0.511762 0.210295 0.0361356 0.00118179 4.41e-06 0 0 0 0 0 0 0 0 0 0 0 0 0 
1 0.79954 0.511516 0.210029 0.0361729 0.00121743 3.58e-06 8e-08 0 0 0 0 0 0 0 0 0 0 0 0 
1 0.79971 0.511866 0.210467 0.0362587 0.00120234 3.7e-06 0 0 0 0 0 0 0 0 0 0 0 0 0 
1 0.800075 0.512554 0.211515 0.03661 0.00123338 3.37e-06 0 0 0 0 0 0 0 0 0 0 0 0 0 
1 0.799757 0.51178 0.21048 0.0363534 0.0011871 3.59e-06 0 0 0 0 0 0 0 0 0 0 0 0 0 
1 0.800041 0.512372 0.211081 0.0364473 0.0012106 4.38e-06 0 0 0 0 0 0 0 0 0 0 0 0 0 
1 0.800338 0.51303 0.211851 0.0369302 0.00123674 2.68e-06 0 0 0 0 0 0 0 0 0 0 0 0 0 
1 0.799749 0.511983 0.210706 0.0363272 0.00122537 3.65e-06 0 0 0 0 0 0 0 0 0 0 0 0 0 
1 0.799948 0.512172 0.210698 0.0363101 0.0012018 3.28e-06 0 0 0 0 0 0 0 0 0 0 0 0 0 
1 0.799849 0.512038 0.210501 0.0361722 0.0011951 5.06e-06 0 0 0 0 0 0 0 0 0 0 0 0 0 
1 0.800003 0.512371 0.210994 0.0365529 0.00122677 2.71e-06 0 0 0 0 0 0 0 0 0 0 0 0 0 
1 0.800452 0.513132 0.211801 0.0366512 0.00119968 4e-06 0 0 0 0 0 0 0 0 0 0 0 0 0 
1 0.800311 0.512915 0.211581 0.0366918 0.00121813 4.71e-06 0 0 0 0 0 0 0 0 0 0 0 0 0 
1 0.799501 0.511537 0.210164 0.0361429 0.00118195 5.22e-06 0 0 0 0 0 0 0 0 0 0 0 0 0 
1 0.800762 0.513856 0.212265 0.0369333 0.00126602 4.73e-06 0 0 0 0 0 0 0 0 0 0 0 0 0 
1 0.799966 0.512085 0.210625 0.0363363 0.00121627 5.11e-06 0 0 0 0 0 0 0 0 0 0 0 0 0 
1 0.800082 0.512482 0.211086 0.0365778 0.00121945 3.72e-06 0 0 0 0 0 0 0 0 0 0 0 0 0 
1 0.799415 0.511214 0.210022 0.036145 0.00120756 4.67e-06 1.4e-07 0 0 0 0 0 0 0 0 0 0 0 0 
1 0.800312 0.512807 0.211358 0.036708 0.00122872 3.24e-06 0 0 0 0 0 0 0 0 0 0 0 0 0 
1 0.799689 0.511871 0.210692 0.0363803 0.00121255 4.76e-06 0 0 0 0 0 0 0 0 0 0 0 0 0 
1 0.800135 0.512678 0.211019 0.0363347 0.00120034 4.34e-06 0 0 0 0 0 0 0 0 0 0 0 0 0 
1 0.799903 0.512031 0.210434 0.0362347 0.0012069 4.64e-06 0 0 0 0 0 0 0 0 0 0 0 0 0 
1 0.799437 0.511088 0.20959 0.0359511 0.00116945 3.5e-06 0 0 0 0 0 0 0 0 0 0 0 0 0 
1 0.799688 0.511981 0.210534 0.0362775 0.00119821 2.01e-06 0 0 0 0 0 0 0 0 0 0 0 0 0 
1 0.799431 0.511203 0.209855 0.0361144 0.00120153 2.65e-06 0 0 0 0 0 0 0 0 0 0 0 0 0 
1 0.800171 0.512823 0.211744 0.0368651 0.00122878 3.12e-06 0 0 0 0 0 0 0 0 0 0 0 0 0 
1 0.799755 0.512057 0.210826 0.0364805 0.0012283 3.78e-06 0 0 0 0 0 0 0 0 0 0 0 0 0 
1 0.799544 0.511585 0.210464 0.0363341 0.001184 3.66e-06 0 0 0 0 0 0 0 0 0 0 0 0 0 
1 0.799906 0.512139 0.210599 0.0362348 0.00119222 2.94e-06 0 0 0 0 0 0 0 0 0 0 0 0 0 
1 0.799694 0.51204 0.210794 0.0364228 0.00121384 3.14e-06 0 0 0 0 0 0 0 0 0 0 0 0 0 
1 0.800006 0.512708 0.211255 0.0366071 0.00119083 2.95e-06 0 0 0 0 0 0 0 0 0 0 0 0 0 
1 0.800506 0.51351 0.212119 0.0369405 0.00123485 3.58e-06 0 0 0 0 0 0 0 0 0 0 0 0 0 
1 0.799935 0.511878 0.210671 0.0363535 0.00119001 3.65e-06 0 0 0 0 0 0 0 0 0 0 0 0 0 
1 0.800288 0.512959 0.211746 0.0366802 0.00121128 5.03e-06 0 0 0 0 0 0 0 0 0 0 0 0 0 
1 0.799687 0.511853 0.210389 0.0362312 0.00121076 3.78e-06 0 0 0 0 0 0 0 0 0 0 0 0 0 
1 0.79982 0.511796 0.210343 0.036344 0.00118745 2.82e-06 0 0 0 0 0 0 0 0 0 0 0 0 0 
1 0.79967 0.511905 0.210617 0.0363365 0.00119306 4.7e-06 0 0 0 0 0 0 0 0 0 0 0 0 0 
1 0.80041 0.51343 0.211907 0.0365845 0.0012231 2.31e-06 0 0 0 0 0 0 0 0 0 0 0 0 0 
1 0.799712 0.511926 0.210584 0.0362614 0.00119012 2.58e-06 0 0 0 0 0 0 0 0 0 0 0 0 0 
1 0.799694 0.511845 0.210371 0.0361542 0.00120736 4.41e-06 0 0 0 0 0 0 0 0 0 0 0 0 0 
1 0.800184 0.512865 0.211619 0.036656 0.00122845 4.22e-06 0 0 0 0 0 0 0 0 0 0 0 0 0 
1 0.799909 0.512445 0.211244 0.0365352 0.0012107 4.13e-06 0 0 0 0 0 0 0 0 0 0 0 0 0 
1 0.799702 0.512192 0.210784 0.036432 0.00120401 3.64e-06 0 0 0 0 0 0 0 0 0 0 0 0 0 
1 0.799984 0.512264 0.210645 0.0363701 0.00120161 3.35e-06 0 0 0 0 0 0 0 0 0 0 0 0 0 
1 0.800052 0.512705 0.211424 0.0366827 0.0012392 5.49e-06 0 0 0 0 0 0 0 0 0 0 0 0 0 
1 0.800054 0.512751 0.210782 0.0360759 0.00118135 2.86e-06 0 0 0 0 0 0 0 0 0 0 0 0 0 
1 0.799722 0.511574 0.210124 0.0361684 0.00119624 4.18e-06 0 0 0 0 0 0 0 0 0 0 0 0 0 
1 0.800046 0.512396 0.210988 0.0364548 0.00121304 4.01e-06 0 0 0 0 0 0 0 0 0 0 0 0 0 
1 0.799769 0.512142 0.211027 0.0365159 0.00122909 3.52e-06 0 0 0 0 0 0 0 0 0 0 0 0 0 
1 0.800451 0.513376 0.211764 0.0367359 0.0012224 3.16e-06 0 0 0 0 0 0 0 0 0 0 0 0 0 
1 0.800243 0.512926 0.211511 0.0366762 0.00123262 2.66e-06 0 0 0 0 0 0 0 0 0 0 0 0 0 
1 0.799923 0.512294 0.21098 0.0364739 0.00122992 4.8e-06 0 0 0 0 0 0 0 0 0 0 0 0 0 
1 0.799794 0.512039 0.210481 0.0361974 0.00117251 3.87e-06 0 0 0 0 0 0 0 0 0 0 0 0 0 
1 0.799376 0.511164 0.209735 0.035962 0.00115182 3.63e-06 0 0 0 0 0 0 0 0 0 0 0 0 0 
1 0.800186 0.512658 0.211064 0.0363869 0.001186 3.17e-06 0 0 0 0 0 0 0 0 0 0 0 0 0 
1 0.80072 0.513566 0.212478 0.0370416 0.0012516 4.3e-06 0 0 0 0 0 0 0 0 0 0 0 0 0 
1 0.800054 0.512739 0.21147 0.0365491 0.00124233 4.51e-06 0 0 0 0 0 0 0 0 0 0 0 0 0 
1 0.799729 0.51167 0.210233 0.0362158 0.0012023 2.91e-06 0 0 0 0 0 0 0 0 0 0 0 0 0 
1 0.800094 0.512772 0.211366 0.0366631 0.00124742 2.74e-06 0 0 0 0 0 0 0 0 0 0 0 0 0 
1 0.799398 0.51146 0.210249 0.0362034 0.00119584 3.12e-06 0 0 0 0 0 0 0 0 0 0 0 0 0 
1 0.800364 0.513269 0.211815 0.0366849 0.00120637 2.74e-06 0 0 0 0 0 0 0 0 0 0 0 0 0 
1 0.800245 0.51302 0.2115 0.0364454 0.00119166 3.29e-06 0 0 0 0 0 0 0 0 0 0 0 0 0 
1 0.800208 0.512617 0.211002 0.0364338 0.00122073 3.69e-06 0 0 0 0 0 0 0 0 0 0 0 0 0 
1 0.800351 0.513463 0.212179 0.0367663 0.00124725 3.32e-06 0 0 0 0 0 0 0 0 0 0 0 0 0 
1 0.800618 0.513774 0.212238 0.0369327 0.00123842 2.27e-06 0 0 0 0 0 0 0 0 0 0 0 0 0 
1 0.800055 0.512735 0.211223 0.0366301 0.00123507 5.31e-06 0 0 0 0 0 0 0 0 0 0 0 0 0 
1 0.79987 0.512037 0.210604 0.0364044 0.0012359 4.8e-06 0 0 0 0 0 0 0 0 0 0 0 0 0 
1 0.800708 0.513604 0.212422 0.0370157 0.00123428 3.53e-06 0 0 0 0 0 0 0 0 0 0 0 0 0 
1 0.799931 0.512308 0.210928 0.0364039 0.00121759 3.89e-06 0 0 0 0 0 0 0 0 0 0 0 0 0 
1 0.800216 0.512867 0.211665 0.0366299 0.00122798 2.76e-06 0 0 0 0 0 0 0 0 0 0 0 0 0 
1 0.799829 0.512174 0.210637 0.036427 0.00119083 2.27e-06 0 0 0 0 0 0 0 0 0 0 0 0 0 
1 0.800359 0.513074 0.211714 0.0367651 0.00124626 3.57e-06 0 0 0 0 0 0 0 0 0 0 0 0 0 
1 0.799364 0.511498 0.210542 0.0363299 0.00124066 3.77e-06 0 0 0 0 0 0 0 0 0 0 0 0 0 
1 0.800201 0.512584 0.211194 0.0366557 0.00122496 4.69e-06 1e-07 0 0 0 0 0 0 0 0 0 0 0 0 
1 0.799711 0.511633 0.210004 0.0360645 0.00117457 3.16e-06 0 0 0 0 0 0 0 0 0 0 0 0 0 
1 0.800093 0.512709 0.211334 0.0365937 0.00123264 4.27e-06 0 0 0 0 0 0 0 0 0 0 0 0 0 
1 0.799279 0.510828 0.209658 0.0360152 0.00120115 3.04e-06 0 0 0 0 0 0 0 0 0 0 0 0 0 
1 0.799473 0.511473 0.210136 0.0361375 0.00119617 2.61e-06 1e-08 0 0 0 0 0 0 0 0 0 0 0 0 
1 0.800404 0.513114 0.211551 0.0366917 0.00121302 4.2e-06 0 0 0 0 0 0 0 0 0 0 0 0 0 
1 0.800428 0.513264 0.211687 0.036709 0.0012278 4.25e-06 0 0 0 0 0 0 0 0 0 0 0 0 0 
1 0.80097 0.514579 0.213092 0.0373271 0.00130601 3.54e-06 0 0 0 0 0 0 0 0 0 0 0 0 0 
1 0.799787 0.511938 0.210455 0.0361794 0.00116926 3.56e-06 0 0 0 0 0 0 0 0 0 0 0 0 0 
1 0.800043 0.512679 0.21135 0.0365553 0.00122585 3.93e-06 0 0 0 0 0 0 0 0 0 0 0 0 0 
1 0.800098 0.512706 0.211588 0.0367514 0.00124194 3.07e-06 0 0 0 0 0 0 0 0 0 0 0 0 0 
1 0.799912 0.512134 0.210794 0.036386 0.00121899 3.14e-06 0 0 0 0 0 0 0 0 0 0 0 0 0 
1 0.800045 0.512403 0.21123 0.036532 0.00121895 4.12e-06 0 0 0 0 0 0 0 0 0 0 0 0 0 
1 0.800489 0.513459 0.211865 0.0367826 0.00123993 4.69e-06 0 0 0 0 0 0 0 0 0 0 0 0 0 
1 0.799624 0.511815 0.210306 0.0361212 0.00117336 3.71e-06 0 0 0 0 0 0 0 0 0 0 0 0 0 
1 0.800111 0.512377 0.210846 0.0364113 0.00121265 4.07e-06 0 0 0 0 0 0 0 0 0 0 0 0 0 
1 0.799538 0.511615 0.210107 0.0359797 0.0011535 1.97e-06 0 0 0 0 0 0 0 0 0 0 0 0 0 
1 0.801033 0.514056 0.212373 0.0368442 0.00121648 3.23e-06 0 0 0 0 0 0 0 0 0 0 0 0 0 
1 0.800397 0.513322 0.212302 0.0370028 0.00125815 3.36e-06 0 0 0 0 0 0 0 0 0 0 0 0 0 
1 0.799914 0.512344 0.210881 0.0363416 0.00120785 2.81e-06 0 0 0 0 0 0 0 0 0 0 0 0 0 
1 0.800248 0.513057 0.211714 0.0368116 0.00123383 3.77e-06 0 0 0 0 0 0 0 0 0 0 0 0 0 
1 0.800685 0.513662 0.212206 0.0369398 0.00123709 3.51e-06 0 0 0 0 0 0 0 0 0 0 0 0 0 
1 0.799256 0.510918 0.209617 0.0360444 0.00117342 2.75e-06 0 0 0 0 0 0 0 0 0 0 0 0 0 
1 0.800053 0.512574 0.21099 0.0362834 0.00121572 4.81e-06 0 0 0 0 0 0 0 0 0 0 0 0 0 
1 0.799669 0.511696 0.210175 0.0361176 0.00121014 3.2e-06 0 0 0 0 0 0 0 0 0 0 0 0 0 
1 0.799659 0.511647 0.209981 0.0359781 0.00117924 2.94e-06 0 0 0 0 0 0 0 0 0 0 0 0 0 
1 0.79988 0.51184 0.210315 0.0361801 0.00117582 3.64e-06 0 0 0 0 0 0 0 0 0 0 0 0 0 
1 0.800527 0.513544 0.212082 0.0368527 0.00123302 3.24e-06 0 0 0 0 0 0 0 0 0 0 0 0 0 
1 0.799961 0.51216 0.210492 0.036328 0.00121445 3.75e-06 0 0 0 0 0 0 0 0 0 0 0 0 0 
1 0.799763 0.511922 0.210685 0.0363533 0.00120492 3.33e-06 0 0 0 0 0 0 0 0 0 0 0 0 0 
1 0.799835 0.512087 0.210648 0.0363181 0.00122614 3.99e-06 1e-08 0 0 0 0 0 0 0 0 0 0 0 0 
1 0.800126 0.512729 0.211346 0.0365735 0.00120738 3.08e-06 0 0 0 0 0 0 0 0 0 0 0 0 0 
1 0.80047 0.51319 0.211511 0.0367254 0.00121164 3.43e-06 0 0 0 0 0 0 0 0 0 0 0 0 0 
1 0.80007 0.51263 0.211273 0.036676 0.0011945 2.34e-06 0 0 0 0 0 0 0 0 0 0 0 0 0 
1 0.80025 0.512817 0.211415 0.0367379 0.00124187 2.58e-06 0 0 0 0 0 0 0 0 0 0 0 0 0 
1 0.800354 0.512918 0.211492 0.0364925 0.00119039 4.42e-06 0 0 0 0 0 0 0 0 0 0 0 0 0 
1 0.800496 0.513463 0.212133 0.0368158 0.00123756 2.78e-06 0 0 0 0 0 0 0 0 0 0 0 0 0 
1 0.800597 0.513686 0.212427 0.0371415 0.00129057 4.33e-06 0 0 0 0 0 0 0 0 0 0 0 0 0 
1 0.800245 0.512603 0.211066 0.0364007 0.00120801 3.76e-06 0 0 0 0 0 0 0 0 0 0 0 0 0 
1 0.800163 0.512749 0.211208 0.0366014 0.00121881 2.05e-06 0 0 0 0 0 0 0 0 0 0 0 0 0 
1 0.800422 0.51347 0.212141 0.037012 0.00128184 4.11e-06 0 0 0 0 0 0 0 0 0 0 0 0 0 
1 0.800399 0.513116 0.211587 0.0365418 0.00117579 2.47e-06 0 0 0 0 0 0 0 0 0 0 0 0 0 
1 0.800018 0.51257 0.211163 0.0365303 0.00124303 4.29e-06 0 0 0 0 0 0 0 0 0 0 0 0 0 
1 0.799674 0.511686 0.210672 0.0364867 0.00122391 4.58e-06 4e-08 0 0 0 0 0 0 0 0 0 0 0 0 
1 0.800287 0.513086 0.21168 0.0366253 0.00124713 3.79e-06 0 0 0 0 0 0 0 0 0 0 0 0 0 
1 0.800193 0.512807 0.211195 0.0364493 0.00121085 3.59e-06 0 0 0 0 0 0 0 0 0 0 0 0 0 
1 0.80008 0.512166 0.210473 0.0362614 0.00119084 3.96e-06 0 0 0 0 0 0 0 0 0 0 0 0 0 
1 0.799741 0.511855 0.210435 0.0362989 0.00119016 2.34e-06 0 0 0 0 0 0 0 0 0 0 0 0 0 
1 0.799459 0.51139 0.209898 0.0360567 0.00114297 3.24e-06 0 0 0 0 0 0 0 0 0 0 0 0 0 
1 0.800733 0.51391 0.212473 0.0369647 0.00124485 4.55e-06 0 0 0 0 0 0 0 0 0 0 0 0 0 
1 0.799232 0.511241 0.20988 0.0360747 0.00119588 3.67e-06 0 0 0 0 0 0 0 0 0 0 0 0 0 
1 0.800004 0.512665 0.211312 0.0366224 0.00124037 3.96e-06 0 0 0 0 0 0 0 0 0 0 0 0 0 
1 0.800476 0.513416 0.212178 0.0369676 0.00124838 3.4e-06 0 0 0 0 0 0 0 0 0 0 0 0 0 
1 0.800546 0.513592 0.212371 0.0370829 0.00126537 2.37e-06 0 0 0 0 0 0 0 0 0 0 0 0 0 
1 0.799894 0.511991 0.210508 0.0362574 0.00119725 2.3e-06 0 0 0 0 0 0 0 0 0 0 0 0 0 
1 0.799595 0.511541 0.210332 0.0362797 0.0012082 3.82e-06 1.6e-07 0 0 0 0 0 0 0 0 0 0 0 0 
1 0.799904 0.511891 0.210378 0.0361652 0.00120315 4.13e-06 0 0 0 0 0 0 0 0 0 0 0 0 0 
1 0.799244 0.5108 0.209689 0.0361608 0.00119698 4.17e-06 0 0 0 0 0 0 0 0 0 0 0 0 0 
1 0.800057 0.51236 0.210991 0.0365843 0.00120219 4.75e-06 0 0 0 0 0 0 0 0 0 0 0 0 0 
1 0.800024 0.512494 0.21116 0.0364134 0.00121837 2.37e-06 0 0 0 0 0 0 0 0 0 0 0 0 0 
1 0.800577 0.513473 0.21209 0.0367462 0.0012147 3.84e-06 0 0 0 0 0 0 0 0 0 0 0 0 0 
1 0.799787 0.512087 0.210512 0.0362583 0.00118635 2.72e-06 0 0 0 0 0 0 0 0 0 0 0 0 0 
1 0.800396 0.513459 0.211993 0.0368464 0.00123946 5.13e-06 0 0 0 0 0 0 0 0 0 0 0 0 0 
1 0.799885 0.512227 0.210871 0.0364131 0.00120922 5.08e-06 0 0 0 0 0 0 0 0 0 0 0 0 0 
1 0.799977 0.51251 0.210968 0.0365089 0.00123288 3.36e-06 0 0 0 0 0 0 0 0 0 0 0 0 0 
1 0.800334 0.512661 0.211117 0.0365517 0.00118853 3.89e-06 0 0 0 0 0 0 0 0 0 0 0 0 0 
1 0.800954 0.514475 0.212979 0.0371664 0.00126678 4.75e-06 0 0 0 0 0 0 0 0 0 0 0 0 0 
1 0.799772 0.512026 0.210682 0.0362757 0.00117392 1.67e-06 0 0 0 0 0 0 0 0 0 0 0 0 0 
1 0.800137 0.512749 0.211516 0.036757 0.00122509 3.07e-06 0 0 0 0 0 0 0 0 0 0 0 0 0 
1 0.799779 0.511765 0.21049 0.0363582 0.00120828 4.43e-06 0 0 0 0 0 0 0 0 0 0 0 0 0 
1 0.800308 0.51306 0.211685 0.0368369 0.00123457 3.89e-06 0 0 0 0 0 0 0 0 0 0 0 0 0 
1 0.799335 0.510662 0.209259 0.0358207 0.00116238 2.28e-06 0 0 0 0 0 0 0 0 0 0 0 0 0 
1 0.800591 0.513585 0.212258 0.0369692 0.00122924 3.28e-06 0 0 0 0 0 0 0 0 0 0 0 0 0 
1 0.800039 0.512377 0.21082 0.0363644 0.00118636 2.37e-06 0 0 0 0 0 0 0 0 0 0 0 0 0 
1 0.799985 0.512493 0.211013 0.0362937 0.00120472 2.28e-06 0 0 0 0 0 0 0 0 0 0 0 0 0 
1 0.799693 0.511922 0.210642 0.0362898 0.00121481 5.75e-06 0 0 0 0 0 0 0 0 0 0 0 0 0 
1 0.799305 0.51119 0.209918 0.0360089 0.0011872 4.24e-06 0 0 0 0 0 0 0 0 0 0 0 0 0 
1 0.800199 0.512828 0.211585 0.036649 0.00121981 3.25e-06 0 0 0 0 0 0 0 0 0 0 0 0 0 
1 0.799522 0.511559 0.210033 0.0360201 0.00116835 3.15e-06 0 0 0 0 0 0 0 0 0 0 0 0 0 
1 0.799571 0.511419 0.209946 0.0360796 0.00118804 3.91e-06 0 0 0 0 0 0 0 0 0 0 0 0 0 
1 0.79981 0.512014 0.210561 0.0363639 0.00119469 2.99e-06 0 0 0 0 0 0 0 0 0 0 0 0 0 
1 0.799887 0.512251 0.210887 0.0364759 0.00118743 3.18e-06 0 0 0 0 0 0 0 0 0 0 0 0 0 
1 0.800389 0.513151 0.21173 0.0367854 0.00121854 3.12e-06 1.2e-07 0 0 0 0 0 0 0 0 0 0 0 0 
1 0.800528 0.513182 0.211676 0.0365715 0.00120215 3.24e-06 0 0 0 0 0 0 0 0 0 0 0 0 0 
1 0.800089 0.51236 0.211146 0.0364828 0.00123453 4.53e-06 0 0 0 0 0 0 0 0 0 0 0 0 0 
1 0.8003 0.513427 0.212364 0.037041 0.00126913 3.93e-06 0 0 0 0 0 0 0 0 0 0 0 0 0 
1 0.799594 0.511331 0.20994 0.0361855 0.0011965 3.47e-06 0 0 0 0 0 0 0 0 0 0 0 0 0 
1 0.799476 0.511213 0.209908 0.0360953 0.00116381 3.26e-06 0 0 0 0 0 0 0 0 0 0 0 0 0 
1 0.800377 0.513188 0.211867 0.0367366 0.00122437 3.07e-06 0 0 0 0 0 0 0 0 0 0 0 0 0 
1 0.799952 0.512382 0.211065 0.0365942 0.00123045 2.7e-06 1e-08 0 0 0 0 0 0 0 0 0 0 0 0 
1 0.799835 0.512122 0.210626 0.0363616 0.00121131 3.06e-06 0 0 0 0 0 0 0 0 0 0 0 0 0 
1 0.799587 0.51166 0.210419 0.0362562 0.00118852 4.57e-06 0 0 0 0 0 0 0 0 0 0 0 0 0 
1 0.79997 0.512142 0.210791 0.0364318 0.00119653 3.92e-06 0 0 0 0 0 0 0 0 0 0 0 0 0 
1 0.800438 0.513166 0.211748 0.0367759 0.00122754 2.08e-06 0 0 0 0 0 0 0 0 0 0 0 0 0 
1 0.799717 0.511863 0.210601 0.0363336 0.00120028 3.79e-06 9e-08 0 0 0 0 0 0 0 0 0 0 0 0 
1 0.799739 0.511999 0.21045 0.0363109 0.00119365 4.34e-06 0 0 0 0 0 0 0 0 0 0 0 0 0 
1 0.800279 0.512819 0.211253 0.0364393 0.00121011 3.65e-06 0 0 0 0 0 0 0 0 0 0 0 0 0 
1 0.800037 0.512685 0.211492 0.0365416 0.00123829 4.38e-06 0 0 0 0 0 0 0 0 0 0 0 0 0 
1 0.79953 0.511436 0.210058 0.0361769 0.00117875 3.04e-06 0 0 0 0 0 0 0 0 0 0 0 0 0 
1 0.799396 0.510936 0.209521 0.0360213 0.00117599 3.57e-06 0 0 0 0 0 0 0 0 0 0 0 0 0 
1 0.800195 0.512416 0.210806 0.0362179 0.0011723 2.4e-06 0 0 0 0 0 0 0 0 0 0 0 0 0 
1 0.80052 0.513286 0.211872 0.0366995 0.00122283 2.84e-06 0 0 0 0 0 0 0 0 0 0 0 0 0 
1 0.800117 0.512762 0.21139 0.0366705 0.00120778 2.23e-06 0 0 0 0 0 0 0 0 0 0 0 0 0 
1 0.800175 0.512741 0.211378 0.0365455 0.00121737 3.83e-06 0 0 0 0 0 0 0 0 0 0 0 0 0 
1 0.799538 0.511573 0.210012 0.0361774 0.00117966 2.16e-06 0 0 0 0 0 0 0 0 0 0 0 0 0 
1 0.79997 0.512447 0.21099 0.0365107 0.00121013 2.9e-06 0 0 0 0 0 0 0 0 0 0 0 0 0 
1 0.800012 0.512423 0.211075 0.0364649 0.00123593 4.11e-06 0 0 0 0 0 0 0 0 0 0 0 0 0 
1 0.800603 0.513504 0.212041 0.0368007 0.00124777 3.94e-06 0 0 0 0 0 0 0 0 0 0 0 0 0 
1 0.799926 0.512555 0.211431 0.0367049 0.00123033 2.94e-06 0 0 0 0 0 0 0 0 0 0 0 0 0 
1 0.800141 0.512542 0.211085 0.0364626 0.00118727 3.21e-06 0 0 0 0 0 0 0 0 0 0 0 0 0 
1 0.800152 0.512736 0.211463 0.0365874 0.00120695 3.94e-06 0 0 0 0 0 0 0 0 0 0 0 0 0 
1 0.799495 0.511191 0.209592 0.035841 0.00115848 2.37e-06 6e-08 0 0 0 0 0 0 0 0 0 0 0 0 
1 0.799871 0.512147 0.210737 0.0363416 0.00119685 2.03e-06 0 0 0 0 0 0 0 0 0 0 0 0 0 
1 0.799771 0.511942 0.210783 0.0365039 0.00124511 3.55e-06 0 0 0 0 0 0 0 0 0 0 0 0 0 
1 0.80016 0.512906 0.211411 0.0366062 0.00122714 3.82e-06 0 0 0 0 0 0 0 0 0 0 0 0 0 
1 0.799548 0.511592 0.210263 0.036374 0.00124494 4.21e-06 0 0 0 0 0 0 0 0 0 0 0 0 0 
1 0.800053 0.512454 0.211209 0.036483 0.00123498 3.26e-06 0 0 0 0 0 0 0 0 0 0 0 0 0 
1 0.800533 0.513378 0.211786 0.0367054 0.00122484 2.76e-06 0 0 0 0 0 0 0 0 0 0 0 0 0 
1 0.799611 0.51186 0.210751 0.0363501 0.00119522 4.32e-06 0 0 0 0 0 0 0 0 0 0 0 0 0 
1 0.800658 0.513694 0.21229 0.0369119 0.00123069 3.49e-06 0 0 0 0 0 0 0 0 0 0 0 0 0 
1 0.799709 0.512021 0.210814 0.0363882 0.00121236 4.51e-06 0 0 0 0 0 0 0 0 0 0 0 0 0 
1 0.79971 0.511729 0.210224 0.035994 0.00117382 3.65e-06 0 0 0 0 0 0 0 0 0 0 0 0 0 
1 0.799962 0.512377 0.211052 0.0364039 0.00120016 4.11e-06 0 0 0 0 0 0 0 0 0 0 0 0 0 
1 0.800368 0.513012 0.21156 0.036661 0.00119554 3.8e-06 0 0 0 0 0 0 0 0 0 0 0 0 0 
1 0.799909 0.512285 0.210843 0.0364114 0.00121771 3.67e-06 0 0 0 0 0 0 0 0 0 0 0 0 0 
1 0.800353 0.513035 0.211513 0.0366267 0.00121722 4.28e-06 0 0 0 0 0 0 0 0 0 0 0 0 0 
1 0.799547 0.51131 0.209946 0.0360173 0.00118767 3.32e-06 0 0 0 0 0 0 0 0 0 0 0 0 0 
1 0.800463 0.512917 0.211601 0.0367749 0.0012725 3.19e-06 0 0 0 0 0 0 0 0 0 0 0 0 0 
1 0.799561 0.51163 0.210276 0.0361552 0.00115992 1.6e-06 0 0 0 0 0 0 0 0 0 0 0 0 0 
1 0.800296 0.512769 0.211336 0.0365725 0.00120871 4.26e-06 0 0 0 0 0 0 0 0 0 0 0 0 0 
1 0.800481 0.513491 0.212148 0.0369449 0.00123893 3.44e-06 0 0 0 0 0 0 0 0 0 0 0 0 0 
1 0.800376 0.513215 0.211976 0.0368244 0.00125548 3.81e-06 0 0 0 0 0 0 0 0 0 0 0 0 0 
1 0.799795 0.51158 0.210059 0.0362458 0.00121181 4.95e-06 0 0 0 0 0 0 0 0 0 0 0 0 0 
1 0.799166 0.510846 0.209416 0.0358831 0.00113646 2.48e-06 0 0 0 0 0 0 0 0 0 0 0 0 0 
1 0.799707 0.51197 0.210458 0.0362425 0.00116889 3.68e-06 0 0 0 0 0 0 0 0 0 0 0 0 0 
1 0.799908 0.512176 0.210837 0.0363833 0.00120289 1.92e-06 0 0 0 0 0 0 0 0 0 0 0 0 0 
1 0.800119 0.512486 0.211331 0.0366172 0.00121501 3.36e-06 0 0 0 0 0 0 0 0 0 0 0 0 0 
1 0.80039 0.513157 0.211803 0.0368698 0.00125496 3.53e-06 0 0 0 0 0 0 0 0 0 0 0 0 0 
1 0.800147 0.512551 0.211095 0.0364157 0.00120257 4.33e-06 0 0 0 0 0 0 0 0 0 0 0 0 0 
1 0.800224 0.51279 0.211245 0.0364825 0.00121368 4.21e-06 0 0 0 0 0 0 0 0 0 0 0 0 0 
1 0.800181 0.51276 0.211454 0.0365762 0.00121882 2.71e-06 0 0 0 0 0 0 0 0 0 0 0 0 0 
1 0.800115 0.51223 0.210327 0.0360786 0.0011844 3.98e-06 0 0 0 0 0 0 0 0 0 0 0 0 0 
1 0.799767 0.512003 0.210647 0.0363164 0.00121411 4.53e-06 0 0 0 0 0 0 0 0 0 0 0 0 0 
1 0.799771 0.511908 0.210407 0.0364339 0.00117912 2.98e-06 0 0 0 0 0 0 0 0 0 0 0 0 0 
1 0.800167 0.512608 0.211221 0.0365636 0.00121973 4.05e-06 2e-08 0 0 0 0 0 0 0 0 0 0 0 0 
1 0.798917 0.510532 0.209376 0.0358513 0.00114132 1.66e-06 0 0 0 0 0 0 0 0 0 0 0 0 0 
1 0.79972 0.511833 0.210583 0.0363317 0.00119468 3.04e-06 0 0 0 0 0 0 0 0 0 0 0 0 0 
1 0.800138 0.513063 0.211976 0.0368162 0.00121316 3.07e-06 0 0 0 0 0 0 0 0 0 0 0 0 0 
1 0.800075 0.512326 0.211039 0.0365621 0.00123358 3.4e-06 0 0 0 0 0 0 0 0 0 0 0 0 0 
1 0.800309 0.512959 0.211149 0.0363613 0.00119841 3.58e-06 0 0 0 0 0 0 0 0 0 0 0 0 0 
1 0.800206 0.512629 0.211115 0.036622 0.00124358 4.52e-06 0 0 0 0 0 0 0 0 0 0 0 0 0 
1 0.800341 0.513086 0.211679 0.0367944 0.00124981 4.07e-06 0 0 0 0 0 0 0 0 0 0 0 0 0 
1 0.799295 0.511099 0.209652 0.0359773 0.00118904 4.48e-06 0 0 0 0 0 0 0 0 0 0 0 0 0 
1 0.799603 0.511597 0.210242 0.0361996 0.00118135 2.4e-06 0 0 0 0 0 0 0 0 0 0 0 0 0 
1 0.800271 0.512674 0.211191 0.0363451 0.00120165 3.94e-06 0 0 0 0 0 0 0 0 0 0 0 0 0 
1 0.800039 0.512744 0.211359 0.0366195 0.00122176 1.95e-06 0 0 0 0 0 0 0 0 0 0 0 0 0 
1 0.799731 0.511923 0.210501 0.0362563 0.0011939 2.36e-06 0 0 0 0 0 0 0 0 0 0 0 0 0 
1 0.799968 0.512526 0.211454 0.0367369 0.001209 4.54e-06 0 0 0 0 0 0 0 0 0 0 0 0 0 
1 0.800527 0.513792 0.212527 0.0371457 0.00125147 2.51e-06 0 0 0 0 0 0 0 0 0 0 0 0 0 
1 0.800743 0.513888 0.212301 0.036942 0.00124342 4.3e-06 0 0 0 0 0 0 0 0 0 0 0 0 0 
1 0.800283 0.512904 0.211506 0.0366097 0.00121844 4.04e-06 0 0 0 0 0 0 0 0 0 0 0 0 0 
1 0.799777 0.511722 0.210341 0.0362162 0.0011924 3.27e-06 0 0 0 0 0 0 0 0 0 0 0 0 0 
1 0.801072 0.514632 0.213327 0.0374167 0.00126104 3.55e-06 0 0 0 0 0 0 0 0 0 0 0 0 0 
1 0.800494 0.513317 0.211844 0.0367874 0.00122917 5.15e-06 0 0 0 0 0 0 0 0 0 0 0 0 0 
1 0.800301 0.512799 0.211367 0.0365784 0.00121145 3.36e-06 0 0 0 0 0 0 0 0 0 0 0 0 0 
1 0.801023 0.514441 0.21276 0.0371197 0.00126819 3.64e-06 0 0 0 0 0 0 0 0 0 0 0 0 0 
1 0.799958 0.512393 0.211157 0.0365602 0.00122559 4.77e-06 0 0 0 0 0 0 0 0 0 0 0 0 0 
1 0.80016 0.512834 0.21115 0.036711 0.00124037 2.36e-06 0 0 0 0 0 0 0 0 0 0 0 0 0 
1 0.799349 0.511025 0.209535 0.0360558 0.0011618 3.53e-06 0 0 0 0 0 0 0 0 0 0 0 0 0 
1 0.799883 0.512412 0.211143 0.0365718 0.00120438 4.22e-06 0 0 0 0 0 0 0 0 0 0 0 0 0 
1 0.799761 0.511925 0.210492 0.0363994 0.00121072 4.71e-06 0 0 0 0 0 0 0 0 0 0 0 0 0 
1 0.799457 0.511395 0.210156 0.0362633 0.0011868 4.14e-06 0 0 0 0 0 0 0 0 0 0 0 0 0 
1 0.800324 0.513137 0.211906 0.0367284 0.00122806 3.79e-06 0 0 0 0 0 0 0 0 0 0 0 0 0 
1 0.799494 0.511701 0.210206 0.0361566 0.00114257 2.82e-06 0 0 0 0 0 0 0 0 0 0 0 0 0 
1 0.799388 0.511148 0.210175 0.0362192 0.00119864 4.14e-06 0 0 0 0 0 0 0 0 0 0 0 0 0 
1 0.800347 0.513251 0.211911 0.036734 0.00123154 4.3e-06 0 0 0 0 0 0 0 0 0 0 0 0 0 
1 0.79953 0.511544 0.210463 0.0364802 0.00124993 3.42e-06 0 0 0 0 0 0 0 0 0 0 0 0 0 
1 0.800059 0.512446 0.211144 0.0365869 0.00122621 3.84e-06 0 0 0 0 0 0 0 0 0 0 0 0 0 
1 0.800006 0.512699 0.211192 0.0363907 0.00120523 2.75e-06 0 0 0 0 0 0 0 0 0 0 0 0 0 
1 0.799709 0.511524 0.210194 0.0363103 0.00120175 4.88e-06 0 0 0 0 0 0 0 0 0 0 0 0 0 
1 0.800525 0.513194 0.211771 0.0366149 0.00122812 4.53e-06 0 0 0 0 0 0 0 0 0 0 0 0 0 
1 0.800608 0.51347 0.211988 0.0367763 0.00122239 3.48e-06 0 0 0 0 0 0 0 0 0 0 0 0 0 
1 0.798921 0.510331 0.209114 0.0357588 0.00115271 2.71e-06 0 0 0 0 0 0 0 0 0 0 0 0 0 
1 0.800064 0.512628 0.211263 0.0366067 0.00121091 3.29e-06 0 0 0 0 0 0 0 0 0 0 0 0 0 
1 0.80028 0.512738 0.211249 0.0365479 0.00122302 2.43e-06 0 0 0 0 0 0 0 0 0 0 0 0 0 
1 0.800174 0.512984 0.211855 0.036924 0.00123882 4.46e-06 0 0 0 0 0 0 0 0 0 0 0 0 0 
1 0.800483 0.513349 0.211743 0.0366927 0.00121584 1.79e-06 0 0 0 0 0 0 0 0 0 0 0 0 0 
1 0.800081 0.512605 0.210994 0.0364705 0.00120425 2.97e-06 0 0 0 0 0 0 0 0 0 0 0 0 0 
1 0.799873 0.51184 0.21054 0.0362757 0.00119485 2e-06 0 0 0 0 0 0 0 0 0 0 0 0 0 
1 0.799713 0.511875 0.210708 0.0362559 0.00120239 3.05e-06 0 0 0 0 0 0 0 0 0 0 0 0 0 
1 0.800373 0.513324 0.212076 0.0369343 0.00124096 3.62e-06 0 0 0 0 0 0 0 0 0 0 0 0 0 
1 0.799969 0.512128 0.210638 0.0364338 0.00121781 4.11e-06 0 0 0 0 0 0 0 0 0 0 0 0 0 
1 0.799485 0.511245 0.209872 0.0360964 0.00119466 3.09e-06 0 0 0 0 0 0 0 0 0 0 0 0 0 
1 0.799638 0.51154 0.210092 0.036071 0.0012022 4.71e-06 0 0 0 0 0 0 0 0 0 0 0 0 0 
1 0.799803 0.511797 0.210348 0.036278 0.00118873 4.84e-06 3e-08 0 0 0 0 0 0 0 0 0 0 0 0 
1 0.8002 0.512637 0.21112 0.0365022 0.00121022 3.53e-06 0 0 0 0 0 0 0 0 0 0 0 0 0 
1 0.799362 0.511034 0.209635 0.0359569 0.00120012 3.63e-06 0 0 0 0 0 0 0 0 0 0 0 0 0 
1 0.800419 0.513309 0.212035 0.0368894 0.00125737 3.73e-06 0 0 0 0 0 0 0 0 0 0 0 0 0 
1 0.799857 0.512445 0.210958 0.0363489 0.00119748 3.77e-06 0 0 0 0 0 0 0 0 0 0 0 0 0 
1 0.800575 0.513464 0.212265 0.0368512 0.00124762 4.64e-06 0 0 0 0 0 0 0 0 0 0 0 0 0 
1 0.800069 0.512766 0.211524 0.0366839 0.00121465 3.54e-06 6e-08 0 0 0 0 0 0 0 0 0 0 0 0 
1 0.800324 0.512754 0.211354 0.0366085 0.00121537 2.45e-06 0 0 0 0 0 0 0 0 0 0 0 0 0 
1 0.800366 0.513184 0.211767 0.0368688 0.00125509 4.18e-06 0 0 0 0 0 0 0 0 0 0 0 0 0 
1 0.79949 0.511676 0.210263 0.0361392 0.0012033 3.49e-06 0 0 0 0 0 0 0 0 0 0 0 0 0 
1 0.800234 0.51292 0.21165 0.0367483 0.00123835 3.52e-06 0 0 0 0 0 0 0 0 0 0 0 0 0 
1 0.800009 0.512301 0.210838 0.0362673 0.00114216 4.12e-06 0 0 0 0 0 0 0 0 0 0 0 0 0 
1 0.799846 0.512169 0.21096 0.036452 0.00120644 3.79e-06 0 0 0 0 0 0 0 0 0 0 0 0 0 
1 0.800396 0.513004 0.211665 0.0368644 0.00125627 2.51e-06 0 0 0 0 0 0 0 0 0 0 0 0 0 
1 0.799102 0.510822 0.209404 0.0359084 0.00119167 2.61e-06 0 0 0 0 0 0 0 0 0 0 0 0 0 
1 0.800516 0.513501 0.212148 0.0369271 0.0012393 3.86e-06 0 0 0 0 0 0 0 0 0 0 0 0 0 
1 0.799828 0.51182 0.210088 0.0360789 0.00118521 5.11e-06 0 0 0 0 0 0 0 0 0 0 0 0 0 
1 0.799786 0.511929 0.210384 0.0360963 0.00118063 2.65e-06 0 0 0 0 0 0 0 0 0 0 0 0 0 
1 0.800055 0.51259 0.211301 0.0366701 0.00123036 2.14e-06 0 0 0 0 0 0 0 0 0 0 0 0 0 
1 0.799665 0.511945 0.210607 0.0363933 0.00121047 3.84e-06 0 0 0 0 0 0 0 0 0 0 0 0 0 
1 0.800435 0.513179 0.211849 0.0367161 0.00123701 3.73e-06 0 0 0 0 0 0 0 0 0 0 0 0 0 
1 0.800112 0.512645 0.211316 0.03648 0.00119196 2.71e-06 0 0 0 0 0 0 0 0 0 0 0 0 0 
1 0.799662 0.511329 0.209839 0.0359393 0.00115598 3.24e-06 0 0 0 0 0 0 0 0 0 0 0 0 0 
1 0.800012 0.512756 0.21152 0.036763 0.00125603 4.6e-06 0 0 0 0 0 0 0 0 0 0 0 0 0 
1 0.799927 0.512113 0.210681 0.0363357 0.00121726 3.2e-06 0 0 0 0 0 0 0 0 0 0 0 0 0 
1 0.800245 0.51304 0.211635 0.0366222 0.00120687 3.54e-06 0 0 0 0 0 0 0 0 0 0 0 0 0 
1 0.799994 0.512563 0.210963 0.0364457 0.00119839 3.6e-06 0 0 0 0 0 0 0 0 0 0 0 0 0 
1 0.800567 0.51381 0.212459 0.0368585 0.00122488 3.85e-06 0 0 0 0 0 0 0 0 0 0 0 0 0 
1 0.800306 0.512522 0.211029 0.0365203 0.00120058 3.62e-06 0 0 0 0 0 0 0 0 0 0 0 0 0 
1 0.799811 0.512149 0.210859 0.0364107 0.00119285 4.28e-06 0 0 0 0 0 0 0 0 0 0 0 0 0 
1 0.800204 0.512615 0.211411 0.036649 0.00121841 3.49e-06 0 0 0 0 0 0 0 0 0 0 0 0 0 
1 0.800298 0.513176 0.211781 0.0367555 0.00127987 4.35e-06 1.7e-07 0 0 0 0 0 0 0 0 0 0 0 0 
1 0.799751 0.511768 0.209998 0.0359279 0.00116048 2.89e-06 4.2e-07 0 0 0 0 0 0 0 0 0 0 0 0 
1 0.800377 0.512934 0.211394 0.0366377 0.00121014 5.24e-06 0 0 0 0 0 0 0 0 0 0 0 0 0 
1 0.799965 0.51213 0.210798 0.036414 0.00120963 4.77e-06 0 0 0 0 0 0 0 0 0 0 0 0 0 
1 0.800379 0.512877 0.211463 0.0366899 0.00123177 4.05e-06 4e-08 0 0 0 0 0 0 0 0 0 0 0 0 
1 0.800392 0.512803 0.211326 0.0364891 0.00121668 3.9e-06 0 0 0 0 0 0 0 0 0 0 0 0 0 
1 0.799835 0.512254 0.210782 0.036319 0.00121143 2.81e-06 0 0 0 0 0 0 0 0 0 0 0 0 0 
1 0.800826 0.514302 0.212969 0.0370974 0.00124216 4.15e-06 0 0 0 0 0 0 0 0 0 0 0 0 0 
1 0.799695 0.511735 0.210281 0.0362036 0.0011936 3.18e-06 0 0 0 0 0 0 0 0 0 0 0 0 0 
1 0.800429 0.51346 0.212022 0.0368007 0.00125519 4.81e-06 0 0 0 0 0 0 0 0 0 0 0 0 0 
1 0.800662 0.513513 0.212114 0.0368068 0.00124146 3.9e-06 0 0 0 0 0 0 0 0 0 0 0 0 0 
1 0.800126 0.512731 0.21143 0.0365185 0.00121021 3.75e-06 0 0 0 0 0 0 0 0 0 0 0 0 0 
1 0.799548 0.511629 0.210126 0.0361725 0.00117924 3.61e-06 0 0 0 0 0 0 0 0 0 0 0 0 0 
1 0.799935 0.51251 0.211522 0.0366841 0.00123999 3.67e-06 0 0 0 0 0 0 0 0 0 0 0 0 0 
1 0.799679 0.511575 0.210047 0.0360952 0.00121912 2.9e-06 0 0 0 0 0 0 0 0 0 0 0 0 0 
1 0.800162 0.512845 0.211535 0.0367832 0.00125621 4.23e-06 0 0 0 0 0 0 0 0 0 0 0 0 0 
1 0.798959 0.510006 0.208567 0.0354862 0.00114511 4e-06 0 0 0 0 0 0 0 0 0 0 0 0 0 
1 0.79966 0.511827 0.210196 0.0361243 0.00118445 2.94e-06 0 0 0 0 0 0 0 0 0 0 0 0 0 
1 0.800113 0.512725 0.211267 0.0364783 0.00122389 3.87e-06 0 0 0 0 0 0 0 0 0 0 0 0 0 
1 0.800045 0.512364 0.21079 0.0363821 0.00122069 2.98e-06 0 0 0 0 0 0 0 0 0 0 0 0 0 
1 0.799499 0.511324 0.210049 0.0362101 0.00117446 3.24e-06 0 0 0 0 0 0 0 0 0 0 0 0 0 
1 0.799668 0.511745 0.210411 0.0363593 0.00120524 3.45e-06 0 0 0 0 0 0 0 0 0 0 0 0 0 
1 0.80029 0.513118 0.211366 0.0364736 0.00121456 4.75e-06 0 0 0 0 0 0 0 0 0 0 0 0 0 
1 0.800047 0.512551 0.211113 0.0364955 0.00119107 4.8e-06 0 0 0 0 0 0 0 0 0 0 0 0 0 
1 0.800617 0.513508 0.212098 0.0368318 0.00122646 4.81e-06 0 0 0 0 0 0 0 0 0 0 0 0 0 
1 0.799776 0.511974 0.210771 0.036489 0.00121528 2.73e-06 0 0 0 0 0 0 0 0 0 0 0 0 0 
1 0.800188 0.512495 0.210965 0.0364427 0.00119736 4.45e-06 0 0 0 0 0 0 0 0 0 0 0 0 0 
1 0.800286 0.513273 0.211886 0.0368991 0.00124648 4.22e-06 3e-08 0 0 0 0 0 0 0 0 0 0 0 0 
1 0.800592 0.513524 0.21174 0.036719 0.00120263 1.97e-06 0 0 0 0 0 0 0 0 0 0 0 0 0 
1 0.800432 0.512981 0.211443 0.0365118 0.00118812 5.27e-06 0 0 0 0 0 0 0 0 0 0 0 0 0 
1 0.799728 0.512079 0.210658 0.036336 0.00120223 4.4e-06 0 0 0 0 0 0 0 0 0 0 0 0 0 
1 0.799396 0.511121 0.209782 0.035925 0.00113611 4.17e-06 0 0 0 0 0 0 0 0 0 0 0 0 0 
1 0.800281 0.513159 0.211847 0.0368149 0.0012284 3.87e-06 0 0 0 0 0 0 0 0 0 0 0 0 0 
1 0.800234 0.513375 0.211933 0.0367881 0.00123249 3.5e-06 0 0 0 0 0 0 0 0 0 0 0 0 0 
1 0.800065 0.512229 0.210956 0.0364574 0.0012091 2.36e-06 0 0 0 0 0 0 0 0 0 0 0 0 0 
1 0.799713 0.511803 0.210498 0.0361851 0.00117343 4.79e-06 0 0 0 0 0 0 0 0 0 0 0 0 0 
1 0.800295 0.513445 0.212405 0.0369617 0.00124978 4.78e-06 4e-08 0 0 0 0 0 0 0 0 0 0 0 0 
1 0.799811 0.512129 0.210984 0.0363311 0.00120334 3.81e-06 0 0 0 0 0 0 0 0 0 0 0 0 0 
1 0.799946 0.512078 0.21053 0.0362083 0.00120238 3.45e-06 0 0 0 0 0 0 0 0 0 0 0 0 0 
1 0.799603 0.511623 0.210306 0.0361659 0.00119855 3.38e-06 0 0 0 0 0 0 0 0 0 0 0 0 0 
1 0.80039 0.513034 0.211693 0.0368422 0.00124656 3.95e-06 0 0 0 0 0 0 0 0 0 0 0 0 0 
1 0.799534 0.511323 0.209735 0.0360337 0.00119481 4.78e-06 0 0 0 0 0 0 0 0 0 0 0 0 0 
1 0.799261 0.510607 0.209412 0.0358779 0.00116919 5.38e-06 0 0 0 0 0 0 0 0 0 0 0 0 0 
1 0.799398 0.511124 0.209874 0.0361093 0.00118081 3.8e-06 0 0 0 0 0 0 0 0 0 0 0 0 0 
1 0.800402 0.512973 0.21138 0.0367031 0.00122401 2.11e-06 0 0 0 0 0 0 0 0 0 0 0 0 0 
1 0.800184 0.512719 0.211428 0.0365561 0.00122602 2.78e-06 0 0 0 0 0 0 0 0 0 0 0 0 0 
1 0.800403 0.513228 0.211761 0.0364451 0.0011711 3.55e-06 0 0 0 0 0 0 0 0 0 0 0 0 0 
1 0.800084 0.512083 0.210584 0.0364284 0.00119136 3.23e-06 0 0 0 0 0 0 0 0 0 0 0 0 0 
1 0.800359 0.51316 0.211967 0.0368884 0.00125515 3.76e-06 1e-08 0 0 0 0 0 0 0 0 0 0 0 0 
1 0.799904 0.512449 0.211206 0.0365485 0.00120806 2.48e-06 0 0 0 0 0 0 0 0 0 0 0 0 0 
1 0.799621 0.511612 0.210359 0.0362415 0.00117753 3.2e-06 0 0 0 0 0 0 0 0 0 0 0 0 0 
1 0.799734 0.511677 0.210438 0.0362918 0.0012027 2.95e-06 1e-08 0 0 0 0 0 0 0 0 0 0 0 0 
1 0.800366 0.512999 0.211641 0.0367611 0.00123652 4.3e-06 0 0 0 0 0 0 0 0 0 0 0 0 0 
1 0.800571 0.513352 0.211858 0.0367259 0.00123354 4.24e-06 0 0 0 0 0 0 0 0 0 0 0 0 0 
1 0.799613 0.511469 0.209964 0.0360912 0.00118931 3.42e-06 0 0 0 0 0 0 0 0 0 0 0 0 0 
1 0.800934 0.514039 0.212499 0.0369811 0.00125355 3.62e-06 0 0 0 0 0 0 0 0 0 0 0 0 0 
1 0.799703 0.511775 0.210393 0.0361412 0.00118336 3.42e-06 0 0 0 0 0 0 0 0 0 0 0 0 0 
1 0.799811 0.511904 0.2105 0.0362443 0.00122125 4.04e-06 0 0 0 0 0 0 0 0 0 0 0 0 0 
1 0.799573 0.511502 0.210098 0.0360838 0.00118849 3.04e-06 0 0 0 0 0 0 0 0 0 0 0 0 0 
1 0.800645 0.51349 0.21194 0.0369617 0.00125051 4.3e-06 0 0 0 0 0 0 0 0 0 0 0 0 0 
1 0.79933 0.511111 0.210028 0.0361702 0.00120514 4.38e-06 0 0 0 0 0 0 0 0 0 0 0 0 0 
1 0.7998 0.51218 0.210882 0.0365334 0.00118632 4.47e-06 0 0 0 0 0 0 0 0 0 0 0 0 0 
1 0.800115 0.512364 0.211064 0.0363238 0.00119103 2.33e-06 0 0 0 0 0 0 0 0 0 0 0 0 0 
1 0.800215 0.512841 0.211309 0.036559 0.00122515 3.53e-06 0 0 0 0 0 0 0 0 0 0 0 0 0 
1 0.799957 0.512324 0.21105 0.0363878 0.00121928 3.44e-06 0 0 0 0 0 0 0 0 0 0 0 0 0 
1 0.799312 0.511071 0.20971 0.0360321 0.00118783 3.43e-06 0 0 0 0 0 0 0 0 0 0 0 0 0 
1 0.800025 0.512265 0.210659 0.0362052 0.00117778 4.75e-06 0 0 0 0 0 0 0 0 0 0 0 0 0 
1 0.800499 0.513531 0.212114 0.0369623 0.00121407 4.51e-06 0 0 0 0 0 0 0 0 0 0 0 0 0 
1 0.799818 0.512091 0.210657 0.0362612 0.00118724 3.84e-06 0 0 0 0 0 0 0 0 0 0 0 0 0 
1 0.799835 0.512044 0.210934 0.0365707 0.00123023 4.59e-06 0 0 0 0 0 0 0 0 0 0 0 0 0 
1 0.799945 0.512383 0.210943 0.0364583 0.0012303 3.62e-06 0 0 0 0 0 0 0 0 0 0 0 0 0 
1 0.799801 0.512245 0.211164 0.0366222 0.00123152 5.13e-06 0 0 0 0 0 0 0 0 0 0 0 0 0 
1 0.801201 0.514477 0.213147 0.0374122 0.00125932 4.69e-06 0 0 0 0 0 0 0 0 0 0 0 0 0 
1 0.799623 0.511801 0.21048 0.0361365 0.00117534 3.28e-06 0 0 0 0 0 0 0 0 0 0 0 0 0 
1 0.799892 0.512203 0.210647 0.0363127 0.00120672 2.77e-06 0 0 0 0 0 0 0 0 0 0 0 0 0 
1 0.799852 0.512051 0.210618 0.0363261 0.0012025 4.42e-06 4e-08 0 0 0 0 0 0 0 0 0 0 0 0 
1 0.79978 0.511841 0.210619 0.036425 0.0011879 2.45e-06 0 0 0 0 0 0 0 0 0 0 0 0 0 
1 0.800243 0.51279 0.210884 0.0364035 0.00121624 3.26e-06 0 0 0 0 0 0 0 0 0 0 0 0 0 
1 0.800437 0.512842 0.211114 0.0365887 0.00121224 4.08e-06 0 0 0 0 0 0 0 0 0 0 0 0 0 
1 0.80028 0.513066 0.211617 0.0366383 0.00124458 4.14e-06 0 0 0 0 0 0 0 0 0 0 0 0 0 
1 0.800638 0.513707 0.212339 0.0369519 0.00123487 3.42e-06 0 0 0 0 0 0 0 0 0 0 0 0 0 
1 0.800212 0.512958 0.21159 0.0366616 0.0011957 2.96e-06 0 0 0 0 0 0 0 0 0 0 0 0 0 
1 0.799907 0.512172 0.210719 0.0364127 0.00118382 4.28e-06 0 0 0 0 0 0 0 0 0 0 0 0 0 
1 0.799368 0.511294 0.209865 0.0360751 0.00120942 3.2e-06 0 0 0 0 0 0 0 0 0 0 0 0 0 
1 0.800093 0.512643 0.211193 0.0365712 0.00122975 6.21e-06 0 0 0 0 0 0 0 0 0 0 0 0 0 
1 0.80027 0.512835 0.211453 0.0367061 0.00123041 2.94e-06 0 0 0 0 0 0 0 0 0 0 0 0 0 
1 0.80045 0.513086 0.211706 0.0367058 0.00120897 2.07e-06 0 0 0 0 0 0 0 0 0 0 0 0 0 
1 0.799558 0.511286 0.209902 0.0360151 0.00120938 3.29e-06 0 0 0 0 0 0 0 0 0 0 0 0 0 
1 0.799813 0.512153 0.210929 0.036473 0.00122791 3.23e-06 0 0 0 0 0 0 0 0 0 0 0 0 0 
1 0.799987 0.512222 0.21065 0.0362441 0.00120063 5.77e-06 0 0 0 0 0 0 0 0 0 0 0 0 0 
1 0.799824 0.512103 0.210619 0.036354 0.00121292 3.72e-06 0 0 0 0 0 0 0 0 0 0 0 0 0 
1 0.799769 0.512031 0.210633 0.0363442 0.00118562 4.06e-06 0 0 0 0 0 0 0 0 0 0 0 0 0 
1 0.800203 0.512664 0.211211 0.0366006 0.00122678 2.99e-06 0 0 0 0 0 0 0 0 0 0 0 0 0 
1 0.800059 0.512265 0.210864 0.0365545 0.00121723 3.7e-06 0 0 0 0 0 0 0 0 0 0 0 0 0 
1 0.799694 0.511963 0.210323 0.0362446 0.00116653 3.61e-06 0 0 0 0 0 0 0 0 0 0 0 0 0 
1 0.799819 0.511662 0.210247 0.0361477 0.0011903 2.84e-06 0 0 0 0 0 0 0 0 0 0 0 0 0 
1 0.800437 0.513346 0.211784 0.0368221 0.00121393 3.36e-06 0 0 0 0 0 0 0 0 0 0 0 0 0 
1 0.80032 0.513085 0.211186 0.0365605 0.00122406 3.75e-06 0 0 0 0 0 0 0 0 0 0 0 0 0 
1 0.799664 0.511959 0.210652 0.0362258 0.00120297 3.66e-06 0 0 0 0 0 0 0 0 0 0 0 0 0 
1 0.799604 0.511617 0.209992 0.036028 0.00121662 3.99e-06 0 0 0 0 0 0 0 0 0 0 0 0 0 
1 0.800409 0.513014 0.211444 0.0364946 0.0012389 4.44e-06 0 0 0 0 0 0 0 0 0 0 0 0 0 
1 0.800406 0.513108 0.211692 0.0369094 0.00124332 4.65e-06 0 0 0 0 0 0 0 0 0 0 0 0 0 
1 0.799558 0.511588 0.210493 0.0362196 0.00116636 4.7e-06 0 0 0 0 0 0 0 0 0 0 0 0 0 
1 0.799754 0.51172 0.21029 0.0360796 0.00120834 5.03e-06 0 0 0 0 0 0 0 0 0 0 0 0 0 
1 0.799812 0.512052 0.210935 0.0365345 0.00125152 4.21e-06 2.5e-07 0 0 0 0 0 0 0 0 0 0 0 0 
1 0.800322 0.512934 0.211795 0.0367511 0.00125242 3.89e-06 0 0 0 0 0 0 0 0 0 0 0 0 0 
1 0.800419 0.513386 0.212186 0.0369096 0.00121455 3.41e-06 8e-08 0 0 0 0 0 0 0 0 0 0 0 0 
1 0.800285 0.513007 0.211705 0.0366555 0.00121581 3.44e-06 1e-08 0 0 0 0 0 0 0 0 0 0 0 0 
1 0.799626 0.511647 0.210473 0.0361779 0.00118698 3.76e-06 0 0 0 0 0 0 0 0 0 0 0 0 0 
1 0.80002 0.512506 0.211197 0.036705 0.00124247 4.32e-06 0 0 0 0 0 0 0 0 0 0 0 0 0 
1 0.799616 0.511484 0.209999 0.0361368 0.0011963 3.73e-06 0 0 0 0 0 0 0 0 0 0 0 0 0 
1 0.800177 0.512585 0.210892 0.0363924 0.00120227 5.21e-06 2.1e-07 0 0 0 0 0 0 0 0 0 0 0 0 
1 0.80023 0.513222 0.212011 0.0368268 0.00124689 3.31e-06 0 0 0 0 0 0 0 0 0 0 0 0 0 
1 0.799808 0.512154 0.211048 0.0364602 0.00123366 2.37e-06 0 0 0 0 0 0 0 0 0 0 0 0 0 
1 0.799664 0.511371 0.209675 0.0359672 0.00116067 3.56e-06 0 0 0 0 0 0 0 0 0 0 0 0 0 
1 0.800373 0.512921 0.211316 0.0365989 0.0012032 4.14e-06 0 0 0 0 0 0 0 0 0 0 0 0 0 
1 0.799793 0.51218 0.210954 0.0364236 0.00119233 2.38e-06 0 0 0 0 0 0 0 0 0 0 0 0 0 
1 0.7997 0.512011 0.210941 0.0364348 0.00121766 4.75e-06 0 0 0 0 0 0 0 0 0 0 0 0 0 
1 0.799902 0.512221 0.210977 0.0364062 0.00122391 4.59e-06 0 0 0 0 0 0 0 0 0 0 0 0 0 
1 0.799494 0.511404 0.209959 0.0360644 0.00121635 2.48e-06 0 0 0 0 0 0 0 0 0 0 0 0 0 
1 0.799807 0.512144 0.210878 0.0365677 0.00123662 3.91e-06 0 0 0 0 0 0 0 0 0 0 0 0 0 
1 0.799775 0.51147 0.209989 0.0361679 0.00119831 3.97e-06 0 0 0 0 0 0 0 0 0 0 0 0 0 
1 0.800249 0.512978 0.211757 0.0368491 0.00123676 5.7e-06 7e-08 0 0 0 0 0 0 0 0 0 0 0 0 
1 0.799968 0.512241 0.211029 0.0364218 0.00123542 3.2e-06 0 0 0 0 0 0 0 0 0 0 0 0 0 
1 0.800019 0.512047 0.210378 0.03616 0.00118983 4.64e-06 0 0 0 0 0 0 0 0 0 0 0 0 0 
1 0.799578 0.511517 0.210194 0.0361537 0.00118593 3.71e-06 0 0 0 0 0 0 0 0 0 0 0 0 0 
1 0.799407 0.511166 0.209844 0.0359564 0.00119762 3.04e-06 0 0 0 0 0 0 0 0 0 0 0 0 0 
1 0.800385 0.513079 0.211801 0.0367636 0.00122531 4.55e-06 0 0 0 0 0 0 0 0 0 0 0 0 0 
1 0.800323 0.513117 0.211876 0.0368332 0.00122806 2.53e-06 0 0 0 0 0 0 0 0 0 0 0 0 0 
1 0.799003 0.510306 0.208906 0.0357492 0.00114931 3.7e-06 6e-08 0 0 0 0 0 0 0 0 0 0 0 0 
1 0.799709 0.512025 0.210809 0.0363655 0.00119284 3.59e-06 0 0 0 0 0 0 0 0 0 0 0 0 0 
1 0.800841 0.514086 0.212568 0.037035 0.00127723 3.17e-06 0 0 0 0 0 0 0 0 0 0 0 0 0 
1 0.800476 0.513262 0.211701 0.0366992 0.00122317 2.89e-06 0 0 0 0 0 0 0 0 0 0 0 0 0 
1 0.800053 0.512701 0.211328 0.0365484 0.00121515 3.38e-06 0 0 0 0 0 0 0 0 0 0 0 0 0 
1 0.800291 0.512899 0.211717 0.0368475 0.00125146 4.36e-06 0 0 0 0 0 0 0 0 0 0 0 0 0 
1 0.80065 0.513488 0.211881 0.0367928 0.00118627 2.77e-06 0 0 0 0 0 0 0 0 0 0 0 0 0 
1 0.800088 0.51269 0.211054 0.0364532 0.00120853 2.28e-06 0 0 0 0 0 0 0 0 0 0 0 0 0 
1 0.800058 0.512529 0.210992 0.0363141 0.00118203 4.5e-06 0 0 0 0 0 0 0 0 0 0 0 0 0 
1 0.799711 0.511669 0.209941 0.0361183 0.00118632 3.81e-06 1.3e-07 0 0 0 0 0 0 0 0 0 0 0 0 
1 0.80027 0.513074 0.211521 0.0366525 0.0012135 3.13e-06 0 0 0 0 0 0 0 0 0 0 0 0 0 
1 0.80006 0.512093 0.210478 0.0362753 0.00120933 2.82e-06 0 0 0 0 0 0 0 0 0 0 0 0 0 
1 0.799793 0.511822 0.210434 0.0362501 0.00119722 3.81e-06 0 0 0 0 0 0 0 0 0 0 0 0 0 
1 0.799864 0.51211 0.210757 0.0363876 0.00118401 3.64e-06 0 0 0 0 0 0 0 0 0 0 0 0 0 
1 0.799934 0.512392 0.211188 0.0366519 0.00122951 4.97e-06 0 0 0 0 0 0 0 0 0 0 0 0 0 
1 0.799896 0.512057 0.210509 0.0362572 0.00118681 2.24e-06 0 0 0 0 0 0 0 0 0 0 0 0 0 
1 0.799565 0.511442 0.210213 0.0361318 0.0011994 4.39e-06 0 0 0 0 0 0 0 0 0 0 0 0 0 
1 0.800036 0.512143 0.210932 0.0362894 0.00120504 4.63e-06 0 0 0 0 0 0 0 0 0 0 0 0 0 
1 0.799639 0.511795 0.210453 0.0363505 0.00120346 2.78e-06 0 0 0 0 0 0 0 0 0 0 0 0 0 
1 0.800224 0.512986 0.211755 0.0368503 0.00125101 4.35e-06 0 0 0 0 0 0 0 0 0 0 0 0 0 
1 0.79968 0.511638 0.209974 0.0360954 0.0011624 3.99e-06 0 0 0 0 0 0 0 0 0 0 0 0 0 
1 0.80067 0.513593 0.212198 0.0368948 0.00125951 5.05e-06 0 0 0 0 0 0 0 0 0 0 0 0 0 
1 0.80027 0.512988 0.211728 0.0367194 0.00120828 5e-06 0 0 0 0 0 0 0 0 0 0 0 0 0 
1 0.799594 0.511644 0.210551 0.0362677 0.00120746 4.03e-06 0 0 0 0 0 0 0 0 0 0 0 0 0 
1 0.799747 0.511551 0.21002 0.0361598 0.00118064 2.75e-06 0 0 0 0 0 0 0 0 0 0 0 0 0 
1 0.800202 0.512673 0.211103 0.0365073 0.00119124 2.81e-06 0 0 0 0 0 0 0 0 0 0 0 0 0 
1 0.800169 0.512785 0.211569 0.0367492 0.00124737 5.02e-06 0 0 0 0 0 0 0 0 0 0 0 0 0 
1 0.799568 0.511663 0.210046 0.0361542 0.00118949 3.72e-06 0 0 0 0 0 0 0 0 0 0 0 0 0 
1 0.800424 0.513099 0.211736 0.0366676 0.00121177 2.67e-06 0 0 0 0 0 0 0 0 0 0 0 0 0 
1 0.800877 0.513905 0.212539 0.0370523 0.00126014 3.67e-06 0 0 0 0 0 0 0 0 0 0 0 0 0 
1 0.800969 0.514294 0.212727 0.0372167 0.00127468 2.75e-06 0 0 0 0 0 0 0 0 0 0 0 0 0 
1 0.799923 0.512116 0.210481 0.0362209 0.00121041 4.76e-06 0 0 0 0 0 0 0 0 0 0 0 0 0 
1 0.800522 0.513252 0.211358 0.0366323 0.00124941 3.79e-06 0 0 0 0 0 0 0 0 0 0 0 0 0 
1 0.799986 0.512444 0.210946 0.0365072 0.00119797 1.98e-06 0 0 0 0 0 0 0 0 0 0 0 0 0 
1 0.799807 0.512159 0.210962 0.036626 0.00122939 5.28e-06 0 0 0 0 0 0 0 0 0 0 0 0 0 
1 0.800304 0.512938 0.211185 0.0364265 0.00120007 4.52e-06 0 0 0 0 0 0 0 0 0 0 0 0 0 
1 0.800132 0.51278 0.211121 0.0363525 0.00123413 3.29e-06 0 0 0 0 0 0 0 0 0 0 0 0 0 
1 0.7997 0.511901 0.210964 0.0364939 0.00120907 4.41e-06 0 0 0 0 0 0 0 0 0 0 0 0 0 
1 0.800424 0.513298 0.212101 0.0369899 0.00122564 3.74e-06 0 0 0 0 0 0 0 0 0 0 0 0 0 
1 0.80036 0.513196 0.211728 0.0367997 0.00123088 4e-06 0 0 0 0 0 0 0 0 0 0 0 0 0 
1 0.799645 0.511376 0.210195 0.0361139 0.00119006 4.55e-06 5e-08 0 0 0 0 0 0 0 0 0 0 0 0 
1 0.799699 0.511738 0.210516 0.0363665 0.00120085 3.79e-06 0 0 0 0 0 0 0 0 0 0 0 0 0 
1 0.799644 0.511683 0.210155 0.036219 0.00119459 5.31e-06 0 0 0 0 0 0 0 0 0 0 0 0 0 
1 0.799775 0.511622 0.210163 0.0362832 0.00120374 4.33e-06 0 0 0 0 0 0 0 0 0 0 0 0 0 
1 0.799454 0.51129 0.209939 0.0361023 0.00115626 3.64e-06 0 0 0 0 0 0 0 0 0 0 0 0 0 
1 0.799709 0.511584 0.210075 0.0361414 0.00118915 4.32e-06 0 0 0 0 0 0 0 0 0 0 0 0 0 
1 0.799994 0.512426 0.211056 0.0365856 0.00120241 2.69e-06 0 0 0 0 0 0 0 0 0 0 0 0 0 
1 0.79994 0.512242 0.210511 0.0362067 0.00120714 4.33e-06 0 0 0 0 0 0 0 0 0 0 0 0 0 
1 0.800149 0.512377 0.210999 0.0364627 0.00119088 2.45e-06 0 0 0 0 0 0 0 0 0 0 0 0 0 
1 0.800075 0.512416 0.210767 0.0362974 0.00120966 3.93e-06 0 0 0 0 0 0 0 0 0 0 0 0 0 
1 0.79984 0.512188 0.210597 0.0363255 0.00119318 3.95e-06 0 0 0 0 0 0 0 0 0 0 0 0 0 
1 0.800443 0.513194 0.211544 0.0366343 0.00122681 4.55e-06 1.3e-07 0 0 0 0 0 0 0 0 0 0 0 0 
1 0.800295 0.512969 0.211363 0.036461 0.00120572 4.63e-06 0 0 0 0 0 0 0 0 0 0 0 0 0 
1 0.800242 0.512845 0.21121 0.0364087 0.00124432 4.11e-06 0 0 0 0 0 0 0 0 0 0 0 0 0 
1 0.799756 0.511791 0.210745 0.0363932 0.00120711 2.63e-06 0 0 0 0 0 0 0 0 0 0 0 0 0 
1 0.800494 0.513408 0.212027 0.0369394 0.00123276 3.39e-06 0 0 0 0 0 0 0 0 0 0 0 0 0 
1 0.799642 0.511575 0.209912 0.0359836 0.00119927 4.12e-06 1.2e-07 0 0 0 0 0 0 0 0 0 0 0 0 
1 0.800362 0.513213 0.211863 0.0367336 0.00124644 2.76e-06 0 0 0 0 0 0 0 0 0 0 0 0 0 
1 0.799478 0.5113 0.209746 0.0359617 0.00116537 3.38e-06 0 0 0 0 0 0 0 0 0 0 0 0 0 
1 0.800526 0.513506 0.212126 0.0369755 0.00125392 4.05e-06 0 0 0 0 0 0 0 0 0 0 0 0 0 
1 0.80033 0.5129 0.211579 0.0366764 0.00123883 5.11e-06 0 0 0 0 0 0 0 0 0 0 0 0 0 
1 0.800193 0.513018 0.211339 0.0365685 0.00122411 3.3e-06 0 0 0 0 0 0 0 0 0 0 0 0 0 
1 0.799834 0.512122 0.210787 0.0363717 0.00120305 3.82e-06 0 0 0 0 0 0 0 0 0 0 0 0 0 
1 0.799975 0.512185 0.210828 0.0362939 0.00119465 2.55e-06 0 0 0 0 0 0 0 0 0 0 0 0 0 
1 0.799562 0.511391 0.210067 0.0360654 0.00119686 4e-06 0 0 0 0 0 0 0 0 0 0 0 0 0 
1 0.799966 0.512763 0.211466 0.036666 0.00125234 4.21e-06 0 0 0 0 0 0 0 0 0 0 0 0 0 
1 0.800453 0.513228 0.211728 0.0366151 0.00122194 3.48e-06 0 0 0 0 0 0 0 0 0 0 0 0 0 
1 0.800442 0.513182 0.211416 0.036581 0.0012083 2.68e-06 0 0 0 0 0 0 0 0 0 0 0 0 0 
1 0.800418 0.513433 0.211934 0.0368833 0.0012413 2.85e-06 0 0 0 0 0 0 0 0 0 0 0 0 0 
1 0.800864 0.513951 0.212325 0.0369138 0.0012391 2.03e-06 0 0 0 0 0 0 0 0 0 0 0 0 0 
1 0.799655 0.511357 0.209873 0.0359676 0.00119358 4.14e-06 0 0 0 0 0 0 0 0 0 0 0 0 0 
1 0.800082 0.512538 0.211167 0.0365786 0.00121476 5.11e-06 0 0 0 0 0 0 0 0 0 0 0 0 0 
1 0.800086 0.512482 0.211244 0.0365518 0.00120535 3.96e-06 0 0 0 0 0 0 0 0 0 0 0 0 0 
1 0.800098 0.512599 0.211176 0.0366041 0.0012073 4.56e-06 0 0 0 0 0 0 0 0 0 0 0 0 0 
1 0.799834 0.512211 0.210653 0.0363148 0.00121181 3.32e-06 0 0 0 0 0 0 0 0 0 0 0 0 0 
1 0.800403 0.513054 0.211601 0.036577 0.00122329 3.94e-06 0 0 0 0 0 0 0 0 0 0 0 0 0 
1 0.800148 0.51281 0.211314 0.0365734 0.00120782 3e-06 0 0 0 0 0 0 0 0 0 0 0 0 0 
1 0.799858 0.51183 0.210365 0.0361939 0.00118055 4.15e-06 0 0 0 0 0 0 0 0 0 0 0 0 0 
1 0.800492 0.513323 0.211762 0.0367784 0.0012325 2.83e-06 0 0 0 0 0 0 0 0 0 0 0 0 0 
1 0.799636 0.511763 0.209926 0.0360241 0.00118655 3.23e-06 0 0 0 0 0 0 0 0 0 0 0 0 0 
1 0.799203 0.51088 0.209736 0.0359148 0.00119108 2.75e-06 4e-08 0 0 0 0 0 0 0 0 0 0 0 0 
1 0.799883 0.512099 0.210634 0.0364058 0.00122768 3.16e-06 0 0 0 0 0 0 0 0 0 0 0 0 0 
1 0.799934 0.512126 0.210689 0.0363208 0.0012099 4.69e-06 0 0 0 0 0 0 0 0 0 0 0 0 0 
1 0.799652 0.512302 0.210891 0.0364372 0.00121567 3.28e-06 0 0 0 0 0 0 0 0 0 0 0 0 0 
1 0.800274 0.513017 0.21164 0.0367267 0.00120828 2.27e-06 0 0 0 0 0 0 0 0 0 0 0 0 0 
1 0.801195 0.514671 0.213203 0.0371977 0.0012528 2.64e-06 0 0 0 0 0 0 0 0 0 0 0 0 0 
1 0.800151 0.512616 0.211112 0.0364602 0.00122393 2.63e-06 0 0 0 0 0 0 0 0 0 0 0 0 0 
1 0.799354 0.511137 0.209667 0.0359875 0.00117485 3.63e-06 0 0 0 0 0 0 0 0 0 0 0 0 0 
1 0.799452 0.511489 0.210206 0.0362097 0.00117943 3.85e-06 0 0 0 0 0 0 0 0 0 0 0 0 0 
1 0.799747 0.51171 0.210307 0.0362722 0.00120429 2.65e-06 0 0 0 0 0 0 0 0 0 0 0 0 0 
1 0.800121 0.512787 0.211446 0.0367165 0.00122416 4.62e-06 0 0 0 0 0 0 0 0 0 0 0 0 0 
1 0.799168 0.510717 0.209573 0.0360052 0.00115707 2.52e-06 0 0 0 0 0 0 0 0 0 0 0 0 0 
1 0.800154 0.512606 0.211246 0.0365346 0.00120836 2.95e-06 0 0 0 0 0 0 0 0 0 0 0 0 0 
1 0.799618 0.511815 0.210627 0.0364403 0.00121538 1.97e-06 0 0 0 0 0 0 0 0 0 0 0 0 0 
1 0.799609 0.511706 0.210306 0.0361977 0.00119413 2.73e-06 0 0 0 0 0 0 0 0 0 0 0 0 0 
1 0.800098 0.5129 0.211443 0.0366104 0.00122207 5.37e-06 0 0 0 0 0 0 0 0 0 0 0 0 0 
1 0.799473 0.511351 0.210111 0.0360492 0.00118079 3.67e-06 0 0 0 0 0 0 0 0 0 0 0 0 0 
1 0.800026 0.512572 0.211235 0.036504 0.00120534 3.62e-06 0 0 0 0 0 0 0 0 0 0 0 0 0 
1 0.800092 0.512546 0.211146 0.0364423 0.00120917 3.88e-06 0 0 0 0 0 0 0 0 0 0 0 0 0 
1 0.799732 0.511848 0.210434 0.0361854 0.00118064 4.58e-06 0 0 0 0 0 0 0 0 0 0 0 0 0 
1 0.800329 0.513046 0.21181 0.036751 0.00124098 4.22e-06 0 0 0 0 0 0 0 0 0 0 0 0 0 
1 0.798877 0.510229 0.209118 0.0358154 0.00118165 2.93e-06 0 0 0 0 0 0 0 0 0 0 0 0 0 
1 0.799868 0.512368 0.211114 0.03653 0.00122009 4.45e-06 0 0 0 0 0 0 0 0 0 0 0 0 0 
1 0.800187 0.51264 0.211139 0.0365193 0.00121387 3.67e-06 0 0 0 0 0 0 0 0 0 0 0 0 0 
1 0.800013 0.512358 0.210709 0.0362806 0.00117035 2.01e-06 0 0 0 0 0 0 0 0 0 0 0 0 0 
1 0.800131 0.512806 0.211568 0.0368531 0.00125187 3.97e-06 0 0 0 0 0 0 0 0 0 0 0 0 0 
1 0.799773 0.511564 0.210061 0.0361397 0.00116519 3.73e-06 0 0 0 0 0 0 0 0 0 0 0 0 0 
1 0.799955 0.512429 0.21122 0.036442 0.00121533 4.54e-06 8e-08 0 0 0 0 0 0 0 0 0 0 0 0 
1 0.799861 0.512008 0.210454 0.0361788 0.00119357 4.01e-06 0 0 0 0 0 0 0 0 0 0 0 0 0 
1 0.800485 0.513199 0.211796 0.0367144 0.00123789 3.11e-06 0 0 0 0 0 0 0 0 0 0 0 0 0 
1 0.799506 0.511677 0.210475 0.0364783 0.00123409 2.83e-06 0 0 0 0 0 0 0 0 0 0 0 0 0 
1 0.800729 0.514106 0.213052 0.0373648 0.0012581 3.54e-06 0 0 0 0 0 0 0 0 0 0 0 0 0 
1 0.800256 0.512927 0.211355 0.0366238 0.00120045 2.4e-06 0 0 0 0 0 0 0 0 0 0 0 0 0 
1 0.800338 0.512858 0.211443 0.0365962 0.00123784 4.75e-06 0 0 0 0 0 0 0 0 0 0 0 0 0 
1 0.799698 0.511741 0.21031 0.0362146 0.00119148 2.79e-06 0 0 0 0 0 0 0 0 0 0 0 0 0 
1 0.799868 0.512067 0.210857 0.0364382 0.00119723 3.66e-06 0 0 0 0 0 0 0 0 0 0 0 0 0 
1 0.800256 0.512923 0.211584 0.0365868 0.00123014 3.6e-06 0 0 0 0 0 0 0 0 0 0 0 0 0 
1 0.800166 0.512696 0.211306 0.0365679 0.00119723 3.74e-06 0 0 0 0 0 0 0 0 0 0 0 0 0 
1 0.800074 0.512517 0.210811 0.0362416 0.00120747 2.6e-06 0 0 0 0 0 0 0 0 0 0 0 0 0 
1 0.79957 0.511173 0.209943 0.0360991 0.00119136 5.03e-06 0 0 0 0 0 0 0 0 0 0 0 0 0 
1 0.799443 0.511346 0.210089 0.0362311 0.00119549 3.09e-06 0 0 0 0 0 0 0 0 0 0 0 0 0 
1 0.800164 0.512782 0.21161 0.0367644 0.00125866 4.22e-06 0 0 0 0 0 0 0 0 0 0 0 0 0 
1 0.799659 0.512193 0.210877 0.0365221 0.00121434 6.07e-06 0 0 0 0 0 0 0 0 0 0 0 0 0 
1 0.799908 0.512066 0.210539 0.0363229 0.00121528 5.13e-06 0 0 0 0 0 0 0 0 0 0 0 0 0 
1 0.800363 0.513127 0.211593 0.0365711 0.00120581 2.96e-06 0 0 0 0 0 0 0 0 0 0 0 0 0 
1 0.799552 0.511446 0.209896 0.0359453 0.00116391 4.61e-06 0 0 0 0 0 0 0 0 0 0 0 0 0 
1 0.79998 0.512104 0.21059 0.0363268 0.00119817 2.36e-06 0 0 0 0 0 0 0 0 0 0 0 0 0 
1 0.800412 0.513242 0.211754 0.0366248 0.00121896 4.98e-06 0 0 0 0 0 0 0 0 0 0 0 0 0 
1 0.800311 0.513192 0.21202 0.0368172 0.00125185 5.19e-06 0 0 0 0 0 0 0 0 0 0 0 0 0 
1 0.799969 0.512627 0.211346 0.0366245 0.00122335 4.82e-06 0 0 0 0 0 0 0 0 0 0 0 0 0 
1 0.799929 0.512178 0.210898 0.0363216 0.00117586 2.93e-06 0 0 0 0 0 0 0 0 0 0 0 0 0 
1 0.799751 0.511768 0.210587 0.036363 0.00119305 4.07e-06 0 0 0 0 0 0 0 0 0 0 0 0 0 
1 0.80039 0.513118 0.211824 0.0366935 0.00122979 5.21e-06 1e-08 0 0 0 0 0 0 0 0 0 0 0 0 
1 0.799723 0.511706 0.21042 0.0362204 0.00116595 2.14e-06 0 0 0 0 0 0 0 0 0 0 0 0 0 
1 0.800215 0.513179 0.211838 0.0368136 0.0012555 3.51e-06 0 0 0 0 0 0 0 0 0 0 0 0 0 
1 0.800183 0.513133 0.211596 0.0367326 0.00124182 4.01e-06 0 0 0 0 0 0 0 0 0 0 0 0 0 
1 0.799805 0.511995 0.210676 0.0363472 0.00123032 3.6e-06 0 0 0 0 0 0 0 0 0 0 0 0 0 
1 0.799668 0.511777 0.210436 0.0363503 0.00122228 4.32e-06 0 0 0 0 0 0 0 0 0 0 0 0 0 
1 0.799711 0.511889 0.210643 0.0362269 0.00119572 3.14e-06 0 0 0 0 0 0 0 0 0 0 0 0 0 
1 0.799709 0.511752 0.210417 0.0362708 0.00121405 4.66e-06 0 0 0 0 0 0 0 0 0 0 0 0 0 
1 0.799806 0.511959 0.210557 0.0362296 0.00120428 4.91e-06 0 0 0 0 0 0 0 0 0 0 0 0 0 
1 0.799961 0.512149 0.210679 0.0363241 0.00121621 3.97e-06 0 0 0 0 0 0 0 0 0 0 0 0 0 
1 0.800263 0.512702 0.211437 0.0365159 0.00119317 3.85e-06 0 0 0 0 0 0 0 0 0 0 0 0 0 
1 0.799644 0.511901 0.210433 0.0361239 0.00117878 3.28e-06 0 0 0 0 0 0 0 0 0 0 0 0 0 
1 0.800058 0.512537 0.211117 0.036506 0.00119866 4.12e-06 0 0 0 0 0 0 0 0 0 0 0 0 0 
1 0.79943 0.511151 0.210032 0.0361179 0.00120128 3.16e-06 0 0 0 0 0 0 0 0 0 0 0 0 0 
1 0.800388 0.512984 0.211439 0.036673 0.00124031 5.26e-06 0 0 0 0 0 0 0 0 0 0 0 0 0 
1 0.800001 0.512665 0.211762 0.0368047 0.00124125 3.95e-06 0 0 0 0 0 0 0 0 0 0 0 0 0 
1 0.800493 0.513317 0.211978 0.0367995 0.00124161 3.34e-06 0 0 0 0 0 0 0 0 0 0 0 0 0 
1 0.800175 0.512765 0.211411 0.0365159 0.00121857 3.51e-06 0 0 0 0 0 0 0 0 0 0 0 0 0 
1 0.799849 0.511907 0.21061 0.0363751 0.00121549 2.24e-06 0 0 0 0 0 0 0 0 0 0 0 0 0 
1 0.800431 0.513648 0.2123 0.0369517 0.0012549 5.13e-06 0 0 0 0 0 0 0 0 0 0 0 0 0 
1 0.799882 0.512381 0.211027 0.0364156 0.00119672 4.79e-06 5e-08 0 0 0 0 0 0 0 0 0 0 0 0 
1 0.800082 0.512786 0.211651 0.036846 0.00121608 4.01e-06 0 0 0 0 0 0 0 0 0 0 0 0 0 
1 0.799866 0.51219 0.210722 0.0361863 0.00118551 4.16e-06 0 0 0 0 0 0 0 0 0 0 0 0 0 
1 0.800308 0.513008 0.211523 0.036612 0.00120818 2.87e-06 0 0 0 0 0 0 0 0 0 0 0 0 0 
1 0.800788 0.513962 0.212373 0.0369387 0.00123337 3.52e-06 0 0 0 0 0 0 0 0 0 0 0 0 0 
1 0.800115 0.512547 0.211069 0.0364567 0.00121232 3.84e-06 3e-07 0 0 0 0 0 0 0 0 0 0 0 0 
1 0.800021 0.512668 0.211204 0.0365658 0.00122293 4.5e-06 0 0 0 0 0 0 0 0 0 0 0 0 0 
1 0.800261 0.512694 0.211231 0.0365707 0.00124974 3.22e-06 0 0 0 0 0 0 0 0 0 0 0 0 0 
1 0.800071 0.512282 0.210964 0.0363672 0.00120495 3.93e-06 0 0 0 0 0 0 0 0 0 0 0 0 0 
1 0.800255 0.513124 0.211831 0.0368107 0.00122539 4.08e-06 0 0 0 0 0 0 0 0 0 0 0 0 0 
1 0.80022 0.512712 0.211304 0.036569 0.00123833 3.21e-06 0 0 0 0 0 0 0 0 0 0 0 0 0 
1 0.799889 0.51239 0.210946 0.0363906 0.00120067 2.9e-06 0 0 0 0 0 0 0 0 0 0 0 0 0 
1 0.799776 0.511747 0.210421 0.0362061 0.00117425 3.49e-06 0 0 0 0 0 0 0 0 0 0 0 0 0 
1 0.799956 0.512269 0.21097 0.036512 0.00120109 3.85e-06 0 0 0 0 0 0 0 0 0 0 0 0 0 
1 0.800148 0.512559 0.211052 0.0365226 0.00121309 3.3e-06 0 0 0 0 0 0 0 0 0 0 0 0 0 
1 0.799708 0.511913 0.210607 0.0363771 0.0012215 4.43e-06 0 0 0 0 0 0 0 0 0 0 0 0 0 
1 0.79988 0.51229 0.211097 0.0366081 0.0012424 5.41e-06 0 0 0 0 0 0 0 0 0 0 0 0 0 
1 0.800112 0.512132 0.210523 0.0362692 0.00119644 4.1e-06 0 0 0 0 0 0 0 0 0 0 0 0 0 
1 0.799862 0.511863 0.210225 0.0361635 0.00120317 3.71e-06 0 0 0 0 0 0 0 0 0 0 0 0 0 
1 0.79956 0.511591 0.210389 0.0362845 0.00120391 2.67e-06 0 0 0 0 0 0 0 0 0 0 0 0 0 
1 0.79975 0.512034 0.210691 0.0364399 0.00118392 2.67e-06 0 0 0 0 0 0 0 0 0 0 0 0 0 
1 0.80001 0.512715 0.211442 0.0366102 0.00124279 4.49e-06 0 0 0 0 0 0 0 0 0 0 0 0 0 
1 0.799625 0.511381 0.209826 0.0358794 0.00117171 3.21e-06 0 0 0 0 0 0 0 0 0 0 0 0 0 
1 0.800053 0.512525 0.211292 0.0366728 0.00122795 2.85e-06 0 0 0 0 0 0 0 0 0 0 0 0 0 
1 0.79989 0.511952 0.210459 0.0362281 0.0012094 4.38e-06 0 0 0 0 0 0 0 0 0 0 0 0 0 
1 0.800234 0.512939 0.211542 0.0367233 0.00123784 3.02e-06 0 0 0 0 0 0 0 0 0 0 0 0 0 
1 0.799844 0.51232 0.211028 0.0366027 0.00122213 4.17e-06 0 0 0 0 0 0 0 0 0 0 0 0 0 
1 0.799155 0.510695 0.209196 0.0357923 0.00117771 3.62e-06 0 0 0 0 0 0 0 0 0 0 0 0 0 
1 0.800056 0.512596 0.211167 0.0365006 0.00120944 2.87e-06 0 0 0 0 0 0 0 0 0 0 0 0 0 
1 0.800645 0.513695 0.212091 0.0369106 0.00122351 3.57e-06 0 0 0 0 0 0 0 0 0 0 0 0 0 
1 0.799578 0.511562 0.210396 0.0361725 0.00120763 4.21e-06 0 0 0 0 0 0 0 0 0 0 0 0 0 
1 0.800557 0.513142 0.211554 0.0366088 0.00123673 3.29e-06 0 0 0 0 0 0 0 0 0 0 0 0 0 
1 0.800184 0.512665 0.211489 0.036581 0.0011888 3.01e-06 0 0 0 0 0 0 0 0 0 0 0 0 0 
1 0.799311 0.511291 0.20999 0.0360752 0.00119261 2.63e-06 0 0 0 0 0 0 0 0 0 0 0 0 0 
1 0.800375 0.513125 0.211624 0.0367371 0.0012352 2.91e-06 0 0 0 0 0 0 0 0 0 0 0 0 0 
1 0.799936 0.512443 0.211124 0.0364981 0.00119702 3.57e-06 0 0 0 0 0 0 0 0 0 0 0 0 0 
1 0.799857 0.512228 0.210722 0.036285 0.00120823 4.01e-06 0 0 0 0 0 0 0 0 0 0 0 0 0 
1 0.80032 0.513369 0.212198 0.0368909 0.00126314 3.73e-06 0 0 0 0 0 0 0 0 0 0 0 0 0 
1 0.799924 0.512109 0.210804 0.0363462 0.00123867 3.05e-06 0 0 0 0 0 0 0 0 0 0 0 0 0 
1 0.800813 0.513632 0.212003 0.0368112 0.00123007 4.32e-06 0 0 0 0 0 0 0 0 0 0 0 0 0 
1 0.80066 0.513747 0.212382 0.0369623 0.0012694 3.52e-06 4e-08 0 0 0 0 0 0 0 0 0 0 0 0 
1 0.800278 0.512623 0.211034 0.036465 0.00122139 3.03e-06 0 0 0 0 0 0 0 0 0 0 0 0 0 
1 0.800409 0.512875 0.211355 0.0365361 0.00123413 4.01e-06 0 0 0 0 0 0 0 0 0 0 0 0 0 
1 0.799137 0.510495 0.208807 0.0355734 0.00116065 3.5e-06 0 0 0 0 0 0 0 0 0 0 0 0 0 
1 0.799387 0.511271 0.209909 0.0360848 0.00116682 5.03e-06 0 0 0 0 0 0 0 0 0 0 0 0 0 
1 0.799654 0.511579 0.210307 0.0361739 0.0011837 3.57e-06 0 0 0 0 0 0 0 0 0 0 0 0 0 
1 0.800309 0.513316 0.211654 0.0366784 0.00121808 4.62e-06 0 0 0 0 0 0 0 0 0 0 0 0 0 
1 0.800273 0.512955 0.211917 0.0369686 0.00124643 3.53e-06 0 0 0 0 0 0 0 0 0 0 0 0 0 
1 0.799582 0.511514 0.210102 0.0361592 0.00118551 3.54e-06 0 0 0 0 0 0 0 0 0 0 0 0 0 
1 0.800296 0.512828 0.211094 0.0364336 0.00122364 3.67e-06 0 0 0 0 0 0 0 0 0 0 0 0 0 
1 0.799795 0.511929 0.210371 0.0363383 0.00119272 2.24e-06 0 0 0 0 0 0 0 0 0 0 0 0 0 
1 0.800025 0.51241 0.21112 0.0365261 0.00121868 5.6e-06 0 0 0 0 0 0 0 0 0 0 0 0 0 
1 0.799954 0.512107 0.210695 0.036268 0.00116789 3.93e-06 0 0 0 0 0 0 0 0 0 0 0 0 0 
1 0.800116 0.51248 0.210686 0.0363006 0.00120302 2.42e-06 0 0 0 0 0 0 0 0 0 0 0 0 0 
1 0.799826 0.512337 0.210998 0.0365142 0.00121523 3.33e-06 0 0 0 0 0 0 0 0 0 0 0 0 0 
1 0.800062 0.51255 0.211145 0.0363919 0.00121426 2.83e-06 0 0 0 0 0 0 0 0 0 0 0 0 0 
1 0.800187 0.512889 0.211588 0.0366556 0.00122448 3.11e-06 0 0 0 0 0 0 0 0 0 0 0 0 0 
1 0.800531 0.513186 0.211659 0.0367367 0.00124967 3.36e-06 0 0 0 0 0 0 0 0 0 0 0 0 0 
1 0.800245 0.512837 0.211499 0.0366575 0.00119815 4.07e-06 0 0 0 0 0 0 0 0 0 0 0 0 0 
1 0.800021 0.512779 0.211474 0.0366884 0.00123932 3.88e-06 0 0 0 0 0 0 0 0 0 0 0 0 0 
1 0.80018 0.512866 0.211191 0.0364423 0.00119396 4.43e-06 0 0 0 0 0 0 0 0 0 0 0 0 0 
1 0.799747 0.511881 0.210247 0.0361775 0.00119404 5.18e-06 0 0 0 0 0 0 0 0 0 0 0 0 0 
1 0.800207 0.512322 0.210892 0.0363996 0.00119531 3e-06 0 0 0 0 0 0 0 0 0 0 0 0 0 
1 0.799734 0.512282 0.210906 0.0363824 0.00119258 4.29e-06 0 0 0 0 0 0 0 0 0 0 0 0 0 
1 0.800056 0.512764 0.211458 0.0366811 0.0012254 4.46e-06 8e-08 0 0 0 0 0 0 0 0 0 0 0 0 
1 0.800246 0.513 0.211456 0.0366252 0.00123047 4.89e-06 0 0 0 0 0 0 0 0 0 0 0 0 0 
1 0.800309 0.512788 0.211323 0.0366385 0.00122266 4.6e-06 0 0 0 0 0 0 0 0 0 0 0 0 0 
1 0.800391 0.513077 0.212119 0.0370174 0.00126205 4.57e-06 1e-08 0 0 0 0 0 0 0 0 0 0 0 0 
1 0.799619 0.511564 0.210328 0.0362802 0.00119398 3.62e-06 0 0 0 0 0 0 0 0 0 0 0 0 0 
1 0.800035 0.512579 0.211131 0.0364778 0.00121784 3.38e-06 0 0 0 0 0 0 0 0 0 0 0 0 0 
1 0.79963 0.511741 0.210481 0.0362551 0.00119852 3.14e-06 0 0 0 0 0 0 0 0 0 0 0 0 0 
1 0.800213 0.51287 0.211654 0.0368374 0.0012324 4.64e-06 0 0 0 0 0 0 0 0 0 0 0 0 0 
1 0.799654 0.511796 0.210527 0.0363193 0.00119285 4.11e-06 0 0 0 0 0 0 0 0 0 0 0 0 0 
1 0.799894 0.512199 0.211214 0.0366743 0.00121061 4.41e-06 0 0 0 0 0 0 0 0 0 0 0 0 0 
1 0.800301 0.512972 0.211539 0.0366657 0.00122386 3.37e-06 0 0 0 0 0 0 0 0 0 0 0 0 0 
1 0.800237 0.512546 0.211271 0.0365556 0.00121843 3.88e-06 0 0 0 0 0 0 0 0 0 0 0 0 0 
1 0.800181 0.512731 0.211232 0.0364091 0.00120351 2.81e-06 0 0 0 0 0 0 0 0 0 0 0 0 0 
1 0.800528 0.513569 0.212074 0.0368532 0.00123449 3.34e-06 0 0 0 0 0 0 0 0 0 0 0 0 0 
1 0.799483 0.511665 0.210295 0.0362545 0.00121367 4.17e-06 0 0 0 0 0 0 0 0 0 0 0 0 0 
1 0.800038 0.512218 0.210666 0.0363509 0.00120815 3.6e-06 0 0 0 0 0 0 0 0 0 0 0 0 0 
1 0.800144 0.512611 0.210979 0.0364211 0.00121486 2.91e-06 0 0 0 0 0 0 0 0 0 0 0 0 0 
1 0.799748 0.511723 0.210014 0.0360099 0.00119463 2.79e-06 0 0 0 0 0 0 0 0 0 0 0 0 0 
1 0.800727 0.513885 0.212468 0.0369436 0.00125753 3.54e-06 0 0 0 0 0 0 0 0 0 0 0 0 0 
1 0.799861 0.512 0.210607 0.0363494 0.00120705 5.87e-06 0 0 0 0 0 0 0 0 0 0 0 0 0 
1 0.799979 0.512651 0.211027 0.0364517 0.0012095 3.19e-06 0 0 0 0 0 0 0 0 0 0 0 0 0 
1 0.799169 0.510769 0.209311 0.0357139 0.00117122 5.22e-06 0 0 0 0 0 0 0 0 0 0 0 0 0 
1 0.799808 0.511805 0.210285 0.0362998 0.00120799 3.06e-06 0 0 0 0 0 0 0 0 0 0 0 0 0 
1 0.800226 0.513326 0.211815 0.036669 0.00122702 3.54e-06 0 0 0 0 0 0 0 0 0 0 0 0 0 
1 0.800237 0.512644 0.211391 0.0364547 0.00123065 4.98e-06 0 0 0 0 0 0 0 0 0 0 0 0 0 
1 0.800392 0.513177 0.211739 0.0367205 0.00123481 3.79e-06 0 0 0 0 0 0 0 0 0 0 0 0 0 
1 0.800717 0.513765 0.212624 0.0370873 0.00127528 4.46e-06 0 0 0 0 0 0 0 0 0 0 0 0 0 
