1 0.852737 0.620754 0.33068 0.0966147 0.00920875 0.000155 5e-07 0 0 0 0 0 0 0 0 0 0 0 0 
1 0.849873 0.614402 0.323148 0.092256 0.00861925 0.00016075 1.75e-06 0 0 0 0 0 0 0 0 0 0 0 0 
1 0.851003 0.616993 0.326857 0.0946182 0.009191 0.00015475 2e-06 0 0 0 0 0 0 0 0 0 0 0 0 
1 0.850967 0.616975 0.326955 0.0945772 0.00912625 0.00016925 0 0 0 0 0 0 0 0 0 0 0 0 0 
1 0.848421 0.611255 0.318588 0.089558 0.00811125 0.000126 0 0 0 0 0 0 0 0 0 0 0 0 0 
1 0.847585 0.609782 0.31905 0.0905177 0.00874975 0.00015925 4.5e-06 0 0 0 0 0 0 0 0 0 0 0 0 
1 0.848678 0.612553 0.321568 0.0916165 0.00859 0.00015575 0 0 0 0 0 0 0 0 0 0 0 0 0 
1 0.849883 0.614951 0.324118 0.0923842 0.0085295 0.000127 1.25e-06 0 0 0 0 0 0 0 0 0 0 0 0 
1 0.850902 0.616676 0.326091 0.0938827 0.008855 0.0001515 0 0 0 0 0 0 0 0 0 0 0 0 0 
1 0.851634 0.617455 0.327668 0.0953297 0.0094645 0.0001855 1e-06 0 0 0 0 0 0 0 0 0 0 0 0 
1 0.851504 0.617518 0.326676 0.0946825 0.00876775 0.000168 0 0 0 0 0 0 0 0 0 0 0 0 0 
1 0.849909 0.614473 0.323941 0.092474 0.00857075 0.0001215 0 0 0 0 0 0 0 0 0 0 0 0 0 
1 0.850387 0.615134 0.323759 0.092626 0.00845175 0.0001355 0 0 0 0 0 0 0 0 0 0 0 0 0 
1 0.850849 0.617502 0.326656 0.0939877 0.0087945 0.00014525 0 0 0 0 0 0 0 0 0 0 0 0 0 
1 0.850449 0.616648 0.326838 0.094686 0.00914225 0.00017725 0 0 0 0 0 0 0 0 0 0 0 0 0 
1 0.851056 0.616579 0.326645 0.0941632 0.00868125 0.00011975 0 0 0 0 0 0 0 0 0 0 0 0 0 
1 0.851018 0.616913 0.326175 0.0944162 0.00881275 0.00014325 0 0 0 0 0 0 0 0 0 0 0 0 0 
1 0.84896 0.613404 0.322374 0.091849 0.008233 0.000121 2.25e-06 0 0 0 0 0 0 0 0 0 0 0 0 
1 0.848099 0.611778 0.321906 0.0916055 0.00858825 0.000142 0 0 0 0 0 0 0 0 0 0 0 0 0 
1 0.848978 0.613461 0.323501 0.0928285 0.008755 0.000156 2.5e-07 0 0 0 0 0 0 0 0 0 0 0 0 
1 0.84888 0.612324 0.320508 0.0907292 0.0082835 0.00010275 5e-07 0 0 0 0 0 0 0 0 0 0 0 0 
1 0.850547 0.616211 0.32633 0.0940317 0.009053 0.000187 1.5e-06 0 0 0 0 0 0 0 0 0 0 0 0 
1 0.850047 0.615649 0.324288 0.092922 0.0087895 0.0001335 0 0 0 0 0 0 0 0 0 0 0 0 0 
1 0.851494 0.61785 0.328094 0.0957287 0.00945625 0.00015975 2.25e-06 0 0 0 0 0 0 0 0 0 0 0 0 
1 0.850032 0.615647 0.325733 0.0945845 0.0092225 0.00017725 0 0 0 0 0 0 0 0 0 0 0 0 0 
1 0.850422 0.615308 0.325206 0.093609 0.0086455 0.00017825 3e-06 0 0 0 0 0 0 0 0 0 0 0 0 
1 0.850337 0.617054 0.327147 0.0951055 0.0091255 0.000155 1.25e-06 0 0 0 0 0 0 0 0 0 0 0 0 
1 0.849698 0.613864 0.323395 0.0928707 0.0090305 0.00016525 7.5e-07 0 0 0 0 0 0 0 0 0 0 0 0 
1 0.850835 0.616858 0.326442 0.0938335 0.008945 0.00015575 4.75e-06 0 0 0 0 0 0 0 0 0 0 0 0 
1 0.851342 0.616795 0.325648 0.0930892 0.0084245 0.000121 0 0 0 0 0 0 0 0 0 0 0 0 0 
1 0.84769 0.609722 0.317838 0.0890505 0.00793275 0.00013225 2.75e-06 0 0 0 0 0 0 0 0 0 0 0 0 
1 0.847742 0.609775 0.317441 0.0883567 0.00778325 0.0001245 0 0 0 0 0 0 0 0 0 0 0 0 0 
1 0.851277 0.617537 0.326647 0.094349 0.0091465 0.00014625 5e-07 0 0 0 0 0 0 0 0 0 0 0 0 
1 0.848422 0.611846 0.320034 0.0894675 0.00791125 0.00012025 0 0 0 0 0 0 0 0 0 0 0 0 0 
1 0.850112 0.615221 0.324424 0.0936915 0.00903825 0.000161 1.75e-06 0 0 0 0 0 0 0 0 0 0 0 0 
1 0.851547 0.618309 0.327146 0.093752 0.008626 0.0001395 0 0 0 0 0 0 0 0 0 0 0 0 0 
1 0.847453 0.608902 0.31576 0.0870267 0.0075075 0.00010425 0 0 0 0 0 0 0 0 0 0 0 0 0 
1 0.850456 0.616177 0.324587 0.0931117 0.008423 0.00010825 0 0 0 0 0 0 0 0 0 0 0 0 0 
1 0.849425 0.613154 0.322099 0.0917422 0.00884225 0.00011025 0 0 0 0 0 0 0 0 0 0 0 0 0 
1 0.848657 0.612004 0.321321 0.0912862 0.0083895 0.00011875 2.5e-07 0 0 0 0 0 0 0 0 0 0 0 0 
1 0.849593 0.614316 0.323866 0.092393 0.00870275 0.00014825 0 0 0 0 0 0 0 0 0 0 0 0 0 
1 0.848873 0.612905 0.321964 0.0911187 0.0083575 0.00014475 2.5e-06 0 0 0 0 0 0 0 0 0 0 0 0 
1 0.849074 0.613529 0.321869 0.090984 0.008306 0.0001175 0 0 0 0 0 0 0 0 0 0 0 0 0 
1 0.848191 0.611556 0.319418 0.0898182 0.0078635 0.0001255 0 0 0 0 0 0 0 0 0 0 0 0 0 
1 0.8512 0.617684 0.328077 0.0950162 0.00889875 0.0001505 0 0 0 0 0 0 0 0 0 0 0 0 0 
1 0.847646 0.611728 0.320439 0.0908202 0.00827425 0.00015775 0 0 0 0 0 0 0 0 0 0 0 0 0 
1 0.847965 0.611079 0.319405 0.0891977 0.007999 9.35e-05 0 0 0 0 0 0 0 0 0 0 0 0 0 
1 0.852574 0.620383 0.330662 0.0965182 0.009351 0.0001785 0 0 0 0 0 0 0 0 0 0 0 0 0 
1 0.852383 0.620143 0.331219 0.097126 0.00962625 0.0002 7.5e-07 0 0 0 0 0 0 0 0 0 0 0 0 
1 0.849595 0.614148 0.324134 0.0934392 0.00892725 0.000164 5e-07 0 0 0 0 0 0 0 0 0 0 0 0 
1 0.850183 0.615014 0.323625 0.0928617 0.0086165 0.0001585 0 0 0 0 0 0 0 0 0 0 0 0 0 
1 0.849613 0.614895 0.324713 0.0934717 0.00889175 0.000126 0 0 0 0 0 0 0 0 0 0 0 0 0 
1 0.851871 0.618504 0.328868 0.0952792 0.008855 0.00013525 0 0 0 0 0 0 0 0 0 0 0 0 0 
1 0.851921 0.619576 0.330711 0.0971405 0.00969975 0.000182 3.25e-06 0 0 0 0 0 0 0 0 0 0 0 0 
1 0.850282 0.615736 0.325672 0.0946497 0.00906675 0.00017075 1e-06 0 0 0 0 0 0 0 0 0 0 0 0 
1 0.850146 0.614006 0.321651 0.0902882 0.0081185 0.00011525 1.75e-06 0 0 0 0 0 0 0 0 0 0 0 0 
1 0.851239 0.616389 0.326046 0.0944267 0.00894175 0.00015875 0 0 0 0 0 0 0 0 0 0 0 0 0 
1 0.851765 0.619125 0.329455 0.09565 0.009163 0.000152 2.5e-07 0 0 0 0 0 0 0 0 0 0 0 0 
1 0.850184 0.614805 0.323893 0.0929015 0.00891 0.00016175 1.5e-06 0 0 0 0 0 0 0 0 0 0 0 0 
1 0.850085 0.615164 0.325002 0.0935 0.008794 0.00014225 5e-07 0 0 0 0 0 0 0 0 0 0 0 0 
1 0.848676 0.611989 0.319949 0.0899435 0.00809975 0.00011375 0 0 0 0 0 0 0 0 0 0 0 0 0 
1 0.849188 0.613159 0.321987 0.0917695 0.0085765 0.00015525 7.5e-07 0 0 0 0 0 0 0 0 0 0 0 0 
1 0.849076 0.613394 0.321975 0.0914552 0.00847 0.00012225 2e-06 0 0 0 0 0 0 0 0 0 0 0 0 
1 0.8487 0.612358 0.321215 0.0918207 0.00862375 0.0001605 2e-06 0 0 0 0 0 0 0 0 0 0 0 0 
1 0.85001 0.614088 0.322924 0.0914362 0.0083785 0.00013325 0 0 0 0 0 0 0 0 0 0 0 0 0 
1 0.851465 0.61843 0.327961 0.0952425 0.0093925 0.00019525 2.5e-06 0 0 0 0 0 0 0 0 0 0 0 0 
1 0.850175 0.614997 0.324228 0.0923277 0.00832725 0.000124 4.25e-06 0 0 0 0 0 0 0 0 0 0 0 0 
1 0.850863 0.617214 0.326736 0.0942362 0.0088695 0.000134 0 0 0 0 0 0 0 0 0 0 0 0 0 
1 0.849551 0.613898 0.322273 0.0908902 0.00818875 0.00012575 2.5e-07 0 0 0 0 0 0 0 0 0 0 0 0 
1 0.852391 0.620334 0.330366 0.0958312 0.00914825 0.00015725 4e-06 0 0 0 0 0 0 0 0 0 0 0 0 
1 0.849509 0.612897 0.321048 0.0905767 0.00820175 0.0001385 2.5e-07 0 0 0 0 0 0 0 0 0 0 0 0 
1 0.849595 0.614728 0.322935 0.0915722 0.00857625 0.0001285 3e-06 0 0 0 0 0 0 0 0 0 0 0 0 
1 0.85428 0.623769 0.33463 0.0985897 0.009759 0.000168 0 0 0 0 0 0 0 0 0 0 0 0 0 
1 0.851365 0.618436 0.328356 0.0953892 0.00909675 0.000143 0 0 0 0 0 0 0 0 0 0 0 0 0 
1 0.851399 0.617761 0.327246 0.0946615 0.00910975 0.0001395 0 0 0 0 0 0 0 0 0 0 0 0 0 
1 0.849773 0.612942 0.320866 0.0908187 0.00831075 0.00014275 2.75e-06 0 0 0 0 0 0 0 0 0 0 0 0 
1 0.84792 0.609443 0.317263 0.088918 0.00818175 0.000131 0 0 0 0 0 0 0 0 0 0 0 0 0 
1 0.849999 0.615715 0.32582 0.0945972 0.00940025 0.0001735 0 0 0 0 0 0 0 0 0 0 0 0 0 
1 0.851291 0.617278 0.326504 0.093876 0.008737 0.00014525 7.5e-07 0 0 0 0 0 0 0 0 0 0 0 0 
1 0.849914 0.614696 0.323463 0.0925977 0.008412 0.00011825 0 0 0 0 0 0 0 0 0 0 0 0 0 
1 0.849124 0.613936 0.322783 0.0916697 0.0085055 0.000125 2e-06 0 0 0 0 0 0 0 0 0 0 0 0 
1 0.852979 0.621634 0.332129 0.097558 0.00941575 0.0001585 1.25e-06 0 0 0 0 0 0 0 0 0 0 0 0 
1 0.85016 0.615916 0.325949 0.0933482 0.0086815 0.000146 2.5e-07 0 0 0 0 0 0 0 0 0 0 0 0 
1 0.847066 0.608798 0.316495 0.0881432 0.007578 0.00012725 1e-06 0 0 0 0 0 0 0 0 0 0 0 0 
1 0.851551 0.618021 0.327 0.0943382 0.00898425 0.00014875 1.75e-06 0 0 0 0 0 0 0 0 0 0 0 0 
1 0.850155 0.614195 0.322409 0.0915197 0.00845425 0.00010475 7.5e-07 0 0 0 0 0 0 0 0 0 0 0 0 
1 0.849031 0.613258 0.322139 0.0915207 0.00848975 0.000125 1.25e-06 0 0 0 0 0 0 0 0 0 0 0 0 
1 0.848366 0.611256 0.318428 0.088867 0.007964 0.00011625 5e-07 0 0 0 0 0 0 0 0 0 0 0 0 
1 0.852729 0.62142 0.33217 0.0977207 0.00956725 0.0001955 5e-07 0 0 0 0 0 0 0 0 0 0 0 0 
1 0.851613 0.618561 0.329203 0.0958305 0.0093175 0.00019425 2.5e-07 0 0 0 0 0 0 0 0 0 0 0 0 
1 0.850216 0.615129 0.324667 0.0934737 0.0088455 0.0001495 0 0 0 0 0 0 0 0 0 0 0 0 0 
1 0.849808 0.614926 0.323866 0.0931942 0.0087165 0.00013475 0 0 0 0 0 0 0 0 0 0 0 0 0 
1 0.849273 0.613752 0.322687 0.092485 0.0088255 0.00017725 2.5e-07 0 0 0 0 0 0 0 0 0 0 0 0 
1 0.849725 0.613889 0.323211 0.0925815 0.00870475 0.0001295 0 0 0 0 0 0 0 0 0 0 0 0 0 
1 0.845688 0.60555 0.312352 0.0854647 0.0072325 8.5e-05 0 0 0 0 0 0 0 0 0 0 0 0 0 
1 0.849825 0.615552 0.325644 0.0942522 0.0088755 0.00014475 5e-07 0 0 0 0 0 0 0 0 0 0 0 0 
1 0.851735 0.618712 0.329321 0.0955762 0.00906475 0.00016425 1e-06 0 0 0 0 0 0 0 0 0 0 0 0 
1 0.852091 0.619823 0.329578 0.096192 0.0094385 0.00017175 3.25e-06 0 0 0 0 0 0 0 0 0 0 0 0 
1 0.849848 0.613942 0.322267 0.0911117 0.00838425 0.00014025 1e-06 0 0 0 0 0 0 0 0 0 0 0 0 
1 0.851459 0.617963 0.327758 0.0951657 0.00960125 0.0001695 3.75e-06 0 0 0 0 0 0 0 0 0 0 0 0 
1 0.848644 0.611733 0.319124 0.0891722 0.0078995 0.00011525 5e-07 0 0 0 0 0 0 0 0 0 0 0 0 
1 0.851897 0.618984 0.329159 0.095914 0.009436 0.000173 0 0 0 0 0 0 0 0 0 0 0 0 0 
1 0.848887 0.612696 0.320828 0.0905552 0.00822125 0.0001465 0 0 0 0 0 0 0 0 0 0 0 0 0 
1 0.849316 0.613592 0.321498 0.0907742 0.00836525 0.00013375 0 0 0 0 0 0 0 0 0 0 0 0 0 
1 0.85014 0.615266 0.324356 0.0929945 0.00856325 0.000129 7.5e-07 0 0 0 0 0 0 0 0 0 0 0 0 
1 0.851047 0.617164 0.326908 0.0939795 0.00900675 0.000149 2.5e-07 0 0 0 0 0 0 0 0 0 0 0 0 
1 0.849316 0.612854 0.321295 0.0906657 0.00819075 0.00012825 1.5e-06 0 0 0 0 0 0 0 0 0 0 0 0 
1 0.850157 0.614947 0.323393 0.0912752 0.0083315 0.00011075 5e-07 0 0 0 0 0 0 0 0 0 0 0 0 
1 0.849079 0.613351 0.321653 0.0915885 0.008532 0.00014525 4.75e-06 0 0 0 0 0 0 0 0 0 0 0 0 
1 0.848497 0.612321 0.32101 0.0910852 0.008303 0.00013825 0 0 0 0 0 0 0 0 0 0 0 0 0 
1 0.849479 0.613659 0.322704 0.092719 0.00875375 0.00015725 2e-06 0 0 0 0 0 0 0 0 0 0 0 0 
1 0.850819 0.616693 0.326285 0.093934 0.00871475 0.000143 5e-07 0 0 0 0 0 0 0 0 0 0 0 0 
1 0.849747 0.614349 0.322106 0.0911832 0.00827625 0.00014525 2e-06 0 0 0 0 0 0 0 0 0 0 0 0 
1 0.848859 0.61266 0.321009 0.0904302 0.0082235 0.0001215 0 0 0 0 0 0 0 0 0 0 0 0 0 
1 0.850372 0.616217 0.325571 0.093475 0.0088635 0.00018025 5e-07 0 0 0 0 0 0 0 0 0 0 0 0 
1 0.848613 0.611197 0.318872 0.0889597 0.00791975 0.00013175 0 0 0 0 0 0 0 0 0 0 0 0 0 
1 0.850663 0.616335 0.326496 0.0946072 0.00887625 0.00014025 5e-07 0 0 0 0 0 0 0 0 0 0 0 0 
1 0.850073 0.615745 0.32622 0.0944347 0.00921675 0.000216 7.5e-07 0 0 0 0 0 0 0 0 0 0 0 0 
1 0.848526 0.610199 0.317248 0.0872595 0.00740025 9.7e-05 0 0 0 0 0 0 0 0 0 0 0 0 0 
1 0.849965 0.614679 0.323192 0.0921035 0.0085905 0.00014625 2.5e-07 0 0 0 0 0 0 0 0 0 0 0 0 
1 0.85129 0.617858 0.327602 0.0948682 0.00896625 0.00012925 2.25e-06 0 0 0 0 0 0 0 0 0 0 0 0 
1 0.850401 0.61621 0.326062 0.0939657 0.008945 0.00016025 1e-06 0 0 0 0 0 0 0 0 0 0 0 0 
1 0.848492 0.611379 0.31838 0.0895582 0.00810025 0.0001275 0 0 0 0 0 0 0 0 0 0 0 0 0 
1 0.850376 0.615198 0.323873 0.0931327 0.00889125 0.000152 2.25e-06 0 0 0 0 0 0 0 0 0 0 0 0 
1 0.850761 0.616417 0.326231 0.094413 0.00922 0.0001805 3.5e-06 0 0 0 0 0 0 0 0 0 0 0 0 
1 0.849897 0.615029 0.32389 0.09195 0.0085435 0.00010925 5e-07 0 0 0 0 0 0 0 0 0 0 0 0 
1 0.847245 0.608608 0.316326 0.0882907 0.007836 0.0001185 1.75e-06 0 0 0 0 0 0 0 0 0 0 0 0 
1 0.849592 0.614338 0.321794 0.0915522 0.00860075 0.00016575 0 0 0 0 0 0 0 0 0 0 0 0 0 
1 0.848406 0.612217 0.321028 0.0909512 0.00845125 0.00013175 2.25e-06 0 0 0 0 0 0 0 0 0 0 0 0 
1 0.850575 0.616305 0.324966 0.0937062 0.008835 0.00015975 5e-07 0 0 0 0 0 0 0 0 0 0 0 0 
1 0.851661 0.619285 0.329562 0.0967145 0.00956075 0.00016475 0 0 0 0 0 0 0 0 0 0 0 0 0 
1 0.849853 0.613811 0.322393 0.091358 0.0083655 0.000123 1.5e-06 0 0 0 0 0 0 0 0 0 0 0 0 
1 0.849338 0.61427 0.323482 0.0916547 0.0083245 0.00013975 2.5e-07 0 0 0 0 0 0 0 0 0 0 0 0 
1 0.84992 0.614561 0.324439 0.0936412 0.00888575 0.00016525 0 0 0 0 0 0 0 0 0 0 0 0 0 
1 0.850443 0.617011 0.32683 0.094512 0.0091655 0.00014875 1.5e-06 0 0 0 0 0 0 0 0 0 0 0 0 
1 0.849746 0.614517 0.323131 0.0921225 0.00837525 0.0001525 5e-07 0 0 0 0 0 0 0 0 0 0 0 0 
1 0.848151 0.611189 0.31996 0.0906115 0.008333 0.000105 1.25e-06 0 0 0 0 0 0 0 0 0 0 0 0 
1 0.85077 0.616636 0.325995 0.0940565 0.00880725 0.00011875 0 0 0 0 0 0 0 0 0 0 0 0 0 
1 0.852234 0.619847 0.330645 0.0968377 0.00955875 0.000175 0 0 0 0 0 0 0 0 0 0 0 0 0 
1 0.849323 0.612274 0.3209 0.0910902 0.00864375 0.0001915 1.25e-06 0 0 0 0 0 0 0 0 0 0 0 0 
1 0.850155 0.615825 0.325527 0.0934142 0.0087985 0.000133 7.5e-07 0 0 0 0 0 0 0 0 0 0 0 0 
1 0.848304 0.611472 0.320417 0.0916235 0.00890975 0.00018975 4.5e-06 0 0 0 0 0 0 0 0 0 0 0 0 
1 0.850795 0.617495 0.327647 0.095475 0.00928675 0.0001595 0 0 0 0 0 0 0 0 0 0 0 0 0 
1 0.850916 0.616394 0.325959 0.094105 0.008896 0.0001725 2.5e-07 0 0 0 0 0 0 0 0 0 0 0 0 
1 0.850401 0.615923 0.326211 0.093981 0.0086945 0.0001215 1.5e-06 0 0 0 0 0 0 0 0 0 0 0 0 
1 0.851394 0.618065 0.328097 0.095093 0.00912075 0.0001515 1e-06 0 0 0 0 0 0 0 0 0 0 0 0 
1 0.848639 0.611348 0.319296 0.089428 0.007935 0.000106 1.25e-06 0 0 0 0 0 0 0 0 0 0 0 0 
1 0.853381 0.622842 0.333401 0.0977182 0.00941475 0.0001505 1e-06 0 0 0 0 0 0 0 0 0 0 0 0 
1 0.848336 0.611796 0.319543 0.0898252 0.00812925 0.000122 0 0 0 0 0 0 0 0 0 0 0 0 0 
1 0.850472 0.61613 0.325995 0.0942575 0.00916175 0.000183 2.25e-06 0 0 0 0 0 0 0 0 0 0 0 0 
1 0.849681 0.614207 0.322764 0.0916757 0.0084765 0.00014925 0 0 0 0 0 0 0 0 0 0 0 0 0 
1 0.849633 0.614655 0.323604 0.0926182 0.00866525 0.00014225 0 0 0 0 0 0 0 0 0 0 0 0 0 
1 0.851663 0.618667 0.328381 0.095103 0.009087 0.00016175 5e-07 0 0 0 0 0 0 0 0 0 0 0 0 
1 0.848848 0.611967 0.321167 0.0913327 0.00841675 0.000162 0 0 0 0 0 0 0 0 0 0 0 0 0 
1 0.849978 0.614842 0.323901 0.0925415 0.0085755 0.0001555 0 0 0 0 0 0 0 0 0 0 0 0 0 
1 0.850397 0.615903 0.32552 0.0940135 0.0092125 0.00014975 0 0 0 0 0 0 0 0 0 0 0 0 0 
1 0.850721 0.617119 0.327229 0.0946175 0.008941 0.00016475 0 0 0 0 0 0 0 0 0 0 0 0 0 
1 0.85054 0.616724 0.325987 0.0945137 0.0089085 0.0001485 0 0 0 0 0 0 0 0 0 0 0 0 0 
1 0.84966 0.613761 0.322134 0.0909412 0.00835125 0.00014475 0 0 0 0 0 0 0 0 0 0 0 0 0 
1 0.850024 0.615258 0.324732 0.0929975 0.00864275 0.00012025 2.5e-06 0 0 0 0 0 0 0 0 0 0 0 0 
1 0.850208 0.615007 0.324206 0.0930642 0.008734 0.00015425 0 0 0 0 0 0 0 0 0 0 0 0 0 
1 0.850051 0.615217 0.323879 0.0927635 0.0087845 0.00013 7.5e-07 0 0 0 0 0 0 0 0 0 0 0 0 
1 0.847812 0.609448 0.317248 0.0887875 0.007819 9.35e-05 0 0 0 0 0 0 0 0 0 0 0 0 0 
1 0.850342 0.616869 0.325738 0.0937855 0.00891775 0.0001335 0 0 0 0 0 0 0 0 0 0 0 0 0 
1 0.849633 0.614828 0.324392 0.0931992 0.00868925 0.0001285 5e-07 0 0 0 0 0 0 0 0 0 0 0 0 
1 0.852625 0.620905 0.331482 0.0970232 0.00949875 0.00015975 1e-06 0 0 0 0 0 0 0 0 0 0 0 0 
1 0.85036 0.615257 0.324091 0.0921635 0.00847125 0.00014875 1e-06 0 0 0 0 0 0 0 0 0 0 0 0 
1 0.848762 0.612761 0.321511 0.0913495 0.00841725 0.0001265 5e-07 0 0 0 0 0 0 0 0 0 0 0 0 
1 0.85078 0.616981 0.327021 0.0946565 0.0088135 0.00010975 0 0 0 0 0 0 0 0 0 0 0 0 0 
1 0.84908 0.613017 0.32182 0.091497 0.0083035 0.00013425 0 0 0 0 0 0 0 0 0 0 0 0 0 
1 0.850437 0.617148 0.326475 0.0938085 0.0088565 0.00014175 2.5e-07 0 0 0 0 0 0 0 0 0 0 0 0 
1 0.851371 0.618313 0.328594 0.0960165 0.00929625 0.0001705 1.25e-06 0 0 0 0 0 0 0 0 0 0 0 0 
1 0.849062 0.612892 0.32218 0.092333 0.0089595 0.00016125 5e-07 0 0 0 0 0 0 0 0 0 0 0 0 
1 0.853392 0.621914 0.332439 0.0984755 0.00998575 0.00020775 7.5e-07 0 0 0 0 0 0 0 0 0 0 0 0 
1 0.849028 0.612042 0.32016 0.0907907 0.00829175 0.000131 0 0 0 0 0 0 0 0 0 0 0 0 0 
1 0.849007 0.613369 0.322268 0.0921155 0.00880225 0.0001605 0 0 0 0 0 0 0 0 0 0 0 0 0 
1 0.851113 0.61673 0.326728 0.0946657 0.00890675 0.00017825 3.75e-06 0 0 0 0 0 0 0 0 0 0 0 0 
1 0.850225 0.616249 0.32587 0.0940157 0.0088325 0.000166 0 0 0 0 0 0 0 0 0 0 0 0 0 
1 0.849816 0.61576 0.326176 0.0945472 0.009213 0.00015325 1e-06 0 0 0 0 0 0 0 0 0 0 0 0 
1 0.849144 0.613719 0.321821 0.0908562 0.0083435 0.00014 0 0 0 0 0 0 0 0 0 0 0 0 0 
1 0.849054 0.612776 0.321607 0.091109 0.0084825 0.0001585 2.5e-07 0 0 0 0 0 0 0 0 0 0 0 0 
1 0.850665 0.617215 0.327177 0.0948782 0.009033 0.000142 2.5e-06 0 0 0 0 0 0 0 0 0 0 0 0 
1 0.851099 0.617697 0.327239 0.093863 0.0085905 8.925e-05 0 0 0 0 0 0 0 0 0 0 0 0 0 
1 0.849483 0.61349 0.321505 0.090605 0.0082155 0.00012275 1.25e-06 0 0 0 0 0 0 0 0 0 0 0 0 
1 0.852471 0.6195 0.329512 0.0958087 0.0092405 0.0001415 1.5e-06 5e-07 0 0 0 0 0 0 0 0 0 0 0 
1 0.850629 0.615397 0.32424 0.0922607 0.00845 0.00012725 5e-07 0 0 0 0 0 0 0 0 0 0 0 0 
1 0.847711 0.610887 0.320041 0.0898655 0.0080555 0.00013 0 0 0 0 0 0 0 0 0 0 0 0 0 
1 0.848553 0.612025 0.320009 0.0901162 0.00804425 0.00011 0 0 0 0 0 0 0 0 0 0 0 0 0 
1 0.84872 0.612879 0.3221 0.0908997 0.0082555 0.00014375 2.5e-06 0 0 0 0 0 0 0 0 0 0 0 0 
1 0.85002 0.614396 0.322812 0.0914502 0.00855525 0.0001235 0 0 0 0 0 0 0 0 0 0 0 0 0 
1 0.851185 0.617754 0.327415 0.0951485 0.0092445 0.00016725 2.5e-07 0 0 0 0 0 0 0 0 0 0 0 0 
1 0.851017 0.615934 0.324268 0.092124 0.00824825 0.00013275 0 0 0 0 0 0 0 0 0 0 0 0 0 
1 0.850361 0.615764 0.324361 0.0927487 0.008747 0.00014525 0 0 0 0 0 0 0 0 0 0 0 0 0 
1 0.851351 0.61765 0.326679 0.0943797 0.0089265 0.00015675 0 0 0 0 0 0 0 0 0 0 0 0 0 
1 0.850734 0.615728 0.324575 0.0925145 0.0087895 0.000149 0 0 0 0 0 0 0 0 0 0 0 0 0 
1 0.851002 0.617029 0.326369 0.0945677 0.0087995 0.00014275 0 0 0 0 0 0 0 0 0 0 0 0 0 
1 0.848451 0.611943 0.320231 0.0905737 0.008237 0.00013675 5e-07 0 0 0 0 0 0 0 0 0 0 0 0 
1 0.847793 0.610809 0.319125 0.0900915 0.0081755 0.000112 0 0 0 0 0 0 0 0 0 0 0 0 0 
1 0.851742 0.619148 0.329389 0.0961395 0.0093585 0.00013875 1e-06 0 0 0 0 0 0 0 0 0 0 0 0 
1 0.848622 0.612386 0.320573 0.09049 0.00843325 0.00014075 2.5e-07 0 0 0 0 0 0 0 0 0 0 0 0 
1 0.84856 0.61211 0.321066 0.0916872 0.00853725 0.00013525 5.75e-06 0 0 0 0 0 0 0 0 0 0 0 0 
1 0.84821 0.610274 0.318728 0.0896865 0.00813825 0.00015175 0 0 0 0 0 0 0 0 0 0 0 0 0 
1 0.848147 0.610607 0.318441 0.0897515 0.00804925 0.000116 0 0 0 0 0 0 0 0 0 0 0 0 0 
1 0.84919 0.614022 0.324196 0.0933257 0.00889625 0.00019425 2.75e-06 0 0 0 0 0 0 0 0 0 0 0 0 
1 0.849712 0.61452 0.323861 0.092854 0.00880725 0.000114 0 0 0 0 0 0 0 0 0 0 0 0 0 
1 0.848136 0.611639 0.319696 0.0899412 0.008005 0.00012025 2.5e-07 0 0 0 0 0 0 0 0 0 0 0 0 
1 0.850056 0.614718 0.322508 0.0912452 0.008213 0.0001355 7.5e-07 0 0 0 0 0 0 0 0 0 0 0 0 
1 0.849647 0.614098 0.3233 0.0928642 0.009009 0.00015375 0 0 0 0 0 0 0 0 0 0 0 0 0 
1 0.849747 0.613314 0.320968 0.0898005 0.00793475 0.00011225 0 0 0 0 0 0 0 0 0 0 0 0 0 
1 0.850782 0.615313 0.323755 0.0922032 0.008314 0.000144 2.5e-07 0 0 0 0 0 0 0 0 0 0 0 0 
1 0.849569 0.613638 0.322075 0.0915037 0.0084825 0.00013175 0 0 0 0 0 0 0 0 0 0 0 0 0 
1 0.848513 0.611104 0.318223 0.0883865 0.00783925 0.00013925 3e-06 0 0 0 0 0 0 0 0 0 0 0 0 
1 0.84829 0.611306 0.320174 0.0908295 0.00846025 0.00013325 0 0 0 0 0 0 0 0 0 0 0 0 0 
1 0.849918 0.614372 0.323143 0.0919125 0.00836825 0.0001515 5e-07 0 0 0 0 0 0 0 0 0 0 0 0 
1 0.851307 0.618631 0.328776 0.0953525 0.00911225 0.00012125 0 0 0 0 0 0 0 0 0 0 0 0 0 
1 0.850638 0.615463 0.324539 0.0927665 0.00867725 0.000143 0 0 0 0 0 0 0 0 0 0 0 0 0 
1 0.849426 0.613751 0.322896 0.0924917 0.0086135 0.0001275 0 0 0 0 0 0 0 0 0 0 0 0 0 
1 0.850415 0.615901 0.324972 0.0937245 0.00907575 0.000156 5e-07 0 0 0 0 0 0 0 0 0 0 0 0 
1 0.848253 0.610747 0.318938 0.089592 0.00813075 0.000158 0 0 0 0 0 0 0 0 0 0 0 0 0 
1 0.848189 0.61178 0.320631 0.0911105 0.00832525 0.0001385 1.5e-06 0 0 0 0 0 0 0 0 0 0 0 0 
1 0.850797 0.616595 0.325744 0.0933272 0.00854875 0.00012525 2e-06 0 0 0 0 0 0 0 0 0 0 0 0 
1 0.849616 0.614041 0.323774 0.0932842 0.00897525 0.00012525 0 0 0 0 0 0 0 0 0 0 0 0 0 
1 0.850884 0.617603 0.328052 0.0949567 0.0089045 0.0001245 0 0 0 0 0 0 0 0 0 0 0 0 0 
1 0.849421 0.613794 0.322514 0.091993 0.0088395 0.00016725 1e-06 0 0 0 0 0 0 0 0 0 0 0 0 
1 0.848942 0.612815 0.321279 0.0905245 0.00826025 0.000133 0 0 0 0 0 0 0 0 0 0 0 0 0 
1 0.849601 0.614455 0.323837 0.0920975 0.00850525 0.00013375 1e-06 0 0 0 0 0 0 0 0 0 0 0 0 
1 0.852175 0.619007 0.328075 0.0945615 0.00905625 0.00011625 1e-06 0 0 0 0 0 0 0 0 0 0 0 0 
1 0.849415 0.614259 0.323725 0.0930782 0.0087335 0.0001485 0 0 0 0 0 0 0 0 0 0 0 0 0 
1 0.851803 0.619625 0.330161 0.0971162 0.00974125 0.00014425 0 0 0 0 0 0 0 0 0 0 0 0 0 
1 0.850734 0.616549 0.325901 0.093892 0.008914 0.000144 0 0 0 0 0 0 0 0 0 0 0 0 0 
1 0.850228 0.615386 0.325233 0.0940015 0.0093365 0.00019075 0 0 0 0 0 0 0 0 0 0 0 0 0 
1 0.852319 0.62116 0.332802 0.098652 0.009852 0.0001835 4.75e-06 0 0 0 0 0 0 0 0 0 0 0 0 
1 0.851151 0.616593 0.325143 0.0932422 0.00889075 0.0001455 0 0 0 0 0 0 0 0 0 0 0 0 0 
1 0.849498 0.613847 0.322253 0.0922017 0.008704 0.000144 7.5e-07 0 0 0 0 0 0 0 0 0 0 0 0 
1 0.849562 0.614015 0.322985 0.0922215 0.008562 0.0001425 0 0 0 0 0 0 0 0 0 0 0 0 0 
1 0.85053 0.614823 0.323991 0.0928032 0.00879725 0.0001525 1.25e-06 0 0 0 0 0 0 0 0 0 0 0 0 
1 0.851106 0.61696 0.325649 0.093221 0.00878675 0.0001545 2.5e-06 0 0 0 0 0 0 0 0 0 0 0 0 
1 0.849972 0.615551 0.324769 0.0927005 0.0086075 0.00015325 0 0 0 0 0 0 0 0 0 0 0 0 0 
1 0.849876 0.614713 0.324286 0.0928927 0.00874725 0.00014175 2.5e-07 0 0 0 0 0 0 0 0 0 0 0 0 
1 0.850817 0.616687 0.326341 0.094559 0.0090565 0.0001585 0 0 0 0 0 0 0 0 0 0 0 0 0 
1 0.848189 0.611074 0.319312 0.0897267 0.008262 0.0001175 5e-07 0 0 0 0 0 0 0 0 0 0 0 0 
1 0.849335 0.613572 0.321676 0.0916502 0.008561 0.000146 3.75e-06 0 0 0 0 0 0 0 0 0 0 0 0 
1 0.849009 0.61225 0.320426 0.0908167 0.00831725 0.00012475 0 0 0 0 0 0 0 0 0 0 0 0 0 
1 0.850257 0.615477 0.324479 0.0934077 0.00887125 0.000174 1e-06 0 0 0 0 0 0 0 0 0 0 0 0 
1 0.852828 0.621409 0.332657 0.0978085 0.0097995 0.0001905 2e-06 0 0 0 0 0 0 0 0 0 0 0 0 
1 0.848753 0.611734 0.319881 0.090128 0.00811375 0.00012025 0 0 0 0 0 0 0 0 0 0 0 0 0 
1 0.852379 0.620286 0.331284 0.0966727 0.00920775 0.000146 0 0 0 0 0 0 0 0 0 0 0 0 0 
1 0.850051 0.615041 0.323793 0.092642 0.00874225 0.00012825 1.25e-06 0 0 0 0 0 0 0 0 0 0 0 0 
1 0.850006 0.614899 0.324519 0.093263 0.008643 0.00013875 0 0 0 0 0 0 0 0 0 0 0 0 0 
1 0.849238 0.612845 0.321695 0.0918912 0.00859075 0.00013025 0 0 0 0 0 0 0 0 0 0 0 0 0 
1 0.848434 0.610934 0.31828 0.0886255 0.007861 0.00011075 0 0 0 0 0 0 0 0 0 0 0 0 0 
1 0.850063 0.614228 0.323083 0.092903 0.008506 0.0001105 0 0 0 0 0 0 0 0 0 0 0 0 0 
1 0.848103 0.609731 0.317464 0.0893552 0.00793475 0.0001135 1.75e-06 0 0 0 0 0 0 0 0 0 0 0 0 
1 0.851057 0.618059 0.327895 0.0951987 0.00912925 0.00015325 0 0 0 0 0 0 0 0 0 0 0 0 0 
1 0.84895 0.613872 0.323664 0.0935025 0.00909875 0.00018925 1e-06 0 0 0 0 0 0 0 0 0 0 0 0 
1 0.848624 0.611667 0.320533 0.0907042 0.00834875 0.00015075 1.25e-06 0 0 0 0 0 0 0 0 0 0 0 0 
1 0.851976 0.619606 0.330055 0.097069 0.00964525 0.00017225 0 0 0 0 0 0 0 0 0 0 0 0 0 
1 0.85055 0.616042 0.325501 0.09395 0.0089465 0.00018175 1.5e-06 0 0 0 0 0 0 0 0 0 0 0 0 
1 0.850451 0.615331 0.324909 0.0934167 0.00868175 0.000127 0 0 0 0 0 0 0 0 0 0 0 0 0 
1 0.848219 0.611515 0.319472 0.0894377 0.007829 0.00011 2.5e-07 0 0 0 0 0 0 0 0 0 0 0 0 
1 0.849482 0.614154 0.323857 0.0935758 0.00911275 0.0001895 0 0 0 0 0 0 0 0 0 0 0 0 0 
1 0.850356 0.616451 0.325913 0.094398 0.00919225 0.00014325 0 0 0 0 0 0 0 0 0 0 0 0 0 
1 0.850387 0.615772 0.324996 0.0929478 0.00870475 0.0001355 0 0 0 0 0 0 0 0 0 0 0 0 0 
1 0.849423 0.613781 0.322593 0.0915147 0.008476 0.00015675 0 0 0 0 0 0 0 0 0 0 0 0 0 
1 0.851116 0.617001 0.325751 0.0930037 0.00865025 0.000132 0 0 0 0 0 0 0 0 0 0 0 0 0 
1 0.851037 0.617092 0.32692 0.09396 0.00874375 0.00016725 0 0 0 0 0 0 0 0 0 0 0 0 0 
1 0.850208 0.616255 0.325388 0.0938085 0.0087665 0.0001625 0 0 0 0 0 0 0 0 0 0 0 0 0 
1 0.850202 0.615854 0.324636 0.09274 0.00875975 0.00015475 1.75e-06 0 0 0 0 0 0 0 0 0 0 0 0 
1 0.848263 0.611392 0.320567 0.0911707 0.008571 0.0001625 0 0 0 0 0 0 0 0 0 0 0 0 0 
1 0.84917 0.613444 0.322602 0.091826 0.008436 0.0001105 3.25e-06 0 0 0 0 0 0 0 0 0 0 0 0 
1 0.850451 0.616932 0.326431 0.0947515 0.00905075 0.00014925 1.75e-06 0 0 0 0 0 0 0 0 0 0 0 0 
1 0.8489 0.612389 0.321145 0.0910137 0.00852875 0.000141 0 0 0 0 0 0 0 0 0 0 0 0 0 
1 0.849992 0.614756 0.323234 0.0922565 0.00884225 0.000164 0 0 0 0 0 0 0 0 0 0 0 0 0 
1 0.849106 0.612596 0.321638 0.0918597 0.008483 0.00012175 0 0 0 0 0 0 0 0 0 0 0 0 0 
1 0.850589 0.616588 0.326388 0.0938217 0.0088315 0.00014825 0 0 0 0 0 0 0 0 0 0 0 0 0 
1 0.850732 0.616432 0.325813 0.0940285 0.008997 0.00015725 0 0 0 0 0 0 0 0 0 0 0 0 0 
1 0.848639 0.61256 0.321191 0.0910427 0.00833 0.00015 0 0 0 0 0 0 0 0 0 0 0 0 0 
1 0.849677 0.614 0.322504 0.091811 0.008504 0.000132 7.5e-07 0 0 0 0 0 0 0 0 0 0 0 0 
1 0.851881 0.618901 0.32893 0.0958005 0.00923625 0.00016325 0 0 0 0 0 0 0 0 0 0 0 0 0 
1 0.848938 0.61262 0.321081 0.0903932 0.00842325 0.000152 7.5e-07 0 0 0 0 0 0 0 0 0 0 0 0 
1 0.849254 0.613226 0.321815 0.0914 0.0085695 0.00015625 0 0 0 0 0 0 0 0 0 0 0 0 0 
1 0.85082 0.61572 0.325432 0.0940872 0.00891975 0.00013225 5e-07 0 0 0 0 0 0 0 0 0 0 0 0 
1 0.849959 0.6154 0.324952 0.0931575 0.0087875 0.000172 2.75e-06 0 0 0 0 0 0 0 0 0 0 0 0 
1 0.85122 0.617707 0.327092 0.0946325 0.009105 0.000167 2.75e-06 0 0 0 0 0 0 0 0 0 0 0 0 
1 0.851218 0.619145 0.330575 0.0973292 0.00965275 0.00015575 1.25e-06 0 0 0 0 0 0 0 0 0 0 0 0 
1 0.849305 0.61362 0.322594 0.0916767 0.00847525 0.000139 0 0 0 0 0 0 0 0 0 0 0 0 0 
1 0.850603 0.616692 0.32591 0.0937475 0.0089055 0.00013975 0 0 0 0 0 0 0 0 0 0 0 0 0 
1 0.849187 0.612878 0.320831 0.0904777 0.00794875 0.000124 0 0 0 0 0 0 0 0 0 0 0 0 0 
1 0.852496 0.619744 0.330763 0.0968785 0.00959525 0.00016525 1.75e-06 0 0 0 0 0 0 0 0 0 0 0 0 
1 0.848953 0.614107 0.323541 0.0930152 0.00866475 0.00012825 0 0 0 0 0 0 0 0 0 0 0 0 0 
1 0.84958 0.613906 0.322697 0.092067 0.0085765 0.00013175 0 0 0 0 0 0 0 0 0 0 0 0 0 
1 0.849537 0.614145 0.323714 0.09335 0.0088405 0.000146 0 0 0 0 0 0 0 0 0 0 0 0 0 
1 0.850029 0.616022 0.326363 0.0944952 0.008932 0.00014225 5e-07 0 0 0 0 0 0 0 0 0 0 0 0 
1 0.84755 0.608642 0.31674 0.088637 0.00804325 0.00015425 7.5e-07 0 0 0 0 0 0 0 0 0 0 0 0 
1 0.848734 0.611967 0.319519 0.0894547 0.008203 0.00011075 2.5e-07 0 0 0 0 0 0 0 0 0 0 0 0 
1 0.849116 0.613437 0.322826 0.0921837 0.008473 0.00012425 2.5e-07 0 0 0 0 0 0 0 0 0 0 0 0 
1 0.850106 0.615698 0.323769 0.0920137 0.0086785 0.00012625 1.75e-06 0 0 0 0 0 0 0 0 0 0 0 0 
1 0.848919 0.612598 0.321537 0.0910375 0.008167 0.0001 0 0 0 0 0 0 0 0 0 0 0 0 0 
1 0.850016 0.614743 0.323823 0.0924785 0.00861075 0.0001535 0 0 0 0 0 0 0 0 0 0 0 0 0 
1 0.84752 0.610206 0.318077 0.0889672 0.00796475 0.000129 0 0 0 0 0 0 0 0 0 0 0 0 0 
1 0.84858 0.611771 0.318627 0.088043 0.00760725 0.000121 0 0 0 0 0 0 0 0 0 0 0 0 0 
1 0.850829 0.617849 0.327885 0.0955557 0.00920175 0.00014875 2.5e-07 0 0 0 0 0 0 0 0 0 0 0 0 
1 0.849521 0.614779 0.323234 0.092254 0.00860975 0.00014 0 0 0 0 0 0 0 0 0 0 0 0 0 
1 0.849039 0.612666 0.321268 0.0908572 0.008338 0.00014125 2e-06 0 0 0 0 0 0 0 0 0 0 0 0 
1 0.851441 0.61798 0.327377 0.094539 0.0089825 0.00014625 0 0 0 0 0 0 0 0 0 0 0 0 0 
1 0.849332 0.61304 0.322875 0.0921797 0.008397 0.000112 1.5e-06 0 0 0 0 0 0 0 0 0 0 0 0 
1 0.848919 0.612024 0.32118 0.0912535 0.008449 0.00013475 0 0 0 0 0 0 0 0 0 0 0 0 0 
1 0.849616 0.613873 0.322803 0.091449 0.00844775 0.0001155 0 0 0 0 0 0 0 0 0 0 0 0 0 
1 0.848193 0.610859 0.318595 0.0893785 0.00811975 0.0001435 2.5e-07 0 0 0 0 0 0 0 0 0 0 0 0 
1 0.84872 0.612335 0.31969 0.089402 0.00812175 0.0001135 0 0 0 0 0 0 0 0 0 0 0 0 0 
1 0.849048 0.612113 0.320337 0.0898092 0.00789225 0.00014275 7.5e-07 0 0 0 0 0 0 0 0 0 0 0 0 
1 0.849304 0.613526 0.322658 0.0914835 0.00852525 0.000164 2.5e-07 0 0 0 0 0 0 0 0 0 0 0 0 
1 0.851188 0.618304 0.328285 0.0953295 0.008966 0.0001445 0 0 0 0 0 0 0 0 0 0 0 0 0 
1 0.849033 0.612464 0.321288 0.0906237 0.00839875 0.000141 2.5e-07 0 0 0 0 0 0 0 0 0 0 0 0 
1 0.851385 0.61807 0.327591 0.093702 0.0088605 0.000163 2e-06 0 0 0 0 0 0 0 0 0 0 0 0 
1 0.849154 0.613064 0.321364 0.090499 0.0081285 0.0001435 0 0 0 0 0 0 0 0 0 0 0 0 0 
1 0.848922 0.612666 0.320857 0.0906365 0.00845975 0.0001345 0 0 0 0 0 0 0 0 0 0 0 0 0 
1 0.850274 0.615947 0.325274 0.0935702 0.0087095 0.000119 0 0 0 0 0 0 0 0 0 0 0 0 0 
1 0.850169 0.614893 0.324414 0.0936522 0.009002 0.00015 1.25e-06 0 0 0 0 0 0 0 0 0 0 0 0 
1 0.849961 0.614779 0.324324 0.093141 0.00879 0.000144 4e-06 0 0 0 0 0 0 0 0 0 0 0 0 
1 0.850328 0.615543 0.323518 0.0929152 0.00877375 0.0001325 1.25e-06 0 0 0 0 0 0 0 0 0 0 0 0 
1 0.849602 0.614168 0.322356 0.0914862 0.008428 0.0001315 0 0 0 0 0 0 0 0 0 0 0 0 0 
1 0.850678 0.616802 0.325929 0.0934352 0.00881775 0.00014575 2.5e-07 0 0 0 0 0 0 0 0 0 0 0 0 
1 0.849833 0.6144 0.322016 0.0916765 0.00854325 0.00013675 0 0 0 0 0 0 0 0 0 0 0 0 0 
1 0.848095 0.610242 0.318362 0.0898982 0.008322 0.0001275 2.25e-06 0 0 0 0 0 0 0 0 0 0 0 0 
1 0.851307 0.619001 0.329484 0.0962007 0.0095225 0.0002015 4e-06 0 0 0 0 0 0 0 0 0 0 0 0 
1 0.85087 0.617372 0.327206 0.0944795 0.00891025 0.0002065 7.5e-07 0 0 0 0 0 0 0 0 0 0 0 0 
1 0.848019 0.610596 0.318786 0.0895357 0.0080235 0.000108 0 0 0 0 0 0 0 0 0 0 0 0 0 
1 0.850123 0.615647 0.325118 0.093698 0.00899925 0.0001805 1e-06 0 0 0 0 0 0 0 0 0 0 0 0 
1 0.850879 0.617165 0.326938 0.0939745 0.00870325 0.00013975 0 0 0 0 0 0 0 0 0 0 0 0 0 
1 0.850804 0.616837 0.325928 0.0935177 0.0088445 0.00013275 2.5e-07 0 0 0 0 0 0 0 0 0 0 0 0 
1 0.852045 0.619599 0.330098 0.096692 0.0096685 0.00017325 1.25e-06 0 0 0 0 0 0 0 0 0 0 0 0 
1 0.85028 0.616318 0.326567 0.094735 0.0090605 0.000167 3.75e-06 0 0 0 0 0 0 0 0 0 0 0 0 
1 0.84783 0.609232 0.316524 0.0878985 0.00779175 0.000119 0 0 0 0 0 0 0 0 0 0 0 0 0 
1 0.849276 0.613512 0.32308 0.0917757 0.00861875 0.00015225 3.75e-06 0 0 0 0 0 0 0 0 0 0 0 0 
1 0.848226 0.611687 0.320759 0.0910935 0.00831375 0.0001215 5e-07 0 0 0 0 0 0 0 0 0 0 0 0 
1 0.849358 0.612857 0.320674 0.090283 0.008198 0.0001105 0 0 0 0 0 0 0 0 0 0 0 0 0 
1 0.850031 0.615183 0.32433 0.0923797 0.00861175 0.00015775 0 0 0 0 0 0 0 0 0 0 0 0 0 
1 0.852977 0.62262 0.333727 0.0985415 0.0099045 0.0001915 0 0 0 0 0 0 0 0 0 0 0 0 0 
1 0.849246 0.613532 0.322931 0.0921915 0.00860575 0.0001425 0 0 0 0 0 0 0 0 0 0 0 0 0 
1 0.849419 0.613458 0.322532 0.09185 0.00844175 0.0001305 2.5e-07 0 0 0 0 0 0 0 0 0 0 0 0 
1 0.849556 0.613004 0.321835 0.0912247 0.008239 0.00011775 0 0 0 0 0 0 0 0 0 0 0 0 0 
1 0.85265 0.620462 0.331046 0.0965485 0.009127 0.000139 0 0 0 0 0 0 0 0 0 0 0 0 0 
1 0.852563 0.619063 0.327536 0.0942077 0.00891825 0.00015925 0 0 0 0 0 0 0 0 0 0 0 0 0 
1 0.852836 0.620932 0.331315 0.0974765 0.00968075 0.000149 0 0 0 0 0 0 0 0 0 0 0 0 0 
1 0.850004 0.614521 0.322564 0.0924637 0.0087625 0.000149 2.25e-06 0 0 0 0 0 0 0 0 0 0 0 0 
1 0.849764 0.615147 0.32457 0.0929472 0.0086085 0.00013 0 0 0 0 0 0 0 0 0 0 0 0 0 
1 0.851461 0.618978 0.329325 0.0957737 0.0092585 0.00014975 2.5e-07 0 0 0 0 0 0 0 0 0 0 0 0 
1 0.848733 0.612088 0.321041 0.0911457 0.008193 0.00011525 5e-07 0 0 0 0 0 0 0 0 0 0 0 0 
1 0.850787 0.616535 0.326427 0.0944262 0.00916425 0.00013575 7.5e-07 0 0 0 0 0 0 0 0 0 0 0 0 
1 0.852647 0.62087 0.330162 0.095908 0.00910725 0.00015975 0 0 0 0 0 0 0 0 0 0 0 0 0 
1 0.848405 0.611494 0.319938 0.0900212 0.0082015 0.000114 6.25e-06 0 0 0 0 0 0 0 0 0 0 0 0 
1 0.850333 0.61431 0.323419 0.0917697 0.00831125 0.000121 0 0 0 0 0 0 0 0 0 0 0 0 0 
1 0.848026 0.610416 0.318629 0.0900145 0.0083015 0.00012375 0 0 0 0 0 0 0 0 0 0 0 0 0 
1 0.848438 0.611723 0.320798 0.0909412 0.008341 0.0001265 2.25e-06 0 0 0 0 0 0 0 0 0 0 0 0 
1 0.851565 0.618465 0.328236 0.0957555 0.0095935 0.0001775 3e-06 0 0 0 0 0 0 0 0 0 0 0 0 
1 0.848538 0.611568 0.319616 0.0896865 0.00806025 0.00011525 4e-06 0 0 0 0 0 0 0 0 0 0 0 0 
1 0.852078 0.619137 0.329225 0.0956442 0.009262 0.00015575 0 0 0 0 0 0 0 0 0 0 0 0 0 
1 0.849269 0.614283 0.323171 0.092301 0.00847625 0.000125 0 0 0 0 0 0 0 0 0 0 0 0 0 
1 0.851333 0.618131 0.328512 0.0952067 0.00903775 0.000141 0 0 0 0 0 0 0 0 0 0 0 0 0 
1 0.849537 0.6142 0.322952 0.0917632 0.0082345 0.0001175 2.5e-07 0 0 0 0 0 0 0 0 0 0 0 0 
1 0.848816 0.612663 0.321968 0.0921127 0.00868875 0.0001235 7.5e-07 0 0 0 0 0 0 0 0 0 0 0 0 
1 0.85176 0.61923 0.32938 0.0959152 0.0092685 0.00015375 0 0 0 0 0 0 0 0 0 0 0 0 0 
1 0.849011 0.61304 0.322331 0.0920877 0.0086465 0.0001145 0 0 0 0 0 0 0 0 0 0 0 0 0 
1 0.850654 0.616887 0.325779 0.0929832 0.00839575 0.0001325 0 0 0 0 0 0 0 0 0 0 0 0 0 
1 0.849133 0.613609 0.323469 0.0919322 0.00854525 0.00014925 1.25e-06 0 0 0 0 0 0 0 0 0 0 0 0 
1 0.850733 0.616616 0.325351 0.092832 0.00862175 0.00011625 0 0 0 0 0 0 0 0 0 0 0 0 0 
1 0.850987 0.617391 0.3271 0.0954265 0.009399 0.0001845 2e-06 0 0 0 0 0 0 0 0 0 0 0 0 
1 0.850943 0.617088 0.326482 0.0933955 0.0088945 0.00013825 5e-07 0 0 0 0 0 0 0 0 0 0 0 0 
1 0.849065 0.611797 0.321633 0.0923067 0.00883125 0.0001375 0 0 0 0 0 0 0 0 0 0 0 0 0 
1 0.848668 0.611085 0.318736 0.0897512 0.008273 0.00012325 0 0 0 0 0 0 0 0 0 0 0 0 0 
1 0.850686 0.616681 0.326126 0.0940807 0.00877775 0.000111 0 0 0 0 0 0 0 0 0 0 0 0 0 
1 0.848213 0.610771 0.31966 0.09004 0.00821875 0.000113 5e-07 0 0 0 0 0 0 0 0 0 0 0 0 
1 0.849737 0.615197 0.324679 0.093355 0.00877525 0.00016875 7.5e-07 0 0 0 0 0 0 0 0 0 0 0 0 
1 0.8478 0.609582 0.317127 0.088358 0.0080075 0.00012275 0 0 0 0 0 0 0 0 0 0 0 0 0 
1 0.849847 0.614905 0.323623 0.0928177 0.008915 0.00016575 4.5e-06 0 0 0 0 0 0 0 0 0 0 0 0 
1 0.847036 0.608453 0.31643 0.088268 0.00785875 0.00011225 0 0 0 0 0 0 0 0 0 0 0 0 0 
1 0.849692 0.615304 0.323611 0.0923885 0.00845525 0.0001415 7.5e-07 0 0 0 0 0 0 0 0 0 0 0 0 
1 0.85151 0.618164 0.327706 0.094844 0.00902 0.000157 1.75e-06 0 0 0 0 0 0 0 0 0 0 0 0 
1 0.851697 0.619662 0.330623 0.0971532 0.00989275 0.000186 7.5e-07 0 0 0 0 0 0 0 0 0 0 0 0 
1 0.849711 0.614109 0.323723 0.0931715 0.00877675 0.00013425 0 0 0 0 0 0 0 0 0 0 0 0 0 
1 0.852048 0.620001 0.330216 0.0963002 0.0094315 0.00017175 2.5e-07 0 0 0 0 0 0 0 0 0 0 0 0 
1 0.849677 0.615186 0.324414 0.092098 0.00843425 0.000154 1.5e-06 0 0 0 0 0 0 0 0 0 0 0 0 
1 0.85128 0.618004 0.327852 0.094908 0.00937975 0.0001735 0 0 0 0 0 0 0 0 0 0 0 0 0 
1 0.85119 0.61902 0.328797 0.0956317 0.00957025 0.00022475 0 0 0 0 0 0 0 0 0 0 0 0 0 
1 0.84879 0.612563 0.32159 0.0912912 0.00861875 0.0001725 0 0 0 0 0 0 0 0 0 0 0 0 0 
1 0.849704 0.614451 0.323379 0.0921045 0.00871225 0.0001315 0 0 0 0 0 0 0 0 0 0 0 0 0 
1 0.84999 0.615188 0.324378 0.092634 0.0085635 0.00013125 0 0 0 0 0 0 0 0 0 0 0 0 0 
1 0.850602 0.615693 0.325394 0.0928182 0.0086185 0.000167 0 0 0 0 0 0 0 0 0 0 0 0 0 
1 0.848497 0.611603 0.319517 0.0896025 0.007908 0.0001315 0 0 0 0 0 0 0 0 0 0 0 0 0 
1 0.848995 0.613797 0.322905 0.091664 0.0085685 0.0001475 5e-07 0 0 0 0 0 0 0 0 0 0 0 0 
1 0.85323 0.622615 0.334239 0.0997755 0.0101478 0.00014775 0 0 0 0 0 0 0 0 0 0 0 0 0 
1 0.849661 0.614891 0.323827 0.0926312 0.0084485 0.000119 0 0 0 0 0 0 0 0 0 0 0 0 0 
1 0.851852 0.619254 0.328797 0.0953227 0.00908725 0.0001385 3.5e-06 0 0 0 0 0 0 0 0 0 0 0 0 
1 0.849377 0.613388 0.321722 0.09143 0.00838275 0.00014475 2.5e-07 0 0 0 0 0 0 0 0 0 0 0 0 
1 0.853045 0.622187 0.333405 0.0979902 0.00966025 0.00018225 1.5e-06 0 0 0 0 0 0 0 0 0 0 0 0 
1 0.847612 0.610269 0.319273 0.0904085 0.00824975 0.00013575 3.5e-06 0 0 0 0 0 0 0 0 0 0 0 0 
1 0.850668 0.615981 0.325606 0.093612 0.00895075 0.00019625 1.5e-06 0 0 0 0 0 0 0 0 0 0 0 0 
1 0.847861 0.610425 0.318043 0.0894165 0.00830475 0.00015675 2.5e-07 0 0 0 0 0 0 0 0 0 0 0 0 
1 0.849707 0.614337 0.323489 0.0922615 0.00864175 0.00013025 0 0 0 0 0 0 0 0 0 0 0 0 0 
1 0.849792 0.614827 0.323668 0.0918282 0.00808025 0.000124 0 0 0 0 0 0 0 0 0 0 0 0 0 
1 0.849914 0.614886 0.323516 0.092435 0.0085695 0.00012575 0 0 0 0 0 0 0 0 0 0 0 0 0 
1 0.850636 0.616626 0.326355 0.0942527 0.009071 0.000185 3e-06 0 0 0 0 0 0 0 0 0 0 0 0 
1 0.851229 0.617388 0.327512 0.0945132 0.00887175 0.000148 1.75e-06 2.5e-07 0 0 0 0 0 0 0 0 0 0 0 
1 0.850071 0.614452 0.322912 0.0917992 0.008312 0.00012675 0 0 0 0 0 0 0 0 0 0 0 0 0 
1 0.850444 0.616062 0.326278 0.0941755 0.0090305 0.0001275 2.5e-07 0 0 0 0 0 0 0 0 0 0 0 0 
1 0.851063 0.616628 0.325684 0.0934925 0.00894 0.00014575 1e-06 0 0 0 0 0 0 0 0 0 0 0 0 
1 0.851685 0.618443 0.327069 0.0946213 0.00883025 0.00015525 0 0 0 0 0 0 0 0 0 0 0 0 0 
1 0.848565 0.61277 0.321906 0.0923455 0.0085445 0.0001435 0 0 0 0 0 0 0 0 0 0 0 0 0 
1 0.849157 0.613176 0.321735 0.0913215 0.00849425 0.0001275 0 0 0 0 0 0 0 0 0 0 0 0 0 
1 0.850734 0.616774 0.325194 0.092824 0.008459 0.0001165 5e-07 0 0 0 0 0 0 0 0 0 0 0 0 
1 0.848137 0.611821 0.319822 0.0902572 0.0081895 0.00012325 0 0 0 0 0 0 0 0 0 0 0 0 0 
1 0.848969 0.611757 0.319527 0.089803 0.0080935 0.000118 5e-07 0 0 0 0 0 0 0 0 0 0 0 0 
1 0.85074 0.616243 0.325628 0.0935907 0.008832 0.00012975 4e-06 0 0 0 0 0 0 0 0 0 0 0 0 
1 0.849909 0.614551 0.324815 0.0939737 0.00896175 0.00014875 0 0 0 0 0 0 0 0 0 0 0 0 0 
1 0.847209 0.608082 0.3149 0.0868622 0.00763425 0.0001145 0 0 0 0 0 0 0 0 0 0 0 0 0 
1 0.849494 0.614292 0.323433 0.0917807 0.008493 0.000148 2e-06 0 0 0 0 0 0 0 0 0 0 0 0 
1 0.847588 0.611018 0.318808 0.089277 0.0080915 0.000122 3.75e-06 0 0 0 0 0 0 0 0 0 0 0 0 
1 0.85081 0.616345 0.325146 0.0928232 0.00853075 0.00012275 0 0 0 0 0 0 0 0 0 0 0 0 0 
1 0.850716 0.616185 0.325217 0.0940572 0.009099 0.0001245 2.5e-07 0 0 0 0 0 0 0 0 0 0 0 0 
1 0.848459 0.611637 0.319255 0.0892717 0.0078265 0.00011475 0 0 0 0 0 0 0 0 0 0 0 0 0 
1 0.849381 0.613998 0.323178 0.0929145 0.00861925 0.000174 5e-07 0 0 0 0 0 0 0 0 0 0 0 0 
1 0.851629 0.61782 0.326777 0.094003 0.008948 0.000113 1e-06 0 0 0 0 0 0 0 0 0 0 0 0 
1 0.849748 0.61439 0.324034 0.0925745 0.0087095 0.00017 0 0 0 0 0 0 0 0 0 0 0 0 0 
1 0.848781 0.611791 0.320011 0.0907225 0.0081965 0.00013025 0 0 0 0 0 0 0 0 0 0 0 0 0 
1 0.849275 0.613419 0.321308 0.0916502 0.00851875 0.00015975 0 0 0 0 0 0 0 0 0 0 0 0 0 
1 0.850121 0.615916 0.324612 0.0925607 0.0085575 0.0001175 0 0 0 0 0 0 0 0 0 0 0 0 0 
1 0.847984 0.610369 0.319178 0.089447 0.00807825 0.000153 0 0 0 0 0 0 0 0 0 0 0 0 0 
1 0.849979 0.614862 0.323389 0.0922315 0.00850125 0.00012775 0 0 0 0 0 0 0 0 0 0 0 0 0 
1 0.851993 0.620003 0.330037 0.0963245 0.00946375 0.00015125 4.5e-06 0 0 0 0 0 0 0 0 0 0 0 0 
1 0.848564 0.611442 0.320632 0.091701 0.00870425 0.000169 1e-06 0 0 0 0 0 0 0 0 0 0 0 0 
1 0.84852 0.612648 0.322053 0.0908672 0.008294 0.000118 0 0 0 0 0 0 0 0 0 0 0 0 0 
1 0.847991 0.609838 0.317311 0.0887542 0.0078575 0.0001215 1.5e-06 0 0 0 0 0 0 0 0 0 0 0 0 
1 0.847259 0.609204 0.31738 0.08855 0.00789025 0.0001165 0 0 0 0 0 0 0 0 0 0 0 0 0 
1 0.849382 0.613534 0.322607 0.0917877 0.00851025 0.00013675 0 0 0 0 0 0 0 0 0 0 0 0 0 
1 0.854439 0.624201 0.334609 0.0989715 0.00975125 0.000164 0 0 0 0 0 0 0 0 0 0 0 0 0 
1 0.850088 0.614962 0.323572 0.0926707 0.00848 0.00012525 4.5e-06 0 0 0 0 0 0 0 0 0 0 0 0 
1 0.849489 0.613638 0.321737 0.091577 0.0084475 0.000145 0 0 0 0 0 0 0 0 0 0 0 0 0 
1 0.851771 0.618283 0.326966 0.0939278 0.0089835 0.0001155 1.25e-06 0 0 0 0 0 0 0 0 0 0 0 0 
1 0.85101 0.616586 0.325818 0.0941147 0.00885225 0.00012725 2.5e-06 0 0 0 0 0 0 0 0 0 0 0 0 
1 0.848149 0.610954 0.318883 0.0895797 0.007998 0.00011 0 0 0 0 0 0 0 0 0 0 0 0 0 
1 0.851963 0.620352 0.332141 0.0980292 0.009707 0.0001885 2.25e-06 0 0 0 0 0 0 0 0 0 0 0 0 
1 0.851108 0.617828 0.328691 0.0959295 0.009258 0.00016425 1e-06 0 0 0 0 0 0 0 0 0 0 0 0 
1 0.849228 0.6133 0.322437 0.0916812 0.00852175 0.000121 5e-07 0 0 0 0 0 0 0 0 0 0 0 0 
1 0.850861 0.616693 0.326267 0.0942925 0.00883525 0.00015425 7.5e-07 0 0 0 0 0 0 0 0 0 0 0 0 
1 0.849549 0.613746 0.322705 0.0927737 0.00879875 0.00017375 5e-07 0 0 0 0 0 0 0 0 0 0 0 0 
1 0.849313 0.61304 0.321225 0.0911355 0.00843175 0.00013525 2.5e-07 0 0 0 0 0 0 0 0 0 0 0 0 
1 0.850369 0.615989 0.325245 0.093513 0.0086705 0.000191 2e-06 0 0 0 0 0 0 0 0 0 0 0 0 
1 0.849184 0.613761 0.323074 0.091789 0.0084055 0.00015325 0 0 0 0 0 0 0 0 0 0 0 0 0 
1 0.849597 0.614611 0.323067 0.0918535 0.00877925 0.000156 2.5e-07 0 0 0 0 0 0 0 0 0 0 0 0 
1 0.847631 0.61045 0.317357 0.088761 0.00794975 0.00010225 0 0 0 0 0 0 0 0 0 0 0 0 0 
1 0.849505 0.613755 0.323912 0.0934737 0.0090335 0.00015825 0 0 0 0 0 0 0 0 0 0 0 0 0 
1 0.848268 0.611014 0.31893 0.0898667 0.0080195 0.00017075 3.75e-06 0 0 0 0 0 0 0 0 0 0 0 0 
1 0.84768 0.611635 0.320964 0.0903267 0.00821225 0.0001335 0 0 0 0 0 0 0 0 0 0 0 0 0 
1 0.851823 0.618383 0.328337 0.0953995 0.00909375 0.000151 0 0 0 0 0 0 0 0 0 0 0 0 0 
1 0.848561 0.611723 0.319824 0.0899585 0.0081775 0.00012575 2.5e-07 0 0 0 0 0 0 0 0 0 0 0 0 
1 0.845782 0.605105 0.310577 0.0841852 0.007094 0.00010575 0 0 0 0 0 0 0 0 0 0 0 0 0 
1 0.848361 0.612014 0.320921 0.091107 0.00839975 0.0001725 1.25e-06 0 0 0 0 0 0 0 0 0 0 0 0 
1 0.851994 0.618507 0.328085 0.0948667 0.009113 0.000153 0 0 0 0 0 0 0 0 0 0 0 0 0 
1 0.850958 0.617224 0.327663 0.0947355 0.00914025 0.00019075 0 0 0 0 0 0 0 0 0 0 0 0 0 
1 0.851834 0.619048 0.328967 0.0955642 0.0092435 0.000177 7.5e-07 0 0 0 0 0 0 0 0 0 0 0 0 
1 0.849823 0.615443 0.325586 0.0936765 0.0090605 0.00016625 0 0 0 0 0 0 0 0 0 0 0 0 0 
1 0.849275 0.614513 0.32364 0.0924382 0.00891475 0.00019325 0 0 0 0 0 0 0 0 0 0 0 0 0 
1 0.850641 0.61515 0.324137 0.0928105 0.00878925 0.000142 2.5e-07 0 0 0 0 0 0 0 0 0 0 0 0 
1 0.849149 0.613609 0.322391 0.0911575 0.00827325 0.0001 0 0 0 0 0 0 0 0 0 0 0 0 0 
1 0.851376 0.617544 0.326777 0.0940725 0.0089645 0.00012625 0 0 0 0 0 0 0 0 0 0 0 0 0 
1 0.850642 0.617101 0.326554 0.0942355 0.00865675 0.000154 2.5e-07 0 0 0 0 0 0 0 0 0 0 0 0 
1 0.849588 0.61441 0.322995 0.091934 0.00853625 0.00012325 2.25e-06 0 0 0 0 0 0 0 0 0 0 0 0 
1 0.851957 0.618466 0.328625 0.0952652 0.00912025 0.00015 2.5e-07 0 0 0 0 0 0 0 0 0 0 0 0 
1 0.849626 0.613886 0.322756 0.0924477 0.008687 0.000154 7.5e-07 0 0 0 0 0 0 0 0 0 0 0 0 
1 0.85011 0.616168 0.326134 0.0944185 0.00910075 0.00015925 0 0 0 0 0 0 0 0 0 0 0 0 0 
1 0.849746 0.61448 0.322997 0.0923235 0.00860525 0.0001465 2.5e-07 0 0 0 0 0 0 0 0 0 0 0 0 
1 0.848531 0.612857 0.322315 0.091478 0.00863675 0.0001625 1.5e-06 0 0 0 0 0 0 0 0 0 0 0 0 
1 0.847503 0.609589 0.317931 0.0894037 0.00822825 0.00011825 0 0 0 0 0 0 0 0 0 0 0 0 0 
1 0.851117 0.61741 0.326972 0.0950402 0.00914725 0.000168 2.5e-07 0 0 0 0 0 0 0 0 0 0 0 0 
1 0.851329 0.618045 0.328275 0.0953942 0.00914675 0.0001575 0 0 0 0 0 0 0 0 0 0 0 0 0 
1 0.85005 0.61452 0.323207 0.0926585 0.0086385 0.000145 7.5e-07 0 0 0 0 0 0 0 0 0 0 0 0 
1 0.850111 0.614526 0.322878 0.0918777 0.008513 0.0001215 0 0 0 0 0 0 0 0 0 0 0 0 0 
1 0.848239 0.611209 0.319783 0.0898795 0.008074 0.0001405 0 0 0 0 0 0 0 0 0 0 0 0 0 
1 0.848923 0.612772 0.321006 0.090575 0.007983 0.00011425 0 0 0 0 0 0 0 0 0 0 0 0 0 
1 0.848439 0.610996 0.319252 0.0892247 0.00803375 0.000127 5e-07 0 0 0 0 0 0 0 0 0 0 0 0 
1 0.851405 0.617862 0.32732 0.0941435 0.00884475 0.00012625 0 0 0 0 0 0 0 0 0 0 0 0 0 
1 0.849312 0.612563 0.320806 0.0907965 0.008238 0.00013925 0 0 0 0 0 0 0 0 0 0 0 0 0 
1 0.850089 0.615284 0.324309 0.0932805 0.0090135 0.00018 7.5e-07 0 0 0 0 0 0 0 0 0 0 0 0 
1 0.849421 0.613465 0.321839 0.0916197 0.00851125 0.00014925 1e-06 0 0 0 0 0 0 0 0 0 0 0 0 
1 0.849157 0.613652 0.32285 0.0922967 0.008523 0.00013925 7.5e-07 0 0 0 0 0 0 0 0 0 0 0 0 
1 0.848306 0.611132 0.319108 0.088901 0.007921 0.000112 1e-06 0 0 0 0 0 0 0 0 0 0 0 0 
1 0.849488 0.614122 0.323334 0.092687 0.0086145 0.00015425 0 0 0 0 0 0 0 0 0 0 0 0 0 
1 0.851478 0.619139 0.32907 0.0958047 0.00916275 0.0001805 0 0 0 0 0 0 0 0 0 0 0 0 0 
1 0.849989 0.615631 0.325459 0.093822 0.0089375 0.00019525 0 0 0 0 0 0 0 0 0 0 0 0 0 
1 0.849624 0.614017 0.322162 0.091608 0.0084035 0.00016475 0 0 0 0 0 0 0 0 0 0 0 0 0 
1 0.850071 0.614332 0.323435 0.092217 0.008623 0.000179 2e-06 0 0 0 0 0 0 0 0 0 0 0 0 
1 0.850856 0.615146 0.322753 0.0916782 0.00829075 0.0001255 7.5e-07 0 0 0 0 0 0 0 0 0 0 0 0 
1 0.850179 0.615661 0.324429 0.0930832 0.00890475 0.00015075 0 0 0 0 0 0 0 0 0 0 0 0 0 
1 0.848088 0.610916 0.318797 0.0894275 0.008111 0.0001355 0 0 0 0 0 0 0 0 0 0 0 0 0 
1 0.851517 0.618559 0.3291 0.0953172 0.00882725 0.00010825 0 0 0 0 0 0 0 0 0 0 0 0 0 
1 0.852332 0.62029 0.331528 0.0980215 0.00988825 0.0001725 0 0 0 0 0 0 0 0 0 0 0 0 0 
1 0.85068 0.617347 0.327889 0.0953375 0.009209 0.0001795 5.5e-06 0 0 0 0 0 0 0 0 0 0 0 0 
1 0.849094 0.612585 0.321304 0.0915235 0.00856025 0.000157 0 0 0 0 0 0 0 0 0 0 0 0 0 
1 0.850345 0.615705 0.324568 0.0926272 0.00858825 0.00013625 0 0 0 0 0 0 0 0 0 0 0 0 0 
1 0.84917 0.613595 0.32204 0.0914132 0.00851025 0.00014075 0 0 0 0 0 0 0 0 0 0 0 0 0 
1 0.850959 0.617303 0.326965 0.0945887 0.0091545 0.000152 7.5e-07 0 0 0 0 0 0 0 0 0 0 0 0 
1 0.852174 0.619555 0.329862 0.096047 0.00922675 0.0001455 0 0 0 0 0 0 0 0 0 0 0 0 0 
1 0.851257 0.61664 0.326499 0.0940355 0.0087665 0.0001485 0 0 0 0 0 0 0 0 0 0 0 0 0 
1 0.851309 0.618275 0.328695 0.0953727 0.0092425 0.000162 0 0 0 0 0 0 0 0 0 0 0 0 0 
