1 0.501362 0.126062 0.00824417 5.26667e-05 0 0 0 0 0 0 0 0 0 0 0 0 0 0 0 
1 0.501037 0.126818 0.00857083 4.43333e-05 0 0 0 0 0 0 0 0 0 0 0 0 0 0 0 
1 0.499725 0.125401 0.00820283 6.11667e-05 0 0 0 0 0 0 0 0 0 0 0 0 0 0 0 
1 0.500997 0.126369 0.00855833 4.9e-05 0 0 0 0 0 0 0 0 0 0 0 0 0 0 0 
1 0.499243 0.125138 0.0081805 6.25e-05 0 0 0 0 0 0 0 0 0 0 0 0 0 0 0 
1 0.499662 0.12583 0.00828067 4.08333e-05 0 0 0 0 0 0 0 0 0 0 0 0 0 0 0 
1 0.49992 0.125567 0.0082335 4.16667e-05 0 0 0 0 0 0 0 0 0 0 0 0 0 0 0 
1 0.501433 0.126723 0.0084185 5.68333e-05 1.66667e-07 0 0 0 0 0 0 0 0 0 0 0 0 0 0 
1 0.497156 0.123006 0.0080775 6.18333e-05 0 0 0 0 0 0 0 0 0 0 0 0 0 0 0 
1 0.500929 0.125635 0.00807483 4.21667e-05 0 0 0 0 0 0 0 0 0 0 0 0 0 0 0 
1 0.500558 0.126426 0.0084415 4.98333e-05 0 0 0 0 0 0 0 0 0 0 0 0 0 0 0 
1 0.501581 0.126801 0.00833367 6.91667e-05 0 0 0 0 0 0 0 0 0 0 0 0 0 0 0 
1 0.500866 0.126334 0.00820633 5.26667e-05 0 0 0 0 0 0 0 0 0 0 0 0 0 0 0 
1 0.500937 0.126612 0.00827767 5.36667e-05 0 0 0 0 0 0 0 0 0 0 0 0 0 0 0 
1 0.4998 0.125195 0.00835883 6.8e-05 0 0 0 0 0 0 0 0 0 0 0 0 0 0 0 
1 0.500636 0.12599 0.00811567 4.7e-05 0 0 0 0 0 0 0 0 0 0 0 0 0 0 0 
1 0.500711 0.126179 0.00823967 3.41667e-05 0 0 0 0 0 0 0 0 0 0 0 0 0 0 0 
1 0.500174 0.126243 0.00846967 5.11667e-05 0 0 0 0 0 0 0 0 0 0 0 0 0 0 0 
1 0.499561 0.124985 0.00789167 3.78333e-05 0 0 0 0 0 0 0 0 0 0 0 0 0 0 0 
1 0.501151 0.126264 0.0081825 4.61667e-05 0 0 0 0 0 0 0 0 0 0 0 0 0 0 0 
1 0.499876 0.125444 0.00824667 5.08333e-05 5e-07 0 0 0 0 0 0 0 0 0 0 0 0 0 0 
1 0.501439 0.126947 0.00848317 6.1e-05 0 0 0 0 0 0 0 0 0 0 0 0 0 0 0 
1 0.499681 0.124581 0.00790983 5.8e-05 0 0 0 0 0 0 0 0 0 0 0 0 0 0 0 
1 0.502779 0.127951 0.00847583 5.58333e-05 0 0 0 0 0 0 0 0 0 0 0 0 0 0 0 
1 0.500616 0.126669 0.0083445 4.93333e-05 1.66667e-07 0 0 0 0 0 0 0 0 0 0 0 0 0 0 
1 0.500175 0.125951 0.00834583 6.23333e-05 0 0 0 0 0 0 0 0 0 0 0 0 0 0 0 
1 0.500217 0.125464 0.00798967 5.08333e-05 0 0 0 0 0 0 0 0 0 0 0 0 0 0 0 
1 0.500962 0.126441 0.00830217 5.51667e-05 0 0 0 0 0 0 0 0 0 0 0 0 0 0 0 
1 0.500089 0.125798 0.0082365 5.15e-05 0 0 0 0 0 0 0 0 0 0 0 0 0 0 0 
1 0.501497 0.126825 0.008434 6.06667e-05 0 0 0 0 0 0 0 0 0 0 0 0 0 0 0 
1 0.499344 0.124917 0.00805367 5.56667e-05 0 0 0 0 0 0 0 0 0 0 0 0 0 0 0 
1 0.499963 0.125202 0.00818317 4.51667e-05 0 0 0 0 0 0 0 0 0 0 0 0 0 0 0 
1 0.500123 0.124783 0.00799933 4.76667e-05 0 0 0 0 0 0 0 0 0 0 0 0 0 0 0 
1 0.500449 0.125885 0.008228 5.13333e-05 0 0 0 0 0 0 0 0 0 0 0 0 0 0 0 
1 0.500246 0.125996 0.00845383 6.18333e-05 8.33333e-07 0 0 0 0 0 0 0 0 0 0 0 0 0 0 
1 0.500199 0.125859 0.00829983 6.38333e-05 0 0 0 0 0 0 0 0 0 0 0 0 0 0 0 
1 0.50026 0.125287 0.008081 6.2e-05 1e-06 0 0 0 0 0 0 0 0 0 0 0 0 0 0 
1 0.501049 0.126969 0.00843017 5.53333e-05 0 0 0 0 0 0 0 0 0 0 0 0 0 0 0 
1 0.498979 0.124975 0.00799767 5.86667e-05 0 0 0 0 0 0 0 0 0 0 0 0 0 0 0 
1 0.500222 0.125426 0.00811883 4.36667e-05 0 0 0 0 0 0 0 0 0 0 0 0 0 0 0 
1 0.500509 0.12588 0.00835617 4.43333e-05 0 0 0 0 0 0 0 0 0 0 0 0 0 0 0 
1 0.499958 0.125703 0.00826833 5.15e-05 0 0 0 0 0 0 0 0 0 0 0 0 0 0 0 
1 0.500481 0.125501 0.008159 3.88333e-05 0 0 0 0 0 0 0 0 0 0 0 0 0 0 0 
1 0.502526 0.12734 0.00841733 6.13333e-05 0 0 0 0 0 0 0 0 0 0 0 0 0 0 0 
1 0.499637 0.125387 0.00840217 4.81667e-05 0 0 0 0 0 0 0 0 0 0 0 0 0 0 0 
1 0.502156 0.127568 0.008422 4.98333e-05 0 0 0 0 0 0 0 0 0 0 0 0 0 0 0 
1 0.500978 0.126067 0.00814817 3.9e-05 0 0 0 0 0 0 0 0 0 0 0 0 0 0 0 
1 0.498846 0.125176 0.0082405 5.21667e-05 0 0 0 0 0 0 0 0 0 0 0 0 0 0 0 
1 0.50087 0.125952 0.0083825 5.8e-05 0 0 0 0 0 0 0 0 0 0 0 0 0 0 0 
1 0.500469 0.126588 0.00825417 3.65e-05 0 0 0 0 0 0 0 0 0 0 0 0 0 0 0 
1 0.50087 0.12631 0.0083525 6.25e-05 0 0 0 0 0 0 0 0 0 0 0 0 0 0 0 
1 0.498448 0.125157 0.00821617 5.48333e-05 0 0 0 0 0 0 0 0 0 0 0 0 0 0 0 
1 0.499038 0.124607 0.00798167 4.76667e-05 0 0 0 0 0 0 0 0 0 0 0 0 0 0 0 
1 0.500656 0.125543 0.00796483 5.03333e-05 0 0 0 0 0 0 0 0 0 0 0 0 0 0 0 
1 0.499326 0.125822 0.00829333 4.68333e-05 0 0 0 0 0 0 0 0 0 0 0 0 0 0 0 
1 0.500001 0.125235 0.00815683 5.65e-05 0 0 0 0 0 0 0 0 0 0 0 0 0 0 0 
1 0.498931 0.125172 0.00792667 3.8e-05 0 0 0 0 0 0 0 0 0 0 0 0 0 0 0 
1 0.500183 0.126093 0.00859833 5.18333e-05 0 0 0 0 0 0 0 0 0 0 0 0 0 0 0 
1 0.49989 0.125614 0.00816867 5.38333e-05 0 0 0 0 0 0 0 0 0 0 0 0 0 0 0 
1 0.500458 0.126332 0.00843567 5.41667e-05 0 0 0 0 0 0 0 0 0 0 0 0 0 0 0 
1 0.499929 0.125757 0.00829967 4.68333e-05 0 0 0 0 0 0 0 0 0 0 0 0 0 0 0 
1 0.499253 0.124698 0.00793233 3.98333e-05 0 0 0 0 0 0 0 0 0 0 0 0 0 0 0 
1 0.499514 0.124992 0.00804717 5.18333e-05 0 0 0 0 0 0 0 0 0 0 0 0 0 0 0 
1 0.499845 0.125234 0.00823583 5.71667e-05 0 0 0 0 0 0 0 0 0 0 0 0 0 0 0 
1 0.500036 0.125771 0.00811433 5.75e-05 0 0 0 0 0 0 0 0 0 0 0 0 0 0 0 
1 0.500398 0.12604 0.00824533 4.75e-05 0 0 0 0 0 0 0 0 0 0 0 0 0 0 0 
1 0.496553 0.122793 0.007717 4.5e-05 0 0 0 0 0 0 0 0 0 0 0 0 0 0 0 
1 0.501179 0.12694 0.0085785 3.91667e-05 0 0 0 0 0 0 0 0 0 0 0 0 0 0 0 
1 0.498412 0.124125 0.00781167 5.35e-05 0 0 0 0 0 0 0 0 0 0 0 0 0 0 0 
1 0.499594 0.124537 0.00816817 5.21667e-05 0 0 0 0 0 0 0 0 0 0 0 0 0 0 0 
1 0.498149 0.124272 0.008005 3.13333e-05 0 0 0 0 0 0 0 0 0 0 0 0 0 0 0 
1 0.499117 0.125358 0.00820633 5.1e-05 0 0 0 0 0 0 0 0 0 0 0 0 0 0 0 
1 0.499756 0.125243 0.00820633 5.11667e-05 0 0 0 0 0 0 0 0 0 0 0 0 0 0 0 
1 0.499343 0.124428 0.0081285 5.81667e-05 0 0 0 0 0 0 0 0 0 0 0 0 0 0 0 
1 0.500314 0.124995 0.00804017 5.01667e-05 0 0 0 0 0 0 0 0 0 0 0 0 0 0 0 
1 0.500868 0.126293 0.00830233 6.68333e-05 0 0 0 0 0 0 0 0 0 0 0 0 0 0 0 
1 0.498587 0.123879 0.00791533 5.3e-05 0 0 0 0 0 0 0 0 0 0 0 0 0 0 0 
1 0.500344 0.12596 0.008254 4.85e-05 0 0 0 0 0 0 0 0 0 0 0 0 0 0 0 
1 0.499538 0.125439 0.00817367 4.16667e-05 0 0 0 0 0 0 0 0 0 0 0 0 0 0 0 
1 0.498966 0.124965 0.008189 4.76667e-05 0 0 0 0 0 0 0 0 0 0 0 0 0 0 0 
1 0.499286 0.125382 0.00819767 4.65e-05 0 0 0 0 0 0 0 0 0 0 0 0 0 0 0 
1 0.498387 0.124943 0.00800117 3.6e-05 0 0 0 0 0 0 0 0 0 0 0 0 0 0 0 
1 0.501587 0.126552 0.00821233 5.11667e-05 0 0 0 0 0 0 0 0 0 0 0 0 0 0 0 
1 0.50027 0.125893 0.0082955 5.35e-05 0 0 0 0 0 0 0 0 0 0 0 0 0 0 0 
1 0.501905 0.126841 0.0084535 4.33333e-05 0 0 0 0 0 0 0 0 0 0 0 0 0 0 0 
1 0.498086 0.124679 0.00812617 5.16667e-05 0 0 0 0 0 0 0 0 0 0 0 0 0 0 0 
1 0.499337 0.125293 0.00802583 4.9e-05 0 0 0 0 0 0 0 0 0 0 0 0 0 0 0 
1 0.500862 0.12639 0.00823717 4.83333e-05 0 0 0 0 0 0 0 0 0 0 0 0 0 0 0 
1 0.499351 0.12531 0.00809767 5e-05 0 0 0 0 0 0 0 0 0 0 0 0 0 0 0 
1 0.500673 0.125869 0.00825617 3.55e-05 0 0 0 0 0 0 0 0 0 0 0 0 0 0 0 
1 0.499345 0.124965 0.00803233 4.65e-05 0 0 0 0 0 0 0 0 0 0 0 0 0 0 0 
1 0.499611 0.124838 0.00820467 4.33333e-05 0 0 0 0 0 0 0 0 0 0 0 0 0 0 0 
1 0.500542 0.12602 0.0083445 9.46667e-05 1.66667e-07 0 0 0 0 0 0 0 0 0 0 0 0 0 0 
1 0.50014 0.12578 0.00822017 6.41667e-05 0 0 0 0 0 0 0 0 0 0 0 0 0 0 0 
1 0.500279 0.125941 0.00846633 5.03333e-05 0 0 0 0 0 0 0 0 0 0 0 0 0 0 0 
1 0.499441 0.124587 0.008066 4e-05 0 0 0 0 0 0 0 0 0 0 0 0 0 0 0 
1 0.501708 0.126655 0.00826333 5.36667e-05 0 0 0 0 0 0 0 0 0 0 0 0 0 0 0 
1 0.498715 0.124786 0.00810117 4.8e-05 8.33333e-07 0 0 0 0 0 0 0 0 0 0 0 0 0 0 
1 0.500457 0.126152 0.00842317 5.51667e-05 1.33333e-06 0 0 0 0 0 0 0 0 0 0 0 0 0 0 
1 0.500321 0.12635 0.0083825 5.1e-05 0 0 0 0 0 0 0 0 0 0 0 0 0 0 0 
1 0.500877 0.127009 0.00822 5.21667e-05 0 0 0 0 0 0 0 0 0 0 0 0 0 0 0 
1 0.500605 0.125932 0.0082015 5.61667e-05 0 0 0 0 0 0 0 0 0 0 0 0 0 0 0 
1 0.499834 0.125826 0.00823483 4.3e-05 0 0 0 0 0 0 0 0 0 0 0 0 0 0 0 
1 0.500804 0.126087 0.00830033 6.51667e-05 0 0 0 0 0 0 0 0 0 0 0 0 0 0 0 
1 0.498832 0.125222 0.008255 4.21667e-05 0 0 0 0 0 0 0 0 0 0 0 0 0 0 0 
1 0.499599 0.125379 0.00822367 4.63333e-05 0 0 0 0 0 0 0 0 0 0 0 0 0 0 0 
1 0.498961 0.124583 0.00825267 7.66667e-05 0 0 0 0 0 0 0 0 0 0 0 0 0 0 0 
1 0.498893 0.124235 0.008014 5.08333e-05 0 0 0 0 0 0 0 0 0 0 0 0 0 0 0 
1 0.498469 0.124429 0.0079215 3.51667e-05 0 0 0 0 0 0 0 0 0 0 0 0 0 0 0 
1 0.499324 0.124807 0.00820433 5.51667e-05 0 0 0 0 0 0 0 0 0 0 0 0 0 0 0 
1 0.498727 0.124488 0.0081325 6.66667e-05 0 0 0 0 0 0 0 0 0 0 0 0 0 0 0 
1 0.50119 0.1261 0.00827967 6.23333e-05 0 0 0 0 0 0 0 0 0 0 0 0 0 0 0 
1 0.500857 0.125883 0.00804317 6.41667e-05 0 0 0 0 0 0 0 0 0 0 0 0 0 0 0 
1 0.500892 0.126419 0.0083735 5.8e-05 0 0 0 0 0 0 0 0 0 0 0 0 0 0 0 
1 0.500411 0.125985 0.00823967 4.88333e-05 0 0 0 0 0 0 0 0 0 0 0 0 0 0 0 
1 0.501237 0.125821 0.00834033 5.48333e-05 0 0 0 0 0 0 0 0 0 0 0 0 0 0 0 
1 0.499059 0.124968 0.00807683 4.76667e-05 0 0 0 0 0 0 0 0 0 0 0 0 0 0 0 
1 0.501561 0.126692 0.00846633 4.81667e-05 0 0 0 0 0 0 0 0 0 0 0 0 0 0 0 
1 0.499406 0.125117 0.00823283 5.08333e-05 0 0 0 0 0 0 0 0 0 0 0 0 0 0 0 
1 0.50072 0.12636 0.00827233 5.96667e-05 0 0 0 0 0 0 0 0 0 0 0 0 0 0 0 
1 0.500754 0.125777 0.008209 6.13333e-05 0 0 0 0 0 0 0 0 0 0 0 0 0 0 0 
1 0.499366 0.12509 0.00798817 4.28333e-05 0 0 0 0 0 0 0 0 0 0 0 0 0 0 0 
1 0.499318 0.125189 0.0081425 4.5e-05 0 0 0 0 0 0 0 0 0 0 0 0 0 0 0 
1 0.499695 0.125367 0.00845633 5.53333e-05 6.66667e-07 0 0 0 0 0 0 0 0 0 0 0 0 0 0 
1 0.49971 0.125707 0.00832867 5.35e-05 0 0 0 0 0 0 0 0 0 0 0 0 0 0 0 
1 0.500527 0.125971 0.0082085 5.08333e-05 0 0 0 0 0 0 0 0 0 0 0 0 0 0 0 
1 0.500549 0.12545 0.008185 5.06667e-05 0 0 0 0 0 0 0 0 0 0 0 0 0 0 0 
1 0.499448 0.125069 0.008158 5.6e-05 0 0 0 0 0 0 0 0 0 0 0 0 0 0 0 
1 0.500204 0.126433 0.008424 4.06667e-05 0 0 0 0 0 0 0 0 0 0 0 0 0 0 0 
1 0.501302 0.126367 0.00820733 4.51667e-05 0 0 0 0 0 0 0 0 0 0 0 0 0 0 0 
1 0.499631 0.125393 0.00819833 5.03333e-05 0 0 0 0 0 0 0 0 0 0 0 0 0 0 0 
1 0.500103 0.125505 0.00814783 4.38333e-05 0 0 0 0 0 0 0 0 0 0 0 0 0 0 0 
1 0.499963 0.125541 0.00809617 5.58333e-05 0 0 0 0 0 0 0 0 0 0 0 0 0 0 0 
1 0.501744 0.126274 0.00828367 4.15e-05 0 0 0 0 0 0 0 0 0 0 0 0 0 0 0 
1 0.502244 0.127104 0.00843917 6.1e-05 0 0 0 0 0 0 0 0 0 0 0 0 0 0 0 
1 0.498439 0.123689 0.00789883 5.53333e-05 0 0 0 0 0 0 0 0 0 0 0 0 0 0 0 
1 0.499602 0.124936 0.00801733 5.33333e-05 0 0 0 0 0 0 0 0 0 0 0 0 0 0 0 
1 0.49864 0.124902 0.00820083 5.25e-05 0 0 0 0 0 0 0 0 0 0 0 0 0 0 0 
1 0.502632 0.127559 0.00837333 5.45e-05 0 0 0 0 0 0 0 0 0 0 0 0 0 0 0 
1 0.500346 0.125907 0.00826367 5.2e-05 0 0 0 0 0 0 0 0 0 0 0 0 0 0 0 
1 0.499273 0.124462 0.00821733 5.76667e-05 0 0 0 0 0 0 0 0 0 0 0 0 0 0 0 
1 0.500796 0.125866 0.0081805 4.61667e-05 0 0 0 0 0 0 0 0 0 0 0 0 0 0 0 
1 0.500573 0.126579 0.00836517 6.13333e-05 0 0 0 0 0 0 0 0 0 0 0 0 0 0 0 
1 0.500231 0.12503 0.00815083 4.45e-05 0 0 0 0 0 0 0 0 0 0 0 0 0 0 0 
1 0.499955 0.125654 0.008076 5.03333e-05 0 0 0 0 0 0 0 0 0 0 0 0 0 0 0 
1 0.501603 0.126923 0.00827583 2.81667e-05 0 0 0 0 0 0 0 0 0 0 0 0 0 0 0 
1 0.499584 0.125399 0.00807633 5.01667e-05 0 0 0 0 0 0 0 0 0 0 0 0 0 0 0 
1 0.50038 0.126266 0.0084295 3.83333e-05 0 0 0 0 0 0 0 0 0 0 0 0 0 0 0 
1 0.499428 0.124582 0.00802367 5.23333e-05 0 0 0 0 0 0 0 0 0 0 0 0 0 0 0 
1 0.498995 0.124413 0.00808883 5.55e-05 0 0 0 0 0 0 0 0 0 0 0 0 0 0 0 
1 0.500591 0.126545 0.0081945 4.65e-05 0 0 0 0 0 0 0 0 0 0 0 0 0 0 0 
1 0.499505 0.125408 0.0081215 6.01667e-05 0 0 0 0 0 0 0 0 0 0 0 0 0 0 0 
1 0.500234 0.125926 0.00820667 5.05e-05 0 0 0 0 0 0 0 0 0 0 0 0 0 0 0 
1 0.49902 0.124658 0.0080135 4.43333e-05 0 0 0 0 0 0 0 0 0 0 0 0 0 0 0 
1 0.500945 0.126432 0.00848133 6.76667e-05 6.66667e-07 0 0 0 0 0 0 0 0 0 0 0 0 0 0 
1 0.499119 0.124682 0.0079845 5.1e-05 0 0 0 0 0 0 0 0 0 0 0 0 0 0 0 
1 0.500488 0.126095 0.0083765 4.88333e-05 0 0 0 0 0 0 0 0 0 0 0 0 0 0 0 
1 0.500102 0.125414 0.00806833 4.5e-05 0 0 0 0 0 0 0 0 0 0 0 0 0 0 0 
1 0.499628 0.12525 0.00818 5.93333e-05 0 0 0 0 0 0 0 0 0 0 0 0 0 0 0 
1 0.500837 0.126387 0.00842617 6.26667e-05 0 0 0 0 0 0 0 0 0 0 0 0 0 0 0 
1 0.500602 0.126196 0.00814717 4.3e-05 0 0 0 0 0 0 0 0 0 0 0 0 0 0 0 
1 0.500792 0.125889 0.00852467 4.86667e-05 0 0 0 0 0 0 0 0 0 0 0 0 0 0 0 
1 0.499923 0.125634 0.008147 3.93333e-05 0 0 0 0 0 0 0 0 0 0 0 0 0 0 0 
1 0.499287 0.125004 0.00805767 6.28333e-05 0 0 0 0 0 0 0 0 0 0 0 0 0 0 0 
1 0.50028 0.126318 0.0084185 5.26667e-05 0 0 0 0 0 0 0 0 0 0 0 0 0 0 0 
1 0.500669 0.125249 0.008125 6.28333e-05 0 0 0 0 0 0 0 0 0 0 0 0 0 0 0 
1 0.499046 0.12453 0.0079525 4.75e-05 0 0 0 0 0 0 0 0 0 0 0 0 0 0 0 
1 0.500726 0.125546 0.008122 4.11667e-05 0 0 0 0 0 0 0 0 0 0 0 0 0 0 0 
1 0.4989 0.125563 0.008193 4.93333e-05 0 0 0 0 0 0 0 0 0 0 0 0 0 0 0 
1 0.499674 0.125155 0.00798317 4.56667e-05 0 0 0 0 0 0 0 0 0 0 0 0 0 0 0 
1 0.499435 0.124862 0.00811233 4.16667e-05 0 0 0 0 0 0 0 0 0 0 0 0 0 0 0 
1 0.500077 0.125059 0.00814033 5.48333e-05 5e-07 0 0 0 0 0 0 0 0 0 0 0 0 0 0 
1 0.500806 0.126574 0.00850633 6.11667e-05 0 0 0 0 0 0 0 0 0 0 0 0 0 0 0 
1 0.501448 0.126438 0.00843217 4.65e-05 0 0 0 0 0 0 0 0 0 0 0 0 0 0 0 
1 0.499468 0.125099 0.008098 5.03333e-05 0 0 0 0 0 0 0 0 0 0 0 0 0 0 0 
1 0.499226 0.125061 0.00810133 5.06667e-05 0 0 0 0 0 0 0 0 0 0 0 0 0 0 0 
1 0.499315 0.125247 0.00813183 4.9e-05 0 0 0 0 0 0 0 0 0 0 0 0 0 0 0 
1 0.499825 0.12565 0.008387 4.88333e-05 0 0 0 0 0 0 0 0 0 0 0 0 0 0 0 
1 0.501832 0.126631 0.00823967 5.41667e-05 8.33333e-07 0 0 0 0 0 0 0 0 0 0 0 0 0 0 
1 0.499619 0.124686 0.00784183 6.05e-05 0 0 0 0 0 0 0 0 0 0 0 0 0 0 0 
1 0.50026 0.125928 0.0083105 4.98333e-05 0 0 0 0 0 0 0 0 0 0 0 0 0 0 0 
1 0.500773 0.126506 0.0082715 5.1e-05 0 0 0 0 0 0 0 0 0 0 0 0 0 0 0 
1 0.500194 0.125563 0.00808583 4.38333e-05 0 0 0 0 0 0 0 0 0 0 0 0 0 0 0 
1 0.49953 0.124427 0.007998 4.33333e-05 0 0 0 0 0 0 0 0 0 0 0 0 0 0 0 
1 0.499422 0.125144 0.008115 5.73333e-05 0 0 0 0 0 0 0 0 0 0 0 0 0 0 0 
1 0.500884 0.126067 0.00809917 5.06667e-05 0 0 0 0 0 0 0 0 0 0 0 0 0 0 0 
1 0.499687 0.125292 0.008144 3.15e-05 0 0 0 0 0 0 0 0 0 0 0 0 0 0 0 
1 0.49877 0.125153 0.00827833 3.58333e-05 0 0 0 0 0 0 0 0 0 0 0 0 0 0 0 
1 0.499215 0.124801 0.00794217 4.81667e-05 0 0 0 0 0 0 0 0 0 0 0 0 0 0 0 
1 0.500533 0.126422 0.00838883 5.75e-05 0 0 0 0 0 0 0 0 0 0 0 0 0 0 0 
1 0.4985 0.124242 0.0079365 4.23333e-05 0 0 0 0 0 0 0 0 0 0 0 0 0 0 0 
1 0.499305 0.124973 0.00817583 5.63333e-05 0 0 0 0 0 0 0 0 0 0 0 0 0 0 0 
1 0.499609 0.125445 0.00831017 6.01667e-05 0 0 0 0 0 0 0 0 0 0 0 0 0 0 0 
1 0.498884 0.124848 0.00808717 6.16667e-05 0 0 0 0 0 0 0 0 0 0 0 0 0 0 0 
1 0.501254 0.126504 0.00840317 3.98333e-05 0 0 0 0 0 0 0 0 0 0 0 0 0 0 0 
1 0.500118 0.125053 0.00820583 3.7e-05 0 0 0 0 0 0 0 0 0 0 0 0 0 0 0 
1 0.501557 0.126765 0.00843333 4.4e-05 2.33333e-06 1.66667e-07 0 0 0 0 0 0 0 0 0 0 0 0 0 
1 0.501725 0.126346 0.00819917 4.73333e-05 0 0 0 0 0 0 0 0 0 0 0 0 0 0 0 
1 0.50046 0.126204 0.00836667 5.68333e-05 0 0 0 0 0 0 0 0 0 0 0 0 0 0 0 
1 0.49997 0.125304 0.00832533 3.71667e-05 0 0 0 0 0 0 0 0 0 0 0 0 0 0 0 
1 0.499367 0.125871 0.00809717 4.46667e-05 0 0 0 0 0 0 0 0 0 0 0 0 0 0 0 
1 0.499395 0.125578 0.00803467 4.61667e-05 0 0 0 0 0 0 0 0 0 0 0 0 0 0 0 
1 0.500479 0.126551 0.00829267 4.88333e-05 0 0 0 0 0 0 0 0 0 0 0 0 0 0 0 
1 0.499821 0.125042 0.00790967 3.61667e-05 0 0 0 0 0 0 0 0 0 0 0 0 0 0 0 
1 0.50016 0.126242 0.0083395 4.71667e-05 0 0 0 0 0 0 0 0 0 0 0 0 0 0 0 
1 0.499531 0.124997 0.00800283 4.4e-05 0 0 0 0 0 0 0 0 0 0 0 0 0 0 0 
1 0.500788 0.126282 0.00825383 5.06667e-05 0 0 0 0 0 0 0 0 0 0 0 0 0 0 0 
1 0.500618 0.125475 0.00812167 4.23333e-05 0 0 0 0 0 0 0 0 0 0 0 0 0 0 0 
1 0.501236 0.12626 0.00824733 7.25e-05 0 0 0 0 0 0 0 0 0 0 0 0 0 0 0 
1 0.499273 0.124653 0.00804883 4.71667e-05 0 0 0 0 0 0 0 0 0 0 0 0 0 0 0 
1 0.499691 0.125285 0.0082435 4.43333e-05 6.66667e-07 0 0 0 0 0 0 0 0 0 0 0 0 0 0 
1 0.499141 0.125105 0.0080375 4.46667e-05 5e-07 0 0 0 0 0 0 0 0 0 0 0 0 0 0 
1 0.499067 0.125589 0.00802417 4.2e-05 0 0 0 0 0 0 0 0 0 0 0 0 0 0 0 
1 0.500007 0.125079 0.00813183 4.26667e-05 0 0 0 0 0 0 0 0 0 0 0 0 0 0 0 
1 0.500337 0.126305 0.00835717 6.83333e-05 0 0 0 0 0 0 0 0 0 0 0 0 0 0 0 
1 0.499976 0.125767 0.0080465 6.08333e-05 1.66667e-07 0 0 0 0 0 0 0 0 0 0 0 0 0 0 
1 0.499741 0.125576 0.00821783 4.63333e-05 0 0 0 0 0 0 0 0 0 0 0 0 0 0 0 
1 0.499939 0.12585 0.00842167 6.6e-05 0 0 0 0 0 0 0 0 0 0 0 0 0 0 0 
1 0.500483 0.126396 0.00839467 4.68333e-05 0 0 0 0 0 0 0 0 0 0 0 0 0 0 0 
1 0.500723 0.126001 0.0084935 5.35e-05 0 0 0 0 0 0 0 0 0 0 0 0 0 0 0 
1 0.499183 0.125185 0.00814767 5.73333e-05 0 0 0 0 0 0 0 0 0 0 0 0 0 0 0 
1 0.500672 0.126309 0.00833717 6.48333e-05 0 0 0 0 0 0 0 0 0 0 0 0 0 0 0 
1 0.49948 0.125354 0.00827033 5.63333e-05 0 0 0 0 0 0 0 0 0 0 0 0 0 0 0 
1 0.497952 0.123806 0.00789517 4.75e-05 0 0 0 0 0 0 0 0 0 0 0 0 0 0 0 
1 0.499358 0.124567 0.0080655 4.93333e-05 0 0 0 0 0 0 0 0 0 0 0 0 0 0 0 
1 0.498643 0.124573 0.007985 5.86667e-05 0 0 0 0 0 0 0 0 0 0 0 0 0 0 0 
1 0.500201 0.126015 0.00826267 5.46667e-05 2.83333e-06 0 0 0 0 0 0 0 0 0 0 0 0 0 0 
1 0.499967 0.125412 0.00804267 4.75e-05 0 0 0 0 0 0 0 0 0 0 0 0 0 0 0 
1 0.500895 0.125906 0.00818983 5.36667e-05 0 0 0 0 0 0 0 0 0 0 0 0 0 0 0 
1 0.501537 0.126867 0.00832317 6.56667e-05 0 0 0 0 0 0 0 0 0 0 0 0 0 0 0 
1 0.50002 0.125553 0.00808683 5.16667e-05 0 0 0 0 0 0 0 0 0 0 0 0 0 0 0 
1 0.499679 0.124698 0.0081825 6.6e-05 0 0 0 0 0 0 0 0 0 0 0 0 0 0 0 
1 0.499459 0.125218 0.00808167 4.55e-05 0 0 0 0 0 0 0 0 0 0 0 0 0 0 0 
1 0.499819 0.124812 0.007982 4.83333e-05 0 0 0 0 0 0 0 0 0 0 0 0 0 0 0 
1 0.499169 0.124612 0.00796817 3.68333e-05 0 0 0 0 0 0 0 0 0 0 0 0 0 0 0 
1 0.500019 0.125971 0.00821483 5.45e-05 0 0 0 0 0 0 0 0 0 0 0 0 0 0 0 
1 0.499873 0.125328 0.0081815 5.46667e-05 0 0 0 0 0 0 0 0 0 0 0 0 0 0 0 
1 0.50152 0.126584 0.008526 4.86667e-05 0 0 0 0 0 0 0 0 0 0 0 0 0 0 0 
1 0.499407 0.125741 0.00811033 5.21667e-05 0 0 0 0 0 0 0 0 0 0 0 0 0 0 0 
1 0.499526 0.125364 0.00818117 5.38333e-05 0 0 0 0 0 0 0 0 0 0 0 0 0 0 0 
1 0.500392 0.126226 0.00824667 5.45e-05 0 0 0 0 0 0 0 0 0 0 0 0 0 0 0 
1 0.500394 0.1261 0.00835233 4.36667e-05 0 0 0 0 0 0 0 0 0 0 0 0 0 0 0 
1 0.499506 0.12538 0.00813133 5.2e-05 3.33333e-07 0 0 0 0 0 0 0 0 0 0 0 0 0 0 
1 0.499026 0.124725 0.00794333 3.65e-05 0 0 0 0 0 0 0 0 0 0 0 0 0 0 0 
1 0.500623 0.12583 0.0082245 5.56667e-05 0 0 0 0 0 0 0 0 0 0 0 0 0 0 0 
1 0.500621 0.125442 0.00829717 5.36667e-05 0 0 0 0 0 0 0 0 0 0 0 0 0 0 0 
1 0.500033 0.125027 0.00815133 5.53333e-05 0 0 0 0 0 0 0 0 0 0 0 0 0 0 0 
1 0.500463 0.12583 0.00803567 5.31667e-05 0 0 0 0 0 0 0 0 0 0 0 0 0 0 0 
1 0.500838 0.127127 0.00841217 6.05e-05 0 0 0 0 0 0 0 0 0 0 0 0 0 0 0 
1 0.499619 0.12498 0.0082275 4.85e-05 0 0 0 0 0 0 0 0 0 0 0 0 0 0 0 
1 0.5003 0.125753 0.00815783 3.88333e-05 0 0 0 0 0 0 0 0 0 0 0 0 0 0 0 
1 0.499596 0.12553 0.00840733 5.56667e-05 0 0 0 0 0 0 0 0 0 0 0 0 0 0 0 
1 0.500417 0.126256 0.00826333 5.3e-05 0 0 0 0 0 0 0 0 0 0 0 0 0 0 0 
1 0.499864 0.125131 0.008202 5.38333e-05 0 0 0 0 0 0 0 0 0 0 0 0 0 0 0 
1 0.499908 0.12524 0.007988 3.95e-05 0 0 0 0 0 0 0 0 0 0 0 0 0 0 0 
1 0.498934 0.124861 0.00822717 6.48333e-05 0 0 0 0 0 0 0 0 0 0 0 0 0 0 0 
1 0.500021 0.125206 0.00785617 3.51667e-05 0 0 0 0 0 0 0 0 0 0 0 0 0 0 0 
1 0.500444 0.125886 0.008378 5.25e-05 0 0 0 0 0 0 0 0 0 0 0 0 0 0 0 
1 0.499462 0.125045 0.00792733 3.48333e-05 0 0 0 0 0 0 0 0 0 0 0 0 0 0 0 
1 0.49858 0.125027 0.00822183 5.46667e-05 0 0 0 0 0 0 0 0 0 0 0 0 0 0 0 
1 0.499402 0.124765 0.0081415 7.48333e-05 0 0 0 0 0 0 0 0 0 0 0 0 0 0 0 
1 0.500127 0.125367 0.008156 3.58333e-05 0 0 0 0 0 0 0 0 0 0 0 0 0 0 0 
1 0.500528 0.125501 0.00817683 6.6e-05 0 0 0 0 0 0 0 0 0 0 0 0 0 0 0 
1 0.500507 0.126217 0.00826317 4.98333e-05 0 0 0 0 0 0 0 0 0 0 0 0 0 0 0 
1 0.499549 0.124666 0.008065 6.28333e-05 0 0 0 0 0 0 0 0 0 0 0 0 0 0 0 
1 0.500537 0.125592 0.00822133 5.58333e-05 0 0 0 0 0 0 0 0 0 0 0 0 0 0 0 
1 0.500134 0.125192 0.00804767 4.3e-05 0 0 0 0 0 0 0 0 0 0 0 0 0 0 0 
1 0.499733 0.126002 0.0082295 3.98333e-05 0 0 0 0 0 0 0 0 0 0 0 0 0 0 0 
1 0.50076 0.126321 0.008492 5.93333e-05 0 0 0 0 0 0 0 0 0 0 0 0 0 0 0 
1 0.500232 0.125556 0.00808267 4.28333e-05 0 0 0 0 0 0 0 0 0 0 0 0 0 0 0 
1 0.498205 0.124428 0.00799433 4.78333e-05 0 0 0 0 0 0 0 0 0 0 0 0 0 0 0 
1 0.498924 0.124542 0.008188 3.95e-05 0 0 0 0 0 0 0 0 0 0 0 0 0 0 0 
1 0.499783 0.125181 0.0081335 4.9e-05 0 0 0 0 0 0 0 0 0 0 0 0 0 0 0 
1 0.501353 0.127037 0.00848983 6.08333e-05 0 0 0 0 0 0 0 0 0 0 0 0 0 0 0 
1 0.499814 0.125153 0.00820533 4.33333e-05 0 0 0 0 0 0 0 0 0 0 0 0 0 0 0 
1 0.500086 0.126256 0.008417 5.9e-05 0 0 0 0 0 0 0 0 0 0 0 0 0 0 0 
1 0.501172 0.126478 0.00828167 4.35e-05 0 0 0 0 0 0 0 0 0 0 0 0 0 0 0 
1 0.499186 0.124679 0.0078075 4.15e-05 0 0 0 0 0 0 0 0 0 0 0 0 0 0 0 
1 0.501515 0.126735 0.00833067 6.9e-05 0 0 0 0 0 0 0 0 0 0 0 0 0 0 0 
1 0.499 0.124625 0.00799817 4.38333e-05 0 0 0 0 0 0 0 0 0 0 0 0 0 0 0 
1 0.499752 0.126154 0.008324 4.85e-05 0 0 0 0 0 0 0 0 0 0 0 0 0 0 0 
1 0.500832 0.125884 0.008286 5.53333e-05 0 0 0 0 0 0 0 0 0 0 0 0 0 0 0 
1 0.500114 0.125593 0.00824967 5.58333e-05 0 0 0 0 0 0 0 0 0 0 0 0 0 0 0 
1 0.498984 0.124385 0.00790967 6.03333e-05 0 0 0 0 0 0 0 0 0 0 0 0 0 0 0 
1 0.500488 0.125661 0.00820517 5.5e-05 0 0 0 0 0 0 0 0 0 0 0 0 0 0 0 
1 0.498433 0.12509 0.00817 4.58333e-05 0 0 0 0 0 0 0 0 0 0 0 0 0 0 0 
1 0.498613 0.124773 0.00805533 5.7e-05 0 0 0 0 0 0 0 0 0 0 0 0 0 0 0 
1 0.500484 0.125893 0.00822933 4.03333e-05 0 0 0 0 0 0 0 0 0 0 0 0 0 0 0 
1 0.500232 0.125711 0.008042 4.85e-05 0 0 0 0 0 0 0 0 0 0 0 0 0 0 0 
1 0.49926 0.125413 0.008151 4.4e-05 0 0 0 0 0 0 0 0 0 0 0 0 0 0 0 
1 0.49818 0.124256 0.00798733 5.35e-05 0 0 0 0 0 0 0 0 0 0 0 0 0 0 0 
1 0.499974 0.126201 0.00835383 5.66667e-05 0 0 0 0 0 0 0 0 0 0 0 0 0 0 0 
1 0.501209 0.126337 0.00812583 4.03333e-05 0 0 0 0 0 0 0 0 0 0 0 0 0 0 0 
1 0.499455 0.125044 0.00803133 4.48333e-05 0 0 0 0 0 0 0 0 0 0 0 0 0 0 0 
1 0.50012 0.125504 0.00823 5.31667e-05 0 0 0 0 0 0 0 0 0 0 0 0 0 0 0 
1 0.500373 0.125703 0.00825733 5.5e-05 0 0 0 0 0 0 0 0 0 0 0 0 0 0 0 
1 0.500047 0.125971 0.00815983 4.13333e-05 0 0 0 0 0 0 0 0 0 0 0 0 0 0 0 
1 0.498423 0.125378 0.00813833 4.35e-05 0 0 0 0 0 0 0 0 0 0 0 0 0 0 0 
1 0.500862 0.126633 0.0085925 6.35e-05 0 0 0 0 0 0 0 0 0 0 0 0 0 0 0 
1 0.500277 0.126276 0.00836933 5.11667e-05 0 0 0 0 0 0 0 0 0 0 0 0 0 0 0 
1 0.498747 0.124119 0.007919 6.41667e-05 0 0 0 0 0 0 0 0 0 0 0 0 0 0 0 
1 0.499362 0.12533 0.00787133 3.56667e-05 0 0 0 0 0 0 0 0 0 0 0 0 0 0 0 
1 0.499314 0.125339 0.00793733 4.65e-05 0 0 0 0 0 0 0 0 0 0 0 0 0 0 0 
1 0.498894 0.125194 0.00810433 5.7e-05 1.5e-06 0 0 0 0 0 0 0 0 0 0 0 0 0 0 
1 0.50141 0.126663 0.0082975 5.13333e-05 0 0 0 0 0 0 0 0 0 0 0 0 0 0 0 
1 0.501258 0.126755 0.008596 6.8e-05 0 0 0 0 0 0 0 0 0 0 0 0 0 0 0 
1 0.500843 0.126468 0.0082325 5.36667e-05 0 0 0 0 0 0 0 0 0 0 0 0 0 0 0 
1 0.498358 0.124615 0.00800633 4.4e-05 0 0 0 0 0 0 0 0 0 0 0 0 0 0 0 
1 0.49995 0.125873 0.00822867 4.91667e-05 0 0 0 0 0 0 0 0 0 0 0 0 0 0 0 
1 0.499071 0.124932 0.00803567 5.78333e-05 0 0 0 0 0 0 0 0 0 0 0 0 0 0 0 
1 0.500355 0.125345 0.00821117 4.83333e-05 0 0 0 0 0 0 0 0 0 0 0 0 0 0 0 
1 0.499511 0.125299 0.0080575 4.65e-05 0 0 0 0 0 0 0 0 0 0 0 0 0 0 0 
1 0.499509 0.125047 0.00810417 5.15e-05 0 0 0 0 0 0 0 0 0 0 0 0 0 0 0 
1 0.501266 0.126663 0.008261 4.6e-05 0 0 0 0 0 0 0 0 0 0 0 0 0 0 0 
1 0.500481 0.125952 0.00823483 5.53333e-05 0 0 0 0 0 0 0 0 0 0 0 0 0 0 0 
1 0.500588 0.125711 0.00836967 5.26667e-05 0 0 0 0 0 0 0 0 0 0 0 0 0 0 0 
1 0.499929 0.125674 0.00831017 6.05e-05 0 0 0 0 0 0 0 0 0 0 0 0 0 0 0 
1 0.500449 0.125512 0.008184 3.36667e-05 0 0 0 0 0 0 0 0 0 0 0 0 0 0 0 
1 0.499499 0.124391 0.00793083 3.3e-05 0 0 0 0 0 0 0 0 0 0 0 0 0 0 0 
1 0.499898 0.125988 0.00821667 4.51667e-05 0 0 0 0 0 0 0 0 0 0 0 0 0 0 0 
1 0.501029 0.126571 0.00855867 4.75e-05 0 0 0 0 0 0 0 0 0 0 0 0 0 0 0 
1 0.499645 0.125217 0.00790517 4.61667e-05 0 0 0 0 0 0 0 0 0 0 0 0 0 0 0 
1 0.500103 0.125523 0.0081815 4.9e-05 0 0 0 0 0 0 0 0 0 0 0 0 0 0 0 
1 0.500887 0.126406 0.00835983 3.66667e-05 0 0 0 0 0 0 0 0 0 0 0 0 0 0 0 
1 0.500453 0.126009 0.00832567 6.48333e-05 0 0 0 0 0 0 0 0 0 0 0 0 0 0 0 
1 0.499299 0.124824 0.00792917 3.9e-05 0 0 0 0 0 0 0 0 0 0 0 0 0 0 0 
1 0.500022 0.125675 0.00816017 5.4e-05 8.33333e-07 0 0 0 0 0 0 0 0 0 0 0 0 0 0 
1 0.499632 0.125376 0.00813083 5.51667e-05 0 0 0 0 0 0 0 0 0 0 0 0 0 0 0 
1 0.499973 0.125472 0.0082015 3.81667e-05 0 0 0 0 0 0 0 0 0 0 0 0 0 0 0 
1 0.49871 0.124547 0.00805217 3.58333e-05 1.66667e-07 0 0 0 0 0 0 0 0 0 0 0 0 0 0 
1 0.500449 0.126822 0.008244 5.73333e-05 8.33333e-07 0 0 0 0 0 0 0 0 0 0 0 0 0 0 
1 0.500024 0.125339 0.00847283 6.5e-05 0 0 0 0 0 0 0 0 0 0 0 0 0 0 0 
1 0.498939 0.125317 0.008079 4.2e-05 0 0 0 0 0 0 0 0 0 0 0 0 0 0 0 
1 0.500027 0.125354 0.008076 3.81667e-05 0 0 0 0 0 0 0 0 0 0 0 0 0 0 0 
1 0.498892 0.124443 0.00804717 5.18333e-05 0 0 0 0 0 0 0 0 0 0 0 0 0 0 0 
1 0.499457 0.125277 0.00812267 5.01667e-05 2e-06 0 0 0 0 0 0 0 0 0 0 0 0 0 0 
1 0.500498 0.125769 0.0083195 4.81667e-05 0 0 0 0 0 0 0 0 0 0 0 0 0 0 0 
1 0.501102 0.126255 0.00821833 7.15e-05 5e-07 0 0 0 0 0 0 0 0 0 0 0 0 0 0 
1 0.500906 0.126208 0.00845283 5.56667e-05 0 0 0 0 0 0 0 0 0 0 0 0 0 0 0 
1 0.498667 0.12492 0.00810217 6.1e-05 0 0 0 0 0 0 0 0 0 0 0 0 0 0 0 
1 0.501202 0.126092 0.00827767 4.68333e-05 0 0 0 0 0 0 0 0 0 0 0 0 0 0 0 
1 0.498955 0.12508 0.00808083 4.51667e-05 0 0 0 0 0 0 0 0 0 0 0 0 0 0 0 
1 0.500295 0.126218 0.00839967 5.23333e-05 0 0 0 0 0 0 0 0 0 0 0 0 0 0 0 
1 0.499945 0.125566 0.00831483 6.83333e-05 0 0 0 0 0 0 0 0 0 0 0 0 0 0 0 
1 0.500785 0.126029 0.008197 5.3e-05 0 0 0 0 0 0 0 0 0 0 0 0 0 0 0 
1 0.498414 0.124468 0.008104 5.65e-05 0 0 0 0 0 0 0 0 0 0 0 0 0 0 0 
1 0.499731 0.12533 0.00826167 4.28333e-05 0 0 0 0 0 0 0 0 0 0 0 0 0 0 0 
1 0.500464 0.126101 0.00836383 4.31667e-05 0 0 0 0 0 0 0 0 0 0 0 0 0 0 0 
1 0.500677 0.126603 0.0083545 4.43333e-05 0 0 0 0 0 0 0 0 0 0 0 0 0 0 0 
1 0.50156 0.126609 0.00839667 5.13333e-05 0 0 0 0 0 0 0 0 0 0 0 0 0 0 0 
1 0.499442 0.124608 0.00787217 5.1e-05 0 0 0 0 0 0 0 0 0 0 0 0 0 0 0 
1 0.500083 0.125989 0.00834767 5.98333e-05 0 0 0 0 0 0 0 0 0 0 0 0 0 0 0 
1 0.501057 0.125946 0.00803367 4.61667e-05 0 0 0 0 0 0 0 0 0 0 0 0 0 0 0 
1 0.498559 0.124454 0.0080845 4e-05 0 0 0 0 0 0 0 0 0 0 0 0 0 0 0 
1 0.502086 0.126768 0.00819817 4.65e-05 3.33333e-07 0 0 0 0 0 0 0 0 0 0 0 0 0 0 
1 0.499027 0.1251 0.00810967 3.4e-05 0 0 0 0 0 0 0 0 0 0 0 0 0 0 0 
1 0.500436 0.125657 0.00819033 4.71667e-05 0 0 0 0 0 0 0 0 0 0 0 0 0 0 0 
1 0.500458 0.126332 0.00835617 5.51667e-05 0 0 0 0 0 0 0 0 0 0 0 0 0 0 0 
1 0.500041 0.125656 0.00832033 5.11667e-05 0 0 0 0 0 0 0 0 0 0 0 0 0 0 0 
1 0.499313 0.124958 0.007989 4.9e-05 0 0 0 0 0 0 0 0 0 0 0 0 0 0 0 
1 0.498842 0.124405 0.00814617 5.66667e-05 0 0 0 0 0 0 0 0 0 0 0 0 0 0 0 
1 0.498789 0.124382 0.00814617 5.75e-05 0 0 0 0 0 0 0 0 0 0 0 0 0 0 0 
1 0.500085 0.125063 0.00801483 3.53333e-05 0 0 0 0 0 0 0 0 0 0 0 0 0 0 0 
1 0.501542 0.126302 0.0082455 5.2e-05 0 0 0 0 0 0 0 0 0 0 0 0 0 0 0 
1 0.500331 0.126203 0.00818567 3.38333e-05 0 0 0 0 0 0 0 0 0 0 0 0 0 0 0 
1 0.498992 0.124846 0.00789383 4.26667e-05 0 0 0 0 0 0 0 0 0 0 0 0 0 0 0 
1 0.498553 0.12449 0.0078645 3.98333e-05 0 0 0 0 0 0 0 0 0 0 0 0 0 0 0 
1 0.499245 0.125 0.00815533 5.06667e-05 0 0 0 0 0 0 0 0 0 0 0 0 0 0 0 
1 0.501273 0.126936 0.00850717 5.7e-05 0 0 0 0 0 0 0 0 0 0 0 0 0 0 0 
1 0.499168 0.124502 0.0078435 5.45e-05 0 0 0 0 0 0 0 0 0 0 0 0 0 0 0 
1 0.500127 0.125909 0.00843467 5.26667e-05 0 0 0 0 0 0 0 0 0 0 0 0 0 0 0 
1 0.499435 0.125748 0.00841133 5.8e-05 0 0 0 0 0 0 0 0 0 0 0 0 0 0 0 
1 0.500035 0.125866 0.0083185 5.8e-05 0 0 0 0 0 0 0 0 0 0 0 0 0 0 0 
1 0.500787 0.126555 0.008353 4.76667e-05 0 0 0 0 0 0 0 0 0 0 0 0 0 0 0 
1 0.501486 0.126436 0.0082015 5.46667e-05 0 0 0 0 0 0 0 0 0 0 0 0 0 0 0 
1 0.498346 0.124433 0.00792733 3.46667e-05 0 0 0 0 0 0 0 0 0 0 0 0 0 0 0 
1 0.501541 0.126648 0.0083025 4.76667e-05 0 0 0 0 0 0 0 0 0 0 0 0 0 0 0 
1 0.498515 0.1241 0.00802683 3.93333e-05 0 0 0 0 0 0 0 0 0 0 0 0 0 0 0 
1 0.49982 0.125588 0.00811067 4.9e-05 0 0 0 0 0 0 0 0 0 0 0 0 0 0 0 
1 0.499823 0.125101 0.008005 5.28333e-05 0 0 0 0 0 0 0 0 0 0 0 0 0 0 0 
1 0.49943 0.125777 0.00821317 3.86667e-05 0 0 0 0 0 0 0 0 0 0 0 0 0 0 0 
1 0.500847 0.126322 0.00850517 5.4e-05 0 0 0 0 0 0 0 0 0 0 0 0 0 0 0 
1 0.501412 0.126115 0.0083805 5.93333e-05 0 0 0 0 0 0 0 0 0 0 0 0 0 0 0 
1 0.499859 0.125057 0.00823533 4.23333e-05 0 0 0 0 0 0 0 0 0 0 0 0 0 0 0 
1 0.500085 0.12543 0.0080035 4.65e-05 0 0 0 0 0 0 0 0 0 0 0 0 0 0 0 
1 0.498916 0.124647 0.00788733 4.95e-05 0 0 0 0 0 0 0 0 0 0 0 0 0 0 0 
1 0.500269 0.125899 0.00817383 6.06667e-05 0 0 0 0 0 0 0 0 0 0 0 0 0 0 0 
1 0.498575 0.124431 0.008209 4.11667e-05 0 0 0 0 0 0 0 0 0 0 0 0 0 0 0 
1 0.499958 0.126207 0.00816083 4.16667e-05 0 0 0 0 0 0 0 0 0 0 0 0 0 0 0 
1 0.498845 0.124982 0.0079805 5.18333e-05 0 0 0 0 0 0 0 0 0 0 0 0 0 0 0 
1 0.49871 0.124765 0.008117 4.63333e-05 0 0 0 0 0 0 0 0 0 0 0 0 0 0 0 
1 0.498825 0.124907 0.007905 4.85e-05 0 0 0 0 0 0 0 0 0 0 0 0 0 0 0 
1 0.499926 0.125094 0.00807333 4.36667e-05 0 0 0 0 0 0 0 0 0 0 0 0 0 0 0 
1 0.498331 0.124152 0.0078905 4.6e-05 0 0 0 0 0 0 0 0 0 0 0 0 0 0 0 
1 0.499953 0.125482 0.00806383 4.98333e-05 0 0 0 0 0 0 0 0 0 0 0 0 0 0 0 
1 0.501075 0.126083 0.0081615 5.85e-05 0 0 0 0 0 0 0 0 0 0 0 0 0 0 0 
1 0.499943 0.125028 0.00797033 5.35e-05 0 0 0 0 0 0 0 0 0 0 0 0 0 0 0 
1 0.498878 0.125234 0.00792233 5.15e-05 0 0 0 0 0 0 0 0 0 0 0 0 0 0 0 
1 0.500946 0.125493 0.00807217 4.78333e-05 0 0 0 0 0 0 0 0 0 0 0 0 0 0 0 
1 0.501282 0.126353 0.00825883 5.4e-05 0 0 0 0 0 0 0 0 0 0 0 0 0 0 0 
1 0.501088 0.126875 0.00856783 4.8e-05 0 0 0 0 0 0 0 0 0 0 0 0 0 0 0 
1 0.499084 0.125031 0.0082425 5.93333e-05 3.33333e-07 0 0 0 0 0 0 0 0 0 0 0 0 0 0 
1 0.500448 0.124671 0.00814683 2.86667e-05 0 0 0 0 0 0 0 0 0 0 0 0 0 0 0 
1 0.499175 0.124868 0.00809317 4.46667e-05 0 0 0 0 0 0 0 0 0 0 0 0 0 0 0 
1 0.499166 0.125261 0.008107 5.98333e-05 0 0 0 0 0 0 0 0 0 0 0 0 0 0 0 
1 0.499421 0.125593 0.0082575 4.75e-05 2.16667e-06 0 0 0 0 0 0 0 0 0 0 0 0 0 0 
1 0.501851 0.126366 0.00823667 4.71667e-05 0 0 0 0 0 0 0 0 0 0 0 0 0 0 0 
1 0.498967 0.124704 0.007913 6.2e-05 0 0 0 0 0 0 0 0 0 0 0 0 0 0 0 
1 0.501009 0.125894 0.00839083 5.1e-05 0 0 0 0 0 0 0 0 0 0 0 0 0 0 0 
1 0.498437 0.124781 0.00805417 5.15e-05 0 0 0 0 0 0 0 0 0 0 0 0 0 0 0 
1 0.499582 0.125214 0.0083465 6.6e-05 0 0 0 0 0 0 0 0 0 0 0 0 0 0 0 
1 0.499241 0.125043 0.00838283 5.96667e-05 0 0 0 0 0 0 0 0 0 0 0 0 0 0 0 
1 0.500578 0.126337 0.00818917 3.8e-05 0 0 0 0 0 0 0 0 0 0 0 0 0 0 0 
1 0.498759 0.124796 0.00793267 4.55e-05 0 0 0 0 0 0 0 0 0 0 0 0 0 0 0 
1 0.500017 0.126178 0.00833117 4.18333e-05 0 0 0 0 0 0 0 0 0 0 0 0 0 0 0 
1 0.501558 0.126643 0.008414 5.45e-05 1.16667e-06 0 0 0 0 0 0 0 0 0 0 0 0 0 0 
1 0.500121 0.125547 0.00809733 4.95e-05 1e-06 0 0 0 0 0 0 0 0 0 0 0 0 0 0 
1 0.500655 0.126275 0.00831767 4.71667e-05 0 0 0 0 0 0 0 0 0 0 0 0 0 0 0 
1 0.500853 0.126372 0.00811967 6.26667e-05 0 0 0 0 0 0 0 0 0 0 0 0 0 0 0 
1 0.499295 0.125186 0.00804633 4.93333e-05 0 0 0 0 0 0 0 0 0 0 0 0 0 0 0 
1 0.500483 0.1256 0.00814233 4.61667e-05 0 0 0 0 0 0 0 0 0 0 0 0 0 0 0 
1 0.499747 0.125774 0.00817867 4.01667e-05 0 0 0 0 0 0 0 0 0 0 0 0 0 0 0 
1 0.500393 0.125799 0.0083545 6.18333e-05 0 0 0 0 0 0 0 0 0 0 0 0 0 0 0 
1 0.49995 0.125812 0.00815483 3.8e-05 0 0 0 0 0 0 0 0 0 0 0 0 0 0 0 
1 0.502315 0.126732 0.00844417 6.93333e-05 0 0 0 0 0 0 0 0 0 0 0 0 0 0 0 
1 0.499915 0.125453 0.00814867 4.31667e-05 0 0 0 0 0 0 0 0 0 0 0 0 0 0 0 
1 0.499854 0.125358 0.0081765 7.2e-05 6.66667e-07 0 0 0 0 0 0 0 0 0 0 0 0 0 0 
1 0.501506 0.126646 0.00851 5.46667e-05 0 0 0 0 0 0 0 0 0 0 0 0 0 0 0 
1 0.500595 0.12598 0.00812867 3.65e-05 0 0 0 0 0 0 0 0 0 0 0 0 0 0 0 
1 0.499478 0.125777 0.00809233 5.5e-05 0 0 0 0 0 0 0 0 0 0 0 0 0 0 0 
1 0.500992 0.125914 0.00809633 3.63333e-05 0 0 0 0 0 0 0 0 0 0 0 0 0 0 0 
1 0.499328 0.124333 0.00799533 4.8e-05 0 0 0 0 0 0 0 0 0 0 0 0 0 0 0 
1 0.498539 0.124636 0.00813933 6.41667e-05 5e-07 0 0 0 0 0 0 0 0 0 0 0 0 0 0 
1 0.500166 0.125761 0.00820133 5.71667e-05 0 0 0 0 0 0 0 0 0 0 0 0 0 0 0 
1 0.499578 0.125316 0.00817 6.9e-05 0 0 0 0 0 0 0 0 0 0 0 0 0 0 0 
1 0.500589 0.125706 0.00831817 4.18333e-05 0 0 0 0 0 0 0 0 0 0 0 0 0 0 0 
1 0.500898 0.126585 0.0081965 5.01667e-05 0 0 0 0 0 0 0 0 0 0 0 0 0 0 0 
1 0.499549 0.124287 0.007804 3.66667e-05 0 0 0 0 0 0 0 0 0 0 0 0 0 0 0 
1 0.499561 0.125247 0.00809683 3.88333e-05 0 0 0 0 0 0 0 0 0 0 0 0 0 0 0 
1 0.499342 0.125422 0.00820767 4.6e-05 0 0 0 0 0 0 0 0 0 0 0 0 0 0 0 
1 0.49901 0.125002 0.00796383 5.1e-05 0 0 0 0 0 0 0 0 0 0 0 0 0 0 0 
1 0.500318 0.126242 0.00820267 4.96667e-05 0 0 0 0 0 0 0 0 0 0 0 0 0 0 0 
1 0.500101 0.125633 0.00824333 4.58333e-05 0 0 0 0 0 0 0 0 0 0 0 0 0 0 0 
1 0.499914 0.125209 0.00801517 4.93333e-05 0 0 0 0 0 0 0 0 0 0 0 0 0 0 0 
1 0.502708 0.127671 0.00849483 5.48333e-05 0 0 0 0 0 0 0 0 0 0 0 0 0 0 0 
1 0.500457 0.125828 0.008147 4.3e-05 0 0 0 0 0 0 0 0 0 0 0 0 0 0 0 
1 0.500306 0.125321 0.00799967 4.78333e-05 0 0 0 0 0 0 0 0 0 0 0 0 0 0 0 
1 0.5014 0.126632 0.008355 6.55e-05 0 0 0 0 0 0 0 0 0 0 0 0 0 0 0 
1 0.499258 0.124279 0.007934 6.71667e-05 0 0 0 0 0 0 0 0 0 0 0 0 0 0 0 
1 0.500432 0.126542 0.008255 5.55e-05 2.5e-06 0 0 0 0 0 0 0 0 0 0 0 0 0 0 
1 0.499359 0.125079 0.008124 3.76667e-05 0 0 0 0 0 0 0 0 0 0 0 0 0 0 0 
1 0.499131 0.124951 0.0079585 4.65e-05 0 0 0 0 0 0 0 0 0 0 0 0 0 0 0 
1 0.49899 0.12422 0.0079145 6.3e-05 0 0 0 0 0 0 0 0 0 0 0 0 0 0 0 
1 0.500626 0.126088 0.00809933 4.28333e-05 0 0 0 0 0 0 0 0 0 0 0 0 0 0 0 
1 0.501875 0.126767 0.00847733 4.61667e-05 0 0 0 0 0 0 0 0 0 0 0 0 0 0 0 
1 0.499878 0.126009 0.00836383 5.56667e-05 0 0 0 0 0 0 0 0 0 0 0 0 0 0 0 
1 0.499547 0.125577 0.00818833 5.26667e-05 0 0 0 0 0 0 0 0 0 0 0 0 0 0 0 
1 0.498979 0.124464 0.00790733 5.95e-05 0 0 0 0 0 0 0 0 0 0 0 0 0 0 0 
1 0.50026 0.125815 0.00811317 5.68333e-05 1e-06 0 0 0 0 0 0 0 0 0 0 0 0 0 0 
1 0.499556 0.124868 0.00806167 4.13333e-05 0 0 0 0 0 0 0 0 0 0 0 0 0 0 0 
1 0.500752 0.125827 0.0083715 5.2e-05 0 0 0 0 0 0 0 0 0 0 0 0 0 0 0 
1 0.499595 0.12489 0.008011 4.31667e-05 0 0 0 0 0 0 0 0 0 0 0 0 0 0 0 
1 0.50059 0.126361 0.00840817 5.86667e-05 0 0 0 0 0 0 0 0 0 0 0 0 0 0 0 
1 0.497525 0.123594 0.0078095 3.61667e-05 0 0 0 0 0 0 0 0 0 0 0 0 0 0 0 
1 0.499341 0.124983 0.0083415 4.8e-05 0 0 0 0 0 0 0 0 0 0 0 0 0 0 0 
1 0.498269 0.12422 0.00792033 4.31667e-05 0 0 0 0 0 0 0 0 0 0 0 0 0 0 0 
1 0.500337 0.125468 0.008037 4.78333e-05 0 0 0 0 0 0 0 0 0 0 0 0 0 0 0 
1 0.499242 0.124971 0.00824217 5.21667e-05 0 0 0 0 0 0 0 0 0 0 0 0 0 0 0 
1 0.500089 0.125418 0.00826583 4.7e-05 0 0 0 0 0 0 0 0 0 0 0 0 0 0 0 
1 0.500756 0.126478 0.00827383 4.73333e-05 0 0 0 0 0 0 0 0 0 0 0 0 0 0 0 
1 0.497903 0.123968 0.00809767 4.23333e-05 0 0 0 0 0 0 0 0 0 0 0 0 0 0 0 
1 0.50062 0.126115 0.008292 7.2e-05 0 0 0 0 0 0 0 0 0 0 0 0 0 0 0 
1 0.498932 0.124707 0.008104 4.63333e-05 0 0 0 0 0 0 0 0 0 0 0 0 0 0 0 
1 0.500784 0.126241 0.008196 5.51667e-05 0 0 0 0 0 0 0 0 0 0 0 0 0 0 0 
1 0.500262 0.125427 0.00799617 4.31667e-05 0 0 0 0 0 0 0 0 0 0 0 0 0 0 0 
1 0.499661 0.125243 0.0080675 5.51667e-05 0 0 0 0 0 0 0 0 0 0 0 0 0 0 0 
1 0.500298 0.126188 0.00825117 4.45e-05 0 0 0 0 0 0 0 0 0 0 0 0 0 0 0 
1 0.498509 0.124861 0.008135 5.75e-05 2.16667e-06 0 0 0 0 0 0 0 0 0 0 0 0 0 0 
1 0.500594 0.125862 0.00799933 3.58333e-05 0 0 0 0 0 0 0 0 0 0 0 0 0 0 0 
1 0.500238 0.125278 0.00784317 3.8e-05 1.66667e-07 0 0 0 0 0 0 0 0 0 0 0 0 0 0 
1 0.50016 0.125969 0.00844583 7.81667e-05 0 0 0 0 0 0 0 0 0 0 0 0 0 0 0 
1 0.498982 0.124903 0.00804283 4.48333e-05 0 0 0 0 0 0 0 0 0 0 0 0 0 0 0 
1 0.500372 0.126389 0.00824217 5.61667e-05 0 0 0 0 0 0 0 0 0 0 0 0 0 0 0 
1 0.500128 0.125185 0.00817667 5.21667e-05 0 0 0 0 0 0 0 0 0 0 0 0 0 0 0 
1 0.500451 0.12617 0.008481 6.51667e-05 0 0 0 0 0 0 0 0 0 0 0 0 0 0 0 
1 0.498272 0.124545 0.007956 3.81667e-05 0 0 0 0 0 0 0 0 0 0 0 0 0 0 0 
1 0.499783 0.125321 0.00815717 4.7e-05 0 0 0 0 0 0 0 0 0 0 0 0 0 0 0 
1 0.499653 0.124652 0.00792467 4.53333e-05 0 0 0 0 0 0 0 0 0 0 0 0 0 0 0 
1 0.499587 0.125194 0.00812467 4.68333e-05 0 0 0 0 0 0 0 0 0 0 0 0 0 0 0 
1 0.499658 0.124714 0.008134 5.46667e-05 0 0 0 0 0 0 0 0 0 0 0 0 0 0 0 
1 0.497652 0.123558 0.00794167 3.91667e-05 0 0 0 0 0 0 0 0 0 0 0 0 0 0 0 
1 0.500112 0.12554 0.00809433 4.73333e-05 0 0 0 0 0 0 0 0 0 0 0 0 0 0 0 
1 0.501153 0.1265 0.008228 4.58333e-05 0 0 0 0 0 0 0 0 0 0 0 0 0 0 0 
1 0.500471 0.126436 0.008324 5.35e-05 0 0 0 0 0 0 0 0 0 0 0 0 0 0 0 
1 0.500429 0.125968 0.00818917 5.38333e-05 0 0 0 0 0 0 0 0 0 0 0 0 0 0 0 
1 0.501223 0.125758 0.00822033 7.81667e-05 4.33333e-06 0 0 0 0 0 0 0 0 0 0 0 0 0 0 
1 0.500537 0.126476 0.0083875 5.66667e-05 0 0 0 0 0 0 0 0 0 0 0 0 0 0 0 
1 0.499629 0.125303 0.00818033 3.35e-05 0 0 0 0 0 0 0 0 0 0 0 0 0 0 0 
1 0.499988 0.125651 0.008187 7.41667e-05 2.5e-06 0 0 0 0 0 0 0 0 0 0 0 0 0 0 
1 0.500485 0.125821 0.00819217 4.43333e-05 0 0 0 0 0 0 0 0 0 0 0 0 0 0 0 
1 0.501493 0.126821 0.008243 5.5e-05 0 0 0 0 0 0 0 0 0 0 0 0 0 0 0 
1 0.500084 0.125934 0.00837667 5.85e-05 0 0 0 0 0 0 0 0 0 0 0 0 0 0 0 
1 0.5003 0.125479 0.00825817 6.58333e-05 0 0 0 0 0 0 0 0 0 0 0 0 0 0 0 
1 0.500068 0.125165 0.0079975 5.01667e-05 0 0 0 0 0 0 0 0 0 0 0 0 0 0 0 
1 0.500738 0.12615 0.0083435 5.28333e-05 0 0 0 0 0 0 0 0 0 0 0 0 0 0 0 
1 0.499465 0.124892 0.00810967 5.78333e-05 0 0 0 0 0 0 0 0 0 0 0 0 0 0 0 
1 0.49836 0.124253 0.00796767 4.68333e-05 0 0 0 0 0 0 0 0 0 0 0 0 0 0 0 
1 0.500196 0.124875 0.008178 5.33333e-05 0 0 0 0 0 0 0 0 0 0 0 0 0 0 0 
1 0.500352 0.125986 0.00820917 7.78333e-05 0 0 0 0 0 0 0 0 0 0 0 0 0 0 0 
1 0.499233 0.125124 0.008098 5.23333e-05 0 0 0 0 0 0 0 0 0 0 0 0 0 0 0 
1 0.500194 0.125067 0.00820133 5.58333e-05 0 0 0 0 0 0 0 0 0 0 0 0 0 0 0 
1 0.500292 0.126455 0.00827083 5.75e-05 0 0 0 0 0 0 0 0 0 0 0 0 0 0 0 
1 0.500718 0.126635 0.00844533 4.96667e-05 0 0 0 0 0 0 0 0 0 0 0 0 0 0 0 
1 0.50212 0.127388 0.00851217 6.33333e-05 0 0 0 0 0 0 0 0 0 0 0 0 0 0 0 
1 0.501028 0.126162 0.00820483 5e-05 0 0 0 0 0 0 0 0 0 0 0 0 0 0 0 
1 0.501869 0.126419 0.0082155 5.61667e-05 0 0 0 0 0 0 0 0 0 0 0 0 0 0 0 
1 0.498829 0.124707 0.00799433 4.65e-05 0 0 0 0 0 0 0 0 0 0 0 0 0 0 0 
1 0.500288 0.125219 0.00825967 5.13333e-05 0 0 0 0 0 0 0 0 0 0 0 0 0 0 0 
1 0.498952 0.125016 0.0079475 6.2e-05 0 0 0 0 0 0 0 0 0 0 0 0 0 0 0 
1 0.499963 0.126195 0.00818167 6.2e-05 8.33333e-07 0 0 0 0 0 0 0 0 0 0 0 0 0 0 
1 0.50107 0.126398 0.008277 5.43333e-05 0 0 0 0 0 0 0 0 0 0 0 0 0 0 0 
1 0.500839 0.126531 0.00829983 5.16667e-05 0 0 0 0 0 0 0 0 0 0 0 0 0 0 0 
1 0.50066 0.125748 0.00805133 4.48333e-05 0 0 0 0 0 0 0 0 0 0 0 0 0 0 0 
1 0.500489 0.126204 0.00829883 4.25e-05 8.33333e-07 0 0 0 0 0 0 0 0 0 0 0 0 0 0 
1 0.498494 0.124222 0.008065 5.55e-05 0 0 0 0 0 0 0 0 0 0 0 0 0 0 0 
1 0.499653 0.1251 0.00797783 4.36667e-05 0 0 0 0 0 0 0 0 0 0 0 0 0 0 0 
1 0.500829 0.12646 0.008352 4.96667e-05 0 0 0 0 0 0 0 0 0 0 0 0 0 0 0 
1 0.501268 0.126917 0.008362 4.98333e-05 0 0 0 0 0 0 0 0 0 0 0 0 0 0 0 
1 0.49954 0.124487 0.00804433 4.3e-05 0 0 0 0 0 0 0 0 0 0 0 0 0 0 0 
1 0.498906 0.124701 0.00815883 4.76667e-05 8.33333e-07 0 0 0 0 0 0 0 0 0 0 0 0 0 0 
1 0.499093 0.124492 0.00797967 5.98333e-05 0 0 0 0 0 0 0 0 0 0 0 0 0 0 0 
1 0.50193 0.127133 0.00836583 5.11667e-05 0 0 0 0 0 0 0 0 0 0 0 0 0 0 0 
1 0.499565 0.124768 0.008127 4.53333e-05 0 0 0 0 0 0 0 0 0 0 0 0 0 0 0 
1 0.499151 0.12526 0.00805867 4.68333e-05 0 0 0 0 0 0 0 0 0 0 0 0 0 0 0 
1 0.499362 0.125123 0.0081195 3.88333e-05 0 0 0 0 0 0 0 0 0 0 0 0 0 0 0 
1 0.499363 0.124832 0.0081815 4.28333e-05 0 0 0 0 0 0 0 0 0 0 0 0 0 0 0 
1 0.501421 0.126035 0.00832933 4.41667e-05 0 0 0 0 0 0 0 0 0 0 0 0 0 0 0 
1 0.499945 0.125547 0.0082865 5.58333e-05 0 0 0 0 0 0 0 0 0 0 0 0 0 0 0 
1 0.500144 0.125344 0.00820067 5.26667e-05 0 0 0 0 0 0 0 0 0 0 0 0 0 0 0 
1 0.502732 0.127583 0.00848233 3.45e-05 0 0 0 0 0 0 0 0 0 0 0 0 0 0 0 
1 0.500383 0.125634 0.00821383 4.25e-05 0 0 0 0 0 0 0 0 0 0 0 0 0 0 0 
1 0.500801 0.126274 0.00843433 5.13333e-05 0 0 0 0 0 0 0 0 0 0 0 0 0 0 0 
1 0.499856 0.125801 0.0081345 4.8e-05 0 0 0 0 0 0 0 0 0 0 0 0 0 0 0 
1 0.498875 0.125166 0.0081285 4.2e-05 5e-07 0 0 0 0 0 0 0 0 0 0 0 0 0 0 
1 0.501293 0.126888 0.00834867 4.9e-05 0 0 0 0 0 0 0 0 0 0 0 0 0 0 0 
1 0.499289 0.124488 0.00781117 6.58333e-05 6.66667e-07 0 0 0 0 0 0 0 0 0 0 0 0 0 0 
1 0.500832 0.125664 0.00819633 7.25e-05 0 0 0 0 0 0 0 0 0 0 0 0 0 0 0 
1 0.499639 0.12437 0.00795867 3.66667e-05 0 0 0 0 0 0 0 0 0 0 0 0 0 0 0 
1 0.500188 0.12606 0.00838183 4.73333e-05 0 0 0 0 0 0 0 0 0 0 0 0 0 0 0 
1 0.500673 0.126514 0.008511 6.95e-05 1.33333e-06 0 0 0 0 0 0 0 0 0 0 0 0 0 0 
1 0.500418 0.125925 0.0080815 4.66667e-05 0 0 0 0 0 0 0 0 0 0 0 0 0 0 0 
1 0.500188 0.126 0.00834617 5.96667e-05 0 0 0 0 0 0 0 0 0 0 0 0 0 0 0 
1 0.499612 0.125395 0.008222 5.13333e-05 0 0 0 0 0 0 0 0 0 0 0 0 0 0 0 
1 0.499998 0.125572 0.00829367 5.98333e-05 0 0 0 0 0 0 0 0 0 0 0 0 0 0 0 
1 0.501474 0.126322 0.008295 6.51667e-05 3.33333e-07 0 0 0 0 0 0 0 0 0 0 0 0 0 0 
1 0.499132 0.124724 0.00805917 3.95e-05 0 0 0 0 0 0 0 0 0 0 0 0 0 0 0 
1 0.500367 0.126008 0.008265 5.15e-05 0 0 0 0 0 0 0 0 0 0 0 0 0 0 0 
1 0.500165 0.125545 0.00828017 5.4e-05 0 0 0 0 0 0 0 0 0 0 0 0 0 0 0 
1 0.500334 0.125684 0.00818783 3.46667e-05 0 0 0 0 0 0 0 0 0 0 0 0 0 0 0 
1 0.498796 0.124984 0.00811 4.03333e-05 0 0 0 0 0 0 0 0 0 0 0 0 0 0 0 
1 0.501708 0.127228 0.00846883 6.33333e-05 0 0 0 0 0 0 0 0 0 0 0 0 0 0 0 
1 0.499693 0.124941 0.008161 4.96667e-05 0 0 0 0 0 0 0 0 0 0 0 0 0 0 0 
1 0.499561 0.125153 0.00808583 6.38333e-05 0 0 0 0 0 0 0 0 0 0 0 0 0 0 0 
1 0.499625 0.12527 0.00802367 5.25e-05 0 0 0 0 0 0 0 0 0 0 0 0 0 0 0 
1 0.500502 0.125238 0.00818933 3.38333e-05 0 0 0 0 0 0 0 0 0 0 0 0 0 0 0 
1 0.49908 0.125136 0.00799767 4.91667e-05 0 0 0 0 0 0 0 0 0 0 0 0 0 0 0 
1 0.499083 0.124095 0.0079935 4.63333e-05 0 0 0 0 0 0 0 0 0 0 0 0 0 0 0 
1 0.499987 0.12537 0.00818783 6.18333e-05 0 0 0 0 0 0 0 0 0 0 0 0 0 0 0 
1 0.499822 0.125051 0.00807783 4.53333e-05 0 0 0 0 0 0 0 0 0 0 0 0 0 0 0 
1 0.500106 0.126419 0.00828433 6.28333e-05 0 0 0 0 0 0 0 0 0 0 0 0 0 0 0 
1 0.499672 0.125992 0.008255 5.33333e-05 1.16667e-06 0 0 0 0 0 0 0 0 0 0 0 0 0 0 
1 0.49987 0.125457 0.00814217 3.78333e-05 0 0 0 0 0 0 0 0 0 0 0 0 0 0 0 
1 0.499573 0.125071 0.00814817 5.28333e-05 0 0 0 0 0 0 0 0 0 0 0 0 0 0 0 
1 0.499522 0.125299 0.00810867 7e-05 5e-07 0 0 0 0 0 0 0 0 0 0 0 0 0 0 
1 0.500131 0.125462 0.00808867 4.03333e-05 0 0 0 0 0 0 0 0 0 0 0 0 0 0 0 
1 0.49902 0.124662 0.00800183 5.28333e-05 0 0 0 0 0 0 0 0 0 0 0 0 0 0 0 
1 0.49905 0.12457 0.00817433 5.48333e-05 0 0 0 0 0 0 0 0 0 0 0 0 0 0 0 
1 0.500421 0.125867 0.00816933 6.1e-05 0 0 0 0 0 0 0 0 0 0 0 0 0 0 0 
1 0.499747 0.125178 0.00811283 5.36667e-05 0 0 0 0 0 0 0 0 0 0 0 0 0 0 0 
1 0.501169 0.125967 0.00818417 3.61667e-05 0 0 0 0 0 0 0 0 0 0 0 0 0 0 0 
1 0.500793 0.126143 0.00825283 4.88333e-05 0 0 0 0 0 0 0 0 0 0 0 0 0 0 0 
1 0.502278 0.12752 0.00857867 5.13333e-05 0 0 0 0 0 0 0 0 0 0 0 0 0 0 0 
1 0.499733 0.125401 0.008263 5.53333e-05 0 0 0 0 0 0 0 0 0 0 0 0 0 0 0 
1 0.500084 0.125841 0.00817833 5.13333e-05 0 0 0 0 0 0 0 0 0 0 0 0 0 0 0 
1 0.500302 0.125816 0.00811767 5.83333e-05 0 0 0 0 0 0 0 0 0 0 0 0 0 0 0 
1 0.500667 0.12598 0.00820783 5.5e-05 0 0 0 0 0 0 0 0 0 0 0 0 0 0 0 
1 0.500922 0.125605 0.00823917 4.41667e-05 0 0 0 0 0 0 0 0 0 0 0 0 0 0 0 
1 0.499488 0.125158 0.00813883 4.26667e-05 0 0 0 0 0 0 0 0 0 0 0 0 0 0 0 
1 0.500825 0.125508 0.00840183 4.91667e-05 0 0 0 0 0 0 0 0 0 0 0 0 0 0 0 
1 0.500107 0.125035 0.0080345 4.05e-05 0 0 0 0 0 0 0 0 0 0 0 0 0 0 0 
1 0.500468 0.12593 0.00836283 5.63333e-05 0 0 0 0 0 0 0 0 0 0 0 0 0 0 0 
1 0.500838 0.126004 0.00834433 4.85e-05 0 0 0 0 0 0 0 0 0 0 0 0 0 0 0 
1 0.501069 0.126755 0.00831317 5.05e-05 0 0 0 0 0 0 0 0 0 0 0 0 0 0 0 
1 0.499994 0.125545 0.00818767 5.53333e-05 0 0 0 0 0 0 0 0 0 0 0 0 0 0 0 
1 0.49936 0.124988 0.00802567 4.41667e-05 0 0 0 0 0 0 0 0 0 0 0 0 0 0 0 
1 0.49881 0.124687 0.00806133 5.38333e-05 0 0 0 0 0 0 0 0 0 0 0 0 0 0 0 
1 0.501671 0.126617 0.008264 5.03333e-05 0 0 0 0 0 0 0 0 0 0 0 0 0 0 0 
1 0.500559 0.125915 0.00858433 6.5e-05 0 0 0 0 0 0 0 0 0 0 0 0 0 0 0 
1 0.500465 0.126462 0.00831467 5.86667e-05 0 0 0 0 0 0 0 0 0 0 0 0 0 0 0 
1 0.498633 0.124697 0.00797417 4.9e-05 0 0 0 0 0 0 0 0 0 0 0 0 0 0 0 
1 0.500738 0.126511 0.0081095 4.48333e-05 0 0 0 0 0 0 0 0 0 0 0 0 0 0 0 
1 0.500577 0.126495 0.00840517 5.3e-05 0 0 0 0 0 0 0 0 0 0 0 0 0 0 0 
1 0.50064 0.126027 0.00828783 5.7e-05 0 0 0 0 0 0 0 0 0 0 0 0 0 0 0 
1 0.500851 0.125955 0.0082435 4.73333e-05 0 0 0 0 0 0 0 0 0 0 0 0 0 0 0 
1 0.498479 0.1241 0.00802983 4.78333e-05 0 0 0 0 0 0 0 0 0 0 0 0 0 0 0 
1 0.49966 0.125489 0.00830617 4.88333e-05 0 0 0 0 0 0 0 0 0 0 0 0 0 0 0 
1 0.501358 0.126499 0.00822683 4.71667e-05 0 0 0 0 0 0 0 0 0 0 0 0 0 0 0 
1 0.499732 0.125178 0.00791117 5.06667e-05 6.66667e-07 0 0 0 0 0 0 0 0 0 0 0 0 0 0 
1 0.49891 0.124481 0.00797217 6.8e-05 0 0 0 0 0 0 0 0 0 0 0 0 0 0 0 
1 0.500226 0.126446 0.00832567 4.76667e-05 0 0 0 0 0 0 0 0 0 0 0 0 0 0 0 
1 0.499395 0.125505 0.00831867 6.8e-05 0 0 0 0 0 0 0 0 0 0 0 0 0 0 0 
1 0.498893 0.124886 0.00800183 4.66667e-05 0 0 0 0 0 0 0 0 0 0 0 0 0 0 0 
1 0.500422 0.125972 0.00816667 4.5e-05 0 0 0 0 0 0 0 0 0 0 0 0 0 0 0 
1 0.500599 0.126711 0.0080315 5.7e-05 0 0 0 0 0 0 0 0 0 0 0 0 0 0 0 
1 0.499552 0.12567 0.00828883 5.21667e-05 0 0 0 0 0 0 0 0 0 0 0 0 0 0 0 
1 0.500264 0.125075 0.00807183 4.4e-05 0 0 0 0 0 0 0 0 0 0 0 0 0 0 0 
1 0.500803 0.126136 0.00820583 4.95e-05 0 0 0 0 0 0 0 0 0 0 0 0 0 0 0 
1 0.499552 0.125067 0.00807467 5.5e-05 0 0 0 0 0 0 0 0 0 0 0 0 0 0 0 
1 0.500013 0.126046 0.00824233 4.56667e-05 1.16667e-06 0 0 0 0 0 0 0 0 0 0 0 0 0 0 
1 0.498911 0.125241 0.00807017 5.33333e-05 0 0 0 0 0 0 0 0 0 0 0 0 0 0 0 
1 0.500562 0.125827 0.00834667 4.53333e-05 0 0 0 0 0 0 0 0 0 0 0 0 0 0 0 
1 0.500751 0.126526 0.008361 6e-05 0 0 0 0 0 0 0 0 0 0 0 0 0 0 0 
1 0.49875 0.123934 0.00802583 5.41667e-05 0 0 0 0 0 0 0 0 0 0 0 0 0 0 0 
1 0.499784 0.12552 0.0082785 6.26667e-05 0 0 0 0 0 0 0 0 0 0 0 0 0 0 0 
1 0.498552 0.124758 0.0080895 5.53333e-05 0 0 0 0 0 0 0 0 0 0 0 0 0 0 0 
1 0.501018 0.12669 0.00835133 4.4e-05 0 0 0 0 0 0 0 0 0 0 0 0 0 0 0 
1 0.499259 0.124275 0.007914 3.88333e-05 0 0 0 0 0 0 0 0 0 0 0 0 0 0 0 
1 0.500362 0.125409 0.0081375 6.33333e-05 0 0 0 0 0 0 0 0 0 0 0 0 0 0 0 
1 0.500418 0.125815 0.00823433 4.51667e-05 0 0 0 0 0 0 0 0 0 0 0 0 0 0 0 
1 0.502028 0.126755 0.00858683 5.6e-05 0 0 0 0 0 0 0 0 0 0 0 0 0 0 0 
1 0.499959 0.125595 0.00816583 3.75e-05 0 0 0 0 0 0 0 0 0 0 0 0 0 0 0 
1 0.499731 0.124866 0.00809567 6.45e-05 0 0 0 0 0 0 0 0 0 0 0 0 0 0 0 
1 0.499904 0.125592 0.00840983 5.86667e-05 0 0 0 0 0 0 0 0 0 0 0 0 0 0 0 
1 0.499533 0.125096 0.00824467 5.06667e-05 0 0 0 0 0 0 0 0 0 0 0 0 0 0 0 
1 0.501382 0.127583 0.008543 6.7e-05 0 0 0 0 0 0 0 0 0 0 0 0 0 0 0 
1 0.499027 0.124943 0.00809433 4.68333e-05 0 0 0 0 0 0 0 0 0 0 0 0 0 0 0 
1 0.499758 0.125328 0.00809883 4.15e-05 0 0 0 0 0 0 0 0 0 0 0 0 0 0 0 
1 0.499921 0.125508 0.00821333 3.86667e-05 0 0 0 0 0 0 0 0 0 0 0 0 0 0 0 
1 0.501894 0.12695 0.00847067 5.86667e-05 0 0 0 0 0 0 0 0 0 0 0 0 0 0 0 
1 0.500955 0.126787 0.00828417 6.16667e-05 0 0 0 0 0 0 0 0 0 0 0 0 0 0 0 
1 0.499922 0.126305 0.00836 5.21667e-05 0 0 0 0 0 0 0 0 0 0 0 0 0 0 0 
1 0.499736 0.125319 0.00832717 6.08333e-05 0 0 0 0 0 0 0 0 0 0 0 0 0 0 0 
1 0.500182 0.125556 0.008155 5.03333e-05 0 0 0 0 0 0 0 0 0 0 0 0 0 0 0 
1 0.499681 0.125445 0.00813283 5.45e-05 0 0 0 0 0 0 0 0 0 0 0 0 0 0 0 
1 0.499189 0.125204 0.00806417 4e-05 0 0 0 0 0 0 0 0 0 0 0 0 0 0 0 
1 0.500284 0.126221 0.00816233 4.95e-05 0 0 0 0 0 0 0 0 0 0 0 0 0 0 0 
1 0.501872 0.126161 0.008428 6.25e-05 0 0 0 0 0 0 0 0 0 0 0 0 0 0 0 
1 0.499466 0.125425 0.0082215 5.1e-05 0 0 0 0 0 0 0 0 0 0 0 0 0 0 0 
1 0.499853 0.124861 0.00803683 4.16667e-05 0 0 0 0 0 0 0 0 0 0 0 0 0 0 0 
1 0.500158 0.125208 0.00814633 5.63333e-05 0 0 0 0 0 0 0 0 0 0 0 0 0 0 0 
1 0.499013 0.124837 0.00836667 5.98333e-05 0 0 0 0 0 0 0 0 0 0 0 0 0 0 0 
1 0.499619 0.125444 0.0082185 4.31667e-05 0 0 0 0 0 0 0 0 0 0 0 0 0 0 0 
1 0.499612 0.124865 0.00808867 5.06667e-05 0 0 0 0 0 0 0 0 0 0 0 0 0 0 0 
1 0.501652 0.12688 0.00819717 5.83333e-05 0 0 0 0 0 0 0 0 0 0 0 0 0 0 0 
1 0.499173 0.125167 0.0082745 7.6e-05 0 0 0 0 0 0 0 0 0 0 0 0 0 0 0 
1 0.498495 0.124709 0.00787567 4.73333e-05 0 0 0 0 0 0 0 0 0 0 0 0 0 0 0 
1 0.49963 0.125399 0.00835933 4.3e-05 0 0 0 0 0 0 0 0 0 0 0 0 0 0 0 
1 0.49887 0.125031 0.00821233 3.43333e-05 0 0 0 0 0 0 0 0 0 0 0 0 0 0 0 
1 0.50051 0.126231 0.00824383 5.81667e-05 0 0 0 0 0 0 0 0 0 0 0 0 0 0 0 
1 0.500097 0.126015 0.00830433 5.38333e-05 0 0 0 0 0 0 0 0 0 0 0 0 0 0 0 
1 0.500842 0.125761 0.00811633 4.85e-05 0 0 0 0 0 0 0 0 0 0 0 0 0 0 0 
1 0.499586 0.125521 0.00804517 3.88333e-05 3.33333e-07 0 0 0 0 0 0 0 0 0 0 0 0 0 0 
1 0.500979 0.126718 0.00817383 4.38333e-05 0 0 0 0 0 0 0 0 0 0 0 0 0 0 0 
1 0.500206 0.125014 0.00802717 3.75e-05 0 0 0 0 0 0 0 0 0 0 0 0 0 0 0 
1 0.50025 0.125794 0.008243 5.08333e-05 0 0 0 0 0 0 0 0 0 0 0 0 0 0 0 
1 0.50004 0.125221 0.008017 3.7e-05 0 0 0 0 0 0 0 0 0 0 0 0 0 0 0 
1 0.500019 0.125909 0.00824067 5.76667e-05 0 0 0 0 0 0 0 0 0 0 0 0 0 0 0 
1 0.500128 0.125512 0.0080965 4.41667e-05 0 0 0 0 0 0 0 0 0 0 0 0 0 0 0 
1 0.499738 0.125027 0.00813233 5.91667e-05 0 0 0 0 0 0 0 0 0 0 0 0 0 0 0 
1 0.501753 0.127236 0.00845017 4.68333e-05 0 0 0 0 0 0 0 0 0 0 0 0 0 0 0 
1 0.499118 0.125009 0.00831683 6.21667e-05 0 0 0 0 0 0 0 0 0 0 0 0 0 0 0 
1 0.498886 0.124184 0.0079525 5.81667e-05 0 0 0 0 0 0 0 0 0 0 0 0 0 0 0 
1 0.501124 0.126197 0.00836317 4.33333e-05 0 0 0 0 0 0 0 0 0 0 0 0 0 0 0 
1 0.498914 0.125107 0.008089 6.71667e-05 5e-07 0 0 0 0 0 0 0 0 0 0 0 0 0 0 
1 0.500491 0.125866 0.00824383 6.15e-05 0 0 0 0 0 0 0 0 0 0 0 0 0 0 0 
1 0.500686 0.125678 0.008259 4.88333e-05 0 0 0 0 0 0 0 0 0 0 0 0 0 0 0 
1 0.50081 0.126914 0.008414 3.33333e-05 0 0 0 0 0 0 0 0 0 0 0 0 0 0 0 
1 0.500134 0.12516 0.00839933 5.33333e-05 0 0 0 0 0 0 0 0 0 0 0 0 0 0 0 
1 0.500269 0.125881 0.00843333 4.38333e-05 0 0 0 0 0 0 0 0 0 0 0 0 0 0 0 
1 0.500838 0.125642 0.00818667 3.96667e-05 0 0 0 0 0 0 0 0 0 0 0 0 0 0 0 
1 0.500111 0.125525 0.00822583 4.83333e-05 0 0 0 0 0 0 0 0 0 0 0 0 0 0 0 
1 0.500298 0.124985 0.00808983 3.68333e-05 0 0 0 0 0 0 0 0 0 0 0 0 0 0 0 
1 0.499152 0.125085 0.00816317 5.15e-05 0 0 0 0 0 0 0 0 0 0 0 0 0 0 0 
1 0.499875 0.125478 0.0083155 5.28333e-05 0 0 0 0 0 0 0 0 0 0 0 0 0 0 0 
1 0.501112 0.125857 0.0082365 5.7e-05 0 0 0 0 0 0 0 0 0 0 0 0 0 0 0 
1 0.501945 0.127394 0.00833367 6.75e-05 0 0 0 0 0 0 0 0 0 0 0 0 0 0 0 
1 0.500381 0.125693 0.008187 5.58333e-05 0 0 0 0 0 0 0 0 0 0 0 0 0 0 0 
1 0.500243 0.125812 0.00829383 5.1e-05 0 0 0 0 0 0 0 0 0 0 0 0 0 0 0 
1 0.499853 0.125349 0.00804517 4.81667e-05 0 0 0 0 0 0 0 0 0 0 0 0 0 0 0 
1 0.500763 0.125684 0.00801233 5e-05 0 0 0 0 0 0 0 0 0 0 0 0 0 0 0 
1 0.499605 0.12566 0.00818067 5.46667e-05 0 0 0 0 0 0 0 0 0 0 0 0 0 0 0 
1 0.501455 0.127233 0.00851917 4.43333e-05 0 0 0 0 0 0 0 0 0 0 0 0 0 0 0 
1 0.499799 0.125407 0.007991 5.76667e-05 0 0 0 0 0 0 0 0 0 0 0 0 0 0 0 
1 0.501592 0.126634 0.00833717 5.98333e-05 0 0 0 0 0 0 0 0 0 0 0 0 0 0 0 
1 0.50218 0.127997 0.00859067 6.35e-05 0 0 0 0 0 0 0 0 0 0 0 0 0 0 0 
1 0.499101 0.124436 0.00807583 5.7e-05 0 0 0 0 0 0 0 0 0 0 0 0 0 0 0 
1 0.50022 0.125742 0.00838917 3.96667e-05 0 0 0 0 0 0 0 0 0 0 0 0 0 0 0 
1 0.499241 0.125487 0.00821183 6.61667e-05 0 0 0 0 0 0 0 0 0 0 0 0 0 0 0 
1 0.500054 0.12608 0.00848133 5.46667e-05 0 0 0 0 0 0 0 0 0 0 0 0 0 0 0 
1 0.498372 0.124867 0.00818917 5.83333e-05 0 0 0 0 0 0 0 0 0 0 0 0 0 0 0 
1 0.49924 0.124649 0.0081505 5.91667e-05 0 0 0 0 0 0 0 0 0 0 0 0 0 0 0 
1 0.498628 0.124947 0.0079855 5.41667e-05 0 0 0 0 0 0 0 0 0 0 0 0 0 0 0 
1 0.498797 0.124541 0.00790933 4.58333e-05 0 0 0 0 0 0 0 0 0 0 0 0 0 0 0 
1 0.499751 0.125785 0.0082795 6.38333e-05 0 0 0 0 0 0 0 0 0 0 0 0 0 0 0 
1 0.500565 0.125364 0.00811017 4.96667e-05 0 0 0 0 0 0 0 0 0 0 0 0 0 0 0 
1 0.50269 0.127601 0.00837067 5.45e-05 0 0 0 0 0 0 0 0 0 0 0 0 0 0 0 
1 0.500537 0.12562 0.008277 6.25e-05 0 0 0 0 0 0 0 0 0 0 0 0 0 0 0 
1 0.500591 0.12624 0.0082445 4.21667e-05 0 0 0 0 0 0 0 0 0 0 0 0 0 0 0 
1 0.498867 0.12489 0.00806983 4.33333e-05 0 0 0 0 0 0 0 0 0 0 0 0 0 0 0 
1 0.499899 0.125891 0.00827883 5.71667e-05 0 0 0 0 0 0 0 0 0 0 0 0 0 0 0 
1 0.499345 0.125383 0.008137 5.11667e-05 0 0 0 0 0 0 0 0 0 0 0 0 0 0 0 
1 0.500156 0.125563 0.00828333 5.86667e-05 0 0 0 0 0 0 0 0 0 0 0 0 0 0 0 
1 0.500059 0.125794 0.00821267 5.1e-05 0 0 0 0 0 0 0 0 0 0 0 0 0 0 0 
1 0.499215 0.125372 0.0079585 3.6e-05 0 0 0 0 0 0 0 0 0 0 0 0 0 0 0 
1 0.499741 0.125212 0.00844683 5.76667e-05 0 0 0 0 0 0 0 0 0 0 0 0 0 0 0 
1 0.500156 0.126304 0.0082245 3.75e-05 0 0 0 0 0 0 0 0 0 0 0 0 0 0 0 
1 0.49892 0.124342 0.0080615 5.3e-05 0 0 0 0 0 0 0 0 0 0 0 0 0 0 0 
1 0.50034 0.125364 0.00801017 4.91667e-05 0 0 0 0 0 0 0 0 0 0 0 0 0 0 0 
1 0.500462 0.126371 0.0081225 3.48333e-05 0 0 0 0 0 0 0 0 0 0 0 0 0 0 0 
1 0.49954 0.124975 0.0080915 4.08333e-05 0 0 0 0 0 0 0 0 0 0 0 0 0 0 0 
1 0.502122 0.127283 0.0084295 5.91667e-05 0 0 0 0 0 0 0 0 0 0 0 0 0 0 0 
1 0.499951 0.125422 0.008165 4.21667e-05 2.83333e-06 0 0 0 0 0 0 0 0 0 0 0 0 0 0 
1 0.500607 0.126285 0.0084055 5.18333e-05 0 0 0 0 0 0 0 0 0 0 0 0 0 0 0 
1 0.500894 0.126614 0.0083285 5.88333e-05 0 0 0 0 0 0 0 0 0 0 0 0 0 0 0 
1 0.499568 0.12476 0.00823467 4.36667e-05 0 0 0 0 0 0 0 0 0 0 0 0 0 0 0 
1 0.501855 0.12631 0.00823067 5.8e-05 1e-06 0 0 0 0 0 0 0 0 0 0 0 0 0 0 
1 0.499821 0.125615 0.00830517 5.88333e-05 0 0 0 0 0 0 0 0 0 0 0 0 0 0 0 
1 0.502278 0.127488 0.00850617 6.21667e-05 0 0 0 0 0 0 0 0 0 0 0 0 0 0 0 
1 0.499562 0.125707 0.008327 6.4e-05 0 0 0 0 0 0 0 0 0 0 0 0 0 0 0 
1 0.501445 0.127095 0.00823533 5.16667e-05 0 0 0 0 0 0 0 0 0 0 0 0 0 0 0 
1 0.499733 0.1254 0.00816017 6.81667e-05 0 0 0 0 0 0 0 0 0 0 0 0 0 0 0 
1 0.499447 0.124657 0.00790633 6.81667e-05 0 0 0 0 0 0 0 0 0 0 0 0 0 0 0 
1 0.501452 0.126388 0.0085445 5.51667e-05 0 0 0 0 0 0 0 0 0 0 0 0 0 0 0 
1 0.500369 0.126232 0.00831183 4.66667e-05 6.66667e-07 0 0 0 0 0 0 0 0 0 0 0 0 0 0 
1 0.499243 0.125271 0.0083985 5.86667e-05 0 0 0 0 0 0 0 0 0 0 0 0 0 0 0 
1 0.499814 0.125363 0.00811217 3.58333e-05 0 0 0 0 0 0 0 0 0 0 0 0 0 0 0 
1 0.50068 0.126266 0.0082295 5.11667e-05 0 0 0 0 0 0 0 0 0 0 0 0 0 0 0 
1 0.49986 0.124946 0.00796533 5.11667e-05 0 0 0 0 0 0 0 0 0 0 0 0 0 0 0 
1 0.5002 0.126121 0.008225 6.58333e-05 0 0 0 0 0 0 0 0 0 0 0 0 0 0 0 
1 0.5007 0.126431 0.0082315 4.31667e-05 0 0 0 0 0 0 0 0 0 0 0 0 0 0 0 
1 0.499701 0.125114 0.00800667 3.71667e-05 5e-07 0 0 0 0 0 0 0 0 0 0 0 0 0 0 
1 0.498514 0.123879 0.00787283 4.81667e-05 0 0 0 0 0 0 0 0 0 0 0 0 0 0 0 
1 0.499095 0.124547 0.00807717 5.61667e-05 0 0 0 0 0 0 0 0 0 0 0 0 0 0 0 
1 0.499719 0.125332 0.00826083 6.08333e-05 0 0 0 0 0 0 0 0 0 0 0 0 0 0 0 
1 0.500031 0.124615 0.00814667 4.78333e-05 0 0 0 0 0 0 0 0 0 0 0 0 0 0 0 
1 0.498912 0.124335 0.00806733 5.26667e-05 0 0 0 0 0 0 0 0 0 0 0 0 0 0 0 
1 0.499819 0.125439 0.008111 5.3e-05 0 0 0 0 0 0 0 0 0 0 0 0 0 0 0 
1 0.501416 0.126855 0.00847283 3.68333e-05 0 0 0 0 0 0 0 0 0 0 0 0 0 0 0 
1 0.499811 0.125767 0.00831933 6.43333e-05 0 0 0 0 0 0 0 0 0 0 0 0 0 0 0 
1 0.501123 0.126571 0.00831317 6.35e-05 5e-07 0 0 0 0 0 0 0 0 0 0 0 0 0 0 
1 0.498629 0.124957 0.0082245 3.86667e-05 0 0 0 0 0 0 0 0 0 0 0 0 0 0 0 
1 0.49937 0.125174 0.00811017 5.13333e-05 0 0 0 0 0 0 0 0 0 0 0 0 0 0 0 
1 0.499716 0.124964 0.00787333 4.86667e-05 0 0 0 0 0 0 0 0 0 0 0 0 0 0 0 
1 0.501003 0.126689 0.00815467 5.18333e-05 1.66667e-07 0 0 0 0 0 0 0 0 0 0 0 0 0 0 
1 0.498862 0.124752 0.0081515 3.95e-05 0 0 0 0 0 0 0 0 0 0 0 0 0 0 0 
1 0.501066 0.126444 0.00814883 4.58333e-05 0 0 0 0 0 0 0 0 0 0 0 0 0 0 0 
1 0.500039 0.125159 0.00817633 6.43333e-05 0 0 0 0 0 0 0 0 0 0 0 0 0 0 0 
1 0.50029 0.126204 0.00833083 4.03333e-05 0 0 0 0 0 0 0 0 0 0 0 0 0 0 0 
1 0.501309 0.126693 0.00819167 3.55e-05 0 0 0 0 0 0 0 0 0 0 0 0 0 0 0 
1 0.499749 0.12578 0.00829383 4.85e-05 0 0 0 0 0 0 0 0 0 0 0 0 0 0 0 
1 0.500526 0.126462 0.00845817 5.63333e-05 0 0 0 0 0 0 0 0 0 0 0 0 0 0 0 
1 0.501557 0.127327 0.00861967 7.48333e-05 0 0 0 0 0 0 0 0 0 0 0 0 0 0 0 
1 0.501556 0.126762 0.008418 4.3e-05 0 0 0 0 0 0 0 0 0 0 0 0 0 0 0 
1 0.49938 0.124989 0.00813317 4.33333e-05 0 0 0 0 0 0 0 0 0 0 0 0 0 0 0 
1 0.500604 0.126215 0.00836417 4.91667e-05 0 0 0 0 0 0 0 0 0 0 0 0 0 0 0 
1 0.498796 0.124402 0.00815017 4.95e-05 0 0 0 0 0 0 0 0 0 0 0 0 0 0 0 
1 0.500346 0.125617 0.00808167 4.03333e-05 0 0 0 0 0 0 0 0 0 0 0 0 0 0 0 
1 0.498734 0.124298 0.00811467 5.28333e-05 0 0 0 0 0 0 0 0 0 0 0 0 0 0 0 
1 0.498652 0.124715 0.007978 4.9e-05 0 0 0 0 0 0 0 0 0 0 0 0 0 0 0 
1 0.499069 0.124802 0.00804483 6.53333e-05 0 0 0 0 0 0 0 0 0 0 0 0 0 0 0 
1 0.500563 0.12628 0.00817533 5.61667e-05 0 0 0 0 0 0 0 0 0 0 0 0 0 0 0 
1 0.499631 0.126163 0.00825067 6.31667e-05 0 0 0 0 0 0 0 0 0 0 0 0 0 0 0 
1 0.500676 0.125897 0.00822817 4.5e-05 0 0 0 0 0 0 0 0 0 0 0 0 0 0 0 
1 0.499855 0.12532 0.00794317 4.83333e-05 0 0 0 0 0 0 0 0 0 0 0 0 0 0 0 
1 0.499291 0.125635 0.0082025 4.31667e-05 1.16667e-06 0 0 0 0 0 0 0 0 0 0 0 0 0 0 
1 0.50122 0.126245 0.00832717 5.23333e-05 0 0 0 0 0 0 0 0 0 0 0 0 0 0 0 
1 0.49956 0.125136 0.00819667 4.11667e-05 0 0 0 0 0 0 0 0 0 0 0 0 0 0 0 
1 0.498325 0.123856 0.007806 4.45e-05 0 0 0 0 0 0 0 0 0 0 0 0 0 0 0 
1 0.499512 0.125149 0.00795217 4.11667e-05 0 0 0 0 0 0 0 0 0 0 0 0 0 0 0 
1 0.498918 0.124838 0.00813133 5.7e-05 0 0 0 0 0 0 0 0 0 0 0 0 0 0 0 
1 0.500153 0.125979 0.00811617 5.45e-05 0 0 0 0 0 0 0 0 0 0 0 0 0 0 0 
1 0.499931 0.125187 0.0081205 4.15e-05 5e-07 0 0 0 0 0 0 0 0 0 0 0 0 0 0 
1 0.499281 0.125037 0.0081965 4.86667e-05 0 0 0 0 0 0 0 0 0 0 0 0 0 0 0 
1 0.501266 0.126449 0.00828433 4.96667e-05 0 0 0 0 0 0 0 0 0 0 0 0 0 0 0 
1 0.501487 0.127341 0.00855933 6.48333e-05 0 0 0 0 0 0 0 0 0 0 0 0 0 0 0 
1 0.500743 0.126631 0.0083515 6.88333e-05 0 0 0 0 0 0 0 0 0 0 0 0 0 0 0 
1 0.500102 0.125956 0.00840333 7.16667e-05 0 0 0 0 0 0 0 0 0 0 0 0 0 0 0 
1 0.500262 0.126016 0.008144 5.51667e-05 0 0 0 0 0 0 0 0 0 0 0 0 0 0 0 
1 0.502221 0.127389 0.0086405 5.98333e-05 0 0 0 0 0 0 0 0 0 0 0 0 0 0 0 
1 0.499084 0.125002 0.0079835 5.15e-05 8.33333e-07 0 0 0 0 0 0 0 0 0 0 0 0 0 0 
1 0.498472 0.12384 0.00779333 4.96667e-05 0 0 0 0 0 0 0 0 0 0 0 0 0 0 0 
1 0.500031 0.125387 0.00803517 6.11667e-05 0 0 0 0 0 0 0 0 0 0 0 0 0 0 0 
1 0.500059 0.125602 0.00818033 3.8e-05 0 0 0 0 0 0 0 0 0 0 0 0 0 0 0 
1 0.500741 0.125965 0.00829233 5.26667e-05 5e-07 0 0 0 0 0 0 0 0 0 0 0 0 0 0 
1 0.500626 0.12602 0.0082635 5.11667e-05 0 0 0 0 0 0 0 0 0 0 0 0 0 0 0 
1 0.498952 0.124829 0.00793867 5.35e-05 0 0 0 0 0 0 0 0 0 0 0 0 0 0 0 
1 0.499609 0.125155 0.00822033 5.4e-05 0 0 0 0 0 0 0 0 0 0 0 0 0 0 0 
1 0.500081 0.126018 0.0084115 5.38333e-05 0 0 0 0 0 0 0 0 0 0 0 0 0 0 0 
1 0.500248 0.125987 0.008428 6.45e-05 0 0 0 0 0 0 0 0 0 0 0 0 0 0 0 
1 0.499872 0.125638 0.00820583 3.33333e-05 0 0 0 0 0 0 0 0 0 0 0 0 0 0 0 
1 0.50166 0.1264 0.00829733 4.88333e-05 0 0 0 0 0 0 0 0 0 0 0 0 0 0 0 
1 0.499027 0.125107 0.00805417 5.86667e-05 0 0 0 0 0 0 0 0 0 0 0 0 0 0 0 
1 0.500085 0.125632 0.00818117 7.45e-05 0 0 0 0 0 0 0 0 0 0 0 0 0 0 0 
1 0.4981 0.124509 0.0080685 5.23333e-05 0 0 0 0 0 0 0 0 0 0 0 0 0 0 0 
1 0.50172 0.126895 0.00854183 5.66667e-05 0 0 0 0 0 0 0 0 0 0 0 0 0 0 0 
1 0.500033 0.126554 0.0084805 5.98333e-05 0 0 0 0 0 0 0 0 0 0 0 0 0 0 0 
1 0.501135 0.125947 0.00804617 4.03333e-05 0 0 0 0 0 0 0 0 0 0 0 0 0 0 0 
1 0.50103 0.126197 0.008333 5.23333e-05 0 0 0 0 0 0 0 0 0 0 0 0 0 0 0 
1 0.499787 0.125865 0.00813517 4.43333e-05 0 0 0 0 0 0 0 0 0 0 0 0 0 0 0 
1 0.500798 0.126079 0.00823417 4.41667e-05 0 0 0 0 0 0 0 0 0 0 0 0 0 0 0 
1 0.500539 0.125622 0.00836683 5.81667e-05 0 0 0 0 0 0 0 0 0 0 0 0 0 0 0 
1 0.499344 0.125315 0.00830167 5.56667e-05 0 0 0 0 0 0 0 0 0 0 0 0 0 0 0 
1 0.500537 0.126054 0.00819233 5.16667e-05 0 0 0 0 0 0 0 0 0 0 0 0 0 0 0 
1 0.501252 0.126204 0.00819633 4.98333e-05 0 0 0 0 0 0 0 0 0 0 0 0 0 0 0 
1 0.499944 0.125311 0.00794367 4.6e-05 0 0 0 0 0 0 0 0 0 0 0 0 0 0 0 
1 0.499636 0.125358 0.00796567 4.6e-05 3.33333e-07 0 0 0 0 0 0 0 0 0 0 0 0 0 0 
1 0.501668 0.126814 0.008285 4.46667e-05 0 0 0 0 0 0 0 0 0 0 0 0 0 0 0 
1 0.498746 0.12432 0.00784 4.16667e-05 0 0 0 0 0 0 0 0 0 0 0 0 0 0 0 
1 0.500484 0.125341 0.00826133 6e-05 0 0 0 0 0 0 0 0 0 0 0 0 0 0 0 
1 0.499266 0.124871 0.008113 5.15e-05 0 0 0 0 0 0 0 0 0 0 0 0 0 0 0 
1 0.500201 0.125739 0.00822383 4.18333e-05 0 0 0 0 0 0 0 0 0 0 0 0 0 0 0 
1 0.500006 0.125188 0.00814683 6.43333e-05 0 0 0 0 0 0 0 0 0 0 0 0 0 0 0 
1 0.500807 0.126451 0.0080235 4.3e-05 0 0 0 0 0 0 0 0 0 0 0 0 0 0 0 
1 0.499223 0.124506 0.0081325 5.06667e-05 0 0 0 0 0 0 0 0 0 0 0 0 0 0 0 
1 0.500419 0.12606 0.00835217 4.81667e-05 0 0 0 0 0 0 0 0 0 0 0 0 0 0 0 
1 0.500272 0.126105 0.00839717 6.66667e-05 0 0 0 0 0 0 0 0 0 0 0 0 0 0 0 
1 0.499585 0.125213 0.008132 6.06667e-05 0 0 0 0 0 0 0 0 0 0 0 0 0 0 0 
1 0.49951 0.125199 0.00819483 4.55e-05 0 0 0 0 0 0 0 0 0 0 0 0 0 0 0 
1 0.499943 0.125194 0.00800567 5.03333e-05 0 0 0 0 0 0 0 0 0 0 0 0 0 0 0 
1 0.499849 0.125799 0.008195 3.45e-05 0 0 0 0 0 0 0 0 0 0 0 0 0 0 0 
1 0.499887 0.125297 0.00811917 8.01667e-05 0 0 0 0 0 0 0 0 0 0 0 0 0 0 0 
1 0.501487 0.126429 0.008203 5.66667e-05 0 0 0 0 0 0 0 0 0 0 0 0 0 0 0 
1 0.501177 0.12586 0.00798517 4.65e-05 0 0 0 0 0 0 0 0 0 0 0 0 0 0 0 
1 0.499797 0.12537 0.00813817 4.76667e-05 0 0 0 0 0 0 0 0 0 0 0 0 0 0 0 
1 0.499735 0.125738 0.00808217 4.25e-05 0 0 0 0 0 0 0 0 0 0 0 0 0 0 0 
1 0.499652 0.125509 0.00819483 6.31667e-05 1.66667e-07 0 0 0 0 0 0 0 0 0 0 0 0 0 0 
1 0.499607 0.125657 0.00810383 7.61667e-05 0 0 0 0 0 0 0 0 0 0 0 0 0 0 0 
1 0.500301 0.1255 0.00814467 6.96667e-05 3.33333e-07 0 0 0 0 0 0 0 0 0 0 0 0 0 0 
1 0.500461 0.125963 0.00819867 6.23333e-05 0 0 0 0 0 0 0 0 0 0 0 0 0 0 0 
1 0.500627 0.126485 0.0084145 3.93333e-05 0 0 0 0 0 0 0 0 0 0 0 0 0 0 0 
1 0.501639 0.126543 0.008406 6.4e-05 0 0 0 0 0 0 0 0 0 0 0 0 0 0 0 
1 0.499017 0.125005 0.00825583 6.65e-05 0 0 0 0 0 0 0 0 0 0 0 0 0 0 0 
1 0.500048 0.12574 0.00837317 5.8e-05 0 0 0 0 0 0 0 0 0 0 0 0 0 0 0 
1 0.498802 0.124802 0.0081335 5.06667e-05 0 0 0 0 0 0 0 0 0 0 0 0 0 0 0 
1 0.499013 0.124764 0.00832767 4.31667e-05 0 0 0 0 0 0 0 0 0 0 0 0 0 0 0 
1 0.498063 0.124053 0.007975 4.7e-05 0 0 0 0 0 0 0 0 0 0 0 0 0 0 0 
1 0.500049 0.126011 0.00826217 6.18333e-05 0 0 0 0 0 0 0 0 0 0 0 0 0 0 0 
1 0.501166 0.126138 0.00818767 4.11667e-05 6.66667e-07 0 0 0 0 0 0 0 0 0 0 0 0 0 0 
1 0.499564 0.124883 0.00791833 4.51667e-05 0 0 0 0 0 0 0 0 0 0 0 0 0 0 0 
1 0.500941 0.126588 0.008364 4.61667e-05 0 0 0 0 0 0 0 0 0 0 0 0 0 0 0 
1 0.500884 0.126252 0.00833967 4.91667e-05 0 0 0 0 0 0 0 0 0 0 0 0 0 0 0 
1 0.500509 0.126026 0.0081215 4.03333e-05 0 0 0 0 0 0 0 0 0 0 0 0 0 0 0 
1 0.501015 0.126335 0.0083275 4.28333e-05 0 0 0 0 0 0 0 0 0 0 0 0 0 0 0 
1 0.499468 0.12533 0.00807283 4.38333e-05 0 0 0 0 0 0 0 0 0 0 0 0 0 0 0 
1 0.500551 0.125032 0.007929 3.21667e-05 0 0 0 0 0 0 0 0 0 0 0 0 0 0 0 
1 0.499112 0.124931 0.00816617 5.08333e-05 0 0 0 0 0 0 0 0 0 0 0 0 0 0 0 
1 0.500107 0.125856 0.00817417 5.31667e-05 0 0 0 0 0 0 0 0 0 0 0 0 0 0 0 
1 0.498832 0.124649 0.0081235 4.76667e-05 0 0 0 0 0 0 0 0 0 0 0 0 0 0 0 
1 0.500848 0.126352 0.00831433 6.41667e-05 0 0 0 0 0 0 0 0 0 0 0 0 0 0 0 
1 0.499225 0.125346 0.00818633 3.56667e-05 0 0 0 0 0 0 0 0 0 0 0 0 0 0 0 
1 0.499535 0.125489 0.008048 7.06667e-05 0 0 0 0 0 0 0 0 0 0 0 0 0 0 0 
1 0.499948 0.125562 0.00826533 5.6e-05 0 0 0 0 0 0 0 0 0 0 0 0 0 0 0 
1 0.500576 0.125647 0.00803783 5.85e-05 0 0 0 0 0 0 0 0 0 0 0 0 0 0 0 
1 0.500518 0.126028 0.00834533 5.33333e-05 0 0 0 0 0 0 0 0 0 0 0 0 0 0 0 
1 0.501018 0.126434 0.00827417 6.55e-05 0 0 0 0 0 0 0 0 0 0 0 0 0 0 0 
1 0.499948 0.125649 0.00817983 4.96667e-05 1.66667e-07 0 0 0 0 0 0 0 0 0 0 0 0 0 0 
1 0.500039 0.125761 0.00828233 6.36667e-05 8.33333e-07 0 0 0 0 0 0 0 0 0 0 0 0 0 0 
1 0.500965 0.12653 0.00837967 5.61667e-05 0 0 0 0 0 0 0 0 0 0 0 0 0 0 0 
1 0.499499 0.126114 0.0082735 4.9e-05 0 0 0 0 0 0 0 0 0 0 0 0 0 0 0 
1 0.5006 0.12622 0.00815533 5.1e-05 0 0 0 0 0 0 0 0 0 0 0 0 0 0 0 
1 0.499401 0.125056 0.008062 4.66667e-05 0 0 0 0 0 0 0 0 0 0 0 0 0 0 0 
1 0.500698 0.126349 0.008298 5.88333e-05 0 0 0 0 0 0 0 0 0 0 0 0 0 0 0 
1 0.500477 0.125714 0.00818067 4.56667e-05 0 0 0 0 0 0 0 0 0 0 0 0 0 0 0 
1 0.499655 0.125763 0.00822267 4e-05 0 0 0 0 0 0 0 0 0 0 0 0 0 0 0 
1 0.499171 0.124639 0.00814367 4.98333e-05 0 0 0 0 0 0 0 0 0 0 0 0 0 0 0 
1 0.50042 0.126349 0.00851883 5.08333e-05 0 0 0 0 0 0 0 0 0 0 0 0 0 0 0 
1 0.50041 0.126257 0.00831433 5.3e-05 0 0 0 0 0 0 0 0 0 0 0 0 0 0 0 
1 0.500959 0.125539 0.008167 5.5e-05 0 0 0 0 0 0 0 0 0 0 0 0 0 0 0 
1 0.50195 0.127713 0.00867733 5.61667e-05 0 0 0 0 0 0 0 0 0 0 0 0 0 0 0 
1 0.499293 0.124855 0.00802683 5.73333e-05 1.66667e-07 0 0 0 0 0 0 0 0 0 0 0 0 0 0 
1 0.501566 0.126486 0.00833933 5.2e-05 0 0 0 0 0 0 0 0 0 0 0 0 0 0 0 
1 0.499859 0.125134 0.008294 4.63333e-05 0 0 0 0 0 0 0 0 0 0 0 0 0 0 0 
1 0.501295 0.126414 0.0083305 5.63333e-05 0 0 0 0 0 0 0 0 0 0 0 0 0 0 0 
1 0.499129 0.124755 0.00811683 4.38333e-05 0 0 0 0 0 0 0 0 0 0 0 0 0 0 0 
1 0.500372 0.125964 0.0082165 5.45e-05 0 0 0 0 0 0 0 0 0 0 0 0 0 0 0 
1 0.500024 0.125672 0.0081415 5.11667e-05 5e-07 0 0 0 0 0 0 0 0 0 0 0 0 0 0 
1 0.500305 0.125913 0.00822167 5.66667e-05 0 0 0 0 0 0 0 0 0 0 0 0 0 0 0 
1 0.500081 0.125661 0.00813567 5.08333e-05 0 0 0 0 0 0 0 0 0 0 0 0 0 0 0 
1 0.500678 0.126005 0.00804233 3.96667e-05 0 0 0 0 0 0 0 0 0 0 0 0 0 0 0 
1 0.499361 0.125489 0.00827583 5.3e-05 0 0 0 0 0 0 0 0 0 0 0 0 0 0 0 
1 0.499923 0.125462 0.00793617 4.51667e-05 0 0 0 0 0 0 0 0 0 0 0 0 0 0 0 
1 0.499317 0.124961 0.00807317 5.35e-05 0 0 0 0 0 0 0 0 0 0 0 0 0 0 0 
1 0.498881 0.125083 0.00818 5.25e-05 0 0 0 0 0 0 0 0 0 0 0 0 0 0 0 
1 0.500771 0.126592 0.008328 4.05e-05 1.66667e-07 0 0 0 0 0 0 0 0 0 0 0 0 0 0 
1 0.499164 0.125905 0.0082575 7e-05 0 0 0 0 0 0 0 0 0 0 0 0 0 0 0 
1 0.500903 0.126694 0.008404 5.18333e-05 0 0 0 0 0 0 0 0 0 0 0 0 0 0 0 
1 0.49917 0.124664 0.00804183 5.08333e-05 0 0 0 0 0 0 0 0 0 0 0 0 0 0 0 
1 0.500452 0.125422 0.00815667 4.1e-05 0 0 0 0 0 0 0 0 0 0 0 0 0 0 0 
1 0.499216 0.124568 0.00793017 4.06667e-05 0 0 0 0 0 0 0 0 0 0 0 0 0 0 0 
1 0.499812 0.126019 0.0081615 4.11667e-05 0 0 0 0 0 0 0 0 0 0 0 0 0 0 0 
1 0.499183 0.12449 0.00790683 6.55e-05 1.66667e-07 0 0 0 0 0 0 0 0 0 0 0 0 0 0 
1 0.499261 0.125226 0.00804633 2.98333e-05 0 0 0 0 0 0 0 0 0 0 0 0 0 0 0 
1 0.499931 0.125351 0.0080985 5.6e-05 0 0 0 0 0 0 0 0 0 0 0 0 0 0 0 
1 0.501191 0.126404 0.008253 4.56667e-05 0 0 0 0 0 0 0 0 0 0 0 0 0 0 0 
1 0.498657 0.124671 0.00811317 3.53333e-05 0 0 0 0 0 0 0 0 0 0 0 0 0 0 0 
1 0.500354 0.125519 0.00808867 4.1e-05 1.16667e-06 0 0 0 0 0 0 0 0 0 0 0 0 0 0 
1 0.500833 0.125573 0.00814017 3.35e-05 0 0 0 0 0 0 0 0 0 0 0 0 0 0 0 
1 0.497928 0.124216 0.0079925 4.65e-05 0 0 0 0 0 0 0 0 0 0 0 0 0 0 0 
1 0.501593 0.126815 0.00837633 7.56667e-05 0 0 0 0 0 0 0 0 0 0 0 0 0 0 0 
1 0.49956 0.124808 0.0080895 4.05e-05 0 0 0 0 0 0 0 0 0 0 0 0 0 0 0 
1 0.500849 0.126534 0.0083025 4.51667e-05 0 0 0 0 0 0 0 0 0 0 0 0 0 0 0 
1 0.500747 0.126035 0.00824467 6.21667e-05 0 0 0 0 0 0 0 0 0 0 0 0 0 0 0 
1 0.499957 0.125843 0.00840133 4.91667e-05 0 0 0 0 0 0 0 0 0 0 0 0 0 0 0 
1 0.498912 0.124889 0.00804417 4.43333e-05 0 0 0 0 0 0 0 0 0 0 0 0 0 0 0 
1 0.500724 0.126391 0.00834167 4.76667e-05 0 0 0 0 0 0 0 0 0 0 0 0 0 0 0 
1 0.499786 0.12583 0.00830683 4.25e-05 0 0 0 0 0 0 0 0 0 0 0 0 0 0 0 
1 0.499142 0.125333 0.0081535 5.95e-05 0 0 0 0 0 0 0 0 0 0 0 0 0 0 0 
1 0.50011 0.125674 0.00806867 4.25e-05 2e-06 0 0 0 0 0 0 0 0 0 0 0 0 0 0 
1 0.499783 0.125171 0.00806533 6.25e-05 0 0 0 0 0 0 0 0 0 0 0 0 0 0 0 
1 0.497724 0.124338 0.00794983 5.78333e-05 2.33333e-06 0 0 0 0 0 0 0 0 0 0 0 0 0 0 
1 0.49994 0.125366 0.00831883 4.4e-05 2.83333e-06 0 0 0 0 0 0 0 0 0 0 0 0 0 0 
1 0.499661 0.125128 0.00814383 4.23333e-05 0 0 0 0 0 0 0 0 0 0 0 0 0 0 0 
1 0.499881 0.124915 0.008068 5.01667e-05 0 0 0 0 0 0 0 0 0 0 0 0 0 0 0 
1 0.500947 0.126414 0.00840667 6.45e-05 0 0 0 0 0 0 0 0 0 0 0 0 0 0 0 
1 0.500468 0.125918 0.008246 4.23333e-05 0 0 0 0 0 0 0 0 0 0 0 0 0 0 0 
1 0.498946 0.12518 0.00824367 4.1e-05 0 0 0 0 0 0 0 0 0 0 0 0 0 0 0 
1 0.499015 0.125275 0.008135 5.45e-05 0 0 0 0 0 0 0 0 0 0 0 0 0 0 0 
1 0.500162 0.125582 0.00815417 4.45e-05 0 0 0 0 0 0 0 0 0 0 0 0 0 0 0 
1 0.499088 0.125078 0.00804 5.23333e-05 0 0 0 0 0 0 0 0 0 0 0 0 0 0 0 
1 0.501625 0.126346 0.00849983 6.66667e-05 0 0 0 0 0 0 0 0 0 0 0 0 0 0 0 
1 0.500319 0.125737 0.0081365 5.45e-05 0 0 0 0 0 0 0 0 0 0 0 0 0 0 0 
1 0.499955 0.125637 0.00820867 6e-05 0 0 0 0 0 0 0 0 0 0 0 0 0 0 0 
1 0.498993 0.124843 0.008124 6.03333e-05 0 0 0 0 0 0 0 0 0 0 0 0 0 0 0 
1 0.500498 0.126341 0.00825383 4e-05 0 0 0 0 0 0 0 0 0 0 0 0 0 0 0 
1 0.498929 0.124723 0.00815717 5.46667e-05 0 0 0 0 0 0 0 0 0 0 0 0 0 0 0 
1 0.499376 0.125334 0.00812683 5.06667e-05 0 0 0 0 0 0 0 0 0 0 0 0 0 0 0 
1 0.499597 0.125886 0.0083045 6.31667e-05 0 0 0 0 0 0 0 0 0 0 0 0 0 0 0 
1 0.499104 0.124813 0.00809783 6.23333e-05 0 0 0 0 0 0 0 0 0 0 0 0 0 0 0 
1 0.500129 0.125901 0.00814667 4.36667e-05 0 0 0 0 0 0 0 0 0 0 0 0 0 0 0 
1 0.501064 0.126714 0.00809583 4.76667e-05 0 0 0 0 0 0 0 0 0 0 0 0 0 0 0 
1 0.501052 0.126411 0.00820483 3.78333e-05 0 0 0 0 0 0 0 0 0 0 0 0 0 0 0 
1 0.499993 0.124992 0.00793183 4.48333e-05 0 0 0 0 0 0 0 0 0 0 0 0 0 0 0 
1 0.501006 0.126713 0.00835367 5.15e-05 0 0 0 0 0 0 0 0 0 0 0 0 0 0 0 
1 0.499455 0.124499 0.0080125 5.1e-05 1.66667e-07 0 0 0 0 0 0 0 0 0 0 0 0 0 0 
1 0.499607 0.125589 0.008164 4.91667e-05 0 0 0 0 0 0 0 0 0 0 0 0 0 0 0 
1 0.499878 0.125447 0.00823483 4.91667e-05 0 0 0 0 0 0 0 0 0 0 0 0 0 0 0 
1 0.49847 0.124564 0.00801317 4.65e-05 0 0 0 0 0 0 0 0 0 0 0 0 0 0 0 
1 0.498501 0.1245 0.00821717 6.5e-05 0 0 0 0 0 0 0 0 0 0 0 0 0 0 0 
1 0.500669 0.126082 0.00819833 5.23333e-05 1.66667e-07 0 0 0 0 0 0 0 0 0 0 0 0 0 0 
1 0.502013 0.127826 0.00855983 6.35e-05 3.33333e-07 0 0 0 0 0 0 0 0 0 0 0 0 0 0 
1 0.499746 0.124749 0.008231 4.85e-05 0 0 0 0 0 0 0 0 0 0 0 0 0 0 0 
1 0.500826 0.126694 0.00833033 4.76667e-05 0 0 0 0 0 0 0 0 0 0 0 0 0 0 0 
1 0.499897 0.126003 0.00819117 4.65e-05 0 0 0 0 0 0 0 0 0 0 0 0 0 0 0 
1 0.500169 0.125312 0.00827917 4.48333e-05 0 0 0 0 0 0 0 0 0 0 0 0 0 0 0 
1 0.500929 0.125979 0.008151 3.9e-05 0 0 0 0 0 0 0 0 0 0 0 0 0 0 0 
1 0.499427 0.125138 0.00809617 3.9e-05 0 0 0 0 0 0 0 0 0 0 0 0 0 0 0 
1 0.500291 0.126095 0.00830083 4.76667e-05 0 0 0 0 0 0 0 0 0 0 0 0 0 0 0 
1 0.498886 0.123647 0.0077925 4.1e-05 0 0 0 0 0 0 0 0 0 0 0 0 0 0 0 
1 0.499707 0.125079 0.008061 7.03333e-05 0 0 0 0 0 0 0 0 0 0 0 0 0 0 0 
1 0.499581 0.125758 0.00826333 4.45e-05 0 0 0 0 0 0 0 0 0 0 0 0 0 0 0 
1 0.500322 0.126094 0.0082045 4.53333e-05 0 0 0 0 0 0 0 0 0 0 0 0 0 0 0 
1 0.500231 0.125885 0.00830917 4.46667e-05 0 0 0 0 0 0 0 0 0 0 0 0 0 0 0 
1 0.498685 0.125126 0.00805083 4.2e-05 0 0 0 0 0 0 0 0 0 0 0 0 0 0 0 
1 0.499218 0.125544 0.0082265 5.08333e-05 0 0 0 0 0 0 0 0 0 0 0 0 0 0 0 
1 0.498004 0.123911 0.00774917 5.33333e-05 0 0 0 0 0 0 0 0 0 0 0 0 0 0 0 
1 0.500256 0.125707 0.0082915 6.5e-05 5e-07 0 0 0 0 0 0 0 0 0 0 0 0 0 0 
1 0.49862 0.124305 0.007937 4.65e-05 0 0 0 0 0 0 0 0 0 0 0 0 0 0 0 
1 0.499684 0.125104 0.00819083 4.68333e-05 0 0 0 0 0 0 0 0 0 0 0 0 0 0 0 
1 0.500444 0.126232 0.00833783 4.41667e-05 0 0 0 0 0 0 0 0 0 0 0 0 0 0 0 
1 0.499387 0.125668 0.00832817 5.1e-05 0 0 0 0 0 0 0 0 0 0 0 0 0 0 0 
1 0.499434 0.125457 0.00828283 6.55e-05 0 0 0 0 0 0 0 0 0 0 0 0 0 0 0 
1 0.500199 0.126077 0.00810483 5.75e-05 0 0 0 0 0 0 0 0 0 0 0 0 0 0 0 
1 0.499137 0.124856 0.00819367 5.28333e-05 0 0 0 0 0 0 0 0 0 0 0 0 0 0 0 
1 0.500562 0.125586 0.00823067 5.81667e-05 0 0 0 0 0 0 0 0 0 0 0 0 0 0 0 
1 0.499192 0.125669 0.00817167 5.35e-05 0 0 0 0 0 0 0 0 0 0 0 0 0 0 0 
1 0.500429 0.126318 0.00837817 6.3e-05 0 0 0 0 0 0 0 0 0 0 0 0 0 0 0 
1 0.499741 0.125353 0.00835867 5.93333e-05 0 0 0 0 0 0 0 0 0 0 0 0 0 0 0 
1 0.500557 0.126039 0.00819317 3.7e-05 0 0 0 0 0 0 0 0 0 0 0 0 0 0 0 
1 0.501154 0.126338 0.00829267 5.63333e-05 0 0 0 0 0 0 0 0 0 0 0 0 0 0 0 
1 0.499452 0.125587 0.00815667 5.35e-05 0 0 0 0 0 0 0 0 0 0 0 0 0 0 0 
1 0.499935 0.125722 0.00826533 5.85e-05 0 0 0 0 0 0 0 0 0 0 0 0 0 0 0 
1 0.498616 0.124137 0.008001 4.08333e-05 0 0 0 0 0 0 0 0 0 0 0 0 0 0 0 
1 0.499103 0.124931 0.00797483 5e-05 0 0 0 0 0 0 0 0 0 0 0 0 0 0 0 
1 0.499104 0.125149 0.00815967 4.95e-05 0 0 0 0 0 0 0 0 0 0 0 0 0 0 0 
1 0.500039 0.124862 0.00820867 5.16667e-05 0 0 0 0 0 0 0 0 0 0 0 0 0 0 0 
1 0.50048 0.126345 0.00856767 5.15e-05 0 0 0 0 0 0 0 0 0 0 0 0 0 0 0 
1 0.499153 0.125218 0.00823667 4.86667e-05 0 0 0 0 0 0 0 0 0 0 0 0 0 0 0 
1 0.499254 0.125053 0.00814667 5.78333e-05 0 0 0 0 0 0 0 0 0 0 0 0 0 0 0 
1 0.500181 0.12573 0.0080625 5.88333e-05 0 0 0 0 0 0 0 0 0 0 0 0 0 0 0 
1 0.501873 0.127001 0.0083625 5.43333e-05 0 0 0 0 0 0 0 0 0 0 0 0 0 0 0 
1 0.50035 0.126102 0.00818533 5.48333e-05 0 0 0 0 0 0 0 0 0 0 0 0 0 0 0 
1 0.50196 0.126908 0.0083455 4.11667e-05 0 0 0 0 0 0 0 0 0 0 0 0 0 0 0 
1 0.500168 0.12525 0.00819067 3.8e-05 0 0 0 0 0 0 0 0 0 0 0 0 0 0 0 
1 0.498864 0.124572 0.00813967 4.61667e-05 0 0 0 0 0 0 0 0 0 0 0 0 0 0 0 
1 0.499219 0.125301 0.00806267 5.26667e-05 8.33333e-07 0 0 0 0 0 0 0 0 0 0 0 0 0 0 
1 0.499033 0.124402 0.00810517 5.03333e-05 0 0 0 0 0 0 0 0 0 0 0 0 0 0 0 
1 0.499553 0.125433 0.00829717 6.96667e-05 0 0 0 0 0 0 0 0 0 0 0 0 0 0 0 
1 0.498783 0.124943 0.00792883 4.7e-05 0 0 0 0 0 0 0 0 0 0 0 0 0 0 0 
1 0.498541 0.125502 0.00834883 5.16667e-05 0 0 0 0 0 0 0 0 0 0 0 0 0 0 0 
1 0.498947 0.124911 0.008027 5.1e-05 0 0 0 0 0 0 0 0 0 0 0 0 0 0 0 
1 0.500394 0.125892 0.00803617 5.63333e-05 0 0 0 0 0 0 0 0 0 0 0 0 0 0 0 
1 0.500507 0.125901 0.007997 4.01667e-05 0 0 0 0 0 0 0 0 0 0 0 0 0 0 0 
1 0.499651 0.125452 0.00831017 5.16667e-05 5e-07 0 0 0 0 0 0 0 0 0 0 0 0 0 0 
1 0.499999 0.125573 0.00816883 5.25e-05 0 0 0 0 0 0 0 0 0 0 0 0 0 0 0 
1 0.499726 0.12573 0.00827717 5.31667e-05 0 0 0 0 0 0 0 0 0 0 0 0 0 0 0 
1 0.498912 0.125268 0.00809217 5.75e-05 0 0 0 0 0 0 0 0 0 0 0 0 0 0 0 
1 0.499873 0.125264 0.00804917 2.35e-05 0 0 0 0 0 0 0 0 0 0 0 0 0 0 0 
1 0.501167 0.126294 0.00844383 5.5e-05 0 0 0 0 0 0 0 0 0 0 0 0 0 0 0 
1 0.499507 0.125082 0.008083 2.96667e-05 0 0 0 0 0 0 0 0 0 0 0 0 0 0 0 
1 0.5003 0.126242 0.00834433 6.41667e-05 0 0 0 0 0 0 0 0 0 0 0 0 0 0 0 
1 0.499999 0.125166 0.00819433 6.7e-05 0 0 0 0 0 0 0 0 0 0 0 0 0 0 0 
1 0.499854 0.125291 0.00822417 5.6e-05 0 0 0 0 0 0 0 0 0 0 0 0 0 0 0 
1 0.499478 0.125326 0.008128 5.1e-05 0 0 0 0 0 0 0 0 0 0 0 0 0 0 0 
1 0.49913 0.125244 0.0080765 5.4e-05 0 0 0 0 0 0 0 0 0 0 0 0 0 0 0 
1 0.499957 0.125175 0.0081575 4.36667e-05 0 0 0 0 0 0 0 0 0 0 0 0 0 0 0 
1 0.499377 0.125176 0.0081195 4.78333e-05 0 0 0 0 0 0 0 0 0 0 0 0 0 0 0 
1 0.500872 0.126839 0.00844183 3.58333e-05 0 0 0 0 0 0 0 0 0 0 0 0 0 0 0 
1 0.498622 0.124028 0.00797317 4.68333e-05 0 0 0 0 0 0 0 0 0 0 0 0 0 0 0 
1 0.499941 0.125406 0.00826283 4.7e-05 0 0 0 0 0 0 0 0 0 0 0 0 0 0 0 
1 0.501395 0.126808 0.00849833 5.53333e-05 0 0 0 0 0 0 0 0 0 0 0 0 0 0 0 
1 0.500926 0.125843 0.00817733 4.65e-05 0 0 0 0 0 0 0 0 0 0 0 0 0 0 0 
1 0.499422 0.125343 0.00809 3.98333e-05 0 0 0 0 0 0 0 0 0 0 0 0 0 0 0 
1 0.50078 0.126855 0.00844567 6.33333e-05 0 0 0 0 0 0 0 0 0 0 0 0 0 0 0 
1 0.498159 0.123289 0.00768283 4.3e-05 0 0 0 0 0 0 0 0 0 0 0 0 0 0 0 
1 0.500828 0.126441 0.008605 6.86667e-05 0 0 0 0 0 0 0 0 0 0 0 0 0 0 0 
1 0.500626 0.125513 0.00794033 6.26667e-05 0 0 0 0 0 0 0 0 0 0 0 0 0 0 0 
1 0.501032 0.12661 0.00825083 7.41667e-05 0 0 0 0 0 0 0 0 0 0 0 0 0 0 0 
1 0.500299 0.126364 0.00838067 6.71667e-05 0 0 0 0 0 0 0 0 0 0 0 0 0 0 0 
1 0.499453 0.125212 0.00828633 7.88333e-05 0 0 0 0 0 0 0 0 0 0 0 0 0 0 0 
1 0.500198 0.126007 0.0083255 7.48333e-05 0 0 0 0 0 0 0 0 0 0 0 0 0 0 0 
1 0.499208 0.125167 0.0081835 5.66667e-05 0 0 0 0 0 0 0 0 0 0 0 0 0 0 0 
1 0.499763 0.125623 0.00815467 4.28333e-05 0 0 0 0 0 0 0 0 0 0 0 0 0 0 0 
1 0.500088 0.126445 0.00843367 5.21667e-05 0 0 0 0 0 0 0 0 0 0 0 0 0 0 0 
1 0.499963 0.125891 0.0081615 5.85e-05 0 0 0 0 0 0 0 0 0 0 0 0 0 0 0 
1 0.498451 0.123997 0.0077545 6.4e-05 0 0 0 0 0 0 0 0 0 0 0 0 0 0 0 
1 0.500951 0.126809 0.0083015 5.36667e-05 5e-07 0 0 0 0 0 0 0 0 0 0 0 0 0 0 
1 0.499342 0.125099 0.00801233 4.1e-05 0 0 0 0 0 0 0 0 0 0 0 0 0 0 0 
1 0.499012 0.124514 0.0080185 4.25e-05 0 0 0 0 0 0 0 0 0 0 0 0 0 0 0 
1 0.500243 0.126091 0.008338 5.13333e-05 0 0 0 0 0 0 0 0 0 0 0 0 0 0 0 
1 0.499611 0.124898 0.00799917 4.06667e-05 0 0 0 0 0 0 0 0 0 0 0 0 0 0 0 
1 0.499448 0.124942 0.00811917 6.6e-05 0 0 0 0 0 0 0 0 0 0 0 0 0 0 0 
1 0.500045 0.125341 0.0079385 4.15e-05 0 0 0 0 0 0 0 0 0 0 0 0 0 0 0 
1 0.500624 0.125852 0.00821583 6.25e-05 0 0 0 0 0 0 0 0 0 0 0 0 0 0 0 
1 0.498745 0.124599 0.0079805 3.65e-05 0 0 0 0 0 0 0 0 0 0 0 0 0 0 0 
1 0.500689 0.125861 0.00820483 5.15e-05 0 0 0 0 0 0 0 0 0 0 0 0 0 0 0 
1 0.500664 0.125758 0.00814533 5.53333e-05 0 0 0 0 0 0 0 0 0 0 0 0 0 0 0 
1 0.500704 0.125943 0.00831117 4.55e-05 0 0 0 0 0 0 0 0 0 0 0 0 0 0 0 
1 0.499346 0.12502 0.00837183 4.58333e-05 0 0 0 0 0 0 0 0 0 0 0 0 0 0 0 
1 0.500388 0.12554 0.00805233 5.03333e-05 0 0 0 0 0 0 0 0 0 0 0 0 0 0 0 
1 0.499797 0.125218 0.00795917 6.13333e-05 0 0 0 0 0 0 0 0 0 0 0 0 0 0 0 
1 0.499164 0.12464 0.00812417 4.95e-05 0 0 0 0 0 0 0 0 0 0 0 0 0 0 0 
1 0.498537 0.124497 0.00788167 4.18333e-05 0 0 0 0 0 0 0 0 0 0 0 0 0 0 0 
1 0.499526 0.125658 0.00833083 7.33333e-05 2.16667e-06 0 0 0 0 0 0 0 0 0 0 0 0 0 0 
1 0.498692 0.124621 0.00815833 6.05e-05 0 0 0 0 0 0 0 0 0 0 0 0 0 0 0 
1 0.49956 0.125218 0.00801817 4.05e-05 0 0 0 0 0 0 0 0 0 0 0 0 0 0 0 
1 0.501604 0.126572 0.00816867 4.8e-05 0 0 0 0 0 0 0 0 0 0 0 0 0 0 0 
1 0.49921 0.124492 0.008016 5.86667e-05 0 0 0 0 0 0 0 0 0 0 0 0 0 0 0 
1 0.499356 0.125118 0.00801017 3.58333e-05 0 0 0 0 0 0 0 0 0 0 0 0 0 0 0 
1 0.500401 0.125737 0.00816767 5.3e-05 0 0 0 0 0 0 0 0 0 0 0 0 0 0 0 
1 0.500114 0.125887 0.00826567 5.95e-05 0 0 0 0 0 0 0 0 0 0 0 0 0 0 0 
1 0.499853 0.124782 0.0081325 3.73333e-05 0 0 0 0 0 0 0 0 0 0 0 0 0 0 0 
1 0.499423 0.125083 0.008185 7.03333e-05 0 0 0 0 0 0 0 0 0 0 0 0 0 0 0 
1 0.499982 0.124958 0.008099 5.15e-05 0 0 0 0 0 0 0 0 0 0 0 0 0 0 0 
1 0.501576 0.126991 0.00844533 6.1e-05 0 0 0 0 0 0 0 0 0 0 0 0 0 0 0 
1 0.499907 0.126412 0.0085105 4.7e-05 0 0 0 0 0 0 0 0 0 0 0 0 0 0 0 
1 0.499767 0.125684 0.0083205 4.95e-05 0 0 0 0 0 0 0 0 0 0 0 0 0 0 0 
1 0.499665 0.125238 0.008135 4.21667e-05 0 0 0 0 0 0 0 0 0 0 0 0 0 0 0 
1 0.498836 0.125321 0.008146 4.06667e-05 0 0 0 0 0 0 0 0 0 0 0 0 0 0 0 
1 0.499312 0.125302 0.007945 4.5e-05 0 0 0 0 0 0 0 0 0 0 0 0 0 0 0 
1 0.50078 0.126015 0.00811817 5.28333e-05 0 0 0 0 0 0 0 0 0 0 0 0 0 0 0 
1 0.498841 0.124768 0.00814583 5.23333e-05 0 0 0 0 0 0 0 0 0 0 0 0 0 0 0 
1 0.500394 0.126333 0.0084465 6.28333e-05 0 0 0 0 0 0 0 0 0 0 0 0 0 0 0 
1 0.500086 0.125243 0.00809833 3.66667e-05 0 0 0 0 0 0 0 0 0 0 0 0 0 0 0 
1 0.499307 0.125321 0.008198 5.66667e-05 0 0 0 0 0 0 0 0 0 0 0 0 0 0 0 
1 0.50012 0.126166 0.00834467 7.31667e-05 0 0 0 0 0 0 0 0 0 0 0 0 0 0 0 
1 0.499521 0.124955 0.00810917 5.55e-05 0 0 0 0 0 0 0 0 0 0 0 0 0 0 0 
1 0.502542 0.12753 0.00853233 3.73333e-05 0 0 0 0 0 0 0 0 0 0 0 0 0 0 0 
1 0.501184 0.126587 0.00830317 5.35e-05 1.66667e-07 0 0 0 0 0 0 0 0 0 0 0 0 0 0 
1 0.500168 0.12562 0.00816033 4.4e-05 0 0 0 0 0 0 0 0 0 0 0 0 0 0 0 
1 0.498678 0.125084 0.00804617 4.15e-05 0 0 0 0 0 0 0 0 0 0 0 0 0 0 0 
1 0.500538 0.126209 0.0083235 5.08333e-05 0 0 0 0 0 0 0 0 0 0 0 0 0 0 0 
1 0.500298 0.126011 0.0084065 5e-05 1.66667e-07 0 0 0 0 0 0 0 0 0 0 0 0 0 0 
1 0.49819 0.124075 0.0079155 4.35e-05 0 0 0 0 0 0 0 0 0 0 0 0 0 0 0 
1 0.498879 0.124708 0.0079645 3.25e-05 0 0 0 0 0 0 0 0 0 0 0 0 0 0 0 
1 0.50133 0.125882 0.00813633 5.5e-05 0 0 0 0 0 0 0 0 0 0 0 0 0 0 0 
1 0.500226 0.12531 0.00802367 5.28333e-05 0 0 0 0 0 0 0 0 0 0 0 0 0 0 0 
1 0.499626 0.125816 0.00820933 7.58333e-05 0 0 0 0 0 0 0 0 0 0 0 0 0 0 0 
1 0.501019 0.125693 0.008183 4.75e-05 0 0 0 0 0 0 0 0 0 0 0 0 0 0 0 
1 0.499675 0.12535 0.00837117 6.01667e-05 0 0 0 0 0 0 0 0 0 0 0 0 0 0 0 
1 0.500599 0.126175 0.00829783 3.36667e-05 8.33333e-07 0 0 0 0 0 0 0 0 0 0 0 0 0 0 
1 0.499357 0.124719 0.00815983 4.03333e-05 0 0 0 0 0 0 0 0 0 0 0 0 0 0 0 
1 0.501472 0.127316 0.00845933 5.26667e-05 0 0 0 0 0 0 0 0 0 0 0 0 0 0 0 
1 0.499692 0.125623 0.0081925 5.15e-05 0 0 0 0 0 0 0 0 0 0 0 0 0 0 0 
1 0.499525 0.125814 0.00833983 4.2e-05 0 0 0 0 0 0 0 0 0 0 0 0 0 0 0 
1 0.500653 0.125506 0.008261 4.48333e-05 0 0 0 0 0 0 0 0 0 0 0 0 0 0 0 
1 0.501554 0.126623 0.00827533 4.68333e-05 0 0 0 0 0 0 0 0 0 0 0 0 0 0 0 
1 0.499838 0.124954 0.00823633 6.46667e-05 0 0 0 0 0 0 0 0 0 0 0 0 0 0 0 
1 0.50032 0.125978 0.00822417 4.91667e-05 0 0 0 0 0 0 0 0 0 0 0 0 0 0 0 
1 0.500969 0.125546 0.00835983 6.6e-05 0 0 0 0 0 0 0 0 0 0 0 0 0 0 0 
1 0.498855 0.1252 0.008093 6.78333e-05 0 0 0 0 0 0 0 0 0 0 0 0 0 0 0 
1 0.499854 0.125767 0.0082545 4.66667e-05 0 0 0 0 0 0 0 0 0 0 0 0 0 0 0 
1 0.499543 0.125362 0.00814933 4.18333e-05 0 0 0 0 0 0 0 0 0 0 0 0 0 0 0 
1 0.499301 0.125169 0.00823783 5.65e-05 0 0 0 0 0 0 0 0 0 0 0 0 0 0 0 
1 0.500095 0.125464 0.00834767 4.18333e-05 0 0 0 0 0 0 0 0 0 0 0 0 0 0 0 
1 0.500915 0.12634 0.00838783 4.63333e-05 0 0 0 0 0 0 0 0 0 0 0 0 0 0 0 
1 0.500921 0.126439 0.0081625 4.56667e-05 0 0 0 0 0 0 0 0 0 0 0 0 0 0 0 
1 0.501359 0.127136 0.008425 3.66667e-05 0 0 0 0 0 0 0 0 0 0 0 0 0 0 0 
1 0.500537 0.125936 0.008402 4.9e-05 0 0 0 0 0 0 0 0 0 0 0 0 0 0 0 
1 0.499882 0.125675 0.00819383 5.18333e-05 0 0 0 0 0 0 0 0 0 0 0 0 0 0 0 
1 0.500436 0.125189 0.00804467 5.55e-05 0 0 0 0 0 0 0 0 0 0 0 0 0 0 0 
1 0.498616 0.124479 0.0078795 5.55e-05 0 0 0 0 0 0 0 0 0 0 0 0 0 0 0 
1 0.500013 0.125789 0.0083875 5.73333e-05 1.66667e-07 0 0 0 0 0 0 0 0 0 0 0 0 0 0 
1 0.500427 0.125562 0.00832983 3.86667e-05 0 0 0 0 0 0 0 0 0 0 0 0 0 0 0 
1 0.499619 0.125317 0.00805167 3.66667e-05 0 0 0 0 0 0 0 0 0 0 0 0 0 0 0 
1 0.501347 0.126662 0.00833317 6.35e-05 0 0 0 0 0 0 0 0 0 0 0 0 0 0 0 
1 0.498997 0.124825 0.00805317 5.41667e-05 0 0 0 0 0 0 0 0 0 0 0 0 0 0 0 
1 0.49975 0.125525 0.00822167 5.45e-05 0 0 0 0 0 0 0 0 0 0 0 0 0 0 0 
1 0.501006 0.126313 0.008467 7.33333e-05 0 0 0 0 0 0 0 0 0 0 0 0 0 0 0 
1 0.499326 0.12543 0.0082405 6.8e-05 0 0 0 0 0 0 0 0 0 0 0 0 0 0 0 
1 0.501472 0.126582 0.0086005 6.21667e-05 0 0 0 0 0 0 0 0 0 0 0 0 0 0 0 
1 0.501073 0.126713 0.008131 5.98333e-05 0 0 0 0 0 0 0 0 0 0 0 0 0 0 0 
1 0.499788 0.125209 0.00809067 5.5e-05 0 0 0 0 0 0 0 0 0 0 0 0 0 0 0 
1 0.49884 0.124468 0.00812117 5.41667e-05 0 0 0 0 0 0 0 0 0 0 0 0 0 0 0 
1 0.500393 0.125523 0.00806067 4.55e-05 0 0 0 0 0 0 0 0 0 0 0 0 0 0 0 
1 0.500224 0.125649 0.00801617 4.21667e-05 0 0 0 0 0 0 0 0 0 0 0 0 0 0 0 
1 0.499625 0.125854 0.00827533 3.68333e-05 0 0 0 0 0 0 0 0 0 0 0 0 0 0 0 
1 0.500119 0.126052 0.0082305 6.76667e-05 0 0 0 0 0 0 0 0 0 0 0 0 0 0 0 
1 0.500952 0.126339 0.008283 4.35e-05 0 0 0 0 0 0 0 0 0 0 0 0 0 0 0 
1 0.49978 0.125618 0.00821317 4.33333e-05 6.66667e-07 0 0 0 0 0 0 0 0 0 0 0 0 0 0 
1 0.499898 0.126246 0.00838433 7.01667e-05 0 0 0 0 0 0 0 0 0 0 0 0 0 0 0 
1 0.498809 0.125103 0.00835233 6.35e-05 0 0 0 0 0 0 0 0 0 0 0 0 0 0 0 
1 0.499463 0.125145 0.008128 3.95e-05 0 0 0 0 0 0 0 0 0 0 0 0 0 0 0 
1 0.499857 0.125171 0.00820183 5.46667e-05 0 0 0 0 0 0 0 0 0 0 0 0 0 0 0 
1 0.499068 0.124761 0.00812433 6.23333e-05 3.33333e-07 0 0 0 0 0 0 0 0 0 0 0 0 0 0 
1 0.500092 0.125494 0.0081825 5e-05 0 0 0 0 0 0 0 0 0 0 0 0 0 0 0 
1 0.499353 0.124978 0.00796 3.98333e-05 0 0 0 0 0 0 0 0 0 0 0 0 0 0 0 
1 0.500394 0.126058 0.00825833 6.05e-05 0 0 0 0 0 0 0 0 0 0 0 0 0 0 0 
1 0.499107 0.124419 0.00799983 5.3e-05 0 0 0 0 0 0 0 0 0 0 0 0 0 0 0 
1 0.500542 0.126614 0.0081545 5.25e-05 0 0 0 0 0 0 0 0 0 0 0 0 0 0 0 
1 0.499381 0.125224 0.007982 5.03333e-05 0 0 0 0 0 0 0 0 0 0 0 0 0 0 0 
1 0.499562 0.125232 0.0082455 5.1e-05 0 0 0 0 0 0 0 0 0 0 0 0 0 0 0 
1 0.500056 0.125909 0.00822617 5.36667e-05 0 0 0 0 0 0 0 0 0 0 0 0 0 0 0 
1 0.500462 0.126259 0.00842283 6.01667e-05 0 0 0 0 0 0 0 0 0 0 0 0 0 0 0 
1 0.499492 0.124911 0.00797867 4.93333e-05 0 0 0 0 0 0 0 0 0 0 0 0 0 0 0 
1 0.49971 0.125363 0.0080475 4.75e-05 0 0 0 0 0 0 0 0 0 0 0 0 0 0 0 
1 0.500802 0.126192 0.00847317 4.66667e-05 0 0 0 0 0 0 0 0 0 0 0 0 0 0 0 
1 0.500827 0.125889 0.00831417 5.18333e-05 0 0 0 0 0 0 0 0 0 0 0 0 0 0 0 
1 0.499008 0.1248 0.00802867 4.78333e-05 0 0 0 0 0 0 0 0 0 0 0 0 0 0 0 
1 0.499041 0.124622 0.00813917 4.21667e-05 0 0 0 0 0 0 0 0 0 0 0 0 0 0 0 
1 0.499829 0.125251 0.00814233 5.13333e-05 0 0 0 0 0 0 0 0 0 0 0 0 0 0 0 
1 0.501031 0.126864 0.00832067 6.5e-05 0 0 0 0 0 0 0 0 0 0 0 0 0 0 0 
1 0.501996 0.127317 0.00846983 5.7e-05 0 0 0 0 0 0 0 0 0 0 0 0 0 0 0 
1 0.500529 0.125998 0.00809383 4.68333e-05 0 0 0 0 0 0 0 0 0 0 0 0 0 0 0 
1 0.498641 0.124577 0.00794433 5.48333e-05 1.66667e-07 0 0 0 0 0 0 0 0 0 0 0 0 0 0 
1 0.501314 0.126349 0.00833283 5.31667e-05 0 0 0 0 0 0 0 0 0 0 0 0 0 0 0 
1 0.500879 0.126393 0.00859117 6.26667e-05 0 0 0 0 0 0 0 0 0 0 0 0 0 0 0 
1 0.499388 0.124995 0.00801617 5.08333e-05 0 0 0 0 0 0 0 0 0 0 0 0 0 0 0 
1 0.500428 0.126279 0.008351 4.53333e-05 0 0 0 0 0 0 0 0 0 0 0 0 0 0 0 
1 0.499657 0.125506 0.00808467 5.6e-05 0 0 0 0 0 0 0 0 0 0 0 0 0 0 0 
1 0.500222 0.125779 0.00825467 5e-05 0 0 0 0 0 0 0 0 0 0 0 0 0 0 0 
1 0.500295 0.125221 0.00803783 5.03333e-05 0 0 0 0 0 0 0 0 0 0 0 0 0 0 0 
1 0.501005 0.125695 0.00812533 4.78333e-05 0 0 0 0 0 0 0 0 0 0 0 0 0 0 0 
1 0.498756 0.124485 0.008121 5.66667e-05 0 0 0 0 0 0 0 0 0 0 0 0 0 0 0 
1 0.499333 0.124889 0.0081635 4.58333e-05 1.16667e-06 0 0 0 0 0 0 0 0 0 0 0 0 0 0 
1 0.499469 0.124931 0.00798217 5.51667e-05 0 0 0 0 0 0 0 0 0 0 0 0 0 0 0 
1 0.499462 0.124798 0.008098 6.56667e-05 0 0 0 0 0 0 0 0 0 0 0 0 0 0 0 
1 0.498241 0.124001 0.00782433 4.26667e-05 0 0 0 0 0 0 0 0 0 0 0 0 0 0 0 
1 0.49982 0.125285 0.00812283 6.03333e-05 0 0 0 0 0 0 0 0 0 0 0 0 0 0 0 
1 0.499352 0.125205 0.0081185 4.43333e-05 0 0 0 0 0 0 0 0 0 0 0 0 0 0 0 
1 0.500117 0.125444 0.008201 5.2e-05 0 0 0 0 0 0 0 0 0 0 0 0 0 0 0 
1 0.500364 0.126613 0.00824633 4.76667e-05 0 0 0 0 0 0 0 0 0 0 0 0 0 0 0 
1 0.500784 0.126054 0.00825517 5.13333e-05 0 0 0 0 0 0 0 0 0 0 0 0 0 0 0 
1 0.500589 0.126195 0.0082845 4.6e-05 0 0 0 0 0 0 0 0 0 0 0 0 0 0 0 
1 0.500797 0.126427 0.00847517 5.51667e-05 0 0 0 0 0 0 0 0 0 0 0 0 0 0 0 
1 0.499057 0.125261 0.00821767 5.13333e-05 0 0 0 0 0 0 0 0 0 0 0 0 0 0 0 
1 0.500411 0.126113 0.0081765 6.15e-05 0 0 0 0 0 0 0 0 0 0 0 0 0 0 0 
1 0.499574 0.125545 0.00810067 3.86667e-05 0 0 0 0 0 0 0 0 0 0 0 0 0 0 0 
1 0.499366 0.124694 0.00798133 6.61667e-05 0 0 0 0 0 0 0 0 0 0 0 0 0 0 0 
1 0.500068 0.124967 0.0079155 5.86667e-05 0 0 0 0 0 0 0 0 0 0 0 0 0 0 0 
1 0.500667 0.126098 0.00834667 4.93333e-05 0 0 0 0 0 0 0 0 0 0 0 0 0 0 0 
1 0.501533 0.12674 0.00849267 5.1e-05 1.5e-06 0 0 0 0 0 0 0 0 0 0 0 0 0 0 
1 0.500108 0.125305 0.00815033 7.65e-05 0 0 0 0 0 0 0 0 0 0 0 0 0 0 0 
1 0.500137 0.125637 0.00825733 5.65e-05 0 0 0 0 0 0 0 0 0 0 0 0 0 0 0 
1 0.499683 0.125081 0.00823717 5.86667e-05 0 0 0 0 0 0 0 0 0 0 0 0 0 0 0 
1 0.501133 0.126266 0.00816217 3.78333e-05 0 0 0 0 0 0 0 0 0 0 0 0 0 0 0 
1 0.499496 0.125274 0.00825133 5.11667e-05 3.33333e-07 0 0 0 0 0 0 0 0 0 0 0 0 0 0 
1 0.500544 0.126558 0.00835817 3.68333e-05 0 0 0 0 0 0 0 0 0 0 0 0 0 0 0 
1 0.499059 0.125093 0.00814333 4.65e-05 0 0 0 0 0 0 0 0 0 0 0 0 0 0 0 
1 0.500515 0.126116 0.00828383 6.28333e-05 0 0 0 0 0 0 0 0 0 0 0 0 0 0 0 
1 0.498529 0.123924 0.007922 4.45e-05 0 0 0 0 0 0 0 0 0 0 0 0 0 0 0 
1 0.499704 0.12516 0.008286 4.43333e-05 0 0 0 0 0 0 0 0 0 0 0 0 0 0 0 
1 0.50069 0.126166 0.008187 6.11667e-05 0 0 0 0 0 0 0 0 0 0 0 0 0 0 0 
1 0.500632 0.126169 0.00842433 4.8e-05 5e-07 0 0 0 0 0 0 0 0 0 0 0 0 0 0 
1 0.499111 0.124715 0.00808117 4.98333e-05 3.33333e-07 0 0 0 0 0 0 0 0 0 0 0 0 0 0 
1 0.49988 0.125456 0.00822233 4.71667e-05 0 0 0 0 0 0 0 0 0 0 0 0 0 0 0 
1 0.500616 0.125831 0.008132 7.08333e-05 0 0 0 0 0 0 0 0 0 0 0 0 0 0 0 
1 0.501114 0.126016 0.0082855 4.35e-05 0 0 0 0 0 0 0 0 0 0 0 0 0 0 0 
1 0.500417 0.125995 0.00807483 4.3e-05 0 0 0 0 0 0 0 0 0 0 0 0 0 0 0 
1 0.500584 0.126709 0.00832283 4.96667e-05 0 0 0 0 0 0 0 0 0 0 0 0 0 0 0 
1 0.500109 0.125948 0.00840467 5.35e-05 0 0 0 0 0 0 0 0 0 0 0 0 0 0 0 
