1 0.80085 0.488035 0.178565 0.03667 0.005605 0.000865 0.000105 1.5e-05 0 0 0 0 0 0 0 0 0 0 0 
1 0.80115 0.48815 0.173985 0.035635 0.005525 0.000825 0.00011 0 0 0 0 0 0 0 0 0 0 0 0 
1 0.80112 0.49002 0.176535 0.03645 0.0059 0.00086 0.00017 1.5e-05 0 0 0 0 0 0 0 0 0 0 0 
1 0.79861 0.48191 0.172065 0.03467 0.00467 0.00042 6e-05 1e-05 0 0 0 0 0 0 0 0 0 0 0 
1 0.800005 0.48548 0.17516 0.03669 0.00584 0.00072 0.000105 5e-06 0 0 0 0 0 0 0 0 0 0 0 
1 0.801105 0.485955 0.176355 0.03641 0.00509 0.0007 9e-05 2e-05 0 0 0 0 0 0 0 0 0 0 0 
1 0.8013 0.48717 0.175995 0.03774 0.006315 0.00104 0.00016 5e-06 0 0 0 0 0 0 0 0 0 0 0 
1 0.80106 0.48614 0.174155 0.036715 0.00564 0.00058 1.5e-05 0 0 0 0 0 0 0 0 0 0 0 0 
1 0.79875 0.48205 0.170715 0.03405 0.004165 0.000425 6.5e-05 5e-06 0 0 0 0 0 0 0 0 0 0 0 
1 0.800335 0.484215 0.17352 0.035625 0.005135 0.00089 0.000195 5e-06 0 0 0 0 0 0 0 0 0 0 0 
1 0.79987 0.48496 0.172815 0.033395 0.00429 0.00041 2e-05 0 0 0 0 0 0 0 0 0 0 0 0 
1 0.79998 0.48898 0.17488 0.03595 0.00505 0.000645 6.5e-05 0 0 0 0 0 0 0 0 0 0 0 0 
1 0.79875 0.482995 0.17272 0.036725 0.00586 0.001225 0.000325 9.5e-05 3e-05 5e-06 0 0 0 0 0 0 0 0 0 
1 0.800265 0.48567 0.174275 0.03726 0.006105 0.000845 0.00011 0 0 0 0 0 0 0 0 0 0 0 0 
1 0.799615 0.485705 0.17292 0.036485 0.005255 0.00048 4e-05 0 0 0 0 0 0 0 0 0 0 0 0 
1 0.80021 0.487115 0.175965 0.03712 0.00533 0.00054 6e-05 0 0 0 0 0 0 0 0 0 0 0 0 
1 0.802205 0.489825 0.176445 0.037035 0.00593 0.00065 2.5e-05 0 0 0 0 0 0 0 0 0 0 0 0 
1 0.79616 0.481825 0.169255 0.033115 0.00422 0.00022 5e-06 0 0 0 0 0 0 0 0 0 0 0 0 
1 0.79911 0.482145 0.170895 0.03486 0.00489 0.00068 0.0001 5e-06 0 0 0 0 0 0 0 0 0 0 0 
1 0.802225 0.48823 0.176645 0.03708 0.005455 0.00083 0.000115 1.5e-05 2.69354e-17 0 0 0 0 0 0 0 0 0 0 
1 0.79906 0.483245 0.172175 0.035825 0.00508 0.00064 3.5e-05 1.5e-05 0 0 0 0 0 0 0 0 0 0 0 
1 0.799985 0.48581 0.17236 0.034255 0.00439 0.00035 1.5e-05 0 0 0 0 0 0 0 0 0 0 0 0 
1 0.80012 0.487475 0.1769 0.036585 0.005275 0.00059 5.5e-05 1e-05 0 0 0 0 0 0 0 0 0 0 0 
1 0.7986 0.48379 0.170125 0.03461 0.004885 0.00065 0.00012 5e-06 0 0 0 0 0 0 0 0 0 0 0 
1 0.797765 0.480765 0.16778 0.032725 0.00421 0.000455 3e-05 0 0 0 0 0 0 0 0 0 0 0 0 
1 0.799335 0.484975 0.173155 0.03571 0.005345 0.000695 0.000135 3.5e-05 0 0 0 0 0 0 0 0 0 0 0 
1 0.797445 0.484615 0.173565 0.035975 0.00543 0.000565 4e-05 0 0 0 0 0 0 0 0 0 0 0 0 
1 0.801165 0.487595 0.175465 0.036535 0.005385 0.0008 0.00012 4e-05 0 0 0 0 0 0 0 0 0 0 0 
1 0.800425 0.488865 0.17401 0.035625 0.00483 0.000665 0.000125 3.5e-05 2e-05 0 0 0 0 0 0 0 0 0 0 
1 0.79782 0.483835 0.173555 0.03676 0.00584 0.000825 2.5e-05 0 0 0 0 0 0 0 0 0 0 0 0 
1 0.79947 0.4851 0.174145 0.036215 0.00511 0.000605 6.5e-05 5e-06 0 0 0 0 0 0 0 0 0 0 0 
1 0.8003 0.485685 0.173125 0.035715 0.005255 0.00074 9.5e-05 0 0 0 0 0 0 0 0 0 0 0 0 
1 0.80045 0.488365 0.178015 0.03763 0.005715 0.00077 8e-05 0 0 0 0 0 0 0 0 0 0 0 0 
1 0.798725 0.48453 0.17367 0.03712 0.005605 0.00074 6e-05 0 0 0 0 0 0 0 0 0 0 0 0 
1 0.80141 0.49058 0.180965 0.0392 0.00594 0.00075 6e-05 5e-06 0 0 0 0 0 0 0 0 0 0 0 
1 0.79847 0.48496 0.17461 0.03609 0.00524 0.00057 1e-05 0 0 0 0 0 0 0 0 0 0 0 0 
1 0.79975 0.48301 0.172 0.0343 0.00461 0.000425 3.5e-05 0 0 0 0 0 0 0 0 0 0 0 0 
1 0.80068 0.486875 0.17336 0.0349 0.00524 0.00074 0.000105 5e-06 0 0 0 0 0 0 0 0 0 0 0 
1 0.799825 0.487245 0.177105 0.038725 0.00612 0.00071 0.00015 1e-05 0 0 0 0 0 0 0 0 0 0 0 
1 0.79952 0.48391 0.169865 0.0339 0.00456 0.0006 7e-05 0 0 0 0 0 0 0 0 0 0 0 0 
1 0.801605 0.49003 0.177715 0.03726 0.005155 0.00052 5.5e-05 1e-05 0 0 0 0 0 0 0 0 0 0 0 
1 0.80017 0.485975 0.177235 0.03751 0.006005 0.000845 9e-05 0 0 0 0 0 0 0 0 0 0 0 0 
1 0.79991 0.4868 0.176905 0.03723 0.00539 0.00054 4.5e-05 2.5e-05 0 0 0 0 0 0 0 0 0 0 0 
1 0.799905 0.482805 0.17298 0.035375 0.00463 0.00085 0.000155 5.5e-05 5e-06 0 0 0 0 0 0 0 0 0 0 
1 0.80084 0.48546 0.172845 0.034805 0.00497 0.00049 4.5e-05 5e-06 0 0 0 0 0 0 0 0 0 0 0 
1 0.80052 0.486095 0.17354 0.034175 0.00422 0.00044 2e-05 0 0 0 0 0 0 0 0 0 0 0 0 
1 0.80199 0.48996 0.17753 0.037395 0.00575 0.000735 0.00011 0 0 0 0 0 0 0 0 0 0 0 0 
1 0.799535 0.4841 0.172525 0.036145 0.00572 0.000705 6.5e-05 0 0 0 0 0 0 0 0 0 0 0 0 
1 0.799405 0.4803 0.17154 0.03537 0.005185 0.000685 8e-05 1.5e-05 0 0 0 0 0 0 0 0 0 0 0 
1 0.799035 0.48432 0.173115 0.036425 0.005685 0.00075 0.00015 5e-06 0 0 0 0 0 0 0 0 0 0 0 
1 0.79851 0.482885 0.1716 0.035005 0.00559 0.00107 0.000275 3.5e-05 0 0 0 0 0 0 0 0 0 0 0 
1 0.800185 0.48613 0.1745 0.03617 0.005235 0.00069 0.00014 1.5e-05 0 0 0 0 0 0 0 0 0 0 0 
1 0.799975 0.484255 0.173195 0.036025 0.005495 0.000705 0.000155 0 0 0 0 0 0 0 0 0 0 0 0 
1 0.798445 0.484705 0.172605 0.03424 0.004765 0.0006 5.5e-05 6.24084e-18 0 0 0 0 0 0 0 0 0 0 0 
1 0.801545 0.49032 0.18041 0.0373 0.00519 0.00061 7e-05 1e-05 0 0 0 0 0 0 0 0 0 0 0 
1 0.79991 0.4855 0.174805 0.037875 0.00588 0.000945 0.00013 3e-05 5e-06 0 0 0 0 0 0 0 0 0 0 
1 0.801175 0.485935 0.173205 0.03424 0.00431 0.000355 5e-06 0 0 0 0 0 0 0 0 0 0 0 0 
1 0.80296 0.491885 0.17953 0.03793 0.005785 0.00078 6.5e-05 5e-06 0 0 0 0 0 0 0 0 0 0 0 
1 0.79753 0.480805 0.170925 0.03492 0.00508 0.000555 6.5e-05 3e-05 5e-06 0 0 0 0 0 0 0 0 0 0 
1 0.79977 0.487685 0.17684 0.037795 0.005175 0.000445 3e-05 0 0 0 0 0 0 0 0 0 0 0 0 
1 0.801955 0.490715 0.178795 0.03792 0.005865 0.000755 7e-05 2e-05 0 0 0 0 0 0 0 0 0 0 0 
1 0.80053 0.485595 0.17587 0.03698 0.005425 0.00072 0.000105 0 0 0 0 0 0 0 0 0 0 0 0 
1 0.80006 0.48549 0.174255 0.036575 0.00588 0.000855 5.5e-05 0 0 0 0 0 0 0 0 0 0 0 0 
1 0.80091 0.486815 0.1764 0.038955 0.00622 0.001015 0.00016 4e-05 0 0 0 0 0 0 0 0 0 0 0 
1 0.797125 0.481325 0.170895 0.03458 0.005005 0.00073 0.00014 4e-05 0 0 0 0 0 0 0 0 0 0 0 
1 0.80023 0.483355 0.1723 0.034795 0.005075 0.000595 4.5e-05 5e-06 0 0 0 0 0 0 0 0 0 0 0 
1 0.797335 0.477465 0.16717 0.032765 0.004145 0.00052 4e-05 0 0 0 0 0 0 0 0 0 0 0 0 
1 0.800505 0.486105 0.17615 0.036715 0.0052 0.000495 5e-05 0 0 0 0 0 0 0 0 0 0 0 0 
1 0.799845 0.4887 0.17454 0.03618 0.00539 0.00061 4e-05 0 0 0 0 0 0 0 0 0 0 0 0 
1 0.800485 0.48574 0.175085 0.03763 0.00608 0.000905 0.00012 0 0 0 0 0 0 0 0 0 0 0 0 
1 0.799805 0.483565 0.16931 0.03263 0.004205 0.000475 5e-05 5e-06 0 0 0 0 0 0 0 0 0 0 0 
1 0.800865 0.49065 0.181105 0.03887 0.006385 0.000905 5e-05 0 0 0 0 0 0 0 0 0 0 0 0 
1 0.80008 0.485315 0.174395 0.035045 0.004705 0.00051 5e-05 0 0 0 0 0 0 0 0 0 0 0 0 
1 0.80037 0.486765 0.174205 0.03557 0.00503 0.000495 4e-05 3.82194e-18 0 0 0 0 0 0 0 0 0 0 0 
1 0.79683 0.48086 0.168575 0.032875 0.00471 0.000525 7.5e-05 2e-05 5e-06 0 0 0 0 0 0 0 0 0 0 
1 0.800085 0.483895 0.1714 0.03363 0.005005 0.000755 0.00017 4e-05 0 0 0 0 0 0 0 0 0 0 0 
1 0.799135 0.48482 0.173365 0.036915 0.00574 0.00082 0.000125 1e-05 0 0 0 0 0 0 0 0 0 0 0 
1 0.798435 0.484855 0.17188 0.03479 0.005335 0.00076 0.00012 3e-05 0 0 0 0 0 0 0 0 0 0 0 
1 0.800925 0.48604 0.1749 0.037035 0.00621 0.000835 6.5e-05 2.5e-05 5e-06 0 0 0 0 0 0 0 0 0 0 
1 0.79643 0.48083 0.16885 0.03449 0.00511 0.000615 6.5e-05 5e-06 0 0 0 0 0 0 0 0 0 0 0 
1 0.801045 0.486805 0.176795 0.0377 0.00584 0.0009 0.000175 6e-05 1e-05 0 0 0 0 0 0 0 0 0 0 
1 0.79963 0.485535 0.173 0.03501 0.00493 0.00052 4e-05 5e-06 0 0 0 0 0 0 0 0 0 0 0 
1 0.798575 0.48284 0.17174 0.03509 0.00524 0.00073 6.5e-05 0 0 0 0 0 0 0 0 0 0 0 0 
1 0.801835 0.49084 0.17973 0.03739 0.00588 0.000915 0.000175 2.5e-05 2.54213e-17 0 0 0 0 0 0 0 0 0 0 
1 0.798885 0.484185 0.17285 0.035915 0.005675 0.00096 0.000155 1e-05 0 0 0 0 0 0 0 0 0 0 0 
1 0.801645 0.49082 0.177235 0.03625 0.005265 0.00056 3.5e-05 0 0 0 0 0 0 0 0 0 0 0 0 
1 0.798915 0.485595 0.172925 0.034215 0.004785 0.00059 3.5e-05 0 0 0 0 0 0 0 0 0 0 0 0 
1 0.80042 0.486655 0.17619 0.03698 0.005635 0.000825 0.00011 0 0 0 0 0 0 0 0 0 0 0 0 
1 0.798305 0.479985 0.16951 0.033765 0.00476 0.00063 9.5e-05 1e-05 0 0 0 0 0 0 0 0 0 0 0 
1 0.799705 0.4849 0.17479 0.035615 0.004805 0.0004 4.5e-05 1.5e-05 0 0 0 0 0 0 0 0 0 0 0 
1 0.798395 0.48697 0.175525 0.037445 0.00556 0.000715 8.5e-05 1e-05 0 0 0 0 0 0 0 0 0 0 0 
1 0.797355 0.48004 0.169265 0.03331 0.00467 0.00044 2.5e-05 0 0 0 0 0 0 0 0 0 0 0 0 
1 0.79946 0.48429 0.173305 0.03554 0.005475 0.00079 3e-05 0 0 0 0 0 0 0 0 0 0 0 0 
1 0.79992 0.48422 0.172375 0.034855 0.004635 0.000385 1e-05 0 0 0 0 0 0 0 0 0 0 0 0 
1 0.80086 0.48495 0.171985 0.03547 0.00591 0.00087 0.00014 1e-05 0 0 0 0 0 0 0 0 0 0 0 
1 0.79865 0.48294 0.17174 0.03628 0.00586 0.00083 0.00012 3e-05 1e-05 0 0 0 0 0 0 0 0 0 0 
1 0.79963 0.48424 0.174125 0.03493 0.00487 0.00039 1.5e-05 0 0 0 0 0 0 0 0 0 0 0 0 
1 0.79989 0.4847 0.173535 0.03481 0.00471 0.00049 1e-05 0 0 0 0 0 0 0 0 0 0 0 0 
1 0.80104 0.48912 0.17825 0.03877 0.00661 0.001315 0.00025 5.5e-05 1e-05 0 0 0 0 0 0 0 0 0 0 
1 0.79968 0.486495 0.173735 0.035555 0.005295 0.000715 4.5e-05 0 0 0 0 0 0 0 0 0 0 0 0 
