1 0.901665 0.742075 0.536635 0.32793 0.169545 0.07683 0.03196 0.01228 0.00478 0.00199 0.000815 0.000345 0.000105 5.5e-05 2e-05 1.5e-05 0 0 0 
1 0.90093 0.743465 0.537995 0.329685 0.170395 0.07741 0.03169 0.01154 0.00401 0.001445 0.000565 0.000155 7e-05 5e-06 0 0 0 0 0 
1 0.899405 0.73778 0.52754 0.320965 0.16679 0.07404 0.029055 0.010325 0.003575 0.001205 0.000335 0.000105 5e-06 0 0 0 0 0 0 
1 0.89889 0.739845 0.53196 0.325025 0.168595 0.07751 0.03272 0.012785 0.004695 0.00157 0.000565 0.000215 6.5e-05 4e-05 1e-05 5e-06 0 0 0 
1 0.899685 0.74082 0.531885 0.32507 0.168425 0.07555 0.03014 0.010775 0.003455 0.00099 0.00028 4e-05 5e-06 0 0 0 0 0 0 
1 0.899715 0.74168 0.53398 0.325725 0.166965 0.0745 0.030065 0.01089 0.003405 0.00099 0.00029 0.000105 2e-05 0 0 0 0 0 0 
1 0.899245 0.739515 0.532505 0.325535 0.169985 0.077845 0.032915 0.013625 0.0056 0.00218 0.00092 0.00037 0.000145 7.5e-05 4.5e-05 2.5e-05 0 0 0 
1 0.900065 0.74036 0.53195 0.3252 0.16964 0.076835 0.032185 0.01229 0.00467 0.001725 0.000565 0.000135 2e-05 0 0 0 0 0 0 
1 0.900895 0.743265 0.537655 0.33051 0.172735 0.079105 0.03129 0.011685 0.004045 0.001335 0.00035 0.0001 2.5e-05 5e-06 5e-06 0 0 0 0 
1 0.89834 0.73625 0.52779 0.319305 0.16238 0.071415 0.02856 0.01062 0.00352 0.001125 0.00028 6e-05 1e-05 0 0 0 0 0 0 
1 0.89931 0.739655 0.533115 0.326215 0.17218 0.080195 0.034505 0.013745 0.00538 0.00181 0.000545 0.000145 3.5e-05 1e-05 0 0 0 0 0 
1 0.89744 0.733325 0.521245 0.310985 0.156955 0.06842 0.027305 0.0101 0.003595 0.00109 0.00027 4e-05 0 0 0 0 0 0 0 
1 0.89992 0.73996 0.5316 0.32254 0.16483 0.07181 0.0288 0.011155 0.00423 0.00188 0.000765 0.00021 2.5e-05 0 0 0 0 0 0 
1 0.897155 0.735965 0.52647 0.31856 0.164065 0.07447 0.030635 0.01128 0.00387 0.00107 0.000275 4e-05 0 0 0 0 0 0 0 
1 0.901075 0.743005 0.53822 0.333975 0.177235 0.083515 0.036135 0.014745 0.00563 0.002055 0.00076 0.00023 7e-05 0 0 0 0 0 0 
1 0.897125 0.73642 0.527485 0.32056 0.16685 0.07591 0.0315 0.012955 0.00546 0.002335 0.001045 0.00039 0.000195 7e-05 1e-05 0 0 0 0 
1 0.89876 0.740165 0.533445 0.327945 0.17159 0.079875 0.03428 0.01386 0.005155 0.00196 0.000695 0.00018 4.5e-05 5e-06 0 0 0 0 0 
1 0.8993 0.739265 0.53041 0.32304 0.16752 0.075385 0.030635 0.011425 0.003865 0.001265 0.000375 0.0001 1.5e-05 5e-06 0 0 0 0 0 
1 0.90148 0.746015 0.54057 0.336935 0.177085 0.08215 0.033875 0.0124 0.004045 0.001235 0.00035 8e-05 5e-06 0 0 0 0 0 0 
1 0.899305 0.73874 0.52927 0.321435 0.16651 0.07278 0.028075 0.01005 0.003135 0.0009 0.00025 7.5e-05 2e-05 0 0 0 0 0 0 
1 0.899235 0.738865 0.532035 0.325145 0.170195 0.07735 0.031935 0.01209 0.004385 0.001455 0.000585 0.000225 8e-05 2e-05 0 0 0 0 0 
1 0.8973 0.736955 0.525795 0.317375 0.16196 0.070975 0.027775 0.009575 0.003175 0.00076 0.00015 5.5e-05 0 0 0 0 0 0 0 
1 0.900405 0.741715 0.533565 0.325005 0.167165 0.07417 0.030065 0.01124 0.004145 0.00134 0.000455 0.000135 5e-05 2.5e-05 0 0 0 0 0 
1 0.902075 0.745375 0.53958 0.334495 0.17675 0.080215 0.033185 0.012635 0.004575 0.00158 0.000545 0.00016 3e-05 5e-06 2.77556e-17 0 0 0 0 
1 0.902115 0.748195 0.544895 0.34147 0.18501 0.08915 0.0407 0.018 0.00741 0.00293 0.00123 0.000495 0.00018 3e-05 0 0 0 0 0 
1 0.90157 0.74265 0.53725 0.331375 0.17439 0.0818 0.03495 0.013875 0.005475 0.002495 0.001215 0.0006 0.000275 8.5e-05 1e-05 5e-06 0 0 0 
1 0.89786 0.738 0.53015 0.321995 0.165895 0.074185 0.029515 0.0109 0.004035 0.001535 0.000635 0.00017 2e-05 0 0 0 0 0 0 
1 0.902595 0.747145 0.541475 0.33533 0.178485 0.084215 0.037505 0.016075 0.006815 0.002915 0.001085 0.00035 9e-05 2.5e-05 5e-06 0 0 0 0 
1 0.903465 0.75033 0.54668 0.34018 0.181465 0.084315 0.03547 0.013705 0.005155 0.002235 0.001065 0.00055 0.000245 0.00015 5e-05 0 0 0 0 
1 0.89899 0.73936 0.529785 0.32267 0.165795 0.07432 0.029945 0.011305 0.00395 0.0012 0.000355 8e-05 1e-05 5e-06 0 0 0 0 0 
1 0.89769 0.734945 0.52395 0.316225 0.16277 0.073595 0.030105 0.011235 0.00384 0.00113 0.000305 0.000115 1.5e-05 0 0 0 0 0 0 
1 0.90043 0.74019 0.53088 0.32247 0.1661 0.075555 0.030265 0.0112 0.00405 0.001165 0.000275 6e-05 1e-05 0 0 0 0 0 0 
1 0.904165 0.75205 0.550945 0.346545 0.186865 0.08932 0.03904 0.015515 0.00556 0.00173 0.00052 0.000175 5e-05 1.5e-05 5e-06 5e-06 0 0 0 
1 0.902215 0.746555 0.54155 0.3342 0.17711 0.08331 0.035885 0.0139 0.005275 0.00201 0.000665 0.00026 6.5e-05 1.5e-05 5e-06 0 0 0 0 
1 0.899295 0.73965 0.53319 0.325925 0.16994 0.077975 0.03318 0.01306 0.00535 0.002235 0.00088 0.00043 0.000195 9.5e-05 5e-05 2e-05 5e-06 0 0 
1 0.899505 0.74062 0.53297 0.326085 0.168105 0.076115 0.031 0.01187 0.004175 0.001495 0.000465 0.000175 4.5e-05 1e-05 0 0 0 0 0 
1 0.898495 0.73912 0.531195 0.32253 0.165645 0.074355 0.03037 0.011495 0.003835 0.001115 0.00022 7.5e-05 2e-05 0 0 0 0 0 0 
1 0.900805 0.743605 0.53762 0.332595 0.17546 0.081805 0.034285 0.01343 0.00503 0.0019 0.00063 0.00015 5e-05 0 0 0 0 0 0 
1 0.90176 0.74454 0.54014 0.332135 0.174295 0.08055 0.03334 0.01334 0.00506 0.00211 0.000745 0.000275 8e-05 3.5e-05 1.65382e-17 0 0 0 0 
1 0.89949 0.73841 0.52987 0.3209 0.163435 0.071695 0.027955 0.009655 0.003345 0.001025 0.000265 5.5e-05 5e-06 2.77556e-17 2.77556e-17 0 0 0 0 
1 0.899415 0.738455 0.52938 0.323515 0.16616 0.07438 0.03008 0.011405 0.003855 0.001255 0.0002 4.5e-05 0 0 0 0 0 0 0 
1 0.90372 0.75235 0.55056 0.344745 0.18557 0.08721 0.036715 0.01394 0.004685 0.001155 0.00029 4.5e-05 1e-05 5e-06 0 0 0 0 0 
1 0.898395 0.73958 0.530665 0.32366 0.167585 0.075285 0.03074 0.011715 0.004235 0.00139 0.00035 5e-05 5e-06 0 0 0 0 0 0 
1 0.89939 0.743755 0.538195 0.332275 0.17451 0.08066 0.033705 0.01372 0.005185 0.00194 0.00061 0.000145 3e-05 1e-05 0 0 0 0 0 
1 0.89963 0.74007 0.53292 0.32516 0.1703 0.078765 0.034745 0.01463 0.006385 0.00285 0.00121 0.0004 0.000145 1e-05 0 0 0 0 0 
1 0.900285 0.741725 0.533655 0.325985 0.168385 0.076805 0.03254 0.012835 0.004715 0.00162 0.000485 0.0001 1e-05 0 0 0 0 0 0 
1 0.898255 0.73891 0.530985 0.32596 0.17155 0.08007 0.03423 0.014325 0.005965 0.002495 0.001105 0.00047 0.000185 9e-05 2.5e-05 0 0 0 0 
1 0.900225 0.74252 0.53414 0.32601 0.16976 0.0771 0.03142 0.011635 0.00434 0.001455 0.00041 6.5e-05 5e-06 0 0 0 0 0 0 
1 0.898355 0.73614 0.524985 0.31618 0.16283 0.07376 0.029485 0.01102 0.003815 0.001205 0.000375 9e-05 1e-05 0 0 0 0 0 0 
1 0.90178 0.74518 0.539205 0.33063 0.173065 0.0793 0.032415 0.01259 0.00448 0.001435 0.000415 0.000125 2e-05 0 0 0 0 0 0 
1 0.90062 0.741545 0.536295 0.331245 0.17321 0.078895 0.03298 0.01289 0.00541 0.00242 0.001045 0.000345 0.000115 2.5e-05 5e-06 0 0 0 0 
1 0.9013 0.744255 0.536935 0.33016 0.17243 0.07907 0.03271 0.01268 0.00476 0.001455 0.000445 9.5e-05 1e-05 0 0 0 0 0 0 
1 0.900385 0.740615 0.530875 0.32237 0.164825 0.074345 0.02992 0.0111 0.003775 0.00141 0.000465 0.00016 5e-05 5e-06 0 0 0 0 0 
1 0.89798 0.73521 0.52489 0.319195 0.1635 0.07224 0.0299 0.011335 0.0042 0.001435 0.000465 0.000165 2.5e-05 0 0 0 0 0 0 
1 0.90192 0.74631 0.54364 0.337595 0.1776 0.08216 0.03396 0.01334 0.00482 0.001735 0.000525 0.000115 2e-05 0 0 0 0 0 0 
1 0.902515 0.744985 0.538795 0.33317 0.175705 0.07954 0.03171 0.01135 0.00376 0.001285 0.00049 0.00021 8e-05 1e-05 0 0 0 0 0 
1 0.899385 0.74159 0.5356 0.32822 0.17183 0.07929 0.03325 0.012605 0.0048 0.001825 0.00071 0.000255 6e-05 1.5e-05 0 0 0 0 0 
1 0.900125 0.742625 0.53759 0.33042 0.17318 0.078735 0.032475 0.01247 0.00481 0.001975 0.000765 0.000315 8.5e-05 3.5e-05 1e-05 2.77556e-17 2.77556e-17 0 0 
1 0.90116 0.743855 0.53776 0.328645 0.17105 0.07882 0.03307 0.013085 0.00489 0.001665 0.00053 0.00014 5e-05 0 0 0 0 0 0 
1 0.898565 0.73796 0.530185 0.323315 0.16812 0.076475 0.031205 0.011965 0.00401 0.00115 0.00035 0.00013 6.5e-05 2.5e-05 1e-05 0 0 0 0 
1 0.89816 0.73795 0.529715 0.318925 0.162125 0.07118 0.027405 0.009735 0.0033 0.00092 0.000195 5e-05 5e-06 0 0 0 0 0 0 
1 0.900275 0.742235 0.53608 0.327945 0.169135 0.07624 0.030685 0.011015 0.003405 0.001035 0.000255 6.5e-05 1.5e-05 0 0 0 0 0 0 
1 0.900065 0.74236 0.535935 0.3301 0.172505 0.07912 0.0324 0.012445 0.00387 0.001105 0.00021 6e-05 5e-06 0 0 0 0 0 0 
1 0.89978 0.74243 0.537415 0.332645 0.17575 0.08075 0.03373 0.01286 0.00466 0.0017 0.00059 0.00022 9.5e-05 4.5e-05 1e-05 0 0 0 0 
1 0.90181 0.744985 0.53916 0.33029 0.17168 0.077155 0.03187 0.01241 0.004765 0.00179 0.00068 0.000235 4e-05 0 0 0 0 0 0 
1 0.89961 0.73998 0.53164 0.323395 0.16674 0.07498 0.030255 0.010505 0.003245 0.001065 0.00034 0.00012 6e-05 2e-05 1e-05 0 0 0 0 
1 0.901705 0.743335 0.53815 0.332245 0.176295 0.08189 0.035805 0.015395 0.00689 0.002835 0.001095 0.00048 0.000145 4e-05 1e-05 0 0 0 0 
1 0.89972 0.741755 0.53566 0.32731 0.17002 0.078275 0.032555 0.01282 0.004885 0.00162 0.000415 6e-05 1e-05 0 0 0 0 0 0 
1 0.901265 0.744985 0.541305 0.334175 0.17479 0.079465 0.03242 0.01279 0.00521 0.00229 0.001115 0.00052 0.000125 2e-05 0 0 0 0 0 
1 0.898655 0.73839 0.528595 0.322685 0.16754 0.075445 0.031205 0.012545 0.00485 0.001885 0.0007 0.000285 0.00013 3e-05 1e-05 5e-06 0 0 0 
1 0.89887 0.73869 0.52868 0.32095 0.16426 0.07252 0.028485 0.009975 0.00317 0.0008 0.00013 1e-05 5e-06 0 0 0 0 0 0 
1 0.90076 0.742455 0.53601 0.32793 0.17122 0.07878 0.033215 0.01333 0.005555 0.00252 0.001235 0.000475 0.00015 5e-05 1e-05 0 0 0 0 
1 0.900395 0.74133 0.53495 0.328545 0.172925 0.0803 0.034085 0.01369 0.005445 0.002335 0.00105 0.00038 0.000105 2e-05 0 0 0 0 0 
1 0.89968 0.74069 0.53332 0.32646 0.169785 0.07665 0.031445 0.011465 0.003665 0.0011 0.000275 6.5e-05 0 0 0 0 0 0 0 
1 0.899135 0.73924 0.532385 0.328055 0.17269 0.07906 0.03294 0.01259 0.004525 0.0016 0.000655 0.00029 0.000105 5e-06 0 0 0 0 0 
1 0.9011 0.74471 0.53945 0.333035 0.175545 0.081675 0.03515 0.01424 0.005675 0.00213 0.00086 0.00036 0.00011 2e-05 0 0 0 0 0 
1 0.897585 0.736755 0.530195 0.32123 0.165325 0.074905 0.03048 0.011445 0.004125 0.001355 0.000375 0.00012 5e-06 0 0 0 0 0 0 
1 0.899425 0.741335 0.53494 0.32756 0.171465 0.078945 0.033085 0.013135 0.00472 0.001675 0.000535 0.000135 2.5e-05 1e-05 0 0 0 0 0 
1 0.90148 0.742935 0.53702 0.329965 0.17251 0.078975 0.032355 0.01216 0.00419 0.001335 0.00039 7.5e-05 1.5e-05 0 0 0 0 0 0 
1 0.90074 0.742185 0.533865 0.327315 0.1716 0.079355 0.033755 0.01278 0.004255 0.0014 0.000485 0.000185 9e-05 5e-05 1.5e-05 5e-06 0 0 0 
1 0.897995 0.73796 0.532025 0.326055 0.17284 0.08202 0.03664 0.01658 0.007745 0.003745 0.001865 0.00089 0.0004 0.000195 0.000105 4e-05 0 0 0 
1 0.89889 0.738475 0.530205 0.32255 0.167115 0.075295 0.031375 0.01188 0.004515 0.001625 0.000365 6e-05 0 0 0 0 0 0 0 
1 0.900985 0.744495 0.537645 0.33058 0.173575 0.07993 0.03281 0.012655 0.00464 0.00156 0.00047 9e-05 5e-06 0 0 0 0 0 0 
1 0.89806 0.73365 0.522315 0.313235 0.159015 0.07021 0.027525 0.009245 0.0029 0.000985 0.000275 5e-05 1e-05 0 0 0 0 0 0 
1 0.89882 0.73754 0.53077 0.3242 0.16988 0.08015 0.034785 0.014955 0.00638 0.002685 0.00111 0.00047 0.000205 4.5e-05 5e-06 0 0 0 0 
1 0.901795 0.74357 0.537215 0.32956 0.172945 0.079365 0.031935 0.011955 0.00447 0.001435 0.000465 0.00013 2e-05 0 0 0 0 0 0 
1 0.898885 0.7394 0.53292 0.32704 0.168765 0.075715 0.0304 0.011385 0.00383 0.001225 0.000315 4.5e-05 1.5e-05 0 0 0 0 0 0 
1 0.900725 0.743245 0.53539 0.327885 0.171785 0.077725 0.032195 0.011965 0.00423 0.001555 0.00061 0.00027 0.000145 5e-05 0 0 0 0 0 
1 0.89906 0.739555 0.531985 0.325075 0.1674 0.073935 0.02977 0.01092 0.003575 0.00116 0.000305 8e-05 3.5e-05 5e-06 0 0 0 0 0 
1 0.89784 0.73758 0.52914 0.32163 0.1662 0.074675 0.03126 0.012025 0.004405 0.001675 0.000625 0.00023 8.5e-05 1e-05 0 0 0 0 0 
1 0.89977 0.74379 0.53855 0.33299 0.174405 0.079475 0.031995 0.01167 0.004005 0.00131 0.000385 3.5e-05 5e-06 0 0 0 0 0 0 
1 0.900325 0.742205 0.537315 0.329755 0.17251 0.079755 0.03458 0.01378 0.005225 0.00175 0.000565 0.000165 3e-05 5e-06 0 0 0 0 0 
1 0.90011 0.74168 0.536415 0.329375 0.170325 0.076975 0.03071 0.010725 0.003455 0.00099 0.00026 4e-05 0 0 0 0 0 0 0 
1 0.899825 0.74024 0.53217 0.324705 0.168825 0.07626 0.031035 0.01202 0.004355 0.00166 0.000655 0.000205 6.5e-05 1.5e-05 5e-06 0 0 0 0 
1 0.90154 0.744275 0.53657 0.329335 0.171535 0.078685 0.032735 0.01313 0.00525 0.00225 0.00113 0.00055 0.000285 9.5e-05 4.5e-05 0 0 0 0 
1 0.901375 0.74519 0.539335 0.329955 0.171445 0.0779 0.03157 0.011465 0.003625 0.00097 0.000215 3e-05 0 0 0 0 0 0 0 
1 0.901415 0.743175 0.537255 0.33058 0.173635 0.080485 0.03264 0.012035 0.00434 0.00115 0.00026 6e-05 1e-05 5e-06 0 0 0 0 0 
1 0.9015 0.745355 0.538725 0.331785 0.1742 0.080415 0.034115 0.014375 0.005645 0.00214 0.0007 0.000175 4.5e-05 1e-05 0 0 0 0 0 
1 0.90159 0.74764 0.543925 0.3386 0.17985 0.08399 0.035175 0.01343 0.004655 0.001445 0.00034 5e-05 0 0 0 0 0 0 0 
1 0.900995 0.744425 0.5401 0.332345 0.17393 0.078475 0.03118 0.011025 0.00402 0.00147 0.000525 0.000125 1e-05 0 0 0 0 0 0 
