1 0.899615 0.714725 0.451225 0.219935 0.0909 0.034545 0.01252 0.00413 0.00114 0.000395 6.5e-05 0 0 0 0 0 0 0 0 
1 0.89955 0.714245 0.45117 0.21967 0.089395 0.032705 0.01118 0.003845 0.00126 0.000355 8.5e-05 1.5e-05 0 0 0 0 0 0 0 
1 0.90051 0.713565 0.44904 0.217585 0.087855 0.031895 0.010875 0.003075 0.00062 5e-05 2.36505e-17 0 0 0 0 0 0 0 0 
1 0.899205 0.70993 0.44587 0.21398 0.08431 0.028835 0.008715 0.00239 0.00054 0.000175 5e-05 0 0 0 0 0 0 0 0 
1 0.898875 0.71207 0.449955 0.218275 0.0892 0.03326 0.011965 0.004535 0.00181 0.000565 0.00014 3e-05 0 0 0 0 0 0 0 
1 0.900315 0.716295 0.453185 0.2248 0.093975 0.03677 0.01456 0.006295 0.0029 0.001415 0.0007 0.000285 0.000115 5e-05 0 0 0 0 0 
1 0.898625 0.71249 0.45265 0.22697 0.09686 0.03941 0.016625 0.007345 0.00348 0.001875 0.000975 0.000425 0.000245 0.000115 2.5e-05 0 0 0 0 
1 0.89878 0.71282 0.451935 0.223305 0.093615 0.03605 0.01291 0.00437 0.001215 0.00028 5.5e-05 5e-06 0 0 0 0 0 0 0 
1 0.899725 0.71342 0.45068 0.22111 0.09224 0.034455 0.012135 0.004725 0.001675 0.0004 9.5e-05 1.5e-05 0 0 0 0 0 0 0 
1 0.898465 0.71374 0.449195 0.217585 0.087855 0.03206 0.010785 0.003225 0.001125 0.000535 0.000265 3e-05 0 0 0 0 0 0 0 
1 0.89984 0.713965 0.452765 0.22532 0.09504 0.036635 0.012225 0.003345 0.00072 5.5e-05 0 0 0 0 0 0 0 0 0 
1 0.90126 0.71664 0.454745 0.225885 0.092575 0.03457 0.011915 0.00369 0.00087 0.000195 4e-05 5e-06 0 0 0 0 0 0 0 
1 0.90077 0.71625 0.455135 0.22521 0.092735 0.03452 0.012685 0.00467 0.001525 0.000415 6.5e-05 1e-05 0 0 0 0 0 0 0 
1 0.89994 0.714585 0.451625 0.21918 0.08966 0.03472 0.01412 0.00638 0.00306 0.001485 0.000665 0.00026 0.000115 2e-05 0 0 0 0 0 
1 0.901325 0.71907 0.459955 0.22916 0.09651 0.037495 0.0142 0.005665 0.002185 0.00073 0.00018 2e-05 0 0 0 0 0 0 0 
1 0.90018 0.716615 0.454785 0.222 0.091205 0.03411 0.013365 0.00558 0.00247 0.00092 0.000235 6.5e-05 2.19449e-17 0 0 0 0 0 0 
1 0.899965 0.71539 0.45377 0.22286 0.09194 0.035515 0.013525 0.00452 0.001475 0.000335 3e-05 0 0 0 0 0 0 0 0 
1 0.89935 0.71606 0.455585 0.22673 0.095875 0.036165 0.011485 0.00291 0.000545 4.5e-05 5e-06 0 0 0 0 0 0 0 0 
1 0.899415 0.71544 0.4555 0.22693 0.094775 0.03456 0.011485 0.00326 0.000775 0.000145 5e-06 0 0 0 0 0 0 0 0 
1 0.89822 0.709405 0.446555 0.21706 0.09002 0.03443 0.01243 0.00427 0.0015 0.00049 0.0002 6e-05 5e-06 0 0 0 0 0 0 
1 0.90092 0.718135 0.46007 0.22917 0.09649 0.036215 0.01201 0.003535 0.0008 7e-05 0 0 0 0 0 0 0 0 0 
1 0.900935 0.717545 0.45494 0.22454 0.093885 0.03532 0.01252 0.003575 0.000835 0.00035 7.5e-05 1e-05 0 0 0 0 0 0 0 
1 0.89815 0.70952 0.44601 0.216515 0.08862 0.034675 0.013195 0.00503 0.001955 0.0006 0.000205 2e-05 0 0 0 0 0 0 0 
1 0.90066 0.716365 0.454645 0.224495 0.092575 0.034775 0.01295 0.004835 0.001965 0.000905 0.0004 0.00016 1.5e-05 0 0 0 0 0 0 
1 0.899075 0.7115 0.448415 0.219275 0.090185 0.03464 0.011865 0.003575 0.000915 0.0002 4e-05 0 0 0 0 0 0 0 0 
1 0.90113 0.71554 0.452985 0.2207 0.08802 0.030975 0.0097 0.00265 0.000825 0.000185 3.5e-05 1.5e-05 0 0 0 0 0 0 0 
1 0.899315 0.71221 0.449405 0.22149 0.0926 0.036555 0.013415 0.004615 0.00142 0.000435 0.000145 4.5e-05 3e-05 0 0 0 0 0 0 
1 0.901145 0.717655 0.454975 0.22248 0.091325 0.034615 0.012885 0.004625 0.001465 0.00048 0.000115 4e-05 0 0 0 0 0 0 0 
1 0.90024 0.71383 0.452735 0.2217 0.090955 0.033835 0.01215 0.00403 0.001315 0.000445 0.00016 3e-05 0 0 0 0 0 0 0 
1 0.90171 0.719385 0.46038 0.22802 0.09409 0.034475 0.0112 0.00336 0.001105 0.000355 0.0002 8e-05 2.5e-05 0 0 0 0 0 0 
1 0.899255 0.7153 0.45336 0.22225 0.09076 0.033565 0.01208 0.00375 0.00109 0.00026 1e-05 0 0 0 0 0 0 0 0 
1 0.90002 0.71546 0.453645 0.2224 0.091515 0.03393 0.01307 0.004975 0.001885 0.00064 0.00013 1e-05 0 0 0 0 0 0 0 
1 0.90014 0.71459 0.45024 0.220185 0.089115 0.03431 0.01296 0.00476 0.00177 0.000605 0.00014 1.5e-05 0 0 0 0 0 0 0 
1 0.900235 0.71475 0.455745 0.22734 0.096985 0.037825 0.01323 0.00431 0.001315 0.00047 0.000125 1.5e-05 0 0 0 0 0 0 0 
1 0.900475 0.715425 0.45372 0.221765 0.09295 0.03637 0.01299 0.00457 0.00172 0.000585 0.0002 8e-05 5e-06 0 0 0 0 0 0 
1 0.897505 0.7098 0.44534 0.214955 0.087865 0.032145 0.01133 0.003855 0.00119 0.00026 1e-05 0 0 0 0 0 0 0 0 
1 0.900725 0.71812 0.455685 0.223215 0.09103 0.033485 0.012115 0.00456 0.00202 0.00063 0.000185 2e-05 0 0 0 0 0 0 0 
1 0.89818 0.71196 0.446575 0.21562 0.08701 0.032145 0.01193 0.003995 0.001225 0.00036 7e-05 0 0 0 0 0 0 0 0 
1 0.897355 0.711355 0.45015 0.22002 0.089465 0.033225 0.011705 0.00425 0.00158 0.000485 0.00014 4.5e-05 0 0 0 0 0 0 0 
1 0.902055 0.71897 0.45969 0.228245 0.09602 0.037825 0.01401 0.004915 0.001795 0.00073 0.00029 8.5e-05 5e-06 0 0 0 0 0 0 
1 0.902715 0.722455 0.46341 0.236735 0.106415 0.04652 0.01979 0.00813 0.003615 0.00158 0.000385 3e-05 0 0 0 0 0 0 0 
1 0.896025 0.70674 0.440635 0.21133 0.084585 0.03091 0.01105 0.004095 0.00152 0.00032 6e-05 5e-06 0 0 0 0 0 0 0 
1 0.901945 0.71754 0.45346 0.22029 0.089955 0.033455 0.01182 0.0037 0.001045 0.000285 2.77556e-17 2.77556e-17 0 0 0 0 0 0 0 
1 0.900655 0.71674 0.45334 0.22308 0.09198 0.0357 0.013375 0.00472 0.001765 0.00078 0.000365 0.00013 3e-05 0 0 0 0 0 0 
1 0.90137 0.7199 0.46088 0.2277 0.09415 0.03639 0.01298 0.004445 0.00149 0.00044 0.000125 2.5e-05 0 0 0 0 0 0 0 
1 0.89946 0.71321 0.450835 0.22043 0.092435 0.03544 0.01355 0.00477 0.001505 0.000415 7.5e-05 0 0 0 0 0 0 0 0 
1 0.898245 0.71297 0.451365 0.22149 0.09158 0.034235 0.011475 0.003305 0.000705 9e-05 5e-06 0 0 0 0 0 0 0 0 
1 0.90169 0.719825 0.46378 0.23131 0.097945 0.0365 0.01362 0.00455 0.001475 0.000445 0.0001 1e-05 0 0 0 0 0 0 0 
1 0.899085 0.712655 0.447565 0.213495 0.08287 0.02844 0.00961 0.003325 0.001075 0.000385 0.000145 3.5e-05 5e-06 0 0 0 0 0 0 
1 0.90196 0.720025 0.45763 0.22749 0.0933 0.034025 0.01169 0.00429 0.001955 0.00119 0.000835 0.00054 0.00032 0.000165 3e-05 0 0 0 0 
1 0.901435 0.719195 0.461335 0.23033 0.094715 0.034245 0.01153 0.00373 0.00124 0.00038 0.00015 6e-05 1e-05 0 0 0 0 0 0 
1 0.899165 0.713775 0.4516 0.222085 0.09097 0.032635 0.01138 0.00385 0.001555 0.000555 0.000175 6.5e-05 1.5e-05 1e-05 0 0 0 0 0 
1 0.899665 0.71426 0.45367 0.22745 0.09763 0.03905 0.0151 0.0059 0.00255 0.00129 0.00075 0.000375 0.00016 4e-05 2e-05 0 0 0 0 
1 0.90003 0.71452 0.44987 0.216265 0.085235 0.029315 0.009115 0.002865 0.00061 5.5e-05 1e-05 2.77556e-17 2.77556e-17 0 0 0 0 0 0 
1 0.900815 0.71904 0.457965 0.228305 0.096885 0.039465 0.01621 0.00634 0.002905 0.00126 0.00036 8e-05 2e-05 0 0 0 0 0 0 
1 0.899955 0.71524 0.453975 0.22131 0.090325 0.031405 0.01008 0.00288 0.000775 0.000145 3.4972e-19 0 0 0 0 0 0 0 0 
1 0.898455 0.71176 0.448 0.218535 0.08961 0.03457 0.013685 0.005365 0.002065 0.000675 0.00023 6e-05 5e-06 0 0 0 0 0 0 
1 0.897495 0.70831 0.44352 0.21415 0.086615 0.03156 0.01087 0.003545 0.001 0.00023 5.5e-05 1e-05 0 0 0 0 0 0 0 
1 0.899965 0.71421 0.451215 0.21747 0.08549 0.03002 0.01014 0.003 0.00079 0.00014 5e-06 0 0 0 0 0 0 0 0 
1 0.899975 0.71621 0.458675 0.22864 0.0974 0.038865 0.01529 0.005875 0.00216 0.00069 0.00018 8e-05 3.5e-05 0 0 0 0 0 0 
1 0.90026 0.71383 0.450585 0.218875 0.089525 0.03327 0.01038 0.00287 0.000835 0.00032 9e-05 1e-05 0 0 0 0 0 0 0 
1 0.901575 0.720495 0.46198 0.2319 0.09817 0.03864 0.014755 0.005655 0.002355 0.0009 0.00036 0.0001 4.5e-05 0 0 0 0 0 0 
1 0.89829 0.71069 0.44795 0.217405 0.090265 0.035295 0.013035 0.004795 0.00167 0.00047 5.5e-05 5.98549e-18 0 0 0 0 0 0 0 
1 0.902405 0.72125 0.46299 0.233685 0.09984 0.03942 0.014655 0.00533 0.00195 0.000635 0.000275 0.00011 4.5e-05 5e-06 0 0 0 0 0 
1 0.899135 0.71242 0.448645 0.217885 0.088745 0.03315 0.011465 0.00378 0.00104 0.000165 5e-06 0 0 0 0 0 0 0 0 
1 0.901705 0.720305 0.46015 0.22878 0.09556 0.035855 0.013285 0.004795 0.0017 0.00044 0.0001 1.5e-05 0 0 0 0 0 0 0 
1 0.89895 0.71189 0.446165 0.21676 0.08979 0.033655 0.01205 0.00428 0.001595 0.000575 0.0002 0.00012 3.5e-05 0 0 0 0 0 0 
1 0.90262 0.72089 0.46071 0.228585 0.09425 0.034655 0.01219 0.003925 0.001295 0.000305 4e-05 0 0 0 0 0 0 0 0 
1 0.90014 0.71455 0.450135 0.222025 0.08947 0.031125 0.00978 0.002775 0.000625 6.5e-05 5e-06 0 0 0 0 0 0 0 0 
1 0.90271 0.7206 0.45819 0.22485 0.0899 0.030305 0.00929 0.002755 0.001005 0.00037 0.00015 3.5e-05 0 0 0 0 0 0 0 
1 0.89923 0.71215 0.450565 0.22219 0.0932 0.035855 0.013505 0.005 0.001955 0.00063 9.5e-05 5e-06 2.77556e-17 0 0 0 0 0 0 
1 0.900685 0.71276 0.451105 0.218315 0.08781 0.031315 0.010255 0.003325 0.001155 0.000295 7.5e-05 2.13551e-17 0 0 0 0 0 0 0 
1 0.900755 0.714895 0.453255 0.22423 0.09274 0.03531 0.012235 0.00435 0.001505 0.00056 0.000185 3e-05 5e-06 0 0 0 0 0 0 
1 0.899355 0.711645 0.4487 0.218495 0.091825 0.035585 0.01293 0.00472 0.0017 0.0005 8.5e-05 0 0 0 0 0 0 0 0 
1 0.90024 0.71413 0.452305 0.219515 0.089815 0.034005 0.01213 0.00401 0.0011 0.000235 3e-05 0 0 0 0 0 0 0 0 
1 0.902835 0.724 0.464275 0.230535 0.09439 0.032955 0.010615 0.00331 0.00108 0.000425 0.00011 5e-06 0 0 0 0 0 0 0 
1 0.897655 0.70939 0.442825 0.212415 0.086065 0.0309 0.011615 0.004745 0.00197 0.00093 0.000395 0.00016 2.5e-05 0 0 0 0 0 0 
1 0.89841 0.711505 0.44524 0.213565 0.083535 0.02856 0.009605 0.003065 0.00092 0.00033 0.000135 4.5e-05 1e-05 0 0 0 0 0 0 
1 0.89857 0.7127 0.452355 0.223915 0.095975 0.038895 0.0157 0.005865 0.001755 0.000325 5e-05 1e-05 0 0 0 0 0 0 0 
1 0.89873 0.71305 0.450935 0.219815 0.08944 0.032785 0.011475 0.004165 0.001425 0.00054 0.00014 0 0 0 0 0 0 0 0 
1 0.901525 0.715135 0.45155 0.221405 0.09206 0.03542 0.01251 0.004245 0.00138 0.000465 0.000305 0.000115 2e-05 0 0 0 0 0 0 
1 0.898445 0.70883 0.441045 0.20979 0.083415 0.03117 0.011075 0.003835 0.00111 0.00034 6e-05 3.34316e-18 0 0 0 0 0 0 0 
1 0.90044 0.71432 0.453595 0.22258 0.09374 0.036055 0.01275 0.00416 0.001505 0.00061 0.000305 7.5e-05 7.93393e-18 0 0 0 0 0 0 
1 0.90063 0.717125 0.458225 0.22619 0.09442 0.035485 0.012325 0.004305 0.00175 0.00089 0.000495 0.000245 5.5e-05 0 0 0 0 0 0 
1 0.89932 0.71119 0.4492 0.220465 0.089725 0.034145 0.012175 0.00379 0.0011 0.000375 0.00022 0.00014 7e-05 1.5e-05 0 0 0 0 0 
1 0.89893 0.712175 0.450285 0.221055 0.08884 0.030265 0.00932 0.002705 0.000925 0.00043 0.00018 6e-05 5e-06 0 0 0 0 0 0 
1 0.899805 0.714675 0.452955 0.225345 0.09565 0.037125 0.013755 0.00525 0.00241 0.001275 0.00062 0.00026 8e-05 1.5e-05 0 0 0 0 0 
1 0.903065 0.72037 0.46113 0.230825 0.10082 0.041655 0.0164 0.006545 0.00238 0.000855 0.000465 0.00029 0.00016 7.5e-05 1.5e-05 0 0 0 0 
1 0.90065 0.71619 0.45361 0.22483 0.09453 0.036745 0.013435 0.004555 0.001725 0.000755 0.00035 0.000185 7e-05 2.5e-05 0 0 0 0 0 
1 0.897445 0.706775 0.44102 0.211305 0.082455 0.02891 0.01022 0.00367 0.001355 0.00036 4.5e-05 5e-06 0 0 0 0 0 0 0 
1 0.899715 0.713365 0.45227 0.220955 0.091635 0.035165 0.01326 0.00449 0.00147 0.000395 6e-05 1.5e-05 0 0 0 0 0 0 0 
1 0.90114 0.71702 0.455145 0.22543 0.095115 0.0363 0.013685 0.005215 0.00179 0.000445 5.5e-05 0 0 0 0 0 0 0 0 
1 0.899765 0.71645 0.45642 0.227065 0.095525 0.036795 0.013045 0.004945 0.001915 0.00081 0.0003 9.5e-05 2e-05 0 0 0 0 0 0 
1 0.9019 0.71939 0.45807 0.226505 0.094365 0.033945 0.011365 0.00416 0.00158 0.000425 9e-05 1.5e-05 0 0 0 0 0 0 0 
1 0.900285 0.71652 0.452645 0.223385 0.093955 0.036515 0.012875 0.003885 0.00092 0.00013 2.5e-05 0 0 0 0 0 0 0 0 
1 0.90234 0.720265 0.46491 0.23601 0.100755 0.03866 0.013265 0.00396 0.000805 5e-05 0 0 0 0 0 0 0 0 0 
1 0.899875 0.71222 0.44714 0.214125 0.086005 0.032425 0.01145 0.003785 0.001185 0.00032 6.5e-05 2.5e-05 0 0 0 0 0 0 0 
1 0.900065 0.715655 0.45198 0.219255 0.08728 0.030985 0.010035 0.003365 0.001215 0.00046 8.5e-05 0 0 0 0 0 0 0 0 
1 0.899125 0.712525 0.44928 0.219495 0.090085 0.03477 0.01223 0.00417 0.00161 0.000595 0.000175 4e-05 1e-05 0 0 0 0 0 0 
1 0.89662 0.71039 0.44589 0.217545 0.0912 0.034 0.01108 0.00364 0.00088 0.000155 1.5e-05 0 0 0 0 0 0 0 0 
