1 0.800033 0.509115 0.202303 0.02436 6.3e-05 0 0 0 0 0 0 0 0 0 0 0 0 0 0 
1 0.801093 0.51256 0.205691 0.025146 4.55e-05 0 0 0 0 0 0 0 0 0 0 0 0 0 0 
1 0.799509 0.509718 0.202196 0.024047 2.9e-05 0 0 0 0 0 0 0 0 0 0 0 0 0 0 
1 0.798293 0.506704 0.200466 0.0237415 6.25e-05 0 0 0 0 0 0 0 0 0 0 0 0 0 0 
1 0.800283 0.508716 0.201544 0.023939 6.9e-05 0 0 0 0 0 0 0 0 0 0 0 0 0 0 
1 0.800854 0.511719 0.20466 0.024752 5.9e-05 0 0 0 0 0 0 0 0 0 0 0 0 0 0 
1 0.800308 0.50978 0.203065 0.0246555 4.35e-05 0 0 0 0 0 0 0 0 0 0 0 0 0 0 
1 0.800355 0.510103 0.203312 0.0241365 6.65e-05 0 0 0 0 0 0 0 0 0 0 0 0 0 0 
1 0.79879 0.50731 0.200368 0.0239175 3.3e-05 0 0 0 0 0 0 0 0 0 0 0 0 0 0 
1 0.797714 0.505222 0.19923 0.023146 4.7e-05 0 0 0 0 0 0 0 0 0 0 0 0 0 0 
1 0.800633 0.510285 0.203251 0.0245305 5.25e-05 0 0 0 0 0 0 0 0 0 0 0 0 0 0 
1 0.801297 0.511651 0.204889 0.0252355 5.4e-05 0 0 0 0 0 0 0 0 0 0 0 0 0 0 
1 0.800973 0.510527 0.203739 0.0242855 3.45e-05 0 0 0 0 0 0 0 0 0 0 0 0 0 0 
1 0.797472 0.504442 0.197153 0.0221775 1e-05 0 0 0 0 0 0 0 0 0 0 0 0 0 0 
1 0.800141 0.509842 0.20348 0.0248565 9.05e-05 0 0 0 0 0 0 0 0 0 0 0 0 0 0 
1 0.800556 0.510836 0.20476 0.0248815 3.65e-05 0 0 0 0 0 0 0 0 0 0 0 0 0 0 
1 0.801755 0.511844 0.205633 0.024843 3.15e-05 0 0 0 0 0 0 0 0 0 0 0 0 0 0 
1 0.799961 0.50967 0.202801 0.0241085 3.2e-05 0 0 0 0 0 0 0 0 0 0 0 0 0 0 
1 0.797712 0.505862 0.199913 0.023709 3.75e-05 0 0 0 0 0 0 0 0 0 0 0 0 0 0 
1 0.800803 0.51134 0.204954 0.025517 5.05e-05 0 0 0 0 0 0 0 0 0 0 0 0 0 0 
1 0.798101 0.505013 0.198424 0.0231135 3.6e-05 0 0 0 0 0 0 0 0 0 0 0 0 0 0 
1 0.799879 0.509556 0.202871 0.0247515 4.7e-05 0 0 0 0 0 0 0 0 0 0 0 0 0 0 
1 0.799639 0.508387 0.202515 0.0242195 6.8e-05 0 0 0 0 0 0 0 0 0 0 0 0 0 0 
1 0.800558 0.509623 0.202094 0.0239335 1.45e-05 0 0 0 0 0 0 0 0 0 0 0 0 0 0 
1 0.799125 0.509066 0.201387 0.0232165 3.45e-05 0 0 0 0 0 0 0 0 0 0 0 0 0 0 
1 0.800353 0.509403 0.202667 0.0239115 3.7e-05 0 0 0 0 0 0 0 0 0 0 0 0 0 0 
1 0.799604 0.509308 0.202379 0.0246785 4.95e-05 0 0 0 0 0 0 0 0 0 0 0 0 0 0 
1 0.800151 0.510499 0.204314 0.024804 2.25e-05 0 0 0 0 0 0 0 0 0 0 0 0 0 0 
1 0.800505 0.510054 0.203808 0.0244135 5.45e-05 0 0 0 0 0 0 0 0 0 0 0 0 0 0 
1 0.800406 0.51038 0.203245 0.0244185 5.8e-05 0 0 0 0 0 0 0 0 0 0 0 0 0 0 
1 0.800333 0.510662 0.203738 0.02441 2.5e-05 0 0 0 0 0 0 0 0 0 0 0 0 0 0 
1 0.799711 0.508013 0.20188 0.0238285 4.6e-05 0 0 0 0 0 0 0 0 0 0 0 0 0 0 
1 0.801752 0.511734 0.204216 0.0247475 9.2e-05 0 0 0 0 0 0 0 0 0 0 0 0 0 0 
1 0.802819 0.513964 0.206282 0.0255975 3.65e-05 0 0 0 0 0 0 0 0 0 0 0 0 0 0 
1 0.800047 0.509612 0.202194 0.0239395 9.5e-05 0 0 0 0 0 0 0 0 0 0 0 0 0 0 
1 0.800526 0.50997 0.204158 0.0247025 3.6e-05 0 0 0 0 0 0 0 0 0 0 0 0 0 0 
1 0.79953 0.508651 0.202102 0.024054 6.3e-05 0 0 0 0 0 0 0 0 0 0 0 0 0 0 
1 0.800161 0.510287 0.203956 0.024238 6.35e-05 0 0 0 0 0 0 0 0 0 0 0 0 0 0 
1 0.797583 0.504324 0.197973 0.0222595 3.05e-05 0 0 0 0 0 0 0 0 0 0 0 0 0 0 
1 0.799315 0.508138 0.202045 0.0239505 6.2e-05 0 0 0 0 0 0 0 0 0 0 0 0 0 0 
1 0.798749 0.50741 0.200669 0.0234245 4.05e-05 0 0 0 0 0 0 0 0 0 0 0 0 0 0 
1 0.799265 0.50799 0.2012 0.023842 3.55e-05 0 0 0 0 0 0 0 0 0 0 0 0 0 0 
1 0.799309 0.507983 0.20078 0.0235965 3.2e-05 0 0 0 0 0 0 0 0 0 0 0 0 0 0 
1 0.801041 0.510199 0.203455 0.0242505 2.2e-05 0 0 0 0 0 0 0 0 0 0 0 0 0 0 
1 0.800572 0.510319 0.202216 0.0238475 3.75e-05 0 0 0 0 0 0 0 0 0 0 0 0 0 0 
1 0.798712 0.506545 0.200216 0.0235035 3.05e-05 0 0 0 0 0 0 0 0 0 0 0 0 0 0 
1 0.799418 0.508874 0.201342 0.023289 4.35e-05 0 0 0 0 0 0 0 0 0 0 0 0 0 0 
1 0.801675 0.513193 0.206671 0.026123 5.35e-05 0 0 0 0 0 0 0 0 0 0 0 0 0 0 
1 0.799837 0.508982 0.201416 0.023714 4.05e-05 0 0 0 0 0 0 0 0 0 0 0 0 0 0 
1 0.796427 0.503906 0.197212 0.0219935 3.65e-05 0 0 0 0 0 0 0 0 0 0 0 0 0 0 
1 0.800017 0.509431 0.203027 0.0249685 4.35e-05 0 0 0 0 0 0 0 0 0 0 0 0 0 0 
1 0.801532 0.512256 0.205327 0.0253155 5.35e-05 0 0 0 0 0 0 0 0 0 0 0 0 0 0 
1 0.800117 0.508944 0.202377 0.0249395 5.15e-05 0 0 0 0 0 0 0 0 0 0 0 0 0 0 
1 0.799022 0.507449 0.200181 0.023561 1.6e-05 0 0 0 0 0 0 0 0 0 0 0 0 0 0 
1 0.800294 0.510604 0.203436 0.0246125 5.95e-05 0 0 0 0 0 0 0 0 0 0 0 0 0 0 
1 0.798993 0.508145 0.20133 0.0243335 5.1e-05 0 0 0 0 0 0 0 0 0 0 0 0 0 0 
1 0.801356 0.511831 0.204955 0.0252655 7.6e-05 0 0 0 0 0 0 0 0 0 0 0 0 0 0 
1 0.800312 0.510565 0.203784 0.024757 2.1e-05 0 0 0 0 0 0 0 0 0 0 0 0 0 0 
1 0.802166 0.513835 0.206569 0.025575 3.65e-05 0 0 0 0 0 0 0 0 0 0 0 0 0 0 
1 0.798535 0.506246 0.199073 0.023212 6.1e-05 0 0 0 0 0 0 0 0 0 0 0 0 0 0 
1 0.801361 0.511681 0.203821 0.0242705 4.3e-05 0 0 0 0 0 0 0 0 0 0 0 0 0 0 
1 0.800501 0.510531 0.202383 0.0239925 3.95e-05 0 0 0 0 0 0 0 0 0 0 0 0 0 0 
1 0.798081 0.505439 0.198641 0.0233985 4.55e-05 0 0 0 0 0 0 0 0 0 0 0 0 0 0 
1 0.799295 0.508195 0.201738 0.0241105 4.6e-05 0 0 0 0 0 0 0 0 0 0 0 0 0 0 
1 0.800205 0.508532 0.201824 0.023788 3.3e-05 0 0 0 0 0 0 0 0 0 0 0 0 0 0 
1 0.798989 0.508681 0.201904 0.023698 4.5e-05 0 0 0 0 0 0 0 0 0 0 0 0 0 0 
1 0.802357 0.514145 0.206996 0.0260755 8.95e-05 0 0 0 0 0 0 0 0 0 0 0 0 0 0 
1 0.79897 0.506557 0.198969 0.0225975 2e-05 0 0 0 0 0 0 0 0 0 0 0 0 0 0 
1 0.800576 0.510006 0.202289 0.023739 1.3e-05 0 0 0 0 0 0 0 0 0 0 0 0 0 0 
1 0.800886 0.511154 0.205398 0.025127 5.7e-05 0 0 0 0 0 0 0 0 0 0 0 0 0 0 
1 0.799778 0.509201 0.202334 0.024055 4e-05 0 0 0 0 0 0 0 0 0 0 0 0 0 0 
1 0.799819 0.508365 0.201101 0.0238315 3.55e-05 0 0 0 0 0 0 0 0 0 0 0 0 0 0 
1 0.799365 0.508335 0.201815 0.024413 6.7e-05 0 0 0 0 0 0 0 0 0 0 0 0 0 0 
1 0.800515 0.509788 0.20341 0.0247225 6e-05 0 0 0 0 0 0 0 0 0 0 0 0 0 0 
1 0.800423 0.509741 0.202698 0.023644 3.6e-05 0 0 0 0 0 0 0 0 0 0 0 0 0 0 
1 0.799869 0.508763 0.20137 0.02399 4.55e-05 0 0 0 0 0 0 0 0 0 0 0 0 0 0 
1 0.800935 0.511736 0.20446 0.0247855 4.1e-05 0 0 0 0 0 0 0 0 0 0 0 0 0 0 
1 0.799718 0.508958 0.202188 0.0239515 4.95e-05 0 0 0 0 0 0 0 0 0 0 0 0 0 0 
1 0.798755 0.507049 0.200499 0.0231225 3.55e-05 0 0 0 0 0 0 0 0 0 0 0 0 0 0 
1 0.800104 0.510267 0.202833 0.0244455 2.45e-05 0 0 0 0 0 0 0 0 0 0 0 0 0 0 
1 0.798769 0.506726 0.199519 0.023473 2.85e-05 0 0 0 0 0 0 0 0 0 0 0 0 0 0 
1 0.800132 0.510758 0.203725 0.0243645 2.15e-05 0 0 0 0 0 0 0 0 0 0 0 0 0 0 
1 0.8014 0.512261 0.205794 0.024977 6.25e-05 0 0 0 0 0 0 0 0 0 0 0 0 0 0 
1 0.800168 0.509963 0.203766 0.024941 8.4e-05 0 0 0 0 0 0 0 0 0 0 0 0 0 0 
1 0.79783 0.505555 0.198979 0.023154 3e-05 0 0 0 0 0 0 0 0 0 0 0 0 0 0 
1 0.800409 0.510918 0.203568 0.024315 4e-05 0 0 0 0 0 0 0 0 0 0 0 0 0 0 
1 0.801273 0.511558 0.204114 0.024671 5.55e-05 0 0 0 0 0 0 0 0 0 0 0 0 0 0 
1 0.800632 0.510444 0.203912 0.024631 5.7e-05 0 0 0 0 0 0 0 0 0 0 0 0 0 0 
1 0.800256 0.509838 0.203092 0.023963 5.7e-05 0 0 0 0 0 0 0 0 0 0 0 0 0 0 
1 0.799693 0.509444 0.202859 0.0243635 3.65e-05 0 0 0 0 0 0 0 0 0 0 0 0 0 0 
1 0.801841 0.512585 0.205751 0.025572 5.05e-05 0 0 0 0 0 0 0 0 0 0 0 0 0 0 
1 0.801177 0.512232 0.205574 0.0252975 4.15e-05 0 0 0 0 0 0 0 0 0 0 0 0 0 0 
1 0.801944 0.511705 0.203929 0.024475 2.5e-05 0 0 0 0 0 0 0 0 0 0 0 0 0 0 
1 0.800063 0.509482 0.203419 0.0248885 4.9e-05 0 0 0 0 0 0 0 0 0 0 0 0 0 0 
1 0.798771 0.506103 0.200547 0.023679 4.25e-05 0 0 0 0 0 0 0 0 0 0 0 0 0 0 
1 0.79771 0.505555 0.198838 0.0229515 5.8e-05 0 0 0 0 0 0 0 0 0 0 0 0 0 0 
1 0.799902 0.510291 0.203468 0.0246445 2.85e-05 0 0 0 0 0 0 0 0 0 0 0 0 0 0 
1 0.79911 0.508543 0.202341 0.024248 6.75e-05 0 0 0 0 0 0 0 0 0 0 0 0 0 0 
1 0.80039 0.510756 0.204489 0.025614 0.0001285 0 0 0 0 0 0 0 0 0 0 0 0 0 0 
