1 0.799391 0.509682 0.202726 0.0247045 3e-05 0 0 0 0 0 0 0 0 0 0 0 0 0 0 
1 0.800311 0.510196 0.203282 0.02471 5.45e-05 0 0 0 0 0 0 0 0 0 0 0 0 0 0 
1 0.796989 0.504903 0.199395 0.023375 6.75e-05 0 0 0 0 0 0 0 0 0 0 0 0 0 0 
1 0.800421 0.509969 0.2037 0.0252995 5.35e-05 0 0 0 0 0 0 0 0 0 0 0 0 0 0 
1 0.798994 0.507411 0.199802 0.023347 4.8e-05 0 0 0 0 0 0 0 0 0 0 0 0 0 0 
1 0.80027 0.509755 0.20335 0.024417 6.35e-05 0 0 0 0 0 0 0 0 0 0 0 0 0 0 
1 0.799822 0.510135 0.203552 0.0249045 3.9e-05 0 0 0 0 0 0 0 0 0 0 0 0 0 0 
1 0.797487 0.50378 0.197424 0.0222355 7.25e-05 0 0 0 0 0 0 0 0 0 0 0 0 0 0 
1 0.801259 0.511794 0.205032 0.0249885 9.65e-05 0 0 0 0 0 0 0 0 0 0 0 0 0 0 
1 0.797704 0.504798 0.198532 0.0228725 4.65e-05 0 0 0 0 0 0 0 0 0 0 0 0 0 0 
1 0.799498 0.50861 0.201786 0.0238755 4.45e-05 0 0 0 0 0 0 0 0 0 0 0 0 0 0 
1 0.800575 0.51038 0.20288 0.0246185 3.9e-05 0 0 0 0 0 0 0 0 0 0 0 0 0 0 
1 0.799375 0.508589 0.201597 0.0235935 1.5e-05 0 0 0 0 0 0 0 0 0 0 0 0 0 0 
1 0.800483 0.51007 0.2025 0.0236865 5.55e-05 0 0 0 0 0 0 0 0 0 0 0 0 0 0 
1 0.798792 0.506474 0.200574 0.023343 5.45e-05 0 0 0 0 0 0 0 0 0 0 0 0 0 0 
1 0.799792 0.509946 0.201541 0.0232055 3.4e-05 0 0 0 0 0 0 0 0 0 0 0 0 0 0 
1 0.801217 0.511855 0.205037 0.0250745 6.2e-05 0 0 0 0 0 0 0 0 0 0 0 0 0 0 
1 0.800146 0.50971 0.202628 0.024116 6.95e-05 0 0 0 0 0 0 0 0 0 0 0 0 0 0 
1 0.800509 0.510786 0.204024 0.024771 5.9e-05 0 0 0 0 0 0 0 0 0 0 0 0 0 0 
1 0.799843 0.508299 0.201519 0.0237835 5.15e-05 0 0 0 0 0 0 0 0 0 0 0 0 0 0 
1 0.799365 0.508511 0.2021 0.024341 8.65e-05 0 0 0 0 0 0 0 0 0 0 0 0 0 0 
1 0.801475 0.511213 0.204033 0.024403 3.45e-05 0 0 0 0 0 0 0 0 0 0 0 0 0 0 
1 0.801397 0.512601 0.206122 0.026016 0.00012 0 0 0 0 0 0 0 0 0 0 0 0 0 0 
1 0.799743 0.508623 0.202267 0.0246555 7.45e-05 0 0 0 0 0 0 0 0 0 0 0 0 0 0 
1 0.800504 0.510381 0.203395 0.024587 3.55e-05 0 0 0 0 0 0 0 0 0 0 0 0 0 0 
1 0.801881 0.513034 0.206343 0.0257155 5.25e-05 0 0 0 0 0 0 0 0 0 0 0 0 0 0 
1 0.800768 0.511681 0.203831 0.024562 3e-05 0 0 0 0 0 0 0 0 0 0 0 0 0 0 
1 0.799391 0.508487 0.201906 0.0244195 4.5e-05 0 0 0 0 0 0 0 0 0 0 0 0 0 0 
1 0.800586 0.51111 0.204521 0.024928 3.9e-05 0 0 0 0 0 0 0 0 0 0 0 0 0 0 
1 0.80266 0.514489 0.208761 0.02671 7.25e-05 0 0 0 0 0 0 0 0 0 0 0 0 0 0 
1 0.798325 0.506366 0.199603 0.0226265 6.05e-05 0 0 0 0 0 0 0 0 0 0 0 0 0 0 
1 0.800197 0.510366 0.203595 0.024206 4.95e-05 0 0 0 0 0 0 0 0 0 0 0 0 0 0 
1 0.799648 0.508681 0.202322 0.0240465 1.2e-05 0 0 0 0 0 0 0 0 0 0 0 0 0 0 
1 0.802155 0.513649 0.205665 0.025685 6.95e-05 0 0 0 0 0 0 0 0 0 0 0 0 0 0 
1 0.799357 0.509776 0.204021 0.0252355 3.95e-05 0 0 0 0 0 0 0 0 0 0 0 0 0 0 
1 0.799218 0.506653 0.199649 0.0227305 2.85e-05 0 0 0 0 0 0 0 0 0 0 0 0 0 0 
1 0.799181 0.508391 0.202128 0.0246475 5.05e-05 0 0 0 0 0 0 0 0 0 0 0 0 0 0 
1 0.799673 0.50889 0.202442 0.0244215 4.4e-05 0 0 0 0 0 0 0 0 0 0 0 0 0 0 
1 0.800041 0.509743 0.203626 0.025187 5.35e-05 0 0 0 0 0 0 0 0 0 0 0 0 0 0 
1 0.800319 0.509995 0.201748 0.023681 1e-05 0 0 0 0 0 0 0 0 0 0 0 0 0 0 
1 0.802007 0.513205 0.206722 0.025586 3.65e-05 0 0 0 0 0 0 0 0 0 0 0 0 0 0 
1 0.800146 0.50995 0.204079 0.025142 3.45e-05 0 0 0 0 0 0 0 0 0 0 0 0 0 0 
1 0.80013 0.509119 0.202953 0.024482 6.4e-05 0 0 0 0 0 0 0 0 0 0 0 0 0 0 
1 0.800315 0.510609 0.203888 0.024949 7e-05 0 0 0 0 0 0 0 0 0 0 0 0 0 0 
1 0.80048 0.510216 0.20351 0.024416 2.25e-05 0 0 0 0 0 0 0 0 0 0 0 0 0 0 
1 0.800511 0.509037 0.201936 0.023896 4.05e-05 0 0 0 0 0 0 0 0 0 0 0 0 0 0 
1 0.799809 0.509515 0.202784 0.0241485 2.7e-05 0 0 0 0 0 0 0 0 0 0 0 0 0 0 
1 0.802122 0.513686 0.206469 0.025193 5e-05 0 0 0 0 0 0 0 0 0 0 0 0 0 0 
1 0.801606 0.512689 0.205414 0.025156 5.15e-05 0 0 0 0 0 0 0 0 0 0 0 0 0 0 
1 0.798592 0.507633 0.20131 0.02399 5.3e-05 0 0 0 0 0 0 0 0 0 0 0 0 0 0 
1 0.799292 0.508239 0.201578 0.02389 3.45e-05 0 0 0 0 0 0 0 0 0 0 0 0 0 0 
1 0.801755 0.513425 0.207335 0.026188 9e-05 0 0 0 0 0 0 0 0 0 0 0 0 0 0 
1 0.800026 0.509537 0.202818 0.023996 4.05e-05 0 0 0 0 0 0 0 0 0 0 0 0 0 0 
1 0.799788 0.508822 0.20113 0.0232925 2.95e-05 0 0 0 0 0 0 0 0 0 0 0 0 0 0 
1 0.80091 0.510658 0.203277 0.0241345 2.4e-05 0 0 0 0 0 0 0 0 0 0 0 0 0 0 
1 0.799583 0.507689 0.20057 0.023284 5.05e-05 0 0 0 0 0 0 0 0 0 0 0 0 0 0 
1 0.799623 0.509069 0.201669 0.023852 1.95e-05 0 0 0 0 0 0 0 0 0 0 0 0 0 0 
1 0.800152 0.509964 0.203599 0.0249115 6.2e-05 0 0 0 0 0 0 0 0 0 0 0 0 0 0 
1 0.79922 0.508722 0.20256 0.024212 2.85e-05 0 0 0 0 0 0 0 0 0 0 0 0 0 0 
1 0.801332 0.511384 0.20427 0.024472 3.95e-05 0 0 0 0 0 0 0 0 0 0 0 0 0 0 
1 0.798822 0.507789 0.201629 0.023802 2.45e-05 0 0 0 0 0 0 0 0 0 0 0 0 0 0 
1 0.799423 0.508848 0.2015 0.0238965 3.85e-05 0 0 0 0 0 0 0 0 0 0 0 0 0 0 
1 0.799014 0.507349 0.201098 0.0240825 3.8e-05 0 0 0 0 0 0 0 0 0 0 0 0 0 0 
1 0.799326 0.507998 0.201188 0.023868 7.8e-05 0 0 0 0 0 0 0 0 0 0 0 0 0 0 
1 0.80027 0.509957 0.203035 0.0247975 3.1e-05 0 0 0 0 0 0 0 0 0 0 0 0 0 0 
1 0.797002 0.502949 0.196233 0.0222955 2.8e-05 0 0 0 0 0 0 0 0 0 0 0 0 0 0 
1 0.802447 0.513559 0.206745 0.025571 4.1e-05 0 0 0 0 0 0 0 0 0 0 0 0 0 0 
1 0.802645 0.514363 0.206122 0.025268 9.45e-05 0 0 0 0 0 0 0 0 0 0 0 0 0 0 
1 0.799667 0.50912 0.202758 0.024116 5.55e-05 0 0 0 0 0 0 0 0 0 0 0 0 0 0 
1 0.799269 0.50897 0.202745 0.024534 4.45e-05 0 0 0 0 0 0 0 0 0 0 0 0 0 0 
1 0.801092 0.511982 0.20488 0.0251975 6.6e-05 0 0 0 0 0 0 0 0 0 0 0 0 0 0 
1 0.800977 0.511132 0.204508 0.024791 3.95e-05 0 0 0 0 0 0 0 0 0 0 0 0 0 0 
1 0.801117 0.512262 0.205682 0.025551 7.2e-05 0 0 0 0 0 0 0 0 0 0 0 0 0 0 
1 0.801309 0.512614 0.205975 0.025887 8.1e-05 0 0 0 0 0 0 0 0 0 0 0 0 0 0 
1 0.80044 0.510384 0.203506 0.0245475 4.6e-05 0 0 0 0 0 0 0 0 0 0 0 0 0 0 
1 0.79971 0.509049 0.202546 0.0244755 4.3e-05 0 0 0 0 0 0 0 0 0 0 0 0 0 0 
1 0.801161 0.510399 0.203142 0.024337 4.2e-05 0 0 0 0 0 0 0 0 0 0 0 0 0 0 
1 0.799908 0.508554 0.20116 0.0236525 2.25e-05 0 0 0 0 0 0 0 0 0 0 0 0 0 0 
1 0.801139 0.511469 0.204432 0.024826 2.25e-05 0 0 0 0 0 0 0 0 0 0 0 0 0 0 
1 0.799069 0.507881 0.200548 0.0231725 3.1e-05 0 0 0 0 0 0 0 0 0 0 0 0 0 0 
1 0.79845 0.50769 0.200801 0.0239145 4.2e-05 0 0 0 0 0 0 0 0 0 0 0 0 0 0 
1 0.798566 0.507278 0.201159 0.0232085 2e-05 0 0 0 0 0 0 0 0 0 0 0 0 0 0 
1 0.797322 0.50502 0.198 0.0232805 3.25e-05 0 0 0 0 0 0 0 0 0 0 0 0 0 0 
1 0.80141 0.512801 0.206004 0.025569 3.75e-05 0 0 0 0 0 0 0 0 0 0 0 0 0 0 
1 0.799108 0.50673 0.200149 0.0231925 3.2e-05 0 0 0 0 0 0 0 0 0 0 0 0 0 0 
1 0.800456 0.511359 0.204626 0.0248075 4.5e-05 0 0 0 0 0 0 0 0 0 0 0 0 0 0 
1 0.80046 0.510552 0.204682 0.0248575 6.4e-05 0 0 0 0 0 0 0 0 0 0 0 0 0 0 
1 0.800603 0.511197 0.204984 0.0250995 3.9e-05 0 0 0 0 0 0 0 0 0 0 0 0 0 0 
1 0.801102 0.512335 0.206048 0.0255945 2.45e-05 0 0 0 0 0 0 0 0 0 0 0 0 0 0 
1 0.799883 0.509663 0.203907 0.024382 4.65e-05 0 0 0 0 0 0 0 0 0 0 0 0 0 0 
1 0.800457 0.509959 0.202697 0.0242505 3.5e-05 0 0 0 0 0 0 0 0 0 0 0 0 0 0 
1 0.801517 0.513168 0.207004 0.025905 6.75e-05 0 0 0 0 0 0 0 0 0 0 0 0 0 0 
1 0.799964 0.510125 0.2026 0.0237015 3.5e-05 0 0 0 0 0 0 0 0 0 0 0 0 0 0 
1 0.801197 0.512998 0.206025 0.0258825 5.35e-05 0 0 0 0 0 0 0 0 0 0 0 0 0 0 
1 0.799399 0.508541 0.200968 0.0233665 4.45e-05 0 0 0 0 0 0 0 0 0 0 0 0 0 0 
1 0.800083 0.509453 0.203235 0.0237485 1.95e-05 0 0 0 0 0 0 0 0 0 0 0 0 0 0 
1 0.798543 0.506649 0.200114 0.023344 3.2e-05 0 0 0 0 0 0 0 0 0 0 0 0 0 0 
1 0.800699 0.510864 0.203675 0.024702 3.85e-05 0 0 0 0 0 0 0 0 0 0 0 0 0 0 
1 0.799347 0.508268 0.201008 0.022984 1.45e-05 0 0 0 0 0 0 0 0 0 0 0 0 0 0 
1 0.800848 0.50996 0.203893 0.024658 4.65e-05 0 0 0 0 0 0 0 0 0 0 0 0 0 0 
