1 0.79908 0.53129 0.26844 0.09961 0.026955 0.00553 0.000965 0.000165 1e-05 0 0 0 0 0 0 0 0 0 0 
1 0.799995 0.52875 0.26538 0.097455 0.02685 0.00593 0.001175 0.00014 2e-05 0 0 0 0 0 0 0 0 0 0 
1 0.799785 0.530105 0.266125 0.09689 0.025595 0.00548 0.001145 0.00026 8e-05 1.5e-05 0 0 0 0 0 0 0 0 0 
1 0.799585 0.530005 0.267205 0.09698 0.02599 0.005215 0.000895 0.00015 2.5e-05 1e-05 0 0 0 0 0 0 0 0 0 
1 0.798345 0.52858 0.26377 0.095935 0.025985 0.00517 0.00084 0.00013 1e-05 0 0 0 0 0 0 0 0 0 0 
1 0.799855 0.527715 0.26521 0.096375 0.02593 0.00563 0.000835 7e-05 5e-06 0 0 0 0 0 0 0 0 0 0 
1 0.795895 0.52371 0.262855 0.094645 0.024945 0.005265 0.00086 0.000135 2.5e-05 0 0 0 0 0 0 0 0 0 0 
1 0.79966 0.530885 0.270315 0.10051 0.02823 0.006345 0.001305 0.000135 1e-05 0 0 0 0 0 0 0 0 0 0 
1 0.79874 0.52927 0.266745 0.09702 0.026395 0.005615 0.0009 0.00016 2.5e-05 0 0 0 0 0 0 0 0 0 0 
1 0.80003 0.532075 0.268505 0.09831 0.027425 0.00581 0.00105 0.000195 2.5e-05 5e-06 0 0 0 0 0 0 0 0 0 
1 0.80225 0.53465 0.270605 0.099965 0.02696 0.00525 0.000885 0.00011 5e-06 0 0 0 0 0 0 0 0 0 0 
1 0.797415 0.526855 0.263585 0.096675 0.02645 0.00515 0.000765 0.000115 5e-06 0 0 0 0 0 0 0 0 0 0 
1 0.80011 0.53021 0.268535 0.099925 0.02747 0.005895 0.001105 0.000225 3.5e-05 5e-06 0 0 0 0 0 0 0 0 0 
1 0.79834 0.53029 0.268555 0.09835 0.02651 0.006075 0.001385 0.000375 0.00013 2e-05 0 0 0 0 0 0 0 0 0 
1 0.797435 0.52616 0.26249 0.094495 0.02571 0.00531 0.00106 0.000185 4.5e-05 5e-06 0 0 0 0 0 0 0 0 0 
1 0.79789 0.52651 0.26421 0.09572 0.025675 0.00556 0.000985 8.5e-05 5e-06 0 0 0 0 0 0 0 0 0 0 
1 0.800845 0.531965 0.26925 0.097875 0.026905 0.005995 0.00122 0.000255 3.5e-05 5e-06 0 0 0 0 0 0 0 0 0 
1 0.800325 0.53395 0.271165 0.09952 0.02767 0.00594 0.00119 0.00015 4e-05 0 0 0 0 0 0 0 0 0 0 
1 0.800885 0.53107 0.2676 0.0983 0.027245 0.006105 0.001375 0.0003 4e-05 1e-05 0 0 0 0 0 0 0 0 0 
1 0.800045 0.532525 0.268725 0.09811 0.026345 0.0053 0.00091 0.000155 1.5e-05 0 0 0 0 0 0 0 0 0 0 
1 0.798795 0.5295 0.267295 0.098215 0.026345 0.00549 0.001015 0.00011 1e-05 0 0 0 0 0 0 0 0 0 0 
1 0.79966 0.527525 0.264545 0.09478 0.025535 0.005645 0.00126 0.00046 0.00017 5.5e-05 5e-06 0 0 0 0 0 0 0 0 
1 0.797935 0.527255 0.265505 0.09597 0.025775 0.005305 0.000885 0.00011 2e-05 0 0 0 0 0 0 0 0 0 0 
1 0.79927 0.52933 0.26638 0.097695 0.026525 0.00601 0.001245 0.00028 0.00011 1e-05 0 0 0 0 0 0 0 0 0 
1 0.798735 0.529165 0.264955 0.097635 0.027505 0.006135 0.001095 0.00017 2.5e-05 5e-06 0 0 0 0 0 0 0 0 0 
1 0.800875 0.533985 0.26833 0.097895 0.025495 0.00496 0.0008 0.00012 5e-05 2e-05 0 0 0 0 0 0 0 0 0 
1 0.801135 0.533405 0.27043 0.098095 0.02624 0.005825 0.000975 0.00011 1e-05 0 0 0 0 0 0 0 0 0 0 
1 0.801385 0.531715 0.268245 0.09895 0.027735 0.006285 0.001185 0.000225 1.5e-05 0 0 0 0 0 0 0 0 0 0 
1 0.800385 0.53213 0.268905 0.10002 0.02751 0.005975 0.000985 0.000135 1.5e-05 0 0 0 0 0 0 0 0 0 0 
1 0.799065 0.530205 0.26538 0.096115 0.02571 0.00543 0.00104 0.000185 1e-05 0 0 0 0 0 0 0 0 0 0 
1 0.80011 0.533065 0.268385 0.098795 0.027055 0.005825 0.001075 0.00012 1.5e-05 5e-06 0 0 0 0 0 0 0 0 0 
1 0.80195 0.53452 0.27161 0.10082 0.027665 0.00604 0.00115 0.00024 5e-05 1.5e-05 5e-06 0 0 0 0 0 0 0 0 
1 0.79974 0.531505 0.267305 0.096885 0.0256 0.005085 0.000805 8e-05 0 0 0 0 0 0 0 0 0 0 0 
1 0.800305 0.528865 0.26634 0.09729 0.025915 0.00542 0.001035 0.00018 3.5e-05 5e-06 0 0 0 0 0 0 0 0 0 
1 0.80085 0.53373 0.26915 0.09817 0.02568 0.005245 0.00078 8.5e-05 1e-05 5e-06 0 0 0 0 0 0 0 0 0 
1 0.798815 0.529545 0.26475 0.09538 0.025715 0.00528 0.00079 8.5e-05 1e-05 0 0 0 0 0 0 0 0 0 0 
1 0.79979 0.529635 0.26598 0.096065 0.0254 0.005355 0.001105 0.000165 0 0 0 0 0 0 0 0 0 0 0 
1 0.79987 0.53188 0.26965 0.100685 0.0281 0.006205 0.001105 0.000195 2.5e-05 5e-06 0 0 0 0 0 0 0 0 0 
1 0.800835 0.533065 0.27046 0.09811 0.026305 0.00526 0.000735 7e-05 1e-05 0 0 0 0 0 0 0 0 0 0 
1 0.79853 0.528935 0.266345 0.098765 0.02752 0.00597 0.00104 0.000135 1e-05 5e-06 0 0 0 0 0 0 0 0 0 
1 0.800205 0.53211 0.26981 0.099075 0.02764 0.006295 0.00103 0.0001 1.5e-05 0 0 0 0 0 0 0 0 0 0 
1 0.79947 0.530695 0.268915 0.099425 0.027275 0.00555 0.00104 0.00015 1e-05 0 0 0 0 0 0 0 0 0 0 
1 0.79859 0.528875 0.266985 0.096845 0.026415 0.005965 0.001175 0.00021 1.5e-05 5e-06 0 0 0 0 0 0 0 0 0 
1 0.79764 0.52765 0.26332 0.09484 0.025985 0.005415 0.00107 0.000185 3.5e-05 0 0 0 0 0 0 0 0 0 0 
1 0.799905 0.52973 0.267985 0.096495 0.02516 0.00498 0.000905 0.000145 2.5e-05 1e-05 0 0 0 0 0 0 0 0 0 
1 0.79973 0.531415 0.26907 0.09865 0.02715 0.00553 0.000985 0.00025 6.5e-05 1.5e-05 0 0 0 0 0 0 0 0 0 
1 0.799405 0.53071 0.26569 0.09529 0.02447 0.004795 0.000815 0.00012 2e-05 5e-06 5e-06 5e-06 0 0 0 0 0 0 0 
1 0.802535 0.533305 0.26998 0.099115 0.027025 0.00544 0.00084 0.00015 5e-06 0 0 0 0 0 0 0 0 0 0 
1 0.797475 0.52593 0.262515 0.094445 0.02438 0.004885 0.000845 9e-05 2e-05 0 0 0 0 0 0 0 0 0 0 
1 0.796935 0.5248 0.26157 0.093905 0.025315 0.005015 0.00075 7e-05 5e-06 5e-06 0 0 0 0 0 0 0 0 0 
1 0.79881 0.52934 0.265255 0.096785 0.0255 0.005325 0.000965 0.000135 1e-05 0 0 0 0 0 0 0 0 0 0 
1 0.799505 0.52961 0.26712 0.099185 0.027295 0.00569 0.00113 0.000155 1.5e-05 1e-05 0 0 0 0 0 0 0 0 0 
1 0.798785 0.528085 0.264865 0.09634 0.024995 0.00488 0.00068 7.5e-05 2e-05 0 0 0 0 0 0 0 0 0 0 
1 0.79987 0.529055 0.26696 0.09718 0.025315 0.00493 0.00074 8.5e-05 0 0 0 0 0 0 0 0 0 0 0 
1 0.79816 0.52989 0.26596 0.097125 0.02527 0.005115 0.000705 8e-05 0 0 0 0 0 0 0 0 0 0 0 
1 0.799215 0.531495 0.267505 0.098595 0.027435 0.006245 0.001275 0.00025 6e-05 1e-05 0 0 0 0 0 0 0 0 0 
1 0.799625 0.529055 0.265425 0.096855 0.02524 0.00534 0.000865 0.00011 3.5e-05 0 0 0 0 0 0 0 0 0 0 
1 0.798875 0.5286 0.265715 0.09727 0.026345 0.00535 0.00085 0.00014 1e-05 5e-06 0 0 0 0 0 0 0 0 0 
1 0.79966 0.529575 0.264785 0.09523 0.024945 0.004915 0.000785 8e-05 5e-06 0 0 0 0 0 0 0 0 0 0 
1 0.80079 0.531135 0.267125 0.095915 0.024835 0.00476 0.00079 0.000115 1e-05 0 0 0 0 0 0 0 0 0 0 
1 0.800335 0.53291 0.269345 0.098545 0.027855 0.006335 0.001255 0.000275 4e-05 5e-06 0 0 0 0 0 0 0 0 0 
1 0.799735 0.52969 0.265305 0.097445 0.026295 0.00564 0.001 0.000115 0 0 0 0 0 0 0 0 0 0 0 
1 0.7997 0.531845 0.26765 0.096085 0.025225 0.00502 0.00077 9e-05 1e-05 0 0 0 0 0 0 0 0 0 0 
1 0.799905 0.53155 0.267015 0.09815 0.02669 0.00563 0.001065 0.00019 4e-05 0 0 0 0 0 0 0 0 0 0 
1 0.799255 0.528025 0.263735 0.095285 0.02487 0.005035 0.001 7.5e-05 1e-05 0 0 0 0 0 0 0 0 0 0 
1 0.80117 0.5343 0.273005 0.10146 0.02822 0.006025 0.00112 0.00017 4e-05 1.5e-05 5e-06 0 0 0 0 0 0 0 0 
1 0.798495 0.530265 0.26568 0.09691 0.02593 0.00525 0.00071 9.5e-05 1e-05 0 0 0 0 0 0 0 0 0 0 
1 0.800695 0.535715 0.272665 0.101895 0.028825 0.005965 0.00107 0.000165 2.5e-05 5e-06 5e-06 0 0 0 0 0 0 0 0 
1 0.800525 0.531905 0.26949 0.100365 0.02773 0.006085 0.001165 0.00015 1e-05 0 0 0 0 0 0 0 0 0 0 
1 0.798375 0.526435 0.264525 0.09581 0.02635 0.00574 0.00103 0.000155 1e-05 0 0 0 0 0 0 0 0 0 0 
1 0.79938 0.5297 0.267405 0.09765 0.02637 0.00559 0.001015 0.000185 2.5e-05 0 0 0 0 0 0 0 0 0 0 
1 0.797685 0.528385 0.265065 0.09662 0.02606 0.005435 0.00106 0.00022 4e-05 5e-06 0 0 0 0 0 0 0 0 0 
1 0.798295 0.527395 0.264155 0.097035 0.026245 0.005195 0.000805 0.00011 1.5e-05 0 0 0 0 0 0 0 0 0 0 
1 0.7999 0.531665 0.26796 0.097115 0.02591 0.005585 0.000885 0.00019 4e-05 0 0 0 0 0 0 0 0 0 0 
1 0.799755 0.52953 0.26564 0.09682 0.02675 0.005935 0.00118 0.000165 3e-05 0 0 0 0 0 0 0 0 0 0 
1 0.799965 0.529285 0.264705 0.09624 0.025475 0.005295 0.000945 0.00012 5e-06 0 0 0 0 0 0 0 0 0 0 
1 0.801425 0.53397 0.27223 0.100405 0.02724 0.00585 0.000995 0.000145 5e-06 0 0 0 0 0 0 0 0 0 0 
1 0.799135 0.52815 0.264885 0.09663 0.02562 0.00536 0.000735 0.000105 5e-06 0 0 0 0 0 0 0 0 0 0 
1 0.79858 0.52784 0.26289 0.09399 0.024905 0.00492 0.000835 0.000115 1e-05 0 0 0 0 0 0 0 0 0 0 
1 0.797495 0.526285 0.26134 0.093775 0.02455 0.00502 0.00085 9.5e-05 1.5e-05 0 0 0 0 0 0 0 0 0 0 
1 0.80005 0.53114 0.266835 0.095855 0.025755 0.00544 0.000945 0.000135 1e-05 0 0 0 0 0 0 0 0 0 0 
1 0.798485 0.52809 0.265415 0.097665 0.02638 0.005675 0.00096 0.00018 2.5e-05 1e-05 0 0 0 0 0 0 0 0 0 
1 0.799395 0.52877 0.265165 0.09656 0.0262 0.00542 0.00099 0.000145 2.5e-05 0 0 0 0 0 0 0 0 0 0 
1 0.799045 0.527485 0.264475 0.095 0.025575 0.005225 0.000905 0.000115 1.5e-05 0 0 0 0 0 0 0 0 0 0 
1 0.801985 0.5353 0.27126 0.10012 0.027265 0.005835 0.000885 0.0001 1.5e-05 0 0 0 0 0 0 0 0 0 0 
1 0.800365 0.53301 0.26956 0.098325 0.02683 0.00554 0.000975 0.00015 2e-05 5e-06 0 0 0 0 0 0 0 0 0 
1 0.801025 0.52917 0.263685 0.0938 0.024265 0.004745 0.000785 0.00013 2e-05 5e-06 0 0 0 0 0 0 0 0 0 
1 0.800705 0.53236 0.26919 0.10023 0.027705 0.006145 0.001135 0.000185 2e-05 0 0 0 0 0 0 0 0 0 0 
1 0.79867 0.530135 0.266045 0.096275 0.0255 0.005415 0.00097 0.00017 3e-05 0 0 0 0 0 0 0 0 0 0 
1 0.8012 0.53366 0.27036 0.099935 0.028175 0.00655 0.001295 0.000175 2e-05 5e-06 0 0 0 0 0 0 0 0 0 
1 0.799075 0.52855 0.264945 0.096265 0.02606 0.00531 0.000735 7e-05 5e-06 0 0 0 0 0 0 0 0 0 0 
1 0.80036 0.53273 0.269475 0.09865 0.027095 0.00586 0.001 0.00011 5e-06 0 0 0 0 0 0 0 0 0 0 
1 0.799485 0.52987 0.26894 0.09997 0.027185 0.00579 0.00114 0.000205 3.5e-05 0 0 0 0 0 0 0 0 0 0 
1 0.801105 0.53314 0.26862 0.098585 0.027015 0.00594 0.001055 0.000135 2e-05 5e-06 0 0 0 0 0 0 0 0 0 
1 0.799455 0.52971 0.26636 0.09648 0.02635 0.005415 0.000865 0.0001 1e-05 0 0 0 0 0 0 0 0 0 0 
1 0.799245 0.52943 0.266225 0.097265 0.02604 0.00539 0.000895 0.000135 1e-05 0 0 0 0 0 0 0 0 0 0 
1 0.801145 0.533195 0.27054 0.099865 0.027595 0.00603 0.001035 0.00012 5e-06 0 0 0 0 0 0 0 0 0 0 
1 0.80008 0.533075 0.272895 0.10048 0.028085 0.00624 0.001345 0.000235 5e-05 0 0 0 0 0 0 0 0 0 0 
1 0.798165 0.53127 0.26698 0.097795 0.027245 0.006005 0.00114 0.000175 1.5e-05 0 0 0 0 0 0 0 0 0 0 
1 0.796915 0.525475 0.263715 0.095495 0.025105 0.005085 0.000855 0.00014 3e-05 5e-06 0 0 0 0 0 0 0 0 0 
