1 0.800397 0.515302 0.218277 0.042939 0.002424 3.9e-05 0 0 0 0 0 0 0 0 0 0 0 0 0 
1 0.801837 0.516663 0.218955 0.042544 0.0023025 3.9e-05 4e-06 0 0 0 0 0 0 0 0 0 0 0 0 
1 0.800578 0.515875 0.218503 0.0424245 0.0024175 2.6e-05 0 0 0 0 0 0 0 0 0 0 0 0 0 
1 0.800896 0.515911 0.216749 0.0414685 0.002228 2.85e-05 0 0 0 0 0 0 0 0 0 0 0 0 0 
1 0.799002 0.511142 0.213193 0.0400595 0.0019465 2.15e-05 0 0 0 0 0 0 0 0 0 0 0 0 0 
1 0.800094 0.514162 0.216156 0.041912 0.0023245 2.7e-05 0 0 0 0 0 0 0 0 0 0 0 0 0 
1 0.801007 0.516406 0.219018 0.042912 0.002226 5e-05 5e-07 0 0 0 0 0 0 0 0 0 0 0 0 
1 0.801321 0.516662 0.219296 0.042536 0.002356 2.7e-05 0 0 0 0 0 0 0 0 0 0 0 0 0 
1 0.798881 0.512839 0.215492 0.041889 0.002281 3.4e-05 0 0 0 0 0 0 0 0 0 0 0 0 0 
1 0.800307 0.513719 0.21557 0.041345 0.0023105 2.95e-05 0 0 0 0 0 0 0 0 0 0 0 0 0 
1 0.799642 0.513501 0.216147 0.041374 0.0022755 3e-05 0 0 0 0 0 0 0 0 0 0 0 0 0 
1 0.80123 0.515867 0.217848 0.041912 0.0022365 4.4e-05 0 0 0 0 0 0 0 0 0 0 0 0 0 
1 0.799405 0.513304 0.215195 0.0409245 0.0021165 2.8e-05 0 0 0 0 0 0 0 0 0 0 0 0 0 
1 0.798823 0.511272 0.21314 0.040452 0.002121 2.45e-05 5e-07 0 0 0 0 0 0 0 0 0 0 0 0 
1 0.800928 0.516455 0.218689 0.0425875 0.0023595 6.1e-05 0 0 0 0 0 0 0 0 0 0 0 0 0 
1 0.800956 0.51499 0.217118 0.042181 0.002362 2.6e-05 0 0 0 0 0 0 0 0 0 0 0 0 0 
1 0.79864 0.511519 0.213417 0.0405665 0.002072 1.8e-05 0 0 0 0 0 0 0 0 0 0 0 0 0 
1 0.800464 0.513955 0.217141 0.041025 0.0021175 2.3e-05 0 0 0 0 0 0 0 0 0 0 0 0 0 
1 0.797994 0.510643 0.213057 0.040309 0.0019995 1.95e-05 0 0 0 0 0 0 0 0 0 0 0 0 0 
1 0.799118 0.511845 0.214406 0.04099 0.0022315 3.05e-05 5e-07 0 0 0 0 0 0 0 0 0 0 0 0 
1 0.797573 0.508442 0.210321 0.039088 0.0019945 3.2e-05 0 0 0 0 0 0 0 0 0 0 0 0 0 
1 0.802564 0.518579 0.220566 0.043507 0.002446 3.45e-05 5e-07 0 0 0 0 0 0 0 0 0 0 0 0 
1 0.800592 0.515182 0.217564 0.042392 0.002293 2.25e-05 0 0 0 0 0 0 0 0 0 0 0 0 0 
1 0.798982 0.511579 0.213206 0.0401055 0.0020085 2e-05 0 0 0 0 0 0 0 0 0 0 0 0 0 
1 0.800363 0.514825 0.21768 0.042188 0.0022415 4e-05 2.5e-06 0 0 0 0 0 0 0 0 0 0 0 0 
1 0.799585 0.512758 0.215639 0.0414165 0.0021515 4.25e-05 5e-07 0 0 0 0 0 0 0 0 0 0 0 0 
1 0.800711 0.514934 0.217409 0.041613 0.0022295 2.85e-05 0 0 0 0 0 0 0 0 0 0 0 0 0 
1 0.800606 0.514199 0.21539 0.041068 0.0021185 2.05e-05 0 0 0 0 0 0 0 0 0 0 0 0 0 
1 0.801304 0.516872 0.218654 0.0425775 0.0022825 1.3e-05 0 0 0 0 0 0 0 0 0 0 0 0 0 
1 0.799939 0.514841 0.217176 0.0420665 0.002275 3.25e-05 0 0 0 0 0 0 0 0 0 0 0 0 0 
1 0.800239 0.514581 0.216777 0.0418905 0.002217 1.8e-05 0 0 0 0 0 0 0 0 0 0 0 0 0 
1 0.797426 0.5101 0.212783 0.040094 0.0021175 2.75e-05 0 0 0 0 0 0 0 0 0 0 0 0 0 
1 0.801783 0.518063 0.22013 0.043339 0.002444 2.4e-05 0 0 0 0 0 0 0 0 0 0 0 0 0 
1 0.800568 0.515326 0.217165 0.0418825 0.0022065 2.25e-05 0 0 0 0 0 0 0 0 0 0 0 0 0 
1 0.798826 0.512204 0.215117 0.041488 0.002287 3.7e-05 0 0 0 0 0 0 0 0 0 0 0 0 0 
1 0.801653 0.517303 0.219167 0.0430865 0.002478 3.7e-05 0 0 0 0 0 0 0 0 0 0 0 0 0 
1 0.800111 0.514437 0.216725 0.042383 0.0024295 3.5e-05 0 0 0 0 0 0 0 0 0 0 0 0 0 
1 0.80021 0.515059 0.21605 0.0415345 0.0021925 3.15e-05 5e-07 0 0 0 0 0 0 0 0 0 0 0 0 
1 0.801104 0.516357 0.218938 0.042818 0.0023855 1.4e-05 0 0 0 0 0 0 0 0 0 0 0 0 0 
1 0.799594 0.513505 0.215676 0.041411 0.002153 2.95e-05 0 0 0 0 0 0 0 0 0 0 0 0 0 
1 0.79913 0.512137 0.214789 0.0408325 0.0022585 3.6e-05 0 0 0 0 0 0 0 0 0 0 0 0 0 
1 0.798615 0.510599 0.212767 0.0404575 0.002098 3.45e-05 0 0 0 0 0 0 0 0 0 0 0 0 0 
1 0.801663 0.516035 0.217677 0.0420425 0.002301 2.4e-05 0 0 0 0 0 0 0 0 0 0 0 0 0 
1 0.798284 0.511055 0.21421 0.041639 0.0023015 3.35e-05 0 0 0 0 0 0 0 0 0 0 0 0 0 
1 0.801315 0.51561 0.217933 0.0427085 0.002321 2.25e-05 1e-06 0 0 0 0 0 0 0 0 0 0 0 0 
1 0.799726 0.513408 0.215096 0.0412205 0.002264 1.95e-05 5e-07 0 0 0 0 0 0 0 0 0 0 0 0 
1 0.802153 0.517952 0.21945 0.0426485 0.002318 2.45e-05 0 0 0 0 0 0 0 0 0 0 0 0 0 
1 0.800529 0.513968 0.216237 0.041729 0.0022165 2.65e-05 0 0 0 0 0 0 0 0 0 0 0 0 0 
1 0.799139 0.512136 0.21396 0.040136 0.002088 2.1e-05 0 0 0 0 0 0 0 0 0 0 0 0 0 
1 0.799083 0.512481 0.214339 0.0409255 0.0021145 2.65e-05 0 0 0 0 0 0 0 0 0 0 0 0 0 
1 0.798484 0.510463 0.21176 0.039473 0.0020035 1.95e-05 0 0 0 0 0 0 0 0 0 0 0 0 0 
1 0.799584 0.513205 0.21519 0.0408685 0.002169 2.9e-05 0 0 0 0 0 0 0 0 0 0 0 0 0 
1 0.802841 0.519131 0.220644 0.0438275 0.0024815 4e-05 0 0 0 0 0 0 0 0 0 0 0 0 0 
1 0.799562 0.512526 0.215227 0.0410135 0.002173 2.2e-05 0 0 0 0 0 0 0 0 0 0 0 0 0 
1 0.801731 0.517651 0.219361 0.042956 0.002338 3.2e-05 0 0 0 0 0 0 0 0 0 0 0 0 0 
1 0.799767 0.513777 0.215685 0.041396 0.0021385 3.15e-05 0 0 0 0 0 0 0 0 0 0 0 0 0 
1 0.799571 0.511594 0.213529 0.0404925 0.0021565 2.9e-05 2e-06 0 0 0 0 0 0 0 0 0 0 0 0 
1 0.799268 0.51342 0.216265 0.041633 0.002318 2.8e-05 0 0 0 0 0 0 0 0 0 0 0 0 0 
1 0.801093 0.516943 0.218935 0.042829 0.002318 3.5e-05 4.5e-06 0 0 0 0 0 0 0 0 0 0 0 0 
1 0.800154 0.51338 0.215241 0.0410095 0.002185 3.05e-05 0 0 0 0 0 0 0 0 0 0 0 0 0 
1 0.800262 0.515114 0.217875 0.0428255 0.002251 2.5e-05 0 0 0 0 0 0 0 0 0 0 0 0 0 
1 0.800619 0.513991 0.215605 0.0410275 0.0020865 2.35e-05 0 0 0 0 0 0 0 0 0 0 0 0 0 
1 0.801446 0.515643 0.217254 0.042138 0.0023555 3.15e-05 0 0 0 0 0 0 0 0 0 0 0 0 0 
1 0.80048 0.515166 0.217694 0.0419295 0.002206 1.95e-05 0 0 0 0 0 0 0 0 0 0 0 0 0 
1 0.798369 0.510916 0.21404 0.0410915 0.002122 2.2e-05 0 0 0 0 0 0 0 0 0 0 0 0 0 
1 0.801203 0.516316 0.219116 0.042922 0.002377 4.1e-05 0 0 0 0 0 0 0 0 0 0 0 0 0 
1 0.79972 0.514056 0.215713 0.0415605 0.002411 3.6e-05 0 0 0 0 0 0 0 0 0 0 0 0 0 
1 0.801499 0.517207 0.2187 0.042603 0.002341 3.05e-05 0 0 0 0 0 0 0 0 0 0 0 0 0 
1 0.799365 0.513555 0.21513 0.041318 0.0020515 2.3e-05 0 0 0 0 0 0 0 0 0 0 0 0 0 
1 0.802101 0.518515 0.220595 0.0433825 0.0024315 3.2e-05 0 0 0 0 0 0 0 0 0 0 0 0 0 
1 0.799427 0.513667 0.215966 0.041677 0.0022955 2.95e-05 0 0 0 0 0 0 0 0 0 0 0 0 0 
1 0.801538 0.518051 0.220407 0.0440215 0.002669 4.15e-05 0 0 0 0 0 0 0 0 0 0 0 0 0 
1 0.799971 0.514314 0.216266 0.0417925 0.002152 1.8e-05 0 0 0 0 0 0 0 0 0 0 0 0 0 
1 0.80129 0.515939 0.217961 0.04198 0.0023685 4.55e-05 0 0 0 0 0 0 0 0 0 0 0 0 0 
1 0.800606 0.514124 0.215133 0.040933 0.002128 2.95e-05 0 0 0 0 0 0 0 0 0 0 0 0 0 
1 0.800556 0.514531 0.215857 0.0413575 0.0021845 2.7e-05 0 0 0 0 0 0 0 0 0 0 0 0 0 
1 0.797128 0.508421 0.21095 0.0396815 0.0021055 2.45e-05 0 0 0 0 0 0 0 0 0 0 0 0 0 
1 0.800841 0.515002 0.21703 0.0420605 0.0022025 1.8e-05 0 0 0 0 0 0 0 0 0 0 0 0 0 
1 0.799458 0.512962 0.214816 0.040892 0.0021395 1.8e-05 0 0 0 0 0 0 0 0 0 0 0 0 0 
1 0.799943 0.514092 0.216308 0.042497 0.0023525 2.9e-05 0 0 0 0 0 0 0 0 0 0 0 0 0 
1 0.80068 0.515882 0.217647 0.0425395 0.002371 3.7e-05 0 0 0 0 0 0 0 0 0 0 0 0 0 
1 0.79972 0.512661 0.214284 0.040596 0.00211 2.65e-05 0 0 0 0 0 0 0 0 0 0 0 0 0 
1 0.799367 0.512713 0.215606 0.041274 0.002176 3.7e-05 0 0 0 0 0 0 0 0 0 0 0 0 0 
1 0.801539 0.516679 0.218454 0.0421465 0.0023285 1.25e-05 0 0 0 0 0 0 0 0 0 0 0 0 0 
1 0.800963 0.515901 0.21816 0.042208 0.0023755 3.25e-05 5e-07 0 0 0 0 0 0 0 0 0 0 0 0 
1 0.8022 0.51761 0.219092 0.042496 0.0023075 4.05e-05 0 0 0 0 0 0 0 0 0 0 0 0 0 
1 0.800268 0.513919 0.215713 0.0416595 0.0021365 3.6e-05 1.5e-06 0 0 0 0 0 0 0 0 0 0 0 0 
1 0.797377 0.509354 0.212192 0.040163 0.0020535 1.35e-05 0 0 0 0 0 0 0 0 0 0 0 0 0 
1 0.799509 0.512636 0.214801 0.041181 0.0021395 2.6e-05 0 0 0 0 0 0 0 0 0 0 0 0 0 
1 0.800615 0.515001 0.21792 0.0424375 0.002342 2.55e-05 0 0 0 0 0 0 0 0 0 0 0 0 0 
1 0.799406 0.513137 0.214304 0.0408265 0.0021405 3.1e-05 0 0 0 0 0 0 0 0 0 0 0 0 0 
1 0.801111 0.517324 0.219572 0.042697 0.0023505 3.95e-05 0 0 0 0 0 0 0 0 0 0 0 0 0 
1 0.798571 0.511654 0.213763 0.0411055 0.002257 2.5e-05 0 0 0 0 0 0 0 0 0 0 0 0 0 
1 0.797041 0.508621 0.210933 0.0393885 0.0020345 4.15e-05 5e-07 0 0 0 0 0 0 0 0 0 0 0 0 
1 0.801301 0.515793 0.21833 0.0421605 0.002311 2.75e-05 0 0 0 0 0 0 0 0 0 0 0 0 0 
1 0.80208 0.517669 0.22043 0.043674 0.0024545 3.4e-05 0 0 0 0 0 0 0 0 0 0 0 0 0 
1 0.801619 0.51715 0.218417 0.0423445 0.002331 2.55e-05 0 0 0 0 0 0 0 0 0 0 0 0 0 
1 0.798651 0.5112 0.213599 0.0406305 0.002122 3.65e-05 1.5e-06 0 0 0 0 0 0 0 0 0 0 0 0 
1 0.799151 0.51134 0.213137 0.0406555 0.0022355 3.35e-05 0 0 0 0 0 0 0 0 0 0 0 0 0 
1 0.801882 0.517615 0.219493 0.042692 0.002239 3.6e-05 0 0 0 0 0 0 0 0 0 0 0 0 0 
